label	fa_atr	fa_rep	fa_sol	fa_intra_atr_xover4	fa_intra_rep_xover4	fa_intra_sol_xover4	lk_ball	lk_ball_iso	lk_ball_bridge	lk_ball_bridge_uncpl	fa_elec	fa_intra_elec	pro_close	hbond_sr_bb	hbond_lr_bb	hbond_bb_sc	hbond_sc	dslf_fa13	omega	fa_dun	fa_dun_dev	fa_dun_rot	fa_dun_semi	p_aa_pp	yhh_planarity	hxl_tors	ref	rama_prepro	total	BSA	SASA
HIS_1	-2.29168	0.12946	2.4665	-0.55403	0.46451	0.54671	1.2979	2.88172	0.00011	0.00082	-0.99951	0.49626	0	0	0	0	0	0	0.14933	12.426	6.44981	0	5.97618	0	0	0	0.8406	0	30.2807	64.2388	176.761
LEU_2	-5.10668	1.10694	1.91959	-0.4479	0.66327	0.06757	0.60383	4.09636	0	0	-0.37313	0.2364	0	0	0	0	0	0	0.34486	1.9717	1.31023	0.66147	0	-0.61097	0	0	1.3223	-0.41143	7.35444	161.458	48.5419
GLU_3	-5.469	0.40134	5.67473	-0.42496	0.23884	0.69417	2.28364	6.17624	0.0969	1.04583	-1.90869	-0.81658	0	0	0	0	0	0	-0.04197	5.59212	1.1474	0	4.44472	0.19964	0	0	-1.6358	-0.49665	17.2019	189.899	33.1007
SER_4	-2.98205	0.29152	3.76105	-0.05649	0.01596	0.08124	1.86614	4.75184	0.20303	1.689	-1.55627	-1.05478	0	0	0	0	0	0	-0.03869	1.61786	0.00076	1.6171	0	0.04556	0	4.04	-0.539	-0.62469	13.1291	102.512	59.4883
THR_5	-5.41818	1.16029	2.83327	-0.12206	0.08921	0.08033	0.61689	4.89107	0.04541	0.34026	0.08891	-0.80488	0	0	0	0	0	0	2.5249	0.26847	0.11994	0.14853	0	-0.6841	0	5.04205	-0.9333	-1.09157	9.19545	139.551	34.4487
SER_6	-4.25697	0.30655	5.61636	-0.04477	0.00847	0.06609	3.58148	6.71078	0.04669	0.40841	-1.33935	-0.49522	0	0	0	0	0	0	0.02962	0.99789	0.79222	0.20566	0	-0.72332	0	4.04	-0.539	-0.88116	14.5304	120.618	41.3824
LEU_7	-3.89238	0.48851	2.10677	-0.64982	2.70791	0.16302	0.86827	3.91373	0	0	-0.1431	0.50564	0	0	0	0	0	0	1.60087	1.2319	0.68563	0.54627	0	0.16822	0	0	1.3223	0.5326	12.1563	120.127	89.8725
TYR_8	-8.52821	1.52142	4.60458	-0.80446	0.1983	0.14301	3.29444	7.3245	0.01482	0.09665	-0.76398	-0.53528	0	0	0	0	0	0	0.15976	3.23968	0.25417	0	2.98551	-0.43533	0	0	1.7379	1.40589	15.9134	221.591	26.4091
LYS_9	-3.80884	0.75495	2.42721	-0.39297	0.31811	0.18409	0.2152	3.29549	0	0	-0.01927	-0.29533	0	0	0	0	0	0	2.55622	8.26634	3.974	4.29234	0	0.12786	0	0	-0.8895	0.64433	21.6502	133.106	118.894
LYS_10	-4.43617	1.24933	5.59888	-0.31534	0.08379	0.12494	3.53836	6.16122	0.0419	0.2708	-2.79191	-0.04619	0	0	0	-0.91846	0	0	-0.09882	8.8076	6.24048	2.56711	0	0.12192	0	0	-0.8895	1.18636	26.4963	161.432	90.5676
SER_11	-1.4932	0.83679	2.23173	-0.0324	0.00054	0.05688	1.05501	2.5169	0	0	-0.13478	-0.79857	0	0	0	-0.2017	0	0	0.76471	0.55109	0	0.55109	0	0.26245	0	0.6	-0.539	2.43015	8.65771	66.4507	95.5493
SER_12	-1.6113	0.4901	2.45945	-0.03992	1e-05	0.06689	1.28347	2.80347	0.03162	0.293	-0.54546	-0.64552	0	0	0	-0.2017	0	0	-0.04465	1.02303	0	1.02303	0	1.27817	0	1.75383	-0.539	3.65489	12.5334	50.1859	111.814
SER_13	-4.09576	0.99851	3.88131	-0.03126	0.00271	0.02497	2.12771	5.04949	0.00563	0.04577	-0.66626	-0.47236	0	0	0	0	0	0	0.5279	1.44213	0.73647	0.70565	0	0.07792	0	4.04	-0.539	2.70383	16.5654	139.685	22.3154
THR_14	-5.95484	2.0693	4.10436	-0.12705	0.09353	0.08378	2.41429	6.0832	0.05671	0.36745	-1.03582	-0.71159	0.26468	0	0	-0.91846	0	0	0.03077	0.4105	0.21474	0.19576	0	-0.55408	0	5.05818	-0.9333	2.78333	13.9954	164.754	9.24637
PRO_15	-7.3079	3.24666	4.19458	-0.12542	0.0002	0.08842	1.43571	4.6169	0	0	-0.66673	0.27161	0.74366	0	0	0	0	0	0.00311	1.53929	1.16698	0.3723	0	-1.88512	0	0	-4.6787	4.54432	7.55987	197.176	1.82445
PRO_16	-3.55228	1.96323	3.45768	-0.12015	0.00811	0.08864	1.64963	3.65955	0.0007	0.00255	-0.66288	0.24477	0.5136	0	0	-0.79427	0	0	-0.12939	1.92158	1.82471	0.09687	0	-1.70384	0	0	-4.6787	2.36781	6.15793	121.117	77.8832
ARG_17	-3.67361	1.17433	4.37306	-0.86172	0.34548	0.6801	0.869	4.96558	0	1e-05	0.03946	-0.13714	0	0	0	0	0	0	0.0354	5.32535	2.49557	2.82978	0	0.85965	0	0	-0.1423	1.6854	20.8634	117.329	147.671
GLY_18	-3.7695	0.97143	3.01204	-0.00026	0	0	1.76822	4.55213	0.00078	0.00437	-1.31148	-0.16581	0	0	0	0	0	0	0.10484	0	0	0	0	-2.4312	0	0	1.435	2.19158	6.36215	160.351	3.6489
VAL_19	-7.26405	1.65651	2.77358	-0.30048	0.25777	0.06463	2.73666	5.93057	7e-05	0.00027	-1.52634	-0.63652	0	0	0	0	0	0	-0.06844	1.13972	0.79662	0.3431	0	0.21953	0	0	2.7371	0.84972	9.71002	182	0
THR_20	-6.15775	1.23505	5.13577	-0.15558	0.06659	0.11239	2.28524	6.90346	0.03779	0.42356	-0.85485	-0.67582	0	0	0	-0.00309	-0.14137	0	-0.16193	4.06951	0.22677	3.84274	0	0.79364	0	5.06911	-0.9333	1.03165	22.1496	156.059	17.9414
VAL_21	-9.55146	2.24728	4.33222	-0.27101	0.38693	0.05488	3.65843	8.92666	0.04662	0.40814	-2.35795	-0.08639	0	0	0	0	0	0	-0.03637	1.09262	0.27694	0.81568	0	-0.98926	0	0	2.7371	0.66709	12.3582	182	0
VAL_22	-8.50053	1.88117	3.07273	-0.28374	0.35477	0.06056	3.15358	7.37623	0.02082	0.12734	-2.80163	0.33345	0	0	0	0	0	0	1.33932	0.37806	0.12544	0.25262	0	0.33242	0	0	2.7371	0.67039	10.6301	182	0
ASN_23	-6.03922	0.76982	6.09951	-0.37664	0.8949	0.68813	2.51841	7.82962	0.06242	0.55505	-0.28049	0.22912	0	0	0	0	0	0	3.09718	8.97333	0.05594	0	8.91739	-0.62879	0	0	-0.3009	0.88709	33.9519	134.782	49.2183
ASN_24	-2.76198	0.26416	3.18476	-0.43857	0.80861	0.82691	1.41393	4.04723	0.09383	0.54308	0.50352	-0.109	0	0	0	0	0	0	0.33746	5.97225	0.00666	0	5.96559	-1.12104	0	0	-0.3009	0.47278	19.7093	82.6768	101.323
PHE_25	-9.28607	1.29084	1.97948	-0.58183	0.2119	0.01916	2.12503	6.45626	0	0	-1.33914	-0.10772	0	0	0	0	0	0	-0.02237	5.53541	0.34923	0	5.18618	-0.09577	0	0	1.9602	-0.05039	13.6304	227.716	9.28379
ASP_26	-5.10028	0.90045	6.75306	-0.21669	0.05693	0.70858	4.01793	7.41863	0.0339	0.35357	-2.52583	-1.03948	0	0	0	0	0	0	0.25981	2.67047	0.00876	0	2.66171	-0.85255	0	0	-1.6204	-0.34231	14.1463	138.921	46.0788
ALA_27	-3.71671	1.51231	2.75881	-0.02471	7e-05	0	1.79793	4.54779	0	0	-0.68813	-0.40814	0	0	0	0	0	0	-0.21839	0	0	0	0	-0.69614	0	0	2.2619	0.10931	7.2359	128.701	24.2988
LYS_28	-4.19183	1.15779	4.5575	-0.44109	0.29594	0.21146	1.92742	5.04255	0	0	-1.16989	0.16886	0	0	0	0	0	0	-0.13522	8.57421	6.28352	2.29068	0	-0.07199	0	0	-0.8895	-0.47634	23.1341	90.5082	161.492
ARG_29	-6.58945	0.8317	5.91314	-0.5834	0.24705	0.35238	2.66113	6.81148	0.05963	0.56937	-1.94259	0.30598	0	0	0	-0.0414	0	0	0.40182	3.55326	0.65489	2.89837	0	-0.10619	0	0	-0.1423	-0.86534	14.9895	141.856	123.144
TYR_30	-9.32392	0.8159	3.18231	-0.79231	0.06699	0.42819	3.4387	7.09715	0	0	-2.1088	-0.28766	0	0	0	-0.64409	-0.6521	0	-0.1033	6.49875	1.24711	0	5.25164	0.03623	0	0	1.7379	-0.66718	15.2215	243.705	4.29526
LEU_31	-6.38308	0.69801	3.96047	-0.50326	0.86569	0.08946	2.73894	6.58342	0	0	-1.68582	0.48729	0	0	0	-0.8143	0	0	-0.00255	0.95961	0.61637	0.34324	0	0.22318	0	0	1.3223	0.24959	9.74857	152.412	57.5884
GLY_32	-3.4469	0.80113	3.96949	-0.00042	0	0	3.04503	5.43742	0.00495	0.0147	-2.20476	-0.25979	0	0	0	0	0	0	1.92232	0	0	0	0	-2.5101	0	0	1.435	0.99898	9.20706	125.963	38.0371
THR_33	-4.31616	0.40796	3.05819	-0.16825	0.14619	0.05854	1.45492	4.71937	0	0	-0.44336	-0.51242	0	0	0	-0.35386	0	0	0.4702	0.65927	0.41673	0.24254	0	-0.21088	0	5.05791	-0.9333	0.56477	10.3184	99.6731	74.3269
TRP_34	-13.9111	1.6837	6.06427	-0.80635	0.12025	0.35486	3.87836	11.6087	0.02181	0.20135	-3.73019	-0.23093	0	0	0	-0.64409	0	0	0.95425	1.9286	0.05482	0	1.87378	-0.04312	0	0	3.7077	-0.10237	12.9843	270	0
TYR_35	-9.55027	1.17752	4.24909	-0.65031	0.17821	0.33424	3.29561	7.54414	0	0	-3.44376	-0.06447	0	0	0	0	0	0	0.37426	2.95636	0.05671	0	2.89965	-0.21684	0	0	1.7379	-0.52676	10.3513	189.406	58.5944
GLU_36	-8.50146	1.86313	9.16522	-0.33825	0.08557	0.44561	4.20601	10.3959	0.00846	0.07163	-1.75258	-0.25339	0	0	0	-0.53604	-0.52803	0	-0.08061	5.39695	0.4488	0	4.94814	0.36875	0	0	-1.6358	0.20438	23.9824	214.357	8.64322
ILE_37	-8.10859	0.75641	3.25551	-0.69907	2.09596	0.15683	2.27146	6.45745	0.02611	0.12171	-1.99809	0.21893	0	0	0	0	0	0	-0.07773	1.85138	0.5519	1.29948	0	-0.44897	0	0	1.8006	0.63722	10.1685	196.143	10.8574
ALA_38	-6.53355	1.69131	2.23873	-0.02255	0	0	2.80852	6.00327	0	0	-1.64303	-0.40233	0	0	0	0	0	0	-0.03555	0	0	0	0	-0.76907	0	0	2.2619	-0.01526	5.5824	153	0
ARG_39	-12.1557	1.71511	11.4293	-0.76937	0.56126	0.54949	5.92637	13.5409	0.04125	0.17085	-5.5883	-0.02459	0	0	0	-0.95771	-0.52803	0	2.15544	5.76791	2.16688	3.60103	0	-0.2645	0	0	-0.1423	-0.25167	26.9436	261.406	3.59383
PHE_40	-12.3206	3.07461	5.50352	-0.53536	1.29212	0.21415	3.17232	9.77102	0.01683	0.21561	-2.0498	0.05257	0	0	0	0	0	0	2.28358	5.15245	0.2921	0	4.86035	0.86253	0	0	1.9602	1.03194	24.8501	235.463	1.53703
ASP_41	-3.33179	0.29848	4.37822	-0.27612	0.07755	0.91168	1.47362	5.08643	0.00741	0.09337	-2.11611	-0.34137	0	0	0	-0.4573	-0.35846	0	0.10892	2.62763	0.02799	0	2.59964	-0.93662	0	0	-1.6204	1.7374	9.99019	126.95	58.0501
HIS_42	-11.1329	27.8986	9.2474	-0.46669	0.05058	0.58407	4.82313	12.2733	0.00946	0.12367	-1.43095	-0.37874	0	0	0	0	0	0	0.76865	5.57885	1.31092	0	4.26793	-0.02739	0	0	0.8406	0.16188	54.5023	240.488	0.512343
ARG_43	-3.19562	0.39037	3.3153	-0.52347	0.3597	0.291	1.14133	4.12092	0.00332	0.05936	0.13448	0.38188	0	0	0	0	0	0	0.04398	7.7294	4.06936	3.66003	0	-0.30882	0	0	-0.1423	-0.37939	21.1508	62.944	202.056
PHE_44	-6.38882	0.84574	1.21966	-0.87983	0.17572	0.46938	0.69735	3.30872	0	0.00012	0.0619	-0.65072	0	0	0	0	0	0	0.93782	4.18254	0.42501	0	3.75753	0.27522	0	0	1.9602	0.29773	10.6953	176.257	60.7429
GLU_45	-7.47658	6.14236	9.09417	-0.23462	0.07015	0.37002	4.77355	9.77855	0	0	-2.39423	-0.50204	0	0	0	0	-0.69482	0	2.52671	5.52554	0.48545	0	5.04009	0.34828	0	0	-1.6358	0.85987	32.0766	201.569	21.4311
ARG_46	-4.93745	0.35295	6.50922	-0.66163	0.25577	0.40515	2.53735	7.30264	0	0	-2.42973	0.67807	0	0	0	-0.4573	-0.35846	0	-0.09983	7.94468	4.96338	2.98131	0	-0.00217	0	0	-0.1423	0.16369	25.0053	132.562	132.438
GLY_47	-2.02193	0.30713	2.36885	-7e-05	0	0	1.04592	2.87622	0.01197	0.03138	-0.08487	-0.37433	0	0	0	0	0	0	4.04428	0	0	0	0	-2.4872	0	0	1.435	-0.74939	6.40294	130.514	33.4863
LEU_48	-6.80435	0.68635	3.81438	-0.49828	1.46939	0.09076	2.697	6.54184	0	0	-2.38871	0.30876	0	0	0	-0.95771	0	0	0.17293	0.86366	0.00679	0.85687	0	-0.42926	0	0	1.3223	-0.88839	6.86432	184.056	25.9441
GLU_49	-6.96925	1.6028	6.88487	-0.18857	0.05113	0.25304	3.20504	7.61124	0	0	-3.4955	-0.45578	0	0	0	0	0	0	1.08606	4.33046	0.27686	0	4.05361	0.50435	0	0	-1.6358	0.10673	17.2213	185.42	37.5803
LYS_50	-6.45242	0.78185	4.9205	-0.34547	0.04806	0.22548	2.53831	5.96784	0	0	-1.17107	0.06619	0	0	0	0	0	0	1.26583	3.77173	1.4343	2.33742	0	-0.16135	0	0	-0.8895	0.84404	15.1817	188.076	63.9236
VAL_51	-7.42762	2.15661	4.67211	-0.2752	0.41196	0.05533	2.84374	7.9129	0.00627	0.06453	-2.65382	0.25667	0	0	0	0	0	0	1.58431	0.35822	0.17318	0.18504	0	-0.50292	0	0	2.7371	-0.22512	12.3333	176.617	5.38313
THR_52	-5.4116	0.99265	3.92432	-0.11925	0.08298	0.07607	3.30219	6.05173	0.01369	0.28508	-1.97996	-0.66738	0	0	0	0	0	0	0.64597	0.63077	0.47876	0.152	0	-0.68319	0	5.03571	-0.9333	-1.01447	10.8628	153.732	20.2679
ALA_53	-4.23692	0.28607	3.08294	-0.02495	0.00228	0	3.21932	5.31503	0	0	-2.5872	-0.43729	0	0	0	0	0	0	0.07966	0	0	0	0	0.58636	0	0	2.2619	-0.15288	7.39432	145.315	7.68515
THR_54	-5.59729	1.46058	4.8871	-0.1741	0.12538	0.06227	3.48068	6.70176	0.04243	0.51636	-2.005	-0.4949	0	0	0	0	0	0	0.12611	1.36393	1.12305	0.24088	0	-0.05908	0	5.08603	-0.9333	0.58887	16.5417	136.396	37.6035
TYR_55	-8.72364	1.51025	2.83199	-0.64655	0.08173	0.37596	3.43254	6.59659	0	0	-2.77856	-0.11629	0	0	0	0	0	0	0.58905	3.99365	0.70902	0	3.28462	-0.17834	0	0	1.7379	-0.14635	12.5536	244.636	3.36383
SER_56	-3.89361	1.1499	4.04688	-0.03967	0.00476	0.05768	2.76987	5.37557	0.01417	0.05228	-1.58591	-0.34184	0	0	0	0	0	0	1.87617	1.18294	0.72504	0.4579	0	-0.48065	0	4.04	-0.539	-0.54758	14.3249	101.823	60.1773
LEU_57	-3.38422	7.90827	1.42647	-0.63339	3.69835	0.15356	0.66481	3.03877	0	0	-0.31268	0.32192	0	0	0	0	0	0	-0.07704	6.85683	4.93292	1.92391	0	-0.42447	0	0	1.3223	-0.56219	26.8541	87.4079	122.592
ARG_58	-9.24074	11.9372	10.3718	-0.91541	0.41951	0.53853	4.107	11.3132	0.01968	0.08833	-3.46776	0.23694	0	0	0	0	-0.96918	0	0.17267	5.04451	1.32181	3.72271	0	-0.07731	0	0	-0.1423	-0.42649	34.0547	194.728	70.2724
ASP_59	-1.18305	0.24402	1.64387	-0.11202	0.02581	0.34495	0.43324	2.01159	0	0	0.73809	-0.2448	0	0	0	0	0	0	0.07268	2.43427	0.0829	0	2.35137	0.1679	0	0	-1.6204	0.3509	7.74132	11.2612	173.739
ASP_60	-3.33452	0.33763	5.68323	-0.22388	0.05931	0.75595	2.92551	6.07166	0.00022	0.00114	-3.14099	-1.43676	0	0	0	-0.46112	-0.96918	0	0.45102	2.59405	0.00256	0	2.59149	-0.73997	0	0	-1.6204	0.63137	10.1783	96.1958	88.8042
GLY_61	-1.74346	0.25878	2.31105	-6e-05	0	0	1.20017	3.02704	0	0	-1.22712	-0.37791	0	0	0	0	0	0	2.68343	0	0	0	0	-2.46647	0	0	1.435	-0.71823	4.38221	120.787	43.2134
GLY_62	-4.12465	0.65089	3.78503	-0.00031	0	0	2.30658	5.30409	0.01968	0.08833	-2.60574	-0.16437	0	0	0	-0.46112	0	0	1.22161	0	0	0	0	-1.53057	0	0	1.435	-0.91498	5.00946	164	0
LEU_63	-7.40727	1.78999	3.92419	-0.47032	0.27828	0.1065	3.27787	6.97003	0.00013	0.00073	-2.26319	0.00382	0	0	0	0	0	0	5.25928	3.07539	2.0957	0.9797	0	-0.04425	0	0	1.3223	-0.091	18.8079	205.132	4.86844
ASN_64	-5.86513	4.12866	6.29313	-0.21138	0.11781	0.30929	3.68371	7.62695	0.00013	0.00073	-2.21128	-0.47776	0	0	0	0	0	0	-0.00259	5.30286	0.34349	0	4.95937	0.26799	0	0	-0.3009	-0.37394	23.5912	134.541	49.4593
VAL_65	-7.03268	1.18938	2.99095	-0.26819	0.33953	0.05393	2.76371	6.96262	0	0	-2.34767	-0.24255	0	0	0	0	0	0	0.68479	1.71317	1.40668	0.3065	0	-1.26206	0	0	2.7371	-0.72812	9.26711	179.438	2.56172
ILE_66	-6.43727	3.21106	4.09649	-0.64205	1.20796	0.13988	2.94539	6.4958	0.01262	0.03862	-2.11227	0.22764	0	0	0	0	0	0	1.01494	2.69254	1.25804	1.4345	0	-1.10021	0	0	1.8006	-0.83872	15.4456	153.707	53.2931
ASN_67	-5.229	1.21886	5.15141	-0.20298	0.01907	0.30357	3.7438	7.0433	0.03473	0.24949	-2.86239	-0.63537	0	0	0	0	0	0	-0.07286	6.14518	1.20597	0	4.93922	0.43621	0	0	-0.3009	-0.38008	20.8072	142.267	41.7332
LYS_68	-5.26272	1.61726	4.98727	-0.31827	0.20873	0.15162	3.31739	5.93219	0.01272	0.03916	-2.20375	-0.14552	0	0	0	0	0	0	1.45637	13.8273	9.84893	3.97838	0	0.01321	0	0	-0.8895	-0.28684	36.2839	148.671	103.329
GLY_69	-4.10535	0.31935	3.0168	-0.00212	0	0	2.49641	4.86778	0.00302	0.01142	-2.53412	-0.40838	0	0	0	0	0	0	0.04619	0	0	0	0	-0.40173	0	0	1.435	0.98423	5.7285	164	0
TYR_70	-10.1907	1.50346	5.15248	-0.73365	0.04724	0.13922	3.26212	8.46851	0.00157	0.01292	-2.76508	-0.44836	0	0	0	0	0	0	0.60646	3.09741	0.01083	0	3.08658	-0.00755	0	0	1.7379	1.04857	14.0299	193.76	54.24
ASN_71	-7.47508	2.35962	7.45964	-0.36911	2.08681	0.72919	4.72331	9.4722	0.01888	0.36446	-2.26908	0.2646	0.05248	0	0	0	0	0	-0.12076	6.85545	0.07694	0	6.77851	-0.81362	0	0	-0.3009	2.49622	32.3897	172.892	11.1082
PRO_72	-5.46435	2.21373	3.8198	-0.09853	0.00438	0.06203	1.48889	3.97984	3e-05	0.00068	-0.52948	0.74949	0.05487	0	0	0	0	0	0.92052	0.47989	0.00243	0.47746	0	0.00845	0	0	-4.6787	2.6727	6.16414	145.17	53.8296
ASP_73	-4.40819	1.74271	4.82948	-0.11768	0.00806	0.36035	1.96059	5.23504	0.04877	0.36346	-0.13337	-0.3674	0	0	0	0	0	0	1.21109	4.1371	0.72175	0	3.41535	-0.22567	0	0	-1.6204	-0.35648	16.8045	133.463	51.5368
ARG_74	-6.96257	0.64428	8.21633	-0.66567	0.40151	0.39363	3.43555	8.82455	0.02371	0.38629	-2.78714	0.14809	0	0	0	0	-1.3773	0	-0.03036	6.95545	3.88035	3.0751	0	-0.19079	0	0	-0.1423	-0.32171	23.907	230.961	34.0394
GLY_75	-3.18911	0.37244	3.0864	-4e-05	0	0	1.9147	4.25938	0	0	-0.60991	-0.40258	0	0	0	0	0	0	-0.18958	0	0	0	0	-1.00654	0	0	1.435	-0.22841	5.44175	147.381	16.6193
MET_76	-5.49403	0.27454	5.19734	-0.44133	0.76236	0.01253	1.86053	6.04078	0.00834	0.04051	-1.66636	-0.08217	0	0	0	0	0	0	1.18864	10.0219	7.92464	2.09722	0	-0.16574	0	0	1.4633	-0.30657	28.7364	206.007	55.9928
TRP_77	-5.9147	1.16643	1.79432	-0.94954	0.08113	0.32425	0.62229	3.80539	0	0	-0.49795	-0.04	0	0	0	0	0	0	-0.03552	2.06084	0.14747	0	1.91337	-0.42315	0	0	3.7077	-0.87119	6.89116	101.706	168.294
GLN_78	-4.07895	0.52308	3.99577	-0.33179	0.28064	0.27527	2.56619	5.01431	0	0	-1.99352	-0.36022	0	0	0	0	0	0	0.00666	7.05251	1.20328	0	5.84923	-0.00561	0	0	-0.1077	-0.96511	18.924	148.292	68.7078
GLN_79	-3.70335	1.53757	2.39097	-0.35571	0.23565	0.19924	0.88911	2.93267	0	0	-0.51488	-0.01194	0	0	0	0	0	0	0.37274	6.68154	0.12614	0	6.5554	-0.22101	0	0	-0.1077	-0.15971	16.8467	98.5276	118.472
SER_80	-3.36032	0.55104	3.97808	-0.04256	0.0266	0.06517	2.80826	4.85601	0.03473	0.24949	-1.99114	-0.52624	0	0	0	0	0	0	0.77254	1.44744	1.22638	0.22106	0	-0.70729	0	4.04	-0.539	-0.31104	12.7992	104.648	57.3521
GLU_81	-2.43281	2.5616	1.44082	-0.2232	0.20835	0.38808	0.64015	2.05284	0.03893	0.47006	-0.07129	-0.53632	0	0	0	0	0	0	0.14158	5.37945	1.3033	0	4.07615	0.19681	0	0	-1.6358	-0.36461	13.6341	89.4679	133.532
GLY_82	-3.06332	0.24996	3.18091	-0.00096	0	0	2.29964	4.27051	0	0	-2.40262	-0.26743	0	0	0	0	0	0	-0.07629	0	0	0	0	-0.61205	0	0	1.435	0.67311	5.68646	151.671	12.3287
LYS_83	-6.2522	1.36741	5.30879	-0.33313	0.06674	0.22756	2.96268	6.39546	0	0	-1.07262	0.01078	0	0	0	0	0	0	0.05258	3.68172	0.682	2.99972	0	0.04728	0	0	-0.8895	0.53461	15.7899	160.708	91.2922
ALA_84	-5.29683	1.89366	2.08714	-0.025	0.00167	0	2.93978	5.30586	0	0	-2.46079	-0.43699	0	0	0	0	0	0	0.0393	0	0	0	0	0.31197	0	0	2.2619	0.166	6.78767	152.23	0.76969
TYR_85	-7.25505	0.8784	5.35638	-0.62631	0.06457	0.33399	3.64841	7.50599	0.00022	0.00114	-2.13608	-0.18647	0	0	0	0	0	0	0.74927	2.72716	0.03237	0	2.69479	-0.25013	0	0	1.7379	0.05076	15.3273	204.965	43.0354
PHE_86	-7.14577	1.88205	1.31352	-0.61565	0.07489	0.26871	1.41207	4.37256	0	0	-0.53556	0.22873	0	0	0	0	0	0	-0.09543	3.14161	0.00035	0	3.14127	0.13768	0	0	1.9602	-0.8511	8.69012	196.311	40.6889
THR_87	-3.72441	1.13266	3.5924	-0.13486	0.14268	0.05998	1.88913	4.8021	0	0	-0.47433	-0.1969	0	0	0	0	0	0	0.55489	0.6725	0.41321	0.25929	0	-0.32602	0	5.09288	-0.9333	-0.87342	11.9485	146.882	27.1179
GLY_88	-1.50117	0.0984	1.73608	-0.00055	0	0	0.66845	2.13349	0.04796	0.23993	0.38037	-0.19647	0	0	0	0	0	0	-0.08682	0	0	0	0	-1.87041	0	0	1.435	1.29907	4.38334	119.153	44.8472
ALA_89	-2.51451	0.51184	2.39153	-0.0243	0	0	1.7799	3.3748	0	0	0.04849	-0.22024	0.01198	0	0	0	0	0	-0.01075	0	0	0	0	0.07972	0	0	2.2619	3.64046	11.3308	97.7253	55.2747
PRO_90	-3.81441	0.79336	1.55775	-0.10194	0.00974	0.06567	1.28416	2.74892	0	0	0.16138	0.62062	0.05511	0	0	0	0	0	1.73114	1.1313	0.57476	0.55654	0	-0.48373	0	0	-4.6787	2.25067	4.46233	109.387	89.6132
THR_91	-4.91082	0.79117	4.39912	-0.13738	0.09788	0.06537	2.70729	6.06823	0.03256	0.23183	-1.09718	-0.19366	0	0	0	0	0	0	0.4211	1.1936	1.0871	0.10649	0	-0.20126	0	5.06659	-0.9333	-0.03647	14.7583	114.521	59.4789
ARG_92	-9.48252	1.61603	8.25156	-0.87968	0.72199	0.45307	5.01135	10.3463	0	0	-1.77399	0.64739	0	0	0	0	0	0	0.22525	4.68562	1.05671	3.62891	0	0.35575	0	0	-0.1423	-0.27865	24.4428	213.387	51.6125
ALA_93	-5.79349	1.32492	1.55321	-0.03024	0.01892	0	2.53535	5.29306	0.00529	0.01643	-2.25162	-0.4908	0	0	0	0	0	0	0.52353	0	0	0	0	-0.13184	0	0	2.2619	1.05937	5.89399	153	0
ALA_94	-5.02294	0.66757	2.54103	-0.02637	0.00374	0	2.57398	5.322	0.04796	0.23993	-2.52093	-0.41611	0	0	0	0	0	0	0.92067	0	0	0	0	1.04464	0	0	2.2619	1.90911	9.54618	153	0
LEU_95	-8.65769	1.0826	2.86737	-0.44322	0.31937	0.10131	2.84541	7.00055	0	0	-2.34893	-0.02547	0	0	0	0	0	0	3.93687	2.54526	0.50643	2.03883	0	0.52239	0	0	1.3223	1.52033	15.1337	202.31	7.68985
LYS_96	-5.64141	0.7306	4.09283	-0.44692	0.2245	0.30658	2.89005	5.63709	0	0	-2.61295	-0.15267	0	0	0	0	0	0	2.29657	12.2031	8.07274	4.13033	0	0.44016	0	0	-0.8895	0.56285	31.8439	153.426	98.5741
VAL_97	-8.03131	3.18267	2.68893	-0.27107	0.44078	0.05964	3.14237	6.96619	0.00194	0.0082	-2.48304	-0.17289	0	0	0	0	0	0	0.38382	2.49321	1.92121	0.57201	0	-1.11481	0	0	2.7371	-0.37372	12.1512	174.055	7.94485
SER_98	-5.15272	1.8197	3.99562	-0.06568	0.00482	0.09288	2.04787	5.83488	0.07215	0.71766	-0.9847	-0.63077	0	0	0	0	0	0	-0.0214	4.62294	0.36688	4.25606	0	0.77007	0	4.04	-0.539	0.73426	21.9815	151.149	10.8509
PHE_99	-7.40121	0.65373	1.44154	-0.60142	0.07185	0.30012	1.67941	4.76738	0	0.00012	-0.62302	0.06755	0	0	0	0	0	0	1.41166	2.92107	0.06974	0	2.85133	0.1172	0	0	1.9602	1.02558	10.7128	194.119	42.8805
PHE_100	-4.88213	0.56352	2.32603	-1.01171	0.29113	0.78087	1.94062	3.84894	0	0	-1.6151	-0.18791	0	0	0	0	0	0	-0.0927	6.94307	1.37287	0	5.5702	-0.51812	0	0	1.9602	1.10409	18.3939	127.75	109.25
GLY_101	-1.34957	0.70246	1.66644	-0.00018	0	0	0.52774	2.10417	0.03322	0.24759	0.34771	-0.26647	0.10159	0	0	0	0	0	-0.14319	0	0	0	0	-2.18022	0	0	1.435	5.05175	8.27804	88.3659	75.6341
PRO_102	-2.89943	0.81892	0.96187	-0.13016	0.04443	0.07884	0.46826	1.5627	0	0	-0.03414	0.65341	0.1494	0	0	0	0	0	0.16244	0.56705	0.38629	0.18076	0	0.02888	0	0	-4.6787	4.75607	3.07688	90.0776	108.922
PHE_103	-5.68717	0.76624	3.3651	-0.65839	0.08682	0.3817	3.02007	5.2085	0.00194	0.0082	-2.69742	0.21797	0	0	0	0	0	0	-0.01931	3.86133	0.4891	0	3.37223	-0.26389	0	0	1.9602	0.56912	13.9823	127.856	109.144
TYR_104	-6.83966	2.56851	2.63596	-0.56349	0.50592	0.25298	0.7301	4.97728	0	0	-0.15357	-0.24568	0	0	0	0	0	0	0.44099	4.05931	0.30197	0	3.75735	-0.57034	0	0	1.7379	-0.58778	13.0078	169.321	78.6792
GLY_105	-3.14079	0.42426	3.40794	-0.00143	0	0	2.63218	4.53722	0	0	-1.74292	-0.34026	0	0	0	0	0	0	-9e-05	0	0	0	0	0.1522	0	0	1.435	0.41851	7.78182	146.673	17.3274
GLY_106	-3.91973	0.77435	2.6511	-0.00023	0	0	1.33591	4.0256	0.02599	0.24723	-1.47716	-0.24677	0	0	0	0	0	0	-0.08775	0	0	0	0	1.05066	0	0	1.435	0.95918	6.77337	163.23	0.76969
TYR_107	-9.10073	1.83099	3.52725	-0.71278	0.50242	0.23085	3.79657	7.38669	0	1e-05	-2.25638	-0.57019	0	0	0	0	-0.6521	0	2.22902	3.93554	0.08469	0	3.85085	-0.2844	0	0	1.7379	1.47303	17.0092	234.893	13.1074
ASN_108	-8.09859	0.98803	5.55429	-0.2074	0.04023	0.32972	4.12361	8.96898	0	0	-1.78848	-0.6066	0	0	0	0	0	0	0.02979	5.49698	0.58577	0	4.91121	-0.31959	0	0	-0.3009	1.37022	21.0773	184	0
VAL_109	-7.79386	1.01111	1.4619	-0.27959	0.1802	0.06035	2.79115	6.3456	0.00507	0.06803	-2.45183	-0.10464	0	0	0	0	0	0	-0.04724	1.06828	1.00292	0.06536	0	-0.41918	0	0	2.7371	0.02518	5.72591	182	0
ILE_110	-8.58104	1.33318	2.03829	-0.52034	1.46506	0.12373	1.97719	5.8709	0	0	-0.76714	0.11571	0	0	0	0	0	0	3.58499	0.8406	0.02487	0.81573	0	0.24015	0	0	1.8006	0.16599	10.5285	207	0
ALA_111	-4.87443	1.21639	1.89459	-0.0232	0	0	2.577	4.86893	0	0	-1.22096	-0.45282	0	0	0	0	0	0	0.84102	0	0	0	0	-0.53523	0	0	2.2619	0.29207	6.84526	151.975	1.02469
LEU_112	-8.30729	1.94708	1.80888	-0.57013	0.31834	0.1446	2.49954	5.74888	5e-05	0.00098	-2.43715	0.20373	0	0	0	0	0	0	-0.05831	1.81636	1.08575	0.73061	0	-0.20067	0	0	1.3223	1.25809	7.31163	210	0
ASP_113	-7.28279	1.52353	10.1237	-0.29001	0.02242	1.01465	5.91088	11.6545	0	0	-6.81118	-0.59405	0	0	0	-1.36662	0	0	1.46685	5.56807	0.36039	0	5.20768	0.1452	0	0	-1.6204	0.96814	26.001	166.038	18.9617
ARG_114	-5.11519	0.35085	5.44358	-1.17577	1.51776	0.93036	1.7318	6.03881	0	0	-0.66037	0.35172	0	0	0	0	0	0	0.66934	6.82514	2.75564	4.0695	0	-0.1904	0	0	-0.1423	-0.53936	22.8611	125.751	139.249
GLU_115	-3.7091	0.73103	4.13611	-0.23097	0.11906	0.3587	1.12179	4.691	0	0	-0.88202	-0.51248	0	0	0	0	0	0	-0.0369	3.85274	0.09861	0	3.75414	0.09558	0	0	-1.6358	-0.39423	11.5572	107.088	115.912
TYR_116	-10.7538	1.60584	5.46423	-0.60552	0.54291	0.31395	3.18383	8.92301	0.03994	0.27426	-1.59854	-0.5157	0	0	0	-0.46461	0	0	-0.20378	4.9507	0.67282	0	4.27789	0.35408	0	0	1.7379	0.64223	18.8416	240.385	7.61461
ARG_117	-7.46011	1.82497	7.80355	-1.17268	1.91042	0.75514	3.37095	8.60348	0.01091	0.05764	-3.94112	0.11273	0	0	0	-0.71401	0	0	0.02225	4.3481	0.98918	3.35892	0	-0.21009	0	0	-0.1423	0.76724	20.2952	135.59	129.41
HIS_118	-7.19519	1.90015	5.42431	-0.44613	0.00914	0.58622	3.07474	7.72127	0.00437	0.02187	-2.30345	0.07865	0	0	0	-0.65261	0	0	0.7373	7.19185	1.78394	0	5.40791	-0.48179	0	0	0.8406	-0.23052	23.4726	206.328	34.6721
ALA_119	-5.11295	0.63936	2.09878	-0.02355	0	0	2.82023	5.04188	0	0	-2.36054	-0.41597	0	0	0	0	0	0	1.08623	0	0	0	0	-0.5719	0	0	2.2619	-0.35094	5.11254	153	0
LEU_120	-9.33269	1.69569	2.9527	-0.55048	0.40223	0.13699	3.75675	7.1794	0	0	-3.09547	0.22534	0	0	0	0	0	0	-0.01585	1.44244	0.47549	0.96696	0	-0.40218	0	0	1.3223	-0.0724	7.08722	210	0
VAL_121	-8.27463	1.80223	2.3882	-0.27597	0.31111	0.05854	3.20961	6.78309	0	0	-2.34652	-0.29719	0	0	0	0	0	0	0.47772	0.53496	0.00126	0.5337	0	-1.27949	0	0	2.7371	-0.44118	5.92254	180.975	1.02469
CYS_122	-7.83811	1.58733	3.41581	-0.06913	0.00082	0.06189	3.16928	5.58752	0	0	-2.10289	-0.24265	0	0	0	0	0	0	0.0737	2.14244	0.5665	1.57594	0	-0.2078	0	0	4.3148	-0.44914	11.5863	156	0
GLY_123	-4.23066	1.44175	3.82042	-0.00029	0	0	2.4007	5.26218	0	0	-0.7546	-0.17636	0.14156	0	0	0	0	0	0.03434	0	0	0	0	-1.95334	0	0	1.435	3.7019	11.1226	164	0
PRO_124	-5.59145	0.77813	2.972	-0.11121	0.02386	0.07048	1.07692	3.7383	0	0	0.25725	0.63673	0.18324	0	0	0	0	0	3.64016	0.5783	0.17679	0.40151	0	0.01992	0	0	-4.6787	3.93782	8.11004	164.025	34.9746
ASP_125	-5.52893	1.4051	6.46057	-0.22934	0.15147	0.79886	3.53184	7.36927	0.0365	0.17883	-1.92521	-0.98285	0	0	0	-0.84112	0	0	0.99625	3.04128	0.05132	0	2.98996	-0.57572	0	0	-1.6204	0.6438	15.9515	137.069	47.9309
ARG_126	-8.94471	1.86822	8.5036	-0.65556	0.42044	0.44077	4.09147	9.93264	0.00445	0.01982	-3.53076	-0.01703	0	0	0	-1.51732	0	0	1.94633	3.49916	1.10732	2.39184	0	0.03949	0	0	-0.1423	1.36393	20.8218	233.429	31.5713
ASP_127	-4.19608	0.97873	4.95936	-0.12709	0.09747	0.40177	2.08107	5.99624	0.01994	0.12915	-2.57426	-0.12237	0	0	0	-0.84112	0	0	0.5467	3.12633	0.41477	0	2.71156	-0.37794	0	0	-1.6204	0.23821	11.842	110.458	74.5421
TYR_128	-8.72657	15.0434	4.53137	-0.65677	0.07767	0.369	3.39759	7.43424	0.02635	0.13715	-1.5222	-0.20974	0	0	0	0	0	0	-0.08363	3.18975	0.00134	0	3.18841	-0.24196	0	0	1.7379	0.12326	27.8165	196.551	51.4488
LEU_129	-10.3336	9.58655	1.85724	-0.48609	0.40086	0.08555	2.95537	6.75561	0.00202	0.00829	-1.31569	0.20645	0	0	0	0	0	0	-0.06099	2.02349	0.85379	1.1697	0	0.15863	0	0	1.3223	1.81213	17.0016	210	0
TRP_130	-11.617	1.67612	5.77654	-0.92192	0.08014	0.64956	4.63153	9.9027	0	0	-4.44308	-0.19954	0	0	0	0	-0.69482	0	4.12441	3.04225	0.0004	0	3.04185	-0.02577	0	0	3.7077	1.06423	19.7953	246.297	23.7033
ILE_131	-8.15479	0.74453	2.94506	-0.46557	0.71297	0.10204	3.29159	6.16722	0	0	-3.05583	0.09185	0	0	0	0	0	0	0.04067	0.82088	0.22843	0.59245	0	-1.25879	0	0	1.8006	-0.57287	4.03044	207	0
LEU_132	-7.68007	1.11648	2.9993	-0.48421	0.6583	0.09338	2.99344	6.02946	0	0	-2.42965	0.14263	0	0	0	0	0	0	-0.01847	1.78558	0.89156	0.89402	0	-0.28153	0	0	1.3223	-0.91539	7.11713	201.803	8.19749
SER_133	-7.14002	1.59029	6.46326	-0.03488	0.00942	0.04781	4.68453	8.4905	0.00655	0.03577	-1.92873	-0.0056	0	0	0	0	0	0	0.15994	2.46923	0.3222	2.14703	0	-0.62006	0	4.04	-0.539	-0.55145	19.6468	161.553	0.446804
ARG_134	-10.1987	1.34233	9.72659	-0.75244	0.76221	0.433	4.6869	11.6686	0.01251	0.04673	-4.36901	0.32364	0	0	0	-1.67418	0	0	0.32971	4.73317	1.04676	3.68641	0	-0.19679	0	0	-0.1423	-0.65979	20.8053	209.836	55.164
THR_135	-4.64209	0.80073	4.8814	-0.13589	0.12347	0.08959	2.75785	6.22572	0.00033	0.0119	1.33567	-0.52049	0.00035	0	0	0	0	0	0.16782	1.58404	1.24569	0.33835	0	-0.34709	0	5.09597	-0.9333	2.20638	20.2864	106.9	67.1001
PRO_136	-5.65193	0.96774	1.77106	-0.09048	9e-05	0.0574	0.793	2.36329	0	0	0.03512	0.6687	0.05432	0	0	0	0	0	2.59187	0.72143	0.11528	0.60615	0	-0.40861	0	0	-4.6787	2.40954	2.32527	155.694	43.3059
THR_137	-3.43315	0.33063	2.7171	-0.12128	0.07867	0.07986	1.06629	3.98032	0.00033	0.01203	0.45955	-0.77319	0	0	0	0	0	0	0.09461	0.19451	0.03368	0.16083	0	-0.64802	0	5.05083	-0.9333	-0.6617	7.68863	111.314	62.6862
ILE_138	-5.58118	0.61973	0.80732	-0.56445	1.88677	0.15212	0.48684	3.04652	0	0	0.56652	-0.12985	0	0	0	0	0	0	0.06756	0.75584	0.11973	0.63611	0	-0.1443	0	0	1.8006	-0.70767	3.81822	174.959	32.0415
SER_139	-4.09107	0.83234	4.92386	-0.04768	0.01	0.07051	3.05592	5.7805	0	0	-1.24125	-0.92888	0	0	0	0	0	0	0.34232	0.57925	0.00473	0.57452	0	-0.34036	0	4.04	-0.539	-0.81726	12.2084	98.4902	63.5098
ASP_140	-3.49033	0.2683	4.81511	-0.11559	0.02207	0.35173	1.90554	5.50246	0	0	-2.16456	-0.33255	0	0	0	0	0	0	-0.10209	3.1047	0.47209	0	2.63261	0.03298	0	0	-1.6204	-0.48282	10.7992	85.9662	99.0338
GLU_141	-3.87734	0.46904	4.90637	-0.41926	0.1638	1.25626	2.00149	5.76197	0.0484	0.39375	-1.32894	-2.10463	0	0	0	0	0	0	0.3774	5.17219	0.11255	0	5.05964	-0.30366	0	0	-1.6358	-0.14658	15.9067	87.3119	135.688
VAL_142	-6.66192	1.20712	4.86549	-0.30673	0.31201	0.06803	3.01184	7.16257	0.05001	0.40651	-0.83636	-0.1182	0	0	0	0	0	0	0.00943	0.51751	0.28155	0.23597	0	-0.47255	0	0	2.7371	-0.1593	12.3101	150.476	31.5244
LYS_143	-7.03075	0.9623	6.21089	-0.41053	0.15233	0.18668	3.18904	7.81085	0	0	-3.03597	0.04091	0	0	0	0	0	0	0.08495	13.3416	10.4191	2.92255	0	0.08672	0	0	-0.8895	0.57315	34.6143	177.643	74.357
GLN_144	-4.32455	0.26674	4.84176	-0.48541	0.07427	0.42487	2.54523	6.22689	0	0	-2.32626	-0.26012	0	0	0	0	0	0	-0.0391	5.71424	1.61648	0	4.09776	-0.10403	0	0	-0.1077	0.77277	18.9339	102.154	114.846
GLU_145	-5.15119	0.36586	5.03915	-0.31442	0.05312	0.28471	3.19663	6.83307	0.00011	0.00082	-1.72516	-0.42159	0	0	0	0	0	0	0.36935	8.07373	2.07716	0	5.99658	-0.30727	0	0	-1.6358	0.10367	22.8385	144.909	78.0914
MET_146	-8.15755	0.46991	4.54316	-0.79025	2.12189	0.35202	2.94471	7.05037	0	0	-2.17571	-0.05929	0	0	0	0	0	0	0.41766	3.63155	0.18	3.45155	0	0.10659	0	0	1.4633	0.25438	15.8043	258.924	3.07641
LEU_147	-7.23545	1.98391	3.79031	-0.5259	1.15275	0.13062	2.97368	6.93779	0.00161	0.01276	-2.02777	0.2906	0	0	0	0	0	0	0.07313	0.41663	0.01753	0.3991	0	-0.45523	0	0	1.3223	0.4763	9.73468	172.376	37.6244
ALA_148	-4.04763	0.35152	4.48567	-0.02049	0	0	3.05274	6.42438	0	0	-2.32246	-0.34413	0	0	0	0	0	0	0.51793	0	0	0	0	-0.12714	0	0	2.2619	0.1713	10.4036	99.956	53.044
VAL_149	-6.83366	1.2445	4.12244	-0.31538	0.52926	0.07293	3.00991	7.41676	0.02333	0.21092	-1.717	-0.17756	0	0	0	0	0	0	-0.1443	0.21224	0.00293	0.20931	0	-0.38868	0	0	2.7371	0.25274	10.4678	174.312	7.6875
ALA_150	-6.45619	1.30604	3.62408	-0.02084	0	0	3.27468	7.49037	0	0	-2.15464	-0.35616	0	0	0	0	0	0	-0.108	0	0	0	0	-0.47952	0	0	2.2619	-0.06121	8.3205	153	0
THR_151	-4.45821	0.43471	5.41037	-0.20695	0.2657	0.076	2.8464	6.84949	0	0	-1.38683	-0.88764	0	0	0	0	0	0	0.3777	1.07458	0.68389	0.39069	0	0.06109	0	5.07431	-0.9333	0.11118	15.7832	107.035	66.9654
ARG_152	-5.3666	0.51353	6.21945	-0.78815	0.39525	0.55743	3.49266	7.41783	0.06745	0.70451	-2.93583	0.22746	0	0	0	0	-0.80955	0	-0.11093	6.45904	2.40822	4.05082	0	-0.27299	0	0	-0.1423	0.06182	22.1491	122.266	142.734
GLU_153	-7.14947	0.38629	8.2352	-0.52581	0.34652	1.10899	4.70724	9.25593	0.02341	0.21273	-4.39064	-0.4704	0	0	0	-0.72614	-0.66818	0	2.00584	5.60486	1.68172	0	3.92315	-0.04234	0	0	-1.6358	-0.08475	21.7984	208.174	14.8257
GLY_154	-2.79001	0.75258	3.09535	-5e-05	0	0	1.24173	4.10254	0	1e-05	-1.2763	-0.36221	0	0	0	0	0	0	-0.3067	0	0	0	0	-2.48206	0	0	1.435	-0.55224	2.85764	129.789	34.2105
PHE_155	-9.71375	1.962	2.11525	-0.60492	0.20142	0.2893	1.64924	5.74797	0	0	-1.0175	0.25019	0	0	0	0	0	0	-0.01746	3.00309	0.0056	0	2.99749	-0.40901	0	0	1.9602	-0.88325	7.53587	231.413	5.5868
ASP_156	-4.03596	1.05184	5.11917	-0.24669	0.13527	0.81205	2.57318	5.70986	0	0	-2.06501	-1.08491	0	0	0	-0.20011	0	0	0.19334	2.77267	0.12388	0	2.64879	-1.21705	0	0	-1.6204	-0.41097	10.2589	113.691	71.3094
VAL_157	-5.76184	2.4192	1.96755	-0.29016	0.31536	0.052	1.71382	4.87977	0.03238	0.35373	-0.83671	0.26116	0	0	0	0	0	0	0.15074	0.70398	0.21969	0.48429	0	0.99084	0	0	2.7371	0.2944	10.6873	156.596	25.404
SER_158	-2.11001	0.548	2.91663	-0.0325	0.00281	0.02418	1.32052	3.51031	0	0	-0.83826	-0.68119	0	0	0	-0.20011	0	0	0.53057	1.62459	0.16223	1.46236	0	-0.57307	0	4.04	-0.539	0.61663	11.7847	47.0315	114.968
LYS_159	-5.88302	1.87034	6.31779	-0.49785	0.3505	0.27153	2.81126	7.10108	0.03029	0.14302	-2.75082	0.00804	0	0	0	0	0	0	-0.09627	5.79038	2.17126	3.61911	0	-0.17766	0	0	-0.8895	-0.31702	19.8725	176.409	75.5912
PHE_160	-10.5117	2.55338	1.39031	-0.50007	0.29303	0.12628	1.28654	6.45841	0.03155	0.33868	-0.85938	0.19833	0	0	0	0	0	0	7.56359	5.66909	1.73679	0	3.9323	0.16626	0	0	1.9602	-0.93427	20.8993	223.621	13.3793
ILE_161	-5.8831	0.84991	4.04249	-0.49415	0.72681	0.11136	2.98355	6.50546	0	0	-2.14955	0.16383	0	0	0	0	0	0	-0.04851	2.30056	1.63587	0.66469	0	-0.99774	0	0	1.8006	-1.15479	11.0573	143.965	63.0347
TRP_162	-6.00458	0.63205	0.50752	-0.95564	0.12313	0.41626	0.5197	3.36019	0.00083	0.01505	-0.71211	-0.21201	0	0	0	0	0	0	1.89657	2.8973	0.03187	0	2.86543	-0.13917	0	0	3.7077	-0.12981	8.82026	170.684	99.3156
VAL_163	-7.04246	0.77949	3.1525	-0.27098	0.26987	0.05264	2.61645	6.57736	0.02611	0.12171	-0.83902	0.25826	0	0	0	0	0	0	-0.14391	0.14896	0.02199	0.12698	0	-0.58772	0	0	2.7371	-0.05799	7.94732	168.986	13.0137
GLN_164	-3.63999	0.59351	3.71093	-0.4542	0.4132	0.31755	1.9579	4.25419	0	0	-1.86123	-0.04164	0	0	0	0	0	0	-0.11878	11.0833	4.85481	0	6.2285	0.17386	0	0	-0.1077	-0.76733	26.5969	105.214	111.786
GLN_165	-7.69106	1.1478	6.55411	-0.46067	0.24549	0.41223	2.98216	8.09148	0.02456	0.19941	-0.95935	-1.07684	0.13128	0	0	-0.53604	0	0	1.14399	4.38534	0.25386	0	4.13148	0.01107	0	0	-0.1077	2.52051	21.4031	203.917	13.083
PRO_166	-2.84333	0.42444	2.15903	-0.10672	0.00517	0.08418	0.84053	1.90439	0	0.00014	-0.24215	0.24247	0.37305	0	0	0	0	0	1.46496	27.9309	27.806	0.12493	0	-1.53083	0	0	-4.6787	2.64275	56.6012	112.199	86.8008
GLY_167	-1.12602	0.08434	1.61556	-0.00027	0	0	0.78405	1.95602	0.02456	0.19941	0.78574	0.31423	0	0	0	0	0	0	0	0	0	0	0	0	0	0	1.435	-0.08637	5.98625	49.0869	114.913
HIS_168	-2.29832	0.09981	2.4402	-0.4137	0.00747	0.54716	1.2028	2.89467	0.00033	0.00496	-1.48462	-0.68082	0	0	0	0	0	0	2.46829	2.42904	0	0	2.42904	0	0	0	0.8406	0	10.4869	80.2042	160.796
LEU_169	-5.77646	1.19258	2.34907	-0.489	1.31582	0.08742	0.73196	4.90098	0	0	-0.99244	0.18359	0	0	0	0	0	0	0.07491	1.52965	0.82677	0.70288	0	-0.47583	0	0	1.3223	-0.31052	7.17368	167.068	42.9325
GLU_170	-5.996	0.26366	6.29354	-0.38564	0.12812	0.61498	2.24175	6.89451	0.09082	0.92273	-1.78768	-0.7942	0	0	0	0	0	0	0.08679	5.42378	0.87876	0	4.54502	0.12866	0	0	-1.6358	-0.58795	17.3259	201.715	21.2853
SER_171	-3.27523	0.49562	4.23136	-0.04496	0.00357	0.06766	2.08561	5.26643	0.11963	0.80564	-1.78579	-0.87091	0	0	0	0	0	0	-0.06159	1.26696	0.00176	1.26519	0	-0.16838	0	4.04	-0.539	-0.7822	12.1214	103.873	58.1267
THR_172	-5.47588	1.32005	2.98822	-0.11124	0.0551	0.073	0.71644	5.06164	0.02916	0.28338	-0.18794	-0.61147	0	0	0	0	0	0	3.45877	0.32788	0.20598	0.1219	0	-0.86174	0	5.01243	-0.9333	-1.03535	10.437	141.348	32.6524
SER_173	-3.43469	0.16095	4.40411	-0.0392	0.02553	0.05311	2.57557	5.28149	0.01095	0.09259	-1.39632	-0.39443	0	0	0	0	0	0	0.54553	3.90201	3.70868	0.19333	0	-0.73604	0	4.04	-0.539	-0.85329	17.6009	105.522	56.4783
LEU_174	-3.56379	0.41429	1.81017	-0.5852	0.78686	0.13216	0.67468	3.43578	0	0	-0.13572	0.44982	0	0	0	0	0	0	0.0328	0.98579	0.3524	0.63339	0	-0.23254	0	0	1.3223	-0.69778	5.81541	98.003	111.997
TYR_175	-8.41729	1.56134	4.47002	-0.6898	0.10673	0.10494	3.12474	7.44259	0.00545	0.02974	-1.17573	-0.44734	0	0	0	0	0	0	0.11934	4.22899	0.17495	0	4.05404	-0.21884	0	0	1.7379	-0.1503	16.0615	221.212	26.7881
LYS_176	-4.18389	0.37553	2.78813	-0.40659	0.11117	0.21818	0.42411	3.67024	0	0	0.4626	-0.02166	0	0	0	0	0	0	0.45285	3.25593	0.59279	2.66314	0	0.23724	0	0	-0.8895	0.9259	10.6761	113.945	138.055
LYS_177	-4.41551	0.20857	4.90229	-0.57912	0.36998	0.26091	3.11482	5.59522	0	0	-2.88311	0.1529	0	0	0	-0.62514	0	0	-0.13248	3.27707	0.85223	2.42484	0	0.33414	0	0	-0.8895	2.60008	14.5682	116.02	135.98
SER_178	-1.79988	1.53911	2.60281	-0.02973	2e-05	0.0495	1.24444	2.91919	0	0	-0.29101	-0.88579	0	0	0	-0.07122	0	0	0.12513	0.84949	0	0.84949	0	0.21528	0	0.6	-0.539	1.75433	9.13217	66.6075	95.3925
SER_179	-1.88049	1.39871	2.67183	-0.03738	0.00017	0.06628	1.09192	3.0821	0.00023	0.00318	-0.46253	-0.59703	0	0	0	-0.07122	0	0	-0.02502	0.69575	0	0.69575	0	1.88686	0	1.72235	-0.539	2.43423	12.1367	73.7233	88.2767
SER_180	-4.31243	0.64066	3.93234	-0.02956	0.00279	0.02535	2.20109	5.06672	0.04952	0.18561	-0.41309	-0.39977	0	0	0	0	0	0	0.8053	4.81055	4.13982	0.67072	0	0.33607	0	4.04	-0.539	4.47186	25.6846	143.904	18.0956
THR_181	-7.06207	1.36795	4.89947	-0.14266	0.09523	0.09905	3.00817	7.31142	0.05497	0.21535	-1.56133	-1.15187	0.2505	0	0	-0.62514	0	0	0.42736	0.25185	0.08451	0.16734	0	-0.5609	0	5.02331	-0.9333	4.42808	15.6473	171.729	2.27126
PRO_182	-7.82159	3.3779	4.63938	-0.11596	0	0.0848	1.67077	5.05998	0	0	-1.13793	0.33525	1.34517	0	0	0	0	0	0.11401	1.09476	0.89243	0.20234	0	-2.02713	0	0	-4.6787	5.01418	8.04964	197.784	1.2163
PRO_183	-3.73577	1.90837	3.49398	-0.10945	0.00275	0.08223	1.8539	3.68164	0.0033	0.01242	-0.65268	0.26873	0.6036	0	0	-0.80143	0	0	-0.07008	1.28982	1.18994	0.09989	0	-1.83978	0	0	-4.6787	2.53984	5.14252	120.859	78.1406
ARG_184	-4.02314	0.84006	4.49792	-0.84451	0.351	0.63386	0.90315	5.0789	0	0	0.2445	-0.12894	0	0	0	0	0	0	0.07548	6.5381	3.73338	2.80472	0	0.71607	0	0	-0.1423	1.75636	23.0346	128.558	136.442
GLY_185	-4.06664	0.91051	3.11869	-0.00024	0	0	1.97365	4.7472	0.0033	0.01242	-1.45003	-0.19398	0	0	0	0	0	0	-0.06768	0	0	0	0	-2.44006	0	0	1.435	2.27704	6.25917	159.743	4.25705
VAL_186	-7.24483	0.85434	2.81133	-0.29779	0.26244	0.06117	2.91097	5.96626	0.00067	0.00256	-2.22664	-0.48536	0	0	0	0	0	0	-0.07564	2.22042	1.70983	0.51059	0	0.01478	0	0	2.7371	0.55108	10.2833	182	0
THR_187	-5.78737	1.15123	4.94111	-0.16196	0.06525	0.11866	2.30866	6.56187	0.02739	0.41195	-1.15536	-0.83618	0	0	0	-0.20432	-0.09354	0	-0.06822	4.44181	0.46527	3.97654	0	0.58238	0	5.03176	-0.9333	0.64195	21.4856	148.111	25.8886
VAL_188	-8.51081	1.76383	3.74829	-0.2595	0.26039	0.05075	3.23484	8.24301	0.01028	0.09002	-2.47593	-0.12059	0	0	0	0	0	0	-0.08336	0.7415	0.00834	0.73316	0	-1.03269	0	0	2.7371	0.40941	9.54805	181.392	0.60815
VAL_189	-8.20882	1.86369	2.75012	-0.2736	0.18906	0.05597	3.14176	7.02791	0.00161	0.027	-2.51474	0.25788	0	0	0	0	0	0	-0.02441	1.6621	1.34244	0.31966	0	0.28978	0	0	2.7371	0.19997	10.8445	182	0
ASN_190	-5.69162	0.68277	5.89413	-0.41121	1.11888	0.7635	2.66561	7.68155	0.08442	0.62508	-0.50104	0.28754	0	0	0	0	0	0	1.91245	8.75866	0.09572	0	8.66294	-0.75796	0	0	-0.3009	0.38415	31.9547	116.788	67.2122
ASN_191	-2.92229	0.21427	3.2295	-0.44132	0.58095	0.83946	1.4243	4.14451	0.15585	0.97802	0.53158	-0.12715	0	0	0	0	0	0	0.07736	6.32125	0.08664	0	6.2346	-1.16681	0	0	-0.3009	0.31043	20.1703	95.7454	88.2546
PHE_192	-9.19623	1.62915	1.89026	-0.59005	0.29915	0.02477	1.97731	6.34297	0	0	-1.23944	-0.1124	0	0	0	0	0	0	0.76169	5.22301	0.97721	0	4.24581	0.10642	0	0	1.9602	-0.2031	14.0967	231.973	5.02674
ASP_193	-4.96627	1.17517	7.53411	-0.21523	0.07455	0.70181	4.7372	8.11701	0.00299	0.05428	-5.47307	-1.23788	0	0	0	0	-0.13258	0	1.02865	2.85533	0.03564	0	2.81968	-0.84435	0	0	-1.6204	-0.58012	14.0665	127.451	57.549
ALA_194	-3.83649	0.86018	2.77127	-0.02445	0.00021	0	2.04371	4.68616	0	0	-0.84154	-0.38372	0	0	0	0	0	0	-0.12192	0	0	0	0	-0.39815	0	0	2.2619	-0.5453	6.47186	135.978	17.0216
LYS_195	-4.52113	1.85653	5.80555	-0.48417	0.29692	0.29098	2.97742	6.25406	0	0	-3.9693	0.60217	0	0	0	0	-0.13258	0	-0.12663	3.98535	1.33951	2.64584	0	-0.06989	0	0	-0.8895	-0.8935	14.9676	94.7519	157.248
ARG_196	-6.59123	0.99743	6.0136	-0.5741	0.21589	0.34399	2.65014	6.92787	0.02375	0.23244	-1.59392	0.32874	0	0	0	-0.0946	0	0	0.45239	3.53727	0.63916	2.89811	0	-0.1059	0	0	-0.1423	-0.81481	15.3439	140.034	124.966
TYR_197	-9.53	0.93128	3.05165	-0.80888	0.07579	0.4446	3.44569	7.08999	0	0	-2.08335	-0.30974	0	0	0	-0.61472	-0.67155	0	-0.08463	5.87005	0.62864	0	5.24142	-0.00114	0	0	1.7379	-0.71969	13.6933	246.461	1.53938
LEU_198	-6.53475	1.13006	3.9192	-0.4978	0.72399	0.08904	2.89675	6.67957	0	0	-1.74961	0.47727	0	0	0	-0.77907	0	0	0.08108	0.85292	0.4985	0.35442	0	0.2202	0	0	1.3223	0.14147	9.82556	158.928	51.0715
GLY_199	-3.03096	0.53424	3.64451	-0.00058	0	0	2.69623	4.90137	0.00061	0.00197	-1.77317	-0.27779	0	0	0	0	0	0	0.73058	0	0	0	0	-2.51962	0	0	1.435	1.31862	7.66103	129.666	34.3341
THR_200	-3.69654	0.24351	2.60558	-0.16177	0.09836	0.05914	1.04934	4.10846	0	0	-0.69815	-0.59723	0	0	0	-0.29015	0	0	0.39874	0.44033	0.08282	0.35752	0	-0.18746	0	5.02763	-0.9333	1.00951	8.91636	101.061	72.9393
TRP_201	-14.0537	2.06465	5.99442	-0.73984	0.08072	0.32857	3.85082	11.6125	0.00227	0.02892	-3.62949	-0.26188	0	0	0	-0.61472	0	0	0.48692	1.94652	0.00086	0	1.94566	-0.00501	0	0	3.7077	0.07884	12.8248	270	0
TYR_202	-9.23379	1.15515	4.14397	-0.61483	0.09032	0.30801	3.19015	7.25883	0	0	-3.23814	-0.12344	0	0	0	0	0	0	1.151	2.81159	0.00744	0	2.80415	-0.25196	0	0	1.7379	-0.44513	10.7512	187.705	60.2949
GLU_203	-8.43352	1.46694	9.08184	-0.34539	0.12665	0.46324	4.16473	10.2939	0.0015	0.01304	-2.29124	-0.21262	0	0	0	-0.57111	-0.38409	0	-0.17455	5.02207	0.07215	0	4.94992	0.4087	0	0	-1.6358	-0.14971	21.8666	217.014	5.9857
ILE_204	-8.00638	0.68632	3.20094	-0.70524	2.38284	0.15994	2.1528	6.25838	0.04354	0.21535	-1.89872	0.25263	0	0	0	0	0	0	-0.08651	1.36538	0.1355	1.22988	0	-0.51182	0	0	1.8006	0.31552	8.99096	196.4	10.6
ALA_205	-6.44311	1.81644	2.30055	-0.023	0	0	2.7679	5.92154	0	0	-1.59771	-0.40275	0	0	0	0	0	0	0.13149	0	0	0	0	-0.67114	0	0	2.2619	0.01538	6.07749	153	0
ARG_206	-12.153	1.73	11.3637	-0.72501	0.34741	0.51535	5.54322	13.3989	0.0427	0.45232	-5.80005	-0.06211	0	0	0	-0.78628	-0.38409	0	2.82141	5.05312	1.42416	3.62897	0	-0.29512	0	0	-0.1423	-0.29262	25.6807	261.863	3.13733
PHE_207	-12.1961	9.38256	5.85607	-0.57485	1.43513	0.22855	3.25078	10.0404	0	0	-0.98556	-0.04588	0	0	0	0	0	0	4.37902	4.96248	0.13956	0	4.82292	-0.17356	0	0	1.9602	-0.78962	31.692	234.438	2.56172
ASP_208	-3.27127	0.08281	4.48468	-0.15933	0.04271	0.49939	1.07072	4.80855	0.11619	0.80708	-1.82533	-0.78114	0	0	0	0	0	0	-0.01469	5.76928	2.40731	0	3.36197	-1.41019	0	0	-1.6204	0.59231	14.9607	126.741	58.2587
HIS_209	-10.3258	22.0434	9.82027	-0.42308	0.00732	0.55104	4.62586	12.6334	0.03571	0.22272	0.08573	-0.08978	0	0	0	0	0	0	0.21056	5.29624	1.41627	0	3.87998	0.1121	0	0	0.8406	0.82277	51.7654	235.107	5.89312
ARG_210	-3.73378	0.40567	3.24452	-0.6683	0.64626	0.4572	1.08865	4.1663	0	0	0.2366	0.31235	0	0	0	0	0	0	0.59981	9.75068	3.71252	6.03816	0	-0.23109	0	0	-0.1423	-0.5024	25.3808	105.488	159.512
PHE_211	-2.55648	0.21102	1.90246	-0.58571	0.06103	0.31432	0.55717	2.51004	0	0	0.30148	-0.02841	0	0	0	0	0	0	0.17327	3.15712	0.22487	0	2.93225	0.40657	0	0	1.9602	0.64989	12.1911	41.5465	195.454
GLU_212	-6.91534	5.69424	8.70975	-0.23879	0.05889	0.36668	4.62411	9.3336	0	0	-2.44927	-0.52481	0	0	0	0	-0.7379	0	0.91211	5.5355	0.40277	0	5.13273	0.37116	0	0	-1.6358	1.70828	30.3479	192.87	30.13
ARG_213	-4.85259	0.35165	6.31753	-0.79032	0.47709	0.50524	2.27609	7.10015	0	0	-1.56113	0.71628	0	0	0	0	0	0	-0.19828	7.14882	4.16272	2.98611	0	0.05462	0	0	-0.1423	0.65264	25.2043	123.573	141.427
GLY_214	-2.04513	0.08001	2.4853	-5e-05	0	0	1.08162	2.93111	0.00749	0.01776	0.17635	-0.38302	0	0	0	0	0	0	-0.16929	0	0	0	0	-2.35547	0	0	1.435	-0.05449	3.20718	125.514	38.486
LEU_215	-7.32318	0.81595	3.98692	-0.51888	1.53576	0.09748	2.6503	6.88999	0	0	-2.54236	0.4273	0	0	0	-0.78628	0	0	-0.08596	2.96259	2.10967	0.85292	0	-0.20414	0	0	1.3223	-0.46122	11.7292	193.338	16.6617
GLU_216	-6.53016	1.14834	6.17558	-0.21703	0.19821	0.33754	3.01859	6.91696	0	0	-2.88754	-0.45159	0	0	0	0	0	0	1.03114	4.72402	0.62504	0	4.09898	0.31421	0	0	-1.6358	-0.44666	16.4198	174.592	48.4082
LYS_217	-5.63233	0.97754	4.22458	-0.43145	0.19862	0.31	2.2476	5.22122	0	0	-1.19497	0.15564	0	0	0	0	0	0	1.95489	4.47658	2.10683	2.36974	0	-0.14156	0	0	-0.8895	0.41781	16.3712	174.532	77.4679
VAL_218	-7.52196	2.03158	4.56719	-0.27304	0.28726	0.0549	2.80006	7.92026	0.00108	0.01177	-2.58452	0.22194	0	0	0	0	0	0	0.87392	0.3172	0.15996	0.15724	0	-0.5146	0	0	2.7371	-0.22839	11.019	175.845	6.15517
THR_219	-5.32803	0.8097	4.00206	-0.11234	0.04385	0.07436	3.52729	6.19026	0.00277	0.01388	-2.2923	-0.62601	0	0	0	0	0	0	0.14289	0.53525	0.31647	0.21878	0	-0.53251	0	4.95128	-0.9333	-1.0012	10.0031	150.593	23.4068
ALA_220	-4.4392	0.3361	3.08692	-0.0265	0.00777	0	3.41625	5.45415	0	0	-2.25274	-0.46457	0	0	0	0	0	0	-0.01163	0	0	0	0	0.89421	0	0	2.2619	-0.02294	8.23972	146.852	6.14812
THR_221	-4.9672	0.7175	4.53189	-0.15248	0.07066	0.05717	3.10082	6.22609	0.00123	0.02568	-2.343	-0.67069	0	0	0	0	0	0	0.41528	1.02133	0.78217	0.23916	0	-0.19085	0	5.04301	-0.9333	0.55161	13.5261	122.005	51.9951
TYR_222	-8.74664	1.99721	2.7213	-0.64285	0.07881	0.38615	3.32864	6.58048	0.01249	0.17568	-2.58459	-0.15356	0	0	0	0	0	0	0.14414	3.92157	0.55084	0	3.37073	-0.10791	0	0	1.7379	-0.28713	12.4832	244.475	3.52537
SER_223	-3.77879	0.94104	3.93265	-0.03988	0.01149	0.0575	2.74899	5.26837	0	0	-1.77203	-0.33212	0	0	0	0	0	0	1.07728	1.01262	0.63761	0.37501	0	-0.55732	0	4.04	-0.539	-0.60918	12.4743	107.146	54.854
LEU_224	-3.41163	0.31939	1.11085	-0.49029	1.10494	0.07509	0.56494	2.72009	0	0	-0.38104	0.29196	0	0	0	0	0	0	0.00119	16.9224	16.0379	0.88446	0	-0.44438	0	0	1.3223	-0.68346	35.9447	94.0482	115.952
ARG_225	-8.93222	4.06481	10.2839	-0.93003	0.85811	0.55492	3.9531	10.8796	0.00718	0.03043	-2.85143	0.23171	0	0	0	0	-0.49386	0	-0.0231	5.16969	1.45633	3.71336	0	-0.07618	0	0	-0.1423	-0.35264	27.4014	198.118	66.8818
ASP_226	-1.21404	0.31368	1.82934	-0.11281	0.00023	0.34961	0.61655	2.15026	0	0	0.50719	-0.44733	0	0	0	0	0	0	0.18686	7.53527	0.65032	0	6.88495	0.25896	0	0	-1.6204	0.0665	17.9551	13.9018	171.098
ASP_227	-3.45833	0.3758	5.78614	-0.25021	0.11991	0.85483	2.94855	6.19788	0.00241	0.01865	-2.58338	-1.38132	0	0	0	-0.5001	-0.49386	0	-0.06682	2.70537	0.24221	0	2.46316	-0.94715	0	0	-1.6204	1.07585	11.4892	91.0187	93.9813
GLY_228	-1.73648	0.30669	2.34078	-5e-05	0	0	1.22102	3.05384	0	0	-1.18062	-0.36984	0	0	0	0	0	0	2.50312	0	0	0	0	-2.42361	0	0	1.435	0.17164	5.32149	115.026	48.9744
GLY_229	-4.20548	0.72509	3.79403	-0.00032	0	0	2.33689	5.38076	0.0096	0.04908	-2.77889	-0.17862	0	0	0	-0.5001	0	0	0.22903	0	0	0	0	-1.2642	0	0	1.435	-0.99076	4.04108	164	0
LEU_230	-7.07156	0.89423	3.50359	-0.49206	1.19979	0.10837	3.0741	6.59457	0.00773	0.04286	-2.45624	0.08735	0	0	0	0	0	0	3.83282	1.54909	0.602	0.94709	0	-0.14912	0	0	1.3223	-0.26005	13.3369	207.438	2.56172
ASN_231	-5.84603	4.5604	6.3914	-0.19738	0.104	0.27789	3.86316	7.73376	0.03033	0.17611	-2.53912	-0.49922	0	0	0	0	0	0	0.05109	5.04902	0.07583	0	4.97319	0.30981	0	0	-0.3009	-0.3611	23.8522	140.332	43.6682
VAL_232	-6.83469	1.02369	2.7946	-0.2749	0.29399	0.05767	2.74563	6.33816	0.0226	0.13325	-2.46373	-0.32819	0	0	0	0	0	0	2.68549	0.27649	0.00319	0.2733	0	-1.23368	0	0	2.7371	-0.59855	7.65144	178.669	3.33141
ILE_233	-6.07806	0.506	4.30948	-0.49476	1.09096	0.10762	2.96531	6.29705	0.00837	0.02625	-2.51147	-0.00126	0	0	0	0	0	0	0.95452	3.99791	3.62166	0.37625	0	-1.06495	0	0	1.8006	-0.64951	15.262	151.391	55.6092
ASN_234	-4.98248	1.23693	4.33226	-0.1977	0.30186	0.27941	3.59567	6.34289	0.01526	0.18956	-2.79916	-0.54318	0	0	0	0	0	0	0.68531	6.04575	8e-05	0	6.04567	0.29201	0	0	-0.3009	-0.24435	20.2949	150.461	33.5395
LYS_235	-5.90107	1.7072	5.13475	-0.37509	0.14298	0.16732	3.56948	6.10135	0.12462	0.38874	-2.17829	0.0898	0	0	0	0	0	0	0.02749	4.99539	2.04915	2.94624	0	0.05092	0	0	-0.8895	-0.22334	17.9282	165.319	86.6808
GLY_236	-4.46312	0.75372	3.14242	-0.00213	0	0	2.54979	5.08279	0.01495	0.04405	-2.48995	-0.40009	0	0	0	0	0	0	0.09803	0	0	0	0	-0.16149	0	0	1.435	0.69685	6.30082	163.325	0.675055
TYR_237	-9.61037	1.55492	5.03707	-0.78246	0.11478	0.12305	3.19385	8.40858	0.0037	0.04821	-2.77106	-0.40423	0	0	0	0	0	0	0.20518	3.21962	0.03173	0	3.18789	0.02494	0	0	1.7379	0.60876	13.9321	188.631	59.3691
ASN_238	-7.8554	2.10957	7.29129	-0.33004	0.31153	0.59461	4.79185	9.4936	0.01797	0.07727	-3.93275	-0.82632	0.33784	0	0	0	-0.68968	0	-0.0572	2.51775	0.1478	0	2.36995	-0.7016	0	0	-0.3009	2.36784	17.735	164.702	19.2983
PRO_239	-4.92352	1.38041	3.33774	-0.07617	0	0.04937	1.37637	3.66586	0.00067	0.01499	-0.18905	0.65855	0.78884	0	0	0	0	0	0.49019	4.25333	3.62403	0.6293	0	1.95844	0	0	-4.6787	2.89072	15.2514	148.089	50.911
ASP_240	-2.36812	0.36499	2.59103	-0.11543	0.01933	0.35638	0.91198	3.07739	0	0	-0.08992	-0.28144	0	0	0	0	0	0	-0.01249	2.31706	0.00065	0	2.31641	0.07906	0	0	-1.6204	0.19298	7.73947	58.5986	126.401
ARG_241	-4.23847	1.33718	3.83181	-0.73218	0.53181	0.42287	1.20496	4.33115	0	0	0.00255	0.14485	0	0	0	0	0	0	0.03785	25.712	22.5693	3.14266	0	-0.08615	0	0	-0.1423	-0.32571	57.7442	82.0455	182.955
GLY_242	-2.70481	0.49679	2.57013	-5e-05	0	0	1.67642	3.58873	0	0	-0.64144	-0.45254	0	0	0	0	0	0	-0.28587	0	0	0	0	-0.94982	0	0	1.435	-0.47025	4.26229	123.468	40.5317
MET_243	-4.75346	0.45524	4.7018	-0.36153	0.23901	0.01425	2.34962	5.88581	0	0	-1.72818	-0.09386	0	0	0	0	0	0	4.23806	10.8803	8.72551	2.15475	0	-0.27388	0	0	1.4633	-0.13393	33.7628	132.616	129.384
TRP_244	-6.7285	1.31492	2.14058	-0.85754	0.0665	0.3499	0.88006	4.13953	0	0	-0.51915	0.09142	0	0	0	0	0	0	0.54213	2.87432	0.14136	0	2.73297	-0.19982	0	0	3.7077	-0.55799	10.1184	123.947	146.053
GLN_245	-4.50855	0.81094	4.63968	-0.37414	0.3947	0.32747	3.18683	5.60332	0	0	-2.63862	-0.2938	0	0	0	0	-0.68968	0	0.87776	15.2118	9.21061	0	6.00124	-0.12519	0	0	-0.1077	-0.74842	36.7783	143.571	73.4292
GLN_246	-3.96297	1.21076	2.58887	-0.48705	0.28574	0.38921	1.21309	3.26869	0.11626	0.36249	0.04496	-0.52067	0	0	0	0	0	0	0.01575	5.79407	0.05044	0	5.74362	-0.15746	0	0	-0.1077	0.08988	15.938	121.115	95.8853
SER_247	-3.42754	0.20116	3.44379	-0.03497	0.01532	0.02616	2.48241	4.36547	0.00526	0.01948	-2.11333	-0.71185	0	0	0	0	0	0	-0.02303	1.0523	0.44579	0.6065	0	0.63544	0	4.04	-0.539	0.29026	10.7796	112.549	49.451
GLU_248	-3.40004	0.39414	2.23829	-0.21551	0.13869	0.31396	0.93793	3.03339	0.03822	0.20127	0.04609	-0.49093	0	0	0	0	0	0	-0.1196	6.82712	2.07227	0	4.75485	0.56134	0	0	-1.6358	0.13423	15.8299	100.129	122.871
GLY_249	-3.83005	0.4835	3.18143	-0.00099	0	0	2.607	4.76722	0.00526	0.01948	-2.86541	-0.28794	0	0	0	0	0	0	0.01704	0	0	0	0	0.09078	0	0	1.435	0.73415	6.35649	156.603	7.39684
LYS_250	-5.47326	0.69263	5.15493	-0.288	0.07124	0.15232	3.12136	6.19307	0	0	-1.66952	-0.29443	0	0	0	0	0	0	-0.01675	4.25123	1.35283	2.8984	0	0.09201	0	0	-0.8895	0.43825	15.7868	153.659	98.3406
ALA_251	-5.35586	2.22735	2.13435	-0.02382	1e-05	0	2.81461	5.39438	0	0	-2.60554	-0.39576	0	0	0	0	0	0	-0.02069	0	0	0	0	0.50844	0	0	2.2619	0.04152	6.98088	152.23	0.76969
TYR_252	-6.8829	0.72712	5.50198	-0.62509	0.06365	0.33075	3.69848	7.60487	0	0	-1.85827	-0.19981	0	0	0	0	0	0	0.08032	2.73334	0.16609	0	2.56725	-0.46141	0	0	1.7379	-0.11911	15.0652	179.374	68.6264
PHE_253	-7.45567	1.49397	1.60672	-0.6011	0.0724	0.26178	1.63791	4.75337	0	0	-0.36138	0.22206	0	0	0	0	0	0	-0.08518	3.27415	0.06652	0	3.20762	0.07478	0	0	1.9602	-1.00043	9.12773	194.489	42.5114
THR_254	-4.01026	0.17843	3.16527	-0.13069	0.10275	0.0638	1.93979	4.70307	0.00572	0.05281	0.05512	-0.26618	0	0	0	0	0	0	-0.07437	0.28883	0.11292	0.1759	0	-0.18116	0	5.03705	-0.9333	-0.97655	9.30896	126.07	47.9302
GLY_255	-2.15141	0.76109	2.19593	-0.00069	0	0	0.93012	2.85948	0	0	0.35876	-0.22918	0	0	0	0	0	0	-0.10122	0	0	0	0	-1.88499	0	0	1.435	1.24201	5.41492	123.647	40.3529
ALA_256	-2.87168	0.52684	2.76559	-0.02533	0.00076	0	1.82466	3.85806	0	0	0.01752	-0.1919	0.00696	0	0	0	0	0	-0.05147	0	0	0	0	-0.20015	0	0	2.2619	3.49996	11.4217	96.9191	56.0809
PRO_257	-3.70299	0.67162	1.41839	-0.09936	0.00647	0.06196	1.21111	2.62287	0	0	0.02384	0.68091	0.06091	0	0	0	0	0	0.95719	1.50835	0.90287	0.60548	0	-0.628	0	0	-4.6787	2.23532	3.85824	96.92	102.08
THR_258	-5.14104	0.8974	4.4199	-0.13413	0.09749	0.06596	2.74156	6.23925	0.02785	0.16235	-0.98212	-0.03872	0	0	0	0	0	0	1.34548	2.41976	2.30721	0.11256	0	-0.43772	0	5.07873	-0.9333	-0.11647	18.132	114.4	59.6001
ARG_259	-7.85973	1.64885	6.41353	-0.69184	0.28453	0.51689	3.73081	8.78729	0.02155	0.33993	-0.83871	0.47003	0	0	0	0	0	0	0.32621	3.76111	0.65135	3.10975	0	0.30878	0	0	-0.1423	-0.45679	20.3813	199.79	65.21
ALA_260	-5.69047	1.70597	1.51965	-0.03018	0.02378	0	2.48708	5.24865	0.00869	0.02585	-2.38129	-0.51789	0	0	0	0	0	0	1.04883	0	0	0	0	-0.1452	0	0	2.2619	0.96135	6.52672	153	0
ALA_261	-5.5749	1.35471	2.53072	-0.02597	0.00327	0	2.69841	5.7376	0.01583	0.28712	-2.5986	-0.42569	0	0	0	0	0	0	0.12749	0	0	0	0	0.93096	0	0	2.2619	1.93237	9.25523	153	0
LEU_262	-8.71398	1.32097	2.81159	-0.49957	1.98549	0.11118	2.86278	6.99492	0	0	-2.43423	0.03668	0	0	0	0	0	0	1.13624	2.36851	0.37534	1.99316	0	0.34261	0	0	1.3223	1.52248	13.5365	206.666	3.33376
LYS_263	-5.52731	1.02501	4.18594	-0.51696	0.41494	0.38889	2.86779	5.64624	0.00226	0.00951	-2.44057	-0.25791	0	0	0	0	0	0	2.71672	6.72055	2.94985	3.77069	0	0.37569	0	0	-0.8895	0.41869	21.8605	161.334	90.6658
VAL_264	-6.41906	2.33411	2.26128	-0.26555	0.31114	0.05329	2.92402	5.88485	0	0	-2.48272	-0.27994	0	0	0	0	0	0	0.64188	1.20448	0.67565	0.52883	0	-1.30323	0	0	2.7371	-0.56312	8.243	173.609	8.39146
SER_265	-4.39678	1.1333	4.33242	-0.0352	0.02722	0.04766	3.26873	5.85031	0.00631	0.02631	-1.58566	0.09986	0	0	0	0	0	0	0.59427	1.35786	0.01614	1.34172	0	0.50885	0	4.04	-0.539	-0.3776	15.7167	140.292	21.7083
PHE_266	-5.16594	0.84408	1.23797	-0.61892	0.1289	0.33702	0.45292	3.63702	0.03822	0.20127	0.18009	0.14112	0	0	0	0	0	0	0.13903	3.04123	0.04201	0	2.99922	-0.14772	0	0	1.9602	0.92412	10.3718	161.136	75.8638
PHE_267	-2.30668	0.18745	1.89613	-0.8896	0.1991	0.23533	0.79493	2.70645	0.00405	0.0168	0.4793	-0.71847	0	0	0	0	0	0	8.56001	4.40961	1.02893	0	3.38069	-0.34205	0	0	1.9602	1.41392	23.0161	73.2432	163.757
GLY_268	-2.11194	0.38781	2.10451	-0.00028	0	0	0.97421	2.98801	0	0	0.49368	-0.17099	0.02448	0	0	0	0	0	-0.10259	0	0	0	0	-2.45798	0	0	1.435	3.84457	7.4085	115.296	48.7037
PRO_269	-3.05383	0.7061	0.5485	-0.16766	0.09463	0.11044	0.18564	1.4708	0	0	0.09165	0.21173	0.13264	0	0	0	0	0	0.25138	0.26628	0.06242	0.20386	0	-1.32596	0	0	-4.6787	4.77511	-0.11496	94.8146	104.185
PHE_270	-5.05519	0.93207	2.7993	-0.65718	0.10593	0.403	1.99546	4.69722	0	0	-0.85128	0.19111	0	0	0	0	0	0	2.08881	3.15733	0.13794	0	3.0194	-0.09313	0	0	1.9602	1.29321	16.1242	136.446	100.554
TYR_271	-4.88815	1.70197	1.89279	-0.68059	0.41661	0.43062	0.43082	3.51971	0.00023	0.00318	-0.27674	-0.20086	0	0	0	0	0	0	0.26744	3.66821	1.11172	0	2.55648	-0.25034	0	0	1.7379	-0.45944	10.9816	113.45	134.55
GLY_272	-2.41685	0.22386	3.15823	-0.00067	0	0	2.7202	3.95861	0	0	-2.07094	-0.3155	0	0	0	0	0	0	-0.10359	0	0	0	0	1.69659	0	0	1.435	1.87425	10.1592	135.961	28.039
GLY_273	-3.10197	0.70781	2.23311	-0.00025	0	0	1.12079	3.37718	0	0	-0.95751	-0.26865	0	0	0	0	0	0	-0.15726	0	0	0	0	1.0844	0	0	1.435	2.37058	7.84322	157.243	6.75656
TYR_274	-7.83432	0.73756	3.71683	-0.71268	0.49278	0.22614	4.00791	7.1852	7e-05	0.00028	-2.48506	-0.57468	0	0	0	0	-0.67155	0	1.11587	3.97562	0.03701	0	3.93861	-0.29266	0	0	1.7379	1.25195	15.8528	216.849	31.1512
ASN_275	-8.30145	0.85825	5.58809	-0.21549	0.05655	0.34695	4.14837	9.07687	0	0	-1.75626	-0.62182	0	0	0	0	0	0	0.0397	5.24646	0.48148	0	4.76498	-0.0894	0	0	-0.3009	1.10451	20.4269	184	0
VAL_276	-7.69885	1.34276	1.52528	-0.2798	0.22894	0.05976	2.83818	6.31452	0.00168	0.02727	-2.43319	-0.08502	0	0	0	0	0	0	-0.07975	0.63026	0.5616	0.06867	0	-0.32247	0	0	2.7371	0.18931	5.62624	182	0
ILE_277	-8.32987	1.16348	2.03769	-0.54666	2.21153	0.13319	1.89801	5.72335	0	0	-0.91539	0.22748	0	0	0	0	0	0	2.75131	1.05196	0.24339	0.80856	0	0.31484	0	0	1.8006	0.28194	10.8554	206.392	0.60815
ALA_278	-5.0042	1.60497	1.72932	-0.02396	0.00036	0	2.5305	4.83223	0	0	-1.27521	-0.43655	0	0	0	0	0	0	-0.04555	0	0	0	0	-0.21762	0	0	2.2619	0.39644	6.35264	151.975	1.02469
LEU_279	-8.38465	2.602	1.72216	-0.55973	0.27642	0.14407	2.41408	5.7408	0	0	-2.3089	0.19402	0	0	0	0	0	0	-0.08607	1.26337	0.36907	0.89429	0	-0.19921	0	0	1.3223	1.12456	6.52858	210	0
ASP_280	-7.51264	1.53581	10.552	-0.31324	0.03315	1.10386	6.04581	12.113	0.02725	0.27229	-7.21809	-0.70606	0	0	0	-1.26955	0	0	1.05985	6.40045	1.23948	0	5.16097	0.2002	0	0	-1.6204	0.62348	27.7275	177.986	7.01362
ARG_281	-5.87053	0.26214	6.67449	-0.64904	0.28828	0.39075	1.7748	7.49797	0.00069	0.00355	-1.0997	0.17987	0	0	0	0	0	0	0.94363	4.00542	0.6953	3.31012	0	-0.1755	0	0	-0.1423	-0.51119	17.5788	135.466	129.534
GLU_282	-4.45864	0.79097	5.27038	-0.21527	0.05713	0.30055	1.88441	5.58449	0	0	-1.98145	-0.48918	0	0	0	0	-0.75223	0	-0.01033	5.20822	1.46874	0	3.73948	0.06472	0	0	-1.6358	-0.34409	14.4821	132.03	90.9695
TYR_283	-10.5057	2.36002	5.39809	-0.59508	0.52576	0.30821	3.4895	8.85385	0.03751	0.24988	-1.58087	-0.50256	0	0	0	-0.43091	0	0	-0.0801	4.84281	0.56787	0	4.27494	0.35842	0	0	1.7379	0.57623	19.8858	237.314	10.6858
ARG_284	-7.64196	2.51556	8.75125	-0.46873	0.49302	0.26393	4.54119	9.78281	0.0096	0.0462	-5.72992	0.25573	0	0	0	-0.69039	-0.75223	0	-0.00618	7.27621	4.56644	2.70977	0	-0.21428	0	0	-0.1423	0.65479	26.2205	171.399	93.6008
HIS_285	-7.46719	3.0846	5.60815	-0.46991	0.02899	0.63507	2.85092	7.87609	0.01192	0.09143	-2.20207	-0.01959	0	0	0	-0.57916	0	0	0.1337	11.2405	5.10671	0	6.13374	-0.54397	0	0	0.8406	-0.19383	32.1666	224.191	16.8094
ALA_286	-5.19452	0.58298	2.16553	-0.02362	6e-05	0	2.94547	5.18018	0	0	-2.57277	-0.42972	0	0	0	0	0	0	0.20468	0	0	0	0	-0.83795	0	0	2.2619	-0.31826	3.96395	153	0
LEU_287	-9.55193	1.89855	2.87626	-0.54319	1.14214	0.12421	3.77813	7.30629	0	0	-3.0928	0.24595	0	0	0	0	0	0	0.44682	2.68348	1.70253	0.98095	0	-0.3769	0	0	1.3223	-0.14804	10.7948	210	0
VAL_288	-8.11897	1.91674	2.46724	-0.27792	0.52198	0.05768	3.14017	6.82761	0	0	-2.46856	-0.22925	0	0	0	0	0	0	0.34394	0.40611	0.00506	0.40105	0	-1.27341	0	0	2.7371	-0.39866	6.05791	182	0
CYS_289	-7.84278	1.06981	3.44007	-0.06825	3e-05	0.05887	3.11841	5.55868	0	0	-1.98938	-0.23355	0	0	0	0	0	0	0.16949	2.34666	0.85708	1.48958	0	-0.20923	0	0	4.3148	-0.35577	11.7245	156	0
GLY_290	-4.11134	1.89146	3.72046	-0.00026	0	0	2.4063	5.03255	0	0	-0.59883	-0.17549	0.00481	0	0	0	0	0	0.1525	0	0	0	0	-2.01358	0	0	1.435	4.0736	11.8172	162.975	1.02469
PRO_291	-5.27733	0.95202	2.68927	-0.10281	0.0187	0.06607	0.66014	3.42823	0	0	0.01046	0.58907	0.10222	0	0	0	0	0	2.32122	0.68499	0.28358	0.40142	0	-0.08137	0	0	-4.6787	4.34285	6.41005	163.67	35.3301
ASP_292	-5.6598	1.48027	6.30479	-0.23513	0.18562	0.83278	3.33079	7.23889	0.02567	0.10303	-1.90102	-0.99006	0	0	0	-0.72114	0	0	1.85448	2.67635	0.06394	0	2.61241	-0.44557	0	0	-1.6204	0.99795	16.1338	137.776	47.2237
ARG_293	-9.13101	2.4738	8.51866	-0.68622	0.58792	0.48891	4.02592	9.93101	0.0053	0.02479	-3.43637	-0.09583	0	0	0	-1.58032	0	0	3.33335	3.17402	0.89665	2.27737	0	0.03084	0	0	-0.1423	1.58668	22.2832	234.3	30.6996
ASP_294	-4.16485	0.56275	5.26761	-0.12337	0.04674	0.38664	2.11696	6.29042	0.03781	0.15973	-3.40223	-0.11466	0	0	0	-0.72114	0	0	-0.04555	2.90526	0.00279	0	2.90247	-0.42241	0	0	-1.6204	0.16092	10.2255	117.505	67.4946
TYR_295	-7.98161	7.58436	4.36777	-0.6397	0.08424	0.35364	2.93168	6.93914	0.02136	0.06934	-1.35214	-0.20075	0	0	0	0	0	0	-0.08638	3.25723	0.04102	0	3.21621	-0.25157	0	0	1.7379	0.15196	20.2437	177.448	70.552
LEU_296	-10.2164	3.24345	2.0487	-0.49582	1.08589	0.07902	2.99334	6.87088	0.02842	0.10495	-1.52255	0.22888	0	0	0	0	0	0	-0.03863	3.1432	2.12239	1.02081	0	0.0216	0	0	1.3223	1.97388	14.0143	210	0
TRP_297	-10.8982	2.24861	6.51119	-0.91911	0.14697	0.66354	4.55954	10.2236	0	0	-4.62803	-0.23965	0	0	0	0	-0.7379	0	2.18668	3.06827	0.00422	0	3.06405	-0.0964	0	0	3.7077	1.05848	19.9236	204.727	65.273
ILE_298	-7.97449	0.6418	2.77845	-0.47592	0.85401	0.10483	3.14956	5.9818	0	0	-3.06935	0.11285	0	0	0	0	0	0	-0.07639	0.7474	0.24948	0.49791	0	-1.24468	0	0	1.8006	-0.60604	3.47183	207	0
LEU_299	-7.70978	1.29338	2.93767	-0.46644	0.35481	0.09569	3.14838	6.05635	0	0	-2.60084	0.10607	0	0	0	0	0	0	0.03247	1.14789	0.30629	0.84159	0	-0.36579	0	0	1.3223	-0.9251	5.57494	204.877	5.12343
SER_300	-6.93672	1.34953	6.20348	-0.03376	0.00802	0.0436	4.52165	8.15485	0	0	-1.99597	-0.0659	0	0	0	0	-0.09911	0	0.00634	1.8076	0.00221	1.80539	0	-0.61678	0	4.04	-0.539	-0.54938	17.1061	162	0
ARG_301	-9.00581	0.80637	8.56678	-0.76207	0.84744	0.43031	4.49999	10.6238	0.01456	0.05824	-4.4078	0.42641	0	0	0	-1.59472	0	0	0.78741	4.36035	0.72011	3.64024	0	-0.17011	0	0	-0.1423	-0.63539	19.0638	185.787	79.213
THR_302	-4.4634	0.84451	4.66275	-0.13377	0.09336	0.08975	2.56628	5.92301	0.00298	0.06906	1.06618	-0.516	0.04393	0	0	0	-0.09911	0	0.28955	1.23414	0.83688	0.39725	0	-0.25922	0	5.05982	-0.9333	2.22504	18.9997	108.699	65.301
PRO_303	-5.55904	0.82871	1.81197	-0.09235	0.00327	0.05835	0.74866	2.33825	0	0	-0.08351	0.65208	0.72766	0	0	0	0	0	3.24687	0.77199	0.22869	0.5433	0	-0.35567	0	0	-4.6787	2.53775	3.72827	157.302	41.6985
THR_304	-3.08688	0.41708	2.56537	-0.12464	0.09504	0.0847	1.06137	3.60055	0.00067	0.02383	0.62951	-0.83576	0	0	0	0	0	0	0.39331	0.1806	0.01013	0.17047	0	-0.62247	0	5.06571	-0.9333	-0.57039	8.1249	90.5703	83.4297
ILE_305	-5.24434	0.86857	0.6327	-0.52832	0.60098	0.14102	0.43243	2.83734	0	0	0.4131	-0.16387	0	0	0	0	0	0	0.07194	1.9553	1.2326	0.7227	0	-0.15089	0	0	1.8006	-0.64366	4.9782	174.053	32.9474
SER_306	-4.55897	0.30831	5.3768	-0.04911	0.0183	0.07282	3.18396	6.18158	0.00043	0.00491	-0.81317	-0.9463	0	0	0	0	0	0	0.01252	0.43623	0.08228	0.35395	0	-0.49454	0	4.04	-0.539	-0.80117	11.8698	132.602	29.398
ASP_307	-3.6696	1.08533	4.86057	-0.2315	0.03438	0.85464	2.44406	5.47303	0	0	-1.12078	0.61552	0	0	0	0	0	0	-0.05198	10.9611	2.80943	0	8.1517	0.14971	0	0	-1.6204	-0.54702	30.1982	102.884	82.1163
GLU_308	-5.24995	0.48643	6.78642	-0.32379	0.10991	0.36019	2.72528	7.36939	0	0	-1.95669	-0.49963	0	0	0	0	-0.66135	0	-0.0411	5.07846	0.06488	0	5.01357	-0.24092	0	0	-1.6358	-0.07863	17.3067	163.029	59.9715
VAL_309	-7.41003	1.40082	5.24251	-0.30614	0.27421	0.06997	3.01894	7.94169	0.04877	0.36346	-0.52776	-0.17615	0	0	0	0	0	0	0.14581	1.56846	1.29385	0.2746	0	-0.49646	0	0	2.7371	-0.09276	15.3709	180.463	1.53703
LYS_310	-7.53876	1.09218	6.73732	-0.45639	0.2295	0.18725	3.41023	8.29044	0.00043	0.00491	-2.68018	0.02207	0	0	0	0	0	0	-0.04638	9.74127	5.60389	4.13738	0	0.07714	0	0	-0.8895	0.28073	28.2035	185.729	66.2714
GLN_311	-5.55067	1.34024	6.23015	-0.61435	1.11077	0.67734	3.5712	7.65405	0	0	-2.17865	0.04157	0	0	0	0	0	0	0.46487	12.7635	3.98863	0	8.77484	-0.37185	0	0	-0.1077	0.05217	37.8461	130.905	86.0947
GLU_312	-6.24088	0.61086	6.96591	-0.32329	0.12655	0.32479	3.77747	8.7607	0.00033	0.00496	-3.80058	-0.47617	0	0	0	0	-0.71594	0	0.20515	5.82671	0.19108	0	5.63563	-0.32259	0	0	-1.6358	-0.45622	18.4587	184.866	38.1345
MET_313	-8.59193	1.19539	4.59628	-0.85799	12.0714	0.34656	3.24836	7.33149	0	0	-2.21337	0.06105	0	0	0	0	0	0	0.22593	6.18142	2.74626	3.43516	0	0.19144	0	0	1.4633	0.32358	31.7543	259.436	2.56407
LEU_314	-7.4007	1.76417	3.89336	-0.50822	1.29032	0.12202	3.3331	7.06514	0	0	-2.09363	0.3288	0	0	0	0	0	0	0.36002	1.38789	0.96031	0.42758	0	-0.42657	0	0	1.3223	0.76933	12.5952	190.315	19.6854
ALA_315	-4.05285	0.44752	4.3715	-0.02253	0	0	2.838	6.3681	0	0	-2.34707	-0.34052	0	0	0	0	0	0	0.21652	0	0	0	0	-0.21763	0	0	2.2619	-0.06007	9.46287	101.77	51.2304
VAL_316	-7.31991	1.25665	4.22703	-0.31449	0.5735	0.07261	3.25104	7.81287	0.00545	0.05859	-1.6211	-0.20737	0	0	0	0	0	0	-0.13656	0.34122	0.00958	0.33165	0	-0.44961	0	0	2.7371	-0.1939	10.4343	177.644	4.35609
ALA_317	-6.57109	1.12258	3.9308	-0.01898	0	0	3.4583	7.8502	0	0	-2.26438	-0.33924	0	0	0	0	0	0	0.51206	0	0	0	0	0.11187	0	0	2.2619	0.8925	10.9465	153	0
THR_318	-4.39504	0.52957	5.35606	-0.19835	0.13403	0.07105	2.55893	6.81933	0	0	-1.61358	-0.92116	0	0	0	0	0	0	0.06253	0.27506	0.10991	0.16515	0	0.09833	0	5.03047	-0.9333	1.32788	14.4769	103.386	70.6143
ARG_319	-5.72219	0.65726	6.6065	-0.8187	0.41194	0.58198	3.79209	7.80236	0.05655	0.69533	-3.21183	0.17349	0	0	0	0	-0.82722	0	-0.1315	5.70669	1.96225	3.74445	0	-0.29065	0	0	-0.1423	0.41702	21.4635	129.136	135.864
GLU_320	-7.45142	0.57189	8.49457	-0.48518	0.22978	1.0073	5.06749	9.55654	0.00545	0.05859	-4.54692	-0.36347	0	0	0	-0.98321	-0.73368	0	3.58487	5.05798	1.05918	0	3.9988	0.05104	0	0	-1.6358	0.18022	22.724	206.095	16.9052
GLY_321	-2.79483	0.86083	3.05432	-6e-05	0	0	1.28052	4.05288	0	0	-1.33391	-0.3825	0	0	0	0	0	0	-0.35172	0	0	0	0	-2.49942	0	0	1.435	-0.51719	2.80391	127.69	36.3103
PHE_322	-9.83578	2.24517	2.32412	-0.58973	0.29589	0.30219	1.62248	5.9814	0	0	-1.04817	0.3629	0	0	0	0	0	0	0.02899	4.00379	0.63846	0	3.36534	-0.24468	0	0	1.9602	-1.02008	10.3925	232.839	4.16125
ASP_323	-4.01422	0.55377	5.52554	-0.25922	0.27784	0.88496	3.08722	6.11779	0.00021	0.0037	-1.94585	-1.18631	0	0	0	-0.25325	0	0	1.02707	2.83359	0.27772	0	2.55588	-1.06306	0	0	-1.6204	-0.51134	12.2916	117.436	67.5644
VAL_324	-5.26641	1.43091	2.07887	-0.28768	0.188	0.05254	1.71151	4.66641	0.03707	0.39368	-0.71385	0.17305	0	0	0	0	0	0	0.84402	0.68186	0.18897	0.49289	0	0.93094	0	0	2.7371	0.03478	10.3747	145.17	36.8297
SER_325	-2.31424	0.44175	3.54687	-0.04122	0.02037	0.05327	1.75602	4.06344	0	0	-0.5857	-0.25097	0	0	0	-0.25325	0	0	0.1645	0.21752	0.02263	0.19489	0	-0.63615	0	4.04	-0.539	0.22778	10.1285	76.4193	85.5807
LYS_326	-6.08979	1.42882	6.52899	-0.48827	0.3135	0.28433	3.11653	7.41745	0.06614	0.23691	-3.58016	-0.00073	0	0	0	0	0	0	0.20749	6.22024	2.60383	3.61641	0	-0.10163	0	0	-0.8895	-0.32162	20.5689	183.003	68.997
PHE_327	-10.1975	2.05974	1.17705	-0.50807	0.28999	0.1525	1.20525	6.17452	0.03707	0.39368	-0.94579	0.18548	0	0	0	0	0	0	5.29641	4.80476	0.89811	0	3.90665	0.16351	0	0	1.9602	-0.79637	16.2572	226.757	10.2427
ILE_328	-5.55553	0.85512	4.40546	-0.67289	3.73455	0.13743	3.01947	6.37611	0	0	-2.28927	0.46358	0	0	0	0	0	0	0.00831	4.74323	3.55477	1.18845	0	-1.0608	0	0	1.8006	-1.12397	19.5846	140.884	66.1158
TRP_329	-6.02286	0.5793	0.99228	-0.93957	0.11977	0.44025	0.73217	3.911	0	0	-0.83508	-0.1675	0	0	0	0	0	0	1.07778	3.03996	0.16837	0	2.87159	-0.15189	0	0	3.7077	-0.06773	9.45552	168.998	101.002
VAL_330	-6.98299	0.88791	3.26534	-0.26677	0.31746	0.04961	2.53965	6.6106	0.04354	0.21535	-0.85469	0.35158	0	0	0	0	0	0	-0.13204	0.40354	0.04642	0.35711	0	0.0724	0	0	2.7371	0.34746	10.0086	169.196	12.8045
GLN_331	-3.62308	0.89428	3.35717	-0.52818	0.31704	0.4936	1.83778	3.97905	0	0	-2.0445	-0.58105	0	0	0	0	0	0	0.25892	5.53572	0.51305	0	5.02267	0.25279	0	0	-0.1077	0.05844	15.636	109.509	107.491
GLN_332	-7.12008	1.31873	5.73623	-0.47652	0.44792	0.44158	2.4869	7.0318	0	0	-1.58224	-1.09734	0.01993	0	0	-0.57111	0	0	0.31223	4.32187	0.11789	0	4.20398	-0.06195	0	0	-0.1077	2.91716	18.3393	190.795	26.2053
PRO_333	-2.79531	0.74936	2.28417	-0.15914	0.00082	0.16301	0.72582	1.77182	0	0	-0.03587	-0.34837	0.13167	0	0	0	0	0	0	3.38626	2.2	1.18627	0	0	0	0	-4.6787	2.66176	7.24357	80.0049	118.995