label	fa_atr	fa_rep	fa_sol	fa_intra_atr_xover4	fa_intra_rep_xover4	fa_intra_sol_xover4	lk_ball	lk_ball_iso	lk_ball_bridge	lk_ball_bridge_uncpl	fa_elec	fa_intra_elec	pro_close	hbond_sr_bb	hbond_lr_bb	hbond_bb_sc	hbond_sc	dslf_fa13	omega	fa_dun	fa_dun_dev	fa_dun_rot	fa_dun_semi	p_aa_pp	yhh_planarity	hxl_tors	ref	rama_prepro	total	BSA	SASA
ALA_1	-3.48814	3.15611	2.98195	-0.02702	0.00135	0	1.67239	4.95254	0.00062	0.0035	-1.18332	0.35597	0	0	0	0	0	0	-0.01022	0	0	0	0	0	0	0	2.2619	0	10.6776	74.6901	78.3099
ASP_2	-4.30307	2.78426	5.61056	-0.09904	0.00489	0.26765	3.37481	6.64193	0	0	-0.69393	-0.19792	0	0	0	0	0	0	-0.00932	12.052	5.42202	0	6.62999	0.32788	0	0	-1.6204	1.03538	37.2277	120.69	64.3096
ASN_3	-5.0022	2.22332	4.88661	-0.15931	0.00478	0.21562	2.86522	6.3235	0.00466	0.02154	-2.2413	-0.26437	0	0	0	0	-0.38163	0	-0.03657	8.09699	2.61055	0	5.48644	0.30326	0	0	-0.3009	0.74634	25.4026	119.023	64.9772
PHE_4	-8.8626	5.43531	4.66402	-0.50563	0.02391	0.11512	3.68758	7.87617	0	0	-2.35959	-0.17937	0	0	0	0	0	0	0.03844	15.4844	12.7718	0	2.71262	-0.19465	0	0	1.9602	-0.55078	42.117	219.995	17.0047
VAL_5	-6.12296	8.42438	3.25153	-0.32592	1.58938	0.07483	3.83314	6.6284	0	0	-1.65287	-1.1522	0	0	0	0	0	0	0.00079	4.09216	0.2622	3.82996	0	1.02485	0	0	2.7371	1.4739	27.9687	137.574	44.4264
GLY_6	-3.82391	0.88083	3.83548	-0.0009	0	0	2.83622	5.28008	0	0	-1.46784	-0.26693	0	0	0	0	0	0	-0.11911	0	0	0	0	-2.15805	0	0	1.435	3.40607	9.83696	142.874	21.1257
LEU_7	-4.79426	1.30055	3.81133	-0.40914	0.45078	0.05524	2.59701	5.69358	0	0	-0.40451	0.0799	0	0	0	0	0	0	0.13383	17.407	16.5399	0.86711	0	0.16519	0	0	1.3223	1.69273	46.5085	105.084	104.916
THR_8	-6.17895	2.47297	5.11523	-0.11087	0.0168	0.07613	3.8556	7.19188	0.00571	0.04867	-2.2282	-0.37137	0	0	0	0	0	0	-0.05001	6.27474	4.44566	1.82908	0	-0.35802	0	4.08656	-0.9333	0.02385	25.2122	170.126	3.87382
TRP_9	-5.43284	3.31233	4.65912	-0.67246	0.26056	0.21319	3.35673	6.35002	0.02168	0.06955	-1.39957	-0.38104	0	0	0	0	0	0	-0.01243	15.7643	11.9741	0	3.79025	-0.31343	0	0	3.7077	1.22097	46.4887	127.438	142.562
GLY_10	-3.51216	0.37186	3.51168	-0.00047	0	0	2.52818	4.88949	0	0	-2.10693	-0.31517	0	0	0	0	0	0	-0.20493	0	0	0	0	2.13614	0	0	1.435	3.55826	12.291	160.846	3.1542
GLU_11	-4.17298	0.82395	4.82456	-0.52026	0.18084	0.94296	2.74605	5.69997	0.03547	0.2015	-0.82083	-1.32656	0	0	0	0	0	0	-0.09072	13.012	3.71722	0	9.29482	0.43198	0	0	-1.6358	2.269	35.6132	145.755	77.2447
THR_12	-3.38168	0.59184	2.75117	-0.25474	1.19273	0.13612	1.17006	3.98469	0	0	-0.01303	-1.21598	0	0	0	0	0	0	0.09537	2.20716	0.69381	1.51335	0	0.46093	0	4.10709	-0.9333	0.97574	14.0813	139.057	34.9433
SER_13	-2.0056	0.05857	2.40733	-0.04737	0	0.09713	0.78318	2.93643	0	0	0.19563	0.55768	0	0	0	0	0	0	0.10575	4.83229	0.87428	3.95801	0	-0.05904	0	1.05477	-0.539	2.84572	18.0558	111.67	50.33
ASN_14	-2.06156	0.24439	2.12773	-0.29096	0.10678	0.43469	0.43749	2.81823	0.00067	0.00336	0.66321	-0.4595	0	0	0	0	0	0	0.09924	8.97888	0.09878	0	8.8801	0.49671	0	0	-0.3009	2.8539	25.1312	56.4445	127.556
ASN_15	-2.64188	0.94559	2.48772	-0.44153	0.05231	0.88386	0.64982	3.51561	0.00067	0.00336	0.12321	-0.71862	0	0	0	0	0	0	0.00027	5.5213	0.0235	0	5.49781	0.37855	0	0	-0.3009	0.97981	16.9605	76.3877	107.612
ILE_16	-2.35373	1.56768	1.49172	-0.70315	1.02483	0.1536	0.63889	2.55382	0	0	0.37497	0.00805	0	0	0	0	0	0	0.20327	2.1823	0.69341	1.48889	0	-0.20005	0	0	1.8006	1.14286	12.068	68.7135	138.287
GLN_17	-1.48331	0.94578	1.51195	-0.41327	0.06068	0.27546	0.3947	1.81362	0	0	0.17166	-0.60906	0	0	0	0	0	0	0.00081	9.94712	2.46124	0	7.48588	0.36137	0	0	-0.1077	2.16568	24.9826	55.462	161.538
LYS_18	-1.00646	0.15282	1.03215	-0.45014	0.1651	0.13917	0.10111	1.12581	0	0	-0.07684	0.17532	0	0	0	0	0	0	0.06422	17.8685	13.9355	3.93304	0	0.09125	0	0	-0.8895	0.71363	37.0747	57.2684	194.732
SER_19	-1.08362	0.12203	1.11651	-0.02623	0	0.06363	0.25122	1.20406	0	0	0.01576	-0.48635	0	0	0	0	0	0	0.0512	0.51007	0.29819	0.21188	0	-0.70761	0	0.6041	-0.539	-0.44319	1.16265	51.3233	110.677
LYS_20	-1.13872	0.12308	1.29673	-0.34473	0.41426	0.12344	0.23434	1.45932	0.02315	0.11611	-0.00092	-0.10761	0	0	0	0	0	0	-0.0669	21.9452	18.6722	3.27302	0	-0.19645	0	0	-0.8895	0.59017	45.5262	75.529	176.471
SER_21	-1.18472	1.3641	1.18068	-0.032	0.00948	0.0285	0.43459	1.56289	0	0	0.79893	-0.44521	0	0	0	0	0	0	-0.10261	9.16704	8.49606	0.67098	0	0.84475	0	2.64611	-0.539	0.9275	25.8281	56.6767	105.323
LEU_22	-2.04571	1.37476	1.80108	-0.67959	2.98105	0.12458	0.77054	2.58693	0.01331	0.03884	1.43055	0.40029	0	0	0	0	0	0	0.00467	9.10021	0.87546	8.22475	0	1.29605	0	0	1.3223	4.24031	33.8604	92.4083	117.592
ASN_23	-1.98609	0.73699	2.3089	-0.29547	0.00131	0.6013	0.74935	2.91012	0	0	1.25907	-0.40169	0	0	0	0	0	0	0.16333	8.46357	3.73119	0	4.73238	0.11435	0	0	-0.3009	4.90871	27.6964	66.9401	117.06
ARG_24	-2.39439	1.30775	1.86722	-0.96604	0.84106	0.59148	0.72056	2.54624	0	0	1.5071	0.34524	0	0	0	0	0	0	-0.23757	6.70528	2.20452	4.50076	0	-0.18624	0	0	-0.1423	1.00152	20.2122	57.0428	207.957
ASN_25	-2.79446	2.19325	3.25698	-0.22133	0.14338	0.30207	1.60463	4.25086	0.00984	0.07727	1.26918	-0.80524	0	0	0	0	0	0	0.06021	10.355	2.78769	0	7.56732	-0.7344	0	0	-0.3009	3.86018	32.8815	71.1422	112.858
LEU_26	-2.12428	0.87428	1.28231	-0.42538	0.34902	0.10002	0.18685	2.11584	0.06632	0.32832	0.6193	0.0481	0	0	0	0	0	0	0.24196	9.53689	4.49597	5.04093	0	0.18253	0	0	1.3223	6.52833	30.7696	42.8738	167.126
ASN_27	-1.67104	0.133	1.45863	-0.2155	0.01849	0.35486	0.20862	1.64652	0.09806	0.56568	0.62188	-0.22521	0	0	0	0	0	0	-0.12238	11.0324	5.36159	0	5.67086	0.38785	0	0	-0.3009	2.84043	27.8639	63.7664	120.234
SER_28	-1.3502	1.00174	1.97392	-0.03061	0.12773	0.05347	0.6954	2.25539	0.03615	0.2491	1.12002	-0.40983	0.1921	0	0	0	0	0	0.23941	7.55313	7.28864	0.2645	0	0.10074	0	0.96645	-0.539	3.12604	24.9143	44.9744	117.026
PRO_29	-2.41887	1.08959	1.91865	-0.10062	0	0.07461	0.67064	2.14716	0	0	0.96206	0.44635	0.22174	0	0	0	0	0	-0.0717	0.98728	0.33375	0.65353	0	-1.66941	0	0	-4.6787	6.75152	7.31758	111.069	87.9311
ASN_30	-1.71057	0.83867	1.4111	-0.19423	0.02129	0.3307	0.37996	2.00358	0	0	0.09691	-0.5516	0	0	0	0	0	0	0.21094	4.87295	0.00299	0	4.86997	-0.92967	0	0	-0.3009	4.25776	15.6098	32.1311	151.869
LEU_31	-2.52987	1.37816	2.39302	-0.47895	0.6552	0.13779	0.71412	3.07261	0	0	1.04284	-0.1915	0	0	0	0	0	0	0.12654	5.60084	3.99666	1.60418	0	0.25627	0	0	1.3223	2.15241	21.2526	87.6515	122.349
ASP_32	-1.84444	1.87874	2.14866	-0.12706	0.03974	0.4101	0.34805	2.64733	0	0	0.77575	0.12665	0	0	0	0	0	0	0.21154	7.68987	1.41325	0	6.27661	-1.11126	0	0	-1.6204	1.84361	21.1067	51.3463	133.654
LYS_33	-2.8652	3.55302	1.56458	-0.48882	0.23	0.27987	0.6428	2.30085	0	0	0.45168	-0.00325	0	0	0	0	0	0	0.07697	22.495	19.9124	2.58257	0	1.27589	0	0	-0.8895	5.72965	56.8485	76.8253	175.175
VAL_34	-2.82717	3.75673	1.40917	-0.34932	1.47631	0.07836	0.34265	2.34583	0	0	0.56525	-1.27644	0	0	0	0	0	0	0.07573	3.22441	0.78798	2.43643	0	1.74146	0	0	2.7371	8.37086	24.8953	75.8234	106.177
ILE_35	-2.58344	1.66623	1.28018	-0.56245	0.42634	0.17445	0.7471	2.55713	0	0	-0.00673	-0.32899	0	0	0	0	0	0	0.09002	7.1582	3.34964	3.80856	0	-0.27297	0	0	1.8006	4.04241	23.3463	79.3322	127.668
ASP_36	-1.62473	0.18331	2.22487	-0.22423	0.02971	0.79142	0.35102	2.68237	0	0	0.71829	-1.17621	0	0	0	0	0	0	-0.09687	5.30952	0.04652	0	5.263	-0.69868	0	0	-1.6204	1.87398	14.0329	88.0635	96.9365
ASN_37	-2.24482	1.14677	1.93329	-0.31163	0.07874	0.60902	0.67304	2.83282	0.04838	0.2443	0.5621	0.08537	0	0	0	0	0	0	0.26584	5.3555	0.79131	0	4.56419	0.01879	0	0	-0.3009	3.68858	20.0407	85.58	98.42
THR_38	-2.26113	0.35467	1.93766	-0.10592	0.00924	0.07007	0.70545	2.6418	0.0482	0.24206	0.10801	-0.28345	0	0	0	0	0	0	-0.01139	8.40141	7.05358	1.34783	0	-0.37054	0	2.4574	-0.9333	2.87814	24.2898	91.9717	82.0283
GLY_39	-2.41943	0.55151	2.10968	-0.00065	0	0	1.1463	3.15688	0.00291	0.00779	-0.34199	-0.23588	0	0	0	0	0	0	-0.18496	0	0	0	0	-2.41063	0	0	1.435	2.21449	5.03102	153.597	10.4032
THR_40	-3.89296	0.44742	4.52299	-0.13266	0.03368	0.10937	3.09971	5.70067	0.00229	0.01059	-2.5504	-0.64422	0	0	0	0	0	0	-0.12645	3.11451	0.1286	2.98591	0	0.01718	0	2.6675	-0.9333	2.19089	16.7513	140.494	33.5059
TRP_41	-4.48813	1.42547	3.52703	-1.61265	0.45305	1.19255	1.40515	4.68894	0.04997	0.29459	-0.28701	0.01012	0	0	0	0	0	0	-0.05491	5.68235	0.02683	0	5.65552	0.08882	0	0	3.7077	0.35451	22.1199	137.92	132.08
GLY_42	-3.9809	2.85695	3.45833	-0.00124	0	0	2.52968	5.03615	0	0	-2.5573	-0.30107	0	0	0	0	0	0	-0.25281	0	0	0	0	-1.41032	0	0	1.435	1.18336	7.99583	161.951	2.04937
ILE_43	-5.44426	2.34184	4.01197	-0.56387	0.43011	0.14309	3.16894	5.87677	0	0	-0.94898	0.18776	0	0	0	0	0	0	-0.11736	9.64019	8.99107	0.64912	0	0.21255	0	0	1.8006	1.98463	32.3642	104.749	102.251
ARG_44	-11.8151	7.29817	10.671	-0.4648	0.36158	0.22149	5.68574	13.0313	0.00091	0.00644	-2.99966	0.51684	0	0	0	0	0	0	0.05675	26.8597	23.5901	3.2696	0	-0.37294	0	0	-0.1423	0.94412	76.719	261.351	3.6489
ALA_45	-3.47825	4.50154	2.02186	-0.02549	0.00066	0	1.62048	3.92241	0	0	-1.75226	-0.39431	0	0	0	0	0	0	-0.01738	0	0	0	0	0.19662	0	0	2.2619	2.33514	11.1929	112.005	40.9948
GLY_46	-3.40113	2.22428	3.47743	-0.00095	0	0	2.43538	4.81403	0	0	-1.80244	-0.27168	0	0	0	0	0	0	-0.05202	0	0	0	0	-2.10939	0	0	1.435	4.11859	10.8671	146.194	17.8064
GLN_47	-4.98582	2.10404	5.01935	-0.48926	0.31837	0.44181	3.30811	6.59583	0	0	-0.9283	-0.28596	0	0	0	0	-0.38163	0	-0.05741	7.4349	0.8348	0	6.6001	0.12021	0	0	-0.1077	2.01452	27.556	130.225	86.7746
GLN_48	-9.18135	10.7744	7.27819	-0.65658	0.53009	0.55666	4.20166	10.173	0.00039	0.00315	-1.63077	-0.52034	0	0	0	0	0	0	0.135	11.7086	1.09086	0	10.6178	-0.08667	0	0	-0.1077	0.25065	45.137	187.606	29.3942
PHE_49	-6.2341	5.18824	5.39853	-0.49159	0.12801	0.1184	3.53408	8.01771	0	0	0.91602	-0.19225	0	0	0	0	0	0	0.09811	16.7346	11.7303	0	5.00426	-0.64806	0	0	1.9602	-0.07132	51.1911	129.572	107.428
GLU_50	-1.86819	0.1184	3.07474	-0.44452	0.06176	0.81865	1.00975	3.44967	0.00023	0.00035	-0.31373	-0.63406	0	0	0	0	0	0	-0.09747	15.4551	7.13338	0	8.32169	-0.48463	0	0	-1.6358	-0.36675	33.5985	66.1958	156.804
GLN_51	-1.68888	0.34753	1.36436	-0.78058	0.29467	0.92367	0.581	1.89014	0	0	0.3034	-0.5861	0	0	0	0	0	0	-0.10592	12.6398	7.09132	0	5.54846	0.00375	0	0	-0.1077	0.43978	28.1587	67.1404	149.86
GLY_52	-3.89244	2.36996	3.64321	-0.0017	0	0	2.84303	5.27256	0	0	-1.51288	-0.35778	0	0	0	0	0	0	-0.2461	0	0	0	0	-2.35873	0	0	1.435	1.19017	8.38428	150.285	13.7152
ARG_53	-9.95284	2.93959	8.13674	-1.48589	6.41001	1.0746	5.2313	9.73176	3e-05	0.00016	-1.47008	0.02593	0	0	0	0	0	0	-0.02744	10.006	3.09437	6.91168	0	-0.36351	0	0	-0.1423	0.49922	40.6194	260.896	4.10363
TYR_54	-6.52281	2.37454	4.24389	-0.51812	0.06946	0.03787	3.00499	6.70111	0	0	-1.38706	-0.22964	0	0	0	0	0	0	0.08146	20.5674	13.703	0	6.8644	-0.50461	0.40129	0.80258	1.7379	-0.22305	51.2046	145.202	102.798
TYR_55	-10.4048	6.86169	7.0787	-1.15205	1.02112	0.88005	4.68933	10.0144	0.04803	0.46784	-0.09108	-0.31308	0	0	0	0	0	0	-0.04036	5.4302	0.28278	0	5.14742	-0.46993	0.98148	1.96297	1.7379	1.72789	35.8605	247.553	0.446804
ALA_56	-3.69119	1.9128	3.12258	-0.021	0	0	2.46134	5.09221	0	0	-1.73053	-0.18496	0	0	0	0	0	0	0.11419	0	0	0	0	0.14011	0	0	2.2619	2.08271	11.5602	119.639	33.3606
THR_57	-5.2716	2.53604	4.5627	-0.17799	0.0428	0.06798	3.5264	6.43918	0.06323	0.50956	-1.85722	-0.36149	0	0	0	0	0	0	-0.0757	0.42339	0.08642	0.33697	0	0.24125	0	2.34189	-0.9333	0.53671	13.0372	169.871	4.12901
TYR_58	-6.93366	4.9396	4.35101	-0.77048	0.54743	0.16005	3.28226	6.76678	0.01349	0.12789	-1.84304	-0.46781	0	0	0	0	0	0	-0.09736	4.0684	0.09993	0	3.96846	-0.03286	0.87017	1.74034	1.7379	0.37255	22.901	165.527	82.473
GLU_59	-7.18031	5.28477	8.10329	-0.19456	0.12785	0.33261	3.33676	9.53416	0.02182	0.09683	-2.61951	-0.42449	0	0	0	0	0	0	-0.03401	4.67433	1.08491	0	3.58943	0.56307	0	0	-1.6358	0.98516	25.6463	210.896	12.1037
ASN_60	-4.07085	2.52115	3.53405	-0.14317	0.0036	0.23141	1.52474	4.79067	0.03974	0.25376	0.38975	0.19174	0	0	0	0	0	0	0.13453	6.67153	0.01304	0	6.65849	-0.326	0	0	-0.3009	3.94097	26.0583	109.422	74.5782
ILE_61	-4.44651	2.58587	1.74222	-0.57725	0.80262	0.12474	0.68994	3.20946	0	0	-0.12347	-0.22893	0	0	0	0	0	0	-0.01724	10.9689	9.0926	1.87627	0	0.89392	0	0	1.8006	4.18993	32.5836	143.861	63.1387
SER_62	-2.92713	1.379	2.9531	-0.03336	0.01009	0.02847	1.3242	3.67884	0	0	0.277	-0.11008	0	0	0	0	0	0	-0.15287	8.68268	7.83896	0.84372	0	0.42224	0	1.7222	-0.539	1.88523	27.2833	136.873	25.1272
ASP_63	-1.93065	0.18789	3.18533	-0.13047	0.00164	0.37481	1.17096	3.59558	0	0	1.17469	-0.94209	0	0	0	0	0	0	0.14126	5.34654	0.49024	0	4.85631	0.15637	0	0	-1.6204	0.04526	16.1033	80.9211	104.079
THR_64	-3.50444	1.23685	3.37741	-0.09624	0.06794	0.04018	1.70781	4.6821	0.00018	0.00223	1.02776	0.96784	0	0	0	0	0	0	0.07403	23.5147	16.9955	6.51924	0	0.54555	0	2.37323	-0.9333	0.94677	59.5453	126.179	47.8208
SER_65	-1.09085	0.24906	1.20377	-0.02512	0.00047	0.02749	0.53302	1.56176	0	0	0.85558	-0.21409	0	0	0	0	0	0	0.0689	7.83681	7.24666	0.59015	0	0.46133	0	1.71707	-0.539	1.50293	21.9859	31.3767	130.623
SER_66	-1.54215	0.11235	1.85857	-0.03185	0.15353	0.04925	0.76311	2.3426	0	0	0.0091	-0.64629	0	0	0	0	0	0	-0.09803	10.3092	9.59626	0.71299	0	0.30744	0	0.89482	-0.539	1.18242	25.4344	61.7108	100.289
GLY_67	-2.20229	1.52091	1.54167	-0.00019	0	0	0.62052	2.62809	0.0218	0.07805	-0.06342	-0.33361	0	0	0	0	0	0	-0.02507	0	0	0	0	1.97342	0	0	1.435	3.41215	10.607	128.519	35.4813
ASN_68	-2.37184	0.6777	2.41651	-0.40389	1.0494	0.90906	0.7569	3.12347	0	0	0.60816	0.32444	0	0	0	0	0	0	-0.11465	7.3331	1.11403	0	6.21907	0.92154	0	0	-0.3009	2.50937	24.7715	60.891	123.109
LYS_69	-2.08595	0.99737	2.56138	-0.42869	0.17747	0.24321	0.57958	2.86763	0.0218	0.07805	0.66728	-0.18565	0	0	0	0	0	0	-0.05537	12.5112	10.0597	2.45143	0	-0.09673	0	0	-0.8895	3.4148	32.889	82.7327	169.267
LEU_70	-4.26502	3.61718	0.86911	-0.4901	0.72265	0.13842	0.19701	2.73674	0	0	0.39249	-0.18627	0	0	0	0	0	0	-0.04466	6.47937	5.04149	1.43788	0	-0.15992	0	0	1.3223	3.92715	21.7358	140.41	69.5901
ARG_71	-1.8185	0.60978	2.37068	-0.89688	0.24917	0.75884	0.46697	2.53274	0.00365	0.02945	-0.63166	0.19792	0	0	0	0	0	0	0.09981	9.14691	6.92716	2.21975	0	0.82049	0	0	-0.1423	4.04974	26.9937	82.2209	182.779
GLN_72	-5.16414	1.73424	3.73201	-0.40583	0.24648	0.32855	1.57967	4.86583	0.00776	0.11259	-0.31209	-0.39521	0	0	0	0	0	0	0.00257	6.60627	2.75751	0	3.84876	0.7871	0	0	-0.1077	5.38435	25.6087	171.771	45.2286
GLN_73	-3.92427	0.36985	3.38397	-0.28052	0.04393	0.12775	2.19628	4.31648	0	0	-1.33526	-0.31904	0	0	0	0	0	0	0.12091	15.8933	10.4677	0	5.42568	-0.03835	0	0	-0.1077	1.61247	37.9532	131.874	85.1262
ASN_74	-5.89585	3.1675	5.02388	-0.24811	0.09191	0.40125	3.2388	7.09117	0	0	-1.56572	-0.8881	0	0	0	0	0	0	-0.05217	4.60707	1.79226	0	2.81481	-0.70552	0	0	-0.3009	0.04604	18.6183	158.037	25.9631
LEU_75	-5.02722	3.02406	3.20751	-0.808	1.27458	0.18724	2.47578	5.57313	0	0	-2.13514	0.27561	0	0	0	0	0	0	-0.08519	3.60036	1.16596	2.4344	0	-0.21294	0	0	1.3223	0.46058	16.733	149.026	60.9736
LEU_76	-7.77841	10.7282	2.83101	-0.41803	0.29946	0.07452	2.85974	7.12006	0.02361	0.0785	-2.04028	-0.00923	0	0	0	0	0	0	-0.03857	14.8453	13.5877	1.2576	0	-0.05174	0	0	1.3223	0.68737	45.3791	202.567	7.4325
GLY_77	-3.49675	1.00747	3.39602	-0.00048	0	0	2.60073	4.86023	0.01452	0.04969	-1.51602	-0.34481	0	0	0	0	0	0	-0.01074	0	0	0	0	2.74037	0	0	1.435	3.51631	14.2515	153.241	10.7592
SER_78	-5.88342	3.07429	5.4602	-0.0379	0	0.07753	3.56588	7.15623	0.09833	0.77483	-0.83484	-0.15493	0	0	0	0	0	0	-0.07791	2.66952	0.56038	2.10913	0	0.81534	0	1.18561	-0.539	3.10056	23.1199	161.488	0.512343
TYR_79	-6.60198	3.56209	3.38398	-1.22025	1.32991	0.92594	2.91921	6.47052	0.01452	0.04969	-2.24394	-0.32711	0	0	0	0	0	0	-0.04632	8.47609	0.18694	0	8.28915	-0.24259	0.4051	0.81021	1.7379	0.93974	28.8188	164.139	83.8614
ASP_80	-7.27653	7.60484	9.17549	-0.20625	0.00215	0.74211	4.67088	10.4279	0.05713	0.39992	-3.15382	-0.27648	0	0	0	0	0	0	0.02841	8.66077	3.75766	0	4.90311	0.92909	0	0	-1.6204	1.1279	39.9539	179.408	5.592
ALA_81	-3.46469	2.47448	3.04273	-0.02521	0.00692	0	2.31532	4.70452	4e-05	0.0002	-0.68102	-0.4038	0	0	0	0	0	0	-0.13644	0	0	0	0	1.0861	0	0	2.2619	1.03816	12.2192	103.58	49.4199
PHE_82	-7.40315	8.15804	3.13501	-1.07675	0.32203	0.61546	1.23194	4.78163	0.01477	0.05419	0.22271	0.11884	0	0	0	0	0	0	0.0277	3.90407	0.41455	0	3.48952	-0.34595	0	0	1.9602	1.10311	20.7279	206.837	30.1634
LEU_83	-4.44285	2.14782	4.15756	-0.46024	0.23065	0.08094	2.62169	5.2392	0	0	-0.24096	0.14099	0.18679	0	0	0	0	0	0.10186	18.6473	16.9761	1.67115	0	0.24203	0	0	1.3223	4.46765	53.09	100.078	109.922
PRO_84	-3.24702	2.07724	1.86067	-0.11911	0.03626	0.08645	0.93116	2.14357	0	0	-0.09004	0.22633	0.24326	0	0	0	0	0	-0.13347	1.31579	1.16305	0.15274	0	-0.98831	0	0	-4.6787	5.32177	6.30164	149.058	49.9419
ILE_85	-4.70139	2.08664	2.36351	-0.69409	1.66495	0.1852	1.7732	4.26194	0.00306	0.04118	-0.40946	-0.28162	0	0	0	0	0	0	0.19948	5.42281	0.63399	4.78882	0	-0.68413	0	0	1.8006	1.57377	20.0285	136.634	70.3658
GLY_86	-0.85172	0.12974	0.95429	-0.00021	0	0	0.03024	1.25486	0	0	0.49222	-0.35693	0	0	0	0	0	0	-0.07263	0	0	0	0	-2.28487	0	0	1.435	3.79309	4.52308	87.6531	76.3469
ASP_87	-1.65101	0.71207	2.04334	-0.15373	0.0004	0.48632	0.70453	2.36185	0.06687	0.36934	0.98819	-0.14417	0	0	0	0	0	0	0.12639	18.0091	11.6187	0	6.39038	-0.25791	0	0	-1.6204	6.11005	46.1604	66.1467	118.853
ASN_88	-1.94759	0.73914	2.31415	-0.3086	0.14338	0.65507	0.9307	2.67425	0	0	0.75423	-0.73058	0	0	0	-0.26266	0	0	0.01631	13.4562	9.18336	0	4.27287	-1.17485	0	0	-0.3009	6.74987	37.1644	76.9017	107.098
ASN_89	-4.01085	1.12021	4.8508	-0.22195	0.03119	0.38458	3.04096	5.8973	0.07175	0.41724	-0.45917	-0.41717	0	0	0	-0.26266	0	0	0.08441	11.0632	5.09433	0	5.96891	0.30274	0	0	-0.3009	6.38616	39.0411	100.133	83.8668
THR_90	-6.49696	3.06592	3.88858	-0.11068	0.01194	0.0636	1.84639	6.14475	0.00182	0.00672	-0.94103	-0.67811	0	0	0	0	0	0	0.14752	10.1121	9.62301	0.48909	0	0.25259	0	2.88123	-0.9333	2.12013	31.4953	154.045	19.9551
LYS_91	-9.26679	7.76735	8.24475	-0.48488	0.44156	0.23621	5.09907	9.8289	0	0	-0.18843	0.09437	0	0	0	0	0	0	0.27528	22.5196	18.8425	3.67713	0	0.30893	0	0	-0.8895	1.08569	67.5918	206.911	45.0891
LEU_92	-5.79143	3.17792	3.81209	-0.60502	0.31496	0.20214	3.04534	5.89084	0	0	-1.06363	0.1302	0	0	0	0	0	0	0.10011	12.2584	11.7727	0.48568	0	0.11749	0	0	1.3223	3.60156	38.7717	133.38	76.62
PHE_93	-10.8011	10.0476	5.39583	-1.09056	0.54869	0.72793	3.70526	10.2201	0	0	-2.02185	-0.05676	0	0	0	0	0	0	0.13485	3.77773	0.00601	0	3.77172	-0.61235	0	0	1.9602	2.08529	27.7985	236.278	0.721597
GLY_94	-3.52739	3.51454	3.18914	-0.00096	0	0	2.11339	4.80806	4e-05	0.0002	-1.44037	-0.31466	0	0	0	0	0	0	0.12999	0	0	0	0	0.11226	0	0	1.435	2.21648	12.2357	134.104	29.8961
GLY_95	-3.44155	3.64058	3.54906	-0.00144	0	0	2.66669	4.97019	0	0	-2.62241	-0.33528	0	0	0	0	0	0	-0.07075	0	0	0	0	-2.40131	0	0	1.435	3.32929	10.7181	149.142	14.858
ALA_96	-4.72583	2.02213	2.81649	-0.01825	0	0	2.80577	5.58745	0	0	-2.10933	-0.22413	0	0	0	0	0	0	0.03455	0	0	0	0	0.75014	0	0	2.2619	1.88008	11.081	134.102	18.8982
THR_97	-7.22334	3.43945	3.81292	-0.20098	0.23274	0.08583	3.06895	6.98269	0.0012	0.00588	-0.6982	-1.32537	0	0	0	0	0	0	0.09462	2.37758	0.82765	1.54993	0	-0.18213	0	2.33999	-0.9333	0.80709	15.0632	172.213	1.78722
LEU_98	-4.62325	1.91093	2.59297	-0.7786	1.66002	0.35387	2.19817	4.78772	0	0	-1.93631	-0.32125	0	0	0	0	0	0	-0.09089	5.41124	2.31875	3.09249	0	-0.11134	0	0	1.3223	1.18544	18.9723	129.128	80.8724
GLY_99	-3.52903	4.23212	2.54776	-0.0009	0	0	1.82598	4.29466	0	0	-1.70024	-0.25873	0	0	0	0	0	0	0.12185	0	0	0	0	-1.72365	0	0	1.435	2.76852	10.0133	155.995	8.005
LEU_100	-3.2548	0.32053	3.02126	-0.82229	2.6644	0.43605	1.95336	4.22061	0.02036	0.07187	-2.05551	-0.24139	0	0	0	0	0	0	-0.12835	4.33876	0.95426	3.3845	0	-0.2064	0	0	1.3223	2.45562	18.4552	114.742	95.2583
VAL_101	-3.81122	1.75504	1.83717	-0.34236	1.15064	0.07485	1.269	3.89646	0.02341	0.07367	-1.08006	-0.63498	0	0	0	0	0	0	-0.12081	2.52165	7e-05	2.52158	0	-1.20234	0	0	2.7371	0.65767	11.3265	147.82	34.1796
LYS_102	-4.88949	3.78749	4.6652	-0.29852	0.05037	0.11954	2.87857	5.23835	0.02036	0.07187	-2.18908	0.02025	0	0	0	0	0	0	-0.0873	37.3578	34.8058	2.552	0	0.46455	0	0	-0.8895	-0.52104	83.1573	155.089	96.9106
LEU_103	-4.3229	1.11504	4.21239	-0.4486	0.13578	0.09269	1.20207	5.29532	0.02913	0.09285	0.37992	0.06537	0	0	0	0	0	0	-0.11908	8.06311	5.32836	2.73475	0	-0.20932	0	0	1.3223	-0.0438	24.9254	129.849	80.1513
GLU_104	-2.81797	1.17468	4.47395	-0.19589	0.06171	0.22751	1.35192	4.30591	0.00207	0.01171	0.06556	-0.5761	0	0	0	0	0	0	0.05114	9.54663	4.79047	0	4.75616	0.14224	0	0	-1.6358	-0.05962	25.6763	144.756	78.2437
GLN_105	-1.76931	0.17214	2.66256	-0.22743	0.05894	0.12275	0.91986	2.81159	0	0	-0.06015	0.00684	0	0	0	0	0	0	0.03819	17.8635	10.1524	0	7.71114	0.3396	0	0	-0.1077	0.78147	41.4763	76.5878	140.412
ASP_106	-1.39864	0.17231	2.31884	-0.19054	0.01764	0.58503	0.38798	2.37475	0.00018	0.00203	0.30038	-0.62562	0	0	0	0	0	0	-0.02248	5.17139	0.17422	0	4.99718	-0.99192	0	0	-1.6204	0.50311	12.1554	77.5491	107.451
GLY_107	-1.31517	1.32131	1.9926	-0.0001	0	0	0.55475	2.34535	0	0	1.53198	-0.26449	0	0	0	0	0	0	0.0895	0	0	0	0	1.06968	0	0	1.435	3.22627	11.9867	118.406	45.5941
LYS_108	-1.39894	1.34147	2.1944	-0.90463	2.31178	0.53892	1.00579	2.45657	0.02185	0.10585	1.20473	0.59285	0	0	0	0	0	0	-0.0045	12.5131	2.05984	10.4532	0	1.45451	0	0	-0.8895	8.18359	43.2409	63.2932	188.707
GLY_109	-0.98269	0.07233	1.08061	-0.00016	0	0	0.0461	1.39716	0	0	0.37518	-0.38555	0	0	0	0	0	0	0.29265	0	0	0	0	-1.89005	0	0	1.435	7.06787	8.50845	84.712	79.288
PHE_110	-1.45826	0.10485	1.76345	-0.53274	0.07752	0.15162	0.52191	2.3197	0	0	-0.61857	-0.27243	0	0	0	0	0	0	0.14622	14.6703	10.8143	0	3.85605	-0.31975	0	0	1.9602	2.61343	35.7978	45.667	191.333
LYS_111	-1.66531	0.04609	2.49326	-0.62019	0.67464	0.51158	0.58131	2.73655	0.02185	0.10585	0.3514	0.73443	0	0	0	0	0	0	-0.09848	15.3915	11.5978	3.79367	0	0.15385	0	0	-0.8895	0.0475	35.9678	128.753	123.247
ARG_112	-1.20766	0.09114	1.79337	-0.72013	0.3483	0.47871	0.35669	2.03848	0.00018	0.00203	0.70801	0.53338	0	0	0	0	0	0	0.07587	13.3936	9.83745	3.55613	0	-0.04447	0	0	-0.1423	1.03061	32.1294	61.0916	203.908
ASP_113	-2.99599	0.28428	4.15247	-0.1001	0.08215	0.26556	1.18006	4.47331	0.07119	0.30386	1.03318	-0.60075	0	0	0	0	0	0	-0.11148	6.88272	3.06748	0	3.81524	0.0164	0	0	-1.6204	0.69798	20.8972	132.246	52.7544
SER_114	-2.15846	1.86678	2.40856	-0.03114	0.001	0.03766	1.0028	3.0665	0.07119	0.30386	0.4258	-0.74568	0	0	0	0	0	0	0.0363	2.25757	1.76592	0.49165	0	-0.18246	0	1.72138	-0.539	-0.8231	10.9771	76.2195	85.7805
ASP_115	-5.72126	5.30641	7.67647	-0.13381	0.26051	0.43093	3.29394	7.98908	0.00572	0.01918	0.95573	-0.68231	0	0	0	0	0	0	-0.09954	7.81874	4.54175	0	3.277	-0.56543	0	0	-1.6204	0.09989	32.8526	166.024	18.9759
VAL_116	-2.39903	1.27281	1.98922	-0.41723	1.77849	0.10377	0.8466	2.94399	0	0	-0.057	-0.74279	0	0	0	0	0	0	0.0735	1.60216	0.05059	1.55156	0	1.01467	0	0	2.7371	2.6111	14.9595	83.7312	98.2688
GLY_117	-2.5436	1.24071	1.92455	-0.00078	0	0	1.41758	3.13283	0	0	0.02683	-0.33927	0	0	0	0	0	0	-0.01896	0	0	0	0	2.18919	0	0	1.435	4.80624	13.2703	159.644	4.35609
TYR_118	-2.86095	0.30194	2.73295	-0.64685	0.09077	0.10009	1.28179	3.84088	0	0	-0.08689	-0.41072	0	0	0	0	0	0	-0.01087	5.86845	2.83982	0	3.02863	0.18316	0.77035	1.5407	1.7379	2.72396	23.0251	120.249	127.751
ALA_119	-4.47186	2.96704	1.94725	-0.02434	1e-05	0	2.21415	4.95605	0	0	-1.71276	-0.32869	0	0	0	0	0	0	-0.03702	0	0	0	0	0.69592	0	0	2.2619	0.30039	8.76804	143.327	9.67349
ALA_120	-4.21603	2.39894	2.68537	-0.02168	0.00038	0	2.49606	4.98584	0	0	-1.69869	-0.40617	0	0	0	0	0	0	0.10872	0	0	0	0	-0.40801	0	0	2.2619	1.87862	10.0652	129.683	23.3175
GLY_121	-3.60051	1.93333	2.70955	-0.00087	0	0	2.24792	4.50254	0.00085	0.00404	-1.45036	-0.26886	0	0	0	0	0	0	-0.29664	0	0	0	0	-2.33036	0	0	1.435	3.67214	8.55778	145.425	18.5749
LEU_122	-5.4497	2.71432	4.2624	-0.40628	0.14462	0.05449	3.67449	6.4484	0	0	-1.87248	0.02737	0	0	0	0	0	0	0.10544	12.9668	11.9023	1.06454	0	0.82457	0	0	1.3223	2.8588	40.6423	101.86	108.14
GLN_123	-7.1828	3.93486	5.80994	-0.24397	0.07027	0.17333	3.94034	7.34046	0.04327	0.32534	-1.8997	-0.90629	0	0	0	0	0	0	0.10123	5.22215	0.57568	0	4.64647	0.05148	0	0	-0.1077	1.17618	23.0706	210.08	6.91965
ALA_124	-3.85943	3.76897	2.07149	-0.02118	0.00057	0	2.23929	4.43573	0	0	-2.71996	-0.39983	0	0	0	0	0	0	0.02655	0	0	0	0	-0.05125	0	0	2.2619	2.84785	10.6007	114.463	38.5368
GLY_125	-4.38659	6.41513	3.01458	-0.00066	0	0	2.79076	5.33705	0	0	-1.37863	-0.25277	0	0	0	0	0	0	-0.212	0	0	0	0	-2.34744	0	0	1.435	4.92015	15.3346	154.008	9.99187
ILE_126	-7.62417	6.28316	3.90762	-0.61104	1.63653	0.20784	3.08755	7.12223	0	1e-05	-0.23372	-0.83383	0	0	0	0	0	0	-0.0196	10.3328	3.33167	7.00114	0	2.056	0	0	1.8006	4.9098	42.3546	153.187	53.8125
LEU_127	-8.49539	6.01448	5.50149	-0.48227	0.23577	0.12637	3.86668	8.32712	0.01811	0.1733	-0.28883	0.10523	0	0	0	0	0	0	0.00439	29.0018	28.1976	0.8042	0	-0.43579	0	0	1.3223	2.45916	76.4558	203.595	6.40547
GLN_128	-6.0893	2.61043	5.43431	-0.39298	0.0627	0.43437	3.36055	7.04765	0.0025	0.03331	-2.50097	-0.25785	0	0	0	0	0	0	-0.10826	9.41014	3.99726	0	5.41288	0.271	0	0	-0.1077	-0.1185	28.5015	142.122	74.8779
GLU_129	-3.53666	0.46316	4.0824	-0.40222	0.17492	0.60754	1.90121	4.56979	0.01811	0.1733	-0.115	-0.44321	0	0	0	0	0	0	0.10415	8.92908	2.329	0	6.60008	0.13851	0	0	-1.6358	-0.27361	23.6847	161.663	61.3371
LEU_130	-1.56639	0.22577	1.17485	-0.46418	0.46478	0.11602	0.4237	1.61137	0.0857	0.41495	0.6486	0.12492	0	0	0	0	0	0	0.06369	34.5886	33.7313	0.85725	0	-0.3151	0	0	1.3223	0.99359	74.5017	54.7972	155.203
SER_131	-1.95069	0.67142	2.4924	-0.01699	0	0.021	1.0042	2.88574	0.0857	0.41495	-0.56761	-0.69845	0	0	0	0	0	0	0.11188	8.06481	7.17582	0.88899	0	-0.14986	0	1.33004	-0.539	3.30144	24.5258	86.7893	75.2107
LYS_132	-1.25068	0.13662	1.2372	-0.80858	0.74074	0.87831	0.29692	1.45274	0.0857	0.33321	0.62139	0.13291	0	0	0	0	0	0	-0.01151	26.8942	23.084	3.81026	0	0.5467	0	0	-0.8895	4.05783	61.3485	75.4092	176.591
ASN_133	-1.99729	1.53558	2.03421	-0.22789	0.16814	0.40728	1.28719	2.72111	0	1e-05	-0.89206	-0.36072	0	0	0	0	0	0	0.12556	20.339	14.9034	0	5.43556	0.0471	0	0	-0.3009	4.58815	49.8134	60.697	123.303
ALA_134	-2.03521	0.1173	1.63856	-0.02288	0	0	0.67081	2.57197	0.00249	0.03329	-0.534	-0.40357	0	0	0	0	0	0	0.11809	0	0	0	0	-0.66663	0	0	2.2619	3.23861	6.99074	95.6894	57.3106
SER_135	-4.57357	1.62276	3.76373	-0.02414	7e-05	0.01729	2.41197	5.15395	0.00026	0.00093	-1.91684	-0.4775	0	0	0	0	0	0	-0.04883	12.6209	11.4714	1.14946	0	-0.42103	0	2.69849	-0.539	1.28078	34.1911	155.062	6.93788
ILE_136	-6.2395	4.08806	4.90668	-0.46182	0.75035	0.0981	3.89953	7.14939	0.00026	0.00093	-2.16829	-0.03157	0	0	0	0	0	0	-0.06184	2.19062	1.57953	0.6111	0	-0.53762	0	0	1.8006	0.88721	18.4617	122.688	84.3122
GLU_137	-9.45181	7.8223	10.9462	-0.6239	0.81998	1.09477	4.9487	12.7342	0.04867	0.36219	-3.80454	-0.57844	0	0	0	0	0	0	0.00838	17.9684	11.1804	0	6.78803	0.28067	0	0	-1.6358	0.08437	58.9927	219.846	3.1542
GLY_138	-3.30851	1.50329	3.22069	-0.00067	0	0	2.39381	4.50572	0	0	-1.03179	-0.30232	0	0	0	0	0	0	-0.02496	0	0	0	0	0.95922	0	0	1.435	3.04702	12.3965	142.637	21.3632
GLY_139	-3.80455	2.75458	3.52266	-0.00087	0	0	2.88399	5.14582	0	0	-2.13156	-0.27853	0	0	0	0	0	0	-0.40105	0	0	0	0	-2.41566	0	0	1.435	5.27724	11.9871	145.148	18.8523
TYR_140	-6.10856	1.22715	3.50827	-0.52961	0.13153	0.21562	2.77072	5.80287	0	0	-2.23079	-0.0831	0	0	0	0	0	0	0.09625	5.06962	1.28463	0	3.78499	-0.6075	0.99922	1.99844	1.7379	2.1609	21.2286	143.477	104.523
ARG_141	-9.10835	5.29441	7.28155	-1.23982	0.63308	0.99492	2.90413	8.6601	0.00229	0.01059	-1.82764	0.2476	0	0	0	0	0	0	-0.06523	21.0513	15.5917	5.45956	0	-0.15312	0	0	-0.1423	0.7202	56.315	253.696	11.3035
TYR_142	-6.82635	1.71984	5.12957	-0.63582	0.06664	0.39687	4.27592	7.35084	0	0	-1.75047	-0.17307	0	0	0	0	0	0	-0.11637	5.16032	1.38243	0	3.77789	0.00514	0.76496	1.52991	1.7379	0.45228	24.2484	182.761	65.2389
LEU_143	-6.475	6.99787	1.60624	-0.42924	0.37616	0.05761	1.18912	4.70454	0	0	-0.12391	0.10687	0	0	0	0	0	0	0.06938	12.9812	11.9532	1.02796	0	0.45377	0	0	1.3223	0.23261	36.0507	178.783	31.2171
ARG_144	-4.21734	2.41943	4.45664	-0.75193	0.43093	0.42605	3.49969	5.73618	0	0	-1.5909	0.63235	0	0	0	0	0	0	0.08745	19.1433	14.5023	4.64097	0	-0.08345	0	0	-0.1423	0.67259	49.8619	150.671	114.329
THR_145	-2.73467	0.72772	2.74601	-0.09967	0.02294	0.05725	1.28799	3.52756	0	0	-0.25254	-0.40342	0	0	0	0	0	0	0.00143	5.32577	5.18135	0.14441	0	-1.02797	0	4.09579	-0.9333	0.11048	17.7771	65.435	108.565
ASN_146	-2.86562	1.23726	2.35179	-0.46458	1.00811	1.02407	0.80467	3.15056	0	0	1.16729	0.58276	0	0	0	0	0	0	-0.04792	8.62971	0.01036	0	8.61934	-0.68838	0	0	-0.3009	0.92279	25.1413	85.1746	98.8254
ALA_147	-1.38188	0.1025	1.29624	-0.0288	0.06652	0	0.55318	1.91993	0.01711	0.06178	0.08972	-0.46333	0	0	0	0	0	0	0.27408	0	0	0	0	-0.16436	0	0	2.2619	2.7775	7.38208	71.7318	81.2682
SER_148	-0.98154	0.85463	1.59539	-0.02963	0.01908	0.03836	0.59051	1.81605	0	0	0.59407	-0.60629	0	0	0	0	0	0	-0.11226	7.17659	6.50643	0.67016	0	0.75654	0	1.91308	-0.539	2.12099	22.3832	52.4969	109.503
THR_149	-1.42893	1.30283	1.67744	-0.11599	0.03326	0.04317	0.83889	2.09419	0.01711	0.06178	0.3626	0.692	0	0	0	0	0	0	0.11513	7.89498	4.88958	3.00541	0	0.016	0	4.13121	-0.9333	3.49038	28.1877	33.6176	140.382
GLU_150	-1.7173	0.55332	1.46892	-0.17768	0.01188	0.19096	0.35893	1.87778	0.06266	0.42308	0.49923	-0.24343	0	0	0	0	0	0	0.09979	17.529	12.6413	0	4.88773	0.30581	0	0	-1.6358	3.24803	40.3841	79.7054	143.295
MET_151	-1.94524	1.22605	0.96824	-0.64241	0.59993	-0.02821	0.19959	1.45862	0	0	0.55813	0.01517	0	0	0	0	0	0	0.10749	24.8897	22.3938	2.49591	0	0.61319	0	0	1.4633	2.0088	56.382	79.1264	182.874
THR_152	-2.11299	2.0632	1.51113	-0.14699	0.1114	0.12538	0.38055	2.14	0.00024	0.00104	0.6791	0.44941	0.18723	0	0	0	0	0	0.24384	2.36336	0.07928	2.28408	0	0.55146	0	4.07016	-0.9333	4.86241	18.91	70.4923	103.508
PRO_153	-1.55849	1.02604	1.21544	-0.1882	0.03469	0.13867	0.19692	1.34249	0	0	0.34581	-0.08277	0.21232	0	0	0	0	0	0.10368	1.10314	0.0319	1.07124	0	0.00023	0	0	-4.6787	4.07329	4.38767	95.9978	103.002
HIS_154	-1.08552	0.15459	1.64705	-0.4812	0.04928	0.46386	0.49437	1.91218	0.12566	0.82647	1.10407	-0.21896	0	0	0	0	0	0	0.09873	15.209	9.02881	0	6.18019	-0.2771	0	0	0.8406	2.95211	39.0242	51.8815	189.118
GLY_155	-0.73349	0.17839	1.04828	-0.00014	0	0	0.20429	1.26841	0.06323	0.40443	1.16481	-0.19142	0	0	0	0	0	0	0.01884	0	0	0	0	-2.26987	0	0	1.435	4.22394	6.8147	92.0766	71.9234
GLY_156	-0.68423	0.08012	0.84364	-0.00027	0	0	0.29879	1.08552	0	0	0.30569	-0.20694	0	0	0	0	0	0	0.12201	0	0	0	0	-1.61539	0	0	1.435	4.87988	6.54381	83.0962	80.9038
ASN_157	-1.76166	0.16712	1.42007	-0.15793	0.00189	0.18457	0.62852	1.96605	0	0	-0.1871	-0.80356	0	0	0	0	0	0	0.13027	11.1518	7.00402	0	4.14775	0.43467	0	0	-0.3009	2.84143	26.867	34.858	149.142
LYS_158	-1.39286	0.08759	1.4503	-0.56648	0.25755	0.40109	0.40342	1.77201	0	0	-0.07898	0.03723	0	0	0	0	0	0	0.2657	13.0565	9.72205	3.33444	0	0.26061	0	0	-0.8895	1.906	30.0267	67.3337	184.666
LEU_159	-1.86226	0.13513	1.5569	-0.50528	0.29576	0.14693	0.45299	2.18026	0	0	0.00515	-0.04827	0	0	0	0	0	0	0.11803	10.8853	7.39153	3.4938	0	-0.26353	0	0	1.3223	1.84049	27.1453	54.6157	155.384
GLY_160	-0.91672	0.07476	1.35358	-0.0002	0	0	0.31299	1.57931	0.00073	0.00365	-0.2102	-0.28459	0	0	0	0	0	0	-0.53332	0	0	0	0	-2.23841	0	0	1.435	0.45372	1.03031	98.9041	65.0959
SER_161	-1.12072	0.09199	1.07828	-0.02528	4e-05	0.02425	0.37341	1.40772	0.00293	0.02402	0.19244	-0.69394	0	0	0	0	0	0	0.15585	9.03976	5.98141	3.05835	0	-0.87762	0	2.12252	-0.539	-0.12893	20.1675	59.9711	102.029
LEU_162	-1.61477	0.09041	1.20086	-0.78161	1.21097	0.34078	0.18496	1.85039	0.0022	0.02038	-0.03679	-0.34153	0	0	0	0	0	0	0.1414	3.45874	2.2799	1.17884	0	1.18908	0	0	1.3223	1.15559	12.8521	54.7697	155.23
ASP_163	-1.81826	0.3275	2.03834	-0.11692	0.08005	0.33601	0.38156	2.62341	0	0	0.2305	-0.71712	0	0	0	0	0	0	0.01787	9.70901	4.51926	0	5.18976	0.30653	0	0	-1.6204	1.19055	22.6776	56.2356	128.764
LEU_164	-2.62617	1.19862	2.28136	-0.83218	2.06407	0.36766	0.50868	3.30095	0	0	0.25832	0.26451	0	0	0	0	0	0	0.03671	7.65829	3.9005	3.75779	0	1.22939	0	0	1.3223	2.60588	27.2967	97.8827	112.117
HIS_165	-1.40471	0.23136	1.26759	-0.45493	0.61192	0.28666	0.22821	1.83452	4e-05	0.00029	0.32767	-0.44506	0	0	0	0	0	0	0.2192	12.4973	8.78846	0	3.70885	-0.35392	0	0	0.8406	3.59336	31.7774	64.9793	176.021
SER_166	-1.78172	0.8552	1.71109	-0.0236	0	0.02483	0.24576	2.24108	0.04179	0.49155	-0.24145	-0.45113	0	0	0	0	0	0	0.09101	11.5326	8.38037	3.15224	0	-0.25937	0	1.63112	-0.539	0.68268	27.7851	103.383	58.6167
SER_167	-1.90941	0.51558	2.31856	-0.02413	0.0001	0.02019	1.02854	2.7752	0.02508	0.10047	-0.77348	-0.20211	0	0	0	0	0	0	0.11002	15.2512	14.6354	0.61572	0	-0.00907	0	0.62169	-0.539	-0.07356	34.487	104.875	57.1251
SER_168	-1.57175	0.20458	1.46347	-0.03107	0.02166	0.02921	0.36975	1.97828	0.05152	0.58854	0.2304	-0.11552	0	0	0	0	0	0	-0.06876	7.34056	6.53406	0.8065	0	0.83974	0	1.86913	-0.539	0.31505	20.3164	72.3195	89.6805
GLN_169	-5.78545	1.88836	5.21212	-0.4256	0.11596	0.48723	2.80624	6.38078	0.01831	0.05415	-1.41982	0.04053	0	0	0	0	0	0	0.14063	20.6858	11.3907	0	9.29506	-0.14113	0	0	-0.1077	0.2249	50.8611	180.098	36.9023
PHE_170	-6.43591	1.82378	3.29495	-0.55845	0.25621	0.25472	2.48642	5.72898	0	0	-1.3491	0.15663	0	0	0	0	0	0	0.04235	3.4505	0.21954	0	3.23095	-0.41203	0	0	1.9602	0.27226	14.422	149.61	87.39
TYR_171	-10.0927	5.41105	6.93926	-0.54134	1.12394	0.07382	4.79234	10.3696	0.05716	0.57102	-2.38493	-0.31821	0	0	0	0	0	0	-0.06772	15.3931	10.9016	0	4.49143	-0.21604	0.6162	1.2324	1.7379	0.59249	50.6824	243.743	4.25705
LEU_172	-6.05021	3.72154	4.48363	-0.76994	1.78477	0.34818	2.96104	6.82351	0	0	-1.46469	-0.34396	0	0	0	0	0	0	-0.06962	4.92349	1.98682	2.93667	0	-0.05784	0	0	1.3223	1.88582	24.4215	127.999	82.0008
GLY_173	-3.56983	2.6057	4.08897	-0.00131	0	0	2.40743	5.26795	0	0	-2.19968	-0.33654	0	0	0	0	0	0	-0.02303	0	0	0	0	-2.50849	0	0	1.435	2.97335	10.1395	140.056	23.9442
ALA_174	-3.93099	1.38014	3.80745	-0.01818	0	0	2.39072	5.48341	0.0474	0.3552	-0.52381	-0.27689	0	0	0	0	0	0	0.03315	0	0	0	0	0.41483	0	0	2.2619	2.38068	13.805	100.977	52.0228
ASN_175	-7.20346	5.01418	6.31563	-0.19302	0.01792	0.28342	3.04787	8.42689	0.01811	0.05393	-2.34166	-0.95003	0	0	0	0	0	0	-0.04364	5.52421	0.84419	0	4.68002	-0.96368	0	0	-0.3009	1.67854	23.9085	182.67	1.32975
TYR_176	-5.81246	3.6269	4.38055	-0.8058	0.17854	0.18672	4.36074	7.08571	0	0	-1.32819	-0.38745	0	0	0	0	0	0	-0.03905	3.86791	0.03168	0	3.83623	-0.15143	0.52031	1.04062	1.7379	0.81799	23.1474	129.647	118.353
LYS_177	-4.80795	2.7982	2.94229	-0.5442	0.21815	0.36085	1.44844	4.33121	0.10378	0.38698	0.0506	0.38112	0	0	0	0	0	0	0.07506	16.1085	12.4857	3.62283	0	0.09297	0	0	-0.8895	0.33971	39.5047	178.355	73.6448
PHE_178	-3.16536	1.28136	2.15345	-0.58928	0.02072	0.30406	1.24041	3.03043	0.00466	0.02154	-0.45735	-0.08053	0	0	0	0	0	0	0	14.7668	12.0095	0	2.75721	0	0	0	1.9602	0.11691	35.3747	60.1411	176.859