label	fa_atr	fa_rep	fa_sol	fa_intra_atr_xover4	fa_intra_rep_xover4	fa_intra_sol_xover4	lk_ball	lk_ball_iso	lk_ball_bridge	lk_ball_bridge_uncpl	fa_elec	fa_intra_elec	pro_close	hbond_sr_bb	hbond_lr_bb	hbond_bb_sc	hbond_sc	dslf_fa13	omega	fa_dun	fa_dun_dev	fa_dun_rot	fa_dun_semi	p_aa_pp	yhh_planarity	hxl_tors	ref	rama_prepro	total	BSA	SASA
GLU_1	-0.79882	0.04545	1.34183	-0.22422	0.18108	0.34832	0.5721	1.3859	0.16467	0.66865	-0.8499	0.38268	0	0	0	0	0	0	0.07229	20.3033	16.0351	0	4.26823	0	0	0	-1.6358	0	42.2608	2.12473	220.875
SER_2	-4.54665	0.36242	5.26303	-0.04221	0.01713	0.06364	3.07576	6.11311	0.14712	0.72766	-1.26566	-0.45966	0	0	0	0	0	0	0.22606	0.34552	0.04936	0.29616	0	-0.64154	0	4.04	-0.539	0.07438	13.3066	131.462	30.5383
GLU_3	-5.76051	0.44258	7.10037	-0.20085	0.0406	0.26459	3.10921	7.94762	0.04101	0.32879	-0.11369	-0.54075	0	0	0	-0.56999	0	0	-0.06826	4.76619	0.52475	0	4.24143	-0.3685	0	0	-1.6358	-0.27229	19.2765	150.741	72.2592
GLN_4	-9.99504	2.02728	9.69779	-0.95591	0.68745	1.10682	4.80659	12.2679	0.08778	0.59476	-4.14487	-0.80838	0	0	0	-1.44396	-0.90906	0	0.01182	4.95308	0.53092	0	4.42215	-0.31884	0	0	-0.1077	-0.58615	21.9244	212.901	4.09875
SER_5	-3.30514	0.23419	4.87423	-0.04201	0.02171	0.04835	2.59098	5.60572	0.01094	0.06555	-0.07474	-0.26707	0	0	0	0	0	0	0.51269	1.17821	0.89533	0.28288	0	-0.3245	0	4.04	-0.539	-0.81909	14.9892	92.8348	69.1652
GLU_6	-2.97993	0.55233	4.52559	-0.54808	0.4026	1.18509	2.05664	5.1708	0.07053	0.4058	-0.6138	-0.4616	0	0	0	0	0	0	-0.14519	4.83524	1.15724	0	3.67801	-0.02355	0	0	-1.6358	-0.80894	16.823	102.538	120.462
ALA_7	-3.93249	0.43271	2.61547	-0.02582	0.00198	0	1.78386	4.90518	0.01684	0.19879	-1.00228	-0.211	0	0	0	0	0	0	0.4586	0	0	0	0	-0.02953	0	0	2.2619	-0.62452	6.8497	134.722	18.2778
LYS_8	-3.28536	1.01485	3.99646	-0.35961	0.1585	0.18885	1.60398	3.89103	0	0	-1.60806	0.08698	0	0	0	-0.93876	0	0	0.22654	11.743	8.54144	3.20151	0	-0.29216	0	0	-0.8895	-0.39701	26.8826	89.6144	162.386
GLY_9	-4.44577	0.86102	5.35871	-0.001	0	0	2.31858	6.87884	0.00368	0.03161	-1.65939	-0.29584	0	0	0	-0.09138	0	0	-0.09567	0	0	0	0	-2.51096	0	0	1.435	0.74855	8.53597	158.874	5.12578
PHE_10	-6.53963	0.65207	3.78413	-0.82704	0.09704	0.27462	2.11271	6.62499	0	0	-1.1119	-0.00748	0	0	0	0	0	0	0.17031	3.08686	0.7191	0	2.36777	-0.70324	0	0	1.9602	1.94651	14.607	165.343	71.6565
VAL_11	-3.38682	0.365	3.11137	-0.29338	0.34046	0.06348	0.83337	4.54742	0.05667	0.46516	-0.58526	-0.05625	0	0	0	0	0	0	-0.00951	0.83118	0.67046	0.16072	0	-0.70476	0	0	2.7371	1.56126	10.7077	73.1992	108.801
GLU_12	-4.25151	0.7846	4.78004	-0.46991	0.44138	1.43193	1.09761	5.42532	0.05116	0.37605	-0.0653	-2.60817	0	0	0	0	0	0	-0.05199	5.51049	0.23966	0	5.27083	-0.33028	0	0	-1.6358	0.134	16.1301	113.024	109.976
ASP_13	-5.1456	10.3893	7.63892	-0.12656	0.09468	0.39403	3.67995	8.68481	0.05696	0.41146	-4.58434	-0.34166	0	0	0	-1.03014	0	0	1.18649	3.48913	0.08225	0	3.40688	-0.76799	0	0	-1.6204	-0.74931	25.1489	130.184	54.8156
ALA_14	-4.65805	0.72859	3.20622	-0.02296	0	0	2.2574	6.14124	0.05636	0.4643	-0.44396	-0.18468	0	0	0	0	0	0	0.02239	0	0	0	0	-0.12434	0	0	2.2619	-1.03201	8.67239	136.155	16.8454
ASN_15	-4.18574	0.38529	4.69896	-0.18486	0.05557	0.29644	3.48673	6.27982	0	0	-2.34495	-0.65871	0	0	0	0	0	0	1.13808	4.1404	0.11474	0	4.02566	0.63817	0	0	-0.3009	-0.21604	17.3687	84.4952	99.5048
GLY_16	-4.17661	0.80687	3.63879	-0.00166	0	0	2.56808	5.26004	0	0	-2.88573	-0.38867	0	0	0	0	0	0	-0.01741	0	0	0	0	0.87802	0	0	1.435	2.47876	9.59547	160.294	3.70591
SER_17	-4.52728	0.67863	4.40797	-0.04272	0.05912	0.06538	3.35164	5.89349	0.03252	0.28682	-2.7459	-0.50783	0	0	0	0	0	0	-0.01532	0.36487	0.29228	0.07259	0	-0.85584	0	4.04	-0.539	1.88013	12.1915	110.955	51.0447
ILE_18	-7.21281	4.57144	2.57649	-0.50911	15.4016	0.10044	2.86974	5.82902	0	0	-2.64011	0.13315	0	0	0	0	0	0	0.33578	1.56177	0.87254	0.68923	0	-0.93046	0	0	1.8006	-0.51432	24.935	178.555	28.4453
LEU_19	-7.48075	1.47437	3.81711	-0.66831	1.32512	0.20458	2.83817	6.75283	0.00063	0.00163	-1.77349	0.1712	0	0	0	0	0	0	3.4098	2.94396	1.96722	0.97675	0	-0.43254	0	0	1.3223	-0.16131	16.6892	162.34	47.6597
PHE_20	-6.90955	0.8928	3.41	-0.64794	0.09833	0.35513	3.13514	6.30755	0.05666	0.3437	-2.3589	0.23562	0	0	0	0	0	0	0.26561	3.49701	0.49284	0	3.00417	-0.24855	0	0	1.9602	-0.2023	13.6875	172.635	64.3646
ARG_21	-9.94561	1.22494	9.9115	-0.75793	0.44267	0.49034	6.19839	11.8474	0.16058	0.85729	-6.36512	0.48908	0	0	0	0	-1.48108	0	1.35936	4.86001	1.85031	3.00969	0	0.07996	0	0	-0.1423	-0.22883	23.8607	239.816	25.1835
THR_22	-5.56626	0.95578	4.66269	-0.1464	0.0725	0.05882	3.71629	6.41573	0.01998	0.07104	-2.57663	-0.77172	0	0	0	0	0	0	0.31471	6.57974	6.40163	0.17811	0	-0.16153	0	4.96769	-0.9333	-0.00572	24.2532	135.573	38.4269
GLY_23	-4.26451	1.11483	2.96491	-0.00057	0	0	2.95692	4.95598	0	0	-2.69594	-0.27564	0	0	0	0	0	0	0.61826	0	0	0	0	1.08679	0	0	1.435	1.43202	9.32806	164	0
TYR_24	-6.82304	1.42618	3.29799	-0.74311	0.26629	0.21642	3.22638	6.02632	0	0	-2.27022	-0.60965	0	0	0	0	0	0	0.30919	3.0502	0.02999	0	3.02021	-0.45242	0	0	1.7379	2.49529	14.2039	154.856	93.1444
LEU_25	-8.47167	4.70035	4.33413	-0.64288	1.56524	0.22296	2.98101	6.9438	0	0	-2.50566	-0.04177	0	0	0	0	0	0	0.34598	1.80348	0.291	1.51249	0	-0.25569	0	0	1.3223	1.76529	15.8703	210	0
THR_26	-5.83232	1.99523	4.56138	-0.1403	0.07689	0.10684	3.64122	6.68981	0.00589	0.02324	-2.16714	-1.25804	0	0	0	0	0	0	0.14107	1.12567	0.36501	0.76066	0	-0.33068	0	4.98648	-0.9333	0.56283	14.3805	157.189	16.8106
ARG_27	-9.68267	0.96684	9.14257	-0.43936	0.12292	0.23301	4.51633	9.91622	0.00862	0.04355	-2.65503	0.00533	0	0	0	0	-0.81312	0	0.68597	5.348	2.11469	3.23331	0	0.00413	0	0	-0.1423	0.31327	22.9223	248.612	16.3884
ASP_28	-3.72417	0.48773	5.04777	-0.11723	0.01542	0.37385	2.37383	5.78056	0.00401	0.04382	-2.81508	0.15578	0	0	0	0	0	0	0.02036	4.14769	0.34334	0	3.80435	-0.15291	0	0	-1.6204	0.36178	14.5305	116.519	68.4813
LYS_29	-6.5004	0.39719	7.05825	-0.31421	0.09183	0.14794	3.64209	7.41459	0.00999	0.0378	-3.79993	-0.05702	0	0	0	-1.20684	0	0	0.64351	8.53532	6.04563	2.48969	0	0.13281	0	0	-0.8895	0.4871	24.3658	213.256	38.7437
LYS_30	-3.35531	0.41117	4.66583	-0.3461	0.07338	0.17533	2.08355	4.93463	0.02881	0.11917	-1.05224	0.45049	0	0	0	0	0	0	-0.07305	18.9625	15.8758	3.08669	0	0.58496	0	0	-0.8895	1.48224	47.2184	137.657	114.343
GLN_31	-1.28699	0.51141	1.69472	-0.41491	0.49772	0.26441	0.74914	2.10781	0	0	0.28715	-0.36227	0	0	0	0	0	0	0.05901	10.4074	5.06058	0	5.34686	0.45974	0	0	-0.1077	1.43779	26.7119	34.8463	182.154
GLY_32	-0.77467	0.10108	0.93709	-7e-05	0	0	0.21746	1.24982	0	0	0.00594	-0.41618	0	0	0	0	0	0	3.12879	0	0	0	0	-2.36614	0	0	1.435	0.66269	4.18083	75.8	88.2
ALA_33	-2.48828	0.42542	2.39446	-0.01857	0	0	1.73814	3.56339	0	0	-0.27585	-0.26128	0	0	0	0	0	0	1.30475	0	0	0	0	0.25869	0	0	2.2619	0.2423	9.14507	106.069	46.9312
LYS_34	-1.55993	0.01357	1.77647	-0.42127	0.09245	0.26861	0.19801	2.09717	0.0039	0.01991	0.01259	0.24973	0	0	0	0	0	0	1.56419	10.3387	6.58065	3.75803	0	0.3409	0	0	-0.8895	0.43286	24.877	66.8585	185.141
ASP_35	-3.56224	0.37823	5.04492	-0.10706	0.00921	0.30173	2.49895	5.72978	0	0	-2.18561	-0.09494	0	0	0	-0.56351	0	0	-0.03858	3.98033	0.1655	0	3.81483	0.31052	0	0	-1.6204	0.03765	14.0993	118.147	66.8527
THR_36	-5.17169	0.93478	5.07778	-0.10358	0.02161	0.07179	3.48433	6.46008	0.01473	0.14779	-2.49164	-0.50398	0	0	0	0	-0.67363	0	0.49503	0.91967	0.32445	0.59523	0	-0.3556	0	4.9492	-0.9333	-0.37096	12.8921	147.41	26.5902
SER_37	-3.57386	0.60915	3.45265	-0.03977	0.04395	0.05988	2.10823	4.77422	0.00058	0.00317	-1.59011	0.17905	0	0	0	0	0	0	0.48739	0.5584	0.42305	0.13535	0	-0.31478	0	4.04	-0.539	0.71558	11.5331	121.493	40.5072
SER_38	-5.67239	2.08399	4.77777	-0.0343	0.00589	0.02405	3.7679	6.60625	0.03729	0.65239	-2.65129	-0.67056	0	0	0	-0.33253	0	0	0.22649	1.4233	0.17329	1.25	0	0.21969	0	4.04	-0.539	1.15698	16.5452	162	0
VAL_39	-6.38527	1.49194	3.31184	-0.23375	0.17938	0.04533	3.49484	6.2931	0	0	-2.76347	-0.26504	0	0	0	-0.95773	0	0	1.50422	2.592	2.12355	0.46845	0	-1.03284	0	0	2.7371	0.17686	12.7805	148.178	33.8217
ALA_40	-5.98488	0.69337	2.42929	-0.01652	0	0	2.85389	5.82653	0	0	-2.45765	-0.37335	0	0	0	0	0	0	0.10063	0	0	0	0	-0.90985	0	0	2.2619	0.06604	4.4894	153	0
GLN_41	-7.53267	1.30636	6.2983	-0.67224	0.2826	0.43638	4.14588	8.79758	0	0	-2.69959	-0.28269	0	0	0	0	0	0	-0.06946	4.71247	0.05001	0	4.66246	0.36555	0	0	-0.1077	0.12249	19.8157	177.375	39.625
SER_42	-6.42011	0.85109	5.92315	-0.03592	0.01682	0.02394	4.53919	7.54607	0	0	-2.92392	-0.65072	0	0	0	0	0	0	1.47079	1.8771	0.98791	0.8892	0	-0.30168	0	4.04	-0.539	-0.17706	17.1168	162	0
ALA_43	-4.13438	0.9371	2.63077	-0.02599	0.00558	0	2.8135	4.84184	0.08828	0.56443	-2.30384	-0.44708	0	0	0	0	0	0	1.16273	0	0	0	0	0.8579	0	0	2.2619	0.80392	10.0566	130.19	22.8099
ILE_44	-8.10135	2.29962	4.10594	-0.48385	0.5296	0.12709	3.60884	6.70095	0.02651	0.08922	-2.47405	-0.15767	0	0	0	0	0	0	0.09114	3.35461	2.94079	0.41382	0	-1.19773	0	0	1.8006	0.52181	14.1959	181.245	25.7548
VAL_45	-5.33117	2.1543	2.66178	-0.27451	0.45719	0.05311	2.79397	5.36543	0.02043	0.0646	-2.23523	-0.03169	0	0	0	0	0	0	2.05376	0.83316	0.2326	0.60057	0	-0.80867	0	0	2.7371	-0.56696	10.7798	155.26	26.74
SER_46	-3.39939	1.08615	3.59538	-0.03838	0.04554	0.05644	2.86954	4.87034	0.08028	0.55797	-2.95947	0.12697	0	0	0	0	0	0	-0.10082	0.35314	0.00042	0.35271	0	0.12552	0	4.04	-0.539	0.18403	11.3074	106.468	55.5317
ILE_47	-5.55458	0.89178	3.62755	-0.46404	5.53709	0.08041	2.8952	5.49587	0	0	-2.27378	0.16232	0	0	0	0	0	0	-0.12221	1.0785	0.64611	0.4324	0	-0.94755	0	0	1.8006	0.23742	13.5231	166.249	40.7513
GLU_48	-5.67663	0.37123	9.07313	-0.38773	0.21772	0.69162	5.90833	10.1967	0.03422	0.3581	-5.87145	-0.88646	0	0	0	0	-1.19868	0	2.85631	5.88318	1.32369	0	4.55949	0.3575	0	0	-1.6358	0.76726	26.9417	170.729	52.2714
SER_49	-5.6736	0.58628	5.77952	-0.04312	0.01755	0.06549	4.23312	7.48422	0.07027	0.80004	-3.20123	-0.75926	0	0	0	-1.35362	0	0	4.48673	0.37375	0.06551	0.30824	0	-0.64664	0	4.04	-0.539	0.98007	17.0743	150.313	11.6872
GLY_50	-4.70864	10.1272	4.48223	-0.00024	0	0	2.2862	6.48621	0.05445	0.39874	-1.51752	-0.17106	0	0	0	0	0	0	0.10519	0	0	0	0	-1.43882	0	0	1.435	0.717	18.256	159.901	4.09875
PHE_51	-10.3208	2.27999	4.88681	-0.49412	0.03878	0.21061	1.37102	8.31292	0.00977	0.06767	-0.4719	0.00342	0	0	0	0	0	0	0.52028	2.71071	0.04094	0	2.66976	-0.45209	0	0	1.9602	0.24035	13.5843	218.283	18.7169
THR_52	-4.9622	0.9445	4.82401	-0.13138	0.04711	0.08488	3.14914	6.35839	0.04483	0.47467	-1.57328	-0.85316	0.04984	0	0	-0.66449	0	0	-0.05433	1.21231	0.33572	0.8766	0	0.62417	0	5.01356	-0.9333	2.06461	16.9322	129.034	44.9665
PRO_53	-2.642	1.22511	1.33485	-0.17022	1e-05	0.12111	0.28078	1.72162	0	0	0.39365	0.11	0.14959	0	0	0	0	0	0.09669	1.93844	1.38569	0.55275	0	-1.40035	0	0	-4.6787	1.93345	2.35245	105.164	93.836
GLY_54	-1.90176	0.24018	2.5119	-0.00118	0	0	0.99772	3.20031	0.0158	0.19099	-0.37309	-0.30133	0	0	0	-0.77947	0	0	-0.10843	0	0	0	0	-2.52923	0	0	1.435	-0.04366	2.55374	109.25	54.7505
ILE_55	-2.54702	0.78065	1.34741	-0.65196	0.58583	0.22858	0.813	2.43091	0.01387	0.06943	-0.15217	0.41347	0	0	0	0	0	0	3.60695	3.15344	1.8393	1.31414	0	-0.05842	0	0	1.8006	0.49042	15.4784	57.845	149.155
VAL_56	-5.31492	0.93997	1.43621	-0.26083	0.29137	0.05215	0.71228	4.45025	0.02941	0.28816	0.22068	-0.13721	0	0	0	0	0	0	0.21594	0.57871	0.08733	0.49138	0	-1.32061	0	0	2.7371	-0.47815	5.0192	130.533	51.4671
GLY_57	-5.26878	2.14778	3.89925	-0.00081	0	0	2.93944	6.388	0	0	-2.33404	-0.28366	0	0	0	0	0	0	0.08641	0	0	0	0	0.973	0	0	1.435	0.86977	10.8514	164	0
PHE_58	-6.06289	0.57521	3.2931	-0.58769	0.07999	0.32791	2.96716	6.09655	0.02905	0.41335	-1.57372	0.11787	0	0	0	0	0	0	0.14953	2.46277	0.01422	0	2.44855	-0.26115	0	0	1.9602	0.98078	13.4308	134.794	102.206
GLY_59	-4.24096	0.62532	3.33546	-0.00168	0	0	2.42036	4.89233	0	0	-2.28704	-0.36598	0	0	0	0	0	0	-0.16487	0	0	0	0	-1.29238	0	0	1.435	0.34484	4.70039	162.784	1.2163
VAL_60	-5.28189	1.15467	3.93182	-0.32272	0.6447	0.07072	2.49773	5.92149	0.05445	0.39874	-2.40325	-0.47902	0	0	0	-0.70749	0	0	0.06608	1.27621	0.9656	0.31061	0	0.03234	0	0	2.7371	0.68005	11.5479	127.156	54.8442
GLY_61	-3.73737	0.47599	3.69348	-0.00099	0	0	2.87104	5.25715	0	0	-2.42279	-0.29865	0	0	0	0	0	0	-0.02989	0	0	0	0	1.03537	0	0	1.435	1.5375	9.81585	162.557	1.44319
VAL_62	-4.20295	0.79276	3.46335	-0.2661	0.3222	0.05825	2.69812	5.1873	0.02125	0.18194	-2.73735	-0.27819	0	0	0	0	0	0	0.31467	3.2365	2.71298	0.52352	0	-0.67117	0	0	2.7371	1.69434	15.7885	123.062	58.9383
VAL_63	-5.64569	0.58949	2.116	-0.32947	1.21653	0.07471	2.86016	5.22098	0	0	-2.4426	-0.77289	0	0	0	0	0	0	0.32413	2.75797	0.45377	2.3042	0	-0.96827	0	0	2.7371	-0.00244	10.4937	165.596	16.4044
GLY_64	-3.80835	0.80499	3.78475	-0.00211	0	0	2.94019	5.29541	0	0	-2.61105	-0.41969	0	0	0	0	0	0	0.00645	0	0	0	0	-1.69953	0	0	1.435	0.16731	5.89336	152.519	11.4808
ASP_65	-6.75195	1.83992	8.63207	-0.22269	0	0.7682	5.05811	9.64671	0.01495	0.13887	-6.47375	0.14714	0	0	0	0	-0.85452	0	0.64904	7.68723	3.54653	0	4.1407	0.61154	0	0	-1.6204	0.88179	27.8395	179.681	5.31899
GLY_66	-2.5908	0.53005	3.07698	-0.00142	0	0	2.66639	4.21981	0	0	-2.41198	-0.37619	0	0	0	0	0	0	1.121	0	0	0	0	1.55541	0	0	1.435	2.89466	12.1189	135.154	28.8457
SER_67	-5.58342	2.07103	4.93535	-0.03047	0.01722	0.022	3.55287	6.56617	0.0769	0.59717	-2.60114	-0.80213	0	0	0	0	0	0	1.05555	2.91017	0.6142	2.29598	0	-0.78537	0	4.04	-0.539	2.01439	20.4275	157.354	4.64605
PHE_68	-6.1431	1.33362	3.67162	-0.95131	0.11158	0.6425	2.94187	5.88607	0	0	-3.01994	-0.22356	0	0	0	0	0	0	0.07748	3.09132	0.66836	0	2.42296	-0.39103	0	0	1.9602	-0.46424	11.6144	138.373	98.6268
LYS_69	-8.91198	1.98899	8.38272	-0.54532	0.2398	0.3429	4.42892	9.76197	0.00067	0.00311	-4.58656	0.27961	0	0	0	-0.84498	0	0	0.30311	4.29754	0.47672	3.82082	0	0.08189	0	0	-0.8895	-0.34647	18.284	222.752	29.248
ILE_70	-5.75421	1.37493	3.46549	-0.4857	0.66399	0.11818	1.89966	5.62199	0	0	-0.97394	-0.2421	0	0	0	-0.05594	0	0	-0.08892	1.32199	0.97948	0.34251	0	-0.93338	0	0	1.8006	-0.30315	8.75149	136.571	70.4292
GLY_71	-2.2523	0.66842	3.00963	-0.00041	0	0	1.17215	3.56859	0	0	-0.51218	-0.21402	0	0	0	-0.2175	0	0	-0.08075	0	0	0	0	-2.49275	0	0	1.435	-0.06642	4.01746	110.545	53.455
GLU_72	-3.35104	0.47387	4.26544	-0.35091	0.26108	0.41479	1.48633	4.58411	0	0	-0.79521	-0.60275	0	0	0	-0.84498	0	0	0.18586	4.76522	0.01077	0	4.75445	-0.37208	0	0	-1.6358	-0.29506	12.9541	101.379	121.621
ASN_73	-7.2424	1.86116	6.20504	-0.20881	0.07007	0.33299	3.78628	8.72523	0.01666	0.33621	-1.23207	-1.02269	0	0	0	-1.23117	0	0	-0.1759	5.66118	1.03149	0	4.62969	-1.69	0	0	-0.3009	-0.21077	19.3413	169.873	14.1274
LYS_74	-2.96094	0.22499	3.32514	-0.70075	0.93794	0.4214	0.3692	3.57221	0	0	0.46745	-0.08996	0	0	0	0	0	0	-0.01942	8.12764	1.97855	6.14909	0	-0.07924	0	0	-0.8895	-0.34248	20.4913	118.054	133.946
ASN_75	-3.76384	0.63002	4.10059	-0.21583	0.04858	0.36296	1.87929	5.18183	0.00058	0.00317	-1.72066	-0.7155	0	0	0	0	0	0	1.44877	5.06731	0.31617	0	4.75114	-1.15859	0	0	-0.3009	-0.11706	15.798	102.036	81.9636
ALA_76	-4.29168	0.8427	2.51803	-0.02412	0	0	2.09181	4.79677	0	0	-2.27662	-0.14754	0	0	0	-0.32968	0	0	0.0682	0	0	0	0	-0.20131	0	0	2.2619	0.91854	6.22701	150.567	2.4326
GLY_77	-3.13206	0.49735	3.79028	-0.00241	0	0	1.84042	4.71528	0	0	-0.50459	-0.42498	0	0	0	-0.33253	0	0	1.53517	0	0	0	0	-2.43654	0	0	1.435	0.91803	7.89844	159.389	4.61109
ASN_78	-5.70774	0.95378	5.12774	-0.2036	0.0232	0.36168	1.77413	6.40223	0.03158	0.4314	-0.96427	-1.09814	0	0	0	-0.30322	-0.67363	0	-0.14717	3.65803	0.98499	0	2.67304	-1.41002	0	0	-0.3009	0.37801	11.9911	161.453	22.5473
GLN_79	-6.13061	1.44987	4.25096	-0.6948	0.46425	1.14332	0.67901	5.49027	0.13523	1.0739	-1.17203	-0.30354	0	0	0	0	0	0	-0.14264	3.99998	0.26905	0	3.73093	-0.13176	0	0	-0.1077	0.54433	14.548	179.348	37.652
MET_80	-9.10527	2.46165	4.38945	-0.46794	0.21392	0.13956	1.46306	5.21564	0	0	-0.59414	-0.07873	0	0	0	0	0	0	0.68214	3.16699	1.74869	1.41829	0	0.15233	0	0	1.4633	1.23384	13.5028	261.392	0.60815
ILE_81	-7.41467	2.67783	0.81952	-0.47759	1.53074	0.10154	0.89421	4.18481	0.00197	0.01565	0.06301	-0.05835	0.00321	0	0	0	0	0	0.79876	0.65447	0.15627	0.49821	0	0.05379	0	0	1.8006	3.53954	9.84351	207	0
PRO_82	-7.35395	2.37644	3.27267	-0.12743	0.00753	0.0953	1.60517	4.05896	0.01249	0.10794	-2.8517	0.202	0.03654	0	0	0	0	0	0.49577	1.4014	1.22488	0.17652	0	-1.96237	0	0	-4.6787	2.58605	0.68551	197.463	1.53703
LYS_83	-5.23695	0.41971	4.72147	-0.37295	0.14621	0.18739	2.08949	5.86776	0.00107	0.00552	-2.30708	-0.1204	0	0	0	-0.32968	0	0	0.0376	6.12916	2.04633	4.08283	0	0.17813	0	0	-0.8895	-0.44735	16.2088	155.27	96.7295
HIS_84	-6.52268	0.44551	6.05991	-0.38499	0.00686	0.39023	2.42677	8.08603	0.07272	0.44738	-2.33618	-0.23217	0	0	0	0	0	0	0.01114	3.01174	0.04257	0	2.96916	0.18206	0	0	0.8406	0.39924	15.9159	179.225	61.775
ASN_85	-1.32897	0.2809	1.74192	-0.18602	0.17863	0.28497	0.57376	2.15737	0	0	0.46581	-0.91662	0	0	0	0	0	0	0.79779	10.9092	6.00507	0	4.90414	0.37339	0	0	-0.3009	0.9727	26.9132	19.7375	164.263
ASP_86	-2.41792	0.34728	4.30754	-0.19852	0.06905	0.66129	2.06731	4.69591	0	0	-1.44236	-1.4749	0	0	0	-0.79405	0	0	1.87404	6.34183	1.2878	0	5.05403	-0.4316	0	0	-1.6204	0.70381	19.0301	77.9154	107.085
GLY_87	-2.24154	0.32138	3.13776	-7e-05	0	0	1.62491	3.80032	0	0	-1.10987	-0.35438	0	0	0	0	0	0	0.14331	0	0	0	0	-2.49303	0	0	1.435	-0.20145	4.06233	128.277	35.7233
SER_88	-3.75451	0.37346	5.60072	-0.03834	0.00416	0.05579	3.24154	6.38354	0	0	-2.82558	-0.58708	0	0	0	-0.79405	0	0	0.01408	1.54107	0.53071	1.01036	0	-0.08516	0	4.04	-0.539	-1.10394	13.0678	118.501	43.499
ALA_89	-4.18276	0.38227	1.93633	-0.02546	0	0	1.31679	4.21278	0.0313	0.14644	-1.07365	-0.19261	0	0	0	0	0	0	1.7874	0	0	0	0	0.02615	0	0	2.2619	-1.40821	5.21867	149.674	3.32621
TYR_90	-8.69654	0.99105	4.79437	-0.56122	0.11237	0.18278	1.853	7.59644	0.0133	0.11175	-1.0597	-0.14148	0	0	0	0	0	0	-0.01149	7.25318	2.34083	0	4.91236	0.15356	0	0	1.7379	-1.28216	20.3003	197.522	50.478
ASP_91	-4.18361	1.076	4.45425	-0.25477	0.03078	0.82162	2.11634	5.14314	0.04127	0.30023	-1.23386	0.20401	0	0	0	0	0	0	0.06172	4.62702	0.06537	0	4.56165	0.13662	0	0	-1.6204	-0.17872	16.1687	111.167	73.833
HIS_92	-4.22685	2.37484	2.89637	-0.78125	0.03245	1.04508	0.84806	4.16285	0	0	-0.6697	-0.41962	0	0	0	0	0	0	0.03164	3.78016	0.96193	0	2.81823	-0.56007	0	0	0.8406	0.21659	13.3513	115.614	125.386
TRP_93	-10.7656	4.18372	3.81996	-1.28779	0.52111	1.13856	2.63425	7.4116	0	0	-2.19835	-0.51983	0	0	0	0	0	0	0.85868	3.28635	0.35223	0	2.93411	-0.68418	0	0	3.7077	0.23465	15.6272	260.955	9.04516
ALA_94	-1.97793	0.96751	1.24967	-0.0228	0	0	0.45879	2.09439	0.01313	0.21427	-0.68965	-0.43974	0	0	0	0	0	0	0.91466	0	0	0	0	-0.30727	0	0	2.2619	0.39147	5.12839	85.913	67.087
ARG_95	-10.3438	1.56316	11.5101	-1.02018	0.8717	0.78229	6.72474	13.3868	0	0	-6.57009	-0.00142	0	0	0	-0.80267	-0.64563	0	4.23387	8.54568	2.66118	5.88451	0	-0.23321	0	0	-0.1423	0.16576	36.5705	254.925	10.0751
GLY_96	-2.12547	0.84001	0.69626	-0.00148	0	0	0.34687	1.78972	0.06842	0.57091	-0.47515	-0.34409	0	0	0	0	0	0	0.11469	0	0	0	0	-2.53114	0	0	1.435	1.28405	1.66861	137.574	26.426
GLY_97	-2.59051	0.09001	2.86243	-0.00206	0	0	2.3692	3.95074	0	0	-1.82922	-0.41315	0	0	0	0	0	0	0.64017	0	0	0	0	-2.50377	0	0	1.435	1.71434	5.72317	135.424	28.5755
GLY_98	-2.42937	0.58774	2.47764	-0.00091	0	0	1.58617	3.38807	0.01234	0.04927	-2.09776	-0.3073	0	0	0	0	0	0	0.54277	0	0	0	0	0.67923	0	0	1.435	1.35899	7.28188	129.101	34.8994
SER_99	-5.19959	0.72404	5.32649	-0.03548	0.00417	0.05269	3.79296	6.6992	0.01783	0.11365	-2.41924	-0.41346	0	0	0	0	-0.4779	0	0.8856	0.4765	0.30876	0.16774	0	-0.76583	0	4.04	-0.539	0.51997	13.2791	156.91	5.09012
VAL_100	-4.30889	0.94914	3.12192	-0.302	0.17446	0.06221	2.85261	4.83584	0	0	-2.77425	-0.36337	0	0	0	0	0	0	0.6027	1.00819	0.24931	0.75888	0	-0.47728	0	0	2.7371	-0.47209	8.65448	98.4192	83.5808
LYS_101	-9.5412	2.15234	10.186	-0.4767	0.14733	0.29938	5.40516	11.3459	0.14575	0.52831	-4.95591	-0.17052	0	0	0	-0.64613	-0.42923	0	0.38551	4.65979	1.65828	3.00151	0	0.01035	0	0	-0.8895	-0.01417	22.8022	240.397	11.6033
ALA_102	-4.16093	0.77276	2.58986	-0.0224	0	0	2.76549	4.79461	0	0	-2.45711	-0.43441	0	0	0	0	0	0	0.86313	0	0	0	0	-0.1129	0	0	2.2619	0.21169	7.07168	129.767	23.2331
ARG_103	-11.3737	2.03758	9.0891	-0.72298	0.23867	0.49124	4.40823	11.2325	0.07057	0.3915	-3.69246	0.52778	0	0	0	0	-0.90906	0	0.17064	3.89175	0.53737	3.35438	0	-0.28831	0	0	-0.1423	0.06181	19.3743	234.94	30.0596
PHE_104	-5.18524	0.75666	4.06741	-0.86094	0.11725	0.1593	2.88814	5.59072	0	0	-2.00172	-0.59409	0	0	0	0	0	0	0.03829	4.11257	0.7371	0	3.37546	-0.27164	0	0	1.9602	0.18517	15.0746	137.397	99.6027
SER_105	-5.03486	0.44001	5.79023	-0.01823	0.00305	0.02673	2.97183	6.76734	0.01387	0.06943	-1.2284	-0.12566	0	0	0	0	0	0	1.74218	3.29046	3.03314	0.25732	0	0.10397	0	4.04	-0.539	2.42182	24.0252	128.705	33.2947
ASN_106	-7.5945	0.80742	8.41562	-0.23387	0.08988	0.38159	3.90966	9.86184	0.00761	0.08924	-4.33174	-0.54687	0	0	0	-0.56999	-0.07099	0	-0.05801	4.13116	1.12875	0	3.00241	-1.13788	0	0	-0.3009	1.93168	18.9121	154.599	29.401
THR_107	-5.93348	0.85344	6.22282	-0.18063	0.21795	0.0675	4.1793	7.90397	0.03239	0.2443	-1.8013	-0.53563	0	0	0	0	0	0	-0.10177	0.3076	0.07221	0.23539	0	-0.25119	0	5.00271	-0.9333	-0.24572	15.3565	151.392	22.608
THR_108	-5.48394	0.84927	4.37569	-0.14245	0.07662	0.0496	3.29804	6.21807	0.04162	0.3314	-2.80711	-0.60124	0	0	0	0	0	0	1.17497	0.71918	0.00605	0.71313	0	-0.27541	0	5.02454	-0.9333	0.07271	12.7074	147.162	26.8385
VAL_109	-5.03802	1.54842	2.69366	-0.24362	0.1722	0.04765	2.68099	5.15944	0	0	-2.17792	-0.24537	0	0	0	0	0	0	0.01908	1.27599	0.88509	0.39089	0	-1.30834	0	0	2.7371	-0.43911	8.15813	130.403	51.5969
ARG_110	-7.78469	1.15363	8.54056	-0.8716	0.36407	0.56098	4.82652	9.42851	0.14567	0.53465	-4.35546	0.31772	0	0	0	0	-1.24735	0	-0.09725	4.06444	0.36727	3.69717	0	0.13309	0	0	-0.1423	-0.60034	19.0353	208.478	56.5222
TYR_111	-5.3238	1.10537	3.97629	-0.8941	0.29391	0.19834	2.96967	5.99078	0	0	-2.48088	-0.39122	0	0	0	0	0	0	0.15879	3.87672	0.16193	0	3.71478	-0.07595	0	0	1.7379	-0.03179	14.9867	108.633	139.367
GLY_112	-4.24929	0.5148	4.19651	-0.00101	0	0	2.91344	5.94978	0.00548	0.02188	-2.50524	-0.35347	0	0	0	0	0	0	0.03166	0	0	0	0	-2.53079	0	0	1.435	1.51615	6.9449	160.414	3.5864
THR_113	-5.6251	0.53342	3.74942	-0.15133	0.08838	0.05901	1.76418	5.90751	0.03017	0.16292	-1.24988	-0.74473	0	0	0	0	0	0	0.435	0.43619	0.35031	0.08588	0	0.02493	0	5.11489	-0.9333	1.36735	11.4052	160.236	13.7636
GLN_114	-7.79877	0.31358	6.55082	-0.41702	0.21774	0.37488	3.48657	8.53728	0.21376	0.96594	-2.84808	-0.60959	0	0	0	0	0	0	0.00485	5.65312	1.6141	0	4.03901	0.13302	0	0	-0.1077	0.66181	20.9853	202.524	14.4762
VAL_115	-3.91217	0.52835	0.64473	-0.27159	0.27048	0.05478	0.49064	2.41293	0	0	-0.28048	0.05175	0	0	0	0	0	0	0.16865	0.21209	0.00855	0.20354	0	-0.86661	0	0	2.7371	0.20238	2.65514	115.284	66.7156
LEU_116	-7.15777	0.94193	2.03962	-0.48216	0.83595	0.08349	2.44632	4.85531	0.02981	0.16589	-1.7231	0.16959	0	0	0	-0.88016	0	0	0.29454	1.42004	0.63336	0.78668	0	-0.47593	0	0	1.3223	-0.90799	4.39772	204.877	5.12343
ASP_117	-2.70667	0.11626	2.06033	-0.26368	0.03658	0.91868	0.72913	2.95244	0	0	-0.67851	-1.1562	0	0	0	0	0	0	0.30634	3.37536	0.06859	0	3.30677	-0.70361	0	0	-1.6204	0.41738	7.15878	73.0907	111.909
LEU_118	-6.49316	1.4693	2.8199	-0.53427	1.60763	0.12576	2.30863	5.68835	0	0	-0.3856	0.4164	0.08338	0	0	0	0	0	-0.06033	1.72506	0.82603	0.89903	0	-0.26119	0	0	1.3223	2.75771	14.3149	200.003	9.99657
PRO_119	-7.03321	1.75103	2.196	-0.06951	0	0.04161	1.45965	3.29327	0.00481	0.07773	-0.87332	0.59058	0.40551	0	0	-0.54663	0	0	-0.22556	0.53538	0.09754	0.43784	0	0.23331	0	0	-4.6787	2.11972	-0.18293	185.164	13.8356
VAL_120	-8.07768	1.13849	2.54554	-0.29068	0.22606	0.05564	1.8919	5.83294	0	0	-0.65936	0.16613	0	0	0	-0.44238	0	0	-0.10375	1.46105	0.99031	0.47075	0	0.75177	0	0	2.7371	0.32025	9.01407	182	0
LEU_121	-8.01482	0.83592	1.65328	-0.64112	1.13053	0.24218	2.21855	5.63912	0.05324	0.19433	-1.02719	0.18009	0	0	0	0	0	0	1.11547	1.61925	0.95138	0.66787	0	0.77269	0	0	1.3223	3.25267	12.1657	210	0
ALA_122	-6.29809	1.05836	4.19184	-0.02422	0.00024	0	2.97244	7.77996	0.09429	0.49739	-1.70592	-0.39221	0	0	0	0	0	0	0.99319	0	0	0	0	1.0496	0	0	2.2619	3.52583	16.0046	151.975	1.02469
SER_123	-6.42252	0.93825	6.10873	-0.03804	0.00372	0.02338	3.29595	7.64163	0.08172	0.35615	-1.70704	-0.59705	0	0	0	-0.88016	0	0	8.05148	1.4738	0.73654	0.73725	0	0.39208	0	4.04	-0.539	0.50898	24.2059	159.5	2.49951
ASN_124	-8.7927	3.15224	7.89688	-0.23562	0.07175	0.43144	4.50707	9.79817	0.12683	0.46939	-3.08592	-0.53071	0	0	0	-1.53861	-0.55236	0	3.71826	3.77126	0.27292	0	3.49834	-0.15624	0	0	-0.3009	1.29846	23.82	181.567	2.4326
THR_125	-3.49075	0.35279	3.06155	-0.13085	0.07378	0.09741	1.91277	4.483	0.08319	0.44756	-1.11498	0.29114	0	0	0	-0.90907	0	0	-0.02819	0.62603	0.5392	0.08683	0	-0.60172	0	5.01648	-0.9333	2.33899	12.2019	101.381	72.6191
GLY_126	-2.23071	0.24593	2.7183	-7e-05	0	0	1.37447	3.3684	0.02216	0.12232	-1.47156	-0.33906	0	0	0	-0.95838	0	0	0.03172	0	0	0	0	0.83691	0	0	1.435	1.57524	6.73067	133.25	30.7496
ARG_127	-8.39467	0.7841	7.40725	-0.97736	0.60398	0.75345	2.56742	8.24983	0.01133	0.08677	-0.62755	0.11067	0	0	0	-0.67837	0	0	0.0858	3.98144	0.41197	3.56947	0	0.62625	0	0	-0.1423	3.25592	21.6854	239.418	25.5817
MET_128	-9.02896	2.04047	3.23888	-0.77171	0.67237	0.16504	1.89238	5.62439	0.0292	0.26895	-0.51648	0.07487	0	0	0	0	0	0	0.44889	2.29248	0.84274	1.44974	0	0.16264	0	0	1.4633	3.49028	13.8395	262	0
VAL_129	-6.65957	1.94004	3.6904	-0.29569	0.19868	0.06156	1.55996	5.95658	0	0	0.22332	-0.65407	0.00696	0	0	0	0	0	0.57168	0.61978	0.26048	0.35931	0	-0.02538	0	0	2.7371	2.90665	13.4578	181.278	0.721597
PRO_130	-5.82802	1.65684	3.23477	-0.14132	0	0.10558	2.10515	4.17326	0.00591	0.04153	-1.91193	0.21535	0.28378	0	0	-0.80253	0	0	0.60022	11.3785	11.0528	0.32571	0	-0.62986	0	0	-4.6787	2.30745	23.4944	180.551	18.4491
GLU_131	-10.2375	1.98371	11.5015	-0.27731	0.10855	0.33135	5.96903	12.2995	0.03757	0.14788	-3.45664	-0.19525	0	0	0	-1.81214	0	0	0.14824	4.36943	0.52025	0	3.84917	-0.02521	0	0	-1.6358	-0.43381	23.1925	222.392	0.60815
TYR_132	-10.7874	1.23023	5.82965	-0.54903	0.11058	0.28426	4.3625	9.76386	0	0	-3.11473	-0.14256	0	0	0	0	-0.20889	0	0.88687	4.22894	0.27018	0	3.95876	-0.22136	0	0	1.7379	-0.92786	16.7119	246.88	1.12049
PHE_133	-10.1812	0.8946	4.57573	-0.54132	0.04782	0.23575	3.43736	8.14822	0.01452	0.13132	-2.47273	0.11272	0	0	0	0	0	0	0.07503	3.22222	0.72786	0	2.49436	-0.55473	0	0	1.9602	-0.84978	11.4779	237	0
THR_134	-5.47902	2.67321	4.78423	-0.15509	0.05683	0.05923	3.01654	6.34063	0	0	-2.82498	-0.72791	0	0	0	0	0	0	0.15841	1.85964	1.65887	0.20077	0	-0.22375	0	4.97672	-0.9333	-0.45924	14.9818	149.24	24.7602
GLY_135	-4.1359	0.85453	3.53576	-0.00212	0	0	2.74314	5.45553	0.10857	0.46483	-2.50771	-0.39992	0	0	0	0	0	0	1.27063	0	0	0	0	-2.52631	0	0	1.435	1.3686	7.66463	160.414	3.5864
THR_136	-5.04149	1.67025	3.87551	-0.14925	0.06408	0.05974	2.92324	5.94201	0	0	-2.35652	-0.66002	0	0	0	0	0	0	-0.01982	0.24817	1e-05	0.24816	0	-0.25641	0	5.06589	-0.9333	1.41641	12.0967	133.428	40.5715
LEU_137	-6.76533	1.25918	3.31597	-0.56692	0.57071	0.14037	2.97011	6.35891	0.09033	0.36281	-2.03114	0.23032	0	0	0	0	0	0	0.82774	1.48294	0.43738	1.04556	0	-0.21989	0	0	1.3223	0.16815	10.9995	181.36	28.6396
LEU_138	-6.30038	1.56186	3.80234	-0.64859	1.3291	0.25608	3.33075	6.56839	0	0	-2.91314	0.02958	0	0	0	0	0	0	0.40665	2.05683	0.26812	1.78871	0	-0.51962	0	0	1.3223	-0.1256	12.2134	151.324	58.6762
THR_139	-5.44352	0.7093	4.34811	-0.17497	0.12404	0.06526	2.88858	6.40576	0.05502	0.19599	-2.75668	-0.66839	0	0	0	0	0	0	-0.12458	0.35673	0.01618	0.34055	0	0.35263	0	5.06611	-0.9333	0.61198	11.4348	151.33	22.6705
SER_140	-5.25034	0.80369	4.99395	-0.03997	0.07363	0.05768	3.58723	6.43143	0	0	-2.00499	0.25411	0	0	0	0	0	0	1.25798	0.87014	0.12015	0.74998	0	0.8054	0	4.04	-0.539	1.15134	17.3624	142.589	19.4109
HIS_141	-5.8193	1.57215	5.92472	-0.45409	0.12823	0.53295	3.29381	7.39424	0.0874	0.4403	-1.18494	-0.23445	0	0	0	0	-0.74517	0	-0.01464	4.60976	0.04936	0	4.5604	-0.89107	0	0	0.8406	0.88778	20.978	167.161	73.8393
GLU_142	-4.82473	0.55694	7.25282	-0.40006	0.11303	0.84312	3.30445	7.54715	0	0	-0.80401	-0.49604	0	0	0	0	-0.07099	0	0.64094	5.79369	0.97484	0	4.81885	-0.40898	0	0	-1.6358	0.11743	23.3226	140.671	82.3288
ILE_143	-4.01173	0.96592	3.02722	-0.5368	0.36683	0.13609	1.82443	4.48028	0	0	-0.70648	0.05637	0	0	0	0	0	0	0.56778	16.8527	16.3184	0.5343	0	-1.28677	0	0	1.8006	-1.07379	39.3153	97.2369	109.763
LYS_144	-2.50351	0.89147	2.46679	-0.69857	0.25526	0.45871	0.82712	3.23739	0	0	0.34768	0.51052	0	0	0	0	0	0	0.2952	6.9609	2.30638	4.65452	0	0.08899	0	0	-0.8895	-0.55787	18.6515	69.302	182.698
ASN_145	-3.72801	0.7664	3.30166	-0.22043	0.07103	0.36542	1.84202	4.22794	0.00118	0.0487	-1.18825	-0.74208	0	0	0	0	0	0	0.54739	5.57018	1.28341	0	4.28677	-0.85193	0	0	-0.3009	0.66286	15.9434	91.6069	92.3931
LEU_146	-6.88609	2.64504	3.37162	-0.65906	0.72337	0.20133	2.62532	6.18745	0.00101	0.00387	-1.04302	0.29066	0	0	0	0	0	0	1.45246	4.0325	3.04726	0.98524	0	-0.34297	0	0	1.3223	0.56881	18.5271	177.185	32.8155
GLU_147	-6.20809	2.04984	6.14091	-0.30488	0.16852	0.34989	4.10177	7.62246	0	0	-4.58429	-0.22717	0	0	0	0	-0.74517	0	-0.00995	4.90227	0.2189	0	4.68336	0.59313	0	0	-1.6358	0.02783	17.1435	185.984	37.0158
VAL_148	-5.28623	0.9228	3.11354	-0.25912	0.29796	0.0517	2.94403	5.66231	0.00101	0.00387	-3.15722	-0.08471	0	0	0	0	0	0	-0.11067	0.78014	0.1119	0.66823	0	-1.22902	0	0	2.7371	-0.28688	6.88075	125.113	56.8866
VAL_149	-6.17522	1.66777	1.81621	-0.30954	0.29622	0.06522	2.34574	5.26421	0	0	-2.12823	-0.53321	0	0	0	0	0	0	1.35813	0.95571	0.17614	0.77958	0	-0.68635	0	0	2.7371	-0.73757	6.89191	176.268	5.73158
ALA_150	-3.56509	0.49139	2.83495	-0.02379	0.0001	0	2.75565	4.55241	0	0	-2.76064	-0.4465	0	0	0	0	0	0	0.29603	0	0	0	0	-0.20181	0	0	2.2619	-0.07438	6.12022	104.503	48.4966
GLY_151	-3.81396	0.60138	2.73605	-0.00134	0	0	2.67939	4.60926	0	0	-2.15459	-0.36019	0	0	0	0	0	0	0.59211	0	0	0	0	0.31193	0	0	1.435	1.29818	7.93322	154.981	9.01922
LYS_152	-5.57415	2.35747	3.98384	-0.63867	0.41235	0.36021	2.50273	5.34834	0	0	-2.25261	0.14776	0	0	0	0	0	0	-0.01713	4.17965	0.25697	3.92269	0	0.01581	0	0	-0.8895	1.64204	15.7578	151.445	100.555
PHE_153	-10.9267	2.41604	3.04088	-0.6678	0.13951	0.38315	3.0086	8.4228	0	0	-2.67073	0.2106	0	0	0	0	0	0	-0.06433	2.84799	0.00137	0	2.84662	-0.14171	0	0	1.9602	0.29785	11.1043	237	0
THR_154	-4.10443	0.30738	3.68707	-0.12977	0.10276	0.07577	1.66805	4.88387	0.0379	0.18076	-0.18026	0.2482	0	0	0	0	0	0	1.10849	1.21346	1.0639	0.14956	0	-1.03765	0	5.07808	-0.9333	-0.33052	13.0893	122.254	51.7464
LYS_155	-6.95576	2.84484	6.77357	-0.29022	0.04462	0.12894	3.23363	7.29842	0	0	-2.36406	-0.21641	0	0	0	0	-0.38726	0	0.00509	3.26867	0.3484	2.92027	0	-0.01321	0	0	-0.8895	-0.15119	15.5988	173.399	78.6013
ASP_156	-7.15564	0.74448	9.2305	-0.19502	0.03844	0.63163	4.49244	10.6783	0.13349	0.57985	-1.03766	-1.25766	0	0	0	-0.59372	0	0	-0.09945	5.1398	1.16783	0	3.97196	-0.32774	0	0	-1.6204	0.11813	24.6396	183.784	1.2163
GLN_157	-9.03805	1.00904	9.28708	-0.35695	0.10435	0.23068	4.73353	11.1898	0.07142	0.62485	-4.17575	-0.34954	0	0	0	-0.27041	0	0	-0.09556	4.09727	0.04366	0	4.0536	0.24221	0	0	-0.1077	0.93641	22.2299	207.94	9.05995
MET_158	-11.0727	2.72735	7.6342	-0.57866	0.4824	-0.04324	4.00038	9.21681	0.04097	0.37538	-2.39915	0.01269	0	0	0	0	0	0	2.17716	15.2018	13.2616	1.94024	0	0.35997	0	0	1.4633	0.71698	45.5175	259.948	2.05172
SER_159	-5.95369	0.89937	5.85488	-0.03577	0.01679	0.02262	3.21104	7.13944	0	0	-0.11552	-0.75957	0	0	0	0	-0.55236	0	-0.25402	1.95004	0.66351	1.28653	0	0.05237	0	4.04	-0.539	0.27176	17.1984	161.392	0.60815
ASP_160	-6.36413	1.05295	6.67462	-0.27773	0.05973	0.96052	1.58039	7.57416	0.13847	0.93524	-1.98254	-1.98566	0	0	0	0	-0.22784	0	-0.11049	3.79647	0.21117	0	3.58529	-0.69598	0	0	-1.6204	-0.01368	13.2906	169.284	15.7161
GLN_161	-7.91905	1.0371	7.74149	-0.53729	0.19525	0.55504	3.3547	9.39675	0	0	-2.00246	-0.82764	0	0	0	-0.27055	-0.22784	0	0.31649	4.04668	0.38721	0	3.65947	0.30436	0	0	-0.1077	-0.40932	18.6927	188.643	28.3571
ILE_162	-3.87895	0.71433	1.58486	-0.71826	2.98546	0.17489	0.48198	2.86136	0.01013	0.16033	0.46665	0.27209	0	0	0	0	0	0	0.1721	2.05865	0.72223	1.33642	0	-0.375	0	0	1.8006	-0.07909	10.7508	153.107	53.8932
ASN_163	-3.91998	0.60051	3.82361	-0.20911	0.0058	0.29897	1.61403	5.28454	0	0	-0.24369	-0.45943	0	0	0	-1.01989	0	0	0.33722	3.64447	0.04565	0	3.59881	0.43909	0	0	-0.3009	-0.04605	13.4937	94.7812	89.2188
THR_164	-3.78454	0.35112	3.84721	-0.13372	0.18442	0.06374	1.20994	4.72737	0	0	-0.41496	-0.25665	0	0	0	0	-0.38726	0	0.41672	0.32619	0.20404	0.12216	0	-0.18347	0	5.10784	-0.9333	-0.44308	10.0238	104.763	69.2368
ASP_165	-6.24	0.67092	7.92103	-0.19087	0.07301	0.62398	3.79428	9.0695	0	0	-3.21897	-0.9532	0	0	0	-2.55574	0	0	0.01272	3.90493	1.04554	0	2.85939	-0.66418	0	0	-1.6204	0.23844	14.7704	152.92	32.0801
ALA_166	-5.73144	1.50474	4.43363	-0.02488	0.00038	0	2.65556	7.32289	0.04097	0.37538	-2.60409	-0.39171	0	0	0	0	0	0	0.09687	0	0	0	0	0.29439	0	0	2.2619	2.44326	12.6779	151.975	1.02469
ASP_167	-7.63825	1.06141	11.3556	-0.21189	0.07863	0.71837	6.05498	13.0186	0.05059	0.39804	-6.64649	-0.79645	0	0	0	-1.09759	0	0	0.48687	3.50979	0.66464	0	2.84515	-1.17639	0	0	-1.6204	3.09236	24.1476	180.389	4.61109
ALA_168	-3.23532	0.31245	2.36038	-0.02455	0.00036	0	0.80208	3.73765	0.09867	0.83429	0.61931	-0.42819	0	0	0	0	0	0	0.99187	0	0	0	0	-0.05536	0	0	2.2619	0.55189	8.82743	127.718	25.2817
SER_169	-3.06147	0.77548	4.27877	-0.03845	0.04213	0.02809	1.48251	4.85516	0.00356	0.05439	-0.84183	-0.72114	0	0	0	0	0	0	-0.11097	1.50376	0.68019	0.82357	0	-0.07726	0	4.04	-0.539	-0.45781	12.7197	112.059	49.941
GLY_170	-2.73847	0.61669	2.86836	-5e-05	0	0	1.22291	4.124	0	0	-1.20377	-0.37766	0	0	0	0	0	0	0.10335	0	0	0	0	-2.28234	0	0	1.435	-0.74417	3.02384	127.087	36.9129
ARG_171	-6.51164	0.62296	8.64259	-0.68031	0.25738	0.44492	3.17319	9.85632	0.0623	0.5062	-3.60177	0.29099	0	0	0	-0.93953	0	0	0.85506	6.4112	2.40498	4.00622	0	-0.02402	0	0	-0.1423	-1.14725	24.4875	184.673	80.3271
GLY_172	-2.1128	0.09483	1.70148	-0.00033	0	0	0.17705	2.58424	0.0036	0.0104	-1.13786	-0.16719	0	0	0	0	0	0	1.1148	0	0	0	0	0.43298	0	0	1.435	-0.07596	4.06023	121.374	42.6256
LEU_173	-7.83044	1.08607	4.01188	-0.55789	0.29049	0.11985	2.25861	7.35339	0.12494	0.49899	0.73456	0.3295	0	0	0	-0.94213	0	0	1.0286	4.42297	3.46388	0.95909	0	-0.36735	0	0	1.3223	-0.37848	17.9288	199.628	10.3719
ASP_174	-3.05068	0.19211	3.76746	-0.18518	0.03751	0.59557	0.99995	4.06688	0.0415	0.19116	0.18559	-0.568	0	0	0	0	0	0	0.18093	4.33976	0.00787	0	4.33189	-0.09282	0	0	-1.6204	1.91598	15.3371	119.045	65.9546
ARG_175	-6.19343	1.40654	5.18235	-0.81398	0.23983	0.67958	1.97151	5.9272	0.05405	0.47523	-0.76543	0.08381	0	0	0	0	0	0	2.49921	3.58672	0.58854	2.99818	0	0.12725	0	0	-0.1423	4.1417	22.0466	171.858	93.1424
ALA_176	-5.62533	2.1634	2.40245	-0.02718	0.0033	0	3.06834	5.84635	0	0	-2.93106	-0.38497	0	0	0	0	0	0	0.05286	0	0	0	0	1.05275	0	0	2.2619	2.23696	10.1198	152.488	0.512343
ILE_177	-7.12082	2.95779	3.89122	-0.65486	2.11918	0.13728	3.18757	6.73814	0.0129	0.04237	-3.05953	0.3416	0	0	0	0	0	0	0.1431	17.2655	16.0271	1.23842	0	-1.11922	0	0	1.8006	0.05769	44.0061	148.829	58.1709
VAL_178	-7.14923	1.59074	1.51746	-0.2987	0.19244	0.06374	2.62051	5.72741	0	0	-2.36031	-0.5103	0	0	0	0	0	0	0.14789	1.16885	0.07542	1.09343	0	-0.7064	0	0	2.7371	-0.7372	5.17285	181.392	0.60815
TRP_179	-8.07625	1.6491	3.79243	-1.43258	0.38149	1.3043	2.82714	7.58963	0	0	-2.61826	-0.58046	0	0	0	0	0	0	0.24968	1.83606	0.02134	0	1.81472	-0.69393	0	0	3.7077	-0.01064	11.7615	153.522	116.478
GLY_180	-3.7979	1.1792	2.69513	-0.00156	0	0	2.55309	4.60037	0	0	-2.08549	-0.34964	0	0	0	0	0	0	-0.1096	0	0	0	0	-2.48412	0	0	1.435	0.55606	4.19055	153.924	10.0761
ALA_181	-3.89039	1.18398	2.74329	-0.02318	0	0	2.81886	4.90268	0	0	-2.62379	-0.46901	0	0	0	0	0	0	0.18391	0	0	0	0	-0.86806	0	0	2.2619	0.21517	6.43537	120.31	32.6902
LYS_182	-5.11698	1.06403	5.346	-0.67803	7.19936	0.39623	3.53693	6.17583	0	0	-3.58705	0.14241	0	0	0	0	0	0	0.48938	16.3554	12.3773	3.97814	0	-0.07071	0	0	-0.8895	0.0762	46.7949	154.679	97.3214
TYR_183	-7.76694	2.22139	3.7818	-0.70612	0.24121	0.06114	3.08344	6.95324	0.00125	0.04886	-2.81487	-0.43512	0	0	0	0	0	0	0.89926	3.93928	0.30377	0	3.63551	-0.35897	0	0	1.7379	0.48368	15.3097	174.322	73.6778
LYS_184	-5.61983	1.76833	4.55085	-0.44296	0.1288	0.25328	1.79609	5.73352	0	0	-0.37456	-0.00687	0	0	0	0	0	0	-0.01723	3.80008	1.31262	2.48745	0	0.56945	0	0	-0.8895	0.46975	15.5193	144.794	107.206
PHE_185	-6.23361	2.29472	1.70412	-0.59936	0.08285	0.28025	1.12041	4.22081	7e-05	0.00017	-0.52241	0.16073	0	0	0	0	0	0	0.46343	3.65502	0.09476	0	3.56026	-0.13489	0	0	1.9602	0.25137	12.3589	129.146	107.854
ASN_186	-4.85325	0.50383	5.85671	-0.33428	0.11219	0.59082	3.14879	7.09159	0	0	-1.26498	-0.76609	0	0	0	-0.0292	0	0	0.27898	2.51636	0.22742	0	2.28894	-0.63516	0	0	-0.3009	1.13891	15.5707	95.863	88.137
ASP_187	-2.54696	0.81099	3.36253	-0.19427	0.11805	0.67872	1.15051	3.84304	0	0	0.78241	-2.34594	0	0	0	0	0	0	0.48553	6.30909	1.22884	0	5.08025	-0.30344	0	0	-1.6204	0.65279	17.4917	70.7121	114.288
ASN_188	-5.87564	1.60986	5.80626	-0.19354	0.04519	0.32789	3.84129	7.26606	0	0	-1.76324	-0.21712	0	0	0	-0.0035	0	0	0.83842	2.7021	0.02178	0	2.68032	0.02687	0	0	-0.3009	-0.47972	16.3324	133.071	50.9291
LEU_189	-7.15575	1.52207	4.47359	-0.58501	0.39325	0.14779	3.56392	7.03332	0	0	-2.60394	0.30508	0	0	0	-0.0257	0	0	2.09172	2.52382	1.45761	1.06621	0	-0.21827	0	0	1.3223	0.05469	15.3667	153.113	56.8866
ASN_190	-5.43518	1.82656	4.70474	-0.40059	0.16325	0.75776	3.18916	6.5306	0.03003	0.43896	-2.10649	-0.64968	0	0	0	0	0	0	0.9177	3.30278	0.46402	0	2.83876	0.54828	0	0	-0.3009	0.25228	17.072	134.875	49.1246
ALA_191	-3.91225	1.096	2.913	-0.02027	0	0	2.90346	4.84099	0	0	-2.7052	-0.38486	0	0	0	0	0	0	-0.02006	0	0	0	0	-0.82227	0	0	2.2619	0.00335	6.15379	130.844	22.1556
SER_192	-4.64563	1.24201	4.04724	-0.04124	0.00877	0.06284	3.30502	5.35118	0	0	-2.46895	-0.48679	0	0	0	0	0	0	0.66718	0.15448	0.00676	0.14772	0	-0.77842	0	4.04	-0.539	-0.36084	9.71234	149.958	12.0423
TYR_193	-4.50471	1.43349	3.34201	-0.58347	0.35693	0.07495	2.73623	5.37182	0	0	-2.54598	-0.37747	0	0	0	0	0	0	0.04665	4.2662	0.01942	0	4.24677	-0.48963	0	0	1.7379	0.90499	16.0361	89.7668	158.233
TYR_194	-9.88313	2.87178	4.24165	-0.56384	0.05618	0.27415	3.50593	7.66549	0	0	-2.85179	-0.23619	0	0	0	0	0	0	0.03758	2.99889	0.58041	0	2.41848	-0.54112	0	0	1.7379	0.83294	13.1453	244.996	3.00371
GLY_195	-5.02187	1.34163	3.37863	-0.00092	0	0	2.78555	5.84446	0	0	-2.78764	-0.34922	0	0	0	0	0	0	0.2848	0	0	0	0	1.37877	0	0	1.435	1.75796	10.0472	164	0
LEU_196	-9.21525	1.78874	3.55341	-0.58873	0.2585	0.16331	3.10693	7.58106	0	0	-2.71551	0.15013	0	0	0	0	0	0	3.43705	2.07688	0.8476	1.22928	0	-0.11839	0	0	1.3223	2.19317	15.0705	208.784	1.2163
ASP_197	-4.90513	0.33475	5.61602	-0.23637	0.16501	0.76879	3.40629	6.84235	0.00014	0.00045	-1.98338	-1.05954	0	0	0	0	0	0	0.04053	3.73348	0.09575	0	3.63773	-0.2249	0	0	-1.6204	0.21605	14.8276	137.833	47.1674
SER_198	-5.17015	1.03552	5.21557	-0.03978	0.03625	0.0555	3.89379	7.07634	0.04599	0.48324	-2.54313	-0.12292	0	0	0	0	0	0	4.2338	0.96442	0.27407	0.69035	0	0.71677	0	4.04	-0.539	0.42402	20.7706	158.351	3.6489
LYS_199	-5.12005	1.1117	6.09341	-0.33146	0.05628	0.15263	1.84753	6.33318	0.01992	0.20252	-0.40011	0.18481	0	0	0	0	0	0	0.21648	10.0365	7.30157	2.73489	0	-0.02576	0	0	-0.8895	-0.14953	29.375	152.985	99.0154
ASN_200	-3.22333	0.79635	3.53535	-0.20577	0.12597	0.34956	0.93806	4.07496	0.00066	0.00882	-0.46887	-0.94999	0	0	0	0	0	0	1.31027	2.12571	0.0018	0	2.12391	-1.25712	0	0	-0.3009	-0.0556	8.92985	103.735	80.2652
ALA_201	-4.83127	1.3919	3.21959	-0.01616	0	0	2.5201	5.78833	0.00616	0.03838	-2.10739	-0.21531	0	0	0	0	0	0	0.01714	0	0	0	0	0.77081	0	0	2.2619	2.91845	11.7626	141.925	11.0749
LEU_202	-8.09327	1.22383	3.50885	-0.70723	0.41569	0.27725	2.84331	6.55927	0	0	-2.23746	-0.26881	0	0	0	0	0	0	0.30418	1.96705	0.96125	1.00581	0	1.60593	0	0	1.3223	4.75367	15.4416	210	0
GLU_203	-5.23415	1.31456	6.0106	-0.19676	0.16453	0.30443	4.01948	6.89346	0	0	-3.35402	-0.53531	0	0	0	0	0	0	0.408	5.08093	0.6812	0	4.39973	0.35165	0	0	-1.6358	2.22049	20.893	160.803	62.1972
ARG_204	-11.4432	2.34341	9.79814	-0.69749	0.19653	0.4455	6.52531	11.9591	0.05221	0.45303	-6.44611	0.50324	0	0	0	-0.80893	-0.63957	0	0.52554	5.72426	2.2831	3.44115	0	-0.34259	0	0	-0.1423	0.24645	23.9768	265	0
HIS_205	-5.89979	0.90235	4.77061	-0.41955	0.00103	0.54205	3.47214	6.7338	0	0	-2.87856	0.18801	0	0	0	0	0	0	0.21983	3.16141	0.05493	0	3.10648	-0.13654	0	0	0.8406	-0.0751	14.5837	170.087	70.9128
TYR_206	-10.6111	3.73492	4.72793	-0.75999	0.08051	0.11973	3.85176	8.19994	0.01202	0.07891	-2.87692	-0.52541	0	0	0	0	0	0	0.74427	4.00117	0.34896	0	3.65221	-0.3066	0	0	1.7379	-0.5676	15.6426	236.443	11.557
ALA_207	-3.75655	0.75597	2.77968	-0.02351	5e-05	0	2.36062	4.81518	0.03211	0.32836	-2.01672	-0.39494	0	0	0	0	0	0	0.09714	0	0	0	0	-0.2173	0	0	2.2619	-0.14109	6.8809	99.1343	53.8657
ASN_208	-6.54683	1.65188	7.11905	-0.27343	0.01657	0.43846	4.64446	9.19697	0.07662	0.91732	-3.66863	-0.30653	0	0	0	0	-0.7939	0	2.65159	5.45607	1.51031	0	3.94576	0.55669	0	0	-0.3009	0.46745	26.759	162.383	21.6173
VAL_209	-5.33255	1.03539	3.83836	-0.35321	0.27777	0.08212	3.23361	6.32135	0	0	-2.74122	-0.14067	0	0	0	0	0	0	1.79358	1.26584	0.24453	1.02132	0	-0.91893	0	0	2.7371	0.21846	12.5828	122.463	59.537
ASN_210	-5.67883	0.78374	5.83461	-0.25451	0.02119	0.38986	4.26659	7.76375	0.01059	0.1447	-2.77595	-0.69708	0	0	0	0	-0.93928	0	0.69728	3.35601	0.1313	0	3.22471	-0.3034	0	0	-0.3009	0.11667	15.7911	152.125	31.8745
PHE_211	-7.13775	1.98073	4.11262	-0.78798	0.13793	0.09337	2.98235	6.78979	0.01051	0.03511	-2.5759	-0.49175	0	0	0	0	0	0	1.27135	3.3838	0.06794	0	3.31586	-0.35831	0	0	1.9602	0.85875	15.6486	154.823	82.1773
LYS_212	-6.14132	1.70173	4.55624	-0.48527	0.35124	0.28599	2.39721	5.59904	0	0	-1.56875	0.09139	0	0	0	0	0	0	0.33041	3.1777	0.65044	2.52726	0	0.40636	0	0	-0.8895	0.47207	13.4622	159.948	92.0521
GLN_213	-5.72957	1.76239	4.99021	-0.90881	0.5389	0.86435	3.03558	6.08185	0.017	0.14136	-1.74983	-0.19407	0.02915	0	0	0	0	0	0.18934	6.85128	1.81698	0	5.0343	0.20701	0	0	-0.1077	2.77546	25.6452	140.448	76.5523
PRO_214	-3.71469	1.0257	2.17399	-0.13538	0.01136	0.09874	0.87245	2.51732	0	0	-0.51168	0.20969	0.11374	0	0	0	0	0	-0.16649	0.28283	0.10666	0.17617	0	-1.5858	0	0	-4.6787	2.38526	-0.81885	110.928	88.0716
LEU_215	-5.47634	0.69252	3.73896	-0.42718	0.66999	0.06108	1.89779	5.43712	0.07616	0.28937	-1.24768	0.16994	0	0	0	0	0	0	0.10063	2.20842	1.10934	1.09908	0	0.77185	0	0	1.3223	0.80128	13.2947	121.628	88.3721
ALA_216	-1.99868	0.78951	2.26078	-0.02024	0	0	0.83455	3.02987	0	0	0.76613	-0.13415	0	0	0	0	0	0	0.1241	0	0	0	0	-0.28057	0	0	2.2619	1.03896	8.67217	52.8513	100.149
ASN_217	-2.01764	0.21386	2.66061	-0.24966	0.44644	0.38939	1.3116	3.31101	0.07638	0.49725	1.68114	-1.04277	0	0	0	0	0	0	-0.12841	9.74959	1.29521	0	8.45438	-1.51004	0	0	-0.3009	0.06414	24.9016	45.1189	138.881
ASP_218	-2.04158	0.15943	3.7006	-0.34529	1.09063	1.46549	1.8036	4.27227	0.07616	0.28937	-0.62325	1.77762	0	0	0	0	0	0	0.30045	36.8536	22.6906	0	14.163	-0.93905	0	0	-1.6204	1.70098	84.7743	68.5654	116.435
SER_219	-5.43462	1.65924	6.00264	-0.0347	0.00188	0.02402	2.92029	7.19665	0.07071	0.69347	-1.01668	-0.66569	0	0	0	0	0	0	0.13211	2.33789	0.25785	2.08004	0	-0.73756	0	4.04	-0.539	1.07692	20.0655	152.566	9.43407
SER_220	-5.48276	0.4222	4.77098	-0.05475	0.04001	0.07941	2.94958	6.33745	0.02459	0.1857	-1.86855	-0.83534	0	0	0	0	0	0	0.08771	0.07565	0.02684	0.04881	0	-0.86307	0	4.04	-0.539	-0.16867	9.27677	145.16	16.8398
LEU_221	-6.81891	4.72676	3.90555	-0.49671	0.25784	0.10792	3.35955	6.26558	0	0	-2.60038	0.06311	0	0	0	0	0	0	0.05987	25.6048	24.5752	1.02963	0	-0.19546	0	0	1.3223	0.15437	61.3211	160.548	49.4517
THR_222	-5.2573	0.90453	4.65412	-0.16458	0.07101	0.06265	3.25915	6.38622	0.0065	0.10625	-2.39032	-0.77776	0	0	0	0	0	0	0.01821	0.75181	0.5312	0.22061	0	-0.25325	0	4.94984	-0.9333	0.01393	12.1595	148	25.9995
TYR_223	-5.65646	2.95426	3.45805	-0.64167	0.08082	0.35954	3.33469	5.663	0	0	-2.56202	-0.15769	0	0	0	0	0	0	0.14596	3.20458	0.63598	0	2.5686	-0.34335	0	0	1.7379	-0.42181	14.3604	138.336	109.664
ASP_224	-5.44413	1.79561	8.32856	-0.16487	0.00292	0.49842	5.27637	9.34173	0.01202	0.04787	-3.19174	-0.86133	0	0	0	0	-1.73318	0	0.98485	3.95715	0.04801	0	3.90914	0.82205	0	0	-1.6204	0.03937	22.0484	160.49	24.5098
PHE_225	-5.45372	1.20166	4.22381	-0.55995	0.14559	0.06255	3.21443	6.46225	0	0	-3.13009	-0.21687	0	0	0	0	0	0	-0.09952	4.36394	0.16218	0	4.20175	-0.23864	0	0	1.9602	0.60767	16.9073	124.428	112.572
SER_226	-4.87748	0.53213	5.21595	-0.03338	0.00277	0.02134	4.0843	6.68086	0	0	-2.13008	-0.617	0	0	0	0	0	0	1.27268	1.15125	0.35709	0.79416	0	-0.12363	0	4.04	-0.539	0.06911	15.9011	154.582	7.41843
GLY_227	-3.36808	0.77612	2.75642	-0.00097	0	0	2.33445	4.35121	0	0	-2.13631	-0.29502	0	0	0	0	0	0	0.80644	0	0	0	0	-0.5169	0	0	1.435	1.15891	7.30127	148.698	15.3023
TYR_228	-11.2095	2.12016	4.60808	-0.54691	0.05197	0.27155	5.21381	8.76309	0.01242	0.13773	-3.95647	-0.17908	0	0	0	-1.39192	0	0	3.03634	2.51254	0.05604	0	2.45651	-0.44803	0	0	1.7379	0.77295	14.0192	236.479	11.5215
HIS_229	-5.24301	1.75982	5.59464	-0.69156	0.05862	0.61567	3.82979	7.12208	7e-05	0.00032	-1.98911	-0.79112	0	0	0	0	0	0	-0.11975	3.6123	0.55862	0	3.05368	0.00591	0	0	0.8406	-0.62431	17.5933	150.656	90.3439
THR_230	-6.98745	1.39015	4.60055	-0.16303	0.10279	0.06139	3.55283	7.08289	0.02125	0.23134	-2.92834	-0.67566	0	0	0	0	0	0	1.35476	0.77295	0.52093	0.25203	0	-0.16624	0	5.02046	-0.9333	-0.02174	13.0886	174	0
LYS_231	-6.08254	1.30101	7.56863	-0.6297	0.33213	0.33489	4.60596	8.17619	0.00023	0.00072	-5.57869	0.08384	0	0	0	0	0	0	0.12352	7.09236	3.4223	3.67006	0	0.63438	0	0	-0.8895	0.33041	24.4962	176.639	75.3607
PHE_232	-9.12812	1.10508	3.09846	-0.5908	0.05747	0.28305	3.21244	6.83484	0.00097	0.00301	-2.17155	0.13999	0	0	0	0	0	0	-0.0957	2.79493	0.00608	0	2.78885	-0.31068	0	0	1.9602	-0.18493	9.8036	234.567	2.43299
ASP_233	-6.02619	0.55129	7.31943	-0.11725	0	0.32913	3.11775	9.06184	0.05791	0.35762	-3.22796	-0.67688	0	0	0	-0.50646	0	0	-0.01158	4.80706	0.0004	0	4.80666	0.08381	0	0	-1.6204	-0.53984	17.7664	143.633	41.3666
ALA_234	-4.80403	0.93896	3.70639	-0.02272	0	0	2.00883	6.62913	0.02515	0.13824	-0.81938	-0.35423	0	0	0	0	0	0	0.579	0	0	0	0	-0.6914	0	0	2.2619	-0.28545	9.31039	125.006	27.994
ASN_235	-3.1511	0.53426	3.01692	-0.24584	0.40363	0.37715	1.31456	4.32087	2e-05	6e-05	-1.03155	-0.73236	0	0	0	-0.50646	0	0	0.34985	7.56545	1.99644	0	5.56901	-0.84207	0	0	-0.3009	-0.81751	17.8204	94.9486	89.0514
ALA_236	-4.94176	0.80219	3.25151	-0.0217	0	0	2.52174	6.19813	0.05189	0.3125	-1.38229	-0.13557	0	0	0	0	0	0	-0.06269	0	0	0	0	0.07431	0	0	2.2619	-0.61429	8.31587	147.685	5.31505
HIS_237	-6.56012	0.79044	5.7251	-0.40466	0.00559	0.45555	2.40952	7.43965	0.05426	0.4819	-1.80354	-0.23444	0	0	0	-2.0076	0	0	0.69821	5.01931	0.56808	0	4.45123	-0.028	0	0	0.8406	0.01814	17.9192	196.404	44.5963
THR_238	-5.54137	0.5385	3.22071	-0.1123	0.04531	0.07294	2.50974	5.28571	0.00096	0.00248	-1.37297	-0.65981	0	0	0	0	0	0	0.02245	1.77277	1.50123	0.27154	0	-0.6961	0	4.9759	-0.9333	-0.07691	10.8275	171.055	2.94494
TYR_239	-5.74679	0.51839	4.09158	-0.83979	0.20329	0.35656	1.94166	5.80112	0	0	-0.94346	-0.44268	0	0	0	-0.60698	0	0	-0.00396	3.39651	0.46216	0	2.93435	-0.59686	0	0	1.7379	1.72903	13.992	171.426	76.5737
SER_240	-4.70167	0.26661	5.6356	-0.04705	0.00908	0.06396	3.56213	6.8035	0.02843	0.29547	-1.65909	0.12374	0	0	0	-1.73506	0	0	1.55069	0.93	0.3291	0.60089	0	0.13132	0	4.04	-0.539	2.01534	17.704	145.926	16.0743
ALA_241	-5.05193	1.07863	2.08795	-0.02462	9e-05	0	2.18197	4.86193	7e-05	0.00054	-0.80505	-0.14979	0	0	0	0	0	0	0.64203	0	0	0	0	-0.24215	0	0	2.2619	-0.47353	6.36804	153	0
THR_242	-5.19751	0.74729	4.95907	-0.10802	0.08233	0.05718	3.11738	6.54631	0.00421	0.0317	-2.71736	-0.25861	0	0	0	-0.55409	0	0	0.81735	3.94694	3.64427	0.30267	0	-1.3098	0	5.08345	-0.9333	-0.41127	17.8502	158.338	15.662
GLY_243	-1.41704	0.12064	1.96409	-0.00028	0	0	0.64914	2.46132	0	0	0.03257	-0.22337	0	0	0	0	0	0	-0.05766	0	0	0	0	-2.45131	0	0	1.435	0.41302	2.92613	102.487	61.5132
THR_244	-2.73438	0.5083	4.15806	-0.17645	0.10619	0.06562	2.11827	4.77325	0.03799	0.33667	-1.50328	-0.49628	0	0	0	-0.30503	0	0	3.45467	0.03986	0.00018	0.03968	0	0.67173	0	4.97654	-0.9333	1.44774	16.586	66.3477	107.652
VAL_245	-5.5026	0.36654	0.79616	-0.31248	0.38732	0.06792	0.88502	3.54804	0	0	-0.16519	-0.19903	0	0	0	0	0	0	0.12788	0.30811	0.15147	0.15663	0	-0.7383	0	0	2.7371	1.19715	3.81175	157.96	24.0401
ALA_246	-3.52863	1.60709	3.10332	-0.02485	0	0	2.55684	4.78936	0.04259	0.27589	-1.44715	-0.18853	0.70531	0	0	0	0	0	1.03064	0	0	0	0	-0.11487	0	0	2.2619	1.88595	12.9549	124.132	28.868
PRO_247	-1.52917	0.84403	1.00353	-0.07176	0	0.04613	0.53905	1.32789	0.00025	0.0042	0.45822	0.60628	1.09335	0	0	0	0	0	1.60455	2.6243	2.38802	0.23628	0	-1.06134	0	0	-4.6787	2.99344	8.42856	59.0861	139.914
ASN_248	-4.7139	3.58495	5.50085	-0.37967	0.13001	0.82229	2.98564	7.33367	0.06031	0.29722	-2.96463	-0.12412	0	0	0	0	0	0	-0.04596	4.51951	0.02177	0	4.49773	-0.45117	0	0	-0.3009	0.15728	20.9309	120.485	63.5146
TYR_249	-10.9837	2.97531	6.31577	-0.9221	0.06751	0.34895	4.51982	11.1862	0	0	-1.79152	-0.27371	0	0	0	0	0	0	5.18515	2.83285	0.03288	0	2.79997	-0.49413	0	0	1.7379	0.14037	23.6775	237.756	10.2437
ALA_250	-1.9611	0.24443	1.80368	-0.02039	0	0	0.37097	2.974	0.04259	0.27589	0.60674	-0.35308	0	0	0	0	0	0	-0.07734	0	0	0	0	-0.00867	0	0	2.2619	3.51489	9.67451	71.7984	81.2016
ALA_251	-2.51088	1.43452	2.21297	-0.02267	0	0	1.68537	3.80166	0	0	-0.7329	-0.3023	0	0	0	0	0	0	0.11664	0	0	0	0	0.79339	0	0	2.2619	3.80197	12.5397	70.9322	82.0678
ASP_252	-4.77935	2.10654	5.95608	-0.11828	0.08231	0.38084	2.16567	6.76251	0.00632	0.02472	-1.22889	0.18774	0	0	0	0	0	0	0.62432	8.18923	3.51413	0	4.6751	-0.33618	0	0	-1.6204	1.20728	27.7997	126.346	58.6538
GLY_253	-4.04526	0.53064	3.87877	-6e-05	0	0	2.88211	5.58903	0.06006	0.29302	-2.43957	-0.43863	0	0	0	0	0	0	-0.36291	0	0	0	0	-2.28232	0	0	1.435	-0.95341	4.14645	149.837	14.1634
ILE_254	-6.13314	2.00937	4.03039	-0.51658	4.98527	0.1182	1.83722	6.18883	0	0	0.11496	-0.10768	0	0	0	0	0	0	-0.06357	2.51322	2.12009	0.39313	0	-0.94761	0	0	1.8006	-1.28925	17.0534	163.947	43.0533
ALA_255	-4.6469	1.04703	2.10696	-0.02476	0.00431	0	2.22059	4.81265	0	0	-0.42465	-0.38317	0	0	0	0	0	0	-0.08793	0	0	0	0	-0.02563	0	0	2.2619	-0.94142	5.91897	145.896	7.10442
GLY_256	-2.412	0.39702	1.77532	-6e-05	0	0	1.13402	3.14571	0	0	-0.70365	-0.43025	0	0	0	0	0	0	9.08211	0	0	0	0	-2.04923	0	0	1.435	-0.40879	10.9652	128.271	35.729
GLU_257	-5.37401	1.53967	6.1046	-0.34791	0.18752	0.43364	2.39204	7.41701	0.08445	0.61196	-0.00629	-0.25989	0	0	0	0	0	0	0.55227	4.70501	0.11287	0	4.59213	0.23822	0	0	-1.6358	0.59784	21.9453	155.95	67.0498
GLU_258	-4.45128	0.57841	5.26054	-0.18322	0.03395	0.20532	2.16305	5.532	0.02132	0.13711	-2.557	-0.28397	0	0	0	0	0	0	0.00322	6.2221	1.26447	0	4.95763	0.02663	0	0	-1.6358	0.02056	17.315	133.608	89.3918
LYS_259	-9.22333	1.2062	10.2459	-0.46379	0.38638	0.26189	6.08617	11.3718	0.03198	0.24303	-6.61391	-0.14231	0	0	0	-0.85912	0	0	1.12157	3.54591	1.23623	2.30967	0	-0.01172	0	0	-0.8895	-0.56276	19.2803	250.463	1.53703
THR_260	-4.80536	0.89465	4.02172	-0.17221	0.13613	0.06037	2.7513	5.97456	0.01019	0.04721	-1.82252	-0.45496	0	0	0	-0.7245	0	0	0.02194	2.62253	2.18008	0.44244	0	-0.34708	0	5.06703	-0.9333	-0.18516	14.7851	133.015	40.9848
ASN_261	-8.63216	0.91047	7.90994	-0.29281	0.03348	0.46358	4.19858	10.7108	0.0017	0.03694	-3.26688	-0.25353	0	0	0	-0.85093	-0.9779	0	9.69962	4.59917	0.29021	0	4.30895	1.12839	0	0	-0.3009	0.19381	29.9106	184	0
ASN_262	-5.55693	1.94342	6.05329	-0.20028	0.02314	0.32196	4.2431	7.93402	0	0	-2.56921	-0.5493	0	0	0	0	0	0	0.2334	3.17934	0.20627	0	2.97307	1.16724	0	0	-0.3009	0.29717	19.3988	125.142	58.8582
ILE_263	-9.03191	1.8382	3.19833	-0.55331	1.05381	0.11583	3.55903	6.92323	0	0	-2.88841	-0.12445	0	0	0	0	0	0	0.05716	2.76352	0.65066	2.11287	0	-0.88489	0	0	1.8006	-0.01476	10.5755	206.392	0.60815
TRP_264	-7.47684	1.2674	3.65983	-1.47934	0.26578	0.79981	2.89834	6.46699	0	0	-2.65897	-0.22991	0	0	0	0	0	0	0.75055	2.18031	0.00482	0	2.17549	-0.55635	0	0	3.7077	0.29975	12.0754	165.112	104.888
ALA_265	-5.65814	1.81345	2.81464	-0.02342	0	0	3.0435	5.75907	0	0	-2.53747	-0.4545	0	0	0	0	0	0	0.36331	0	0	0	0	-0.52162	0	0	2.2619	0.77087	7.63159	151.88	1.12049
ILE_266	-5.16618	1.64097	2.94961	-0.58264	1.314	0.19193	3.06543	5.03372	0	0	-2.88619	-0.46482	0	0	0	0	0	0	-0.08371	2.96488	0.44627	2.51862	0	-0.93845	0	0	1.8006	0.11392	11.9179	110.045	96.9546
SER_267	-4.47026	1.11765	4.21794	-0.05247	0.09667	0.07588	3.06202	5.2255	0.01202	0.04787	-2.32519	-0.67451	0	0	0	0	0	0	0.47191	2.40968	1.73421	0.67547	0	-0.28036	0	4.04	-0.539	-0.35919	14.4858	147.029	14.9712
GLY_268	-2.91981	0.59823	3.27967	-0.00133	0	0	2.58693	4.27085	0	0	-2.44347	-0.38058	0	0	0	0	0	0	-0.02657	0	0	0	0	2.27881	0	0	1.435	2.65775	11.3355	140.762	23.2381
THR_269	-5.3902	1.27987	4.82114	-0.16212	0.06885	0.0624	3.44487	6.34962	0.0006	0.00193	-2.36826	-0.75373	0	0	0	0	0	0	0.60937	0.37109	0.15402	0.21707	0	-0.15446	0	5.01568	-0.9333	2.84661	15.4811	139.302	34.6984
TYR_270	-6.39979	1.83131	3.68092	-0.81877	0.13257	0.19019	2.89616	6.24687	0.02366	0.26001	-2.27004	-0.42511	0	0	0	0	0	0	-0.08636	4.78165	0.68646	0	4.09518	-0.04053	0	0	1.7379	-0.17718	16.3451	145.101	102.899
ALA_271	-4.25039	0.71687	3.62708	-0.02333	0	0	3.16457	5.86408	0.02519	0.18763	-2.22136	-0.3997	0	0	0	0	0	0	-0.04928	0	0	0	0	0.75291	0	0	2.2619	0.17637	9.83253	118.962	34.038
THR_272	-4.75812	0.74699	4.02669	-0.24362	1.58866	0.10777	2.97773	5.25512	0.00777	0.06723	-1.93627	-0.45616	0	0	0	0	0	0	-0.08088	0.86127	0.01543	0.84585	0	1.16712	0	5.02166	-0.9333	2.20662	16.4876	136.834	37.1663
GLY_273	-1.9138	0.89199	2.85409	-0.00017	0	0	1.44763	3.30993	0.18912	1.10071	-1.16907	-0.26897	0.03202	0	0	0	0	0	0.54831	0	0	0	0	-2.11127	0	0	1.435	5.88996	12.2355	125.966	38.0345
PRO_274	-5.40632	1.47537	2.97048	-0.10197	0.02148	0.06497	1.94074	3.51531	0	0	-1.40432	0.63198	0.04996	0	0	0	0	0	12.577	1.88334	1.67333	0.21	0	0.24725	0	0	-4.6787	4.66878	20.3387	155.296	43.7045
HIS_275	-5.47043	4.00917	4.47343	-0.39487	0.60474	0.28711	3.88918	6.12947	0	0	-2.17997	-0.35316	0	0	0	0	0	0	1.0129	13.9379	8.61057	0	5.32736	-0.33547	0	0	0.8406	0.2394	40.628	155.742	85.2583
SER_276	-4.79232	1.19357	4.55494	-0.03583	0.10618	0.04104	3.71928	6.32652	0	0	-2.65207	-0.15414	0	0	0	0	0	0	0.06487	7.57469	5.4518	2.12288	0	-0.47117	0	4.04	-0.539	-0.51661	26.0346	146.527	15.4732
VAL_277	-4.79933	1.59509	2.97313	-0.25572	0.19165	0.05384	3.03768	5.3009	0	0	-2.10536	-0.23639	0	0	0	0	0	0	0.0449	1.37613	0.88868	0.48745	0	-0.76162	0	0	2.7371	-0.12151	10.4066	122.173	59.8268
MET_278	-8.27941	2.02628	4.93714	-0.48922	0.37897	0.08905	3.09979	6.85397	0	0	-2.03535	0.1415	0	0	0	0	0	0	1.02324	2.67234	0.29178	2.38056	0	0.07896	0	0	1.4633	-0.19438	14.4385	240.99	21.0098
LEU_279	-4.24724	1.21306	3.07267	-0.44588	0.5655	0.08488	2.84571	4.69087	0	0	-2.77962	0.0548	0	0	0	0	0	0	-0.0569	1.17831	0.13539	1.04292	0	-0.1913	0	0	1.3223	-0.44147	8.04399	81.4959	128.504
ALA_280	-4.9973	0.93275	2.87348	-0.02342	0	0	3.21473	5.35839	0	0	-2.48412	-0.41356	0	0	0	0	0	0	0.04559	0	0	0	0	-0.5241	0	0	2.2619	-0.19847	6.04587	145.727	7.27255
TYR_281	-7.8454	1.57621	4.79454	-0.77756	0.09329	0.10884	4.30703	7.53179	0	0	-3.36338	-0.49175	0	0	0	0	-0.53012	0	1.42678	3.96454	0.0578	0	3.90674	-0.3392	0	0	1.7379	-0.37748	15.7806	174.187	73.8127
GLN_282	-9.37894	1.91822	7.39401	-0.29566	0.03702	0.15225	4.89007	9.9771	0.00764	0.04984	-4.67226	-0.20543	0	0	0	-0.68492	0	0	0.0129	4.85055	0.34459	0	4.50595	-0.19184	0	0	-0.1077	-0.13129	18.4721	217	0
GLN_283	-7.46399	1.25208	6.1747	-0.34239	0.1402	0.18045	3.3582	7.73386	0.01336	0.07945	-3.50755	-0.09044	0	0	0	0	-0.53012	0	0.11095	7.49475	3.42487	0	4.06988	-0.23505	0	0	-0.1077	0.61519	22.3707	179.596	37.4043
ASN_284	-8.61962	1.50784	7.62355	-0.21494	0.0622	0.30831	4.49873	10.1953	0.0155	0.13327	-3.34517	-0.51526	0	0	0	-0.45191	-0.9779	0	1.26712	4.78101	0.12992	0	4.65108	0.75649	0	0	-0.3009	0.49623	22.0008	183.392	0.60815
THR_285	-3.86165	0.55642	4.48263	-0.11254	0.10978	0.06706	3.21978	5.79402	0.01579	0.06853	-2.18522	-0.56924	0	0	0	0	0	0	0.809	1.22335	1.05392	0.16943	0	-0.96238	0	5.05836	-0.9333	-0.25193	13.7518	112.39	61.61
GLY_286	-2.23363	0.87717	2.42912	-0.00039	0	0	1.20628	3.34664	0	0	0.07098	-0.19748	0	0	0	0	0	0	-0.09818	0	0	0	0	-2.51195	0	0	1.435	-0.13431	4.18923	133.064	30.9358
ASN_287	-5.49593	0.34647	5.91356	-0.33427	0.05909	0.63104	3.68571	7.33174	0.03198	0.24303	-3.00656	-1.26121	0	0	0	-0.7245	0	0	1.16484	3.66876	0.5205	0	3.14826	-1.16261	0	0	-0.3009	-0.14758	14.3114	120.005	63.9955
VAL_288	-8.55808	1.60667	3.84405	-0.32043	0.15018	0.07411	2.2187	8.02663	0.02609	0.15504	-1.0338	-0.34271	0	0	0	-0.85093	0	0	3.13962	0.54947	0.00119	0.54828	0	0.64627	0	0	2.7371	0.62776	13.2452	182	0
GLY_289	-4.93791	0.8462	4.33307	-0.00019	0	0	2.16442	6.37273	0	0	-2.19995	-0.15352	0	0	0	0	0	0	0.00591	0	0	0	0	-0.7679	0	0	1.435	1.50881	8.60665	164	0
TYR_290	-10.6266	2.03062	4.23932	-0.86395	0.28993	0.33163	4.04694	7.74397	0.01845	0.22705	-2.34822	-0.39574	0	0	0	-0.43225	0	0	1.19054	3.93142	0.17621	0	3.75521	0.25313	0	0	1.7379	1.57564	16.8812	248	0
ASP_291	-6.97795	0.50547	8.33819	-0.1168	0.02025	0.3556	4.2958	9.68079	0.21263	1.44271	-4.99916	-0.12696	0	0	0	-1.70113	0	0	0.02819	6.79825	0.29783	0	6.50042	-0.86149	0	0	-1.6204	1.74476	23.817	184.392	0.60815
TYR_292	-8.33691	1.59719	4.07272	-1.05574	0.09237	0.52424	2.63413	6.93974	0.00604	0.08932	-0.79864	-0.02839	0	0	0	0	0	0	0.17574	5.88063	1.09399	0	4.78664	0.35186	0	0	1.7379	0.66277	20.4256	226.503	21.497
GLY_293	-2.79494	0.22981	3.49434	-6e-05	0	0	1.7553	4.49893	0.03784	0.32334	-1.41208	-0.39063	0	0	0	-0.5413	0	0	0.33949	0	0	0	0	-2.36364	0	0	1.435	-0.99934	3.61205	155.387	8.61315
GLN_294	-5.50535	0.4396	5.75562	-0.68522	0.20415	0.82444	2.01674	6.86899	0.14302	0.59621	-0.54359	-0.16592	0	0	0	-0.41828	0	0	0.19912	6.52594	1.11436	0	5.41158	-0.00763	0	0	-0.1077	-1.16932	21.4968	170.625	46.3749
ASN_295	-6.02784	0.75063	5.7274	-0.197	0.04154	0.33633	3.2406	7.67454	0.15332	1.00226	-2.27282	-0.73255	0	0	0	-2.50859	0	0	0.50627	3.17332	0.01467	0	3.15866	-1.23782	0	0	-0.3009	0.8702	13.3722	173.224	10.776
ALA_296	-4.22067	0.52068	2.84444	-0.02779	0.01831	0	2.31643	4.80944	0	0	-1.11043	-0.60625	0	0	0	-0.57634	0	0	3.30065	0	0	0	0	0.41718	0	0	2.2619	1.67406	11.6216	149.222	3.77802
ASP_297	-6.44538	0.99789	9.20053	-0.23001	0.05033	0.79031	5.44823	10.6839	0.09433	0.49751	-6.04806	-1.9093	0	0	0	-1.40884	-0.63957	0	0.16297	5.57846	0.34726	0	5.2312	-0.48907	0	0	-1.6204	0.2975	20.5898	183.718	1.28203
GLY_298	-4.03079	0.33552	3.98797	-0.00014	0	0	2.04193	5.61407	0.04058	0.16777	-0.90703	-0.2475	0	0	0	0	0	0	0.54241	0	0	0	0	-2.25284	0	0	1.435	1.42805	8.15499	163.106	0.893609
PHE_299	-6.76506	2.3688	3.10051	-0.95033	0.31649	0.51147	1.67101	5.01257	0.12683	0.46939	-0.98364	0.09751	0	0	0	-0.85676	0	0	-0.12912	4.85476	0.01899	0	4.83576	0.18804	0	0	1.9602	2.04711	17.8945	195.368	41.6321
GLN_300	-6.90998	1.58249	6.0237	-0.41596	0.14952	0.34308	3.66351	8.60366	0.00481	0.07773	-3.85107	-0.9837	0	0	0	-0.90907	0	0	0.29074	12.4824	4.6968	0	7.78564	-0.04437	0	0	-0.1077	0.52021	33.0025	156.833	60.1675
SER_301	-6.45171	0.22953	6.18597	-0.0395	0.02185	0.02918	3.68871	8.24597	0	0	-1.10977	-0.68419	0	0	0	-0.43225	0	0	2.15241	0.38961	0.00191	0.38771	0	0.46911	0	4.04	-0.539	2.02988	18.6154	162	0
ILE_302	-7.04711	1.2236	2.46576	-0.70897	1.91659	0.2435	2.1542	5.13849	0.00016	0.00072	-0.97135	-0.90594	0	0	0	0	0	0	0.38784	4.51663	1.65926	2.85737	0	1.35145	0	0	1.8006	5.02252	21.1053	185.19	21.8097
TYR_303	-6.51677	0.40906	2.87408	-0.51624	0.48306	0.23075	2.31305	4.85706	0	0	-0.65879	-0.43553	0	0	0	-0.84529	0	0	0.07067	6.71027	1.34053	0	5.36974	0.34356	0	0	1.7379	4.34439	22.1115	158.66	89.3398
LEU_304	-6.48613	1.63734	1.1362	-0.45359	0.73608	0.08058	1.09013	3.91748	0.00077	0.01489	-0.21305	0.04298	0.00087	0	0	0	0	0	2.54279	1.21048	0.28237	0.92811	0	0.48773	0	0	1.3223	3.47698	11.7553	194.706	15.2945
PRO_305	-4.7421	0.90021	2.3504	-0.08953	0.00154	0.05557	1.19248	2.94145	0.00172	0.0162	-0.76513	0.74376	0.35405	0	0	0	0	0	0.29868	0.5902	0.25211	0.33809	0	1.98281	0	0	-4.6787	3.76182	5.50564	165.027	33.973
ASN_306	-8.38447	0.97105	6.37757	-0.17833	0.03165	0.30826	3.22019	8.70218	0	0	-1.22774	-0.37448	0	0	0	-0.39395	-0.53031	0	1.47998	5.06441	0.014	0	5.05041	-0.94758	0	0	-0.3009	1.74661	20.6286	184	0
SER_307	-3.90053	0.87444	3.75881	-0.04029	0.07113	0.05993	2.05108	4.85446	0.00061	0.01417	-1.18094	0.05564	0	0	0	0	-0.00168	0	0.18285	0.89134	0.82142	0.06993	0	-0.11695	0	4.04	-0.539	2.4281	14.3945	133.191	28.8091
TYR_308	-7.28399	0.68955	4.14634	-0.52398	0.02958	0.26273	3.03633	6.82638	0.09933	0.58449	-1.86376	0.00937	0	0	0	0	-1.04885	0	0.61899	2.64816	0.00015	0	2.64801	0.43581	0	0	1.7379	5.08543	18.138	213.416	34.5842
MET_309	-7.84827	3.60945	5.12522	-0.56296	0.83763	0.07797	1.61608	5.97314	0.08043	0.55102	-1.06456	-0.0908	0	0	0	-1.00793	0	0	2.57159	3.10217	0.22439	2.87778	0	0.33172	0	0	1.4633	4.25799	22.1253	253.486	8.5141
SER_310	-6.08584	0.86595	6.07719	-0.03531	0.04799	0.04852	3.9976	7.66868	0.03335	0.40732	-0.37117	0.16044	0	0	0	-0.82326	0	0	-0.01662	2.13446	0.17968	1.95478	0	0.02913	0	4.04	-0.539	0.97166	20.7456	162	0
ASP_311	-6.42515	2.08306	6.42702	-0.12771	0.0831	0.40533	3.02562	8.01254	0.05163	0.32394	0.6234	-0.30207	0	0	0	0	-0.00168	0	1.3293	3.33424	0.18335	0	3.15089	-0.26807	0	0	-1.6204	-0.88249	19.4058	172.675	12.3245
PHE_312	-11.1139	2.2731	6.13134	-0.58919	0.12816	0.33435	3.05582	9.48442	0.02606	0.2019	-1.2667	-0.4415	0	0	0	-0.74288	0	0	3.06962	3.38666	0.03805	0	3.34861	0.65748	0	0	1.9602	0.44779	20.3894	237	0
ILE_313	-7.97702	2.10793	3.8455	-0.57102	0.59777	0.17967	2.52511	6.98441	0.13183	0.93285	-0.81727	-0.06193	0	0	0	0	0	0	0.46555	1.6813	1.11475	0.56656	0	0.1992	0	0	1.8006	1.8827	15.5885	203.411	3.58875
GLY_314	-4.05861	0.22762	4.29572	-0.00019	0	0	2.44394	5.67162	0	0	-2.41415	-0.21865	0	0	0	-0.57638	0	0	-0.00264	0	0	0	0	0.45082	0	0	1.435	1.13968	8.39377	164	0
ASN_315	-8.48819	1.50633	8.3625	-0.27863	0.13522	0.45505	4.40317	10.6936	0.00876	0.09174	-1.29348	-0.68024	0	0	0	-0.64091	0	0	-0.06012	2.84006	0.13246	0	2.7076	-0.53237	0	0	-0.3009	0.84273	19.9044	184	0
HIS_316	-6.48661	2.43318	7.04608	-0.41	0.12047	0.46788	2.69841	8.38785	0	0	-0.24145	-0.22004	0	0	0	0	0	0	1.3065	8.22729	3.0805	0	5.14679	-0.17531	0	0	0.8406	1.51169	33.7338	168.373	72.6268
GLU_317	-10.231	2.23953	12.5858	-0.29048	0.10791	0.32737	6.17183	13.9405	0.05044	0.31979	-4.06032	-0.27912	0	0	0	-0.57638	0	0	3.32715	3.72558	0.04668	0	3.67889	0.03778	0	0	-1.6358	0.56445	30.0507	222.488	0.512343
LYS_318	-8.14548	1.10198	7.45358	-0.36744	0.14489	0.19078	4.09537	8.30394	0.03495	0.21745	-4.098	0.19133	0	0	0	0	0	0	0.13057	5.61012	2.47658	3.13354	0	-0.05878	0	0	-0.8895	-0.62102	18.9049	195.692	56.3079
SER_319	-6.38836	1.55328	5.55033	-0.03877	0.00567	0.05895	3.80451	7.32806	0.02074	0.1817	-2.38594	-0.49058	0	0	0	0	0	0	1.22499	0.71356	0.62007	0.09349	0	-0.83127	0	4.04	-0.539	-0.48202	14.0394	162	0
ALA_320	-3.80111	0.58823	3.13993	-0.02416	0.00024	0	2.72036	5.02461	0	0	-2.33035	-0.43247	0	0	0	0	0	0	0.28541	0	0	0	0	0.06039	0	0	2.2619	-0.01973	7.47325	107.61	45.3897
GLN_321	-9.23773	2.49072	6.19079	-0.39762	0.2194	0.24532	4.62047	9.22586	0.00017	0.00093	-4.31761	-0.01855	0	0	0	0	-1.23074	0	4.0146	8.97767	1.77548	0	7.20219	-0.02333	0	0	-0.1077	-0.03273	29.5976	214.436	2.56369
ILE_322	-5.00205	1.00392	2.85414	-0.60673	1.49419	0.13957	2.77799	4.91104	0	0	-2.32363	0.06225	0	0	0	0	0	0	1.36742	3.96053	2.15766	1.80287	0	-0.97228	0	0	1.8006	-0.51715	14.9103	130.734	76.2657
GLN_323	-8.30304	2.69447	5.77493	-0.38586	0.14698	0.22816	4.44862	8.11785	0.00017	0.00093	-2.98063	-0.15173	0	0	0	0	-1.04254	0	0.0958	6.04456	1.65522	0	4.38934	-0.00711	0	0	-0.1077	-0.14205	20.4764	187.904	29.0962
TYR_324	-7.86171	5.07293	4.56412	-0.69839	0.10834	0.08674	4.23002	8.11081	0	0	-3.14938	-0.4137	0	0	0	0	0	0	0.7619	4.59107	0.03488	0	4.55619	-0.22636	0	0	1.7379	-0.22616	21.2792	190.369	57.6314
ASN_325	-6.62071	1.53763	6.32751	-0.2116	0.04478	0.36919	4.52989	8.55716	0	0	-2.72334	-0.67341	0	0	0	0	-0.69413	0	0.70446	3.83743	0.88408	0	2.95335	0.57393	0	0	-0.3009	-0.10787	18.9874	147.083	36.9174
VAL_326	-6.28145	0.86404	2.35674	-0.28945	0.65399	0.06491	2.90019	5.52274	0.00121	0.00315	-2.87834	-0.29518	0	0	0	0	0	0	2.76989	0.59649	0.13446	0.46203	0	-1.32504	0	0	2.7371	-0.26296	7.73452	172.566	9.43378
ASP_327	-6.11499	1.57341	7.70455	-0.22484	0.09873	0.71992	4.50016	8.90452	0.12306	0.57589	-5.48463	-1.0825	0	0	0	-0.26036	0	0	-0.10628	2.74977	0.07698	0	2.6728	-1.04194	0	0	-1.6204	-0.88559	12.8783	148.534	36.4663
PHE_328	-8.92182	1.12106	4.59642	-0.65124	0.06763	0.30546	3.43747	7.93311	0.00121	0.00315	-3.36452	-0.05262	0	0	0	0	0	0	3.3043	3.20347	0.2457	0	2.95777	0.16153	0	0	1.9602	-0.23638	16.0719	194.648	42.3522
GLY_329	-3.85521	1.09065	4.40931	-5e-05	0	0	2.03174	5.87963	0	0	-1.13673	-0.36692	0	0	0	-0.26036	0	0	0.28377	0	0	0	0	1.10701	0	0	1.435	1.80557	12.4234	141.263	22.7365
LYS_330	-4.34798	0.55841	4.73518	-0.37353	0.10632	0.18557	1.47995	4.96477	0.16993	0.56669	-1.13203	-0.07346	0	0	0	0	0	0	-0.07531	5.98739	3.65337	2.33402	0	-0.09797	0	0	-0.8895	1.22204	18.9738	93.9641	158.036
LEU_331	-4.9549	1.05891	2.59526	-0.63972	0.51552	0.24506	1.27311	4.19568	0	0	-0.39289	0.04427	0	0	0	0	0	0	0.37928	3.35988	0.82921	2.53067	0	-0.29834	0	0	1.3223	-0.66372	11.3996	113.488	96.5118
GLY_332	-1.87217	0.33834	2.34746	-7e-05	0	0	1.2578	3.1982	0	0	-0.38329	-0.37541	0	0	0	0	0	0	0.59126	0	0	0	0	-2.51119	0	0	1.435	-0.58886	3.43707	86.4143	77.5857
VAL_333	-3.25409	0.41437	1.76619	-0.3133	0.52989	0.07552	1.27104	2.88358	0	0	-0.44182	-0.454	0	0	0	0	0	0	-0.02204	1.08007	0.55229	0.52778	0	-0.56161	0	0	2.7371	-0.11073	6.68024	92.5671	89.4329
LEU_334	-5.44051	0.91774	3.53986	-0.60147	1.18813	0.17048	2.04221	5.04438	0	0	-1.25762	0.33309	0.22644	0	0	0	0	0	-0.1151	1.18417	0.80707	0.3771	0	0.5742	0	0	1.3223	5.10402	15.4165	144.916	65.0841
PRO_335	-3.39506	1.43788	1.8302	-0.12437	0	0.08985	0.71857	2.44728	0.00086	0.00537	0.44627	0.26754	0.24451	0	0	0	0	0	0.95794	0.65969	0.2568	0.40289	0	-1.36655	0	0	-4.6787	4.16617	4.36714	102.207	96.793
GLY_336	-3.42521	1.08679	3.29711	-5e-05	0	0	1.87887	4.60344	0.03101	0.23361	-1.38484	-0.38954	0	0	0	0	0	0	1.93437	0	0	0	0	-2.17802	0	0	1.435	-1.18044	5.94208	147.687	16.3127
LEU_337	-7.10535	1.51328	4.05819	-0.54841	0.43055	0.12538	2.74926	6.50937	0.00665	0.03105	-2.3579	0.33746	0	0	0	0	0	0	-0.11616	1.19112	0.43073	0.76039	0	-0.63034	0	0	1.3223	-0.65737	8.05021	177.97	32.0297
ASN_338	-5.04893	1.32771	5.47908	-0.18213	0.07428	0.2586	3.88074	7.13201	0.01455	0.0457	-2.84466	-0.52894	0	0	0	0	0	0	0.05109	4.75662	0.03759	0	4.71904	1.03214	0	0	-0.3009	0.04151	19.9451	132.678	51.3225
TRP_339	-7.54279	1.64447	4.73412	-0.87953	0.08775	0.30704	3.52732	7.28243	0	0	-3.349	-0.63515	0	0	0	0	-0.82453	0	0.10016	5.4705	0.78874	0	4.68177	0.02384	0	0	3.7077	0.65478	19.7796	198.745	71.2551
THR_340	-6.17995	1.13564	4.53898	-0.17203	0.22573	0.05923	3.54849	6.94232	0	0	-2.77968	-0.45182	0	0	0	0	0	0	0.7208	4.06933	3.82153	0.24779	0	-0.28953	0	5.09755	-0.9333	0.44962	20.0507	152.33	21.6698
THR_341	-6.25596	1.45363	4.79038	-0.22444	0.1149	0.08354	3.97667	6.86115	0.02193	0.23458	-3.2129	-0.35605	0	0	0	0	0	0	0.02929	2.38755	0.49484	1.89271	0	-0.32744	0	5.02802	-0.9333	-0.09761	15.9615	151.965	22.0355
ALA_342	-5.28253	1.06731	2.53656	-0.02094	0	0	3.32408	5.52275	0.02193	0.23458	-2.65583	-0.42427	0	0	0	0	0	0	0.03109	0	0	0	0	-0.87012	0	0	2.2619	-0.26369	5.48282	151.718	1.28203
PHE_343	-6.21248	0.92359	3.65342	-0.81725	0.10367	0.09064	2.90278	6.11228	0	0	-2.33515	-0.57573	0	0	0	0	0	0	-0.07595	3.27249	0.18013	0	3.09236	-0.22755	0	0	1.9602	-0.01403	12.0334	145.164	91.836
VAL_344	-8.13772	2.23822	2.38914	-0.24645	0.30634	0.0474	2.7558	6.52397	0	0	-2.54342	-0.2191	0	0	0	0	0	0	0.23446	1.82661	1.39621	0.4304	0	-1.22915	0	0	2.7371	-0.19585	8.31396	182	0
TYR_345	-7.00036	1.19864	3.99458	-0.76134	0.06539	0.11867	3.49904	6.5521	0.00176	0.0222	-1.97389	-0.48287	0	0	0	0	0	0	0.28804	3.31753	0.00686	0	3.31068	-0.07412	0	0	1.7379	-0.5051	13.3157	163.074	84.9263
GLY_346	-5.26339	0.89879	3.95223	-0.00112	0	0	2.95636	6.07226	0.00176	0.0222	-2.93461	-0.35818	0	0	0	0	0	0	-0.0133	0	0	0	0	1.54264	0	0	1.435	1.9638	10.2744	164	0
TRP_347	-10.0437	2.27722	5.98286	-1.26195	0.18435	1.02151	3.10794	9.00142	0	0	-2.02228	-0.48093	0	0	0	0	0	0	-0.04252	2.1106	0.47988	0	1.63072	-0.67763	0	0	3.7077	3.23415	18.2093	192.389	77.6108
ASP_348	-5.25237	1.21016	6.41779	-0.11885	0.24928	0.39088	2.53151	7.31335	0.02708	0.25508	-2.14296	-0.6073	0	0	0	0	0	0	0.10799	6.80066	2.59824	0	4.20242	-0.35936	0	0	-1.6204	1.66778	23.671	137.896	47.1037
ILE_349	-10.0736	2.37354	4.82838	-0.50587	0.89928	0.11518	2.58	9.40628	0.0063	0.03544	-2.31275	0.33733	0	0	0	0	0	0	0.52458	1.47363	0.94867	0.52496	0	-0.82418	0	0	1.8006	0.01348	12.1512	207	0
LYS_350	-7.01058	1.7736	6.2959	-0.32407	0.05238	0.15916	2.17411	7.22048	0.03749	0.35799	-2.20773	-0.0378	0	0	0	0	0	0	0.06332	5.5174	2.38775	3.12965	0	0.1478	0	0	-0.8895	-0.73136	18.116	182.79	69.2104
VAL_351	-5.68565	0.30804	2.60739	-0.27114	0.27592	0.05718	3.16813	5.74198	0.00523	0.0144	-2.7419	-0.2908	0	0	0	0	0	0	6.45031	0.28497	0.02703	0.25794	0	-1.17409	0	0	2.7371	-0.50781	11.2642	165.058	16.9421
ARG_352	-5.27834	0.90721	3.55594	-0.94462	0.40464	0.69139	1.0151	4.91103	7e-05	0.00054	0.29449	0.47028	0	0	0	0	0	0	-0.075	3.95569	0.84491	3.11078	0	0.01762	0	0	-0.1423	-0.60952	13.1299	183.531	81.4688
ASN_353	-2.1226	0.33845	2.02003	-0.18615	0.21175	0.32982	0.30336	2.59463	0	0	0.09679	-0.83077	0	0	0	0	0	0	-0.03977	2.46351	0.13032	0	2.33319	-1.20648	0	0	-0.3009	0.33058	6.46576	41.2403	142.76
VAL_354	-3.34503	0.37495	1.64625	-0.28684	0.23336	0.0658	1.10919	3.10136	0	0	-0.68827	-0.40431	0	0	0	0	0	0	0.32208	0.29947	0.05091	0.24856	0	-0.81967	0	0	2.7371	1.39921	6.04412	87.8649	94.1351
THR_355	-5.21873	0.60481	4.07692	-0.23756	0.711	0.09888	3.93629	6.30366	0.00338	0.03025	-1.40812	-0.47705	0	0	0	0	0	0	0.02483	0.46085	0.35911	0.10174	0	0.55879	0	5.04015	-0.9333	2.28554	16.3214	136.899	37.1015
ASP_356	-3.76719	0.86658	4.42022	-0.1084	0.03591	0.34083	1.15321	5.15127	0.00231	0.00921	-0.14233	-0.1288	0	0	0	0	0	0	2.15416	3.73869	0.88521	0	2.85347	-0.00443	0	0	-1.6204	1.28984	17.1294	95.6734	89.3266
ASP_357	-3.2911	0.28858	4.30073	-0.13013	0.04535	0.41074	1.77929	5.2008	0.0484	0.59806	-0.95659	-0.15484	0	0	0	0	0	0	0.06726	5.69352	1.11557	0	4.57795	-0.55523	0	0	-1.6204	-0.02368	17.3943	77.5715	107.428
ALA_358	-5.47801	1.87789	3.14466	-0.01673	0	0	2.63029	6.23426	0	0	-2.53631	-0.12514	0	0	0	0	0	0	1.75993	0	0	0	0	-0.10896	0	0	2.2619	0.05274	9.69652	150.438	2.56172
GLN_359	-5.62058	1.53766	4.5222	-0.38029	0.30127	0.41982	3.41464	6.02213	0.00306	0.0323	-1.65867	-0.72192	0	0	0	0	0	0	0.0725	7.27076	1.69136	0	5.5794	0.07144	0	0	-0.1077	0.19896	22.6483	152.897	64.1033
GLU_360	-8.44387	2.58151	8.65842	-0.35615	0.22175	0.44447	5.59281	10.22	0.08757	0.52036	-1.31936	-0.61053	0	0	0	0	0	0	0.93577	4.64522	0.03096	0	4.61426	0.03265	0	0	-1.6358	0.67534	26.8954	221.975	1.02469
ARG_361	-6.24009	1.06103	4.8875	-0.84167	0.83568	0.63578	3.38364	6.02791	0	0	-2.48848	-0.00582	0	0	0	0	0	0	0.64269	4.19685	0.66065	3.5362	0	-0.22866	0	0	-0.1423	0.12734	16.0482	155.827	109.173
GLU_362	-8.00353	0.7283	9.19017	-0.25428	0.07184	0.26212	6.18241	10.0693	0	0	-6.39588	-0.24539	0	0	0	-1.8312	0	0	1.95917	5.2012	1.11533	0	4.08587	-0.0328	0	0	-1.6358	0.58478	21.0516	220.502	2.49833
PHE_363	-5.68571	1.32528	4.58072	-0.63719	0.53053	0.05686	3.42176	6.46852	0.01409	0.08764	-2.96232	-0.21648	0	0	0	0	0	0	0.45418	4.35923	0.1582	0	4.20104	-0.3485	0	0	1.9602	0.6921	18.4602	135.472	101.528
PHE_364	-9.86177	2.58015	4.81146	-0.78399	0.08491	0.10814	3.35731	8.54855	0	0	-2.59956	-0.54709	0	0	0	0	0	0	1.58176	3.89742	0.33569	0	3.56173	-0.19489	0	0	1.9602	-0.47304	16.367	227.326	9.67358
ASN_365	-6.26448	1.48933	5.94136	-0.19261	0.03279	0.28221	4.58836	8.08547	0.00586	0.02554	-3.38137	-0.86817	0	0	0	0	-0.82453	0	0.7886	3.35529	0.27013	0	3.08516	0.90294	0	0	-0.3009	-0.1337	16.8873	156.408	27.5918
GLN_366	-7.43514	1.72654	5.86804	-0.36471	0.11397	0.19071	3.19187	7.16453	0.05041	0.43311	-3.46187	-0.20976	0	0	0	0	0	0	3.05944	4.9548	0.54529	0	4.40952	0.11939	0	0	-0.1077	0.50161	20.75	174.074	42.9263
VAL_367	-4.88549	0.80135	3.33092	-0.27241	0.40838	0.05562	2.89137	5.24517	0	0	-2.70862	-0.07239	0	0	0	0	0	0	-0.10653	0.91489	0.29644	0.61845	0	-1.11112	0	0	2.7371	-0.05804	8.08511	125.434	56.566
LYS_368	-6.86836	1.59546	6.50804	-0.39038	0.17745	0.14262	3.78223	7.14795	0	0	-2.34988	0.11875	0	0	0	0	0	0	0.57945	4.30711	1.44918	2.85793	0	0.09998	0	0	-0.8895	-0.32075	17.9473	183.628	68.3716
TYR_369	-7.29352	1.25412	4.49692	-0.89832	0.20581	0.15811	3.28207	7.42764	0.03122	0.21179	-2.98207	-0.4264	0	0	0	0	0	0	0.41947	3.57545	0.00333	0	3.57212	-0.03005	0	0	1.7379	-0.1569	14.5887	190.308	57.6916
THR_370	-5.83731	0.42897	4.61548	-0.14705	0.05782	0.05671	2.39395	6.83526	0.03122	0.21179	-2.00409	-0.75515	0	0	0	-0.31292	0	0	-0.09442	0.40299	0.14296	0.26002	0	-0.33748	0	5.04188	-0.9333	-0.18151	9.87583	132.465	41.5352
VAL_371	-6.77319	0.45078	3.76183	-0.26308	0.16664	0.0507	2.55599	7.19476	0.02457	0.21147	-2.15678	0.21549	0	0	0	0	0	0	0.8858	0.15636	0.00667	0.14969	0	-0.49139	0	0	2.7371	-0.5201	8.36333	153.554	28.4456
GLN_372	-4.44539	1.81184	3.87459	-0.69573	0.18449	0.80491	1.18455	4.83496	0.00086	0.00537	-0.1337	-0.54476	0	0	0	-0.31292	0	0	1.37068	4.30584	1.09089	0	3.21495	-0.26524	0	0	-0.1077	-0.32655	15.8519	122.971	94.0291
SER_373	-2.61283	1.8604	2.34106	-0.03489	0.02618	0.04897	0.53906	3.08978	0.09779	0.47001	0.10386	-0.16773	0	0	0	0	0	0	0.02232	1.11854	0.96057	0.15797	0	-0.94019	0	4.04	-0.539	0.73881	11.3207	76.1242	85.8758
GLY_374	-1.74754	0.61712	2.40638	-0.00027	0	0	1.32312	2.98912	0	0	-0.76867	-0.17686	0	0	0	0	0	0	0.94675	0	0	0	0	-2.48142	0	0	1.435	0.57877	5.12149	96.1424	67.8576
PHE_375	-1.66378	0.27751	0.82264	-0.94491	0.12647	0.32756	0.39108	1.93241	0	0	0.64414	-0.42336	0	0	0	0	0	0	0.17154	3.72216	0.45968	0	3.26247	0.48586	0	0	1.9602	0.53381	12.0855	22.7608	214.239
ALA_376	-3.82586	0.91195	2.10259	-0.02873	0.02093	0	1.61745	4.83523	0.1182	0.65188	-1.51644	-0.44319	0	0	0	0	0	0	1.1694	0	0	0	0	0.8546	0	0	2.2619	0.69641	9.42633	129.746	23.2543
LYS_377	-5.99166	2.77566	6.68386	-0.58334	0.63095	0.4485	2.80226	7.68943	0	0	-3.17335	0.88822	0	0	0	0	0	0	0.83653	9.45876	7.27414	2.18462	0	-0.03927	0	0	-0.8895	1.0466	32.0424	131.152	120.848
ASP_378	-4.04039	0.33749	5.01157	-0.12441	0.0499	0.40878	2.03643	5.68114	0.00425	0.03024	-2.57394	-0.33765	0	0	0	0	0	0	3.05179	3.74764	0.94441	0	2.80323	0.35587	0	0	-1.6204	2.39562	18.1616	106.329	78.6709
ALA_379	-5.08158	1.03377	3.41439	-0.02229	0	0	3.29779	6.13779	9e-05	0.00064	-3.41998	-0.18053	0	0	0	0	0	0	-0.09215	0	0	0	0	-0.25704	0	0	2.2619	0.87286	7.96565	148.387	4.61344
SER_380	-4.81398	1.10366	5.10682	-0.04987	0.00615	0.07358	3.50893	6.20805	0.0454	0.48226	-2.8146	-0.53335	0	0	0	0	0	0	0.00365	0.61444	0.36547	0.24898	0	-0.68044	0	4.04	-0.539	-0.96098	11.4152	155.931	6.06907
LEU_381	-5.67343	3.01216	3.13255	-0.595	0.75461	0.13472	3.03953	5.52539	0	0	-2.68029	0.32149	0	0	0	0	0	0	0.19669	1.49884	0.44623	1.05261	0	-0.19076	0	0	1.3223	-0.23796	11.0597	143.283	66.7169
ARG_382	-8.01804	4.20796	7.49122	-0.89991	0.17711	0.68984	4.28926	8.78647	0.13349	0.97713	-2.52252	-0.07994	0	0	0	0	-0.36024	0	0.31363	6.38731	2.80831	3.579	0	0.12372	0	0	-0.1423	0.01656	27.9581	223.483	41.5172
ILE_383	-6.16461	6.08681	2.8302	-0.64536	5.24124	0.17175	2.75385	5.39321	0	0	-2.38726	0.04309	0	0	0	0	0	0	0.11196	9.69249	5.25061	4.44189	0	-1.13124	0	0	1.8006	-0.3249	33.1643	159.088	47.9123
ARG_384	-9.23123	3.46682	7.97197	-0.61511	0.15238	0.37716	3.68335	9.29274	0.15551	1.60344	-2.65105	0.22373	0	0	0	0	0	0	0.00409	13.5919	9.30798	4.28391	0	-0.36892	0	0	-0.1423	-0.51649	40.5899	223.51	41.4897
ASN_385	-6.09093	0.98766	5.98991	-0.28646	0.01437	0.46259	4.04699	8.00989	0.03569	0.34645	-3.3967	-0.18205	0	0	0	0	0	0	0.20899	4.97847	0.73343	0	4.24504	0.84847	0	0	-0.3009	-0.01229	20.6386	153.493	30.5067
SER_386	-5.26826	1.02223	5.87762	-0.03753	0.0102	0.02455	3.73594	6.86772	0.13663	1.18416	-2.37294	-0.58837	0	0	0	0	0	0	1.87966	1.62568	0.85309	0.77259	0	0.6838	0	4.04	-0.539	0.49168	20.3994	162	0
TYR_387	-5.96514	5.74861	5.07259	-0.71105	0.04151	0.20379	3.01474	6.71751	0.00227	0.01002	-2.4739	-0.52186	0	0	0	0	0	0	1.27968	4.99455	1.44087	0	3.55368	-0.10174	0	0	1.7379	0.42374	24.4678	142.675	105.325
TYR_388	-11.4274	2.68384	7.17098	-0.83726	0.13348	0.17311	5.0724	10.8004	0.12122	1.26713	-3.04104	-0.51773	0	0	0	0	0	0	-0.08384	3.60709	0.26341	0	3.34368	-0.04278	0	0	1.7379	-0.06318	20.3614	248	0
ARG_389	-9.37243	6.141	9.62326	-0.94168	0.63297	0.70826	4.77673	11.4224	0.00227	0.01002	-4.31127	-0.0522	0	0	0	0	-1.08844	0	0.45766	7.0726	4.64423	2.42837	0	-0.39678	0	0	-0.1423	-0.62872	30.9859	219.909	45.0913
ALA_390	-4.31368	1.37154	2.68913	-0.02024	0	0	2.15782	5.06338	0.04312	0.13494	-1.23224	-0.42791	0	0	0	-0.44498	0	0	0.03666	0	0	0	0	-0.68944	0	0	2.2619	-0.34629	6.2837	134.551	18.4485
SER_391	-4.06573	0.45603	5.41429	-0.03251	0.01968	0.03801	3.85106	6.67643	0.02438	0.37529	-2.22248	-0.15502	0	0	0	0	0	0	0.11596	8.36913	8.22352	0.14561	0	-0.90689	0	4.04	-0.539	0.41993	30.2477	124.711	37.2893
ASP_392	-1.91753	0.28667	2.22178	-0.12144	0.06956	0.39427	0.7926	2.78982	0.02559	0.11418	0.15108	-0.26141	0	0	0	0	0	0	0.08006	2.81298	0.56814	0	2.24484	0.03736	0	0	-1.6204	0.87304	9.54118	65.7132	119.287
ALA_393	-3.06466	0.36228	0.69241	-0.02642	0.00262	0	0.8866	2.74406	0	0	-0.04446	-0.40163	0	0	0	0	0	0	0.04537	0	0	0	0	-0.10744	0	0	2.2619	0.03641	3.38705	134.781	18.2194
TYR_394	-8.18581	1.04509	2.74792	-0.65498	0.18699	0.32331	1.77437	6.39175	0.04798	0.40623	-1.42797	-0.32799	0	0	0	0	0	0	0.18599	6.46125	1.39194	0	5.06931	-0.46216	0	0	1.7379	0.94199	17.6531	241.993	6.00742
GLN_395	-7.38059	2.43815	8.48827	-0.52999	0.09162	0.53459	4.01224	10.8044	0.1476	0.54918	-2.89557	-0.3999	0	0	0	-0.98417	-0.31677	0	0.04354	3.48714	0.27424	0	3.2129	0.38978	0	0	-0.1077	4.15667	26.0156	191.027	25.9729
GLY_396	-1.16394	0.47793	1.57782	-5e-05	0	0	0.48577	2.08711	0	0	0.90958	-0.41511	0	0	0	0	0	0	3.88521	0	0	0	0	0.97629	0	0	1.435	3.08776	13.3434	88.7133	75.2867
ALA_397	-2.07313	0.27911	1.03574	-0.02644	0.01939	0	0.37715	2.39328	0.06215	0.15188	0.19375	-0.42511	0	0	0	0	0	0	-0.32405	0	0	0	0	-0.31897	0	0	2.2619	1.28148	4.88813	106.493	46.5065
TYR_398	-7.51852	1.7174	3.75136	-0.65987	0.13125	0.05709	2.93685	6.19252	0.01874	0.13202	-0.10485	-0.19531	0	0	0	0	0	0	0.0423	3.87341	0.26653	0	3.60688	0.32377	0	0	1.7379	4.26331	20.5728	211.497	36.5029
ILE_399	-6.30985	1.28411	2.56346	-0.47432	0.68977	0.09531	2.12381	5.08222	0.00474	0.0698	-0.63507	-0.08028	0	0	0	-0.64333	0	0	0.09353	1.72169	0.72728	0.99441	0	-0.71735	0	0	1.8006	4.12993	12.5205	185.768	21.2325
GLY_400	-3.85717	2.62126	3.41753	-0.00041	0	0	1.63704	4.95671	0.03699	0.37918	-0.101	-0.1504	0	0	0	0	0	0	-0.20711	0	0	0	0	-2.49685	0	0	1.435	0.94473	8.61551	162.463	1.53703
ASP_401	-5.96545	0.5937	7.53079	-0.11733	0.01166	0.34551	3.25375	7.99951	0.02446	0.07358	-4.49236	-0.42605	0	0	0	-1.42915	-0.31677	0	2.54533	2.92121	0.03782	0	2.88339	-0.04383	0	0	-1.6204	-0.11144	13.6979	164.593	20.4073
THR_402	-7.97938	3.08181	6.15053	-0.17812	0.31785	0.0654	4.14539	8.4383	0	0	-2.83314	-0.42789	0	0	0	0	0	0	2.18197	1.84983	0.23098	1.61885	0	0.54488	0	4.98556	-0.9333	0.80473	22.0643	173.23	0.76969
ASN_403	-4.8012	1.15638	4.75685	-0.17287	0.02001	0.30143	3.69013	6.35692	0.05826	0.45741	-2.83624	-0.36002	0	0	0	0	-1.08844	0	0.12009	4.17769	0.38662	0	3.79107	0.28239	0	0	-0.3009	1.06471	17.0603	125.001	58.9988
GLU_404	-8.89405	1.75226	10.4345	-0.291	0.17247	0.29562	6.06379	10.906	0.07703	0.79386	-6.57913	-0.22123	0	0	0	0	-1.22447	0	3.86384	5.02851	0.09182	0	4.93669	0.42687	0	0	-1.6358	-0.00739	25.9902	222.392	0.60815
TRP_405	-6.96074	1.02975	4.8305	-0.80537	0.03978	0.29751	3.47474	6.96199	0.01676	0.06458	-2.41622	-0.23079	0	0	0	0	0	0	0.39364	2.57472	0.68463	0	1.89009	-0.22605	0	0	3.7077	-0.22219	15.105	159.368	110.632
ARG_406	-10.1944	6.11658	10.3082	-0.45045	0.07065	0.24879	4.40613	11.1477	0.06938	0.37192	-3.27708	-0.03315	0	0	0	0	-0.41135	0	0.2627	5.4602	2.14583	3.31437	0	-0.26283	0	0	-0.1423	-0.30347	28.8474	246.615	18.3849
ILE_407	-6.52122	1.86424	3.30917	-0.4873	1.13582	0.10478	3.10247	5.62027	0	0	-2.14164	-0.1236	0	0	0	0	0	0	0.09952	0.87266	0.2222	0.65046	0	-0.75298	0	0	1.8006	-0.14384	8.61159	153.089	53.9107
PHE_408	-9.12633	1.51721	4.81828	-0.52728	0.0354	0.23836	3.34547	7.85806	0	0	-2.28869	-0.04942	0	0	0	0	0	0	3.60482	5.25954	1.62383	0	3.63571	-0.46694	0	0	1.9602	0.72846	22.1667	235.014	1.98618
LEU_409	-5.63588	1.0146	4.25191	-0.63382	0.89431	0.18783	3.23392	6.13729	0.02073	0.07647	-2.85059	0.26263	0	0	0	0	0	0	-0.04947	1.07483	0.30533	0.7695	0	-0.5828	0	0	1.3223	0.67312	10.4722	151.576	58.4236
ASP_410	-6.37439	0.93008	7.67036	-0.11453	0.04704	0.33649	5.0012	9.03922	0.03668	0.27266	-6.8924	0.04481	0	0	0	0	-1.84132	0	0.31878	5.12211	0.69412	0	4.42799	0.19571	0	0	-1.6204	0.00613	17.3003	163.802	21.1983
ILE_411	-5.70742	1.05384	3.10034	-0.50754	1.25729	0.12403	2.47864	5.26857	0.02073	0.07647	-2.35584	-0.24223	0.01975	0	0	0	0	0	0.24448	0.31932	0.00082	0.3185	0	-0.56186	0	0	1.8006	2.40859	9.11708	146.263	60.7374
PRO_412	-4.36984	1.30033	1.64186	-0.20281	0.0257	0.15134	0.44724	2.39971	0	0	-0.56236	-0.07363	0.19852	0	0	0	0	0	0.04521	0.81997	0.32142	0.49855	0	0.6562	0	0	-4.6787	3.22699	1.8457	138.653	60.3471
VAL_413	-4.19684	0.52891	3.33008	-0.26852	0.42847	0.05937	2.8155	4.95917	0	0	-2.61509	-0.29861	0	0	0	0	0	0	-0.15796	1.61315	1.2821	0.33104	0	-1.00503	0	0	2.7371	0.87597	10.4188	111.379	70.6213
LYS_414	-3.31774	0.35402	2.58576	-0.70151	0.68025	0.38664	0.29735	3.1554	0	0	-0.11831	0.35346	0	0	0	0	0	0	0.37523	22.53	19.2431	3.28695	0	0.08291	0	0	-0.8895	-0.28308	48.0209	77.1278	174.872
LEU_415	-5.89277	3.172	2.07604	-0.49781	0.59833	0.11728	1.02489	4.32506	0.07479	0.38828	-0.78039	0.15239	0	0	0	0	0	0	0.32269	2.29992	1.85353	0.44639	0	-0.45714	0	0	1.3223	-0.0015	10.5443	140.702	69.2981
PHE_416	-6.20385	0.90135	4.10788	-0.98932	0.13468	0.96272	1.86544	6.20975	0.07479	0.38828	-1.50504	-0.2828	0	0	0	0	0	0	0	4.99959	1.41882	0	3.58077	0	0	0	1.9602	0.22907	17.8523	116.111	120.889