label	fa_atr	fa_rep	fa_sol	fa_intra_atr_xover4	fa_intra_rep_xover4	fa_intra_sol_xover4	lk_ball	lk_ball_iso	lk_ball_bridge	lk_ball_bridge_uncpl	fa_elec	fa_intra_elec	pro_close	hbond_sr_bb	hbond_lr_bb	hbond_bb_sc	hbond_sc	dslf_fa13	omega	fa_dun	fa_dun_dev	fa_dun_rot	fa_dun_semi	p_aa_pp	yhh_planarity	hxl_tors	ref	rama_prepro	total	BSA	SASA
GLU_1	-3.90305	8.18157	3.15229	-0.21396	0.06821	0.33224	2.09556	4.605	0.06014	0.35344	-1.92714	0.44118	0	0	0	0	0	0	0.88491	3.43	0	0	3.43	0	0	0	-1.6358	0	19.3546	84.1121	138.888
ASN_2	-3.05722	1.53679	3.57922	-0.16761	0.05097	0.23752	1.63934	4.35258	0	0	-1.27671	-0.57354	0	0	0	0	0	0	0.84125	2.97953	0	0	2.97953	-0.87754	0	0	-0.3009	5.68156	17.6248	65.202	118.798
LEU_3	-2.71748	0.20089	3.01338	-0.53088	1.4141	0.13905	1.44979	3.89691	0	0	-0.47767	0.29712	0	0	0	0	0	0	0.06687	1.61588	1.22871	0.38717	0	-0.50373	0	0	1.3223	5.55476	16.3572	57.2646	152.735
TYR_4	-4.18761	0.57255	3.92745	-0.84617	0.14687	0.34751	2.26755	5.48439	0	0	-0.77209	-0.28331	0	0	0	0	0	0	0.20835	4.7458	1.76217	0	2.98363	-0.16803	0	0	1.7379	0.5145	18.4415	102.511	145.489
PHE_5	-6.33589	7.25487	5.15958	-0.57432	1.08934	0.28261	2.29501	7.54664	0	0	-1.8724	-0.36175	0	0	0	0	0	0	-0.07634	5.46926	0.87797	0	4.5913	-0.32244	0	0	1.9602	0.88212	27.8658	131.595	105.405
GLN_6	-5.60855	0.59611	7.40886	-0.86566	0.26782	0.93636	3.564	8.67723	0.06014	0.35344	-3.44964	-0.76799	0	0	0	0	-0.71737	0	0.34556	4.29731	0.6921	0	3.60521	-0.35717	0	0	-0.1077	0.10938	19.0394	124.034	92.9665
GLY_7	-4.50626	0.71999	5.03743	-5e-05	0	0	3.12215	6.80171	0	0	-2.04158	-0.40819	0	0	0	0	0	0	-0.02224	0	0	0	0	0.85725	0	0	1.435	1.14939	12.1446	157.432	6.56818
LEU_8	-4.66907	0.47208	3.93051	-0.52117	1.2544	0.13026	2.27266	5.69083	0	0	-1.52542	0.27403	0	0	0	0	0	0	0.72694	0.37271	0.00264	0.37007	0	-0.49166	0	0	1.3223	1.20823	10.8203	127.507	82.4928
GLU_9	-4.77147	0.40039	6.05265	-0.21115	0.03044	0.25568	3.14565	7.238	0	0	-2.26761	-0.47939	0	0	0	0	0	0	-0.06556	8.54052	2.77057	0	5.76995	-0.29051	0	0	-1.6358	-0.27149	24.2109	122.881	100.119
ASP_10	-6.17727	0.55975	8.39388	-0.10682	0.0116	0.33066	4.15128	9.71306	0.01822	0.09038	-3.02731	-0.11646	0	0	0	0	-0.71737	0	1.03345	2.44921	0.21824	0	2.23097	0.11546	0	0	-1.6204	-0.28944	17.2611	156.688	28.3115
LEU_11	-8.20416	1.5003	5.70542	-0.50368	0.20018	0.11571	3.70038	9.17072	0	0	-3.03229	0.01819	0	0	0	0	0	0	-0.08827	5.24789	0.91104	4.33685	0	-0.29961	0	0	1.3223	0.54278	20.6438	191.294	18.7064
VAL_12	-4.08446	0.61996	4.69867	-0.313	0.5596	0.07229	2.64789	6.14103	0.10307	0.77561	-1.23445	-0.22433	0	0	0	0	0	0	0.21418	1.08172	0.57467	0.50705	0	-0.57414	0	0	2.7371	0.69461	14.9971	83.1933	98.8067
GLU_13	-3.22001	0.33997	4.03848	-0.56126	0.66874	0.98528	1.89801	4.76171	0	0	-0.70154	-0.68059	0	0	0	0	0	0	-0.04645	6.37691	1.3336	0	5.04331	-0.34866	0	0	-1.6358	-0.04521	18.2065	83.1447	139.855
ASP_14	-3.48754	2.14011	4.46865	-0.12516	0.05639	0.39505	1.31936	5.38042	0.05644	0.60294	-0.6892	-0.01045	0	0	0	0	0	0	-0.12845	3.10183	0.00789	0	3.09395	-0.64225	0	0	-1.6204	-0.79312	13.1265	91.3072	93.6928
SER_15	-5.79691	1.33501	6.28857	-0.04275	0.01939	0.06451	3.49434	8.0084	0.06108	0.36797	-1.04478	-0.73484	0	0	0	0	0	0	0.32821	0.53464	0.2184	0.31624	0	-0.57949	0	4.04	-0.539	-1.24211	15.0969	158.959	3.04075
HIS_16	-5.04046	0.69093	5.94537	-0.3965	0.01378	0.4599	3.8338	7.47286	0	0	-1.55341	-0.09605	0	0	0	0	0	0	0.68356	2.72293	0.00113	0	2.7218	-0.46598	0	0	0.8406	-0.8475	16.9867	105.941	135.059
ALA_17	-5.15174	1.27681	2.90187	-0.0215	0	0	3.07131	5.74321	0	0	-3.30464	-0.41822	0	0	0	0	0	0	0.00208	0	0	0	0	-0.71903	0	0	2.2619	-0.36777	5.27429	145.584	7.41645
SER_18	-4.56455	0.53226	4.29447	-0.04586	0.01353	0.06861	3.41013	5.71891	0.02658	0.1627	-2.2201	-0.55824	0	0	0	0	0	0	0.08332	0.25447	0.00104	0.25343	0	-0.67371	0	4.04	-0.539	-0.37474	9.88327	125.712	36.2882
LEU_19	-6.23633	0.88103	3.28974	-0.60864	0.65727	0.15215	2.95253	5.97219	0.0006	0.00243	-2.57285	0.29635	0	0	0	0	0	0	0.21345	1.16459	0.12429	1.0403	0	-0.19145	0	0	1.3223	-0.25194	8.20802	165.412	44.588
GLU_20	-8.23487	2.44383	8.90166	-0.29975	0.23101	0.34885	5.29159	10.1884	0	0	-5.9397	-0.27666	0	0	0	0	-1.10165	0	0.35241	4.1346	0.20516	0	3.92944	0.44183	0	0	-1.6358	0.03075	19.0111	197.51	25.4901
LEU_21	-5.98866	1.20945	3.70334	-0.52147	0.60538	0.12254	3.18458	5.7956	0.0006	0.00243	-2.80088	0.17565	0	0	0	0	0	0	-0.04807	3.97463	1.52948	2.44515	0	-0.46025	0	0	1.3223	-0.25084	14.001	142.095	67.9055
ARG_22	-9.27202	1.49955	10.5488	-0.4782	0.14077	0.26815	6.56884	12.3074	0.00115	0.00358	-8.11952	0.1089	0	0	0	0	-1.84523	0	0.28603	4.46557	1.1557	3.30987	0	-0.19496	0	0	-0.1423	-0.3273	20.2848	240.517	24.4834
ASN_23	-6.24462	1.79095	5.81988	-0.2741	0.0141	0.4283	4.67001	7.83778	0.04733	0.18777	-3.60795	-0.47644	0	0	0	0	-1.5519	0	2.46555	4.06121	0.02281	0	4.0384	0.44693	0	0	-0.3009	-0.02051	19.3546	156.231	27.7688
PHE_24	-9.06482	2.93407	4.14533	-0.66215	0.339	0.07221	3.2236	7.58287	0	0	-2.33241	-0.38206	0	0	0	0	0	0	0.75381	6.40963	2.3299	0	4.07973	-0.17524	0	0	1.9602	0.12931	21.343	231.439	5.56062
TYR_25	-7.44756	1.18549	5.60995	-0.81993	0.10051	0.11488	3.73665	8.11512	0.055	0.25567	-2.53198	-0.45466	0	0	0	0	0	0	0.92453	3.49556	0.03102	0	3.46454	-0.10929	0	0	1.7379	-0.32318	17.1402	184.636	63.3639
PHE_26	-8.29221	6.03102	5.17532	-0.76738	0.20177	0.13216	2.87506	7.65794	0.02548	0.21415	-2.10361	-0.64118	0	0	0	0	0	0	0.3017	3.50151	0.16706	0	3.33445	-0.30215	0	0	1.9602	-0.12992	19.3414	220.285	16.7152
ASN_27	-5.14515	0.72976	5.27011	-0.28178	0.01456	0.44603	3.05914	6.77284	0.03367	0.39921	-2.32244	-0.33378	0	0	0	0	0	0	0.60318	4.04701	0.21291	0	3.8341	0.65434	0	0	-0.3009	0.49305	18.1859	140.175	43.8248
ARG_28	-7.30574	6.98229	4.19037	-0.4222	0.12987	0.19676	1.81448	5.63559	0.04265	0.36413	-1.5275	0.20326	0	0	0	0	-0.73677	0	-0.05339	6.79482	3.50561	3.28921	0	0.20524	0	0	-0.1423	0.22441	23.3908	184.511	80.4893
ASP_29	-3.62453	0.33923	4.57208	-0.20118	0.04164	0.65614	2.7234	5.74336	0.00227	0.01229	-1.50175	-1.16069	0	0	0	0	0	0	0.19626	4.4144	0.31	0	4.1044	0.02187	0	0	-1.6204	0.03038	15.0592	99.9268	85.0732
PHE_30	-4.75867	1.19361	1.59383	-0.57978	0.05666	0.27565	0.8658	3.45647	8e-05	0.00027	-0.11001	0.17291	0	0	0	0	0	0	-0.01738	2.81354	0.0001	0	2.81344	-0.29665	0	0	1.9602	-0.29412	9.14593	148.152	88.8484
ARG_31	-2.75929	0.30993	3.20836	-0.58176	0.24345	0.28645	1.12205	3.19348	0.05017	0.46167	-0.85455	0.71898	0	0	0	0	0	0	36.5989	21.9092	19.4522	2.45708	0	0.92859	0	0	-0.1423	3.27386	89.8765	51.3222	213.678
ASP_32	-2.72239	0.73965	3.67407	-0.24209	0.05087	0.80435	1.8014	4.15609	0	0	1.06074	-0.29338	0	0	0	0	0	0	0.14498	4.86748	0.5048	0	4.36267	-1.08429	0	0	-1.6204	6.53332	22.7379	95.5782	89.4218
GLU_33	-3.54776	0.6804	4.48761	-0.2069	0.06327	0.32745	2.94988	5.25221	0	0	-2.38889	-0.6166	0	0	0	0	0	0	-0.0005	4.53666	0	0	4.53666	-0.26466	0	0	-1.6358	3.44501	17.618	149.67	73.3295
TRP_34	-8.89142	29.8316	4.43729	-0.76122	0.38117	0.20492	3.11079	7.31764	0.03002	0.1394	-2.48516	-0.57247	0	0	0	0	-0.86558	0	0.1038	5.04755	0.37892	0	4.66864	0.08722	0	0	3.7077	0.91377	46.7845	187.77	82.2296
ALA_35	-5.61722	0.58409	3.15585	-0.0199	0	0	3.18624	6.25118	0	0	-2.16812	-0.38027	0	0	0	0	0	0	-0.00625	0	0	0	0	-0.86872	0	0	2.2619	0.21876	6.59754	146.595	6.40547
GLN_36	-8.08782	1.15136	6.05687	-0.67476	0.28508	0.43926	4.49011	8.81096	0	0	-3.21671	-0.31829	0	0	0	0	-0.68632	0	-0.02859	4.98624	0.08966	0	4.89658	0.39876	0	0	-0.1077	-0.3099	18.1748	189.836	27.1636
GLY_37	-4.9509	1.33444	3.7838	-0.00085	0	0	3.31106	6.08716	0	0	-2.9728	-0.31496	0	0	0	0	0	0	0.02488	0	0	0	0	1.19754	0	0	1.435	1.51742	10.4518	164	0
PHE_38	-7.15573	2.06249	3.00805	-0.6037	0.18505	0.34677	3.20189	5.97712	0	0	-2.19021	-0.02337	0	0	0	0	0	0	5e-05	2.81598	0.08799	0	2.728	-0.16377	0	0	1.9602	1.53064	13.7674	172.584	64.4159
LEU_39	-8.96018	2.50621	3.94559	-0.51419	1.48717	0.15888	3.11468	7.50647	0.015	0.04431	-2.68494	-0.11604	0	0	0	0	0	0	0.19584	3.08534	0.70235	2.38299	0	-0.10793	0	0	1.3223	0.54336	14.6272	210	0
LEU_40	-4.79906	0.59399	3.58663	-0.58794	0.45587	0.15935	3.10115	5.43142	0.01909	0.07088	-2.89257	0.27893	0	0	0	0	0	0	-0.12219	1.46826	0.66252	0.80574	0	-0.56763	0	0	1.3223	0.5928	9.57953	136.461	73.5389
ARG_41	-5.59168	1.06463	6.15523	-0.55101	0.39352	0.3362	4.14633	7.34774	0.0907	0.57049	-3.64368	0.08232	0	0	0	0	-0.71487	0	0.95814	3.79911	0.5924	3.20672	0	0.31141	0	0	-0.1423	-0.1163	18.2951	165.397	99.603
LEU_42	-5.63531	0.83526	3.38235	-0.64372	0.35439	0.2174	3.03308	5.80188	0.01909	0.07088	-2.35958	0.08683	0	0	0	0	0	0	0.40061	7.39963	5.65778	1.74184	0	-0.20652	0	0	1.3223	-0.11409	21.3641	168.142	41.8577
GLU_43	-4.44549	0.98652	5.49869	-0.21827	0.04739	0.29793	2.92259	6.42666	0	0	-2.97791	-0.55434	0	0	0	0	0	0	-0.16774	6.9421	2.47512	0	4.46698	0.50976	0	0	-1.6358	0.43474	21.0089	128.123	94.8772
SER_44	-5.94569	1.07581	6.91671	-0.04375	0.06347	0.06674	4.76314	8.10431	0.08863	0.77982	-3.09184	-0.70335	0	0	0	-1.57071	0	0	2.45411	1.32129	1.11492	0.20637	0	-0.73933	0	4.04	-0.539	0.05823	18.4199	153.582	8.4183
GLY_45	-4.25677	2.04337	4.2754	-0.00028	0	0	2.13865	5.82904	0.06988	0.45961	-1.47136	-0.15977	0	0	0	0	0	0	0.00995	0	0	0	0	-1.3078	0	0	1.435	-0.04932	9.0156	156.058	7.9425
PHE_46	-8.56758	1.40548	3.61602	-0.56479	0.09966	0.27263	0.92782	6.22986	0.05644	0.60294	-0.15889	0.05124	0	0	0	0	0	0	0.6507	2.64288	0.11628	0	2.5266	-0.45238	0	0	1.9602	-0.03764	11.3775	197.784	39.2162
SER_47	-4.2267	0.23672	4.38378	-0.0485	0.00732	0.07042	2.65735	5.61971	0.12934	0.9176	-1.27674	-0.87023	0	0	0	0	0	0	0.05129	2.0952	0.34948	1.74572	0	-0.05672	0	4.04	-0.539	-0.98349	14.3026	150.184	11.8163
GLU_48	-1.44602	0.08901	2.17	-0.34567	0.09961	0.54993	0.61916	2.33603	0.01822	0.09038	-0.03475	-0.45834	0	0	0	0	0	0	-0.05363	7.22116	0.60214	0	6.61902	0.12027	0	0	-1.6358	-0.82216	15.7385	92.1114	130.889
GLY_49	-1.39683	0.31845	1.91268	-0.00076	0	0	0.31979	2.49976	0.04987	0.40447	0.52142	-0.24328	0	0	0	0	0	0	-0.07328	0	0	0	0	-2.52676	0	0	1.435	0.16144	3.38197	107.581	56.4191
THR_50	-1.92801	0.39249	1.26452	-0.20488	0.28764	0.07385	0.79203	2.26569	0.10016	0.42489	0.30979	-0.81961	0	0	0	0	0	0	1.58572	0.21042	0.11672	0.0937	0	0.08736	0	5.03725	-0.9333	1.37645	10.5329	44.1103	129.89
VAL_51	-4.35994	0.6247	1.2509	-0.27535	0.29067	0.05663	0.38396	3.73699	0.01153	0.10925	0.34525	-0.18697	0	0	0	0	0	0	0.00114	0.77542	0.51446	0.26095	0	-1.0734	0	0	2.7371	0.46077	5.66407	125.959	56.0409
GLY_52	-4.80803	1.37848	3.58152	-0.00056	0	0	3.01332	5.75855	0.00677	0.02167	-2.46916	-0.30245	0	0	0	0	0	0	-0.14552	0	0	0	0	1.17299	0	0	1.435	1.1892	9.83177	163.325	0.675055
PHE_53	-5.85712	0.85376	3.23879	-0.59469	0.05457	0.32872	3.02024	5.9475	0.01654	0.28997	-1.8905	0.23509	0	0	0	0	0	0	0.02297	2.75492	0.10708	0	2.64785	-0.54806	0	0	1.9602	1.20115	13.789	145.944	91.0563
GLY_54	-4.18364	0.95771	3.22675	-0.00161	0	0	2.21745	4.76872	0	0	-2.26096	-0.34968	0	0	0	0	0	0	0.12276	0	0	0	0	-0.87815	0	0	1.435	0.09301	5.14735	160.351	3.6489
VAL_55	-5.22382	1.22981	3.7288	-0.38021	1.02886	0.09193	2.62962	5.91679	0.06988	0.45961	-1.77326	-0.41028	0	0	0	-0.80541	0	0	0.4317	0.81332	0.00704	0.80628	0	0.08357	0	0	2.7371	1.33209	12.7734	138.182	43.8183
ASP_56	-6.37134	1.34181	8.83867	-0.10221	0.01069	0.30599	5.43423	9.80345	0.13875	0.79322	-7.07298	0.15643	0	0	0	0	-0.62411	0	0.04071	2.96732	0.04624	0	2.92108	0.89385	0	0	-1.6204	1.0155	18.9169	169.353	15.6468
ALA_57	-3.86645	0.49154	2.53703	-0.023	0	0	2.85848	4.65771	0	0	-2.59598	-0.40132	0	0	0	0	0	0	0.52977	0	0	0	0	-0.14062	0	0	2.2619	0.35388	6.66294	137.891	15.1087
ILE_58	-5.83254	1.14979	2.51671	-0.57414	1.09179	0.1323	2.96542	5.13123	0.00763	0.02664	-2.6061	-0.12133	0	0	0	0	0	0	0.1547	2.55789	0.10951	2.44838	0	-1.12571	0	0	1.8006	-0.17118	9.66158	174.713	32.287
GLY_59	-3.7004	0.47599	3.43835	-0.00062	0	0	2.90439	4.87159	0	0	-2.81507	-0.36328	0	0	0	0	0	0	-0.04918	0	0	0	0	2.53049	0	0	1.435	2.38911	11.1164	151.632	12.3683
LEU_60	-7.76705	1.87605	2.44076	-0.48701	0.67166	0.10482	3.31244	5.47195	0.00763	0.02664	-2.54324	0.03317	0	0	0	0	0	0	-0.04134	1.04612	0.02103	1.02509	0	-0.1367	0	0	1.3223	2.52517	8.9095	207.596	2.4037
LEU_61	-5.67013	1.96033	3.18142	-0.57608	0.48203	0.1369	3.1307	5.7431	0	0	-2.43654	0.22614	0	0	0	0	0	0	0.03354	1.26822	0.27608	0.99214	0	-0.28769	0	0	1.3223	0.45491	10.2374	129.541	80.4591
GLY_62	-4.29509	1.31152	3.33833	-0.00117	0	0	2.5962	5.46822	0	0	-2.5355	-0.35945	0	0	0	0	0	0	1.23341	0	0	0	0	1.17933	0	0	1.435	2.61212	11.9829	163.392	0.60815
PHE_63	-6.47707	1.86523	4.14534	-0.97766	0.14828	0.70576	3.08596	6.63179	0	0	-3.12375	-0.21359	0	0	0	0	0	0	0.01262	4.09533	1.33871	0	2.75661	-0.18794	0	0	1.9602	2.37297	18.1388	165.254	71.746
LYS_64	-5.21055	1.13287	7.37513	-0.66378	0.75329	0.66643	4.55702	7.9797	0.03419	0.39344	-6.01751	0.98752	0	0	0	-0.50194	-0.33897	0	0.11163	7.67166	4.62154	3.05012	0	-0.07619	0	0	-0.8895	-0.10232	25.5338	172.429	79.571
LEU_65	-6.64957	0.98838	2.91287	-0.4577	0.52914	0.08312	1.67931	5.2534	0.03002	0.1394	-1.36657	0.11716	0	0	0	0	0	0	0.02169	0.97422	0.21762	0.7566	0	-0.34453	0	0	1.3223	-0.66513	5.54173	157.73	52.2695
ASP_66	-1.47399	5.28285	1.89108	-0.33439	0.80964	1.35099	0.58013	2.21053	0	0	0.7299	1.17565	0	0	0	0	0	0	-0.12953	15.3018	7.33872	0	7.96311	-0.69292	0	0	-1.6204	-0.51198	39.8712	59.154	125.846
SER_67	-2.59035	33.8671	2.68192	-0.01513	0	0.01665	1.46527	3.20545	0	0	2.14363	0.23494	0	0	0	0	0	0	1.4293	0.84756	0	0.84756	0	2.73117	0	1.28624	-0.539	3.50335	51.1157	72.159	89.841
GLN_68	-2.60039	0.78733	3.62116	-0.3022	0.09471	0.2862	2.0546	4.12433	0.00249	0.01314	-1.23302	-0.74557	0	0	0	0	0	0	0.81715	3.56391	0	0	3.56391	-0.50827	0	0	-0.1077	5.25306	18.6848	65.2874	151.713
ASP_69	-5.09628	0.83868	5.70668	-0.12012	0.05382	0.38029	2.1392	7.05732	0.07639	0.4877	-2.07292	-0.66584	0	0	0	0	0	0	0.14767	2.85617	0.00264	0	2.85353	-0.21877	0	0	-1.6204	2.10781	14.9136	177.477	7.52273
ASP_70	-4.78546	2.25701	7.70155	-0.12209	0.08657	0.36069	3.64146	8.37315	0.03667	0.40658	-5.28144	-0.23942	0	0	0	-0.50194	-0.33897	0	0.03206	12.8345	6.13007	0	6.70442	-0.41858	0	0	-1.6204	1.5853	36.8417	127.141	57.8592
TYR_71	-9.43988	4.20919	5.43559	-0.90834	0.18181	0.46965	3.96139	9.24147	0	0	-2.77101	-0.33351	0	0	0	0	-0.44636	0	0.18955	2.50903	0.39208	0	2.11696	-0.61373	0	0	1.7379	1.55875	17.4905	230.206	17.794
ALA_72	-2.64129	1.63774	0.90892	-0.02398	0.00012	0	0.47964	2.28465	0	0	-0.48138	-0.43568	0	0	0	0	0	0	0.00297	0	0	0	0	0.24454	0	0	2.2619	0.85104	5.08919	95.3952	57.6048
LYS_73	-5.9599	4.10563	5.99452	-0.45034	0.16881	0.22465	3.99533	6.48933	0.06184	0.40112	-3.50599	0.48524	0	0	0	0	0	0	0.39857	6.72473	3.47918	3.24556	0	-0.20487	0	0	-0.8895	0.82945	25.5934	206.472	45.5285
LEU_74	-3.04935	0.58281	1.2477	-0.57179	0.45165	0.13664	0.37942	2.63429	0	0	-0.16551	0.25834	0	0	0	0	0	0	-0.14059	1.15303	0.16819	0.98484	0	-0.3484	0	0	1.3223	0.55853	5.60209	99.293	110.707
GLY_75	-3.19467	0.34655	2.75047	-0.0007	0	0	2.57948	4.36469	0	0	-1.98629	-0.34708	0	0	0	0	0	0	-0.06606	0	0	0	0	2.47514	0	0	1.435	2.70289	11.0594	159.739	4.26146
LEU_76	-3.42924	0.24857	1.64501	-0.49736	1.21875	0.09459	1.42282	3.5432	0	0	-1.68723	0.24243	0	0	0	0	0	0	0.01656	0.68747	0.05259	0.63487	0	-0.61928	0	0	1.3223	2.36169	7.25776	106.473	103.527
THR_77	-6.6533	1.25376	5.38976	-0.17357	0.10332	0.06736	4.06835	8.042	0	0	-2.09486	-0.73838	0	0	0	0	0	0	1.34285	1.51862	1.12533	0.39329	0	0.66688	0	5.01406	-0.9333	1.03588	19.4281	165.965	8.03507
ALA_78	-3.47991	0.27011	3.26307	-0.02423	1e-05	0	2.88517	4.78225	0	0	-2.77607	-0.21618	0	0	0	0	0	0	-0.02343	0	0	0	0	-0.05567	0	0	2.2619	0.71159	7.59859	109.523	43.4766
LYS_79	-9.23673	2.07234	10.264	-0.45705	0.1142	0.28765	5.6602	11.3826	0.00675	0.02068	-6.32601	-0.13187	0	0	0	-0.76531	-0.62411	0	0.00462	3.40573	0.42755	2.97818	0	0.04912	0	0	-0.8895	-0.83989	17.4032	239.786	12.2142
ALA_80	-4.35405	1.4345	2.51638	-0.02355	0	0	2.87014	4.85018	0	0	-2.77224	-0.42158	0	0	0	0	0	0	-0.04203	0	0	0	0	-0.11038	0	0	2.2619	0.09185	6.30111	135.345	17.6555
ARG_81	-6.9034	1.18837	4.91703	-0.65121	1.26005	0.47765	3.20231	6.66965	0.06806	0.40631	-3.16608	0.17217	0	0	0	0	0	0	1.41796	4.7457	1.09061	3.65509	0	-0.188	0	0	-0.1423	-0.13011	18.0899	161.472	103.528
VAL_82	-4.33429	0.61519	3.4842	-0.36272	0.69312	0.08624	2.90362	5.25998	0	0	-1.81523	-0.33218	0	0	0	0	0	0	0.23118	1.19819	0.19396	1.00423	0	-0.5135	0	0	2.7371	-0.12382	10.9253	108.197	73.8033
SER_83	-2.31893	0.88008	2.98167	-0.02036	0.00189	0.02964	1.57006	3.40236	0.09449	0.43333	0.25065	-0.26883	0	0	0	0	0	0	-0.21132	0.38356	0.11063	0.27293	0	0.00784	0	4.04	-0.539	2.66725	13.7679	56.4101	105.59
ASN_84	-4.01045	1.14214	5.39827	-0.29801	0.24467	0.48358	2.94129	6.22031	0.00451	0.10054	-2.97565	-0.50923	0	0	0	-0.72211	0	0	-0.00462	19.8108	11.382	0	8.42881	-1.15334	0	0	-0.3009	2.5812	48.7638	77.6598	106.34
SER_85	-5.07811	0.88906	5.85466	-0.03125	0.00165	0.02031	4.64747	7.23438	0.01131	0.04454	-1.88216	-0.61363	0	0	0	0	0	0	1.43424	0.81595	0.00466	0.81129	0	-0.12805	0	4.04	-0.539	0.03495	17.5723	149.082	12.9181
LEU_86	-5.68793	0.8957	3.56466	-0.57052	0.43472	0.13814	2.83192	5.60476	0	0	-2.12794	0.26186	0	0	0	0	0	0	0.14797	1.10313	0.04739	1.05575	0	-0.28379	0	0	1.3223	0.39648	9.1346	151.485	58.5147
LEU_87	-6.05889	1.14179	3.21519	-0.59381	0.49134	0.14468	2.96807	6.06793	0	0	-2.7029	0.31708	0	0	0	0	0	0	0.26698	1.19758	0.14638	1.0512	0	-0.35355	0	0	1.3223	0.30599	8.92736	153.975	56.0246
LYS_88	-6.27838	1.35155	4.06803	-0.30847	0.05845	0.15548	3.06312	5.99368	0.07341	0.32405	-3.35415	-0.20361	0	0	0	0	0	0	-0.08237	3.50944	0.45125	3.05818	0	0.40974	0	0	-0.8895	-0.25989	11.14	194.458	57.5424
VAL_89	-4.94626	0.77841	2.56906	-0.27414	0.36714	0.06106	2.76449	5.45844	0	0	-2.46211	-0.35159	0	0	0	0	0	0	-0.14306	0.35963	0.05607	0.30356	0	-0.96386	0	0	2.7371	-0.08069	6.23324	133.639	48.3613
GLY_90	-3.45261	0.36923	3.57635	-0.00078	0	0	2.67086	4.99598	0	0	-2.26366	-0.35576	0	0	0	0	0	0	0.22918	0	0	0	0	-2.52581	0	0	1.435	2.91075	7.58874	151.959	12.0412
ALA_91	-3.96587	0.24689	2.30686	-0.02555	0.00039	0	1.89453	4.55486	0	0	-0.16084	-0.28884	0	0	0	0	0	0	-0.02424	0	0	0	0	0.53288	0	0	2.2619	2.68851	10.0215	139.861	13.1386
LEU_92	-8.25305	1.31485	3.58081	-0.47474	0.65463	0.0906	2.73915	7.23439	0.01587	0.16774	-1.74683	0.0356	0	0	0	0	0	0	0.03398	0.91964	0.05947	0.86017	0	0.15209	0	0	1.3223	-0.27485	8.43184	204.667	5.33269
HIS_93	-5.25511	1.47859	3.43779	-0.60308	0.08347	0.46833	0.92153	5.31626	0	0	0.67439	-0.73482	0	0	0	0	0	0	-0.01051	3.66392	0.03451	0	3.62941	-0.79857	0	0	0.8406	1.28922	14.4359	161.981	79.0189
PHE_94	-7.17365	0.62006	0.96879	-0.98761	0.18996	0.54349	1.75325	4.54423	0	0	-1.33868	-0.2526	0	0	0	0	0	0	0.09021	1.97874	0.03706	0	1.94168	-0.87322	0	0	1.9602	1.77573	5.77765	213.687	23.3128
LYS_95	-4.25313	0.43503	4.7	-0.49989	0.24828	0.30742	2.44423	5.38543	0.04227	0.11727	-2.84786	-0.16211	0	0	0	-0.98261	0	0	0.22825	3.53545	1.09993	2.43552	0	0.41925	0	0	-0.8895	0.33772	12.1009	127.368	124.632
SER_96	-5.29198	0.71447	5.81937	-0.04442	0.02668	0.06733	3.61625	7.03967	5e-05	0.00148	0.94274	-0.65141	0.12931	0	0	0	0	0	0.75079	0.37617	0.31707	0.0591	0	-0.87115	0	4.04	-0.539	2.71841	19.2209	155.108	6.89205
PRO_97	-5.85624	1.87669	2.22732	-0.06742	1e-05	0.04282	0.82917	2.71008	0	0	0.52059	0.61355	0.13409	0	0	0	0	0	0.38108	0.51864	0.34022	0.17842	0	1.99838	0	0	-4.6787	3.506	5.27471	184.524	14.4762
LEU_98	-6.82379	1.38247	1.76747	-0.54554	1.31178	0.16033	0.54685	4.75036	0	1e-05	-0.21033	0.16444	0	0	0	0	0	0	0.61213	0.40835	0.19601	0.21234	0	-0.3112	0	0	1.3223	0.28798	5.23197	206.942	3.05839
VAL_99	-6.21145	0.74242	1.79822	-0.38305	0.89285	0.09763	2.65142	5.13755	0	0	-0.50153	-0.61142	0	0	0	0	0	0	-0.04008	0.48396	0.12032	0.36364	0	1.63916	0	0	2.7371	1.87716	10.7939	179.181	2.81906
SER_100	-5.134	1.28459	5.07054	-0.03669	0.00282	0.02447	3.42796	6.31452	0.06262	0.5109	-1.17251	-0.50381	0	0	0	0	0	0	0.11171	1.64336	0.2713	1.37205	0	0.13733	0	4.04	-0.539	2.61489	19.5031	158.894	3.10648
ALA_101	-5.32273	0.68794	3.49707	-0.02505	4e-05	0	2.60083	6.24034	0	0	-3.52086	-0.24753	0	0	0	-0.50196	0	0	-0.01918	0	0	0	0	0.25955	0	0	2.2619	-0.30587	5.6045	153	0
ASN_102	-6.62624	0.61993	8.35228	-0.30239	0.0726	0.47881	4.99281	9.62899	0	0	-4.68938	-0.20034	0	0	0	-1.7797	-1.39296	0	1.7303	4.77949	0.6961	0	4.08339	0.30016	0	0	-0.3009	-0.74784	19.6951	173.219	10.7815
ASP_103	-4.26345	0.64867	5.95783	-0.30283	0.17608	1.00606	2.05087	6.60075	0.15734	1.13798	-2.92565	-0.05771	0	0	0	0	-1.45845	0	0.40255	2.62095	0.03018	0	2.59077	-0.9414	0	0	-1.6204	1.2082	13.0184	135.967	49.0335
THR_104	-3.33762	0.21074	3.91001	-0.13429	0.11486	0.07999	2.23513	4.65248	0.00584	0.04093	-1.52212	0.11402	0	0	0	-0.80032	0	0	0.52646	0.25583	0.21202	0.04381	0	-0.65381	0	5.03189	-0.9333	1.14701	11.1995	106.714	67.2862
ARG_105	-5.09478	0.85837	4.683	-1.06184	1.05304	0.5635	1.35784	5.61418	0.06343	0.40193	-0.42267	0.51381	0	0	0	0	0	0	0.04129	3.16721	0	3.16721	0	0.67267	0	0	-0.1423	2.62149	18.0574	209.493	55.5068
LEU_106	-7.80613	1.95847	2.26703	-0.66313	0.68502	0.24008	1.1134	5.58647	0	0	-0.02841	0.14797	0	0	0	0	0	0	-0.04227	3.11609	2.15011	0.96599	0	-0.2834	0	0	1.3223	3.42836	14.1579	207.951	2.04937
LEU_107	-8.14507	1.69599	2.5142	-0.45298	0.51742	0.08352	1.56772	5.96288	0.05598	0.39164	-0.11121	0.00187	0.06727	0	0	0	0	0	1.54349	0.95039	0.09081	0.85959	0	0.17055	0	0	1.3223	2.87735	11.9637	210	0
PRO_108	-6.19906	1.44209	3.79778	-0.17382	0.00049	0.11975	1.39639	4.40021	0	0	-2.21541	0.13593	0.07208	0	0	-0.47719	0	0	3.07043	0.89166	0.2604	0.63126	0	-1.38801	0	0	-4.6787	1.66182	2.74812	192.34	6.66046
GLU_109	-9.44413	1.50952	10.5681	-0.27053	0.10746	0.32439	5.97008	12.2446	0.00988	0.04534	-3.1422	-0.14854	0	0	0	-0.97938	-0.67317	0	0.33655	4.7788	0.21111	0	4.56769	-0.03267	0	0	-1.6358	-1.10071	23.2464	223	0
LEU_110	-8.00966	0.90942	4.37948	-0.46457	0.76842	0.08226	3.1967	7.03636	0	0	-2.52779	0.07016	0	0	0	0	0	0	1.34219	0.86549	0.01195	0.85354	0	0.08	0	0	1.3223	-0.61575	9.30051	204.105	5.89547
PHE_111	-9.77415	0.97082	3.22872	-0.58134	0.12501	0.3279	3.18791	7.38957	0	0	-2.56718	0.28755	0	0	0	0	0	0	0.81959	3.94889	0.44462	0	3.50427	-0.64246	0	0	1.9602	-0.46111	12.1688	237	0
ARG_112	-7.78976	1.30405	8.09912	-0.59347	0.24254	0.36458	4.46122	9.05972	0	0	-5.23478	0.5498	0	0	0	0	-1.35911	0	0.04803	5.68975	2.65781	3.03194	0	0.19073	0	0	-0.1423	-0.45946	20.1204	168.655	96.3448
GLY_113	-3.80937	1.2131	3.18849	-0.00135	0	0	2.59992	4.96495	0	0	-2.35922	-0.35143	0	0	0	0	0	0	0.1565	0	0	0	0	-2.518	0	0	1.435	0.72018	5.23877	156.058	7.9425
ALA_114	-4.12881	1.24424	2.28057	-0.02401	7e-05	0	3.01822	5.00795	0	0	-2.48741	-0.40202	0	0	0	0	0	0	0.12788	0	0	0	0	0.75868	0	0	2.2619	1.18487	8.84213	125.108	27.8922
LEU_115	-6.89779	1.04007	2.44712	-0.5936	0.3686	0.16026	2.84171	5.8257	0	0	-2.56312	0.23499	0	0	0	0	0	0	-0.08479	1.61567	0.56719	1.04848	0	-0.2474	0	0	1.3223	0.59051	7.67591	188.636	21.3639
LEU_116	-5.55136	1.23792	3.35383	-0.56183	0.42518	0.12462	3.07425	5.80252	0	0	-2.44756	0.28929	0	0	0	0	0	0	-0.08283	1.34198	0.23714	1.10484	0	-0.31394	0	0	1.3223	0.03765	9.39401	144.921	65.0794
ASP_117	-5.1695	0.64237	6.39274	-0.20768	0.06927	0.64448	4.24041	7.51211	0.03753	0.18975	-3.95375	-1.04411	0	0	0	0	-0.84066	0	0.1588	4.26064	0.18912	0	4.07153	-0.29425	0	0	-1.6204	-0.06445	15.214	155.217	29.7828
VAL_118	-5.9789	1.62432	3.94092	-0.28058	0.35914	0.06864	3.35901	6.09258	0	0	-2.4448	-0.38605	0	0	0	0	0	0	0.01018	1.05453	0.81694	0.23759	0	-1.05234	0	0	2.7371	-0.13924	10.019	148.693	33.307
GLN_119	-4.92475	0.98209	5.18289	-0.28455	0.0755	0.26367	2.85547	6.11652	0.04543	0.16386	-1.66376	-0.8605	0	0	0	0	-0.84066	0	0.11204	3.76694	0.09148	0	3.67547	-0.04581	0	0	-0.1077	1.50306	16.1067	117.401	99.5989
GLU_120	-4.466	0.94675	6.61589	-0.41327	0.14681	0.87161	3.29423	6.86182	0	0	-0.70011	-0.35044	0	0	0	-0.72211	0	0	-0.1106	4.2363	0.23134	0	4.00496	-0.25459	0	0	-1.6358	1.62549	20.1823	133.795	89.2048
ILE_121	-3.70461	1.23791	2.65233	-0.47818	1.33664	0.09012	1.51925	3.84813	0	0	-0.79735	0.22667	0	0	0	0	0	0	0.34552	1.34001	0.53624	0.80378	0	-1.1008	0	0	1.8006	-0.58669	9.06956	100.852	106.148
ASP_122	-1.57815	0.38925	1.74858	-0.11418	0.02389	0.32961	0.57884	2.36516	0	0	0.36193	-0.39194	0	0	0	0	0	0	0.00017	3.53688	0.02179	0	3.51509	-0.71132	0	0	-1.6204	-0.24885	8.20635	40.0943	144.906
GLY_123	-2.83665	0.32319	2.66042	-5e-05	0	0	1.94588	3.66142	0.04504	0.16796	-1.7407	-0.40335	0	0	0	0	0	0	-0.15156	0	0	0	0	-2.17769	0	0	1.435	-0.31848	2.61042	130.51	33.4899
LEU_124	-7.04048	2.15294	3.14878	-0.59653	0.52345	0.15446	2.20386	5.82845	0	0	-1.03859	0.31006	0	0	0	0	0	0	1.41453	1.14532	0.14591	0.99941	0	-0.29263	0	0	1.3223	-0.47625	9.90499	179.827	30.1731
THR_125	-5.39529	0.82626	4.43272	-0.17772	0.17218	0.06536	3.05554	6.18246	0.04504	0.16796	-2.60646	-0.6121	0	0	0	0	0	0	0.56186	0.15808	0.01022	0.14786	0	-0.07989	0	5.0289	-0.9333	0.06942	11.1191	136.872	37.1276
LEU_126	-5.58126	1.09218	3.4941	-0.47625	0.60694	0.09814	2.83557	5.49192	0	0	-2.731	0.05044	0	0	0	0	0	0	-0.08174	1.56269	0.28492	1.27776	0	-0.40439	0	0	1.3223	-0.14941	8.69293	149.787	60.2133
ARG_127	-6.88707	1.34883	6.6643	-0.65498	0.23022	0.44386	4.47483	8.09981	0	0	-4.26246	0.2679	0	0	0	-0.48065	-0.63536	0	0.24249	3.82074	1.01432	2.80642	0	-0.39161	0	0	-0.1423	-0.5965	15.3628	217.557	47.4434
GLY_128	-3.53969	0.94722	2.78782	-0.0018	0	0	2.57905	4.48813	0	0	-2.7816	-0.39643	0	0	0	0	0	0	-0.10134	0	0	0	0	0.53829	0	0	1.435	1.14289	7.09753	149.726	14.2741
ALA_129	-4.71024	1.65968	2.31311	-0.02153	0	0	3.07293	5.21254	0	0	-2.1944	-0.40477	0	0	0	0	0	0	2.20108	0	0	0	0	-0.74776	0	0	2.2619	1.4452	10.0877	141.67	11.3303
HIS_130	-5.0597	1.0357	5.43684	-0.68771	0.04827	0.62053	3.71317	7.32116	0.00396	0.04319	-1.46799	-0.83466	0	0	0	0	0	0	-0.16516	4.00323	0.87818	0	3.12506	-0.33735	0	0	0.8406	-0.13476	18.3826	161.199	79.8013
LEU_131	-8.79583	1.68592	2.97859	-0.48696	0.32809	0.1154	3.18575	7.06663	0	0	-2.44657	0.05548	0	0	0	0	0	0	-0.00387	2.15313	1.23238	0.92075	0	-0.34153	0	0	1.3223	-0.3075	8.66217	210	0
ASP_132	-5.94327	1.37575	7.97468	-0.22743	0.08259	0.78039	3.91129	8.88933	0.00396	0.04319	-4.98527	-1.81311	0	0	0	-0.40982	-1.35911	0	0.48936	3.27978	0.35118	0	2.92859	-0.03524	0	0	-1.6204	0.45917	14.1756	161.789	23.2111
ARG_133	-9.73381	5.5551	8.63405	-0.86346	0.46138	0.62376	3.45919	10.006	0.00493	0.04256	-2.13065	-0.07475	0	0	0	-0.40982	0	0	0.01676	5.03494	2.49999	2.53494	0	-0.20492	0	0	-0.1423	0.60797	25.9218	196.979	68.0205
ASN_134	-7.75962	1.9184	6.91502	-0.25965	0.27149	0.44729	4.38288	9.31441	0.00193	0.00779	-2.9478	0.08893	0	0	0	0	-0.67317	0	3.3323	7.47847	0.5343	0	6.94417	0.4446	0	0	-0.3009	-0.04437	30.0965	183.392	0.60815
LYS_135	-10.8802	2.26664	12.5917	-1.16669	1.33765	1.47454	6.81856	13.6706	0.10533	0.3598	-6.47591	-0.34269	0	0	0	-0.47719	-0.44636	0	-0.01282	5.82206	2.13864	3.68342	0	0.57953	0	0	-0.8895	0.39115	30.5482	252	0
LEU_136	-5.91363	0.85732	5.73634	-0.48522	0.66813	0.08606	2.84533	7.57801	0	0	-2.10135	0.49789	0	0	0	0	0	0	-0.0235	1.06816	0.672	0.39616	0	0.4154	0	0	1.3223	0.99164	14.611	164.904	45.0956
ASN_137	-5.91266	0.70895	6.41325	-0.22653	0.02742	0.37299	2.59288	7.66849	0.02082	0.1023	-0.90571	-0.75383	0	0	0	-4e-05	-0.38438	0	0.2121	6.79736	1.10945	0	5.68791	0.4975	0	0	-0.3009	1.78328	25.5106	160.705	23.2955
SER_138	-3.7347	0.65072	4.26512	-0.04293	0.03364	0.04691	1.8838	5.34239	0	0	-1.90712	0.08957	0	0	0	-4e-05	0	0	-0.12629	1.76218	1.13364	0.62854	0	-0.29057	0	4.04	-0.539	0.65357	13.8894	133.471	28.5285
SER_139	-4.42735	0.59109	5.43101	-0.03481	0.0312	0.04368	2.64674	6.72037	0.13599	0.62577	-0.48561	-0.02674	0	0	0	0	0	0	0.15109	4.50486	3.93648	0.56838	0	-0.25285	0	4.04	-0.539	-0.40817	23.2521	139.006	22.9944
SER_140	-4.4624	6.62983	4.1295	-0.03896	0.00972	0.04294	1.71856	4.66819	0.00255	0.00687	-0.71425	-0.03673	0	0	0	0	0	0	0.46734	0.74776	0.03773	0.71003	0	0.04668	0	4.04	-0.539	0.10931	17.5757	138.038	23.9622
ASP_141	-2.7525	0.09067	3.74195	-0.10793	0.02748	0.31004	1.36061	4.22978	0.09152	0.63676	0.14183	0.16976	0	0	0	0	0	0	2.12469	4.65455	0.57406	0	4.08049	0.70948	0	0	-1.6204	0.20308	18.6659	101.236	83.7643
TYR_142	-7.9572	4.30414	3.18843	-0.54458	0.18235	0.22065	0.41008	4.99315	0.01842	0.17462	-0.09125	-0.09113	0	0	0	0	0	0	0.04167	3.9818	0.18401	0	3.79779	0.09889	0	0	1.7379	-0.46598	14.1837	198.923	49.0774
GLN_143	-4.90848	0.73332	5.1844	-0.39988	0.13299	0.30589	3.34252	6.32181	0.04338	0.24849	-2.60556	-0.05949	0	0	0	0	0	0	-0.00646	5.30915	0.69369	0	4.61547	0.2781	0	0	-0.1077	0.15791	19.2795	143.576	73.4239
VAL_144	-3.64914	0.40675	2.0288	-0.30421	0.28565	0.05593	0.97437	3.21207	0.04049	0.21037	-0.81527	0.39953	0	0	0	0	0	0	0.46366	0.33457	0.00563	0.32894	0	1.46784	0	0	2.7371	1.95955	10.1426	129.258	52.7421
PHE_145	-10.0313	2.12483	3.09787	-0.58724	0.04775	0.31405	2.61267	7.40484	0	0	-2.36124	0.28533	0	0	0	0	0	0	2.8424	3.66702	0.84227	0	2.82475	-0.33857	0	0	1.9602	1.16031	15.8659	236.488	0.512343
SER_146	-4.33569	0.31154	3.06693	-0.03679	0.01936	0.05604	1.57682	4.89343	0.07276	0.52645	-2.15199	-0.38524	0	0	0	0	0	0	-0.0176	0.28754	0.0844	0.20314	0	-0.75662	0	4.04	-0.539	-0.10825	6.80725	140.549	21.4506
ALA_147	-5.47892	0.42728	2.60558	-0.02404	0	0	2.74277	6.2507	0	0	-2.09977	-0.30256	0	0	0	0	0	0	-0.03147	0	0	0	0	0.58198	0	0	2.2619	0.14574	7.07918	150.567	2.4326
ASN_148	-5.60013	1.33054	5.57293	-0.24507	0.01633	0.45329	2.96728	7.17562	0.02918	0.21273	-2.21684	-0.36702	0	0	0	0	0	0	0.44253	4.55442	0.21342	0	4.341	0.08716	0	0	-0.3009	0.44653	19.113	153.896	30.1042
ARG_149	-5.66446	0.84058	6.94571	-0.58036	0.29873	0.35338	2.54666	7.49806	0.15658	0.88714	-1.70163	-0.10778	0	0	0	0	-1.46425	0	1.21947	2.82773	0.03038	2.79735	0	-0.14774	0	0	-0.1423	2.9151	19.5083	162.964	102.036
ILE_150	-6.08223	1.69603	1.37038	-0.52694	0.79971	0.11604	1.46225	4.06464	0.04474	0.36626	-0.92404	-0.31833	0	0	0	0	0	0	0.00546	7.93677	5.24859	2.68819	0	0.36467	0	0	1.8006	2.67717	22.79	188.336	18.6643
GLY_151	-3.20901	0.18208	3.14778	-0.00031	0	0	2.43693	4.76868	0	0	-1.84792	-0.26916	0	0	0	0	0	0	-0.10966	0	0	0	0	-2.46872	0	0	1.435	0.67771	4.74341	142.22	21.7805
GLY_152	-2.98702	0.52071	2.48169	-0.00026	0	0	1.16911	3.62492	0	0	-1.14176	-0.17167	0	0	0	-0.36599	0	0	-0.01381	0	0	0	0	-2.46303	0	0	1.435	0.91929	3.00717	143.53	20.4698
ARG_153	-3.33764	0.62414	2.96811	-0.98392	0.79257	0.71921	1.20708	3.85332	0	0	-0.97693	-0.00618	0	0	0	-0.36599	0	0	0.21623	2.19273	0	2.19273	0	-0.2736	0	0	-0.1423	0.14469	8.82426	105.708	159.292
SER_154	-5.915	1.17015	5.75919	-0.03557	0.02326	0.04876	3.8942	7.06802	0	0	-1.80314	0.0516	0	0	0	0	0	0	0.07775	0.92093	0.07634	0.84459	0	-0.33372	0	4.04	-0.539	-0.02043	15.328	160.463	1.53703
ASP_155	-2.78927	0.2793	2.40871	-0.26157	0.11284	0.90757	1.02885	3.25665	0.00493	0.04256	-0.52007	-1.86186	0	0	0	0	0	0	-0.12862	3.45447	0.08065	0	3.37382	-0.56859	0	0	-1.6204	-0.29543	6.90453	120.127	64.873
ALA_156	-4.58549	0.6416	3.74083	-0.02483	0.00038	0	3.02799	5.80119	0.0013	0.02045	-1.40259	-0.40966	0	0	0	0	0	0	3.55563	0	0	0	0	0.06757	0	0	2.2619	0.80373	13.5	146.337	6.66281
PHE_157	-10.2645	2.09172	4.1928	-0.7873	0.10979	0.07678	3.16924	8.34607	0	0	-2.11241	-0.55165	0	0	0	0	0	0	-0.15065	3.67409	0.20859	0	3.4655	-0.14073	0	0	1.9602	1.07342	14.3609	236.553	0.446804
ASP_158	-5.02665	1.57799	6.5371	-0.10957	0.00093	0.32535	4.48218	8.01964	0.02798	0.25717	-2.39792	-0.31707	0	0	0	0	-0.22348	0	0.55519	3.7286	0.00859	0	3.72001	1.71468	0	0	-1.6204	0.31247	21.5728	143.761	41.2391
PHE_159	-8.79326	1.95214	2.79298	-1.07673	0.21991	0.51507	2.90694	6.7675	0	0	-2.5009	-0.15088	0	0	0	0	0	0	1.69114	6.11372	4.21113	0	1.9026	-0.68037	0	0	1.9602	0.39119	18.2224	228.529	8.47122
ALA_160	-3.43412	1.07883	2.83539	-0.0219	0	0	2.65867	4.57806	0	0	-2.72265	-0.42803	0	0	0	0	0	0	0.38124	0	0	0	0	-0.49165	0	0	2.2619	-0.0335	6.66225	86.596	66.404
GLY_161	-3.73558	1.42175	3.39639	-0.00145	0	0	2.78709	5.04103	0	0	-2.9024	-0.36703	0	0	0	0	0	0	-0.18773	0	0	0	0	-0.29993	0	0	1.435	1.15382	7.74097	151.492	12.5083
GLY_162	-3.50584	1.09982	3.91893	-0.00091	0	0	2.50886	5.38992	0	0	-2.46617	-0.34955	0	0	0	0	0	0	0.57088	0	0	0	0	1.68355	0	0	1.435	3.40809	13.6926	150.398	13.6018
ASP_163	-5.38493	0.40636	7.15257	-0.1205	0.01268	0.38216	5.04272	8.38577	0.04789	0.18005	-4.55526	-0.28187	0	0	0	0	-1.48334	0	1.1984	5.55504	1.10388	0	4.45116	-0.03678	0	0	-1.6204	2.37142	22.807	156.685	28.3147
TYR_164	-7.80788	12.515	4.3965	-0.82291	0.66692	0.14633	3.3397	7.87278	0.04051	0.39716	-3.18667	-0.34295	0	0	0	0	0	0	0.56391	3.99842	0.00923	0	3.9892	-0.13435	0	0	1.7379	0.38862	27.7674	152.129	95.871
ARG_165	-5.82581	0.56378	4.65228	-0.62948	0.23085	0.38639	2.58338	6.47222	0.09611	0.60853	-2.13927	0.42857	0	0	0	-0.76353	0	0	0.3999	3.86507	0.57063	3.29444	0	0.25371	0	0	-0.1423	1.46993	16.3754	140.031	124.969
LEU_166	-5.23429	11.918	2.15475	-0.51431	0.55319	0.12053	1.39828	4.16149	0	0	-0.29129	0.31585	0	0	0	0	0	0	1.03733	4.26515	3.88625	0.3789	0	-0.49453	0	0	1.3223	1.10384	26.0814	123.247	86.7525
THR_167	-4.51749	1.51292	5.10371	-0.12172	0.17888	0.07942	3.1109	6.27027	0.05315	0.51915	0.05384	-0.84195	1.77288	0	0	0	0	0	-0.02372	0.53834	0.26223	0.27611	0	-0.40254	0	5.0264	-0.9333	2.6364	20.5539	105.459	68.541
PRO_168	-1.9779	0.70136	1.53736	-0.0739	0	0.04555	0.8862	1.82264	0	0	-0.05979	0.58764	1.77306	0	0	-0.76353	0	0	-0.32048	0.96865	0.35825	0.6104	0	-0.69136	0	0	-4.6787	2.68316	3.40861	69.9358	129.064
ALA_169	-3.72434	1.03468	3.33296	-0.02411	0.00278	0	2.66864	4.97394	0.0512	0.18974	-1.34008	-0.36385	0	0	0	0	0	0	0.72919	0	0	0	0	0.82592	0	0	2.2619	0.25739	10.876	115.208	37.7915
LEU_170	-7.03361	1.62046	4.24316	-0.58347	0.59633	0.14836	3.59976	6.7184	3e-05	0.00011	-1.18519	0.29687	0	0	0	0	0	0	-0.13164	1.33709	0.32405	1.01304	0	-0.26686	0	0	1.3223	0.39126	12.4104	162.591	47.4094
THR_171	-5.59616	0.7572	4.51135	-0.17501	0.16927	0.06346	2.97733	6.63008	0.05612	0.28041	-2.11139	-0.60128	0	0	0	0	0	0	-0.12749	0.28758	0.06351	0.22407	0	-0.15898	0	5.04739	-0.9333	0.17546	11.5396	144.062	29.9382
ALA_172	-4.11761	0.46124	2.87819	-0.025	0.0007	0	3.00114	5.12221	3e-05	0.00011	-2.79639	-0.34398	0	0	0	0	0	0	0.12628	0	0	0	0	0.62722	0	0	2.2619	0.30966	7.50569	129.095	23.9053
SER_173	-4.70564	0.99288	4.80753	-0.03332	0.00153	0.0215	3.89693	6.25569	0.07945	0.84613	-2.09973	-0.59086	0	0	0	0	0	0	0.07204	0.78438	0.03508	0.7493	0	0.21267	0	4.04	-0.539	0.24227	15.0688	144.101	17.8993
LEU_174	-4.18644	1.03848	3.15529	-0.57061	0.6083	0.14593	2.61012	5.16736	0	0	-2.37855	0.24805	0	0	0	0	0	0	-0.1118	1.45057	0.48168	0.9689	0	-0.23895	0	0	1.3223	0.7155	10.4261	87.4164	122.584
HIS_175	-9.9228	2.6083	7.75413	-0.41612	0.16436	0.41773	4.23555	10.4532	0.03895	0.44897	-4.17659	-0.32689	0	0	0	0	-0.84798	0	0.09635	4.16708	0.34305	0	3.82402	-0.13619	0	0	0.8406	0.31919	19.8849	240.278	0.721597
GLN_176	-4.04062	0.67444	3.515	-0.32735	0.09036	0.18308	2.89756	4.91697	0	0	-2.54148	-0.16751	0	0	0	0	0	0	1.24001	4.27054	0.12869	0	4.14186	0.19461	0	0	-0.1077	-0.32526	14.7432	91.1322	125.868
GLY_177	-3.55409	0.91267	2.98086	-0.00127	0	0	2.4754	4.42965	0.02162	0.26927	-2.54022	-0.33727	0	0	0	0	0	0	0.09153	0	0	0	0	0.22809	0	0	1.435	0.933	7.34425	159.869	4.13117
ARG_178	-7.14253	1.21537	7.14508	-0.7351	0.28851	0.55024	3.35463	7.90506	0.08512	0.72753	-3.15372	0.35629	0	0	0	0	-0.22348	0	3.61466	4.52326	1.20705	3.31621	0	-0.19101	0	0	-0.1423	1.72316	24.424	174.786	90.2136
LEU_179	-10.1577	1.70118	4.06885	-0.5873	0.95267	0.16718	3.72688	7.68489	0	0	-2.96148	0.18561	0	0	0	0	0	0	1.01791	1.22428	0.30485	0.91943	0	-0.24956	0	0	1.3223	1.25717	10.5771	210	0
LYS_180	-6.32121	1.56471	7.38581	-0.35445	0.08451	0.15181	2.75103	7.84597	0.0013	0.02045	-1.76429	0.19377	0	0	0	0	0	0	-0.2351	2.67577	0.57661	2.09916	0	-0.01207	0	0	-0.8895	0.38111	16.1554	164.207	87.793
ASP_181	-4.43941	1.17531	5.3216	-0.12013	0.02557	0.38235	1.94698	6.02868	0.01203	0.08298	-2.62621	-0.4717	0	0	0	-1.08496	0	0	0.34302	3.14843	0.19071	0	2.95772	0.34412	0	0	-1.6204	1.03286	12.6296	142.13	42.87
ILE_182	-10.2572	1.83869	3.62197	-0.47243	1.44291	0.07933	3.09215	8.16219	0.00111	0.02444	-2.02281	0.09619	0	0	0	0	0	0	0.06977	1.96582	1.39267	0.57315	0	-0.29939	0	0	1.8006	2.96012	14.0693	207	0
TYR_183	-10.8582	1.66157	5.14518	-0.95243	0.55667	0.55883	3.41683	8.67474	0.02953	0.31784	-1.58555	-0.26182	0	0	0	0	0	0	1.06295	3.38412	0.35223	0	3.03189	-0.54315	0	0	1.7379	1.83501	17.5642	247.392	0.60815
ARG_184	-6.25444	1.78595	6.49369	-0.44458	0.15984	0.25058	4.3761	7.58755	0.0611	0.41258	-3.73111	0.14917	0	0	0	0	-0.75058	0	0.0302	3.85923	0.7094	3.14983	0	-0.02878	0	0	-0.1423	-0.30057	17.3729	121.444	143.556
GLN_185	-7.57189	0.95298	4.98698	-0.30939	0.0542	0.16521	3.67891	7.53472	0.04666	0.6336	-2.71781	-0.20454	0	0	0	-0.01365	0	0	0.08083	4.25977	0.28095	0	3.97883	-0.24376	0	0	-0.1077	0.1879	15.6728	215.717	1.2832
THR_186	-4.726	1.19046	3.4764	-0.16066	0.14842	0.05626	3.18807	5.50362	0.02162	0.26927	-2.45137	-0.53906	0	0	0	0	0	0	0.08423	0.47266	0.01223	0.46042	0	-0.36998	0	5.03268	-0.9333	0.42367	11.1597	132.437	41.5629
PHE_187	-9.74771	2.4633	3.61719	-0.82804	0.38056	0.19517	3.21474	7.42487	0	0	-2.47146	-0.71247	0	0	0	0	0	0	1.77125	4.62942	0.96472	0	3.6647	-0.05767	0	0	1.9602	-0.23978	16.229	232.209	4.79093
ALA_188	-3.97432	0.5257	2.94651	-0.02375	0	0	2.86145	5.19781	0	0	-2.68316	-0.37713	0	0	0	0	0	0	0.01734	0	0	0	0	0.60462	0	0	2.2619	0.04874	7.40571	101.107	51.8933
GLY_189	-3.39407	0.5745	3.09945	-0.00121	0	0	2.79583	4.66222	0	0	-2.4108	-0.3521	0	0	0	0	0	0	-0.0314	0	0	0	0	0.98922	0	0	1.435	2.12907	9.49571	156.906	7.09375
LEU_190	-5.17051	1.36825	2.63817	-0.50801	1.13526	0.10703	2.80892	5.11914	0	0	-1.92704	0.1595	0	0	0	0	0	0	-0.03871	4.68214	3.62604	1.0561	0	-0.28208	0	0	1.3223	2.22309	18.3196	131.232	78.7675
VAL_191	-5.54166	1.04504	3.89423	-0.27343	0.31101	0.05957	3.09516	6.16421	0.00058	0.00218	-2.29884	-0.34626	0	0	0	0	0	0	-0.1265	0.29426	0.01168	0.28258	0	-1.08129	0	0	2.7371	0.20901	8.43864	153.208	28.7917
HIS_192	-6.40264	1.63976	5.13558	-0.60486	0.02264	0.50113	3.1077	7.48756	0.02876	0.30244	-2.73857	-0.76074	0	0	0	0	0	0	-0.11604	4.24926	0.00013	0	4.24913	0.1461	0	0	0.8406	-0.39642	16.6915	167.211	73.7892
THR_193	-3.79524	0.37505	3.26262	-0.1805	0.1596	0.0673	1.81974	4.76923	0.0089	0.02567	-1.34706	-0.6103	0	0	0	0	0	0	-0.11486	0.28776	0.00083	0.28693	0	0.18151	0	5.0379	-0.9333	0.15313	9.4549	119.528	54.472
LEU_194	-4.25286	1.0137	4.02872	-0.64388	0.61896	0.20449	2.54989	5.29678	0.0145	0.04833	-2.22313	0.18341	0	0	0	0	0	0	0.60497	1.20812	0.17745	1.03067	0	-0.41149	0	0	1.3223	0.54883	11.3198	121.336	88.6636
ASP_195	-2.71527	0.31512	3.38522	-0.19545	0.12365	0.61586	1.72528	4.17645	0.00832	0.02349	-1.35168	-1.50188	0	0	0	-0.35903	0	0	0.10426	3.14779	0.17703	0	2.97076	-0.39618	0	0	-1.6204	-0.02763	8.60569	77.7494	107.251
LEU_196	-3.27426	0.24508	3.09356	-0.72572	13.8689	0.37392	1.55417	3.97361	0	0	-1.22522	-0.33205	0	0	0	0	0	0	-0.06797	12.6688	3.24363	9.42518	0	-0.30209	0	0	1.3223	-0.62307	43.2188	93.405	116.595
GLY_197	-1.54598	0.3547	2.57043	-0.0002	0	0	1.6414	2.96981	0	0	-2.12781	-0.22503	0	0	0	-0.35903	0	0	77.4949	0	0	0	0	0.45731	0	0	1.435	1.53116	84.1966	84.411	79.589
ARG_198	-4.41179	1.38028	3.34234	-0.62699	0.18709	0.39094	2.38515	4.5571	0	0	-1.9788	0.23702	0	0	0	0	0	0	-0.1307	1.7634	0	1.7634	0	0.81137	0	0	-0.1423	5.16942	14.6969	106.429	158.571
SER_199	-4.09285	1.02281	4.31281	-0.04472	0.01207	0.06814	3.57221	5.42577	0.01533	0.08042	-1.96144	-0.6111	0	0	0	0	0	0	0.01886	0.12919	0.01621	0.11298	0	-0.81207	0	4.04	-0.539	2.9663	13.7319	131.442	30.5577
LEU_200	-5.56299	0.57699	3.60135	-0.60696	0.88221	0.15803	2.84522	5.81424	0.00506	0.01735	-2.46277	0.29173	0	0	0	0	0	0	0.81772	1.0418	0.01481	1.02699	0	-0.25008	0	0	1.3223	0.15084	9.68382	139.993	70.0073
LYS_201	-5.48184	1.3761	5.09325	-0.36626	0.08914	0.17311	3.37285	6.21937	0.00465	0.01824	-2.89978	0.04605	0	0	0	0	0	0	0.01672	3.08799	0.48648	2.6015	0	0.43834	0	0	-0.8895	0.28696	13.6734	159.65	92.3504
SER_202	-4.46411	0.77459	4.19796	-0.03617	0.01012	0.02583	3.36664	5.48376	0.03964	0.34557	-2.42791	-0.64994	0	0	0	0	0	0	1.55204	0.80473	0.04679	0.75794	0	0.78098	0	4.04	-0.539	0.19226	14.3017	141.218	20.7817
ASP_203	-5.90071	0.86667	6.93786	-0.21949	0.09002	0.70128	4.60268	8.29545	0.0297	0.35219	-4.83898	-1.14074	0	0	0	0	-1.31127	0	-0.06312	2.83191	0.07388	0	2.75803	-0.74097	0	0	-1.6204	0.28548	11.9895	181.19	3.81044
LEU_204	-5.10085	0.66083	3.65164	-0.50402	0.96658	0.11443	3.17909	5.63913	0.02032	0.07411	-2.29764	0.12132	0	0	0	0	0	0	0.75267	1.3977	0.25119	1.1465	0	-0.43478	0	0	1.3223	-0.25005	10.7105	136.871	73.1294
ARG_205	-9.33924	1.73813	8.25329	-0.4479	0.12624	0.25297	4.89436	10.474	0	0	-5.23988	-0.01419	0	0	0	-0.1497	-1.31127	0	0.37468	3.80224	0.54953	3.25271	0	-0.33039	0	0	-0.1423	-0.52783	16.2154	238.154	26.8456
PHE_206	-5.51428	0.58862	3.85052	-0.75388	0.10815	0.07731	2.99037	5.92459	0	0	-2.22563	-0.56549	0	0	0	0	0	0	-0.08331	2.87826	0.20386	0	2.6744	-0.5191	0	0	1.9602	0.58952	12.1841	139.223	97.7766
ALA_207	-4.5784	1.36587	2.73955	-0.02417	0.00015	0	2.94649	5.44743	0	0	-2.24246	-0.39868	0	0	0	0	0	0	0.06543	0	0	0	0	0.42573	0	0	2.2619	1.1734	9.18224	150.436	2.56407
ARG_208	-4.64333	0.65698	4.47431	-0.91921	0.40375	0.5937	2.64422	5.15784	0	0	-2.66986	0.48004	0	0	0	0	0	0	-0.04574	3.70326	0	3.70326	0	-0.06645	0	0	-0.1423	0.02829	13.3588	126.606	138.394
ALA_209	-4.73818	1.52133	2.99461	-0.02259	0	0	2.83887	5.15128	0.00469	0.01872	-2.20809	-0.35908	0	0	0	0	0	0	0.08699	0	0	0	0	0.04798	0	0	2.2619	-0.14019	7.45823	149.572	3.42839
SER_210	-4.15762	0.75854	4.69878	-0.03799	0.02216	0.05653	3.08389	5.86158	0.01864	0.17256	-3.05733	-0.3282	0	0	0	0	0	0	0.09294	0.19068	0.00617	0.18451	0	-0.82869	0	4.04	-0.539	0.24943	10.4876	126.128	35.8719
GLU_211	-6.85144	1.24725	6.91495	-0.68855	0.57266	1.87404	2.7526	7.60256	0.13938	0.72846	-1.92915	-2.17048	0	0	0	-0.74294	0	0	0.32937	5.52714	0.00749	0	5.51965	0.12235	0	0	-1.6358	-0.13353	19.186	167.548	55.4519
ASP_212	-7.66444	1.20102	10.0954	-0.16057	0.00264	0.48012	4.09086	10.9518	0.09619	0.82599	-5.95408	-0.82894	0	0	0	-1.08496	-0.75058	0	-0.01352	4.8231	0.05338	0	4.76972	1.65837	0	0	-1.6204	0.12142	21.0925	179.622	5.37755
GLY_213	-1.41327	0.25125	2.1128	-0.00019	0	0	0.58636	2.59664	0.04245	0.24002	0.37609	-0.2702	0	0	0	0	0	0	0.24418	0	0	0	0	-2.22372	0	0	1.435	0.53429	4.51171	113.448	50.5523
GLY_214	-0.90552	0.0926	1.42767	-6e-05	0	0	0.48697	1.76468	0.01203	0.08298	0.02674	-0.38916	0	0	0	0	0	0	-0.18668	0	0	0	0	0.52424	0	0	1.435	0.23206	4.60353	90.7239	73.2761
PHE_215	-8.43549	2.22319	3.61509	-0.59269	0.07299	-0.02718	2.76918	6.51789	0	0	-1.0377	-0.14504	0	0	0	0	0	0	-0.05049	4.82419	1.0493	0	3.77489	0.38581	0	0	1.9602	0.06227	16.9664	212.481	24.5189
ARG_216	-5.93333	4.03109	5.64852	-0.86945	1.19757	0.71176	2.92205	6.86209	0.07122	0.57967	-2.32094	0.4133	0	0	0	0	-0.71027	0	0.14206	4.85438	1.85752	2.99686	0	0.25181	0	0	-0.1423	0.75279	23.3164	141.981	123.019
GLU_217	-2.9852	0.47646	3.18819	-0.21967	0.06254	0.29317	0.91677	3.52757	0	0	-0.83731	-0.42919	0	0	0	0	0	0	-0.00866	4.8889	0.05445	0	4.83445	-0.06423	0	0	-1.6358	0.48301	12.5454	71.7936	151.206
LEU_218	-8.29522	5.14748	4.33133	-0.45981	0.79045	0.0783	2.68814	7.08774	0.07965	0.20255	-1.16334	0.11088	0	0	0	-0.74294	0	0	0.21981	4.1557	3.06841	1.08729	0	0.01547	0	0	1.3223	-0.18291	19.5413	206.38	3.62
ASP_219	-4.22101	0.15502	6.3589	-0.24177	0.07024	0.79659	3.40598	7.25813	0.05994	0.47208	-3.50293	-1.02694	0	0	0	-0.90087	0	0	0.71354	7.53014	3.33658	0	4.19356	-0.8645	0	0	-1.6204	0.39855	22.3708	136.416	48.5838
ASN_220	-8.27342	1.41638	7.78353	-0.30016	0.03307	0.48457	3.98194	10.3422	0.07077	0.7782	-3.3632	-0.24181	0	0	0	-0.51077	0	0	1.65569	4.82297	0.73402	0	4.08895	0.79037	0	0	-0.3009	0.53203	24.5244	183.392	0.60815
ARG_221	-6.25028	0.87578	6.16735	-0.57994	0.50254	0.32026	3.60515	7.23632	0	0	-3.02742	-0.08357	0	0	0	0	0	0	-0.01289	10.2646	7.096	3.16858	0	-0.30478	0	0	-0.1423	-0.156	28.6794	148.684	116.316
ALA_222	-4.41209	0.88884	2.17976	-0.02604	0.00362	0	2.72786	4.945	0	0	-2.17592	-0.44689	0	0	0	0	0	0	1.14825	0	0	0	0	0.37377	0	0	2.2619	0.89137	8.35943	148.261	4.73932
PHE_223	-6.30916	1.03677	3.56946	-0.80442	0.10295	0.08441	3.27003	6.2373	0	0	-2.72912	-0.41337	0	0	0	0	0	0	0.2006	4.56378	0.44922	0	4.11456	-0.34257	0	0	1.9602	0.9114	15.9021	166.388	70.6123
GLY_224	-4.48872	0.5722	3.22275	-0.0011	0	0	2.95838	5.36729	0	0	-2.40294	-0.3561	0	0	0	0	0	0	0.65447	0	0	0	0	1.36123	0	0	1.435	1.81941	10.1419	164	0
ALA_225	-4.83004	1.37058	2.37841	-0.02455	0.00074	0	3.05658	5.33626	0	0	-2.56745	-0.44016	0	0	0	0	0	0	-0.03691	0	0	0	0	0.39603	0	0	2.2619	2.80761	9.709	147.776	5.22394
LEU_226	-6.65153	1.17472	3.91799	-0.56816	0.62375	0.13963	3.03133	6.65373	0.01323	0.04409	-2.07436	0.25406	0	0	0	0	0	0	-0.07933	1.49135	0.46069	1.03066	0	-0.25502	0	0	1.3223	0.97607	11.5052	176.595	33.4052
PHE_227	-5.8153	1.34236	3.19651	-0.62156	0.07871	0.35503	3.43933	6.07444	0.03659	0.12131	-2.88642	0.09662	0	0	0	0	0	0	0.11051	3.08274	0.1257	0	2.95704	-0.27443	0	0	1.9602	0.24949	13.6289	153.785	83.2153
SER_228	-4.26098	0.89909	4.07141	-0.03643	0.01066	0.02537	2.99194	5.58751	0.03868	0.12368	-2.56247	-0.64618	0	0	0	0	0	0	-0.16545	1.07702	0.15468	0.92234	0	0.68627	0	4.04	-0.539	0.39416	12.8123	131.403	30.5973
LEU_229	-5.78014	1.84583	3.56658	-0.56703	0.42908	0.13569	3.25858	5.87185	0.04306	0.14337	-2.73584	0.26604	0	0	0	0	0	0	0.64315	1.50417	0.65316	0.85101	0	-0.56943	0	0	1.3223	0.36022	11.2416	138.297	71.7035
ARG_230	-8.63569	6.95506	9.022	-0.70448	0.39233	0.29344	4.9746	11.4739	0.04078	0.16001	-3.26682	0.68283	0	0	0	0	0	0	-0.05779	3.82383	0.60357	3.22026	0	0.27212	0	0	-0.1423	-0.26261	28.845	186.615	78.3847
LEU_231	-5.18841	1.23759	3.4218	-0.4901	0.64286	0.13409	2.42423	5.07822	0.00646	0.02206	-1.99973	-0.04969	0	0	0	0	0	0	-0.03587	1.57646	0.21028	1.36618	0	0.34616	0	0	1.3223	1.61885	11.6437	128.16	81.8405
GLY_232	-2.03192	0.32619	2.96425	-0.00022	0	0	1.34182	3.5655	0	0	0.30438	-0.30491	0	0	0	0	0	0	-0.55807	0	0	0	0	-2.24599	0	0	1.435	2.10405	6.90009	103.785	60.2146
ALA_233	-4.58725	0.8635	2.84802	-0.02555	0.00296	0	1.97774	5.53404	0	0	-1.61719	-0.41968	0	0	0	0	0	0	-0.0264	0	0	0	0	0.06377	0	0	2.2619	-0.1396	6.73626	134.15	18.85
HIS_234	-6.88773	4.684	6.30522	-0.45554	0.02513	0.50252	4.05474	8.55788	0	0	-3.79454	-0.16709	0	0	0	0	-0.67896	0	0.40733	3.346	0.53554	0	2.81045	-0.10454	0	0	0.8406	-0.74311	19.2379	151.974	89.0262
ALA_235	-4.96981	5.56094	3.87143	-0.02375	5e-05	0	3.79875	6.35149	0	0	-2.3568	-0.43725	0	0	0	0	0	0	-0.00209	0	0	0	0	0.1146	0	0	2.2619	0.10106	14.2705	138.133	14.8674
VAL_236	-4.09896	0.92458	3.15818	-0.26612	0.31387	0.05477	3.00807	4.95217	0	0	-2.83311	-0.26103	0	0	0	0	0	0	-0.11224	0.47916	0.03175	0.44741	0	-1.17737	0	0	2.7371	0.05705	7.41528	119.479	62.5212
ALA_237	-4.51904	1.97171	2.62877	-0.02257	0	0	3.29263	5.1843	0	0	-2.24612	-0.36457	0	0	0	0	0	0	-0.00085	0	0	0	0	0.3301	0	0	2.2619	-0.10159	8.41467	145.827	7.17281
ALA_238	-3.57397	0.86146	2.69689	-0.02458	0.00022	0	2.86891	4.60955	0	0	-2.61515	-0.42236	0	0	0	0	0	0	0.23924	0	0	0	0	0.83496	0	0	2.2619	0.72173	8.45879	104.865	48.1345
GLY_239	-3.8492	1.25107	3.18467	-0.00086	0	0	2.94489	4.83753	0	0	-2.54035	-0.325	0	0	0	0	0	0	0.36854	0	0	0	0	1.33388	0	0	1.435	2.4031	11.0433	156.296	7.70388
TYR_240	-6.65842	0.8939	4.60024	-0.80349	0.08598	0.10796	3.4259	7.00754	0.0105	0.18549	-2.07089	-0.49515	0	0	0	0	0	0	0.08503	3.24778	0.0504	0	3.19739	-0.2932	0	0	1.7379	1.82142	16.1363	157.725	90.2755
GLN_241	-9.6712	1.95764	8.05469	-0.3117	0.03972	0.15613	5.0712	10.888	0.05213	0.38918	-5.30534	-0.14728	0	0	0	-1.34317	0	0	-0.01728	5.06767	0.56676	0	4.5009	-0.12723	0	0	-0.1077	0.1792	19.8924	216.488	0.512343
ARG_242	-4.93189	0.3709	4.21547	-0.53659	0.14962	0.3145	2.7333	5.41282	0.0105	0.18549	-2.66033	0.37478	0	0	0	0	0	0	0.60011	2.72481	0	2.72481	0	-0.0466	0	0	-0.1423	0.76234	12.2617	123.425	141.575
ILE_243	-8.98388	2.2	4.52103	-0.60911	0.79641	0.12028	3.75036	8.28874	0	0	-2.07524	0.51496	0	0	0	0	0	0	-0.0707	2.52951	1.23304	1.29648	0	-0.85366	0	0	1.8006	0.25472	14.7135	205.176	1.82445
SER_244	-3.67192	0.43977	4.65911	-0.03519	0.00593	0.05359	2.9801	5.67288	0.00124	0.01333	-2.47129	-0.38663	0	0	0	0	0	0	1.41111	0.12267	0.02143	0.10124	0	-0.889	0	4.04	-0.539	-0.47791	11.0515	122.611	39.3891
GLY_245	-2.27451	0.26327	2.50634	-0.00049	0	0	0.98452	3.40229	0	0	-0.12589	-0.20268	0	0	0	0	0	0	-0.01562	0	0	0	0	-2.51075	0	0	1.435	-0.01724	3.44424	141.351	22.6486
ASP_246	-2.3721	0.10666	3.14842	-0.11812	0.02017	0.3633	0.95547	3.62259	0	0	-0.8041	-0.27389	0	0	0	0	0	0	0.93148	3.25908	0.2608	0	2.99828	-0.26399	0	0	-1.6204	-0.18272	10.0309	76.9492	108.051
ASP_247	-6.45545	2.32834	8.1089	-0.10309	8e-05	0.3068	3.97304	9.44328	0.01256	0.05955	-5.04138	-0.11007	0.20327	0	0	-1.41164	-0.71027	0	-0.01361	4.22039	0.01219	0	4.2082	1.55915	0	0	-1.6204	3.2577	22.2275	179.365	5.63489
PRO_248	-6.28632	2.50964	2.8353	-0.19887	0.02037	0.13962	1.07209	3.4489	0	0	-0.70565	0.2222	0.21373	0	0	0	0	0	0.73671	0.58679	0.21887	0.36792	0	-1.31073	0	0	-4.6787	4.12243	3.31431	187.726	11.2739
TYR_249	-8.51727	2.17115	2.34348	-0.76464	0.07133	0.16209	2.02567	5.61647	0.06747	0.38855	-0.78093	-0.38688	0.38327	0	0	0	0	0	-0.14234	2.86935	0.06411	0	2.80525	0.18004	0	0	1.7379	3.16491	13.459	242.08	5.92035
PRO_250	-6.01257	1.64189	1.8047	-0.19908	0.0197	0.14728	0.91972	2.76599	0.00502	0.03659	-0.20266	-0.01937	0.38618	0	0	-0.01365	0	0	0.1829	0.34592	0.10098	0.24494	0	0.44296	0	0	-4.6787	3.65759	1.57634	199	0
TYR_251	-9.55311	3.11136	4.77735	-0.78261	0.12654	0.44976	3.50773	7.64469	0.07193	0.66312	-2.84135	-0.42643	0	0	0	0	-0.60917	0	0.20814	3.18293	0.39699	0	2.78594	-0.58458	0	0	1.7379	1.56757	15.4347	228.509	19.491
ILE_252	-7.27514	0.77972	2.06599	-0.49138	0.89262	0.10324	2.57281	5.42133	0.01547	0.06905	-1.77159	0.351	0	0	0	0	0	0	-0.16	2.5107	1.9763	0.53441	0	-0.50045	0	0	1.8006	0.52708	9.42176	207	0
ALA_253	-4.06428	0.40851	3.20779	-0.02499	9e-05	0	2.29048	5.56001	0.06288	0.49231	0.07076	-0.23135	0	0	0	0	0	0	-0.15825	0	0	0	0	0.06737	0	0	2.2619	-0.64604	9.29719	131.896	21.1042
GLY_254	-1.82487	0.23299	2.18297	-7e-05	0	0	0.64735	2.82593	0.00923	0.04436	-0.16758	-0.39498	0	0	0	0	0	0	-0.13782	0	0	0	0	-2.4811	0	0	1.435	-1.31287	1.05854	131.333	32.667
SER_255	-5.04342	1.10219	5.33526	-0.03332	0.0261	0.05066	3.28379	6.3392	0.07743	0.57816	-2.09649	-0.27301	0	0	0	0	0	0	0.48379	0.75916	0.24893	0.51023	0	-0.3978	0	4.04	-0.539	0.04539	14.4972	154.702	7.2978
ASP_256	-4.72254	0.65057	5.59227	-0.11226	0.02055	0.32815	2.30384	6.34672	0.08821	0.49343	-3.4826	0.05714	0.04825	0	0	0	-1.00858	0	0.03405	3.58789	0.09412	0	3.49377	0.65643	0	0	-1.6204	3.90818	16.7572	156.761	28.2387
PRO_257	-6.55894	3.59514	2.19403	-0.2127	0.06131	0.16063	1.1313	2.41686	0	0	-0.69533	-0.1377	0.10968	0	0	0	0	0	0.67328	0.40365	0.10022	0.30343	0	-0.37067	0	0	-4.6787	3.48176	1.97724	191.157	7.84346
TYR_258	-6.04286	1.16117	2.89801	-0.7817	0.25969	0.37047	1.19797	4.6172	0.09252	0.7225	-0.55564	-0.37018	0	0	0	-0.1497	0	0	0.08023	4.3227	0.3518	0	3.9709	0.2603	0	0	1.7379	1.64393	15.7872	169.247	78.7535
LEU_259	-8.08433	2.45833	2.99368	-0.46425	0.72947	0.08797	2.20926	6.04019	0.02039	0.12259	-1.05713	0.08346	0	0	0	0	0	0	0.16638	1.94437	0.7568	1.18757	0	-0.47413	0	0	1.3223	1.08703	11.13	195.654	14.3459
VAL_260	-7.01391	1.28517	2.56162	-0.2741	0.17238	0.04778	1.28926	5.95064	0	0	-0.11051	0.29822	0	0	0	-0.02347	0	0	-0.18407	1.1234	0.12813	0.99527	0	0.37064	0	0	2.7371	-0.15562	9.19792	171.82	10.1802
ASN_261	-8.77951	1.08477	6.52738	-0.17885	0.08583	0.30759	2.89605	9.36081	0	0	-1.51763	-0.35213	0	0	0	-0.73266	-0.60935	0	1.10023	3.71306	0.04912	0	3.66394	-1.07993	0	0	-0.3009	-0.55709	14.6807	184	0
PHE_262	-7.19936	2.2359	4.28599	-0.84835	0.08809	0.22763	2.20322	6.16877	0.04332	0.30425	-1.2219	-0.25988	0	0	0	0	0	0	0.24016	6.60615	3.11514	0	3.49102	-0.02116	0	0	1.9602	-0.66631	20.7529	174.045	62.955
ILE_263	-8.66664	2.90116	4.60143	-0.43463	0.88719	0.05324	2.17052	7.69324	0	0	-0.04743	0.12289	0	0	0	0	0	0	2.46039	0.72875	0.59237	0.13638	0	2.04045	0	0	1.8006	3.40537	20.4453	196.464	10.5363
GLN_264	-8.45255	1.08593	8.16815	-0.38136	0.1295	0.22814	3.00912	9.56372	0.00919	0.07008	-0.9182	-0.44637	0	0	0	-0.92833	-0.91218	0	-0.04623	4.56554	0.23759	0	4.32795	0.22635	0	0	-0.1077	4.06414	23.4925	204.804	12.1963
ILE_265	-5.95777	5.28402	3.19777	-0.48484	1.28143	0.08419	1.16852	5.07185	0.0517	0.36228	-0.87133	0.10726	0	0	0	-1.07575	0	0	0.49045	1.09264	0.35495	0.73769	0	-0.86303	0	0	1.8006	1.53451	13.3671	171.488	35.512
GLY_266	-3.07199	0.18022	3.68198	-0.00032	0	0	2.43162	4.77985	0	0	-1.61648	-0.23857	0	0	0	-1.01773	0	0	-0.11161	0	0	0	0	0.59587	0	0	1.435	1.51649	8.56432	148.372	15.6276
ASP_267	-6.13792	2.10078	7.26093	-0.20138	0.07922	0.6874	4.35951	8.63295	0	0	-5.76142	-2.23995	0	0	0	-0.79074	-2.07342	0	-0.08118	4.42861	0.02054	0	4.40807	-0.08317	0	0	-1.6204	0.42296	13.4114	179.243	5.75724
PHE_268	-10.4203	1.57391	5.51984	-0.62768	0.19953	0.33574	2.10831	8.75155	0.04418	0.40558	-0.97755	-0.53948	0	0	0	-0.2459	0	0	0.22929	3.52244	0.45541	0	3.06704	0.34025	0	0	1.9602	0.50367	16.206	236.106	0.893609
GLY_269	-4.54203	1.63338	4.65072	-8e-05	0	0	2.01094	6.26437	0.10398	0.40326	-2.43014	-0.36008	0	0	0	-0.42613	0	0	0.05195	0	0	0	0	0.94261	0	0	1.435	1.53377	11.2715	164	0
ASN_270	-6.8549	0.55801	7.08682	-0.19084	0.0124	0.24956	3.52115	8.82497	0	0	-3.3973	-0.1972	0	0	0	-0.18264	-0.79727	0	-0.03966	4.24523	0.10474	0	4.14049	0.57017	0	0	-0.3009	1.25031	18.6031	165.422	18.5776
VAL_271	-6.02486	1.49242	3.03868	-0.28175	0.36631	0.05939	1.82214	5.77546	0.01616	0.19049	-1.26498	0.3884	0	0	0	0	0	0	0.25386	0.26662	0.04269	0.22393	0	0.25069	0	0	2.7371	1.37754	10.7303	149.463	32.5373
ASP_272	-5.99838	1.279	6.78299	-0.12162	0.07369	0.39566	3.46239	8.37772	0	0	-1.97398	-0.61099	0	0	0	-0.67001	-0.85209	0	1.5793	2.92715	0.13457	0	2.79258	0.02213	0	0	-1.6204	1.98575	17.9654	138.28	46.7199
GLU_273	-9.93986	2.00955	12.1055	-0.27433	0.09242	0.29819	6.02516	13.3276	0.00603	0.08068	-3.73668	-0.2153	0	0	0	-0.18264	-0.79727	0	1.13852	5.89521	2.02637	0	3.86884	0.08097	0	0	-1.6358	0.77236	30.9454	222.392	0.60815
ARG_274	-6.09166	1.22415	7.27404	-0.85568	0.61298	0.63774	5.20534	8.09352	0	0	-5.10755	0.54454	0	0	0	0	-1.09739	0	0.20423	5.83517	2.86604	2.96913	0	0.25936	0	0	-0.1423	-0.38539	22.0463	150.221	114.779
SER_275	-6.0395	1.50767	5.73591	-0.04259	0.00458	0.06463	3.94874	7.14929	0.07001	0.58521	-2.88776	-0.52434	0	0	0	0	0	0	0.14262	0.31482	0.03672	0.27809	0	-0.65211	0	4.04	-0.539	-0.40672	12.7863	161.488	0.512343
TRP_276	-6.81882	1.73687	4.03081	-1.49654	0.46639	0.86857	2.99014	6.63686	0.01024	0.06221	-2.624	-0.09638	0	0	0	0	0	0	0.63065	3.19144	0.00066	0	3.19078	-0.32302	0	0	3.7077	-0.299	15.8656	140.992	129.008
GLN_277	-8.60261	2.43024	5.9252	-0.39602	0.26166	0.23297	4.17942	8.52466	0.03438	0.43793	-3.79005	0.12859	0	0	0	-0.02347	-0.60935	0	3.07453	6.96922	0.34435	0	6.62487	0.11418	0	0	-0.1077	-0.1316	25.6214	210.993	6.00704
LEU_278	-4.85748	1.01595	3.24261	-0.45136	1.43759	0.07678	3.0506	5.11124	0	0	-2.52121	0.0778	0	0	0	0	0	0	0.20589	2.33305	1.25701	1.07604	0	-0.08348	0	0	1.3223	-0.17156	12.1218	115.669	94.3314
ARG_279	-8.0875	2.41058	7.70874	-0.5434	0.4171	0.29709	4.71553	8.47536	0.00117	0.03208	-4.7749	0.55867	0	0	0	0	-1.57281	0	0.04409	4.55732	1.55079	3.00653	0	-0.29465	0	0	-0.1423	-0.31358	18.0459	191.712	73.288
TYR_280	-7.46116	1.33399	5.64436	-0.80391	0.07138	0.11938	4.237	8.17159	0	0	-3.67834	-0.4495	0	0	0	0	-0.67896	0	0.7295	3.49893	0.06345	0	3.43548	-0.09555	0	0	1.7379	-0.51839	15.3571	178.71	69.2904
ASP_281	-6.30921	4.00291	7.52543	-0.10859	5e-05	0.32861	4.6313	9.14789	0	0	-5.37808	0.04	0	0	0	0	-1.57281	0	0.62228	5.12257	0.00352	0	5.11905	1.7292	0	0	-1.6204	0.14172	23.4254	153.97	31.0301
TYR_282	-8.40334	1.49982	3.56965	-0.7148	0.06451	0.07736	2.54585	7.09969	0.04487	0.29206	-1.92962	-0.47735	0	0	0	0	0	0	0.28393	3.49952	0.54185	0	2.95767	-0.23245	0	0	1.7379	0.64088	13.098	214.99	33.0098
ASP_283	-4.1275	0.80719	4.76093	-0.23253	0.07065	0.73909	3.11866	6.36276	0.09308	0.49337	-3.09345	-0.67125	0	0	0	-0.48179	0	0	0.2459	4.90499	0.11714	0	4.78785	-0.2403	0	0	-1.6204	0.11137	16.1458	117.311	67.6886
PHE_284	-9.6072	4.33062	3.84673	-0.61045	0.17682	0.32488	2.60117	7.33754	0.00613	0.01709	-2.80317	0.02468	0	0	0	0	0	0	-0.14664	3.25382	0.0077	0	3.24612	0.25168	0	0	1.9602	0.64298	14.8607	198.695	38.3047
GLY_285	-3.14391	1.32928	3.71723	-4e-05	0	0	2.13571	4.93873	0	0	-1.95785	-0.4002	0	0	0	-0.48179	0	0	0.04584	0	0	0	0	0.83908	0	0	1.435	2.03012	10.4872	132.266	31.7342
ALA_286	-1.56035	0.28223	1.73035	-0.02287	0	0	0.69596	2.61009	0.08405	0.38996	0.34696	-0.37035	0	0	0	0	0	0	-0.08042	0	0	0	0	-0.39933	0	0	2.2619	0.74242	6.71058	54.3382	98.6618
LEU_287	-3.3267	0.9652	2.13971	-0.72053	0.53903	0.31993	1.11009	3.0995	0.00903	0.10342	0.20552	0.0494	0	0	0	0	0	0	-0.11076	2.98298	0.82142	2.16157	0	-0.50462	0	0	1.3223	-0.77409	10.3924	81.6091	128.391
GLY_288	-2.46885	0.6697	2.28058	-7e-05	0	0	1.32536	3.11841	0	0	-0.49147	-0.33125	0	0	0	0	0	0	-0.27422	0	0	0	0	-2.528	0	0	1.435	0.8135	3.5487	109.007	54.9931
LEU_289	-5.33318	2.19858	3.96628	-0.49823	0.42608	0.1483	2.57926	5.3692	0	0	-1.20542	-0.03838	1.82757	0	0	0	0	0	0.91449	1.64566	0.77278	0.87288	0	0.28009	0	0	1.3223	3.58074	18.829	121.336	88.6636
PRO_290	-3.66098	2.74935	2.0168	-0.07597	0	0.04726	0.41207	2.53867	0	0	0.30041	0.61138	1.83835	0	0	0	0	0	-0.32334	1.5621	0.50621	1.0559	0	-0.41082	0	0	-4.6787	2.72797	7.21666	115.323	83.677
GLY_291	-4.18828	1.39208	3.31785	-5e-05	0	0	2.03625	5.13233	0	0	-0.96999	-0.39223	0	0	0	0	0	0	2.48768	0	0	0	0	0.61712	0	0	1.435	0.27633	11.1441	153.896	10.1041
LEU_292	-7.00319	3.70594	3.06716	-0.53758	0.78521	0.10375	2.66523	5.72338	0.03873	0.27496	-1.87104	0.35412	0	0	0	0	0	0	0.15592	2.12564	1.05789	1.06775	0	-0.59474	0	0	1.3223	-0.26561	12.1758	169.9	40.1004
SER_293	-3.76618	0.43368	4.01409	-0.04973	0.00825	0.07287	3.08565	5.45626	2e-05	8e-05	-2.29664	-0.51567	0	0	0	0	0	0	0.05098	0.93071	0.32639	0.60431	0	-0.36163	0	4.04	-0.539	-0.47485	11.0196	115.432	46.5684
PHE_294	-6.15396	0.93031	3.2724	-0.78375	0.12103	0.09839	2.45931	5.58857	0	0	-1.78252	-0.61495	0	0	0	0	0	0	0.93731	3.05778	0.13235	0	2.92543	-0.26486	0	0	1.9602	-0.01114	11.8719	165.135	71.8645
MET_295	-9.81571	2.11861	7.33909	-0.78995	0.73507	0.31117	3.24523	8.59888	0	0	-3.09614	-0.11237	0	0	0	0	0	0	1.52808	3.16339	0.30841	2.85498	0	-0.16773	0	0	1.4633	0.25271	17.937	250.214	11.7862
SER_296	-5.12176	1.19842	4.97763	-0.03104	0.00165	0.03288	3.33281	6.07148	0.04309	0.41043	-2.9804	-0.22018	0	0	0	0	0	0	0.04232	4.04352	2.7037	1.33983	0	-0.16029	0	4.04	-0.539	0.10151	19.2866	135.903	26.0968
ARG_297	-10.511	2.23461	8.30125	-0.59696	0.22841	0.38969	4.42231	9.29846	0.0763	0.81627	-2.03043	0.17713	0	0	0	0	-0.64467	0	0.44326	4.38298	1.32933	3.05366	0	-0.20173	0	0	-0.1423	-0.21186	20.8148	235.953	29.0473
TYR_298	-7.298	1.97933	3.97124	-0.74397	0.06649	0.12317	3.08592	6.58689	0	0	-2.52379	-0.52728	0	0	0	0	0	0	0.01874	2.80929	0.08179	0	2.7275	-0.39424	0	0	1.7379	0.22261	11.9236	173.07	74.93
VAL_299	-8.63866	3.33952	2.4344	-0.26003	0.27416	0.05227	3.0808	6.83423	0	0	-2.61057	-0.2781	0	0	0	0	0	0	-0.1695	0.55795	0.13933	0.41861	0	-1.23814	0	0	2.7371	0.05148	6.72486	182	0
SER_300	-4.96392	1.67482	4.21338	-0.03616	0.00722	0.04943	3.0247	5.79776	0.01024	0.06221	-2.62032	-0.0309	0	0	0	0	0	0	-0.13555	0.87484	0.07021	0.80463	0	0.74344	0	4.04	-0.539	-0.09803	12.949	138.158	23.842
GLY_301	-4.04956	0.98293	3.73908	-0.00071	0	0	2.82946	5.18945	0	0	-3.33549	-0.32107	0	0	0	0	0	0	0.61294	0	0	0	0	1.60832	0	0	1.435	2.34797	11.0383	163.278	0.721597
ASP_302	-5.24628	1.01857	7.46081	-0.22582	0.10339	0.78438	4.94243	8.57665	0	0	-4.36786	-1.03524	0	0	0	0	-1.09739	0	-0.11431	4.51543	1.08766	0	3.42777	-0.65941	0	0	-1.6204	2.65098	20.2014	127.073	57.9266
ASN_303	-5.87832	0.71298	6.29615	-0.39819	0.10699	0.83107	2.42494	7.82669	0.00859	0.02435	-1.80091	-0.72564	0	0	0	-1.2405	0	0	0.4735	3.45813	0.03393	0	3.4242	-0.9653	0	0	-0.3009	0.93722	15.249	118.571	65.4291
VAL_304	-9.01052	3.05883	4.8806	-0.27253	0.31437	0.05291	3.0663	9.14329	0.00869	0.11397	-2.5919	0.3168	0	0	0	0	0	0	-0.07283	0.19614	0.02431	0.17183	0	-0.43356	0	0	2.7371	-0.08633	11.6175	182	0
ALA_305	-4.25943	0.89323	2.46721	-0.02534	2e-05	0	1.73814	4.72737	0.00301	0.04262	-1.76298	-0.26546	0	0	0	0	0	0	2.14887	0	0	0	0	0.40677	0	0	2.2619	-0.55153	7.82441	131.224	21.7763
ARG_306	-7.46172	1.12307	9.00016	-0.59556	0.12674	0.40695	3.75015	10.3065	0.00799	0.08672	-4.77149	0.03077	0	0	0	-0.06567	-0.69878	0	0.26594	4.06454	1.09754	2.967	0	-0.12068	0	0	-0.1423	0.56825	19.9461	177.347	87.6526
GLY_307	-1.26026	0.25502	1.71113	-0.00022	0	0	0.65016	2.34884	0	0	0.59217	-0.27609	0	0	0	0	0	0	-0.27989	0	0	0	0	-2.22067	0	0	1.435	0.86069	3.81588	91.8175	72.1825
ALA_308	-0.84739	0.07752	1.12863	-0.02678	0.00946	0	0.28708	1.54571	0.02982	0.2931	0.26743	-0.43276	0	0	0	0	0	0	0.22847	0	0	0	0	0.12587	0	0	2.2619	-0.21066	4.73739	30.236	122.764
ALA_309	-3.54274	0.53705	3.79754	-0.01914	0	0	2.98335	5.69313	0	0	-1.42358	-0.1633	0	0	0	0	0	0	-0.02318	0	0	0	0	0.39029	0	0	2.2619	0.17701	10.6683	103.034	49.9664
ASN_310	-5.40781	0.82262	5.20336	-0.192	0.10532	0.34217	2.16497	7.18178	0.05155	0.46532	-1.32384	-0.53163	0	0	0	-0.57048	-0.85209	0	0.09481	6.27606	1.14065	0	5.13541	-1.1847	0	0	-0.3009	0.91316	19.5337	114.002	69.9979
ASP_311	-3.73768	0.27752	5.77343	-0.24675	0.06065	0.86239	2.4299	6.55337	0.01667	0.20069	-3.26845	-2.32947	0	0	0	-0.8398	-0.69878	0	0.44812	3.28935	0.01161	0	3.27774	-0.66834	0	0	-1.6204	-0.19969	9.59206	94.3371	90.6629
GLY_312	-5.22874	2.08005	4.47963	-0.00026	0	0	2.51178	6.49052	0	0	-2.2629	-0.2755	0	0	0	0	0	0	0.0272	0	0	0	0	1.61093	0	0	1.435	0.27401	11.1417	163.392	0.60815
LYS_313	-5.13578	0.93765	4.65387	-0.50731	0.2444	0.35319	2.54944	5.7932	0	0	-1.9885	-0.22358	0	0	0	-0.83341	0	0	-0.00616	3.18551	0.11925	3.06626	0	-0.04154	0	0	-0.8895	0.83315	12.1101	107.684	144.316
GLU_314	-6.87225	1.67624	7.04145	-0.37669	0.37529	0.53098	4.13082	8.18861	0.00266	0.05279	-2.18883	-0.76302	0	0	0	0	0	0	0.91406	5.48907	1.14293	0	4.34613	0.04637	0	0	-1.6358	0.4419	22.5427	212.692	10.3085
TRP_315	-8.43633	1.87076	4.3704	-1.39716	0.29288	0.74429	3.49167	6.98149	0	0	-2.61924	-0.22705	0	0	0	0	0	0	0.03406	2.47796	3e-05	0	2.47792	-0.40217	0	0	3.7077	0.46475	13.832	182.148	87.8517
GLU_316	-9.56171	3.06336	9.87561	-0.2823	0.12726	0.30237	6.12232	11.7447	0	0	-7.70385	-0.26963	0	0	0	-2.09348	-1.01377	0	0.57405	4.29094	0.2115	0	4.07944	-0.17139	0	0	-1.6358	0.52294	18.1825	222.392	0.60815
ARG_317	-8.24026	2.31108	9.17212	-1.82644	1.10117	1.74365	5.22073	10.9309	0.00956	0.08623	-3.98627	0.41668	0	0	0	0	-0.22793	0	0.21838	13.2117	9.59813	3.61358	0	0.0792	0	0	-0.1423	0.24014	43.5301	192.999	72.0006
ASN_318	-9.16178	3.41561	8.85378	-0.20684	0.21925	0.30165	6.20583	11.0629	0.1063	0.69376	-5.49914	-0.81966	0	0	0	-0.92833	-1.65843	0	0.54741	5.47594	0.04945	0	5.42649	1.1073	0	0	-0.3009	-0.01213	24.8784	184	0
THR_319	-5.45123	0.65454	5.65953	-0.17356	0.1807	0.06334	4.0278	7.29604	0.01458	0.33195	-2.80804	-0.55264	0	0	0	0	0	0	-0.00015	0.33698	0.0059	0.33108	0	0.14021	0	5.03738	-0.9333	0.75977	14.9209	151.266	22.7338
ASP_320	-6.00464	1.31898	7.43023	-0.11312	0.02088	0.33682	4.48938	8.46026	0.08853	0.42696	-4.2324	0.18586	0	0	0	0	-0.048	0	0.51798	4.34557	0.30867	0	4.0369	1.35824	0	0	-1.6204	0.83806	22.1448	168.832	16.1683
LEU_321	-4.68439	0.64415	3.47327	-0.5223	1.44985	0.08926	3.18627	5.1972	0	0	-2.92878	0.16031	0	0	0	0	0	0	-0.03485	41.4213	39.7323	1.68903	0	-0.15237	0	0	1.3223	0.23596	90.2786	138.508	71.4919
GLY_322	-3.68521	2.03227	3.65028	-0.0011	0	0	3.30074	5.26796	0	0	-2.25758	-0.33785	0	0	0	0	0	0	0.67852	0	0	0	0	0.90512	0	0	1.435	1.7057	12.6939	156.454	7.54557
TYR_323	-7.5206	1.87308	3.97608	-0.75	0.14003	0.06378	3.2901	7.58963	0.05027	0.35776	-2.47167	-0.4639	0	0	0	0	0	0	0.17322	3.49951	0.52098	0	2.97853	-0.36781	0	0	1.7379	2.05092	16.7278	168.422	79.5782
VAL_324	-5.81109	1.11036	3.57814	-0.27152	0.29178	0.05673	2.57684	6.52095	0	0	-1.93963	-0.24385	0	0	0	-0.51191	0	0	-0.11875	0.36328	0.02175	0.34153	0	-1.27881	0	0	2.7371	-0.20054	7.22237	108.199	73.8009
VAL_325	-6.99365	0.77607	4.16333	-0.27337	0.3123	0.05333	2.93292	7.23225	0.0368	0.27803	-2.46981	0.34808	0	0	0	0	0	0	1.07664	0.32517	0.15365	0.17152	0	-0.41189	0	0	2.7371	-0.89838	9.55009	147.374	34.6262
GLN_326	-5.11489	2.01228	4.2608	-0.67742	0.19655	0.78732	1.47902	5.25966	0.05027	0.35776	-0.54241	-0.60253	0	0	0	-0.51191	0	0	-0.05356	3.94805	0.1189	0	3.82915	-0.2857	0	0	-0.1077	-0.36012	14.0435	135.386	81.6139
SER_327	-2.57005	0.22745	2.22262	-0.03586	0.00868	0.05412	0.59732	2.98686	0.09643	0.43598	0.08296	-0.3455	0	0	0	0	0	0	-0.02679	0.19232	0.08056	0.11176	0	-0.91859	0	4.04	-0.539	0.09064	6.79193	73.5845	88.4155
GLY_328	-1.62469	0.45078	2.03248	-0.00031	0	0	0.78083	2.47921	0	0	-0.06306	-0.1915	0.6048	0	0	0	0	0	-0.12936	0	0	0	0	-2.48652	0	0	1.435	3.24267	6.53032	109.873	54.1272
PRO_329	-1.90404	2.19867	0.86424	-0.07513	0	0.04653	0.48644	1.39723	2e-05	0.00025	0.99635	0.665	0.6059	0	0	0	0	0	0.09598	0.96733	0.24987	0.71745	0	1.53374	0	0	-4.6787	3.32026	7.48738	74.5295	124.471
LEU_330	-4.62442	2.70726	2.62399	-0.55333	1.76435	0.15301	1.46575	4.23816	0.13322	0.71401	-1.52411	-0.04544	0	0	0	0	0	0	-0.07644	4.14261	0.68458	3.45803	0	-0.0409	0	0	1.3223	0.23092	16.7736	117.827	92.1727
LYS_331	-6.63936	3.53338	6.37844	-0.46437	0.16777	0.26982	2.47998	7.81853	0.02924	0.06061	-1.6931	0.70357	0	0	0	0	0	0	-0.18469	3.0146	0.71886	2.29574	0	-0.03538	0	0	-0.8895	0.32311	17.8872	140.005	111.995
ASN_332	-4.5269	2.4012	4.74709	-0.175	0.02267	0.28594	2.29945	6.04705	0.06895	0.31041	-2.07444	-0.74115	0	0	0	0	0	0	1.68714	1.90275	0.03705	0	1.86571	1.67136	0	0	-0.3009	2.56015	18.0885	107.214	76.786
LEU_333	-6.37884	1.26049	4.23952	-0.5868	0.54904	0.14262	3.16525	6.58844	0	0	-2.66376	0.35559	0	0	0	0	0	0	-0.10922	0.93763	0.4115	0.52614	0	-0.28567	0	0	1.3223	2.26873	11.7429	160.038	49.9617
GLY_334	-3.717	1.17104	3.63159	-0.00082	0	0	3.12934	5.294	0.00043	0.00202	-2.59233	-0.32489	0	0	0	0	0	0	0.41281	0	0	0	0	1.502	0	0	1.435	2.00473	11.9479	156.104	7.89637
VAL_335	-4.60762	1.48693	2.71088	-0.38063	1.05595	0.09125	3.05491	4.89905	0	0	-2.8974	-0.2276	0	0	0	0	0	0	-0.13569	1.12052	0.00038	1.12015	0	-1.20495	0	0	2.7371	1.73939	10.5626	120.782	61.2176
LYS_336	-6.03036	0.95022	5.39149	-0.72139	1.38446	0.47604	3.54889	6.59238	0.00074	0.00265	-2.53693	0.84902	0	0	0	0	0	0	0.55195	5.0163	1.26468	3.75162	0	0.09401	0	0	-0.8895	-0.08839	19.6079	173.866	78.1341
TRP_337	-7.25718	1.55055	5.40129	-0.98047	0.13148	0.40899	3.8617	7.60576	0.02729	0.208	-3.21813	-0.51083	0	0	0	0	-0.82779	0	-0.08694	4.89492	0.53948	0	4.35544	0.16842	0	0	3.7077	0.51613	20.4958	168.648	101.352
ARG_338	-9.37069	1.18345	9.30656	-0.70679	0.41134	0.45605	4.27237	10.2378	0.00544	0.0313	-3.77281	0.13344	0	0	0	0	-0.048	0	-0.14123	4.92436	1.31232	3.61204	0	0.25616	0	0	-0.1423	0.39983	22.3607	230.935	34.0649
ASN_339	-6.79734	1.15803	7.57719	-0.30124	0.00763	0.4982	5.13826	9.59423	0.17254	1.28019	-4.15137	-0.13529	0	0	0	0	-0.45548	0	-0.10591	5.85356	1.4125	0	4.44106	1.17683	0	0	-0.3009	0.23459	26.2973	160.867	23.1332
ALA_340	-5.99152	1.47038	4.15402	-0.02278	0	0	3.64019	7.40307	0.00228	0.0087	-2.79966	-0.37353	0	0	0	0	0	0	0.03319	0	0	0	0	-0.13456	0	0	2.2619	0.18263	9.83432	153	0
THR_341	-6.54097	1.25532	6.05304	-0.17409	0.15973	0.06441	3.87954	8.12669	0.01777	0.11558	-2.8688	-0.5566	0	0	0	0	0	0	0.0806	0.38519	0.0955	0.28969	0	-0.14696	0	5.03205	-0.9333	0.26835	14.6027	161.416	12.5837
VAL_342	-6.79694	2.45763	4.41886	-0.27115	0.36694	0.05902	3.57587	7.05936	0	0	-3.29884	-0.20104	0	0	0	0	0	0	0.76395	0.82077	0.35232	0.46844	0	-1.29443	0	0	2.7371	-0.24499	10.9729	167.654	14.3456
ARG_343	-9.23395	2.13123	9.74597	-0.9153	1.23845	0.67167	4.87421	11.2332	0	0	-5.86499	0.13759	0	0	0	0	-0.90166	0	0.23288	6.11701	3.69365	2.42336	0	-0.09594	0	0	-0.1423	-0.64799	24.6971	204.174	60.8263
SER_344	-4.41652	0.87769	4.6953	-0.04781	0.01794	0.07161	3.02209	5.82147	0	0	-1.05114	-0.62856	0	0	0	-0.67567	0	0	-0.00493	0.1422	0.00925	0.13296	0	-0.79189	0	4.04	-0.539	-0.50642	10.1686	147.027	14.9728
ASN_345	-5.78669	1.40445	6.04732	-0.36123	0.20179	0.68836	3.40571	7.35568	0	0	-2.50342	-1.06848	0	0	0	-1.73888	0	0	0.1505	3.51051	0.25364	0	3.25688	-0.79626	0	0	-0.3009	-1.12961	12.5894	133.256	50.7441
PHE_346	-6.81952	1.3153	1.96391	-0.92491	0.19495	0.51297	0.99081	4.50118	0	0	0.02519	-0.75423	0	0	0	0	0	0	-0.07296	3.13312	0.00856	0	3.12456	-0.20244	0	0	1.9602	0.32756	9.28424	175.093	61.9073
ALA_347	-2.43247	0.21374	2.46226	-0.01618	0	0	1.47138	3.64392	0	0	0.34895	-0.3578	0	0	0	0	0	0	0.02248	0	0	0	0	-0.05964	0	0	2.2619	2.63504	10.1936	91.9992	61.0008
ASN_348	-2.22165	0.90878	1.64211	-0.17968	0.04519	0.26298	0.48377	2.41473	0	0	0.24553	-0.31336	0	0	0	0	0	0	2.14845	3.12597	0	0	3.12597	-0.09037	0	0	-0.3009	1.29863	12.5962	74.4942	109.506
ASP_349	-5.41756	0.64088	6.66454	-0.11548	0.0244	0.34281	3.37447	7.26392	0.04853	0.45726	-3.72391	-0.15634	0	0	0	-0.67567	0	0	1.53163	3.49898	0.02396	0	3.47502	0.08348	0	0	-1.6204	-0.55728	15.1633	158.015	26.9851
LEU_350	-9.35827	6.34399	4.66813	-0.57686	0.37338	0.12873	3.31018	8.46674	0	0	-2.57175	0.26749	0	0	0	0	0	0	1.83772	3.23092	1.59253	1.63839	0	0.51402	0	0	1.3223	0.29718	21.4848	202.825	7.17516
ASP_351	-5.51542	0.93786	7.46731	-0.10669	0	0.29707	4.87076	8.80849	0.0157	0.18899	-5.07145	-0.00939	0	0	0	0	-0.90166	0	0.47744	6.08536	0.84664	0	5.23873	1.70793	0	0	-1.6204	1.0994	24.8167	150.894	34.1056
GLU_352	-8.91554	1.46638	10.1745	-0.29213	0.09846	0.32503	6.38689	11.2698	0	0	-8.19875	-0.34169	0	0	0	0	-2.4572	0	0.90601	5.1331	0.10378	0	5.02932	0.06016	0	0	-1.6358	0.53815	19.6504	223	0
ASN_353	-5.32934	0.39578	5.48671	-0.18454	0.01599	0.27015	3.91776	6.94745	0.01236	0.23573	-2.97918	-0.74728	0	0	0	0	-1.05534	0	0.85882	3.49616	0.25382	0	3.24233	1.21849	0	0	-0.3009	0.28869	16.0437	142.193	41.8069
ARG_354	-9.64975	2.25785	8.86198	-0.43268	0.18181	0.23536	5.27309	9.96214	0.05367	0.43707	-4.27584	0.08909	0	0	0	0	-0.80824	0	0.44926	4.41712	1.21413	3.20299	0	-0.0179	0	0	-0.1423	-0.0801	21.2287	252.698	12.3017
LEU_355	-5.73493	1.01694	3.29537	-0.58257	2.10464	0.13753	3.04585	5.83704	0.00301	0.01181	-2.4073	0.28727	0	0	0	0	0	0	-0.11923	2.62483	1.58446	1.04037	0	-0.23183	0	0	1.3223	0.03914	13.2747	140.045	69.9548
ILE_356	-7.4715	1.59939	3.1488	-0.57724	0.89849	0.17173	3.00091	6.36952	0	0	-2.50809	-0.03665	0	0	0	0	0	0	1.55878	6.08958	1.7163	4.37328	0	-1.11096	0	0	1.8006	0.07482	19.0978	180.929	26.0708
LEU_357	-5.4363	2.96585	3.30451	-0.52718	0.94938	0.12519	3.30899	5.4932	0.00301	0.01181	-3.17703	0.11869	0	0	0	0	0	0	0.18864	3.25539	0.60633	2.64906	0	-0.55584	0	0	1.3223	-0.4175	14.1885	146.519	63.4813
SER_358	-3.68502	0.66739	3.91467	-0.05365	0.01387	0.07684	3.03604	5.15328	0.00043	0.00202	-2.76679	-0.46495	0	0	0	0	0	0	-0.00633	1.22418	0.39914	0.82504	0	-0.16445	0	4.04	-0.539	-0.26685	11.4059	122.518	39.4817
TYR_359	-6.69935	0.97562	4.48349	-0.79024	0.08149	0.14131	3.28474	6.81378	2e-05	0.00025	-2.38221	-0.51407	0	0	0	0	0	0	-0.07224	2.51252	0.00611	0	2.50641	-0.47998	0	0	1.7379	0.87242	12.478	197.761	50.2387
SER_360	-2.98159	0.54102	2.62339	-0.03485	0.00087	0.02224	0.86272	3.48098	0.03971	0.2498	-0.30714	-0.56345	0	0	0	0	0	0	-0.04268	0.88291	0.30345	0.57945	0	0.66931	0	4.04	-0.539	1.00661	10.8337	103.03	58.9702
LEU_361	-4.52753	0.31032	3.65787	-0.59928	0.57041	0.15455	2.76314	5.07843	0	0	-2.17567	0.26645	0	0	0	0	0	0	1.41107	1.10674	0.09295	1.01378	0	-0.23168	0	0	1.3223	0.13989	10.3537	124.665	85.3345
ALA_362	-2.25443	0.08348	1.37745	-0.02656	0.00278	0	0.34382	2.4384	0	0	0.06554	-0.32522	0	0	0	0	0	0	-0.12823	0	0	0	0	0.66835	0	0	2.2619	0.14828	4.65556	64.1777	88.8223
LEU_363	-5.70338	0.6123	2.02005	-0.51269	1.3199	0.1224	1.07838	4.11451	0.06746	0.31522	-0.7344	0.24012	0	0	0	0	0	0	2.50418	0.76245	0.19457	0.56788	0	-0.40946	0	0	1.3223	0.60614	8.48795	143.609	66.3906
TRP_364	-6.57661	1.26978	5.09491	-1.33455	0.16332	1.56204	3.66177	7.59479	0.10944	0.72286	-1.16412	-0.55626	0	0	0	0	0	0	0	5.25704	0.55932	0	4.69772	0	0	0	3.7077	0.52275	25.2919	121.32	148.68