label	fa_atr	fa_rep	fa_sol	fa_intra_atr_xover4	fa_intra_rep_xover4	fa_intra_sol_xover4	lk_ball	lk_ball_iso	lk_ball_bridge	lk_ball_bridge_uncpl	fa_elec	fa_intra_elec	pro_close	hbond_sr_bb	hbond_lr_bb	hbond_bb_sc	hbond_sc	dslf_fa13	omega	fa_dun	fa_dun_dev	fa_dun_rot	fa_dun_semi	p_aa_pp	yhh_planarity	hxl_tors	ref	rama_prepro	total	BSA	SASA
ASN_1	-0.92613	0.05129	1.23268	-0.23024	0.089	0.39523	0.52658	1.44222	0	0	0.25669	0.27722	0	0	0	0	0	0	0.18844	5.80674	0.15065	0	5.65609	0	0	0	-0.3009	0	14.6156	0	196.706
ILE_2	-4.27576	0.94788	-0.63301	-0.48934	1.11223	0.10265	0.27533	1.64048	0.03053	0.09429	-0.25995	0.46877	0	0	0	0	0	0	3.54595	0.8954	0.26774	0.62766	0	-0.01957	0	0	1.8006	0.52982	6.6617	172.746	34.2542
GLN_3	-3.55273	0.56574	2.63148	-0.92695	3.54683	1.47548	1.67681	3.97498	0.00459	0.02831	0.24849	-2.19093	0	0	0	0	0	0	1.20925	9.85669	0.62315	0	9.23354	0.41591	0	0	-0.1077	0.73148	29.4444	129.788	87.2116
VAL_4	-3.91228	0.60699	1.17568	-0.29602	0.86418	0.05714	0.62487	3.19905	0.03053	0.09429	-0.63458	0.32644	0	0	0	0	0	0	-0.04638	13.5267	11.1189	2.40777	0	0.04781	0	0	2.7371	0.00544	31.9337	146.415	35.5851
GLN_5	-5.89006	0.95154	5.89758	-0.44489	0.82062	0.33274	3.05892	7.3034	0.03482	0.40417	-2.15798	0.33195	0	0	0	-0.45977	0	0	0.35046	16.2297	10.2241	0	6.00564	0.11705	0	0	-0.1077	-0.68371	42.3186	172.318	44.682
GLU_6	-2.19757	0.44359	2.54243	-0.21389	0.05048	0.24964	0.75045	3.06518	0.035	0.48148	0.08057	-0.36358	0	0	0	0	0	0	0.18182	9.66143	4.72543	0	4.936	0.03395	0	0	-1.6358	-0.93718	21.8894	76.2042	146.796
ASN_7	-1.58067	0.15399	1.8928	-0.18109	0.05746	0.34682	0.79168	2.31336	0.01213	0.13941	-0.09134	-0.77562	0	0	0	0	0	0	0.01343	5.48454	0.23486	0	5.24968	-1.67694	0	0	-0.3009	-1.00736	11.0762	41.7943	142.206
PHE_8	-8.25223	3.39	1.72773	-0.80795	0.07628	0.11508	0.69961	5.26599	0	0	0.08952	-0.39592	0	0	0	0	0	0	-0.0693	2.98146	0.19707	0	2.7844	0.15468	0	0	1.9602	-0.6842	9.23244	217.13	19.8698
ASN_9	-5.85502	1.48087	5.50078	-0.31844	0.16437	0.57666	3.49087	7.10244	0	0	-1.6208	-0.78685	0	0	0	-0.89639	0	0	-0.05332	2.75956	0.37657	0	2.38299	-0.73889	0	0	-0.3009	-0.05533	13.2092	119.574	64.4264
ILE_10	-6.59822	3.86643	3.01133	-0.62045	2.90974	0.17873	2.27176	5.57309	0.0008	0.00224	-0.70264	0.43462	0	0	0	0	0	0	-0.19581	8.29424	6.50919	1.78505	0	0.27327	0	0	1.8006	0.38775	29.1817	187.14	19.8597
SER_11	-3.44423	2.65124	3.00903	-0.03755	0.0031	0.04197	1.38965	4.20942	0	0	-0.11734	-0.35929	0	0	0	0	0	0	-0.18377	0.4154	0.20446	0.21094	0	-0.44536	0	4.04	-0.539	0.0346	11.0833	89.9595	72.0405
ARG_12	-6.88855	2.40887	5.88349	-0.69076	0.31647	0.47095	2.52222	7.0744	0.01022	0.0409	-1.7774	0.2483	0	0	0	0	0	0	-0.05802	3.20657	0.57513	2.63144	0	-0.07913	0	0	-0.1423	-0.79442	14.9584	123.664	141.336
ILE_13	-7.87783	2.96824	2.46736	-0.72464	5.20651	0.22441	2.39548	5.87627	0	1e-05	-1.80494	0.07621	0	0	0	-0.51431	0	0	-0.06083	7.60231	5.62259	1.97971	0	0.52098	0	0	1.8006	-0.35005	25.4081	207	0
TYR_14	-7.36876	2.99653	4.06506	-0.56598	0.07889	0.25886	2.51579	7.15101	0.01522	0.1114	-1.4023	0.04551	0	0	0	-0.95481	0	0	-0.02112	3.12783	0.00993	0	3.1179	0.90194	0	0	1.7379	1.26494	17.0857	181.588	66.4122
GLY_15	-2.96727	0.17527	3.48854	-0.00042	0	0	2.37243	4.6732	0	1e-05	-1.49275	-0.23171	0	0	0	0	0	0	0.5575	0	0	0	0	-2.51271	0	0	1.435	1.36065	6.85775	131.198	32.8017
LYS_16	-4.95004	0.42027	4.65052	-0.49114	0.15606	0.26602	2.07949	5.40916	0	0	-2.05305	0.49171	0	0	0	-0.39104	0	0	0.1297	11.1488	7.57855	3.57024	0	0.21165	0	0	-0.8895	0.04698	27.3844	152.189	99.8109
TRP_17	-13.8597	2.79195	6.63948	-0.763	0.02159	0.27504	3.92131	11.7075	0	0	-3.99226	-0.16868	0	0	0	-0.51431	0	0	0.01109	2.70165	0.21939	0	2.48226	-0.34283	0	0	3.7077	-0.20368	14.6345	270	0
TYR_18	-10.1364	2.64955	4.47432	-0.59411	0.05631	0.31798	3.45732	7.87805	0.01175	0.15493	-2.72235	-0.23238	0	0	0	0	0	0	-0.0698	2.84204	1e-05	0	2.84203	0.00438	0	0	1.7379	-0.18587	12.4857	204.67	43.3295
ASN_19	-8.62168	7.4131	6.70249	-0.29506	0.22937	0.51126	3.97707	9.70148	0.05948	0.55787	-2.16685	0.04966	0	0	0	0	0	0	0.90902	6.26808	0.1111	0	6.15698	-0.51571	0	0	-0.3009	-0.39142	30.3553	181.055	2.94494
LEU_20	-8.78383	2.82779	3.16315	-0.54244	1.47544	0.14684	2.47359	7.33464	0.10652	0.50625	-2.16356	0.15967	0	0	0	0	0	0	0.71843	1.14967	0.74761	0.40206	0	-0.03525	0	0	1.3223	0.31502	11.3239	199.241	10.7592
ALA_21	-6.12959	1.77314	3.14631	-0.0209	0	0	3.16296	6.55906	0.06824	0.32166	-2.00952	-0.40075	0	0	0	0	0	0	0.30063	0	0	0	0	-0.90635	0	0	2.2619	0.35938	8.48618	151.206	1.79438
ILE_22	-9.23812	2.63155	3.2714	-0.55013	1.55162	0.10433	3.20806	6.17409	0	0	-2.63837	0.01299	0	0	0	0	0	0	1.74573	2.18155	1.12136	1.0602	0	0.41086	0	0	1.8006	0.71386	13.5616	207	0
GLY_23	-5.06724	1.5401	3.1755	-0.00186	0	0	2.98441	5.48863	0	0	-2.73976	-0.39205	0	0	0	0	0	0	0.1304	0	0	0	0	0.73187	0	0	1.435	2.30796	9.59294	164	0
SER_24	-6.49337	1.14389	5.38605	-0.03047	0.00379	0.0353	3.30513	6.65883	0	0	-0.50181	-0.13073	0	0	0	0	0	0	0.72771	2.44527	0.38681	2.05846	0	-0.79187	0	4.04	-0.539	1.68688	19.3909	162	0
THR_25	-5.34111	1.00016	4.39924	-0.13792	0.15623	0.08081	2.8926	5.86346	0.05975	0.73279	-1.3113	-0.04208	0	0	0	0	0	0	0.19771	0.13601	0.11461	0.0214	0	-0.57662	0	5.05386	-0.9333	-0.21933	12.147	144.827	29.1726
CYS_26	-6.49834	2.14753	5.98939	-0.06889	0.00101	0.05006	3.47556	6.92307	0.10451	0.37834	-1.52293	-0.33818	0.17916	0	0	0	0	0	0.04136	0.64961	0.21474	0.43488	0	0.14136	0	0	4.3148	1.78621	18.4033	146.24	9.76023
PRO_27	-4.26081	2.34701	3.57565	-0.0623	0	0.03928	2.01961	4.09557	0	0	-0.44591	0.62253	0.20542	0	0	0	0	0	-0.10866	0.52293	0.37988	0.14305	0	0.93012	0	0	-4.6787	3.30877	8.63346	125.022	73.9785
TRP_28	-5.66629	0.85597	3.80031	-1.38156	0.30577	0.59762	2.20784	5.83866	0	0	-0.3587	-0.24851	0	0	0	0	0	0	0.33254	2.98209	0.21274	0	2.76936	-0.54376	0	0	3.7077	1.70169	17.1135	124.247	145.753
LEU_29	-7.76591	1.69141	4.81893	-0.64559	13.8971	0.18404	2.83543	6.67541	0	0	-0.97734	0.28073	0	0	0	0	0	0	0.18919	24.6807	23.4928	1.18791	0	-0.32125	0	0	1.3223	1.17875	72.7247	175.409	34.5914
LYS_30	-7.02236	1.84341	8.41316	-0.39456	0.12932	0.23027	3.73315	9.28411	0.00085	0.00902	-2.45082	0.40947	0	0	0	0	0	0	-0.11881	7.96579	4.87494	3.09085	0	-0.07124	0	0	-0.8895	0.49012	29.5272	169.136	82.8644
LYS_31	-3.5042	0.55454	3.96449	-0.47184	0.18226	0.19906	2.1766	4.81321	0	0	-0.44897	-0.01885	0	0	0	0	0	0	-0.09982	7.78716	3.82726	3.9599	0	-0.18551	0	0	-0.8895	-0.51994	21.3259	95.1536	156.846
ILE_32	-6.48093	1.39422	4.57771	-0.58457	0.91813	0.16601	2.95333	6.82654	0.00027	0.00069	-1.80236	0.20098	0	0	0	0	0	0	0.87601	1.09169	0.1534	0.93829	0	0.03847	0	0	1.8006	-0.35837	12.7101	171.131	35.8687
MET_33	-9.68775	2.89683	5.84146	-0.50893	3.60048	0.03588	2.9194	7.57348	0.03903	0.18746	-1.25109	0.15415	0	0	0	0	0	0	-0.1638	26.9457	25.3779	1.56781	0	0.01032	0	0	1.4633	0.57988	67.5815	254.312	7.6875
ASP_34	-3.75531	0.75475	4.35061	-0.23569	0.01717	0.76293	1.1	5.43739	0.00085	0.00902	0.00631	-1.77289	0	0	0	0	0	0	-0.02358	5.50433	0.08509	0	5.41924	-0.15248	0	0	-1.6204	0.42967	16.317	102.259	82.7414
ARG_35	-3.01772	0.49682	4.17168	-0.8686	2.07168	0.5389	1.71791	4.63113	0	0	-1.62001	0.08486	0	0	0	0	0	0	-0.02165	5.27647	1.04708	4.22938	0	-0.04156	0	0	-0.1423	-0.46999	18.0841	58.7011	206.299
MET_36	-6.53855	0.57626	4.33627	-0.33644	0.45353	0.04079	2.04054	5.15428	0.03929	0.18815	-1.17432	0.12078	0	0	0	0	0	0	0.0636	3.17612	1.26867	1.90745	0	0.13306	0	0	1.4633	-1.15368	11.7591	251.108	10.8921
THR_37	-4.58051	0.66799	3.35177	-0.11076	0.06543	0.06442	1.32504	4.44825	0.05876	0.5107	-0.43813	-0.22364	0	0	0	0	0	0	0.38585	2.50546	2.37416	0.1313	0	-0.99178	0	5.05946	-0.9333	-0.94891	12.7215	154.749	19.2514
VAL_38	-6.71267	1.67619	2.86801	-0.28042	0.36491	0.05892	1.74825	5.87656	0.02016	0.26284	-1.60169	0.32849	0	0	0	0	0	0	-0.18491	0.31568	0.12008	0.1956	0	-0.02643	0	0	2.7371	0.26523	8.03191	179.438	2.56172
SER_39	-4.51422	1.31203	4.38232	-0.04204	0.00877	0.06033	3.00501	5.58467	0.02474	0.2208	-1.16716	-0.3555	0	0	0	0	0	0	0.05124	1.09813	0.35236	0.74577	0	-0.2078	0	4.04	-0.539	0.48729	14.5477	156.527	5.47335
THR_40	-5.51696	3.23618	4.64279	-0.14389	0.26198	0.09587	3.41492	6.13461	0.02073	0.22775	-2.6429	-1.17389	0	0	0	0	0	0	-0.01483	2.64946	1.64491	1.00455	0	-0.1318	0	5.05694	-0.9333	0.09945	17.9326	169.422	4.57778
LEU_41	-7.5677	3.11189	3.20914	-0.54365	0.23252	0.11921	3.05144	6.47834	3e-05	0.00011	-2.60272	0.21046	0	0	0	0	0	0	0.05888	1.60939	0.23112	1.37827	0	-0.01365	0	0	1.3223	0.08028	10.3656	201.033	8.96718
VAL_42	-5.16858	0.41654	3.78827	-0.26845	0.25291	0.05629	2.9854	5.9933	0	0	-1.84818	-0.33125	0	0	0	0	0	0	-0.06528	0.34248	0.02756	0.31492	0	-1.2186	0	0	2.7371	-0.38277	7.63166	123.127	58.8726
LEU_43	-7.32381	4.45479	1.8998	-0.51192	0.72314	0.12551	2.17745	4.92426	0	0	-2.4407	0.06252	0	0	0	0	0	0	-0.04597	2.80207	0.24907	2.55301	0	-0.51872	0	0	1.3223	-0.5839	9.86891	206.351	3.6489
GLY_44	-3.36397	0.1893	3.3538	-0.00154	0	0	2.46365	4.74106	0	0	-2.1223	-0.32818	0	0	0	0	0	0	0.0596	0	0	0	0	-0.64221	0	0	1.435	0.48999	6.27422	137.353	26.6466
GLU_45	-1.8375	0.04775	1.74296	-0.23939	0.28241	0.38198	0.47683	2.30521	0	0	-0.38693	-0.4174	0	0	0	0	0	0	0.07675	7.86476	3.01415	0	4.85061	-0.06099	0	0	-1.6358	0.11123	16.5766	62.0525	160.948
GLY_46	-3.24225	0.55761	3.16024	-0.00026	0	0	1.2887	4.44412	0.00167	0.00439	-0.00448	-0.16383	0	0	0	0	0	0	0.16586	0	0	0	0	-1.4272	0	0	1.435	-0.55418	5.66539	145.142	18.8577
ALA_47	-1.48691	0.11534	1.5401	-0.02091	0	0	0.32612	2.18259	0.00036	0.00102	0.26445	-0.35816	0	0	0	0	0	0	1.44041	0	0	0	0	-0.22208	0	0	2.2619	0.43272	6.47697	53.6036	99.3964
THR_48	-3.84575	0.6369	4.63437	-0.11862	0.09819	0.07246	2.24726	5.71001	0.00167	0.00439	0.26809	-0.61911	0	0	0	0	0	0	-0.00028	0.27495	0.09248	0.18247	0	-1.10922	0	5.02983	-0.9333	0.41271	13.0395	103.683	70.3173
GLU_49	-1.46555	0.2199	2.17962	-0.2203	0.05978	0.31793	1.34447	2.56094	0	0	-0.90494	-0.56576	0	0	0	0	0	0	-0.11461	5.14378	0.67478	0	4.46901	-0.19574	0	0	-1.6358	0.1623	12.0298	68.1232	154.877
ALA_50	-3.06824	1.06612	3.40206	-0.0268	0.0086	0	1.76866	4.25244	0	0	-1.13417	-0.43677	0	0	0	0	0	0	0.27776	0	0	0	0	0.92553	0	0	2.2619	0.13534	9.43244	102.264	50.7361
GLU_51	-6.19785	0.72519	6.48595	-0.18894	0.03842	0.23022	2.90117	7.89778	0.00254	0.05296	-2.53163	-0.46991	0	0	0	0	0	0	0.511	5.02874	0.57	0	4.45874	0.18551	0	0	-1.6358	-0.07585	17.9882	189.165	33.8347
ILE_52	-7.55418	2.14668	3.26439	-0.50395	2.24387	0.10667	3.03708	6.091	0	0	-2.36762	0.11949	0	0	0	0	0	0	0.20876	1.21985	0.72924	0.49061	0	-1.2829	0	0	1.8006	-0.59768	9.15189	206.488	0.512343
SER_53	-4.46423	0.491	4.72151	-0.03865	0.01371	0.05349	2.95595	6.08766	0.05979	0.59898	-2.19663	0.02721	0	0	0	0	0	0	0.17825	0.79368	0.04712	0.74656	0	0.66212	0	4.04	-0.539	-0.41139	13.8271	129.38	32.6197
MET_54	-7.27675	3.80974	3.71439	-0.40721	0.53396	0.08862	3.04283	5.4412	0	0	-2.68306	-0.21926	0	0	0	0	0	0	0.40346	3.89124	1.38187	2.50937	0	0.40145	0	0	1.4633	0.26465	16.3598	239.466	22.5337
THR_55	-4.62913	0.7499	4.35513	-0.16134	0.10947	0.06097	3.07949	5.89266	0.03175	0.29067	-2.41318	-0.73969	0	0	0	0	0	0	-0.14326	3.40998	3.11653	0.29345	0	0.14193	0	5.04134	-0.9333	0.66866	18.222	130.131	43.8687
SER_56	-4.04711	1.413	4.452	-0.03405	0.00425	0.04312	3.28473	5.66397	0.0035	0.03873	-3.07469	-0.08123	0	0	0	0	0	0	0.62704	2.18033	0.82633	1.354	0	0.71629	0	4.04	-0.539	0.6023	17.4735	137.922	24.0784
THR_57	-5.82354	3.19487	4.37887	-0.20796	1.27372	0.08081	3.80967	6.18663	0.0126	0.05464	-2.66909	-0.45019	0	0	0	0	0	0	0.00116	17.1451	16.8895	0.25564	0	-0.07478	0	5.02011	-0.9333	0.33793	48.4824	162.376	11.6238
ARG_58	-5.94097	0.87039	5.12732	-0.60867	1.03068	0.35564	2.55555	6.18108	0.02657	0.18519	-1.9259	0.30023	0	0	0	0	0	0	0.88533	11.5009	8.05602	3.44488	0	-0.15323	0	0	-0.1423	0.21711	31.9658	202.708	62.292
TRP_59	-6.1607	2.61976	3.4211	-0.89143	0.05968	0.35487	1.05475	5.23605	0.05935	0.47623	-1.35612	-0.07347	0	0	0	0	0	0	1.81219	2.46378	0.41749	0	2.0463	-0.14643	0	0	3.7077	-0.71193	14.3892	156.841	113.159
ARG_60	-4.70311	7.99314	5.88361	-0.48151	0.16568	0.25153	2.86429	6.11424	0	0	-0.81451	0.45201	0	0	0	0	0	0	1.81858	3.55929	0.72671	2.83259	0	-0.30591	0	0	-0.1423	-0.49323	25.7211	144.955	120.045
LYS_61	-1.91465	0.4204	2.56381	-0.35243	0.11624	0.26541	0.95329	2.71944	0	0	1.26878	0.37469	0	0	0	0	0	0	-0.19158	2.49207	0.24343	2.24863	0	0.53308	0	0	-0.8895	2.2477	13.0988	61.8255	190.175
GLY_62	-1.34397	0.31956	1.15984	-5e-05	0	0	0.44111	1.80009	0	0	0.42725	-0.38092	0	0	0	0	0	0	5.34194	0	0	0	0	1.09359	0	0	1.435	2.47148	12.7649	88.3952	75.6048
VAL_63	-4.28573	0.99559	3.75974	-0.29601	0.3497	0.05641	2.66274	5.60021	0	0	-1.56018	-0.12105	0	0	0	0	0	0	0.49178	2.2715	2.19598	0.07553	0	-0.76025	0	0	2.7371	0.61405	14.7871	97.4492	84.5508
CYS:disulfide_64	-5.05324	1.03803	1.75536	-0.06789	0.0124	0.05025	0.26806	3.22052	0.01534	0.04443	0.29751	-0.43264	0	0	0	0	0	-0.27875	-0.09629	0.51764	0.15303	0.36461	0	0.21942	0	0	4.3148	0.85796	7.20056	122.209	33.7905
GLU_65	-4.65954	8.68509	5.18424	-0.32756	0.14435	0.49177	2.79406	5.90005	0.02868	0.09795	-1.96017	-0.89635	0	0	0	0	0	0	0.71601	7.70068	2.37399	0	5.32668	0.40875	0	0	-1.6358	0.59952	30.9724	164.674	58.3255
GLU_66	-3.56354	0.79023	3.15657	-0.3565	0.21897	0.49052	0.73311	3.46478	0.01534	0.04443	-0.33502	-0.18305	0	0	0	0	0	0	0.73552	6.60405	1.81415	0	4.78989	0.4969	0	0	-1.6358	-0.04784	17.2327	131.496	91.5036
THR_67	-3.08074	0.48962	3.73587	-0.14017	0.08558	0.05331	2.65821	4.58679	0.02868	0.09795	-2.54732	-0.7251	0	0	0	0	0	0	0.44578	2.98262	2.55401	0.4286	0	-0.32284	0	5.04683	-0.9333	0.06918	15.5136	93.5709	80.4291
SER_68	-1.9724	0.4195	1.6125	-0.0331	0.00315	0.03753	0.60307	2.26341	0.05603	0.59156	-0.57784	-0.21602	0	0	0	0	0	0	0.52329	2.57978	1.48084	1.09894	0	0.22869	0	4.04	-0.539	0.13854	12.3385	80.8021	81.1979
GLY_69	-2.53024	0.08929	2.67062	-0.00119	0	0	2.3433	3.6013	0.08051	0.80072	-1.9339	-0.328	0	0	0	0	0	0	0.54842	0	0	0	0	0.67175	0	0	1.435	1.24091	8.68849	148.648	15.3516
ALA_70	-2.4398	0.36824	1.51572	-0.02685	0.00487	0	0.52854	2.67143	0.03087	0.194	-0.38942	-0.41645	0	0	0	0	0	0	0.12987	0	0	0	0	1.06528	0	0	2.2619	1.82265	7.32085	106.728	46.2724
TYR_71	-8.92378	3.57112	3.76131	-0.53624	1.2965	0.22382	2.9172	6.25657	0.02701	0.08762	-2.8508	-0.30542	0	0	0	0	0	0	0.10542	6.13182	0.76826	0	5.36356	-0.55645	0	0	1.7379	0.39506	19.4705	206.706	41.2937
GLU_72	-4.46047	0.42662	4.84565	-0.20586	0.12789	0.30281	3.3863	5.80544	0.05377	0.42983	-3.43908	-0.44989	0	0	0	0	0	0	1.31427	6.12956	0.85503	0	5.27454	0.42619	0	0	-1.6358	-0.31092	18.8759	149.293	73.7067
LYS_73	-5.01106	1.01809	4.63994	-0.46562	0.40264	0.26842	2.32996	5.59738	0.03926	0.14483	-2.86857	0.33166	0	0	0	0	0	0	0.04825	13.7658	10.126	3.63976	0	0.23646	0	0	-0.8895	-0.08347	33.2703	183.362	68.6384
THR_74	-4.89617	1.49767	4.41428	-0.10872	0.12509	0.05854	2.61145	5.73914	0.00427	0.06072	0.10338	-0.37151	0	0	0	0	0	0	0.21923	0.48141	0.02389	0.45752	0	-0.95144	0	5.03476	-0.9333	2.00586	15.5761	144.179	29.8211
ASP_75	-1.6463	0.41153	3.15555	-0.22526	0.04539	0.77357	1.12327	3.12103	0	0	-1.61755	-2.27136	0	0	0	0	0	0	0.32862	4.93081	0.27667	0	4.65414	-0.78558	0	0	-1.6204	2.42946	13.0836	63.2761	121.724
THR_76	-4.59722	1.22109	5.23432	-0.1808	0.23035	0.06877	2.87583	6.28466	0.00427	0.06072	-0.92711	-0.53647	0	0	0	0	0	0	0.33259	0.42441	0.04975	0.37466	0	0.52091	0	5.02998	-0.9333	1.45473	16.9921	130.892	43.1081
ASP_77	-2.41546	0.52156	1.84361	-0.10802	0	0.29757	0.96214	2.72755	0	0	-0.09315	-0.95557	0	0	0	0	0	0	0.33943	6.36254	0.0674	0	6.29514	0.04155	0	0	-1.6204	0.64059	14.9065	98.8979	86.1021
GLY_78	-4.05933	0.69285	2.32097	-7e-05	0	0	1.70883	4.42801	0	0	-1.3584	-0.39047	0	0	0	0	0	0	0.59845	0	0	0	0	-2.46823	0	0	1.435	-1.19223	1.71541	164	0
LYS_79	-7.57088	1.41205	6.74299	-0.63295	4.11215	0.3299	3.59798	7.94847	0.00984	0.05824	-3.74806	0.16623	0	0	0	0	0	0	0.43055	7.38698	3.66666	3.72032	0	0.52244	0	0	-0.8895	-0.79163	26.4718	217.764	34.2361
PHE_80	-8.41362	1.19389	2.79384	-0.63696	0.07881	0.42914	2.81618	6.49464	0	0	-2.15402	0.2059	0	0	0	0	0	0	0.52361	6.90695	3.21377	0	3.69319	-0.28711	0	0	1.9602	-0.4456	18.3728	230.918	6.08247
LEU_81	-5.71144	0.92871	3.66064	-0.53045	4.80418	0.08333	3.46269	5.84527	0.03087	0.194	-3.00228	0.40441	0	0	0	0	0	0	0.01483	30.6662	29.3773	1.28893	0	-0.48032	0	0	1.3223	-0.71786	71.6413	160.546	49.4541
TYR_82	-8.16229	1.70644	4.20204	-0.73396	0.35716	0.22713	3.53426	6.69269	0.01347	0.03891	-2.70757	-0.312	0	0	0	0	-0.6371	0	-0.10178	4.10721	0.06254	0	4.04467	-0.26874	0	0	1.7379	1.22057	15.0215	217.156	30.8437
HIS_83	-4.50718	0.40967	4.16437	-0.44145	0.0366	0.27523	1.28877	5.47349	0.04393	0.37158	-0.10925	-0.81679	0	0	0	0	0	0	0.38663	4.55579	0.64769	0	3.9081	0.15184	0	0	0.8406	1.31093	17.9906	139.939	101.061
LYS_84	-6.40477	0.98424	6.31415	-0.75967	1.27949	0.43484	3.99748	7.41626	0.01347	0.03891	-2.81194	0.00965	0	0	0	0	-0.6371	0	0.30296	4.33541	0.86981	3.4656	0	0.394	0	0	-0.8895	0.79255	19.1458	171.718	80.2822
SER_85	-2.64447	0.47689	3.10202	-0.03666	0.01501	0.04147	1.19641	3.91829	0	0	1.00642	-0.30416	0	0	0	0	0	0	0.56022	0.81669	0.03302	0.78367	0	0.42396	0	4.04	-0.539	0.82756	13.7174	88.2451	73.7549
LYS_86	-1.94622	0.28568	1.86233	-0.46579	0.61492	0.36894	0.46625	2.42058	0	0	0.87031	0.61721	0	0	0	0	0	0	-0.09756	15.3305	11.8926	3.43789	0	-0.08041	0	0	-0.8895	-0.53971	34.148	59.8025	192.198
TRP_87	-4.5008	4.14282	3.41385	-0.83518	0.10485	0.39544	1.23617	4.44935	0.00179	0.00737	0.01433	-0.34307	0	0	0	0	0	0	0.82024	3.38518	0.07388	0	3.31129	-0.03243	0	0	3.7077	-0.27766	19.0751	77.862	192.138
ASN_88	-3.59069	1.93841	3.90247	-0.17882	0.05495	0.30744	2.28207	4.98685	0.02805	0.19259	-0.34853	-0.98569	0	0	0	0	0	0	-0.20662	2.54116	0.00879	0	2.53237	-1.6818	0	0	-0.3009	-0.38258	11.0995	114.825	69.1751
ILE_89	-7.65378	5.91271	4.89469	-0.64512	3.32455	0.12599	3.31436	7.52743	0.00179	0.00737	-1.85571	0.48366	0	0	0	0	0	0	1.03331	5.21132	3.73267	1.47865	0	-0.86233	0	0	1.8006	-0.67387	27.1583	188.296	18.7041
THR_90	-5.66133	0.93176	4.36045	-0.16603	0.16356	0.06058	3.54951	6.34798	0	0	-2.56296	-0.60713	0	0	0	0	0	0	0.35474	0.45296	0.16711	0.28584	0	-0.30159	0	5.03945	-0.9333	-0.18161	11.3	144.029	29.9715
MET_91	-7.3816	1.75684	3.56201	-0.32895	0.05731	0.1505	3.13078	5.40278	0	0	-2.58018	-0.33684	0	0	0	0	0	0	0.01991	4.25203	2.0813	2.17074	0	0.24028	0	0	1.4633	-0.26378	13.3964	219.953	42.0467
GLU_92	-6.48413	1.9475	5.58313	-0.41571	1.17112	0.62924	3.45995	6.96915	0	0	-4.23396	-0.56864	0	0	0	0	-0.37852	0	1.03057	8.10338	0.37708	0	7.7263	0.33875	0	0	-1.6358	0.03725	23.6567	191.919	31.0814
SER_93	-5.25598	1.49537	4.8074	-0.03332	0.00107	0.02081	3.69567	6.35448	0	0	-2.09587	-0.50025	0	0	0	0	0	0	0.94635	1.75935	1.1594	0.59995	0	0.16714	0	4.04	-0.539	0.32099	16.9435	151.139	10.8612
TYR_94	-9.2062	2.04935	4.60937	-0.56337	0.13625	0.29802	3.47969	7.65818	0.00607	0.10186	-3.94641	-0.31276	0	0	0	0	-0.37852	0	1.85352	3.14318	0.16183	0	2.98135	-0.23412	0	0	1.7379	0.23657	13.8118	226.826	21.1738
VAL_95	-6.62941	4.50367	1.21785	-0.29413	0.32205	0.06757	2.04949	4.89898	0.00925	0.09388	-2.26928	-0.18737	0	0	0	0	0	0	0.03521	3.38729	3.28101	0.10628	0	0.18352	0	0	2.7371	1.10249	14.6155	182	0
VAL_96	-7.66179	1.96729	2.61304	-0.25073	0.18407	0.0412	1.79946	6.32116	0	0	-0.21383	0.29895	0	0	0	0	0	0	1.17397	1.28877	0.29265	0.99613	0	-0.19231	0	0	2.7371	0.88583	12.281	181.392	0.60815
HIS_97	-6.52458	1.07932	4.18102	-0.4165	0.01292	0.49161	2.50023	6.45476	0.03016	0.3386	-1.42521	-0.09417	0	0	0	0	0	0	0.80559	2.94161	0.08278	0	2.85883	-0.58898	0	0	0.8406	0.06173	13.6303	180.398	60.6018
THR_98	-6.9369	1.39264	3.07314	-0.22489	0.30923	0.09287	3.20577	6.06428	0.00234	0.03426	-0.78921	-0.41054	0	0	0	-0.45977	0	0	0.42467	0.33042	0.06634	0.26408	0	0.19374	0	5.03216	-0.9333	0.77885	11.5102	167.918	6.0815
ASN_99	-5.62779	2.26809	5.52603	-0.35959	0.14339	0.6837	4.22019	7.37722	0	0	-2.89158	-1.17377	0	0	0	-0.79439	-0.8367	0	2.70749	2.988	0.20366	0	2.78434	-0.93674	0	0	-0.3009	0.47523	16.4559	119.917	64.0833
TYR_100	-10.4176	2.01372	5.41947	-0.60525	0.04666	0.36341	4.38861	8.98628	0.04699	0.42308	-2.1665	-0.3418	0	0	0	-1.72155	0	0	1.03336	2.74594	0.31793	0	2.42801	-0.45845	0	0	1.7379	2.0964	16.3366	222.368	25.6319
ASP_101	-2.87819	1.53662	3.78988	-0.131	0.07649	0.43195	1.74613	4.21885	0	0	-1.91523	0.17091	0	0	0	0	0	0	0.37479	11.3643	5.59157	0	5.77274	-0.07082	0	0	-1.6204	2.28722	30.7458	71.7506	113.249
GLU_102	-6.33923	1.45272	6.60326	-0.32032	0.28104	0.36737	3.84111	7.90395	0.07223	0.46663	-3.77478	-0.35254	0	0	0	0	-0.8367	0	0.02503	6.33478	0.97867	0	5.35611	0.18977	0	0	-1.6358	2.29363	22.9069	170.479	52.5208
TYR_103	-9.86588	1.51281	3.94115	-1.15128	0.21314	0.6199	2.84319	7.95822	0.07508	0.45211	-2.67382	-0.26697	0	0	0	-0.79439	0	0	0.82016	5.24738	2.71638	0	2.531	-0.59574	0	0	1.7379	2.22233	17.5427	212.329	35.6708
ALA_104	-6.07171	0.75842	2.49865	-0.02313	0	0	2.8839	5.94171	0	0	-2.5787	-0.40491	0	0	0	0	0	0	0.45737	0	0	0	0	-0.51261	0	0	2.2619	-0.15401	5.05688	153	0
ILE_105	-8.45287	0.97795	2.27785	-0.47106	0.8063	0.10229	2.93941	6.22319	0.00166	0.0066	-2.88215	0.00972	0	0	0	0	0	0	-0.09516	0.68628	0.24394	0.44234	0	-1.25355	0	0	1.8006	-0.44835	2.91497	205.975	1.02469
PHE_106	-7.40127	6.17142	2.06416	-0.59219	0.11934	0.29662	2.78879	5.7237	0	0	-2.42003	0.01043	0	0	0	0	0	0	1.45728	2.80923	0.06298	0	2.74625	-0.09258	0	0	1.9602	-0.75934	14.945	227.322	9.67819
LEU_107	-7.75402	3.20139	1.99519	-0.5036	0.60939	0.11667	3.32589	6.01337	0.00166	0.0066	-3.01485	0.12236	0	0	0	0	0	0	0.06833	2.98341	1.85081	1.13261	0	-0.47813	0	0	1.3223	-0.56348	10.4359	207.693	2.30672
THR_108	-5.69259	0.99775	4.87994	-0.17501	0.14773	0.06322	3.36716	6.69899	0.00609	0.10192	-2.18854	-0.5683	0	0	0	0	0	0	0.31262	0.24326	0.00051	0.24275	0	-0.06752	0	5.02443	-0.9333	-0.03308	12.428	141.468	32.5323
LYS_109	-7.12827	1.66068	5.92448	-0.40147	0.20558	0.15457	4.29785	6.97488	0.02752	0.09852	-2.40515	0.0362	0	0	0	0	0	0	-0.07957	25.6774	22.9491	2.72828	0	0.35288	0	0	-0.8895	0.06844	60.2525	200.849	51.1506
LYS_110	-6.45516	1.70322	5.19755	-0.46484	0.17311	0.20958	3.04912	6.02974	0.11173	0.40768	-1.57975	0.13624	0	0	0	0	0	0	-0.05382	7.49658	3.77089	3.72568	0	0.53944	0	0	-0.8895	-0.13503	22.9725	189.722	62.2784
PHE_111	-5.91969	1.11769	4.04338	-0.5755	0.12122	0.30499	2.92398	5.51296	0.02752	0.09852	-2.65969	0.03843	0	0	0	0	0	0	0.01638	2.88734	0.06783	0	2.8195	-0.09569	0	0	1.9602	-0.27276	12.4166	164.403	72.5973
SER_112	-4.01586	1.46162	3.70491	-0.03382	0.05149	0.04688	2.29388	4.75227	0.05966	0.20918	0.0016	0.10148	0	0	0	0	0	0	0.17699	4.12239	1.3757	2.7467	0	-0.41927	0	4.04	-0.539	-0.43436	19.7024	140.823	21.177
ARG_113	-3.0684	0.53175	2.82667	-1.08291	1.82691	0.80018	0.60864	3.30504	0.02805	0.19259	0.71142	0.3358	0	0	0	0	0	0	2.51524	6.53972	2.48861	4.05112	0	-0.15573	0	0	-0.1423	-0.51952	21.7929	101.95	163.05
HIS_114	-3.01247	0.44012	3.08926	-0.42867	0.02456	0.5556	1.10212	3.81329	0	0	0.08194	0.11399	0	0	0	0	0	0	3.46917	2.36788	0.08001	0	2.28787	-0.6851	0	0	0.8406	-0.15026	13.9899	92.1741	148.826
HIS_115	-3.75819	0.27259	4.10855	-0.67729	0.00185	0.92478	2.05293	4.91535	0.06545	0.36451	0.46115	0.1482	0	0	0	0	0	0	0.05857	3.02612	0.47269	0	2.55344	-0.49987	0	0	0.8406	0.12975	15.4612	163.537	77.4634
GLY_116	-1.42308	0.57593	1.82047	-0.00024	0	0	0.72717	2.2813	0	0	0.07083	-0.19054	1.55561	0	0	0	0	0	0.04576	0	0	0	0	0.60194	0	0	1.435	3.53451	11.0347	113.131	50.8688
PRO_117	-3.14382	1.47487	2.14379	-0.14031	0.00134	0.10002	1.22392	2.53808	0.03834	0.46835	-0.08276	0.21047	1.55679	0	0	0	0	0	-0.03631	0.81623	0.58254	0.23369	0	-1.75648	0	0	-4.6787	3.04065	4.5907	130.057	68.9435
THR_118	-5.59214	1.27674	4.81819	-0.12443	0.1153	0.07926	3.24569	6.10308	0.01299	0.18462	-1.91712	-0.65621	0	0	0	0	0	0	0.04369	0.30956	0.18281	0.12675	0	-0.73961	0	5.0635	-0.9333	-0.91546	10.6839	164.185	9.81466
ILE_119	-7.37592	3.10105	3.05868	-0.56526	0.8025	0.12289	2.79043	6.10446	0	0	-2.38955	-0.01112	0	0	0	0	0	0	-0.02204	13.823	10.342	3.48097	0	-0.78557	0	0	1.8006	-0.42463	33.8525	199.567	7.4325
THR_120	-6.13469	2.34473	4.31922	-0.15374	0.09202	0.05336	3.75684	6.47323	0.02141	0.26443	-2.14753	-0.54732	0	0	0	0	0	0	0.00415	0.417	0.00492	0.41208	0	-0.33541	0	5.01235	-0.9333	-0.08748	12.8363	162.889	11.1115
ALA_121	-5.42949	1.83516	2.20815	-0.02496	0.0006	0	3.02096	5.47955	0	0	-2.65233	-0.37684	0	0	0	0	0	0	0.16548	0	0	0	0	0.94901	0	0	2.2619	0.44968	7.88685	153	0
LYS_122	-7.36316	1.39851	5.02194	-0.29727	0.06778	0.14004	3.00147	6.60313	0.02608	0.09199	-2.58784	-0.2069	0	0	0	0	0	0	0.35128	4.0212	0.99734	3.02385	0	0.32368	0	0	-0.8895	0.3118	14.0354	191.772	60.228
LEU_123	-9.39842	2.18964	3.94188	-0.59958	0.72404	0.14045	3.78046	7.87681	0.00055	0.00132	-3.83827	0.37271	0	0	0	0	0	0	-0.07496	0.95115	0.07753	0.87362	0	-0.59456	0	0	1.3223	-0.32468	7.42199	210	0
TYR_124	-11.1746	4.91588	4.19064	-0.56801	0.04453	0.27688	3.5552	8.39172	0.02608	0.09199	-2.51809	-0.18306	0	0	0	0	0	0	0.33047	2.67596	0.25109	0	2.42487	-0.5435	0	0	1.7379	-0.65855	13.2674	237.004	10.9963
GLY_125	-5.27943	1.37622	4.12559	-0.00109	0	0	3.10097	6.39188	0	0	-2.34455	-0.31492	0	0	0	0	0	0	0.69257	0	0	0	0	1.139	0	0	1.435	0.90528	11.2265	164	0
ARG_126	-9.26144	1.39185	8.90962	-0.75908	2.53045	0.41922	4.51565	11.1233	0	0	-5.07393	0.31836	0	0	0	-2.171	0	0	0.45547	5.29614	1.63281	3.66332	0	-0.16878	0	0	-0.1423	0.97752	23.6571	188.465	76.5351
ALA_127	-3.76457	1.68424	2.55849	-0.02099	0	0	1.51407	4.54742	0.01338	0.08888	0.49913	-0.32598	0.75851	0	0	0	0	0	0.14868	0	0	0	0	0.36028	0	0	2.2619	2.74815	13.0716	110.461	42.5386
PRO_128	-4.65919	1.72716	1.12331	-0.10243	0.03357	0.06616	0.23145	2.02532	0	0	-0.11858	0.51867	0.78326	0	0	0	0	0	2.57878	1.77521	1.34115	0.43407	0	-0.59592	0	0	-4.6787	4.79678	7.28007	146.026	52.9738
GLN_129	-3.2689	0.53046	1.94839	-0.90691	0.36718	1.38056	0.76437	3.27084	0	0	0.06235	-0.61545	0	0	0	0	0	0	0.0449	6.70659	0.68036	0	6.02624	-0.04679	0	0	-0.1077	1.905	18.7415	78.7135	138.286
LEU_130	-6.13643	2.19411	0.47053	-0.37893	0.10818	0.06219	0.46019	3.19293	0	0	0.13493	-0.02304	0	0	0	0	0	0	0.02261	2.19835	1.05494	1.14341	0	0.91559	0	0	1.3223	1.31929	8.06116	172.562	37.4381
ARG_131	-4.5699	0.48352	5.64782	-0.75027	1.34966	0.50922	3.14084	6.29454	0	0	-2.13339	0.93511	0	0	0	0	0	0	0.09331	43.2194	39.7806	3.4388	0	0.14617	0	0	-0.1423	1.36384	98.807	107.789	157.211
GLU_132	-4.1094	1.44046	4.49034	-0.61973	0.723	1.11403	2.63156	5.53793	0	0	-2.10211	-0.58609	0	0	0	0	-0.44823	0	-0.16913	5.82127	1.21513	0	4.60614	-0.36922	0	0	-1.6358	0.54735	18.0875	104.664	118.336
THR_133	-4.20594	0.61666	5.00426	-0.1236	0.08414	0.05263	2.22946	5.95068	0	0	-0.14316	-0.45104	0	0	0	0	0	0	0.10164	0.81592	0.00102	0.8149	0	0.51438	0	5.04459	-0.9333	0.62183	15.9951	89.728	84.272
LEU_134	-8.34915	2.46154	4.98506	-0.51181	1.44559	0.13235	2.90087	7.90056	0	0	-1.51798	0.2207	0	0	0	0	0	0	1.07136	1.1062	0.63943	0.46676	0	-0.4826	0	0	1.3223	0.18288	13.9741	203.337	6.66281
LEU_135	-6.35272	1.49927	4.90633	-0.53667	0.84672	0.11613	3.13667	7.43566	0	0	-1.98299	0.167	0	0	0	0	0	0	0.18809	6.3447	1.84737	4.49733	0	-0.39017	0	0	1.3223	0.06084	23.1058	172.143	37.8571
GLN_136	-6.30305	2.80344	7.49887	-0.69606	0.32686	0.74017	4.24027	8.98922	0	0	-3.76884	-0.33198	0	0	0	0	-0.45854	0	0.82923	4.67387	0.60409	0	4.06978	0.16703	0	0	-0.1077	0.7561	24.0327	139.987	77.0131
ASP_137	-5.4756	1.62133	6.39065	-0.10751	0.02702	0.3226	3.49443	8.34687	0	0	-1.93476	-0.42232	0	0	0	0	0	0	-0.05311	2.27126	0.00025	0	2.27101	0.28771	0	0	-1.6204	1.53101	16.9504	127.496	57.5036
PHE_138	-11.0482	2.48109	4.28067	-0.91688	0.07984	0.33025	3.29798	9.70679	0.00185	0.01327	-2.75554	-0.02136	0	0	0	0	0	0	0.08566	2.8341	0.12209	0	2.71201	-0.51277	0	0	1.9602	1.38438	14.0354	233.426	3.57443
ARG_139	-7.67415	3.21941	7.90675	-1.2952	2.76785	0.90623	4.63609	9.99295	0	0	-4.28462	0.43597	0	0	0	0	-0.29775	0	-0.04543	16.4509	11.5431	4.90774	0	-0.2625	0	0	-0.1423	1.48755	50.2526	179.413	85.5869
VAL_140	-4.90871	1.00489	4.48378	-0.35605	0.55913	0.08449	2.54981	6.8264	0	0	-2.05783	0.09578	0	0	0	0	0	0	-0.03924	2.53237	1.39403	1.13834	0	0.00357	0	0	2.7371	1.0311	17.079	88.8868	93.1132
VAL_141	-6.03468	1.11841	3.28747	-0.31384	0.51453	0.07149	2.81033	6.54534	0	0	-1.03712	-0.10953	0	0	0	0	0	0	0.01967	0.9646	0.81122	0.15338	0	-0.51698	0	0	2.7371	0.07483	11.0962	153.873	28.1273
ALA_142	-6.19579	1.93523	3.19905	-0.02144	0	0	3.37113	7.1112	0	0	-2.75742	-0.34362	0	0	0	0	0	0	0.15188	0	0	0	0	-0.19964	0	0	2.2619	0.26611	8.77859	153	0
GLN_143	-6.67473	2.02277	6.57621	-0.32416	0.32408	0.23459	3.56548	8.47479	0.00185	0.01327	-2.75455	-0.07559	0	0	0	0	-0.28744	0	0.08568	6.75119	0.25083	0	6.50035	-0.35522	0	0	-0.1077	0.00604	24.2277	158.091	58.9092
GLY_144	-2.02524	0.30824	2.65359	-5e-05	0	0	1.55672	3.56072	0	0	-1.28688	-0.4165	0	0	0	0	0	0	-0.11701	0	0	0	0	0.35093	0	0	1.435	0.62306	6.64258	92.1021	71.8979
VAL_145	-4.84707	2.41613	1.20474	-0.38612	0.76279	0.11079	1.61905	4.10792	0.07153	0.2971	-0.17477	-0.55241	0	0	0	0	0	0	2.32943	2.99996	0.24329	2.75667	0	-0.06887	0	0	2.7371	0.96271	16.59	155.216	26.7836
GLY_146	-2.21733	0.13998	2.06445	-6e-05	0	0	1.30384	2.92813	0	0	-0.81161	-0.34138	0	0	0	0	0	0	-0.25271	0	0	0	0	-2.52281	0	0	1.435	0.1807	1.9062	118.158	45.8416
ILE_147	-9.10249	1.91768	2.54492	-0.47181	0.86947	0.09331	2.14186	7.11094	0.07153	0.2971	-1.11006	0.29706	0.4448	0	0	0	0	0	-0.17234	0.70464	0.1686	0.53604	0	-0.83285	0	0	1.8006	1.712	9.02102	205.784	1.2163
PRO_148	-4.97839	2.28309	4.23288	-0.17454	0.00019	0.12389	2.34543	4.76859	0	0	-1.65656	0.15974	0.45418	0	0	0	0	0	1.21596	1.19676	0.5393	0.65746	0	-1.66216	0	0	-4.6787	1.29292	6.12002	145.202	53.7984
GLU_149	-3.58169	0.74355	3.69481	-0.33818	0.21749	0.45647	1.37629	4.30326	0.02256	0.10952	0.18037	-0.76998	0	0	0	0	0	0	-0.0644	6.59428	0.79366	0	5.80062	-0.5488	0	0	-1.6358	-0.98875	16.3653	112.396	110.604
ASP_150	-2.4736	0.73004	3.68738	-0.21479	0.01726	0.69718	0.9319	4.00186	0	0	-0.34289	-1.85982	0	0	0	0	0	0	-0.12189	7.31011	0.87913	0	6.43098	-0.36562	0	0	-1.6204	-0.82992	16.8569	47.8185	137.182
SER_151	-5.40174	3.18633	5.30916	-0.03804	0.03433	0.0286	2.93331	6.41117	0	0	-2.25071	-0.6095	0	0	0	0	0	0	-0.03697	0.70452	0.05384	0.65068	0	0.20669	0	4.04	-0.539	0.50159	15.1843	153.426	8.57376
ILE_152	-6.59157	0.97255	1.75367	-0.47261	1.20137	0.09676	1.59269	4.82584	0.02423	0.11756	-0.23629	0.01254	0	0	0	0	0	0	1.85529	0.44045	0.01909	0.42136	0	-1.14428	0	0	1.8006	0.50561	7.19488	173.194	33.8055
PHE_153	-7.43068	1.2897	4.09119	-0.70356	0.04426	0.07114	3.77759	7.36049	0	0	-2.16031	-0.48686	0	0	0	0	0	0	0.91787	3.06015	0.00064	0	3.05951	-0.17532	0	0	1.9602	-0.31184	14.3642	165.167	71.833
THR_154	-3.22342	0.22553	1.58561	-0.16843	0.15196	0.06044	0.97301	3.25988	0.00185	0.00857	-0.19659	-0.58579	0	0	0	0	0	0	1.39024	0.21468	0.07694	0.13773	0	-0.04023	0	5.0406	-0.9333	-0.0183	7.96097	81.8379	92.1621
MET_155	-9.7817	8.37677	3.92244	-0.43565	0.4637	0.16584	1.09859	6.87266	0.03829	0.18459	-0.92968	-0.0315	0	0	0	0	0	0	0.40171	3.67078	1.19846	2.47232	0	0.06561	0	0	1.4633	-0.60838	18.6082	246.951	15.0494
ALA_156	-3.23075	0.4242	2.55961	-0.02271	0	0	1.72927	4.01906	0.01468	0.20096	-1.60149	-0.20342	0	0	0	0	0	0	0.32178	0	0	0	0	-0.04769	0	0	2.2619	-1.36479	5.06061	103.573	49.4275
ASP_157	-3.6113	1.32159	3.43919	-0.18275	0.05088	0.58745	0.98709	4.15281	0.02748	0.3832	-0.53376	-1.30454	0	0	0	0	0	0	3.32584	4.69899	0.1613	0	4.53769	0.43835	0	0	-1.6204	-0.73641	16.1227	103.787	81.2133
ARG_158	-3.33198	3.34601	2.99132	-0.85729	0.95307	0.51691	0.9125	3.56948	0.00676	0.07432	-0.06576	-0.20539	0	0	0	0	0	0	7.36569	18.188	15.1195	3.06845	0	-0.24233	0	0	-0.1423	1.50282	52.7698	85.8753	179.125
GLY_159	-1.68661	2.90309	1.9212	-0.00017	0	0	0.66547	2.47569	0	0	0.09394	-0.25668	0	0	0	0	0	0	0.10106	0	0	0	0	-1.37403	0	0	1.435	3.42332	9.70127	121.957	42.0426
GLU_160	-3.11195	2.12479	3.19685	-0.27743	0.20877	0.28903	0.75673	3.51002	0.00782	0.07248	-0.83989	-0.14545	0	0	0	0	0	0	0.17402	5.09751	0.46971	0	4.62781	0.17373	0	0	-1.6358	1.8624	16.5612	129.709	93.2906
CYS:disulfide_161	-5.64622	5.45456	1.78366	-0.06901	0.00344	0.06554	0.62107	3.51966	0.01436	0.21048	-0.27731	-0.30314	0	0	0	0	0	-0.27875	0.07315	1.81087	0.00115	1.80972	0	-0.02189	0	0	4.3148	-0.35708	12.7291	150.334	5.66604
VAL_162	-3.84592	1.2982	3.04682	-0.28299	0.36124	0.06212	1.78878	4.07082	0	0	-1.54846	-0.2944	0.03807	0	0	0	0	0	0.299	0.32163	0.05225	0.26938	0	-1.22838	0	0	2.7371	2.09845	9.24371	94.532	87.468
PRO_163	-3.33802	0.84084	1.58717	-0.13684	0.01058	0.09849	0.70804	1.74037	0	0	-0.43781	0.17111	0.04164	0	0	0	0	0	-0.19233	0.73022	0.42509	0.30513	0	-1.01451	0	0	-4.6787	1.89407	-1.24545	141.698	57.3016
GLY_164	-1.0834	0.13063	1.65494	-8e-05	0	0	0.52449	1.99354	0	0	-0.12838	-0.39023	0	0	0	0	0	0	-0.3429	0	0	0	0	-2.5	0	0	1.435	-0.96909	0.32452	81.7296	82.2704
GLU_165	-2.89784	6.0631	3.9058	-0.26009	0.07762	0.32588	2.39781	4.121	0.00159	0.03513	0.04377	-0.25832	0	0	0	0	0	0	0.00447	5.17742	1.6969	0	3.48052	-0.05946	0	0	-1.6358	-0.12379	22.0957	108.684	114.316
GLN_166	-1.27744	5.3199	1.86381	-0.44359	0.12658	0.46738	0.90309	1.94101	0	0	2.10325	-1.08933	0	0	0	0	0	0	0	13.915	0.00532	0	13.9097	0	0	0	-0.1077	0.3926	38.0296	0	230.186