label	fa_atr	fa_rep	fa_sol	fa_intra_atr_xover4	fa_intra_rep_xover4	fa_intra_sol_xover4	lk_ball	lk_ball_iso	lk_ball_bridge	lk_ball_bridge_uncpl	fa_elec	fa_intra_elec	pro_close	hbond_sr_bb	hbond_lr_bb	hbond_bb_sc	hbond_sc	dslf_fa13	omega	fa_dun	fa_dun_dev	fa_dun_rot	fa_dun_semi	p_aa_pp	yhh_planarity	hxl_tors	ref	rama_prepro	total	BSA	SASA
GLN_1	-2.57037	0.21574	2.00521	-0.63513	0.16522	0.5909	1.38383	2.29643	0	0	0.34833	1.05211	0	0	0	0	0	0	0.50827	8.51773	1.22775	0	7.28998	0	0	0	-0.1077	0	22.2883	18.259	198.741
GLY_2	-3.01848	0.15661	1.96588	-6e-05	0	0	0.4015	3.18402	0	0	0.24544	-0.33212	0	0	0	0	0	0	0.05167	0	0	0	0	-2.49216	0	0	1.435	-0.8297	0.76761	155.304	8.69559
LEU_3	-5.45193	4.55631	3.37414	-0.60895	2.03433	0.19713	1.93386	5.19437	0.0314	0.15697	-0.86234	0.30202	0	0	0	0	0	0	5.18912	19.9129	19.4877	0.42522	0	-0.51777	0	0	1.3223	-1.05032	55.6265	152.606	57.3942
GLU_4	-4.28523	1.77538	4.58168	-0.41115	0.05638	1.08322	1.38768	5.37897	0	0	-0.3267	-0.02221	0	0	0	0	0	0	0.29931	10.2905	3.56146	0	6.72908	0.61209	0	0	-1.6358	-0.05915	29.0155	118.634	104.366
TYR_5	-10.5894	3.72916	5.82117	-0.98409	0.20738	0.58115	4.24508	9.23305	0.03735	0.21253	-2.54012	-0.29762	0	0	0	0	0	0	0.88225	2.92414	0.08357	0	2.84057	-0.57816	0	0	1.7379	0.01378	17.5597	239.639	8.361
GLN_6	-7.09234	0.90321	5.87588	-0.28538	0.03561	0.21106	3.59207	7.97344	0	0	-3.41436	-0.62019	0	0	0	-0.37693	0	0	0.41388	13.5779	9.74872	0	3.82919	0.26976	0	0	-0.1077	0.53259	35.0664	153.939	63.0611
PHE_7	-7.50594	1.87943	3.77428	-0.62341	0.22383	0.37364	3.00745	6.4498	0	0	-2.97406	0.13167	0	0	0	0	0	0	0.01824	3.40612	0.84575	0	2.56037	-0.34455	0	0	1.9602	0.28892	13.4718	156.13	80.8702
GLU_8	-6.46744	0.81546	6.92222	-0.30441	0.17861	0.32052	3.55043	7.39051	0.03143	0.24622	-4.28995	-0.4009	0	0	0	0	-0.57761	0	1.10664	5.91349	1.18138	0	4.73211	-0.10066	0	0	-1.6358	0.20877	18.821	205.298	17.7021
VAL_9	-4.97949	0.82158	3.36773	-0.30789	0.24182	0.06531	3.20906	5.41307	0	0	-2.87081	-0.45269	0	0	0	0	0	0	0.89449	1.26307	0.09335	1.16973	0	-0.79818	0	0	2.7371	0.41258	10.2798	124.348	57.6516
GLN_10	-5.82934	1.61329	5.57869	-0.32513	0.06819	0.17076	3.3339	6.42195	0.03143	0.24622	-2.62064	-0.19454	0	0	0	0	0	0	0.06881	7.23705	3.21482	0	4.02223	-0.2067	0	0	-0.1077	0.12974	22.853	180.317	36.6833
GLY_11	-2.85631	0.69476	3.18087	-0.00082	0	0	2.70518	4.25571	0	0	-2.83142	-0.3058	0	0	0	0	0	0	0.95593	0	0	0	0	1.2319	0	0	1.435	1.96049	10.4255	135.96	28.0398
GLN_12	-5.63583	2.99805	6.15593	-0.41769	0.43653	0.27625	3.02495	6.81722	0.01246	0.04897	-2.95709	-0.1986	0	0	0	0	0	0	0.18148	4.30252	0.97117	0	3.33135	-0.05757	0	0	-0.1077	3.14718	22.3296	161.187	55.8135
SER_13	-3.14766	2.01004	3.62011	-0.03707	0.004	0.02311	2.4327	4.46453	0.00064	0.00497	-2.5302	-0.50182	0	0	0	0	0	0	0.29877	3.6021	2.94598	0.65612	0	0.13508	0	4.04	-0.539	1.45444	18.9368	94.2738	67.7262
GLU_14	-6.11593	2.97005	6.27519	-0.21731	0.21171	0.40432	3.18228	7.24851	0	0	-2.82646	-0.37362	0	0	0	0	0	0	0.21063	12.1214	6.43911	0	5.68228	-0.24461	0	0	-1.6358	0.28801	33.6197	192.141	30.8593
TYR_15	-6.08824	1.6175	3.69993	-0.74498	0.07122	0.10081	3.05831	6.36345	0.03912	0.19213	-2.70376	-0.44945	0	0	0	0	0	0	2.79569	3.45344	0.04836	0	3.40508	-0.03375	0	0	1.7379	0.0092	16.5719	159.186	88.814
VAL_16	-5.40072	0.54612	2.67275	-0.25062	0.16972	0.05107	2.31904	5.40809	0	0	-0.93919	-0.4638	0	0	0	0	0	0	0.00636	2.68956	2.39576	0.2938	0	-0.90672	0	0	2.7371	-0.32069	11.0076	145.874	36.1261
ASP_17	-3.76056	0.84697	4.4961	-0.15623	0.06099	0.49708	3.27613	5.76273	0.03229	0.11118	-2.93269	-1.53698	0	0	0	0	0	0	0.71833	4.94564	0.00332	0	4.94232	1.32419	0	0	-1.6204	0.27492	17.2853	119.306	65.6938
THR_18	-2.43232	1.01037	1.50455	-0.14592	0.17318	0.10628	0.80863	2.54628	0	0	-0.08622	-1.20633	0	0	0	0	0	0	115.38	2.91077	1.45992	1.45086	0	-0.64264	0	5.0503	-0.9333	1.99053	128.945	71.4966	102.503
ASN_19	-4.92722	0.5686	3.81482	-0.19447	1.73255	0.27564	2.85357	5.45993	0.09462	0.52934	-1.86342	-1.36672	0	0	0	0	0	0	0.92198	8.30353	0.08713	0	8.21639	-0.03753	0	0	-0.3009	4.71451	28.8824	122.623	61.3768
PHE_20	-4.73331	0.47912	3.22985	-0.64619	0.07607	0.40084	2.8152	4.65415	0.08779	0.44825	-2.91453	0.25358	0	0	0	0	0	0	0.02625	5.29869	2.69342	0	2.60526	-0.50657	0	0	1.9602	2.62772	18.8558	109.821	127.179
THR_21	-5.12691	1.40994	4.57297	-0.15562	0.12554	0.05514	3.34106	6.14136	0.00064	0.00497	-2.61052	-0.55852	0	0	0	0	0	0	0.76395	0.59598	0.00065	0.59533	0	-0.0376	0	5.0294	-0.9333	-0.0932	13.1212	152.581	21.4187
GLY_22	-3.27388	0.88609	3.54987	-0.00101	0	0	2.89581	4.87937	0	0	-2.52107	-0.33751	0	0	0	0	0	0	-0.04992	0	0	0	0	1.47548	0	0	1.435	2.52944	11.4677	143.548	20.4519
THR_23	-4.57564	0.95201	4.30039	-0.15459	0.11227	0.0582	3.4553	5.89347	0.00073	0.01595	-2.28679	-0.6671	0	0	0	0	0	0	1.40613	0.63219	0.25725	0.37494	0	0.25476	0	5.03995	-0.9333	2.95278	17.0889	147.193	26.8072
ALA_24	-2.98763	0.43259	2.59448	-0.0238	0.0001	0	2.5953	4.0837	0	0	-2.42035	-0.39993	0	0	0	0	0	0	0.11135	0	0	0	0	0.69704	0	0	2.2619	1.01335	7.95809	97.1385	55.8615
GLN_25	-4.58365	0.96091	3.81906	-0.35268	0.05015	0.22994	3.12389	5.22564	0.02135	0.23779	-2.33359	-0.64276	0	0	0	0	0	0	0.27013	4.78465	0.18115	0	4.6035	-0.14778	0	0	-0.1077	0.58533	15.9253	144.79	72.2096
GLY_26	-3.02398	0.47406	3.32655	-0.00096	0	0	3.15248	4.59456	0	0	-3.04874	-0.35262	0	0	0	0	0	0	0.29943	0	0	0	0	2.15436	0	0	1.435	2.81177	11.8219	143.803	20.1969
THR_27	-5.73785	1.11117	3.87846	-0.15178	0.11367	0.05179	3.17881	6.04591	0.00205	0.00712	-2.04613	-0.67415	0	0	0	0	0	0	0.55758	1.26493	0.97233	0.2926	0	-0.34192	0	5.0805	-0.9333	2.54763	15.2194	159.552	14.4484
TYR_28	-7.20169	1.4269	3.60172	-0.89514	0.12161	0.24695	3.34957	6.83736	0.01967	0.12202	-2.6933	-0.41374	0	0	0	0	0	0	0.10139	3.75732	0.29006	0	3.46726	-0.10072	0	0	1.7379	0.11173	13.8869	165.296	82.7044
TYR_29	-10.5097	1.89754	3.35657	-0.62695	0.0941	0.34125	3.31548	7.95736	0.02173	0.12914	-2.02791	-0.11277	0	0	0	-0.37693	0	0	1.11187	3.23186	0.52263	0	2.70924	-0.23917	0	0	1.7379	-0.29683	12.2364	235.837	12.163
PHE_30	-5.47992	0.44536	2.68499	-0.60959	1.15841	0.31637	1.13135	4.95255	0	0	-0.73844	-0.3261	0	0	0	0	0	0	0.15227	4.7119	0.81298	0	3.89891	-0.00901	0	0	1.9602	-0.46284	14.5994	121.518	115.482
LYS_31	-3.28663	0.62793	3.49138	-0.54324	1.49137	0.2595	1.53875	4.27259	0.11516	0.62531	0.02769	0.21774	0	0	0	0	0	0	0.80303	14.042	9.78198	4.26007	0	0.03455	0	0	-0.8895	-0.26431	36.6054	93.7235	158.276
ASN_32	-4.46392	1.65044	4.04716	-0.2066	0.05977	0.34865	1.32885	5.01573	0.02592	0.10669	-0.12757	-0.62975	0	0	0	0	0	0	0.35897	4.27723	0.34505	0	3.93218	0.02207	0	0	-0.3009	0.64794	16.4379	97.1907	86.8093
VAL_33	-7.94038	1.28707	2.7525	-0.28369	0.46826	0.06361	3.65041	7.12037	2e-05	6e-05	-1.91804	-0.08367	0	0	0	0	0	0	-0.00126	0.2446	0.03904	0.20556	0	-0.91321	0	0	2.7371	0.36031	7.78869	180.975	1.02469
ASP_34	-4.5925	0.20289	6.46499	-0.24373	0.23162	0.80381	3.75271	7.39865	0.10375	0.42916	-1.82559	-1.27902	0	0	0	-1.65712	0	0	-0.04967	2.58871	0.00125	0	2.58745	-0.97555	0	0	-1.6204	-0.82915	11.4923	132.745	52.2552
ALA_35	-4.47782	2.20275	1.91579	-0.02735	0.02378	0	2.31089	4.99524	2e-05	6e-05	-1.0533	-0.41376	0	0	0	0	0	0	0.20303	0	0	0	0	0.50433	0	0	2.2619	-0.49304	7.95252	151.176	1.82445
SER_36	-2.19407	3.83287	2.61165	-0.0512	0.02889	0.07519	1.35549	3.25295	0	0	-1.40588	0.01784	0	0	0	-0.53186	0	0	-0.16694	1.8187	1.30828	0.51042	0	-0.11172	0	4.04	-0.539	0.33514	14.1867	77.323	84.677
LYS_37	-3.32554	0.9528	3.99726	-0.69424	1.82174	0.50263	1.53529	4.1133	0.1572	0.59367	-0.33704	0.0649	0	0	0	-0.49154	0	0	0.27846	7.28755	2.44972	4.83783	0	0.00335	0	0	-0.8895	0.16924	23.0271	128.695	123.305
GLY_38	-2.14756	0.6878	2.10227	-0.00127	0	0	0.97127	2.92194	0	0	0.27631	-0.32685	3.70298	0	0	0	0	0	0.1631	0	0	0	0	-2.47977	0	0	1.435	3.73666	11.0419	148.459	15.5412
PRO_39	-5.76201	2.50484	2.39532	-0.18128	0.00195	0.12685	1.54953	3.44326	0	0	-0.85044	0.00786	3.73319	0	0	0	0	0	0.85768	1.89895	0.09789	1.80106	0	-1.35206	0	0	-4.6787	3.67046	9.26434	197.717	1.2832
LEU_40	-7.68056	3.80014	3.10274	-0.45882	0.27203	0.10363	3.5611	6.44995	4e-05	0.00063	-2.67976	0.18834	0	0	0	0	0	0	-0.10885	0.6184	0.22413	0.39428	0	-0.51588	0	0	1.3223	-0.55524	8.0386	200.52	9.47953
ALA_41	-3.48046	0.75057	2.30396	-0.02364	0.00073	0	0.85403	4.15481	0.01164	0.1086	0.42967	-0.37468	0	0	0	0	0	0	1.26111	0	0	0	0	-0.53689	0	0	2.2619	-0.29774	7.42361	135.01	17.9904
GLU_42	-6.21046	1.2058	6.60532	-0.43868	0.2047	0.87957	3.7151	7.6737	0.00015	0.0044	-4.36399	-0.48762	0	0	0	0	-0.45195	0	0.47113	4.08538	0.30393	0	3.78144	0.43783	0	0	-1.6358	0.17001	15.95	201.936	21.0636
ALA_43	-5.41149	0.83673	3.60271	-0.02272	0	0	2.85364	6.90823	0.05811	0.38044	-1.16273	-0.37089	0	0	0	0	0	0	-0.1321	0	0	0	0	-0.40728	0	0	2.2619	-0.22661	9.16795	151.975	1.02469
ALA_44	-4.45242	0.87945	3.09717	-0.01856	0	0	2.28435	5.98179	4e-05	0.00063	-1.08624	-0.32668	0	0	0	0	0	0	1.49286	0	0	0	0	0.32789	0	0	2.2619	0.59514	11.0373	133.211	19.7895
PHE_45	-8.55256	0.84609	4.14708	-0.93231	0.12553	0.32928	1.75618	6.75655	0.01155	0.15527	-0.86289	0.0676	0	0	0	0	0	0	0.04825	2.60724	0.22984	0	2.3774	-0.73263	0	0	1.9602	1.7945	12.1322	230.886	6.11421
LEU_46	-7.10432	1.53653	3.66785	-0.50962	0.59872	0.13644	1.97339	6.12679	0.14944	0.80713	-0.8239	0.21106	0	0	0	0	0	0	2.92221	0.77644	0.37194	0.4045	0	-0.48823	0	0	1.3223	0.49627	12.575	190.82	19.1799
ASN_47	-6.20962	2.23497	7.04149	-0.23487	0.20214	0.3708	4.00318	9.03234	0.00748	0.05142	-1.50351	-0.81519	0	0	0	-1.12526	0	0	0.36244	20.2582	11.3734	0	8.8848	-1.08209	0	0	-0.3009	-0.80243	51.7488	132.046	51.9539
GLN_48	-5.98734	1.89697	4.02902	-0.32507	0.22701	0.34531	2.24856	5.77979	0.01155	0.15527	-1.51419	-0.79866	0	0	0	0	0	0	0.55571	4.64915	0.95166	0	3.69749	-0.44357	0	0	-0.1077	-0.16389	15.2071	150.873	66.1273
ALA_49	-4.25324	0.61279	2.23959	-0.02912	0.00933	0	1.61087	4.86257	0	0	-1.17389	-0.41499	0	0	0	-0.67501	0	0	5.61835	0	0	0	0	0.65977	0	0	2.2619	1.06435	12.3933	147.107	5.89312
SER_50	-5.00892	0.43754	4.02796	-0.03537	0.01373	0.02177	2.69288	5.76357	0.07781	0.41278	-2.45184	-0.53721	0	0	0	0	0	0	0.92894	0.93552	0.2673	0.66822	0	-0.17713	0	4.04	-0.539	0.72151	12.2601	133.055	28.9454
ASN_51	-7.66564	1.63526	5.83153	-0.39586	0.10144	0.76319	4.19791	8.48205	0	0	-3.24963	-0.69904	0	0	0	-0.67501	-0.70527	0	1.01003	3.66336	0.60529	0	3.05807	0.39824	0	0	-0.3009	1.41383	17.4689	180.959	3.04075
VAL_52	-5.32845	2.64153	3.15373	-0.37365	0.78586	0.08834	3.14818	5.76211	0	0	-2.44861	-0.05752	0	0	0	0	0	0	2.72194	1.57025	0.18764	1.3826	0	-0.57011	0	0	2.7371	0.86947	16.2704	122.201	59.7991
SER_53	-5.27351	2.59424	4.73448	-0.03305	0.01609	0.03358	3.92601	6.58081	0.04078	0.37466	-2.44328	-0.22107	0	0	0	0	0	0	0.58562	6.34503	4.9398	1.40523	0	-0.30974	0	4.04	-0.539	-0.50102	26.2957	152.902	9.09777
VAL_54	-4.14392	0.80297	3.12931	-0.31109	0.35225	0.06814	3.14791	5.05176	0.01943	0.13687	-2.50255	-0.5147	0	0	0	0	0	0	0.01975	1.1847	0.5282	0.65649	0	-0.64346	0	0	2.7371	-0.4614	9.25777	94.6255	87.3745
ALA_55	-3.57868	0.79955	2.52586	-0.01951	0	0	2.69899	4.41766	0	0	-2.52264	-0.39889	0	0	0	0	0	0	0.67085	0	0	0	0	-0.78068	0	0	2.2619	-0.47829	5.59612	119.343	33.6567
TYR_56	-6.73213	19.7444	3.83783	-0.75271	0.08545	0.09729	3.36333	6.65391	0.01051	0.09629	-2.67706	-0.41568	0	0	0	0	0	0	0.2038	4.69664	0.35942	0	4.33722	-0.28242	0	0	1.7379	-0.30642	34.0576	163.354	84.6461
ASN_57	-6.24793	1.33375	6.23662	-0.29177	0.02492	0.46455	4.36549	8.30382	0.02255	0.30706	-2.84929	-0.28685	0	0	0	0	0	0	1.3888	4.48851	0.36038	0	4.12812	0.93403	0	0	-0.3009	0.01157	22.3934	146.067	37.9332
TYR_58	-7.23798	2.24318	5.69776	-0.69229	0.06751	0.09943	3.61855	7.87539	0.00073	0.01595	-2.11798	-0.43743	0	0	0	0	0	0	0.28672	4.21609	0.16763	0	4.04847	-0.19877	0	0	1.7379	0.08469	19.4755	174.97	73.0298
ILE_59	-5.26197	0.60375	4.60914	-0.50765	2.73493	0.1122	3.2078	6.21659	0.00065	0.00248	-1.86068	-0.03751	0	0	0	0	0	0	0.10981	0.52211	0.12665	0.39545	0	-0.53398	0	0	1.8006	0.24294	12.4833	144.988	62.0123
LYS_60	-5.0644	1.90957	4.04989	-0.41999	0.10327	0.24066	2.77473	4.80787	0	0	-2.21088	0.33537	0	0	0	0	0	0	10.584	8.14944	4.66896	3.48048	0	0.58837	0	0	-0.8895	0.81281	33.9206	153.018	98.9815
TYR_61	-2.4895	0.7136	2.08838	-0.49655	0.10597	-0.02847	0.50067	2.4161	0.00065	0.00248	-0.70884	-0.24804	0	0	0	0	0	0	7.56611	6.03492	2.87957	0	3.15535	4.19485	0	0	1.7379	7.3779	34.8031	62.0296	185.97
GLU_62	-2.34219	0.38406	2.5391	-0.38594	0.19899	0.69366	1.03428	2.83347	0.01155	0.06128	-0.22482	-0.54192	0	0	0	0	0	0	0.75718	11.9953	7.13354	0	4.86177	4.16169	0	0	-1.6358	11.9805	43.5157	82.6599	140.34
SER_63	-3.4856	0.2572	4.11919	-0.03275	0.0437	0.05319	2.87788	5.06415	0.00013	0.00213	-2.33261	0.17843	0	0	0	0	0	0	0.6134	4.87944	4.58291	0.29653	0	-0.4686	0	4.04	-0.539	5.77194	25.9217	136.034	25.9664
HIS_64	-5.68181	19.5627	4.22506	-0.389	0.0061	0.4737	3.04938	6.08548	0	0	-2.52521	-0.05427	0	0	0	0	0	0	0.13818	4.44195	0.00083	0	4.44112	-0.02531	0	0	0.8406	0.38869	34.9782	170.858	70.1425
THR_65	-6.54062	2.31102	5.10701	-0.16606	0.18692	0.05772	3.89793	7.61859	0.01403	0.24826	-2.64838	-0.48885	0	0	0	0	0	0	-0.02077	0.34832	0.00259	0.34573	0	-0.18943	0	5.03782	-0.9333	-0.1928	13.9958	147.168	26.8317
TYR_66	-5.98487	1.45637	3.08671	-0.63712	0.13605	0.3682	3.19901	5.57562	0	0	-3.06853	-0.19194	0	0	0	0	0	0	0.29355	3.0612	0.44517	0	2.61604	-0.15088	0	0	1.7379	-0.24276	11.6997	131.467	116.533
GLY_67	-3.26346	1.13105	2.97796	-0.00125	0	0	2.69519	4.54602	0	0	-2.62467	-0.36835	0	0	0	0	0	0	0.03263	0	0	0	0	0.78988	0	0	1.435	1.23267	8.58268	152.176	11.8243
VAL_68	-4.631	1.03082	2.87147	-0.35168	0.42382	0.08344	3.26026	5.09306	0	0	-2.79213	-0.27712	0	0	0	0	0	0	1.21096	1.62975	0.56933	1.06042	0	-0.47437	0	0	2.7371	1.5562	13.0003	117.018	64.9824
LYS_69	-5.70047	1.97902	5.42024	-0.30482	0.0808	0.1002	3.54653	6.39229	0.07162	0.29171	-3.1767	0.00546	0	0	0	0	0	0	1.69041	6.52209	3.63115	2.89094	0	-0.08445	0	0	-0.8895	0.12312	22.5897	175.319	76.6811
GLY_70	-3.25667	1.07077	3.33777	-0.00135	0	0	2.60304	4.40798	0	0	-2.84391	-0.35048	0	0	0	0	0	0	0.77759	0	0	0	0	1.14893	0	0	1.435	2.10608	10.4347	138.523	25.4769
GLU_71	-5.60204	0.58944	6.00854	-0.22057	0.05404	0.29704	3.97964	6.79801	0.01901	0.10548	-3.90161	-0.51097	0	0	0	0	-1.36964	0	-0.02139	6.41582	1.17006	0	5.24576	0.05226	0	0	-1.6358	1.95847	19.4316	184.999	38.0009
ALA_72	-3.53831	0.77062	2.93527	-0.02708	0.0093	0	2.96992	4.83437	0	0	-2.49633	-0.42488	0	0	0	0	0	0	2.7026	0	0	0	0	0.99777	0	0	2.2619	0.80042	11.7956	104.725	48.2749
TYR_73	-8.19273	1.52513	2.67081	-0.61157	0.1798	0.32581	1.6319	5.52601	0.01323	0.31633	-0.12862	-0.20785	0	0	0	0	0	0	0.3428	3.17374	0.12071	0	3.05303	-0.02888	0	0	1.7379	0.53191	11.9795	225.275	22.7245
LEU_74	-4.37636	0.68189	3.60286	-0.6508	0.46258	0.23498	2.85929	4.91902	0.02244	0.14443	-2.17791	0.03087	2.56648	0	0	0	0	0	3.40734	3.84208	2.6683	1.17378	0	0.12255	0	0	1.3223	2.96269	23.8188	98.2715	111.728
PRO_75	-2.82761	0.89647	1.1062	-0.12204	0.00302	0.09225	0.42245	1.65034	0	0	-0.43747	0.22587	2.59422	0	0	0	0	0	-0.02343	1.94796	1.75251	0.19546	0	-1.70485	0	0	-4.6787	2.63905	3.73171	79.0755	119.924
THR_76	-4.62231	1.28847	3.67671	-0.12542	0.32059	0.08056	2.17375	5.22402	0	0	0.75754	-0.82102	2.79955	0	0	0	0	0	-0.03251	2.75493	2.573	0.18192	0	-0.68078	0	4.99229	-0.9333	1.96885	21.5768	129.744	44.2562
PRO_77	-1.59298	0.54841	0.88221	-0.07633	0	0.04697	0.18329	1.08187	0	0	0.56025	0.5761	2.8012	0	0	0	0	0	-0.10113	1.38725	0.72674	0.66051	0	-0.72025	0	0	-4.6787	2.41805	4.70347	49.3849	149.615
TYR_78	-2.70606	0.70114	2.20222	-0.57052	0.41547	0.29945	0.96445	2.7879	0	0	0.54944	-0.02686	0	0	0	0	0	0	-0.01911	4.05888	0.44537	0	3.61352	0.20217	0	0	1.7379	2.58728	17.2426	50.0123	197.988
LEU_79	-4.39158	0.89005	2.78228	-0.47193	0.26144	0.09638	1.18111	4.32705	0.02244	0.14443	0.20571	0.13378	3.10666	0	0	0	0	0	1.39985	1.62453	1.01574	0.60879	0	-0.49128	0	0	1.3223	4.85701	18.6248	123.744	86.256
PRO_80	-4.65349	0.87552	2.66377	-0.13999	0.00402	0.10011	1.8356	3.38823	0	0	-1.83405	0.18499	3.10829	0	0	0	0	0	-0.08759	0.44195	0.02479	0.41716	0	-0.97753	0	0	-4.6787	1.65038	2.32347	154.934	44.0662
VAL_81	-5.21889	0.47419	3.3371	-0.23236	0.1197	0.04271	3.27098	5.6496	0	0	-3.02421	0.07347	0	0	0	0	0	0	2.60454	15.8746	13.9575	1.9171	0	-0.31374	0	0	2.7371	-0.38081	40.8886	131.007	50.9934
TYR_82	-9.73042	2.17363	4.71044	-0.81689	0.23894	0.14682	4.0978	8.82644	0.01349	0.31763	-3.21594	-0.58007	0	0	0	0	-0.66437	0	0.32364	3.20193	0.56385	0	2.63808	-0.44622	0	0	1.7379	0.81303	14.3497	245.693	2.30672
ALA_83	-4.0622	0.76121	2.94513	-0.02357	0	0	3.05306	5.43835	0	0	-2.66392	-0.39509	0	0	0	0	0	0	-0.00858	0	0	0	0	-0.35576	0	0	2.2619	0.69772	7.64824	104.546	48.4541
SER_84	-5.1117	0.80345	5.68506	-0.0553	0.20585	0.08159	4.2764	6.75912	0.00109	0.01867	-2.1309	-0.68258	0	0	0	0	0	0	0.1417	6.24903	5.83015	0.41888	0	-0.52013	0	4.04	-0.539	-0.19184	25.2795	156.284	5.71591
ALA_85	-3.38618	1.35391	2.92106	-0.02318	0	0	2.84227	4.53482	0	0	-2.7049	-0.43237	0	0	0	0	0	0	0.19286	0	0	0	0	-0.16572	0	0	2.2619	0.02217	7.41664	98.6658	54.3342
SER_86	-4.24995	0.96494	4.35695	-0.03989	0.08076	0.05488	3.21742	5.54896	9e-05	0.00457	-2.94904	-0.43318	0	0	0	0	0	0	0.80552	3.97831	3.85264	0.12566	0	-0.80034	0	4.04	-0.539	-0.09154	17.9278	145.626	16.3738
TYR_87	-7.02811	1.99732	5.61388	-0.8203	0.1019	0.1159	3.64079	8.17963	0.02913	0.24959	-2.3056	-0.49877	0	0	0	0	0	0	0.07706	3.09497	0.23641	0	2.85856	-0.36419	0	0	1.7379	0.08706	17.0031	142.296	105.704
ASN_88	-5.48468	1.17591	4.76533	-0.21424	0.07363	0.34039	3.23229	6.96909	0.02416	0.22193	-2.3644	-0.85331	0	0	0	0	0	0	0.33012	3.47221	0.00627	0	3.46594	0.75879	0	0	-0.3009	0.66676	16.2853	137.446	46.5537
HIS_89	-6.45469	1.98759	6.72627	-0.63488	0.03131	0.5041	4.58605	8.73918	0.00496	0.02766	-1.90056	-0.91066	0	0	0	0	0	0	1.81511	4.37876	1.12923	0	3.24953	-0.19465	0	0	0.8406	-0.07812	23.8468	167.779	73.2208
THR_90	-4.7675	1.08722	4.07944	-0.17544	0.22594	0.06219	2.45433	5.79324	0	0	-0.90174	-0.45647	0	0	0	0	0	0	0.09118	0.95558	0.56809	0.38749	0	-0.2504	0	5.02088	-0.9333	-0.23896	13.0018	133.591	40.4091
ILE_91	-3.44697	0.85401	2.3812	-0.5067	0.47424	0.13253	2.18249	3.62386	0.01341	0.09664	-1.24154	-0.03716	0	0	0	0	0	0	69.6191	20.0948	19.4061	0.68864	0	0.53702	0	0	1.8006	2.30909	118.981	89.1944	117.806
GLY_92	-1.87321	0.13413	2.65508	-0.0001	0	0	1.95149	3.20512	0	0	-0.19646	-0.22943	0	0	0	0	0	0	0.70452	0	0	0	0	-2.11623	0	0	1.435	4.41711	10.087	86.5606	77.4394
ASP_93	-3.68478	2.09277	4.45621	-0.09607	0.01889	0.26356	2.97359	5.3499	0	0	1.14372	-0.18252	0	0	0	0	0	0	0.32828	6.11376	1.19889	0	4.91487	-0.36761	0	0	-1.6204	2.3227	25.2258	126.219	58.781
ARG_94	-4.96982	0.64269	5.05678	-0.89924	0.37618	0.5502	3.23916	6.23562	0	0	-3.04489	0.57791	0	0	0	0	0	0	0.62788	8.29092	3.59768	4.69325	0	-0.1831	0	0	-0.1423	-0.17993	24.469	147.593	117.407
TYR_95	-6.18792	1.54111	4.18809	-0.98756	0.12497	0.55637	3.08126	6.12279	0.02319	0.17305	-2.57222	-0.27214	0	0	0	0	-0.16841	0	0.00276	2.91971	0.39499	0	2.52471	-0.62159	0	0	1.7379	-0.45483	12.1262	168.7	79.3002
ALA_96	-4.16612	0.80657	3.36343	-0.02278	0	0	3.15563	5.3994	0	0	-2.87601	-0.42527	0	0	0	0	0	0	1.11183	0	0	0	0	-0.37642	0	0	2.2619	-0.09532	8.13687	128.908	24.0919
LEU_97	-4.91868	3.00613	2.97302	-0.49819	0.83157	0.10614	2.93974	5.05793	0	0	-2.52718	0.01083	0	0	0	0	0	0	0.01149	0.96948	0.10902	0.86046	0	0.20831	0	0	1.3223	0.02724	10.4896	129.543	80.4567
GLU_98	-6.39731	1.40885	7.67879	-0.21981	0.07412	0.36428	5.30286	8.85756	0.08718	0.5525	-4.09466	-0.52325	0	0	0	0	-1.12018	0	0.72297	7.73223	2.66787	0	5.06436	-0.12384	0	0	-1.6358	-0.0429	26.3558	211.334	11.6663
ALA_99	-3.20409	0.38694	2.56141	-0.02475	0.00099	0	2.73585	4.40619	0	0	-2.19447	-0.46288	0	0	0	0	0	0	1.0275	0	0	0	0	-0.05331	0	0	2.2619	0.08251	7.5238	98.3243	54.6757
GLY_100	-3.37999	1.31109	2.89802	-0.00118	0	0	2.67634	4.52116	0	0	-2.25124	-0.3146	0	0	0	0	0	0	-0.13451	0	0	0	0	-2.19418	0	0	1.435	1.08016	5.64607	146.205	17.7952
ALA_101	-4.44807	0.30891	2.87771	-0.0203	0	0	2.8163	5.24736	0	0	-2.56187	-0.38432	0	0	0	0	0	0	1.20813	0	0	0	0	-0.71806	0	0	2.2619	0.89791	7.48559	133.334	19.6656
MET_102	-8.45862	12.9172	4.57024	-0.31752	0.09051	0.04865	2.38864	6.57805	0	0	-0.99756	-0.26335	0	0	0	0	0	0	-0.05869	7.95116	5.97819	1.97297	0	0.10465	0	0	1.4633	0.99348	34.9613	250.22	11.7799
LEU_103	-4.1311	0.66861	1.51431	-0.51895	0.6478	0.14054	1.12424	3.20283	0	0	-0.30272	0.24839	0	0	0	0	0	0	1.1523	2.49523	2.09986	0.39537	0	-0.43706	0	0	1.3223	0.94794	10.5699	115.776	94.2239
LEU_104	-3.91758	0.5787	4.0406	-0.39949	0.39418	0.05326	2.4134	4.95864	0	0	-1.10903	0.04468	3.47659	0	0	0	0	0	-0.01882	3.43062	2.32034	1.11027	0	0.93275	0	0	1.3223	2.70992	22.3413	90.4323	119.568
PRO_105	-2.52217	0.63069	1.48395	-0.10818	0.00227	0.08128	0.45536	2.11467	0	0	0.10198	0.27675	3.49601	0	0	0	0	0	0.58242	1.33357	1.15013	0.18344	0	-1.56375	0	0	-4.6787	2.32024	5.33993	74.7999	124.2
ASN_106	-5.39383	10.2713	3.35939	-0.19212	0.01671	0.32023	2.50853	5.45861	0.04833	0.43791	-1.35905	-0.98398	0	0	0	0	0	0	0.12211	3.25121	1.114	0	2.13721	-1.32583	0	0	-0.3009	0.10027	19.5901	135.303	48.6972
PHE_107	-8.16727	3.93397	4.72554	-0.79662	0.27946	0.1707	2.96789	7.60243	0.03169	0.09906	-1.73856	-0.34	0	0	0	0	0	0	-0.07622	3.94946	0.12397	0	3.82549	-0.34466	0	0	1.9602	0.82749	19.034	198.198	38.8016
LEU_108	-8.68229	1.91922	3.51448	-0.56522	0.16948	0.14374	3.08199	7.32416	0	0	-2.7451	0.17965	0	0	0	0	0	0	4.20587	1.36521	0.47122	0.89399	0	-0.5572	0	0	1.3223	0.03903	12.0805	208.718	1.28203
VAL_109	-5.64908	1.62083	2.54086	-0.28274	0.56728	0.05774	2.73549	5.49471	0.03169	0.09906	-2.61128	-0.26751	0	0	0	0	0	0	0.29032	1.29837	0.69819	0.60018	0	-1.27798	0	0	2.7371	-0.5991	8.08413	146.796	35.2043
ALA_110	-5.03214	1.16317	2.71769	-0.02432	0.0001	0	2.89892	5.69786	0	0	-2.82512	-0.39277	0	0	0	0	0	0	0.00312	0	0	0	0	-0.00199	0	0	2.2619	-0.05562	6.4108	152.392	0.60815
VAL_111	-3.93302	0.72689	2.99475	-0.33123	0.78042	0.0733	2.9197	4.95686	0	0	-2.26464	-0.45528	0	0	0	0	0	0	-0.07497	0.98519	0.24829	0.7369	0	-0.60173	0	0	2.7371	0.14252	9.64103	88.1758	93.8242
GLY_112	-3.7612	1.06966	3.53859	-0.0014	0	0	2.99953	5.10076	0	0	-2.25668	-0.32544	0	0	0	0	0	0	1.85448	0	0	0	0	-2.17047	0	0	1.435	1.00231	8.48514	145.311	18.6892
TYR_113	-6.43855	3.61186	4.15294	-1.15016	0.41944	0.53836	3.70649	6.61971	0	0	-2.92644	-0.40695	0	0	0	0	-0.16841	0	0.37498	6.71134	3.2722	0	3.43914	-0.6346	0	0	1.7379	1.49369	24.3529	173.985	74.015
THR_114	-5.4272	2.78032	4.33979	-0.21043	0.31708	0.08545	3.50758	6.5135	0.02308	0.17165	-2.67352	-0.07537	0	0	0	0	0	0	3.06052	8.2617	6.72192	1.53978	0	-0.13794	0	5.05182	-0.9333	0.08652	33.003	156.227	17.7728
SER_115	-4.28111	2.6082	4.29218	-0.02826	0.0036	0.0326	2.51363	5.36591	0.0001	0.0014	-1.90422	-0.141	0	0	0	0	0	0	0.73483	3.08592	0.00129	3.08462	0	-0.87368	0	4.04	-0.539	-0.02167	17.9753	144.686	17.3141
VAL_116	-2.02602	0.34796	1.23615	-0.28681	0.31514	0.06624	0.72446	2.16777	0	0	-0.38272	-0.04121	0	0	0	0	0	0	25.9288	1.85456	0.36395	1.49061	0	0.25549	0	0	2.7371	0.15198	34.9034	57.928	124.072
ASP_117	-1.82855	0.2838	2.1268	-0.12972	0.0755	0.39738	1.17875	2.72964	0.02411	0.17149	-0.69257	-1.20425	0	0	0	0	0	0	0.169	6.65206	2.52041	0	4.13165	0.82636	0	0	-1.6204	0.51583	16.3273	57.4384	127.562
ALA_118	-4.31545	1.76397	2.64154	-0.0211	0	0	2.94112	5.42641	0.02411	0.17149	-2.72566	-0.39585	0	0	0	0	0	0	0.25598	0	0	0	0	-0.76519	0	0	2.2619	0.89999	8.16325	142.287	10.7135
VAL_119	-4.60722	0.94852	3.2866	-0.25624	0.25744	0.04866	2.73468	5.26567	0	0	-2.63997	0.20688	0	0	0	0	0	0	-0.12916	0.87804	0.40945	0.46859	0	-0.08773	0	0	2.7371	0.39636	9.91767	93.3387	88.6613
THR_120	-5.94905	1.22635	3.87067	-0.13461	0.14021	0.09292	3.15671	6.61836	0.01475	0.25743	-2.11119	-0.97273	0	0	0	0	0	0	0.01668	0.17379	0.00182	0.17197	0	-0.62493	0	5.04417	-0.9333	-0.49695	9.5631	162.762	11.2382
ALA_121	-3.61956	0.79627	2.78742	-0.02474	0.00131	0	2.83154	4.58329	0	0	-2.44017	-0.48239	0	0	0	0	0	0	0.69783	0	0	0	0	-0.34604	0	0	2.2619	-0.45613	6.59051	124.042	28.958
ARG_122	-6.92791	1.91169	7.24333	-0.73552	0.46779	0.48357	5.41889	8.8306	0.02341	0.13129	-5.74416	0.17167	0	0	0	0	-1.12018	0	0.0437	4.75757	1.806	2.95157	0	-0.11504	0	0	-0.1423	0.24055	19.6965	236.248	28.7521
THR_123	-4.8304	2.58265	3.28341	-0.13808	0.12574	0.09584	2.87466	5.16739	0.01523	0.06992	-1.85005	-1.04748	0	0	0	0	0	0	0.07677	0.44165	0.01013	0.43152	0	-0.33937	0	5.02465	-0.9333	-0.14174	10.9191	137.684	36.3159
LYS_124	-7.96546	2.88569	8.19118	-0.38724	0.06064	0.18792	4.93698	8.7194	0	0	-6.42494	0.30129	0	0	0	0	-0.54186	0	0.05166	4.27419	0.9881	3.28609	0	-0.12268	0	0	-0.8895	-0.00817	17.5433	230.552	21.4483
TYR_125	-7.43192	2.30157	4.29081	-0.73531	0.05126	0.07738	3.42255	7.33098	0.01741	0.1528	-2.93055	-0.46419	0	0	0	0	0	0	0.43104	4.61584	0.00428	0	4.61157	-0.40492	0	0	1.7379	-0.04203	17.0365	165.126	82.8744
VAL_126	-6.74206	1.50366	1.94127	-0.26817	0.25183	0.05827	1.93525	5.00338	0.01959	0.16033	-0.97599	-0.39418	0	0	0	0	0	0	0.58749	0.54374	0.21425	0.32949	0	0.54632	0	0	2.7371	1.24714	8.69871	181.488	0.512343
GLY_127	-3.31234	0.60584	2.93925	-0.00082	0	0	2.42768	4.72982	0	0	-2.15749	-0.32994	0	0	0	0	0	0	1.33512	0	0	0	0	1.30031	0	0	1.435	3.62365	12.5961	154.775	9.22453
ASN_128	-3.02782	0.2066	2.08269	-0.18378	0.05854	0.27433	1.17998	3.3778	0	0	-0.92799	-0.25635	0	0	0	-0.49154	0	0	0.50512	2.49865	0.01429	0	2.48435	0.26946	0	0	-0.3009	1.78452	9.54796	94.1143	89.8857
ILE_129	-4.9585	1.36023	3.86624	-0.59033	2.79335	0.18862	2.20143	5.51571	0.02148	0.1314	-1.50916	-0.22819	0	0	0	0	0	0	1.28933	11.1486	5.96813	5.1805	0	-0.85142	0	0	1.8006	-0.75891	32.5691	139.006	67.9942
ASP_130	-1.4162	0.13564	2.07742	-0.11341	0.00914	0.3469	0.66002	2.52614	0	0	0.52485	-0.67728	0	0	0	0	0	0	0.09252	5.88897	0.11045	0	5.77852	-0.05621	0	0	-1.6204	-0.64845	13.6186	38.1281	146.872
GLY_131	-0.91514	1.01922	1.02912	-5e-05	0	0	0.48827	1.4845	0	0	-0.01155	-0.37976	0	0	0	0	0	0	1.97205	0	0	0	0	-2.20688	0	0	1.435	-1.01047	2.9043	75.4043	88.5957
THR_132	-3.82297	1.51446	3.94782	-0.10213	0.12401	0.06306	2.56704	4.82305	0.02911	0.19382	-0.15475	-0.64766	0	0	0	0	0	0	0.54667	1.97874	1.42607	0.55267	0	-0.3177	0	4.98258	-0.9333	-0.05868	16.7119	98.5708	75.4292
ASN_133	-2.52417	0.45393	2.30557	-0.22024	0.33308	0.38355	0.6664	2.5672	0	0	0.16381	-0.63956	0	0	0	0	0	0	-0.12345	6.86534	1.88077	0	4.98457	-1.09277	0	0	-0.3009	0.37295	16.0761	61.6729	122.327
MET_134	-6.14972	1.9649	4.23024	-0.28942	0.20605	0.05855	2.85169	5.60479	0.0506	0.32522	-1.79128	-0.07105	0	0	0	0	0	0	-0.04949	4.31879	2.66644	1.65235	0	0.22194	0	0	1.4633	0.13307	17.397	189.223	72.7767
ALA_135	-5.56049	2.04024	2.6396	-0.01863	0	0	3.15416	5.64646	0	0	-2.01145	-0.45358	0	0	0	0	0	0	0.19468	0	0	0	0	-0.49502	0	0	2.2619	1.29775	8.69563	148.003	4.99667
ILE_136	-6.00756	0.85999	2.33593	-0.55772	1.12807	0.11449	2.86643	5.20639	0	0	-2.09237	-0.09915	0	0	0	0	0	0	-0.05457	2.26772	0.79592	1.4718	0	-0.13286	0	0	1.8006	1.06067	10.9638	162.412	44.588
GLY_137	-4.05588	0.73261	3.29901	-0.00085	0	0	2.83875	5.05436	0	0	-2.81767	-0.34484	0	0	0	0	0	0	-0.0022	0	0	0	0	1.78399	0	0	1.435	2.76776	10.69	156.919	7.08094
PHE_138	-5.59616	0.87078	2.92516	-0.53894	0.03812	0.29714	3.08496	4.99279	0	0	-2.88162	0.02559	0	0	0	0	0	0	0.43632	3.2817	0.37663	0	2.90508	-0.27147	0	0	1.9602	2.02897	13.9352	152.969	84.0312
GLU_139	-4.81901	2.48866	5.96847	-0.18063	0.0402	0.15949	3.57666	6.26534	0.00412	0.01816	-4.17587	-0.60748	0	0	0	0	-0.08991	0	0.00871	10.102	4.57787	0	5.52412	-0.21969	0	0	-1.6358	-0.03218	26.9732	171.068	51.9321
ALA_140	-3.29051	0.57919	3.05327	-0.02226	0	0	2.88276	4.4363	0.01523	0.06992	-2.1046	-0.39842	0	0	0	0	0	0	4.77358	0	0	0	0	-0.30534	0	0	2.2619	0.41408	12.3651	120.615	32.3852
PHE_141	-5.18069	2.02088	3.17977	-0.55734	0.07347	0.02544	2.79929	5.04576	0	0	-2.04029	-0.44834	0	0	0	0	0	0	1.99979	3.93244	1.24812	0	2.68432	-0.48963	0	0	1.9602	0.90294	17.1561	158.865	78.1351
GLY_142	-3.92827	0.30733	2.92932	-0.00086	0	0	2.73136	4.93933	0	0	-2.70018	-0.34266	0	0	0	0	0	0	-0.06014	0	0	0	0	1.92479	0	0	1.435	3.27373	10.5087	157.876	6.12391
VAL_143	-5.5721	1.47874	2.25629	-0.28294	0.35146	0.06597	2.8064	5.40241	0.03399	0.12061	-2.29307	-0.39656	0	0	0	0	0	0	1.61439	0.46042	0.19901	0.2614	0	-1.11681	0	0	2.7371	2.1954	10.3221	169.959	12.0412
PHE_144	-6.27191	0.92549	2.75039	-0.61643	0.10315	0.3594	2.11645	5.69742	0	0	-2.64906	0.06713	0	0	0	0	0	0	0.63015	3.10245	0.18385	0	2.9186	-0.30033	0	0	1.9602	-0.19454	10.7824	145.593	91.4065
ALA_145	-2.7093	0.33869	2.06085	-0.01345	0	0	1.50051	3.73948	0.07017	0.40401	-0.31841	-0.19911	0	0	0	0	0	0	0.92176	0	0	0	0	0.61832	0	0	2.2619	2.94716	11.6226	101.133	51.8672
GLU_146	-1.29009	0.23051	1.67237	-0.3508	0.10596	0.63549	0.56795	1.95048	0	0	0.72198	-0.45925	0	0	0	0	0	0	3.41454	5.97569	0.55188	0	5.42381	-0.01111	0	0	-1.6358	3.36185	20.8655	47.5988	175.401
ASP_147	-3.2382	1.1653	3.26133	-0.08917	0.0011	0.29347	1.67935	4.67587	0	0	-0.54626	0.56256	0	0	0	0	0	0	1.27104	6.273	0.00123	0	6.27178	0.27476	0	0	-1.6204	0.86439	21.1011	92.9584	92.0416
ASN_148	-4.63307	1.19026	2.72491	-0.16005	0.0301	0.23609	1.41627	4.53791	0.15006	1.08608	-0.784	-0.28917	0	0	0	0	-0.47779	0	0.48732	3.09799	0.05916	0	3.03883	0.89445	0	0	-0.3009	0.56849	12.8729	134.197	49.8031
ALA_149	-4.35293	0.45014	2.37039	-0.02351	0	0	2.6997	4.93564	0	0	-2.67165	-0.40376	0	0	0	0	0	0	0.59147	0	0	0	0	0.12236	0	0	2.2619	0.29276	6.27252	147.505	5.4954
TYR_150	-5.26411	0.73054	3.37763	-0.64381	0.04959	0.40665	3.27328	5.54934	0	0	-2.75799	-0.19423	0	0	0	0	-0.47779	0	0.00941	4.64555	1.74888	0	2.89667	-0.475	0	0	1.7379	-0.13551	14.477	141.309	106.691
GLY_151	-2.94439	0.70495	2.79651	-0.00116	0	0	2.71851	4.08582	0	0	-2.28002	-0.33838	0	0	0	0	0	0	1.51011	0	0	0	0	0.56286	0	0	1.435	1.3213	9.57111	150.163	13.8372
MET_152	-3.66333	1.36004	3.67619	-0.48105	0.66488	0.06999	3.08068	4.7644	0	0	-2.92746	-0.00611	0	0	0	0	0	0	0.07979	11.2785	8.51469	2.76377	0	-0.14829	0	0	1.4633	1.66286	32.1528	149.638	112.362
LYS_153	-5.35887	1.06736	6.03718	-0.48812	0.2264	0.25715	3.49532	6.58369	0	0	-3.33495	0.35263	0	0	0	0	0	0	0.46762	12.9377	9.3264	3.61126	0	-0.00597	0	0	-0.8895	-0.08555	34.1997	172.028	79.9718
THR_154	-4.85623	1.1339	3.73425	-0.16223	0.09959	0.05783	2.95899	5.61275	0	0	-2.44457	-0.56075	0	0	0	0	0	0	-0.01635	0.89587	0.20897	0.68689	0	-0.29197	0	4.98596	-0.9333	-0.20071	10.9089	147.105	26.8951
ASP_155	-5.64541	0.69714	5.54678	-0.10192	0.01624	0.28897	3.36173	7.08	0.00568	0.01556	-3.11249	-0.37275	0	0	0	0	0	0	0.32706	4.40814	0.44255	0	3.96559	1.03859	0	0	-1.6204	0.33667	16.6777	165.663	19.3373
LEU_156	-5.5297	0.71244	3.52641	-0.54153	1.18056	0.15045	3.20431	5.94616	0	0	-2.8149	0.07073	0	0	0	0	0	0	0.4657	4.00178	2.60672	1.39506	0	-0.50667	0	0	1.3223	0.38374	15.5736	135.949	74.0512
PHE_157	-10.2527	3.9554	4.76141	-0.69667	0.11319	0.39499	3.28787	8.38589	0.00568	0.01556	-2.337	0.07483	0	0	0	0	0	0	0.22218	3.10511	0.11583	0	2.98928	-0.00512	0	0	1.9602	0.81013	16.9061	235.66	1.34041
VAL_158	-4.91715	1.05815	2.10001	-0.28739	0.20558	0.05167	1.83361	4.50872	0	0	-0.3638	0.21413	0	0	0	0	0	0	8.22195	0.67405	0.01946	0.65459	0	0.52593	0	0	2.7371	0.73479	17.9714	133.1	48.9005
THR_159	-5.47335	2.59553	5.52514	-0.13597	0.26036	0.09135	3.47523	6.98894	0	0	-0.05941	-0.94081	0.58461	0	0	0	0	0	-0.04572	1.11442	0.82572	0.2887	0	-0.94455	0	4.98659	-0.9333	2.76738	20.9709	117.949	56.0511
PRO_160	-4.63486	2.35784	3.02952	-0.07243	9e-05	0.04312	1.77402	3.33262	0	0	-0.80917	0.63473	0.58544	0	0	0	0	0	-0.27118	1.0223	0.32255	0.69975	0	-0.51399	0	0	-4.6787	2.666	5.48766	142.373	56.6269
LYS_161	-6.95545	1.47682	6.69912	-0.56127	0.94677	0.29942	4.40943	7.74471	0.02596	0.08884	-3.36628	-0.01453	0	0	0	-0.50784	0	0	0.38932	12.3447	8.84796	3.49672	0	-0.24863	0	0	-0.8895	-0.39798	33.8283	179.606	72.3942
LEU_162	-6.28647	1.50979	4.37613	-0.58174	0.46764	0.14078	3.5517	6.67764	0	0	-0.93893	0.26037	0	0	0	0	0	0	-0.07115	1.00303	0.00807	0.99496	0	-0.27742	0	0	1.3223	-0.25753	11.8992	144.394	65.6058
SER_163	-4.90757	1.82935	4.56323	-0.05552	0.01417	0.08076	3.07019	6.01904	0.04604	0.23812	-2.53797	-0.75545	0	0	0	0	0	0	0.06699	0.72747	0.0331	0.69437	0	-0.24522	0	4.04	-0.539	-0.145	12.2371	152.774	9.22599
VAL_164	-4.11702	0.72188	3.08159	-0.38828	0.84067	0.09312	2.9798	4.83845	0	0	-2.2814	-0.2813	0	0	0	0	0	0	1.77112	1.06498	0.06621	0.99877	0	-0.91476	0	0	2.7371	-0.3227	10.8882	116.666	65.3344
GLY_165	-3.43427	1.00158	3.13067	-0.00117	0	0	2.92438	4.60965	0	0	-2.46969	-0.31588	0	0	0	0	0	0	0.06791	0	0	0	0	-0.22416	0	0	1.435	0.45431	7.17833	159.5	4.49961
ALA_166	-3.37961	0.87945	3.63318	-0.01913	0	0	3.12289	4.9952	0	0	-2.65712	-0.39977	0	0	0	0	0	0	0.93919	0	0	0	0	-0.68566	0	0	2.2619	0.74103	9.43156	104.987	48.0128
SER_167	-4.43951	12.2396	4.63191	-0.04376	0.01719	0.06657	3.18577	5.82465	1e-05	3e-05	-2.50726	-0.61401	0	0	0	0	0	0	3.07801	0.14957	0.08139	0.06818	0	-0.85892	0	4.04	-0.539	-0.15958	24.2208	137.755	24.2446
PHE_168	-5.57535	1.18735	3.97096	-0.73244	0.1342	0.0176	3.02722	6.12992	0	0	-2.36286	-0.65104	0	0	0	0	0	0	-0.00093	3.25108	0.24414	0	3.00694	-0.16409	0	0	1.9602	0.32667	13.7696	139.193	97.8069
ALA_169	-4.92195	1.21418	3.09544	-0.01987	0	0	3.15174	5.9837	0	0	-2.50131	-0.41995	0	0	0	0	0	0	-0.0406	0	0	0	0	-0.71431	0	0	2.2619	0.67113	7.76008	129.165	23.8345
ASP_170	-4.87724	0.70271	5.70167	-0.19028	0.03761	0.58348	3.67414	7.34167	0.06667	0.55179	-2.39129	-1.02687	0	0	0	0	0	0	1.09142	4.57836	0.00217	0	4.5762	0.94752	0	0	-1.6204	0.30861	20.0579	148.394	36.6063
VAL_171	-6.06033	3.72967	3.37262	-0.30238	0.26455	0.06567	2.70209	6.74575	0.11714	0.56266	-2.50237	-0.53814	0	0	0	0	0	0	1.27977	0.6223	0.51085	0.11145	0	0.10421	0	0	2.7371	1.55259	15.0752	157.918	24.0825
SER_172	-3.15436	0.48752	4.83133	-0.03528	0.09355	0.01885	2.25436	5.59272	0.08728	0.54054	0.01309	-0.28731	0	0	0	0	0	0	0.06253	10.2267	9.5969	0.62978	0	0.26146	0	4.04	-0.539	4.2981	39.0187	112.594	49.4063
ALA_173	-3.06317	2.0144	1.80716	-0.02855	0.03203	0	0.6895	3.70122	0.05519	0.36838	0.30217	-0.43233	0	0	0	0	0	0	0.59862	0	0	0	0	0.40954	0	0	2.2619	2.92163	11.6377	125.304	27.6959
PHE_174	-3.64183	2.43075	2.21007	-0.58461	0.14336	0.20926	1.73309	3.69001	0	0	-1.49092	-0.19652	0	0	0	0	0	0	3.21289	8.11767	5.17895	0	2.93872	-0.0332	0	0	1.9602	-0.32245	25.5555	113.346	123.654
ASN_175	-1.99741	0.47137	2.6946	-0.18296	0.03972	0.30076	1.0304	3.46487	0.08777	0.35963	-0.6502	-0.8509	0	0	0	0	0	0	14.6203	2.15456	0.0061	0	2.14846	-0.23673	0	0	-0.3009	0.50979	23.6692	46.4458	137.554
SER_176	-2.23702	0.53944	2.83062	-0.03527	0.01227	0.04664	1.44646	3.44612	0.09457	0.70179	0.54899	-0.39333	0	0	0	0	0	0	-0.04894	3.40336	3.26926	0.1341	0	-0.93155	0	4.04	-0.539	1.29136	17.6199	101.61	60.3898
GLY_177	-1.24831	0.08668	1.15351	-5e-05	0	0	0.4067	1.82279	0.01356	0.1657	0.4386	-0.40833	0	0	0	0	0	0	1.42501	0	0	0	0	0.77742	0	0	1.435	0.67053	6.7388	99.647	64.353
TYR_178	-5.60279	1.05632	3.18568	-0.58104	0.05778	0.30119	1.78735	5.42107	0.03846	0.37297	0.23987	-0.1053	0	0	0	0	0	0	-0.06875	4.01383	0.58996	0	3.42387	0.04607	0	0	1.7379	-0.42761	15.4868	170.487	77.5126
ASP_179	-5.81176	0.69063	6.97418	-0.12676	0.00489	0.4236	3.52729	8.56378	0.00473	0.02491	-1.86965	-0.0041	0	0	0	0	0	0	0.28066	14.5369	10.5438	0	3.99305	0.20557	0	0	-1.6204	1.16926	41.5106	149.235	35.7653
HIS_180	-6.46945	0.97526	5.72817	-0.45331	0.01392	0.56394	4.0434	7.83749	0.00472	0.0178	-2.99847	0.07762	0	0	0	0	0	0	0.00687	4.882	0.29701	0	4.585	-0.11301	0	0	0.8406	1.40653	21.2461	178.669	62.3308
VAL_181	-5.92368	1.86115	2.50057	-0.2804	0.56983	0.06342	3.19601	5.92996	0.00279	0.01256	-2.66997	-0.2314	0	0	0	0	0	0	0.5892	0.5274	0.10725	0.42015	0	-1.23872	0	0	2.7371	-0.72975	7.44347	137.581	44.4194
TRP_182	-8.03421	1.59001	4.26533	-1.35352	0.67652	1.15781	2.86169	7.12853	0	0	-2.20534	-0.59359	0	0	0	0	0	0	0.46342	3.50757	0.00087	0	3.5067	-0.2211	0	0	3.7077	-0.42915	16.0292	180.732	89.268
GLY_183	-3.71528	1.0243	3.29174	-0.00106	0	0	2.7564	5.06085	1e-05	3e-05	-1.95062	-0.33866	0	0	0	0	0	0	2.30762	0	0	0	0	0.62514	0	0	1.435	1.28203	11.7775	154.759	9.24091
GLY_184	-3.33336	0.66729	3.77736	-0.0012	0	0	2.52113	5.20054	0	0	-2.63419	-0.34863	0	0	0	0	0	0	3.00622	0	0	0	0	1.25674	0	0	1.435	2.99809	14.545	130.358	33.6419
HIS_185	-7.32642	13.7302	7.38282	-0.50422	0.01042	0.68142	4.0931	9.73694	0.00998	0.0651	-3.27788	0.35879	0	0	0	0	0	0	0.37821	4.32472	0.49122	0	3.8335	-0.53642	0	0	0.8406	1.42885	35.7209	204.542	36.4582
THR_186	-3.98839	1.62443	3.09467	-0.24098	0.83471	0.08358	2.91618	4.89514	0.01394	0.16509	-2.26562	-0.53368	0	0	0	0	0	0	0.5431	12.4764	11.0644	1.41205	0	-0.11472	0	4.90652	-0.9333	-0.17086	35.7826	119.004	54.9964
GLN_187	-5.78303	0.626	5.20541	-0.35765	0.16507	0.20883	4.43103	7.01522	0.0201	0.14943	-3.5534	0.00764	0	0	0	0	-0.32817	0	0.12403	5.82265	0.13779	0	5.68486	-0.24421	0	0	-0.1077	0.7219	19.9458	193.926	23.0737
TYR_188	-8.09362	2.087	4.86539	-0.7876	0.07923	0.1427	3.43726	8.05024	0.00503	0.05046	-2.87546	-0.44537	0	0	0	0	0	0	0.29621	3.22313	0.02688	0	3.19625	-0.33153	0	0	1.7379	1.10594	15.77	178.225	69.7753
PHE_189	-11.7076	2.55777	4.12994	-0.5691	0.12269	0.23228	3.13645	8.98361	0	0	-2.55521	-0.11752	0	0	0	-0.50784	0	0	0.45585	5.71073	2.25013	0	3.4606	-0.18082	0	0	1.9602	0.52076	17.8829	235.337	1.6633
ILE_190	-4.45399	0.60655	3.00375	-0.51094	1.29866	0.09881	1.49753	4.58941	0.00503	0.05046	-0.67197	0.07402	0	0	0	0	0	0	3.31289	2.06745	0.95232	1.11513	0	-0.54116	0	0	1.8006	0.18722	14.4818	120.198	86.8017
THR_191	-5.32186	3.13065	5.57867	-0.13404	0.12985	0.0921	3.54299	7.13576	0	0	0.23733	-1.05988	0.00982	0	0	0	0	0	-0.03433	0.16155	0.01283	0.14872	0	-0.70993	0	5.02938	-0.9333	2.48701	19.5033	111.094	62.9056
PRO_192	-5.94429	4.40975	2.57608	-0.07155	0	0.04484	1.2153	3.47126	0	0	0.18068	0.5883	0.01073	0	0	0	0	0	-0.14726	1.01095	0.41663	0.59432	0	-0.78039	0	0	-4.6787	2.38818	5.28485	176.099	22.901
ALA_193	-4.93612	2.96342	3.75862	-0.02433	0.00138	0	3.28441	6.2215	0.00088	0.00372	-1.33805	-0.34917	0	0	0	0	0	0	0.13345	0	0	0	0	0.15333	0	0	2.2619	-0.18468	11.9503	129.935	23.0649
VAL_194	-5.86083	1.14093	3.98814	-0.279	0.41127	0.05967	3.74392	6.59367	0	0	-1.56765	-0.43882	0	0	0	0	0	0	0.30947	1.24138	0.93263	0.30875	0	-0.99918	0	0	2.7371	-0.21551	12.106	139.978	42.0216
ALA_195	-5.72954	6.16717	2.35884	-0.02094	0	0	3.25144	5.90977	0.00088	0.00372	-2.45917	-0.32974	0	0	0	0	0	0	0.8522	0	0	0	0	0.32018	0	0	2.2619	0.13319	12.7199	153	0
VAL_196	-4.47987	1.05703	2.6674	-0.31862	0.50211	0.06789	2.84656	5.05304	0	0	-2.97201	-0.41555	0	0	0	0	0	0	1.48715	0.52252	0.35822	0.1643	0	-0.70913	0	0	2.7371	-0.20959	8.35854	131.779	50.2214
GLY_197	-4.0416	0.50296	3.47277	-0.00123	0	0	2.88882	5.3009	0	0	-2.30401	-0.35332	0	0	0	0	0	0	0.76141	0	0	0	0	-0.53849	0	0	1.435	0.18583	7.30905	158.149	5.8509
ALA_198	-4.31218	2.03436	3.7112	-0.02258	0	0	3.14072	5.94345	0	0	-2.0676	-0.4276	0	0	0	0	0	0	0.26673	0	0	0	0	-0.51949	0	0	2.2619	0.54034	10.5493	125.228	27.7717
ASP_199	-5.16489	2.98004	6.40339	-0.11057	0.0014	0.35042	3.9909	7.92051	0.01246	0.04897	-3.69081	-0.10181	0	0	0	0	-0.1609	0	0.06521	4.89824	1.23545	0	3.66279	0.93409	0	0	-1.6204	0.52079	22.1753	159.434	25.5661
PHE_200	-5.46361	1.5552	3.84512	-0.7821	0.39812	0.1276	2.92413	5.84054	0	0	-2.58362	-0.30299	0	0	0	0	0	0	1.76792	4.89922	0.62818	0	4.27105	-0.21852	0	0	1.9602	0.6844	19.5508	141.722	95.2777
VAL_201	-6.06536	3.31546	4.05413	-0.25847	0.22913	0.05288	3.34549	6.65607	0	0	-2.47484	-0.33243	0	0	0	0	0	0	-0.13273	0.33458	0.00049	0.33409	0	-0.61472	0	0	2.7371	0.50844	11.6893	148.597	33.4028
LYS_202	-6.8472	0.97714	4.89259	-0.45384	0.40092	0.16306	3.10873	6.38909	0	0	-2.27897	-0.00608	0	0	0	0	0	0	0.31937	4.71125	0.74953	3.96172	0	0.04213	0	0	-0.8895	0.10822	15.3481	184.024	67.9761
ALA_203	-4.37021	0.89895	2.40751	-0.02305	0	0	2.65763	4.84935	0	0	-2.39929	-0.39423	0	0	0	0	0	0	-0.01241	0	0	0	0	-0.40086	0	0	2.2619	-0.24955	5.22573	139.223	13.7769
ASN_204	-4.75037	0.30804	4.81483	-0.41048	0.49515	0.80144	3.37262	6.35923	0.01828	0.1835	-2.73657	-0.26995	0	0	0	0	0	0	0.44724	12.8536	4.93019	0	7.92341	0.47514	0	0	-0.3009	0.20683	34.7212	137.869	46.1314
ALA_205	-2.08551	0.68248	0.92328	-0.01183	0	0	0.48575	2.10901	0	0	-0.10462	-0.16511	0	0	0	0	0	0	38.5851	0	0	0	0	0.49448	0	0	2.2619	2.58194	45.7568	73.9893	79.0107
ASP_206	-1.74619	0.06953	1.72446	-0.0928	0.08348	0.30592	0.61037	2.01591	0	0	-0.32151	0.21155	0	0	0	0	0	0	10.8628	5.54206	2.30062	0	3.24145	1.16376	0	0	-1.6204	9.78761	34.1386	53.5989	131.401
THR_207	-5.76963	1.80285	4.09226	-0.17676	0.23331	0.05873	3.70528	6.15844	0	0	-2.42089	-0.37753	0	0	0	0	0	0	-0.05502	2.10819	1.62463	0.48355	0	0.01009	0	5.03372	-0.9333	7.53417	23.1121	158.019	15.9808
GLN_208	-5.30858	1.30104	4.59918	-0.26833	0.08304	0.20219	3.40552	6.02234	0	0	-2.64978	-0.83773	0	0	0	0	0	0	0.36568	6.56868	2.55414	0	4.01454	-0.13057	0	0	-0.1077	-0.09997	19.7137	145.672	71.3278
THR_209	-5.90787	3.81977	4.45283	-0.17633	0.11977	0.06619	3.67432	6.65831	1e-05	0.00014	-2.77299	-0.60786	0	0	0	0	0	0	1.73723	0.4126	0.06379	0.34881	0	0.39087	0	5.02671	-0.9333	0.69395	17.0669	154.916	19.0841
ILE_210	-4.38878	0.66616	3.11672	-0.64766	0.71518	0.12767	3.26808	5.12802	0	0	-2.3505	0.43315	0	0	0	0	0	0	1.43389	4.16019	1.79343	2.36676	0	-0.69574	0	0	1.8006	0.86373	17.7909	129.788	77.2117
GLY_211	-3.95084	1.05641	3.43724	-0.00126	0	0	3.18805	5.24725	0	0	-2.28129	-0.3572	0	0	0	0	0	0	0.99379	0	0	0	0	1.20781	0	0	1.435	2.07975	12.0547	162.463	1.53703
LEU_212	-3.99497	0.78428	3.39926	-0.48158	0.82469	0.09477	2.93444	5.10749	0	0	-2.44507	0.09304	0	0	0	0	0	0	0.03458	3.1954	2.32607	0.86933	0	-0.01213	0	0	1.3223	1.99085	16.0428	100.979	109.021
ASN_213	-6.0302	1.612	6.23628	-0.37003	0.07518	0.68249	3.75694	8.08237	0.00395	0.10008	-3.24918	-0.62689	0	0	0	0	-0.1609	0	0.28816	2.84111	0.0201	0	2.82101	0.51784	0	0	-0.3009	-0.06379	16.2356	162.571	21.4289
ALA_214	-4.00136	1.1787	2.99595	-0.02357	0	0	2.97725	4.95892	0	0	-2.65403	-0.4422	0	0	0	0	0	0	0.06311	0	0	0	0	-0.86293	0	0	2.2619	-0.05274	6.39899	131.989	21.0108
LYS_215	-8.11604	6.11222	7.32089	-0.6837	2.67513	0.41807	4.3146	8.57086	0.05737	0.331	-3.74773	-0.04283	0	0	0	0	-0.32817	0	0.95901	14.3819	9.9126	4.46927	0	-0.06782	0	0	-0.8895	0.3355	45.9826	232.38	19.6204
PHE_216	-5.94752	2.57171	3.22229	-0.63791	0.39755	0.40018	3.24484	5.91102	0	0	-3.06525	0.03443	0	0	0	0	0	0	-0.04614	4.2441	1.16024	0	3.08385	-0.13026	0	0	1.9602	0.20599	16.6093	145.131	91.8688
ARG_217	-9.91019	1.49208	7.60634	-0.41074	0.0786	0.20392	4.8246	9.50044	0.10384	0.60284	-4.20355	0.05426	0	0	0	0	-0.57761	0	-0.00493	3.3858	0.23943	3.14637	0	-0.10281	0	0	-0.1423	-0.55115	15.3353	256.161	8.83893
PHE_218	-5.62007	2.84135	4.33714	-0.9302	0.18332	0.94559	3.09391	6.05343	0	0	-4.89031	-0.36277	0	0	0	0	0	0	0	4.95546	0.116	0	4.83946	0	0	0	1.9602	-0.27756	17.245	99.8521	137.148