label	fa_atr	fa_rep	fa_sol	fa_intra_atr_xover4	fa_intra_rep_xover4	fa_intra_sol_xover4	lk_ball	lk_ball_iso	lk_ball_bridge	lk_ball_bridge_uncpl	fa_elec	fa_intra_elec	pro_close	hbond_sr_bb	hbond_lr_bb	hbond_bb_sc	hbond_sc	dslf_fa13	omega	fa_dun	fa_dun_dev	fa_dun_rot	fa_dun_semi	p_aa_pp	yhh_planarity	hxl_tors	ref	rama_prepro	total	BSA	SASA
THR_1	-4.71483	0.24316	5.61944	-0.15249	0.18358	0.07837	3.79508	6.86287	0.06519	0.16562	-1.86498	0.00917	0	0	0	0	0	0	-0.00423	0.14012	0.09068	0.04944	0	0	0	5.03714	-0.9333	0	14.67	101.035	72.9651
CYS:disulfide_2	-7.14519	7.83808	5.94083	-0.03738	0	0.01494	2.9811	7.52949	0	0	-1.88139	-0.34529	0	0	0	-1.04357	0	-0.63828	0.00955	0.68535	0.11381	0.57154	0	0.45964	0	0	4.3148	1.0392	20.4072	150.595	5.40541
ALA_3	-2.06739	0.21848	2.12057	-0.02434	0.00026	0	0.41816	2.92272	0	0	-0.0071	-0.41376	0	0	0	0	0	0	-0.43923	0	0	0	0	-0.39897	0	0	2.2619	2.03044	6.62174	63.5249	89.4751
ASN_4	-4.01179	1.2941	4.67365	-0.18393	0.00463	0.26941	2.34735	5.95454	0.01033	0.02555	1.04923	-0.32558	0	0	0	0	0	0	-0.01317	3.40805	0.76206	0	2.64599	0.15985	0	0	-0.3009	1.87827	19.6477	68.0655	115.934
ASN_5	-6.43888	3.00096	5.83981	-0.20185	0.07459	0.34327	3.36494	7.79873	0.05486	0.14007	-1.44734	-0.66038	0	0	0	0	0	0	-0.03947	3.05906	0.15631	0	2.90275	-1.18691	0	0	-0.3009	1.13281	17.5924	129.376	54.6238
ARG_6	-5.94604	7.05419	5.88752	-0.72453	1.35438	0.39878	2.86836	6.87777	0.12969	0.55676	-0.73292	0.16927	0	0	0	0	0	0	-0.09542	8.60643	5.27519	3.33124	0	-0.28461	0	0	-0.1423	-0.03784	34.5459	131.417	133.583
HIS_7	-4.3307	1.92017	4.33459	-0.7313	0.01359	0.82606	1.46742	5.74352	0	0	-0.06858	-1.61997	0	0	0	0	0	0	-0.28764	2.3237	0.01283	0	2.31087	0.14548	0	0	0.8406	0.50652	13.4072	77.5991	163.401
GLN_8	-5.15153	1.75314	4.75893	-0.57527	1.0732	0.60396	1.75087	5.77569	0	0	-0.7748	-0.51774	0	0	0	0	0	0	-0.05772	5.70691	0.05111	0	5.6558	-0.28226	0	0	-0.1077	0.36354	20.0261	124.429	92.5709
CYS:disulfide_9	-5.31867	0.83322	3.51868	-0.03422	0	0.01219	2.03876	5.12636	0.00079	0.00324	-0.95041	-0.13399	0	0	0	0	0	-0.58278	-0.02508	0.36557	0.05236	0.31321	0	0.07678	0	0	4.3148	-0.61817	8.99263	137.689	18.3111
SER_10	-5.54748	1.17306	5.49562	-0.03354	0.02433	0.04426	3.05252	7.15685	0.04956	0.47694	-1.04318	0.11774	0	0	0	0	0	0	0.0631	3.12775	0.66004	2.46771	0	-0.23861	0	4.04	-0.539	-0.82736	19.7203	138.466	23.5336
VAL_11	-2.37429	0.60147	1.56696	-0.29565	0.36986	0.05242	0.8244	2.73176	0	0	0.62477	0.36026	0	0	0	0	0	0	-0.16309	0.62599	0.01601	0.60997	0	0.76987	0	0	2.7371	-0.53286	8.52495	34.1449	147.855
HIS_12	-6.14986	2.28455	3.67413	-0.42674	0.04239	0.5377	2.15668	5.74869	0	0	-1.12909	-0.13633	0	0	0	0	0	0	-0.07139	2.7203	0.24412	0	2.47618	-0.7167	0	0	0.8406	0.62268	12.7179	162.147	78.8535
ALA_13	-5.37231	1.1922	2.27339	-0.01942	0	0	2.20908	5.68879	0	0	-0.53855	-0.28803	0	0	0	0	0	0	0.02829	0	0	0	0	0.24577	0	0	2.2619	1.05171	8.73283	132.931	20.069
GLU_14	-3.93903	0.45929	5.18883	-0.19362	0.02174	0.25964	2.97155	5.86758	0	0	-3.15709	-0.36728	0	0	0	0	-0.08932	0	0.04307	5.37582	0.71495	0	4.66087	0.1558	0	0	-1.6358	0.38142	16.7184	145.71	77.2902
CYS:disulfide_15	-5.37215	1.29934	2.44063	-0.04986	0.00015	0.033	0.39062	3.51109	0.1289	0.55351	-0.17786	-0.40169	0	0	0	0	0	-0.63828	0.03604	2.14964	0.45928	1.69037	0	0.16935	0	0	4.3148	-0.63647	9.90042	145.434	10.5662
ARG_16	-6.00766	1.6797	6.29878	-0.73176	2.36263	0.48406	3.06139	7.34991	0.02172	0.28813	-2.81127	-0.23584	0	0	0	0	-0.08932	0	0.0415	8.06213	4.24103	3.8211	0	-0.36237	0	0	-0.1423	-0.62894	26.7026	185.292	79.7083
ASP_17	-4.3285	0.64569	4.53161	-0.1001	0.00348	0.28199	1.87582	5.48017	0.0048	0.02942	-3.89206	-0.46753	0	0	0	-1.04357	0	0	0.0337	4.09703	0.00245	0	4.09458	0.48067	0	0	-1.6204	-0.05428	10.055	112.339	72.6608
TYR_18	-8.34688	5.85885	5.52372	-0.5783	0.22242	0.31718	3.57061	8.27649	0.0048	0.02942	-0.16322	-0.22398	0	0	0	0	0	0	0.0585	3.13148	0.00157	0	3.12991	-0.74728	0	0	1.7379	0.77067	22.5738	183.668	64.3317
ALA_19	-1.15567	0.21324	1.09378	-0.01876	0	0	0.41473	1.66779	0	0	0.87631	-0.31743	0	0	0	0	0	0	-0.08275	0	0	0	0	0.25654	0	0	2.2619	2.73137	7.94104	45.4748	107.525
THR_20	-2.53371	0.40671	2.45755	-0.13244	0.08066	0.06112	0.6201	3.33942	0	0	0.49324	-0.11438	0	0	0	0	0	0	0.02794	0.99524	0.81343	0.18182	0	-0.54976	0	5.03993	-0.9333	1.59623	11.8498	64.4412	109.559
GLY_21	-4.03869	2.0153	4.29783	-0.00151	0	0	2.52523	5.92332	0	0	-0.30007	-0.35468	0	0	0	0	0	0	-0.14094	0	0	0	0	-2.48434	0	0	1.435	0.02712	8.90358	149.397	14.603
PHE_22	-8.29107	2.34048	3.13441	-1.13256	0.34951	0.66141	1.78748	5.82092	0	0	-0.12539	0.06181	0	0	0	0	0	0	0.00329	4.12241	0.21301	0	3.9094	-0.45124	0	0	1.9602	0.42926	14.7933	192.325	44.6752
CYS:disulfide_23	-5.69785	3.01238	3.60042	-0.03276	0	0.01361	2.14456	5.11359	0	0	-1.60788	-0.2726	0	0	0	0	0	-0.50746	0.14696	0.85901	0.17897	0.68003	0	0.34747	0	0	4.3148	-0.10335	12.1899	144.728	11.2716
CYS:disulfide_24	-4.88768	1.39505	2.07924	-0.03783	0	0.01552	0.46156	3.44584	0	0	-0.50974	-0.19266	0	0	0	0	0	-0.58278	0.1026	1.04395	0.7759	0.26804	0	-0.17708	0	0	4.3148	-0.42387	7.09085	140.511	15.4892
ARG_25	-4.28098	0.67853	4.21611	-0.48425	0.13776	0.25902	3.03	5.72069	0.02172	0.28813	-1.68558	0.43881	0	0	0	0	0	0	-0.09497	3.63829	0.87918	2.75912	0	-0.24069	0	0	-0.1423	0.38252	15.5211	105.293	159.707
CYS:disulfide_26	-6.23465	0.74893	3.16998	-0.04201	2e-05	0.01581	1.12987	5.18327	0	0	-1.12898	-0.227	0	0	0	0	0	-0.63931	-0.08613	0.86373	0.41633	0.4474	0	0.40438	0	0	4.3148	0.23249	8.56895	140.031	15.9693
VAL_27	-4.40098	6.62806	3.164	-0.33375	0.42538	0.07278	2.65484	5.15864	0	0	-1.65164	0.73558	0	0	0	0	0	0	0.05392	1.81539	0.04284	1.77256	0	1.34823	0	0	2.7371	0.49729	20.7202	123.583	58.4165
ALA_28	-2.57059	7.21065	1.52895	-0.02477	0	0	0.92013	3.05193	0	0	0.11143	-0.2052	0	0	0	0	0	0	-0.19702	0	0	0	0	-0.11382	0	0	2.2619	1.03629	13.0099	83.6862	69.3138
ASN_29	-3.85546	3.86095	3.50271	-0.18819	0.01558	0.31323	1.20829	4.90839	7e-05	0.00049	-1.84464	-0.93652	0	0	0	0	0	0	-0.10518	2.82909	0.41352	0	2.41557	-0.29444	0	0	-0.3009	0.97138	12.914	86.395	97.605
TYR_30	-8.8886	1.46507	4.06942	-0.53742	0.18322	0.24678	1.88373	7.43929	0	0	-0.46406	-0.32962	0	0	0	0	0	0	0.05818	4.26794	1.22507	0	3.04288	-0.46196	0	0	1.7379	0.57436	15.5122	180.617	67.3829
THR_31	-4.60363	1.04315	3.98555	-0.12343	0.09309	0.08341	3.10999	5.58285	0.01583	0.16363	-2.36526	-0.82475	0	0	0	0	0	0	0.21576	0.29522	0.00163	0.29359	0	-0.45962	0	5.04072	-0.9333	-0.72792	9.88651	149.663	24.3375
GLY_32	-3.59174	0.75546	1.89417	-0.00154	0	0	0.76523	3.49246	0	0	-0.40197	-0.35372	0	0	0	0	0	0	-0.2257	0	0	0	0	-2.53023	0	0	1.435	0.26382	1.50123	149.888	14.1116
ASN_33	-5.60628	0.59232	5.97408	-0.39497	0.21452	0.78757	3.01826	7.63819	0.08649	0.6335	-1.6191	-1.23927	0	0	0	-0.03451	0	0	-0.13283	3.47474	0.4272	0	3.04754	-1.00513	0	0	-0.3009	-0.05083	15.5106	151.394	32.6064
GLY_34	-5.58762	1.28455	3.99248	-9e-05	0	0	2.31344	6.4046	0	0	-1.63017	-0.39236	0	0	0	0	0	0	-0.05133	0	0	0	0	-1.89719	0	0	1.435	1.08414	6.95544	164	0
ARG_35	-5.63655	0.49782	6.18507	-0.93128	0.52144	0.56117	2.79611	7.03204	0.00032	0.00831	-2.10057	0.17672	0	0	0	0	-1.17357	0	0.03721	5.0908	1.1164	3.97441	0	-0.2271	0	0	-0.1423	1.39565	19.1821	152.358	112.642
GLN_36	-8.02646	1.77274	6.90086	-0.47504	0.19983	0.49269	3.95507	8.67619	0.00173	0.01189	-2.81203	-0.90485	0	0	0	-0.58814	-0.09358	0	-0.037	5.00854	1.10617	0	3.90236	0.06898	0	0	-0.1077	0.03428	19.0865	188.545	28.4546
CYS:disulfide_37	-6.52716	1.31834	2.54164	-0.03572	0	0.01579	0.62007	4.54135	0.04956	0.47694	-0.58076	-0.25311	0	0	0	0	0	-0.63931	-0.02124	1.03901	0.13688	0.90212	0	0.13674	0	0	4.3148	0.33229	8.36823	145.413	10.5868
VAL_38	-6.31084	0.61335	2.69642	-0.3185	0.47397	0.07093	2.77056	5.67646	0.01583	0.16363	-2.33604	-0.65623	0	0	0	0	0	0	0.06352	1.05389	0.00203	1.05186	0	-0.62358	0	0	2.7371	-0.27523	6.86912	170.728	11.2716
ALA_39	-3.78184	0.21357	2.50659	-0.02505	0	0	1.79463	4.29131	0.01978	0.21951	-1.16743	-0.21671	0	0	0	0	0	0	-0.06263	0	0	0	0	0.04878	0	0	2.2619	-1.0471	5.05531	103.553	49.4467
GLU_40	-4.06632	2.99591	4.33766	-0.2122	0.07365	0.29261	1.29712	5.21103	7e-05	0.00049	-0.65514	-0.27427	0	0	0	0	0	0	-0.06732	5.51739	0.58059	0	4.93681	0.0266	0	0	-1.6358	-1.17237	17.1865	136.776	86.2242
GLY_41	-2.27808	0.62376	1.96123	-4e-05	0	0	0.76767	2.72077	0	0	-0.27732	-0.3942	0	0	0	0	0	0	-0.15501	0	0	0	0	-1.82336	0	0	1.435	-0.31126	2.26915	130.297	33.7034
SER_42	-5.02564	3.63174	5.9102	-0.053	0.0169	0.07703	3.59889	7.0279	0.00033	0.00285	-1.59309	-0.83953	2.21203	0	0	0	-0.50242	0	0.03122	1.35078	0.29317	1.05761	0	-0.02679	0	4.04	-0.539	2.92688	23.5981	136.373	25.6266
PRO_43	-4.37708	3.57341	1.99897	-0.15239	0.00268	0.10679	0.99539	2.6689	0	0	-0.21393	0.16359	2.24153	0	0	0	0	0	0.04372	2.16593	1.20759	0.95834	0	-0.76095	0	0	-4.6787	2.75338	8.69718	149.863	49.1374
GLN_44	-6.0904	0.45854	4.9716	-0.51599	0.08779	0.47674	3.4343	6.46162	0.06012	0.63315	-2.34533	-0.75257	0	0	0	0	-0.50242	0	0.10467	4.16067	0.54558	0	3.6151	-0.20803	0	0	-0.1077	-0.28584	14.2016	184.275	32.7252
ARG_45	-7.38481	5.28292	6.18801	-0.58658	0.16306	0.38506	2.57307	7.30657	0.04151	0.42201	-1.96788	0.28509	0	0	0	0	0	0	0.02645	3.21941	0.25584	2.96358	0	-0.18677	0	0	-0.1423	-0.47227	18.372	221.884	43.1164
VAL_46	-6.94447	2.40844	2.98165	-0.24943	0.29934	0.04914	2.53892	6.20812	0	0	-1.93417	-0.32011	0	0	0	0	0	0	-0.14425	5.41315	4.99197	0.42117	0	-1.31241	0	0	2.7371	-0.80189	16.3423	182	0
ASN_47	-5.84513	1.14068	5.31417	-0.16501	0.00649	0.24136	3.34176	7.24053	0	0	-1.7196	-0.63972	0	0	0	0	0	0	0.07114	2.79782	0.06691	0	2.73091	1.02933	0	0	-0.3009	-0.26615	15.0446	163.886	20.1141
GLY_48	-2.90287	6.96008	3.11842	-0.00168	0	0	2.30203	4.16687	0	0	-2.06136	-0.36699	0	0	0	0	0	0	-0.22954	0	0	0	0	-2.1888	0	0	1.435	0.45377	10.6849	140.62	23.3802
LYS_49	-5.34565	0.80099	7.02891	-0.48284	0.62717	0.23947	4.46593	7.86021	0	0	-5.73398	0.1356	0	0	0	0	-0.62868	0	0.10329	3.87203	1.52025	2.35177	0	-0.08576	0	0	-0.8895	0.04543	15.8847	151.183	100.817
VAL_50	-6.72357	3.19287	2.95168	-0.26968	0.37728	0.05653	2.50259	5.96402	0	0	-2.42762	-0.25762	0	0	0	0	0	0	-0.1163	0.45922	0.07001	0.38921	0	-1.09149	0	0	2.7371	-0.37026	7.44398	180.975	1.02469
LYS_51	-5.06716	1.02511	3.99826	-0.64485	1.30913	0.40937	2.61526	4.91498	0.02208	0.19657	-2.64552	-0.16542	0	0	0	0	0	0	0.08353	6.08674	1.08349	5.00324	0	0.06048	0	0	-0.8895	-0.38892	17.0069	137.427	114.573
GLY_52	-3.95067	0.91905	3.26554	-0.00105	0	0	2.85561	4.99821	0	0	-2.18117	-0.32915	0	0	0	0	0	0	-0.07354	0	0	0	0	0.70001	0	0	1.435	1.24317	8.88102	160.058	3.94153
ARG_53	-5.5753	0.87912	4.55482	-0.77449	0.7146	0.54857	2.40419	5.27917	0.04623	0.18872	-1.93028	-0.0345	0	0	0	0	0	0	-0.08075	5.1381	1.77299	3.36511	0	-0.03423	0	0	-0.1423	3.03382	19.3536	137.316	127.684
ILE_54	-7.7047	0.95771	2.09101	-0.49056	1.27293	0.10774	2.29021	5.98894	0.03125	0.35687	-2.4412	0.00364	0	0	0	0	0	0	0.00144	0.4249	0.02288	0.40202	0	-1.18243	0	0	1.8006	1.24104	5.17429	207	0
PHE_55	-9.16061	1.95708	4.66983	-0.57706	0.14815	0.30007	2.83694	7.50625	0.06109	0.23676	-2.99881	0.17432	0	0	0	0	0	0	-0.10188	3.44542	0.27442	0	3.171	-0.26485	0	0	1.9602	-0.67215	12.9662	198.32	38.68
VAL_56	-5.33658	0.60815	2.28535	-0.2724	0.3501	0.05517	1.91977	5.06571	0.00066	0.0086	-1.78364	-0.00481	0	0	0	0	0	0	-0.12672	0.41156	0.05792	0.35365	0	-1.01549	0	0	2.7371	-0.77752	4.53658	161.668	20.3317
GLY_57	-2.90816	0.37001	3.3018	-0.00016	0	0	1.98931	4.22949	0.01487	0.04804	-1.25268	-0.29899	0	0	0	-0.32278	0	0	-0.6274	0	0	0	0	-2.14246	0	0	1.435	0.29417	4.13004	149.716	14.2842
SER_58	-1.74983	0.11427	2.33172	-0.04929	0.02422	0.06975	1.13526	2.89872	0	0	-0.59808	0.19831	0	0	0	-0.23501	0	0	-0.12395	1.07919	0.45074	0.62845	0	0.01277	0	4.04	-0.539	0.62926	10.3175	57.9232	104.077
SER_59	-3.95944	0.36862	5.03237	-0.03549	0.0173	0.04609	3.46112	6.09254	0	0	-1.14912	0.08385	0	0	0	-0.67577	0	0	-0.12621	1.14454	0.05881	1.08573	0	0.06847	0	4.04	-0.539	-0.54091	14.4735	110.637	51.3627
GLN_60	-2.8583	0.385	2.31708	-0.69421	0.17077	0.80972	0.95141	3.3269	0	0	-0.3192	-0.65132	0	0	0	-0.23501	0	0	0.10972	3.18362	0.30126	0	2.88236	-0.25602	0	0	-0.1077	-0.9913	8.32478	77.2258	139.774
VAL_61	-2.96495	0.45202	2.17821	-0.27335	0.29672	0.05809	1.217	3.29871	0.03191	0.36547	0.31964	-0.25531	0.01849	0	0	0	0	0	-0.13863	0.39744	0.0569	0.34054	0	-1.27666	0	0	2.7371	1.80232	8.66167	51.3768	130.623
PRO_62	-6.03883	1.21929	1.87025	-0.19832	0.04444	0.14528	0.2372	2.82153	0	0	-0.6255	0.08427	0.01853	0	0	0	0	0	0.18661	1.74688	1.53438	0.2125	0	-0.24097	0	0	-4.6787	2.97192	1.31077	170.665	28.3354
VAL_63	-5.00467	0.24908	2.83746	-0.27309	0.23505	0.05519	2.56626	4.90979	3e-05	0.00012	-2.28364	0.01187	0	0	0	0	0	0	-0.14242	0.20343	0.05895	0.14448	0	-0.79389	0	0	2.7371	0.0495	5.5606	148.183	33.817
VAL_64	-3.67578	0.6647	0.974	-0.26736	0.35073	0.05393	0.60185	2.91543	0	0	-0.49418	-0.17501	0	0	0	0	0	0	-0.08782	0.71991	0.19688	0.52303	0	-1.32005	0	0	2.7371	-1.03757	2.67977	92.7416	89.2584
PHE_65	-7.27884	2.03863	2.43789	-1.01657	0.27475	0.74531	2.59274	5.69307	3e-05	0.00012	-2.3186	-0.19215	0	0	0	0	0	0	0.02026	4.07116	0.31153	0	3.75962	-0.27658	0	0	1.9602	-0.20017	12.6224	216.292	20.7077
GLU_66	-2.93795	1.46342	2.46549	-0.20367	0.14403	0.38046	0.65188	2.95795	0.04828	0.38359	-0.16863	-0.48506	0	0	0	0	0	0	0.11963	6.3701	1.80723	0	4.56287	-0.0477	0	0	-1.6358	0.17755	16.0537	94.8608	128.139
ASN_67	-2.8365	1.01316	4.00711	-0.45868	0.33562	1.06268	1.93308	4.42314	0.07131	0.64049	-1.07671	-0.75821	0	0	0	0	0	0	-0.11721	5.02893	1.23181	0	3.79712	-1.12849	0	0	-0.3009	0.00171	16.8694	66.8122	117.188
THR_68	-7.17164	2.57395	5.88794	-0.17084	0.22791	0.05805	3.55681	8.35644	0	0	-2.94589	-0.42531	0	0	0	0	0	0	0.10259	0.88032	0.65466	0.22566	0	0.14605	0	5.03479	-0.9333	0.01319	16.0714	167.929	6.07061
ASP_69	-4.73026	0.58815	5.80724	-0.10488	0.00408	0.2973	3.94063	6.96707	0.03172	0.14626	-4.2348	-0.46657	0	0	0	0	-0.62868	0	-0.04598	3.98994	0.1357	0	3.85423	0.48651	0	0	-1.6204	-0.02671	14.3905	159.931	25.0689
LEU_70	-6.87453	1.53746	2.26728	-0.66733	3.91852	0.25855	2.53384	5.63131	0	0	-2.04872	0.00503	0	0	0	0	0	0	-0.07539	1.75243	0.10653	1.6459	0	-0.2083	0	0	1.3223	0.14147	11.2464	205.213	4.78703
HIS_71	-9.91009	3.44618	8.42172	-0.56802	0.02233	0.40391	4.17852	11.9284	0	0	-2.10446	-0.84049	0	0	0	0	0	0	-0.05823	3.16638	7e-05	0	3.16631	-0.29182	0	0	0.8406	-0.08164	21.7197	238.951	2.04937
SER_72	-5.91259	1.8303	5.15492	-0.03158	0.0009	0.03547	3.58961	6.96036	0.00053	0.00478	-2.73053	-0.1414	0	0	0	0	0	0	0.20569	3.06481	1.32031	1.7445	0	0.07325	0	4.04	-0.539	-0.19595	18.4744	162	0
TYR_73	-7.85892	1.84511	3.83592	-0.62781	0.07462	0.07214	3.28678	6.27604	0.00053	0.00478	-2.4113	-0.44114	0	0	0	0	0	0	-0.03535	4.75867	0.8057	0	3.95297	-0.22459	0	0	1.7379	-0.31229	14.7398	244.959	3.04114
VAL_74	-6.1702	10.7943	2.54625	-0.31867	0.60985	0.0714	3.15864	5.74975	0	0	-2.5037	-0.79622	0	0	0	0	0	0	-0.11803	1.14052	0.00761	1.13291	0	0.57284	0	0	2.7371	0.57297	19.1873	179.951	2.04937
VAL_75	-6.64228	1.73927	2.41703	-0.27425	0.28447	0.05988	1.78806	5.39596	0.08347	0.42391	-1.89755	-0.28897	0	0	0	0	0	0	-0.11522	0.26181	0.01141	0.2504	0	-1.20311	0	0	2.7371	0.43966	5.47104	180.082	1.9183
MET_76	-7.23264	5.55662	4.70581	-0.646	0.65418	0.04808	2.82098	6.04882	0	0	-1.09662	0.40001	0	0	0	0	0	0	-0.22611	3.94824	1.6483	2.29994	0	0.57653	0	0	1.4633	0.05	21.0194	257.901	4.09875
ASN_77	-2.78935	0.48708	2.23979	-0.4141	3.28387	0.87206	0.73648	3.30771	1e-05	0.00019	0.1116	-0.44256	0	0	0	0	0	0	-0.01688	8.06475	0.37075	0	7.694	-0.03376	0	0	-0.3009	1.4696	24.6403	104.633	79.3666
HIS_78	-7.29603	1.51741	5.47131	-0.40889	0.20377	0.38545	2.07375	7.69567	0	0	-1.11852	-0.439	0	0	0	0	0	0	0.3362	5.66525	0.81434	0	4.85091	-0.17707	0	0	0.8406	1.40056	21.8157	212.278	28.722
GLY_79	-3.20962	1.38863	3.22815	-5e-05	0	0	2.32981	4.63095	0.06772	0.25366	-1.58251	-0.36539	0	0	0	0	0	0	-0.36692	0	0	0	0	-2.37493	0	0	1.435	-0.5624	4.8721	155.85	8.15028
ARG_80	-8.68813	1.61747	7.95625	-0.72063	0.94045	0.38924	4.50603	9.90328	0.15031	0.75025	-1.86582	0.37832	0	0	0	-1.11931	0	0	-0.09621	7.66061	3.93602	3.7246	0	0.34846	0	0	-0.1423	-1.00898	28.6199	242.476	22.5236
SER_81	-4.73867	9.65934	4.06161	-0.062	0.00872	0.08752	2.77407	5.68724	0.101	0.62958	-1.87287	-0.76549	0	0	0	0	0	0	-0.0884	2.25884	0.12169	2.13715	0	0.85783	0	4.04	-0.539	0.12244	24.4806	158.333	3.66654
TYR_82	-8.88158	2.50613	4.44454	-0.59697	0.41583	0.3437	4.10174	7.71909	0.02574	0.08939	-3.56291	-0.24536	0	0	0	0	-0.00318	0	-0.1554	3.81701	0.52925	0	3.28776	-0.07617	0	0	1.7379	0.24563	15.7421	231.008	16.9918
THR_83	-5.86682	0.87546	3.75696	-0.16824	0.22764	0.05729	3.28766	6.03477	0.0044	0.13602	-2.91698	-0.49128	0	0	0	0	0	0	-0.06572	0.42121	0.01255	0.40866	0	-0.37909	0	5.03395	-0.9333	0.08137	9.51649	173.392	0.60815
ALA_84	-5.58536	2.93298	2.35837	-0.02467	0.00066	0	2.86012	5.79455	0.00099	0.00437	-2.4943	-0.39734	0	0	0	0	0	0	-0.06716	0	0	0	0	0.83146	0	0	2.2619	0.4542	8.93078	153	0
ILE_85	-7.88844	1.64133	2.71672	-0.48266	0.79943	0.11408	3.01931	5.7541	0.049	0.19802	-2.7656	-0.26574	0	0	0	0	0	0	-0.0788	0.37396	0.03596	0.33801	0	-0.55902	0	0	1.8006	1.04009	5.84034	205.975	1.02469
SER_86	-6.20192	3.8231	5.29525	-0.03507	0.05542	0.04895	2.92469	7.07354	0	0	-0.71323	0.14738	0	0	0	0	0	0	0.51106	2.26008	0.4023	1.85778	0	0.22908	0	4.04	-0.539	0.56443	21.7438	160.176	1.82445
THR_87	-4.12072	3.52478	3.58702	-0.15123	0.06607	0.13443	2.40504	4.64998	0.13491	0.87776	-0.23967	-0.74191	0	0	0	0	0	0	0.07218	1.9551	0.08377	1.87132	0	2.50201	0	5.02556	-0.9333	5.66642	26.3695	103.251	70.7486
ILE_88	-7.69028	1.95607	2.29968	-0.63151	3.07991	0.11804	1.85842	5.27973	0	0	-0.03053	0.21769	0.281	0	0	0	0	0	-0.02731	7.09514	5.6171	1.47804	0	-1.15542	0	0	1.8006	7.83347	29.3798	206.488	0.512343
PRO_89	-5.77011	2.32019	3.49622	-0.13192	0.00273	0.09137	2.5678	4.71806	0	0	-2.85365	0.2481	0.32918	0	0	0	0	0	-0.18239	1.25163	1.02671	0.22492	0	-1.61133	0	0	-4.6787	1.52375	2.57256	163.481	35.5191
GLU_90	-5.47449	0.74217	5.91413	-0.6054	3.99213	1.70168	2.20572	6.7667	0.00649	0.1424	-1.15703	-2.30513	0	0	0	0	0	0	-0.17789	17.6726	11.5169	0	6.15569	-0.47378	0	0	-1.6358	-0.86742	44.1197	184.097	38.9027
THR_91	-3.80786	1.07874	3.10547	-0.1331	0.07138	0.06177	1.52026	4.28278	0	0	0.05712	-0.41207	0	0	0	0	0	0	-0.14534	0.61993	0.5095	0.11043	0	0.09923	0	5.03658	-0.9333	-0.0579	11.0636	110.904	63.0963
VAL_92	-7.03748	2.67015	2.03565	-0.37709	0.72637	0.0995	2.67175	5.63116	0	0	-0.80015	-0.24258	0	0	0	0	0	0	0.25075	2.87674	0.33298	2.54376	0	-0.11858	0	0	2.7371	1.84191	15.8419	182	0
GLY_93	-4.81381	0.58427	3.30769	-4e-05	0	0	2.21744	5.58681	0	0	-0.6705	-0.3759	0	0	0	0	0	0	-0.2798	0	0	0	0	0.45706	0	0	1.435	3.64626	11.0945	164	0
TYR_94	-9.23105	1.47381	4.11317	-0.62427	0.05952	0.33673	3.24559	7.7119	0	0	-1.02042	-0.19415	0	0	0	0	0	0	-0.02692	3.68238	0.5859	0	3.09647	0.19618	0	0	1.7379	1.89641	17.0391	226.559	21.4408
SER_95	-5.44959	0.90075	4.52735	-0.03433	0.01038	0.02702	2.34516	5.96747	0.05132	0.32671	-0.21639	-0.66736	0	0	0	0	0	0	-0.00215	1.61898	0.06844	1.55054	0	-0.57267	0	4.04	-0.539	-0.48766	13.465	157.333	4.66662
LEU_96	-7.99588	3.0858	2.42214	-0.51119	0.59854	0.14101	2.91797	5.94135	0	0	-2.32164	0.12355	0	0	0	0	0	0	-0.09078	0.22529	0.00954	0.21575	0	-0.31108	0	0	1.3223	-0.84478	4.9279	207.951	2.04937
LEU_97	-8.50025	1.92138	3.09857	-0.55757	1.8896	0.15166	2.77917	6.742	0.02343	0.08744	-0.48385	0.30909	0.89535	0	0	0	0	0	-0.0893	1.45795	0.67757	0.78038	0	-0.24697	0	0	1.3223	2.71572	14.9737	208.463	1.53703
PRO_98	-6.69158	1.94005	2.26785	-0.08238	0.00036	0.04913	1.47276	3.30276	0	0	-0.48041	0.61678	0.96822	0	0	0	0	0	-0.07964	1.63539	0.73427	0.90112	0	-0.29886	0	0	-4.6787	3.11669	4.6938	195.414	3.5864
LEU_99	-8.40574	7.11013	2.28981	-0.56177	0.74065	0.17793	2.91326	5.5024	0.08066	0.44174	-1.52096	0.16107	0	0	0	0	0	0	0.05234	1.59496	1.33034	0.26462	0	0.19688	0	0	1.3223	2.05122	15.7418	210	0
ALA_100	-4.67102	2.38352	2.73095	-0.02349	0	0	2.7718	5.49957	0.02343	0.08744	-2.19059	-0.37829	1.85598	0	0	0	0	0	-0.15671	0	0	0	0	-0.66235	0	0	2.2619	5.64481	15.177	153	0
PRO_101	-6.15284	3.57008	4.0875	-0.07936	0.00108	0.0476	2.32642	5.13753	0.00448	0.07567	-0.94159	0.55616	1.86016	0	0	-0.64903	0	0	-0.26429	2.69395	2.14351	0.55044	0	-1.15938	0	0	-4.6787	4.40871	13.5381	191.827	7.17281
ILE_102	-6.31778	1.13298	2.48833	-0.51206	1.63321	0.09827	2.66724	5.30009	0	0	-0.59453	0.07865	0	0	0	0	0	0	-0.06021	3.73279	2.72889	1.0039	0	-0.49382	0	0	1.8006	1.09658	15.7831	203.669	3.33141
GLY_103	-3.85288	0.71424	3.59906	-6e-05	0	0	2.78942	5.19075	0.06464	0.35335	-1.58943	-0.38908	0	0	0	0	0	0	-0.01797	0	0	0	0	1.43889	0	0	1.435	1.56243	11.2983	163.392	0.60815
GLY_104	-3.80402	0.75317	3.92639	-4e-05	0	0	2.78372	5.62365	0	0	-1.44399	-0.39672	0	0	0	0	0	0	-0.38385	0	0	0	0	0.67017	0	0	1.435	2.32682	11.4903	158.188	5.81172
ILE_105	-8.84228	2.67368	4.35853	-0.74924	1.42187	0.27579	3.02043	7.38106	0	0	-1.15936	0.45	0	0	0	0	0	0	-0.12492	2.46134	1.3026	1.15874	0	0.24579	0	0	1.8006	0.98264	16.6572	206.488	0.512343
ILE_106	-7.86044	1.67701	3.4788	-0.51869	1.33964	0.10512	3.02569	6.47268	0	0	-1.70851	-0.14923	0	0	0	0	0	0	0.07807	3.6067	1.0811	2.5256	0	0.17232	0	0	1.8006	-0.0373	15.0892	207	0
GLY_107	-4.43045	0.57302	4.5339	-5e-05	0	0	2.25759	6.4695	0	0	-0.69991	-0.43078	0	0	0	0	0	0	0.25768	0	0	0	0	1.10957	0	0	1.435	0.69044	11.7655	163.488	0.512343
TRP_108	-10.5089	1.11539	3.31672	-1.2304	0.08952	0.52877	2.95776	8.33539	0.00265	0.02355	-2.42277	-0.38703	0	0	0	0	0	0	-0.01142	3.43394	0.49582	0	2.93812	-0.08988	0	0	3.7077	0.79728	13.0922	264.364	5.63585
MET_109	-10.2563	3.59108	5.28402	-0.39055	1.33682	0.00966	3.57705	8.26935	0	0	-2.09227	0.08316	0	0	0	0	0	0	-0.10798	1.8668	0.40046	1.46634	0	-0.02603	0	0	1.4633	0.3727	14.8476	261.488	0.512343
PHE_110	-7.82239	4.23997	2.04016	-0.62644	0.12145	0.383	1.71303	5.12372	0.03258	0.13921	-1.51943	0.09428	0	0	0	0	0	0	-0.10739	2.58857	0.02342	0	2.56516	-0.3608	0	0	1.9602	0.38688	10.9752	231.827	5.1735
ALA_111	-5.81749	0.46456	2.87927	-0.02277	0	0	2.12199	6.26568	0	0	-1.36292	-0.14174	0	0	0	-0.76564	0	0	-0.02886	0	0	0	0	-0.32071	0	0	2.2619	0.02775	5.56102	152.392	0.60815
VAL_112	-5.92325	1.25243	4.03338	-0.28274	0.30221	0.05972	2.88601	6.81312	0.03192	0.31365	-2.05622	0.20457	0	0	0	0	0	0	-0.17329	0.08359	0.00831	0.07527	0	-0.50443	0	0	2.7371	-0.10156	9.75981	163.039	18.9614
GLU_113	-5.30577	0.9565	5.83284	-0.20472	0.0823	0.29327	3.02956	6.64116	1e-05	0.00019	-1.69762	-0.4038	0	0	0	-1.0781	0	0	-0.11428	5.45304	0.29473	0	5.15831	0.1204	0	0	-1.6358	-0.23194	17.1902	163.138	59.8623
GLN_114	-4.70757	1.20601	5.22773	-0.34455	0.53262	0.31283	2.62236	6.23276	0.00938	0.17984	-1.68499	-0.32318	0	0	0	0	0	0	-0.04037	6.26094	0.07954	0	6.1814	0.32731	0	0	-0.1077	-0.38768	21.5767	158.276	58.7239
ASP_115	-2.07949	0.82399	2.30553	-0.08052	0.00377	0.2477	0.69577	2.59091	0.00086	0.01459	-0.66909	-0.32327	0	0	0	0	0	0	-0.23213	3.88682	0.11427	0	3.77255	0.3497	0	0	-1.6204	1.70726	11.5088	77.2387	107.761
GLY_116	-1.64387	0.90437	1.42537	-0.00012	0	0	0.5848	2.15168	0	0	0.33094	-0.37867	0	0	0	0	0	0	0.16852	0	0	0	0	0.69116	0	0	1.435	4.53113	10.2003	105.438	58.5624
PHE_117	-8.65108	6.04984	3.25782	-0.60552	0.50489	0.34177	2.18864	5.85063	0	0	-0.43666	0.01337	0	0	0	0	0	0	0.23151	3.02842	0.00988	0	3.01854	-0.32909	0	0	1.9602	2.18512	18.6183	201.418	35.5822
LYS_118	-4.76345	1.75642	3.17205	-0.32302	0.13102	0.16822	1.17468	3.95213	0	0	-1.37444	-0.11483	0	0	0	-0.54146	0	0	-0.00975	5.0603	2.24387	2.81643	0	0.16471	0	0	-0.8895	-0.6872	11.9362	144.783	107.217
ASN_119	-8.53551	0.61726	8.93196	-0.35242	0.19472	0.66594	5.18453	11.0683	0.09088	0.69365	-4.44609	-0.09344	0	0	0	-2.45785	0	0	-0.03189	2.76205	0.92359	0	1.83847	-0.38346	0	0	-0.3009	-0.05088	16.3189	178.116	5.88369
GLY_120	-5.09203	2.87628	4.45791	-4e-05	0	0	2.8928	6.6712	0.01457	0.11219	-1.90087	-0.38632	0	0	0	0	0	0	-0.24505	0	0	0	0	0.77627	0	0	1.435	1.24581	12.8577	164	0
PHE_121	-10.2305	1.2256	4.61255	-0.91943	0.10213	0.38616	3.4175	9.28747	0.00265	0.02355	-3.13771	0.10887	0	0	0	0	0	0	0.09837	3.44164	0.29378	0	3.14786	0.01023	0	0	1.9602	1	14.831	237	0
SER_122	-5.08542	1.23464	5.7969	-0.03082	0.00064	0.02212	2.44345	6.8218	0.07008	0.41935	0.0049	-0.6834	0	0	0	-0.61411	0	0	-0.06766	1.24309	0.53749	0.7056	0	0.45675	0	4.04	-0.539	0.18307	16.9595	152.14	9.85952
ILE_123	-6.37435	0.47283	2.22104	-0.51815	1.27214	0.10415	1.30245	5.00622	0.09241	0.79609	-0.47195	0.02679	0	0	0	0	0	0	-0.03774	1.18551	0.12108	1.06443	0	-0.73767	0	0	1.8006	0.34197	7.66786	195.151	11.8487
THR_124	-7.01307	1.11299	4.90031	-0.13301	0.19951	0.07593	3.49381	7.36524	0	1e-05	-0.74553	-0.03854	0	0	0	0	0	0	-0.07578	1.76475	1.54731	0.21744	0	-0.97871	0	5.03945	-0.9333	-0.2606	15.5382	172.271	1.72864
GLY_125	-4.85457	1.78286	3.98924	-5e-05	0	0	2.25099	5.93325	0	0	-1.43532	-0.43405	0	0	0	0	0	0	-0.17823	0	0	0	0	-1.76969	0	0	1.435	-0.80073	5.91871	164	0
GLY_126	-4.34253	0.93508	3.70947	-5e-05	0	0	1.9469	5.4371	0.05887	0.60423	-0.94785	-0.40453	0	0	0	0	0	0	-0.10456	0	0	0	0	-2.02237	0	0	1.435	-1.24844	5.05632	163.392	0.60815
GLU_127	-6.38399	0.65015	7.44797	-0.23182	0.11044	0.41165	3.44504	8.24311	0.00038	0.00242	-3.1741	-0.53986	0	0	0	0	-1.26715	0	0.13853	5.18132	0.412	0	4.76932	0.3443	0	0	-1.6358	0.08062	18.0045	182.702	40.2976
PHE_128	-10.4885	2.47978	3.02164	-0.92943	0.14744	0.50949	2.90501	6.83535	0	0	-1.85264	-0.21337	0	0	0	0	0	0	0.07861	2.2649	0.22625	0	2.03866	-0.59855	0	0	1.9602	1.69514	10.0799	231.039	5.9612
THR_129	-5.19782	0.81209	4.67373	-0.16649	0.19584	0.05907	3.45222	6.3514	0.01824	0.17807	-2.32843	-0.53049	0	0	0	0	0	0	-0.0695	0.38519	0.00017	0.38501	0	-0.37067	0	5.03791	-0.9333	0.82419	12.7764	145.188	28.8123
ARG_130	-10.7305	3.96496	8.06706	-0.57313	0.28317	0.36333	5.39749	10.2489	0.0004	0.00129	-3.62774	0.37542	0	0	0	-0.64903	-0.82504	0	0.18373	6.74922	4.00325	2.74597	0	0.21558	0	0	-0.1423	0.13436	26.1863	264.325	0.675055
GLN_131	-3.92386	0.45027	3.82887	-0.29407	0.06605	0.26145	2.89406	4.78982	0.01353	0.21938	-2.77886	-0.64956	0	0	0	0	0	0	-0.0794	5.01776	0.27296	0	4.7448	0.53517	0	0	-0.1077	0.0903	15.351	118.869	98.1308
ALA_132	-4.91173	1.19522	2.89612	-0.02094	0	0	3.03518	5.39701	0.0004	0.00129	-2.8672	-0.32893	0	0	0	0	0	0	0.04651	0	0	0	0	-0.08734	0	0	2.2619	0.12697	6.74446	150.321	2.67868
GLU_133	-5.72674	0.77358	6.78463	-0.20234	0.05312	0.27757	4.51819	7.64184	0	0	-5.45263	-0.68345	0	0	0	0	-1.10365	0	-0.00951	4.42598	0.28812	0	4.13786	-0.16059	0	0	-1.6358	0.13424	14.0604	174.334	48.6664
VAL_134	-7.52396	3.11362	1.72909	-0.39149	1.46006	0.09451	2.66506	5.72357	0.00189	0.0069	-2.38364	-0.40059	0	0	0	0	0	0	-0.1447	1.4608	0.06252	1.39828	0	-0.92831	0	0	2.7371	0.00944	8.69015	179.951	2.04937
THR_135	-4.97467	0.45288	4.44502	-0.17259	0.18473	0.06269	3.37036	6.09116	0.00639	0.20013	-2.10597	-0.56155	0	0	0	0	-0.30118	0	-0.03065	0.19603	0.00436	0.19167	0	-0.23809	0	5.04595	-0.9333	-0.01163	10.9218	137.515	36.4854
PHE_136	-8.36687	5.57991	1.41934	-0.58493	0.36095	0.30725	1.73831	4.30893	0.00189	0.0069	-1.26827	0.008	0	0	0	0	0	0	-0.15989	3.57099	0.04277	0	3.52821	-0.29166	0	0	1.9602	-0.06581	12.0962	232.583	4.41682
LEU_137	-4.28119	0.26009	2.36506	-0.54285	1.09997	0.11911	1.05446	3.96281	0.06224	0.36314	-0.22067	0.38539	0	0	0	0	0	0	-0.18129	5.72436	4.42189	1.30247	0	-0.20298	0	0	1.3223	0.30578	17.3201	132.76	77.24
GLY_138	-1.34705	0.1134	1.34884	-6e-05	0	0	0.28985	1.84268	0	0	0.13107	-0.38247	0	0	0	0	0	0	-0.34618	0	0	0	0	-2.48812	0	0	1.435	-0.52861	0.06836	83.981	80.019
HIS_139	-4.49927	3.23872	3.85297	-0.4339	0.01857	0.51204	1.57055	4.66069	0.02549	0.11611	-0.34029	-0.07216	0.69438	0	0	0	0	0	0.16592	2.70952	0.13323	0	2.5763	-0.12821	0	0	0.8406	1.82458	17.4658	162.778	78.2225
PRO_140	-1.78651	2.85922	1.58075	-0.13837	0.00169	0.09349	0.31492	1.56192	0	0	0.00212	0.23062	0.81409	0	0	0	0	0	-0.11191	1.46823	1.03207	0.43616	0	-1.3296	0	0	-4.6787	2.01024	4.36042	90.3954	108.605
GLY_141	-1.14661	0.09927	1.2257	-0.00019	0	0	0.43961	1.4852	0.02549	0.11611	-0.05714	-0.21244	0	0	0	0	0	0	-0.02282	0	0	0	0	-2.41498	0	0	1.435	-0.46881	0.50339	114.472	49.5284
LYS_142	-4.52766	0.36923	5.00804	-0.45727	0.17958	0.27793	2.60257	5.56691	0.10862	0.46999	-2.7481	-0.22326	0	0	0	0	-0.39511	0	0.03802	2.14471	0.05683	2.08788	0	0.60337	0	0	-0.8895	1.61891	11.8917	154.351	97.6488
LEU_143	-7.73696	3.55142	2.47861	-0.57196	0.88001	0.12617	2.959	6.3968	0.00811	0.02983	-1.74376	0.36118	0	0	0	0	0	0	-0.09961	1.26656	0.2047	1.06186	0	-0.37917	0	0	1.3223	1.20962	11.3247	207.085	2.91487
VAL_144	-4.84096	0.88576	3.69959	-0.27357	0.42087	0.0583	3.22163	5.5487	0.0024	0.00884	-2.6042	-0.07528	0	0	0	0	0	0	-0.12565	0.73612	0.22717	0.50895	0	-1.19777	0	0	2.7371	-0.61093	8.32706	110.123	71.8775
LEU_145	-7.82569	2.79771	2.68071	-0.69206	6.9134	0.30693	2.82165	6.46218	0.00811	0.02983	-2.65899	0.01242	0	0	0	0	0	0	-0.02846	3.48335	1.81228	1.67108	0	-0.07565	0	0	1.3223	-0.53713	18.504	208.367	1.63284
LYS_146	-4.29078	0.96385	3.97967	-0.37019	0.09202	0.16653	2.73256	5.12222	0	0	-2.21077	-0.00493	0	0	0	0	0	0	-0.07079	3.3542	0.61253	2.74167	0	0.18209	0	0	-0.8895	0.21642	12.3268	131.773	120.227
GLN_147	-9.10459	4.79121	6.0263	-0.31463	0.51928	0.28738	4.64927	8.26681	0.00842	0.09117	-1.96412	-0.40643	0	0	0	0	0	0	-0.03382	8.0885	2.00469	0	6.08381	0.22504	0	0	-0.1077	0.38361	29.4942	217	0
GLN_148	-5.51379	0.37331	5.76673	-0.68898	0.19043	0.46475	3.41615	7.36238	0.02034	0.1731	-2.25566	-0.3304	0	0	0	0	0	0	-0.13097	4.60171	0.34805	0	4.25366	0.4925	0	0	-0.1077	-0.00175	18.4339	124.714	92.2863
PHE_149	-10.8563	2.53228	3.61252	-0.60067	0.69393	0.33764	3.47667	7.50849	0.00394	0.0155	-2.27269	0.01167	0	0	0	0	0	0	0.04892	3.62793	0.21688	0	3.41106	-0.12545	0	0	1.9602	-0.3122	13.2903	237	0
SER_150	-2.59174	0.27124	3.41717	-0.03826	0.05574	0.02964	1.5531	3.97325	0.07224	0.46226	-0.18387	-0.7503	0	0	0	0	0	0	-0.08395	2.95243	2.35733	0.5951	0	0.10872	0	4.04	-0.539	0.7136	16.4147	73.2697	88.7303
GLY_151	-3.97019	0.05508	4.00614	-0.00022	0	0	2.48617	5.447	0.05191	0.28917	-1.66881	-0.19682	0	0	0	0	0	0	0.0031	0	0	0	0	-2.4596	0	0	1.435	1.13176	6.60968	161.855	2.14518
ILE_152	-5.77637	1.05105	1.85868	-0.49632	1.1222	0.10718	1.4405	4.67827	0.00173	0.01189	-0.99319	0.22415	0	0	0	-0.55363	0	0	-0.149	1.19655	0.59753	0.59902	0	-0.9234	0	0	1.8006	-0.44073	5.35671	155.805	51.1951
ASP_153	-5.62752	0.8526	8.75829	-0.24125	0.25274	0.88465	5.17164	9.93439	0.0134	0.06574	-4.60704	-0.60522	0	0	0	-0.7725	0	0	-0.09084	2.13594	0.0536	0	2.08234	-0.84068	0	0	-1.6204	-0.57312	15.2267	133.616	51.3837
GLU_154	-2.52327	0.28684	2.76461	-0.30773	0.14471	0.47558	0.60118	3.07078	0	0	0.28864	-0.45393	0	0	0	0	0	0	-0.32814	7.46897	2.15868	0	5.31029	-0.3771	0	0	-1.6358	0.68576	17.6301	60.3938	162.606
HIS_155	-4.56	0.82918	5.14601	-0.45826	0.01454	0.54595	1.93475	5.89343	0.00167	0.00919	-0.84759	-0.52064	0	0	0	-0.42201	0	0	-0.05093	5.77588	1.40332	0	4.37256	-0.3866	0	0	0.8406	0.26356	19.7846	86.4928	154.507
GLY_156	-2.46263	0.50154	2.55615	-6e-05	0	0	1.49508	3.75207	0.08218	0.83849	-1.15921	-0.39292	0	0	0	0	0	0	-0.3913	0	0	0	0	-2.49331	0	0	1.435	-1.08319	2.67789	123.513	40.4874
HIS_157	-7.13247	0.5992	7.36801	-0.43738	0.12647	0.45438	3.61563	9.31715	0.01507	0.07492	-2.39708	-0.37102	0	0	0	-0.35049	0	0	0.10703	4.80732	0.15604	0	4.65128	0.07748	0	0	0.8406	-0.96468	20.5575	210.927	30.0734
LEU_158	-7.21818	1.10724	2.74094	-0.63772	1.32587	0.11592	2.61532	6.05103	0	0	-2.67766	0.47043	0	0	0	0	0	0	0.43823	4.76115	0.66694	4.09422	0	-0.28645	0	0	1.3223	-0.58242	14.3071	208.463	1.53703
THR_159	-5.02315	0.53185	4.7977	-0.12395	0.08073	0.08237	2.95361	6.65915	0.0443	0.49204	-1.46772	-0.46909	0	0	0	0	0	0	0.08361	1.0138	0.36462	0.64918	0	-0.33907	0	5.04282	-0.9333	-0.37963	14.0599	133.77	40.2295
ILE_160	-7.01554	9.17184	1.63378	-0.6372	3.59068	0.16437	1.60985	4.94463	0	0	-1.56028	-0.4101	0	0	0	0	0	0	0.0516	3.37648	2.46631	0.91017	0	1.74425	0	0	1.8006	2.11965	23.9611	205.157	1.84346
SER_161	-3.25541	1.23514	3.76175	-0.03706	0.00944	0.05089	2.99705	4.64608	0.0048	0.02091	-2.58353	-0.01077	0	0	0	0	0	0	-0.05175	0.92105	0.00537	0.91567	0	0.89624	0	4.04	-0.539	2.39783	15.4247	92.1424	69.8576
THR_162	-5.98519	2.1847	3.41054	-0.16914	0.22753	0.05799	2.99528	5.54794	0	0	-1.86501	-0.50902	0	0	0	0	0	0	-0.07004	0.4862	0.08154	0.40465	0	-0.3779	0	5.03206	-0.9333	0.21829	10.7371	170.284	3.71581
GLU_163	-4.5836	0.73142	4.34457	-0.26001	0.0583	0.31053	2.80275	5.15053	0.0048	0.02091	-2.43215	-0.25447	0	0	0	0	0	0	-0.06748	4.50251	0.59828	0	3.90423	0.17099	0	0	-1.6358	0.50001	13.8663	140.523	82.4767
LEU_164	-6.35668	1.05415	1.56862	-0.47787	0.31997	0.10902	2.33246	4.54154	0	0	-2.29952	-0.0117	0	0	0	0	0	0	-0.07607	1.89345	0.81896	1.07449	0	-0.07664	0	0	1.3223	0.40857	6.14506	206.477	3.52302
GLU_165	-4.32093	0.87638	4.27901	-0.30505	0.12863	0.34424	3.06703	5.15268	0	0	-2.83998	-0.27681	0	0	0	0	0	0	-0.1012	4.77157	0.24524	0	4.52633	-0.22007	0	0	-1.6358	1.08684	14.7781	129.986	93.0145
GLY_166	-3.56063	0.91867	3.00901	-0.00115	0	0	2.30855	4.45667	0	0	-2.4497	-0.34282	0	0	0	0	0	0	-0.03645	0	0	0	0	-2.53089	0	0	1.435	2.22302	5.42929	149.957	14.0425
ARG_167	-7.97431	0.97149	7.50265	-0.90199	0.43994	0.55246	3.70914	9.25276	0	0	-3.36105	0.46282	0	0	0	-0.99856	0	0	-0.0366	4.27452	0.31764	3.95688	0	-0.15139	0	0	-0.1423	0.77086	18.645	222.093	42.9069
VAL_168	-5.9969	1.39319	1.59668	-0.32381	0.58433	0.07181	2.21097	4.75496	0	0	-2.32003	-0.56538	0.00022	0	0	0	0	0	-0.00631	0.75398	0.00939	0.74458	0	-0.62159	0	0	2.7371	1.83762	6.86082	182	0
PRO_169	-4.63629	1.5851	2.22669	-0.14166	0.00011	0.09847	0.87073	2.56553	0.05132	0.32671	-0.26738	0.22932	0.03656	0	0	0	0	0	0.08427	1.01973	0.50576	0.51397	0	-1.74073	0	0	-4.6787	1.54393	0.19345	179.111	19.8891
GLN_170	-3.37889	0.55531	1.70874	-0.38107	0.19411	0.20781	0.45149	2.57247	0	0	-0.12655	0.03314	0	0	0	0	0	0	-0.03621	4.60166	0.28404	0	4.31762	0.03651	0	0	-0.1077	-0.96059	9.9719	82.7407	134.259
ILE_171	-6.72606	2.67197	1.99241	-0.48023	1.75228	0.08935	1.51274	4.5894	0	0	-0.23502	0.21731	0.08678	0	0	0	0	0	-0.1255	5.69204	5.01658	0.67546	0	-1.23837	0	0	1.8006	1.84544	19.1372	200.819	6.18054
PRO_172	-4.01048	1.37277	2.33608	-0.11898	0.00248	0.08407	1.53124	3.22652	0.024	0.21477	-1.59754	0.29114	0.09713	0	0	0	0	0	-0.15102	1.25223	1.11843	0.1338	0	-1.71491	0	0	-4.6787	1.93127	1.34428	151.607	47.3929
TYR_173	-3.90192	0.60807	1.91767	-0.53128	0.64925	0.20038	1.26136	3.46409	0.00649	0.1424	-0.17248	-0.23511	0	0	0	0	0	0	-0.16122	7.00811	1.21351	0	5.7946	0.05752	0	0	1.7379	-0.56593	18.4934	114.864	133.136
GLY_174	-2.58621	0.50885	2.16976	-5e-05	0	0	1.24751	3.2437	0.01262	0.04904	-0.36947	-0.38213	0	0	0	0	0	0	-0.26288	0	0	0	0	-2.41907	0	0	1.435	-1.21542	1.43123	114.429	49.5707
ALA_175	-4.7508	0.59103	1.72013	-0.01994	0	0	1.94761	4.46313	0.024	0.21477	-1.3487	-0.13141	0	0	0	0	0	0	-0.01421	0	0	0	0	0.07784	0	0	2.2619	-0.9471	4.08826	146.805	6.19495
SER_176	-3.29982	0.95102	3.41023	-0.04055	0.00994	0.05728	2.62938	4.56861	0	0	-1.96006	-0.24415	0	0	0	0	0	0	0.18706	1.50555	0.9077	0.59784	0	-0.23455	0	4.04	-0.539	0.00253	12.549	108.615	53.3848
VAL_177	-6.00368	1.3337	-0.05677	-0.26328	0.47925	0.05416	0.90978	3.25623	0.01931	0.23143	-0.30012	-0.09098	0	0	0	0	0	0	-0.0558	1.65234	0.78395	0.86838	0	-0.89388	0	0	2.7371	-0.21755	4.44357	171.101	10.8988
HIS_178	-4.60466	0.76423	4.83878	-0.59636	0.02564	0.45321	2.59507	6.03845	0.03761	0.45586	-2.75162	-0.95261	0	0	0	0	-0.02332	0	-0.04548	3.51654	0.03962	0	3.47692	-0.06439	0	0	0.8406	-0.56157	13.4825	150.111	90.8895
ILE_179	-5.40764	0.38472	1.32252	-0.46749	0.70359	0.10312	0.92342	3.83101	0.02262	0.14448	-0.32411	-0.04252	0	0	0	0	0	0	-0.1653	1.68068	1.29018	0.39051	0	-1.13502	0	0	1.8006	-0.61413	4.44124	199.994	7.00646
GLU_180	-3.04923	0.86404	3.02896	-0.31504	0.07608	0.46647	1.19838	3.5013	6e-05	0.00069	-1.01006	-0.64041	0.66435	0	0	0	-0.02332	0	0.04967	9.73595	2.85759	0	6.87836	0.06017	0	0	-1.6358	2.419	25.1272	128.771	94.2287
PRO_181	-3.04419	0.79354	1.6446	-0.11411	0.00088	0.08213	0.64447	1.87948	0	0	-0.4995	0.328	0.66759	0	0	0	0	0	-0.09513	2.69897	2.53497	0.16399	0	-1.97234	0	0	-4.6787	2.49164	3.52629	124.735	74.2653
TYR_182	-7.78507	1.39348	3.64898	-0.98536	0.19368	0.57083	2.88772	6.41667	0	0	-2.24936	-0.31045	0	0	0	0	0	0	-0.00337	2.01172	0.00108	0	2.01065	-0.7283	0	0	1.7379	0.22531	9.0361	214.215	33.7854
THR_183	-3.32299	0.57315	1.8165	-0.13016	0.08514	0.09128	0.63752	2.83716	0.02658	0.3023	-0.34228	-0.94286	0	0	0	0	0	0	0.08455	0.3813	0.00136	0.37993	0	-0.41706	0	5.03504	-0.9333	0.14076	6.30392	107.696	66.3041
GLU_184	-6.15729	1.13659	6.5362	-0.20326	0.01954	0.2665	3.58417	7.29268	0.07266	0.39556	-2.90731	-0.47125	0	0	0	0	-0.42136	0	0.00323	5.64639	0.96558	0	4.68081	-0.11008	0	0	-1.6358	-0.31086	18.3827	204.689	18.3111
LEU_185	-4.80561	0.49741	1.27432	-0.49423	1.56551	0.10118	0.89943	3.6609	0.09544	0.48345	-0.46513	0.16286	0	0	0	0	0	0	-0.08526	1.55865	0.16638	1.39227	0	-0.57533	0	0	1.3223	-0.17996	6.57459	146.972	63.0275
TYR_186	-8.77982	0.90215	4.53262	-0.56149	0.30067	0.27351	3.14597	7.63539	0.02854	0.08644	-1.85321	-0.32472	0	0	0	0	0	0	-0.11102	4.11198	0.45953	0	3.65245	-0.15538	0	0	1.7379	0.08369	15.1652	236.61	11.3898
HIS_187	-5.40904	1.28531	5.14325	-0.4672	0.02217	0.54663	3.37235	6.89286	0.02295	0.07243	-2.78526	-0.16021	0	0	0	0	0	0	-0.11658	3.68095	0.62984	0	3.05111	0.15595	0	0	0.8406	0.05233	16.8304	158.998	82.0023
TYR_188	-7.69959	0.79024	4.3695	-0.88837	0.15517	0.17276	3.36875	7.17682	0.00775	0.02266	-1.24768	-0.42754	0	0	0	0	0	0	-0.0335	4.17099	0.4511	0	3.71989	-0.35014	0	0	1.7379	-0.59135	14.9054	211.095	36.9055
SER_189	-3.12669	0.37864	3.52046	-0.04079	0.02599	0.06353	2.22274	4.69921	0	0	-0.28014	0.22197	0	0	0	0	0	0	0.08375	0.20212	0.12388	0.07824	0	-0.36714	0	4.04	-0.539	1.77564	13.0824	95.4712	66.5288
SER_190	-1.97809	0.68232	2.16354	-0.03821	0.06671	0.03027	0.9323	2.86919	0	0	0.41147	-0.07527	0	0	0	0	0	0	0.06932	1.22015	0.9454	0.27475	0	0.11918	0	4.04	-0.539	4.13572	15.3298	56.9051	105.095
SER_191	-4.54131	0.9508	4.25129	-0.03749	0.0453	0.02902	2.65289	5.79575	0	0	-1.69728	-0.24088	0	0	0	0	-0.49312	0	-0.11816	0.12146	0.05591	0.06555	0	0.82899	0	4.04	-0.539	3.19686	14.3666	134.106	27.8935
VAL_192	-5.42546	0.7592	3.51795	-0.25771	0.27171	0.05204	3.04051	6.32134	0	0	-0.96943	-0.34096	0	0	0	0	0	0	-0.15728	0.84065	0.47871	0.36194	0	-0.89818	0	0	2.7371	1.27677	11.6089	122.709	59.2914
ILE_193	-7.79016	2.36688	2.80111	-0.46461	1.01922	0.0961	2.98617	5.99835	0	0	-3.14923	0.05411	0	0	0	0	0	0	-0.13565	1.90781	1.47313	0.43468	0	-1.23881	0	0	1.8006	-0.37395	7.78575	204.342	2.65752
THR_194	-4.42953	0.51379	3.45796	-0.1194	0.05946	0.08011	2.92918	5.27861	0	0	-2.6567	-0.58912	0	0	0	0	0	0	-0.0076	0.62704	0.44109	0.18595	0	-0.58235	0	5.02787	-0.9333	-0.84828	8.43478	119.755	54.2447
SER_195	-4.00631	0.80235	4.41712	-0.05897	0.04857	0.08498	3.06829	5.08944	0.04695	0.32467	-2.03272	-0.8992	0	0	0	0	-0.10733	0	0.01193	1.03807	0.58528	0.45279	0	-0.69747	0	4.04	-0.539	0.05651	11.726	156.832	5.1683
SER_196	-1.94116	0.82397	1.80346	-0.0335	0.00259	0.04035	0.73319	2.20486	0.07249	0.41102	-0.78027	-0.17341	0	0	0	0	0	0	0.14297	1.23818	0.47712	0.76106	0	-0.01954	0	4.04	-0.539	0.62533	9.88974	101.204	60.7957
SER_197	-4.05889	0.60696	5.20628	-0.03653	0.02957	0.05324	3.5976	5.80138	0.03907	0.34224	-2.73293	0.13182	0	0	0	0	-0.16176	0	-0.07868	0.87631	0.47608	0.40023	0	-0.33663	0	4.04	-0.539	0.55595	14.2123	148.296	13.7042
THR_198	-3.26189	0.61975	1.70686	-0.17584	0.11312	0.06557	0.70353	2.81878	0	0	-0.16492	-0.64879	0	0	0	0	0	0	-0.14561	0.22117	0.05926	0.16191	0	0.15931	0	5.03994	-0.9333	0.63526	6.9741	107.546	66.4539
ARG_199	-7.55664	1.31743	7.07924	-0.71098	0.33695	0.47138	3.58793	8.43329	0.01622	0.05444	-3.22725	0.04553	0	0	0	0	-0.58313	0	-0.00875	5.52829	1.69276	3.83552	0	-0.09975	0	0	-0.1423	0.50463	20.5748	243.683	21.317
GLU_200	-3.03614	0.75323	2.0072	-0.37184	0.38442	0.46762	0.6523	2.64893	0.00333	0.04855	-0.83085	-0.4148	0	0	0	0	0	0	0.0198	6.16126	0.85102	0	5.31023	0.27412	0	0	-1.6358	0.35331	13.6459	133.388	89.612
TYR_201	-8.90992	1.35456	3.2585	-1.02621	0.14579	0.65349	2.77993	6.28516	0.01442	0.05401	-2.18119	-0.35913	0	0	0	0	0	0	0.29741	2.70036	0.2972	0	2.40315	-0.36226	0	0	1.7379	-0.13088	9.01231	237.083	10.917
THR_202	-5.4207	1.09183	3.59879	-0.17388	0.25685	0.06092	3.02713	5.87284	0.02764	0.08951	-2.43481	-0.51763	0	0	0	0	0	0	-0.07172	0.36895	0.01363	0.35532	0	-0.31587	0	5.03464	-0.9333	-0.15943	9.77072	147.651	26.3494
VAL_203	-6.70769	0.98214	2.94793	-0.28043	0.38917	0.06369	2.79919	6.24358	0.0262	0.08847	-2.38507	-0.19217	0	0	0	0	0	0	0.10717	0.25732	0.02052	0.23681	0	-1.04407	0	0	2.7371	-0.40055	5.88932	178.414	3.5864
MET_204	-4.27159	0.9458	3.80705	-0.30489	0.15218	0.04917	2.67875	4.83145	0.02764	0.08951	-2.11353	-0.19133	0	0	0	0	0	0	-0.09745	2.63275	0.37509	2.25766	0	0.39242	0	0	1.4633	-0.61376	12.1102	155.091	106.909
GLU_205	-4.51805	1.52246	4.15915	-0.3546	0.10262	0.56407	1.44181	4.77062	0.0506	0.25048	-1.92522	-0.37835	1.40297	0	0	0	-0.98969	0	0.06214	4.49645	0.2058	0	4.29065	0.30443	0	0	-1.6358	2.29993	16.1225	182.788	40.2116
PRO_206	-4.92382	1.69862	3.33481	-0.11239	0.00896	0.08043	1.46739	3.81896	0.0049	0.02119	-1.48226	0.29728	1.408	0	0	0	0	0	-0.25899	1.03829	0.95146	0.08683	0	-1.46188	0	0	-4.6787	4.09042	5.3895	165.438	33.562
ASP_207	-1.08056	0.04414	1.3678	-0.30293	0.1029	0.98562	0.30686	1.66895	0.01262	0.04904	0.23511	0.02321	0	0	0	0	0	0	0.26961	5.95943	0.52258	0	5.43685	-1.19168	0	0	-1.6204	3.15458	15.9437	42.3162	142.684
GLN_208	-3.09337	0.40232	3.62336	-0.42925	0.17266	0.32407	2.1037	4.46451	0.0049	0.02119	-1.66465	-0.35837	0	0	0	0	0	0	0.10841	4.26438	0.02301	0	4.24137	0.13016	0	0	-0.1077	1.97358	16.2043	82.9015	134.098
ASP_209	-1.26263	0.16888	1.80185	-0.22264	0.07288	0.68869	0.33987	2.13851	0	0	0.56947	-0.76381	0	0	0	0	0	0	-0.21628	3.93453	0.07987	0	3.85465	-0.62034	0	0	-1.6204	0.75801	9.70111	28.6564	156.344
GLY_210	-1.22659	0.17112	1.96588	-5e-05	0	0	0.62891	2.48514	0	0	0.54035	-0.37634	0	0	0	0	0	0	-0.37345	0	0	0	0	-2.45406	0	0	1.435	-0.51851	2.27739	92.7727	71.2273
ALA_211	-2.36443	0.22979	1.76819	-0.02661	0.00186	0	1.53763	3.05856	0	0	-0.6901	-0.28156	0	0	0	0	0	0	-0.20977	0	0	0	0	0.18092	0	0	2.2619	-0.22774	5.23865	106.093	46.9071
ALA_212	-2.18327	1.40048	1.93333	-0.02025	0	0	0.8836	2.62988	0.03883	0.21602	0.25551	-0.12379	0.22237	0	0	0	0	0	0.04222	0	0	0	0	0.00596	0	0	2.2619	3.09998	10.6628	83.6667	69.3333
PRO_213	-1.61107	1.18536	1.42882	-0.11118	0.00081	0.07947	0.50606	1.76774	0	0	-0.04105	0.3336	0.23979	0	0	0	0	0	-0.13701	2.13832	1.98542	0.15289	0	-1.94867	0	0	-4.6787	2.25487	3.54547	78.3323	120.668
SER_214	-2.56416	0.14587	1.4744	-0.04282	0.00975	0.06319	0.67206	2.16654	0	0	-0.49145	-0.76984	0	0	0	0	0	0	0.06265	0.49435	0.26472	0.22964	0	-0.68268	0	4.04	-0.539	-0.71359	3.81963	103.448	58.5522
HIS_215	-5.92336	0.50338	5.7557	-0.82302	0.15195	1.15149	4.08503	7.63133	0	0	-3.63295	-0.0608	0	0	0	0	-1.91724	0	0.21802	6.49471	2.35025	0	4.14446	-0.49454	0	0	0.8406	-0.75374	19.7213	176.997	64.0032
THR_216	-3.39958	0.78906	2.47641	-0.13388	0.12111	0.08682	0.66169	3.66818	0	0	0.1642	-0.79651	0	0	0	0	0	0	0.09787	0.41646	0.03834	0.37812	0	-0.1144	0	5.04462	-0.9333	-0.27737	8.28783	104.261	69.7392
HIS_217	-6.20981	1.77443	5.50035	-0.4266	0.01913	0.50191	3.51889	7.46734	0	0	-2.28744	-0.08335	0	0	0	0	-0.92755	0	0.40274	2.7406	0.03463	0	2.70597	-0.47828	0	0	0.8406	-0.23316	14.8604	173.762	67.2378
ILE_218	-5.46909	1.87349	2.1838	-0.46628	0.97444	0.09506	1.42237	4.25742	0.06224	0.36314	-1.63969	0.11412	0	0	0	0	0	0	0.00338	2.11757	1.1875	0.93007	0	-0.74296	0	0	1.8006	-0.39478	8.67242	139.911	67.0886
TYR_219	-10.0839	1.65714	3.79438	-0.83876	1.58802	0.54938	3.97273	7.69498	0.02451	0.09013	-1.96188	-0.37133	0	0	0	0	0	0	0.18052	9.45032	0.90444	0	8.54588	-0.41583	0	0	1.7379	-0.3597	26.1589	248	0
GLN_220	-6.54451	1.28911	6.13448	-0.38888	0.1774	0.2265	3.54008	7.40866	0.01624	0.23153	-3.16297	-0.11277	0	0	0	0	-0.71207	0	-0.05506	4.53205	0.31488	0	4.21717	0.52132	0	0	-0.1077	-0.1926	17.3329	168.475	48.525
TRP_221	-9.91326	2.18213	4.50225	-0.8329	0.04892	0.28103	3.70166	7.75577	0.02451	0.09013	-3.79431	-0.20144	0	0	0	0	0	0	-0.08324	2.8625	0.64743	0	2.21507	0.08769	0	0	3.7077	-0.34093	12.9407	262.505	7.49539
ARG_222	-7.17235	0.73507	8.29135	-0.89553	0.45972	0.75839	5.14857	9.25554	0.11607	0.49255	-4.13459	-0.11607	0	0	0	0	-1.7218	0	-0.05396	4.03647	0.45911	3.57736	0	-0.14613	0	0	-0.1423	-0.37478	18.5727	192.272	72.7283
GLN_223	-6	1.185	5.50319	-0.41946	0.08086	0.3543	4.10272	6.92782	0.09509	0.64196	-3.94621	-0.54405	0	0	0	0	-0.93237	0	0.06285	5.33009	0.67804	0	4.65205	-0.1684	0	0	-0.1077	0.16997	17.6657	208.372	8.62772
THR_224	-4.69397	0.37279	3.42646	-0.17989	0.18501	0.0666	2.83065	5.23616	0.02926	0.09824	-2.54975	-0.54498	0	0	0	0	0	0	-0.12532	0.69793	0.42909	0.26884	0	0.05734	0	5.03728	-0.9333	0.59291	10.3014	129.512	44.4876
ILE_225	-7.87588	1.24186	2.31671	-0.48294	0.84134	0.11061	2.9258	5.75594	0	0	-2.69097	-0.10426	0	0	0	0	0	0	-0.06559	0.74704	0.34059	0.40645	0	-1.15657	0	0	1.8006	-0.04089	4.06984	207	0
THR_226	-4.44737	1.066	3.30846	-0.12591	0.07004	0.08513	2.83573	5.17723	0.06103	0.4957	-2.90996	-0.504	0	0	0	0	0	0	0.2816	1.27928	0.37295	0.90633	0	-0.28048	0	5.04243	-0.9333	-0.39642	11.3845	118.872	55.1278
PHE_227	-8.5192	2.22511	1.73369	-0.9605	0.27133	0.58887	0.99049	5.07831	0	0	-0.80596	-0.22165	0	0	0	0	0	0	0.02093	2.46681	0.61015	0	1.85667	-0.56488	0	0	1.9602	1.20778	7.93814	225.426	11.5738
GLN_228	-1.78918	0.17303	1.55066	-0.56042	0.11547	0.52366	0.07809	2.01454	0.01736	0.15513	-0.27821	-0.5802	0	0	0	0	0	0	-0.03738	3.5552	0.12437	0	3.43083	0.27673	0	0	-0.1077	0.92833	9.5903	46.4332	170.567
GLU_229	-4.16702	0.67983	5.36913	-0.19418	0.06052	0.27329	2.189	5.71725	0.00242	0.04933	-2.10076	-0.48525	0	0	0	0	-0.49312	0	0.12103	5.25072	0.22739	0	5.02334	0.08587	0	0	-1.6358	-0.34356	15.6294	190.288	32.7123
CYS:disulfide_230	-3.19208	1.04169	2.15231	-0.05366	0.00645	0.03535	1.20186	3.06001	0	0	0.77451	-0.36756	0	0	0	0	0	-0.50746	-0.16163	3.78497	3.35293	0.43204	0	-0.01785	0	0	4.3148	0.03296	15.8896	100.159	55.8412
ALA_231	-1.75762	0.10889	1.59648	-0.02913	0.03156	0	0.36298	2.44007	0	0	0.44244	-0.45765	0	0	0	0	0	0	-0.13154	0	0	0	0	0.34309	0	0	2.2619	1.28371	6.49518	58.5634	94.4366
HIS_232	-8.19805	5.51505	6.12682	-0.44145	0.01147	0.56464	2.11418	8.57649	0	0	-0.13171	0.25395	0	0	0	0	0	0	-0.07574	4.39539	1.31296	0	3.08243	0.38731	0	0	0.8406	3.3781	27.7124	187.949	53.0505
ASP_233	-5.57348	5.52295	6.19252	-0.24987	0.57532	1.05572	2.89726	7.15066	0	2e-05	0.96623	0.8496	0	0	0	0	0	0	-0.09964	8.59314	0.33828	0	8.25487	-0.91735	0	0	-1.6204	4.16406	38.0999	153.072	31.9283
ASP_234	-1.67461	0.59891	2.57243	-0.2451	0.13297	0.95434	1.19835	3.17598	0	0	-0.05651	0.10449	0	0	0	0	0	0	-0.00122	6.59471	0.0127	0	6.58201	0.23124	0	0	-1.6204	2.90372	21.464	40.3189	144.681
ALA_235	-1.82562	0.3342	2.39087	-0.03043	0.01899	0	0.76568	2.9792	0	0	0.88199	-0.51538	0	0	0	0	0	0	-0.00838	0	0	0	0	-0.17993	0	0	2.2619	2.10658	9.17967	71.3185	81.6815
ARG_236	-4.07501	2.98286	5.79618	-0.88718	0.4121	0.70031	2.31915	5.92757	0	2e-05	-2.49339	0.18502	5e-05	0	0	0	0	0	-0.10187	8.14018	5.09453	3.04565	0	0.11032	0	0	-0.1423	4.30015	31.3144	160.548	104.452
PRO_237	-1.53959	1.42471	1.41002	-0.12875	0.00819	0.08997	0.24978	1.48616	0	0	-0.33192	0.24086	0.04384	0	0	0	0	0	-0.20998	1.46051	1.21714	0.24337	0	-1.11696	0	0	-4.6787	2.76562	2.63426	76.8575	122.143
ALA_238	-1.21543	0.04302	1.04538	-0.02409	0	0	0.43362	1.45036	0	0	-0.09633	-0.20101	0	0	0	0	0	0	-0.01956	0	0	0	0	-0.05176	0	0	2.2619	-1.1747	2.4514	60.406	92.594
LEU_239	-4.34171	1.05235	0.93795	-0.45868	1.13681	0.06552	0.7738	2.55163	0	0	-0.04967	0.40946	0.0082	0	0	0	0	0	0.10134	2.04838	1.62926	0.41912	0	-0.07211	0	0	1.3223	1.01208	8.54602	183.018	26.982
PRO_240	-3.93848	1.36959	2.64228	-0.1331	0.0017	0.09351	1.11724	2.85871	0	0	0.16916	0.24779	0.05153	0	0	0	0	0	-0.12896	1.57218	1.31145	0.26073	0	-1.64602	0	0	-4.6787	1.14301	2.31363	160.478	38.5216
SER_241	-2.3902	0.2025	2.85948	-0.0389	0.01955	0.03424	1.91397	3.54395	0.01431	0.15007	-1.17912	-0.25	0	0	0	0	0	0	0.01729	2.79262	2.45443	0.33819	0	-0.03326	0	4.04	-0.539	-1.18998	12.7602	86.3083	75.6917
THR_242	-4.39178	0.61288	2.33835	-0.16768	0.18853	0.06031	1.11265	4.20079	0.01431	0.15007	-0.53845	-0.53715	0	0	0	0	0	0	-0.04468	0.58306	0.05556	0.52749	0	0.51961	0	5.04214	-0.9333	0.43151	9.22423	141.957	32.0429
GLN_243	-6.79588	1.91667	4.63438	-0.30956	0.31931	0.23521	3.63395	6.37724	0.03523	0.11391	-3.19948	-0.33731	0	0	0	-0.54146	0	0	0.1818	6.10064	0.02728	0	6.07336	0.01477	0	0	-0.1077	0.6794	19.0518	200.356	16.6436
GLN_244	-7.62801	3.29583	6.11997	-0.42325	0.38601	0.27002	4.04864	8.4101	0.04033	0.32339	-2.25919	0.01643	0	0	0	0	0	0	-0.03812	6.54012	0.60878	0	5.93134	0.54831	0	0	-0.1077	-0.41174	25.6713	200.018	16.9822
LEU_245	-8.25828	1.01615	3.33046	-0.53973	0.3915	0.13762	3.34603	6.75215	0.051	0.16099	-2.94371	0.26286	0	0	0	0	0	0	-0.03339	2.97026	2.23425	0.73601	0	-0.6135	0	0	1.3223	-0.27308	10.0499	205.127	4.87314
SER_246	-3.83179	0.35017	3.95667	-0.03559	0.00418	0.02394	2.65287	5.20839	0.00738	0.04392	-2.02892	-0.64324	0	0	0	0	0	0	-0.10312	0.75852	0.01381	0.7447	0	0.88445	0	4.04	-0.539	0.06947	11.5768	122.742	39.2576
VAL_247	-6.81955	1.17032	2.34341	-0.26339	0.38147	0.05177	3.11726	5.65333	0.01578	0.04707	-2.96069	-0.09506	0	0	0	0	0	0	-0.15157	1.24808	0.50251	0.74557	0	-1.15565	0	0	2.7371	-0.10605	6.46171	178.126	3.87382
ASP_248	-4.73345	1.10554	5.65943	-0.24775	0.00401	0.85279	2.55712	6.6828	0.0461	0.27739	-1.40713	-0.40426	0	0	0	0	0	0	-0.01686	8.82965	3.53795	0	5.2917	-0.14355	0	0	-1.6204	-0.13973	26.1313	136.139	48.8613
SER_249	-3.78832	0.45728	4.58201	-0.03793	0.03455	0.02936	1.86334	5.35983	0	0	-0.51798	-0.22602	0	0	0	-0.52781	0	0	-0.16573	0.69959	0.59914	0.10045	0	0.20061	0	4.04	-0.539	1.00262	13.166	113.551	48.4485
VAL_250	-5.69444	1.01439	0.78306	-0.27514	0.36214	0.05414	0.73723	4.05512	0.03752	0.31967	0.13125	0.23708	0	0	0	0	0	0	-0.17473	0.88859	0.76242	0.12618	0	-0.6762	0	0	2.7371	0.23445	5.65984	172.944	9.05552
PHE_251	-7.47308	3.20821	2.69833	-0.53318	0.10308	0.24877	2.75568	5.78203	0	0	-2.08179	-0.13047	0	0	0	0	0	0	-0.01239	3.57439	0.73927	0	2.83512	-0.21951	0	0	1.9602	-0.58301	12.8716	188.231	48.7695
VAL_252	-5.49301	1.4047	0.1747	-0.33176	0.65515	0.07371	1.11008	3.39911	0	0	-0.65015	-0.76097	0	0	0	0	0	0	0.11581	1.79008	0.19486	1.59522	0	-0.88404	0	0	2.7371	-0.21596	4.91462	170.321	11.679
LEU_253	-6.01427	2.7623	3.01242	-0.68281	7.50123	0.29042	2.40488	5.5803	0	0	-2.0631	0.00501	0	0	0	0	0	0	-0.04879	4.09517	2.38364	1.71153	0	0.27253	0	0	1.3223	1.22274	23.7555	166.448	43.5515
TYR_254	-10.8328	3.10858	3.28251	-0.85174	0.09784	0.15963	1.4743	7.98836	0.052	0.30524	0.0234	-0.48172	0	0	0	0	0	0	-0.08238	3.19533	0.09796	0	3.09737	-0.16685	0	0	1.7379	1.67987	13.8848	235.911	12.0885
ASN_255	-6.36657	1.21146	6.54483	-0.32978	0.04896	0.54535	4.36352	8.83384	0.03314	0.24935	-3.00688	-0.29089	0	0	0	-0.81273	0	0	-0.11115	4.13532	0.10449	0	4.03083	0.03973	0	0	-0.3009	0.17352	19.0954	134.141	49.8591
LYS_256	-4.60851	0.20474	4.64561	-0.52519	0.23546	0.47186	1.09624	5.27245	0.02687	0.08144	-0.26661	0.1474	0	0	0	0	0	0	-0.09069	3.83621	0.18694	3.64927	0	-0.0493	0	0	-0.8895	-0.4059	13.0188	140.995	111.005
GLU_257	-3.38518	0.8101	4.23404	-0.52705	0.49927	1.48673	1.24727	4.70317	0.00801	0.02556	-0.53072	-1.53325	0	0	0	0	0	0	0.03149	8.61993	2.16024	0	6.45969	-0.06216	0	0	-1.6358	-0.07563	22.5357	81.9105	141.09
GLU_258	-3.87455	0.76445	4.24183	-0.21956	0.06419	0.32901	1.79034	5.048	0.0091	0.08	-1.63144	-0.50329	0	0	0	-0.81273	-0.55866	0	-0.08394	4.7431	0.85675	0	3.88635	0.07247	0	0	-1.6358	-0.06961	12.496	121.558	101.442
ARG_259	-6.78141	0.87562	7.72846	-0.4725	0.19617	0.29109	4.80686	9.0685	0	0	-3.85277	-0.04908	0	0	0	0	0	0	-0.0393	3.20153	1.0371	2.16443	0	-0.31638	0	0	-0.1423	0.47689	18.1929	125.913	139.087
ILE_260	-9.02785	6.35492	5.11076	-0.60208	1.59162	0.14045	3.11072	8.34748	0.00491	0.01625	-1.51461	0.06217	0	0	0	0	0	0	-0.15308	2.87834	0.97753	1.90081	0	-0.9758	0	0	1.8006	0.57113	20.5942	204.438	2.56172
LEU_261	-8.38143	1.11992	3.19081	-0.51097	0.20465	0.11818	3.27388	6.31468	0	0	-2.4786	0.17773	0	0	0	0	0	0	-0.06901	1.14923	0.26686	0.88237	0	-0.56827	0	0	1.3223	-0.4112	5.60113	210	0
ARG_262	-8.60976	4.18257	6.4107	-0.66839	0.97021	0.39023	4.46514	8.81643	0.00491	0.01625	-3.87033	-0.00075	0	0	0	-0.61088	0	0	-0.06626	5.06631	1.46923	3.59709	0	-0.03569	0	0	-0.1423	-0.41159	20.9731	244.035	20.9654
TYR_263	-9.7811	1.74788	3.7043	-0.52523	0.17858	0.27004	4.10576	7.83105	0.01602	0.08839	-3.31043	-0.17417	0	0	0	0	0	0	-0.02236	5.11866	0.00508	0	5.11358	-0.22166	0	0	1.7379	-0.3157	15.5666	246.784	1.2163
ALA_264	-5.18549	3.38115	2.73177	-0.0237	2e-05	0	3.05078	5.82445	0	0	-2.38125	-0.41347	0	0	0	0	0	0	-0.04586	0	0	0	0	-0.06831	0	0	2.2619	0.1979	9.32989	150.438	2.56172
LEU_265	-7.4684	3.10195	3.96141	-0.59886	5.94216	0.18378	2.9026	7.35945	0.06412	0.38785	-2.3697	-0.04231	0	0	0	0	0	0	0.22919	10.5607	8.81588	1.74479	0	1.05871	0	0	1.3223	1.79263	38.9482	205.899	4.1011
SER_266	-5.49585	1.58912	6.73041	-0.03412	0.00292	0.02209	3.81994	7.9573	0	0	-2.31662	-0.62099	0	0	0	0	0	0	0.43862	0.54724	2e-05	0.54722	0	0.60035	0	4.04	-0.539	1.62022	18.9089	141.313	20.6868
ASN_267	-7.10143	1.31901	5.315	-0.21228	0.31518	0.31885	3.33133	8.20567	0	0	-3.23843	-0.71889	0	0	0	0	0	0	-0.00721	4.39743	0.6607	0	3.73673	0.93486	0	0	-0.3009	0.32012	17.2758	180.619	3.38109
SER_268	-4.57936	0.35703	4.00392	-0.03502	0.00177	0.02176	2.97353	5.64662	0.03192	0.31365	-2.29545	-0.49206	0	0	0	0	0	0	0.03577	2.56229	1.61152	0.95077	0	0.04229	0	4.04	-0.539	0.2569	14.9089	138.667	23.3327
ILE_269	-8.35352	1.25733	3.49098	-0.63879	1.90799	0.13229	2.84758	7.26406	0	0	-2.23575	0.00618	0	0	0	0	0	0	-0.1373	4.7633	0.59769	4.16561	0	-1.20313	0	0	1.8006	-0.37155	15.2936	205.254	1.74628
GLY_270	-3.97721	1.13929	3.11294	-0.00119	0	0	2.21002	4.73518	0	0	-2.24834	-0.31133	0.35678	0	0	0	0	0	-0.08156	0	0	0	0	-2.19044	0	0	1.435	3.70295	7.88209	161.276	2.72443
PRO_271	-4.81109	3.47951	2.69465	-0.18277	0.01963	0.13122	0.74117	3.08195	0	0	-0.09016	0.13743	0.36594	0	0	0	0	0	0.04332	2.53712	1.82157	0.71555	0	-1.67626	0	0	-4.6787	3.5797	7.90977	173.222	25.7778
VAL_272	-3.59459	1.98	0.85118	-0.28489	0.32532	0.06065	0.42314	2.60105	0	0	0.22267	0.18405	0	0	0	0	0	0	-0.08749	0.20285	0.15575	0.04711	0	-0.54619	0	0	2.7371	-0.59023	4.68749	110.983	71.0168
ARG_273	-2.76143	1.16634	3.20188	-0.69657	1.14293	0.45595	1.2799	3.32306	0.04281	0.47207	-0.66656	0.15471	0	0	0	0	0	0	0	5.2904	1.70864	3.58177	0	0	0	0	-0.1423	-0.05392	17.4997	72.7928	192.207
PRO_274	-4.0236	0.59147	2.95145	-0.075	6e-05	0.04597	1.7155	3.01506	0.01708	0.20349	-1.39018	2.03845	2.32384	0	0	0	0	0	0.01078	2.03091	0.4985	1.53241	0	0	0	0	-4.6787	0	6.8075	113.754	85.2464
ILE_275	-7.47526	1.29401	2.23389	-0.55873	1.06458	0.11968	0.95208	5.1512	0	0	0.02544	-0.2151	0	0	0	0	0	0	0.07391	0.8281	0.11386	0.71424	0	0.62035	0	0	1.8006	1.21564	7.95853	197.337	9.6629
MET_276	-3.88786	0.82308	3.65031	-0.33904	0.11775	0.14174	2.86131	4.86156	0	0	-2.53753	-0.43541	0	0	0	0	0	0	-0.10037	2.628	0.46339	2.16461	0	0.2581	0	0	1.4633	2.02484	14.1578	126.674	135.326
VAL_277	-6.45176	2.00005	1.59237	-0.27203	0.63067	0.05724	1.68086	5.10063	0.03091	0.15303	-1.96319	0.24938	0	0	0	-1.08108	0	0	-0.14829	2.07743	1.57696	0.50047	0	-0.12325	0	0	2.7371	0.83201	9.17949	159.432	22.5685
THR_278	-3.72474	0.82956	3.64732	-0.18472	0.39282	0.07269	2.53248	5.10054	0	0	-1.87995	-0.48673	0	0	0	0	0	0	0.14711	0.73121	0.37452	0.35668	0	0.4625	0	5.04555	-0.9333	1.03093	13.5145	81.1168	92.8832
VAL_279	-5.83969	1.28735	1.03457	-0.28399	0.27883	0.06315	0.84031	4.04476	0	0	-0.54109	-0.1161	0	0	0	0	0	0	-0.10493	0.409	0.29798	0.11102	0	-0.62298	0	0	2.7371	0.6894	4.28469	165.885	16.1148
GLU_280	-4.32868	0.98171	4.55941	-0.19871	0.04688	0.22807	1.89349	5.45229	0.00063	0.00384	-1.0523	-0.3341	0	0	0	0	0	0	0.38731	8.34336	3.39931	0	4.94404	0.31021	0	0	-1.6358	-0.08363	22.9173	151.153	71.8469
GLU_281	-2.85578	7.32299	3.89344	-0.61403	2.69452	1.09406	1.5169	4.12358	0.00397	0.0887	-2.02616	-1.3787	0	0	0	-0.27946	0	0	0.15309	11.577	5.93665	0	5.64036	0.015	0	0	-1.6358	1.03276	36.3031	92.4647	130.535
GLN_282	-4.20475	7.57944	4.68641	-0.70977	0.70942	0.77104	2.66367	5.39229	0	0	-0.96927	-1.08565	0	0	0	-0.97047	0	0	-0.0734	5.16242	2.17831	0	2.98412	2.30776	0	0	-0.1077	5.18066	31.4945	116.573	100.427
ARG_283	-5.14952	1.07079	4.70878	-0.7236	0.41163	0.47933	2.36347	5.89476	0.07224	0.41866	-1.71422	0.47469	0	0	0	0	0	0	0.07288	4.52288	1.93974	2.58314	0	-0.24705	0	0	-0.1423	3.99797	21.0343	126.434	138.566
SER_284	-2.60724	0.87767	2.46586	-0.07865	0.01792	0.10966	0.83444	3.19574	0	0	0.22517	-0.90285	0	0	0	0	0	0	-0.14275	3.38076	0.05703	3.32373	0	0.53645	0	4.04	-0.539	0.00236	14.7963	79.2345	82.7655
GLN_285	-5.88811	0.56557	4.91949	-0.25118	0.06104	0.21731	3.5138	6.61356	0.06901	0.53232	-3.77928	-0.67721	0	0	0	-1.11033	0	0	0.09215	4.07971	0.03137	0	4.04834	-0.05902	0	0	-0.1077	0.14771	13.0185	176.347	40.6534
SER_286	-3.19101	0.77178	2.64963	-0.03666	0.00904	0.05094	1.49506	3.61741	0.0058	0.05994	-0.28484	-0.03335	0	0	0	0	0	0	-0.09793	0.62284	0.07591	0.54693	0	0.37247	0	4.04	-0.539	0.04404	10.179	91.0626	70.9374
VAL_287	-5.44509	0.79443	2.41527	-0.30888	0.42682	0.06373	2.41149	5.19028	0.0058	0.05994	-2.38567	-0.37137	0	0	0	0	0	0	0.11492	0.1782	0.08095	0.09724	0	-0.4233	0	0	2.7371	0.36825	6.01011	149.198	32.8017
ARG_288	-4.20977	1.36649	3.38993	-0.43281	0.13074	0.22177	1.44751	4.26626	0.0001	0.0012	-1.32563	0.38931	0.03383	0	0	0	-0.37609	0	0.11015	3.0616	0.2137	2.8479	0	-0.14071	0	0	-0.1423	2.80969	13.6629	82.842	182.158
PRO_289	-3.25768	0.94015	1.73386	-0.11897	0.0057	0.08479	0.56609	1.96929	0	0	-0.46945	0.27829	0.04319	0	0	0	0	0	-0.22474	1.7234	1.56557	0.15783	0	-1.41401	0	0	-4.6787	2.43661	1.34121	135.503	63.497
GLY_290	-2.49672	0.31349	2.71918	-7e-05	0	0	1.39862	3.76999	0.00569	0.02922	-1.24865	-0.3686	0	0	0	0	0	0	-0.34471	0	0	0	0	-2.50187	0	0	1.435	-0.77462	1.93596	124.406	39.5936
ALA_291	-3.66695	0.60963	3.54541	-0.01895	0	0	2.62496	5.48842	0.00569	0.02922	-2.69364	-0.10832	0	0	0	0	0	0	-0.04449	0	0	0	0	0.27303	0	0	2.2619	-0.05381	8.25211	115.592	37.4081
ASP_292	-3.34598	1.19837	3.51277	-0.10662	0.0062	0.32234	1.74405	4.38228	0	0	-2.80269	-0.24854	0	0	0	-0.33939	0	0	0.00113	3.51735	0.23301	0	3.28434	1.27577	0	0	-1.6204	0.70604	11.72	96.0387	88.9613
VAL_293	-5.78384	1.83314	1.52414	-0.36452	0.65583	0.08663	2.6611	4.79659	0	0	-2.47617	-0.06467	0	0	0	0	0	0	-0.01205	0.99362	0.0005	0.99312	0	-0.85262	0	0	2.7371	0.00464	6.73255	174.827	7.17281
THR_294	-4.01937	1.21819	1.86075	-0.16934	0.21972	0.05927	1.3139	3.82063	0.06901	0.53232	-0.76186	-0.52007	0	0	0	-0.41932	0	0	-0.03284	0.37239	0.03525	0.33714	0	-0.2917	0	5.03673	-0.9333	-0.22277	7.50469	114.037	59.9627
PHE_295	-8.62759	0.76682	2.82125	-0.53437	0.04453	0.2483	2.89831	6.62476	0.00587	0.02537	-2.3277	0.0731	0	0	0	0	0	0	0.14182	3.21983	0.35614	0	2.86369	-0.2272	0	0	1.9602	-0.33272	10.0004	232.389	4.61109
ILE_296	-5.39383	1.37557	3.04322	-0.47826	1.57838	0.08948	1.6139	4.81171	0.00063	0.00384	-1.87933	0.19271	0	0	0	0	0	0	-0.15207	1.40802	0.70904	0.69897	0	-1.09454	0	0	1.8006	-0.72045	7.6076	135.965	71.0355
CYS:disulfide_297	-6.1934	2.10677	2.29773	-0.04859	0.0005	0.03213	1.77715	4.66596	0.06292	0.30897	-0.72212	-0.44349	0	0	0	0	0	-0.49361	-0.02696	1.95159	0.53613	1.41546	0	0.32265	0	0	4.3148	-0.70282	11.1618	154.784	1.2163
THR_298	-4.06211	0.38465	3.41607	-0.11147	0.06766	0.07202	3.03877	5.13251	0	0	-1.78667	-0.7191	0	0	0	0	0	0	0.01332	0.49157	0.28518	0.2064	0	-0.59244	0	5.02288	-0.9333	-0.58839	9.33754	107.482	66.5179
ALA_299	-3.78466	1.32424	0.59267	-0.02037	0	0	0.70174	2.98991	0.01994	0.19264	-0.43595	-0.39043	0	0	0	0	0	0	0.01679	0	0	0	0	-0.93083	0	0	2.2619	-0.23911	2.29847	144.78	8.21972
LYS_300	-3.04576	0.63554	3.35209	-0.60325	2.56007	0.36564	2.59356	4.06631	0	0	-2.30927	0.24187	0	0	0	0	0	0	-0.08022	6.40997	1.91487	4.49509	0	0.57001	0	0	-0.8895	0.0421	20.3191	88.2828	163.717
SER_301	-4.26722	0.58461	3.6177	-0.03583	0.03277	0.05075	2.21152	4.40141	0.01708	0.10389	0.44062	0.11167	0	0	0	0	0	0	-0.02526	1.90058	0.31853	1.58205	0	0.36453	0	4.04	-0.539	0.06959	14.98	126.662	35.338
LYS_302	-2.47758	0.25695	2.54555	-0.30965	0.06365	0.16112	1.15342	2.53343	0.01495	0.15999	-0.62844	-0.19465	0	0	0	0	0	0	0.19989	2.94206	0.58514	2.35693	0	-0.17722	0	0	-0.8895	-0.40699	7.88905	56.8266	195.173
SER_303	-4.00268	2.48785	4.49705	-0.03338	0.00156	0.02174	2.13796	5.15969	0.0426	0.29189	1.49691	-0.60543	0.10533	0	0	0	0	0	0.06995	0.57409	0.00814	0.56595	0	0.36071	0	4.04	-0.539	2.60626	19.2872	154.025	7.97474
PRO_304	-3.31088	2.07662	2.08993	-0.06985	0.00065	0.04353	0.76862	2.40804	0	0	0.36058	0.66647	0.15081	0	0	0	0	0	-0.04954	0.79551	0.64546	0.15005	0	2.50576	0	0	-4.6787	4.36054	8.9136	120.463	78.5367
ALA_305	-4.59171	0.20253	1.45913	-0.02759	0.00308	0	0.59231	3.91465	0.07505	0.4592	-0.06407	-0.36614	0	0	0	0	0	0	0.0054	0	0	0	0	0.94376	0	0	2.2619	1.73078	6.59829	149.734	3.26567
TYR_306	-7.35968	0.58812	3.62591	-1.08572	0.2004	0.67913	2.66389	6.47893	0.01994	0.19264	-2.55937	-0.32125	0	0	0	-0.61088	-0.55866	0	0.12374	2.31809	0.07762	0	2.24047	-0.33257	0	0	1.7379	0.29531	8.41397	222.94	25.0604
THR_307	-6.03977	0.73283	4.10194	-0.11806	0.05913	0.07847	3.00741	6.55521	0	0	-1.74779	-0.52229	0	0	0	0	0	0	0.00739	0.88032	0.57952	0.3008	0	-0.45216	0	5.03655	-0.9333	-0.42715	11.099	172.367	1.63284
LEU_308	-6.28807	1.36448	0.76742	-0.48406	0.98075	0.11031	0.5565	4.10747	0	0	0.03172	-0.04011	0	0	0	0	0	0	-0.09623	1.24998	0.00406	1.24592	0	-0.23756	0	0	1.3223	-0.2524	4.34249	195.985	14.0149
VAL_309	-6.29478	1.96268	2.08185	-0.27003	0.39462	0.06096	2.72492	5.19754	0	0	-2.45951	-0.30562	0	0	0	0	0	0	-0.14607	0.94605	0.57933	0.36672	0	-0.8252	0	0	2.7371	0.18588	6.93645	180.718	1.28203
TRP_310	-12.5299	2.8508	4.37711	-0.74743	0.01725	0.21135	2.07348	8.95934	0.03981	0.16439	-2.70921	-0.14372	0	0	0	-0.86477	0	0	-0.06753	2.26696	0.39811	0	1.86885	-0.42063	0	0	3.7077	-0.39437	9.05756	269.553	0.446804
THR_311	-5.8501	0.64867	4.75816	-0.11033	0.06117	0.07262	3.43466	6.78854	0.01471	0.22826	-2.63793	-0.79868	0	0	0	0	0	0	0.07609	0.77888	0.36979	0.40909	0	0.03348	0	5.01949	-0.9333	0.0011	12.3644	166.442	7.55838
ARG_312	-8.33389	0.6595	8.69167	-0.44539	0.39553	0.17918	4.31763	10.545	0.03932	0.3289	-4.31737	0.59408	0	0	0	-0.82546	0	0	-0.06222	18.2554	15.8598	2.39558	0	0.45943	0	0	-0.1423	1.59259	50.187	221.552	43.448
LEU_313	-4.79561	0.74277	3.48185	-0.47473	0.78708	0.07113	1.36967	5.09336	0	0	-0.63706	0.37203	0	0	0	0	0	0	-0.06104	3.57068	2.34548	1.2252	0	0.41208	0	0	1.3223	1.83708	16.6623	129.415	80.5849
HIS_314	-3.0378	0.97266	2.60073	-0.44235	0.03322	0.59968	0.7446	3.55889	0	0	0.14127	-0.2863	0	0	0	0	0	0	-0.12402	3.89188	0.58247	0	3.30941	-0.60602	0	0	0.8406	1.0534	13.8323	77.2605	163.74
ASN_315	-4.00203	0.98062	3.64545	-0.19057	0.05269	0.3222	1.45076	4.80758	0.01645	0.24748	-0.99496	-0.98594	0	0	0	0	0	0	-0.20744	2.60362	0.00941	0	2.59421	-1.57734	0	0	-0.3009	-0.12304	8.34825	131.343	52.6569
GLY_316	-3.85904	0.61576	4.76936	-0.00028	0	0	2.20594	6.01607	0	0	-2.41545	-0.24622	0	0	0	0	0	0	0.07712	0	0	0	0	0.91031	0	0	1.435	-0.22441	9.28414	142.989	21.0108
LYS_317	-3.74882	0.52102	3.5151	-0.36117	0.08897	0.15408	1.00488	3.93247	0.03932	0.3289	-0.75615	0.20936	0	0	0	0	0	0	-0.12751	2.538	0.21047	2.32753	0	-0.0218	0	0	-0.8895	-0.27833	8.68682	135.98	116.02
LEU_318	-5.70579	1.10417	1.42352	-0.45514	0.64246	0.06393	0.84476	3.75282	0	0	0.08454	0.43433	1.06368	0	0	0	0	0	0.03161	1.08962	0.68771	0.40191	0	0.08138	0	0	1.3223	1.39739	8.26522	185.259	24.7408
PRO_319	-5.03095	1.40544	3.5031	-0.1347	0.00079	0.09611	1.88038	4.03511	0.0188	0.07988	-0.22275	0.25342	1.08308	0	0	0	0	0	0.04528	2.08741	1.66121	0.4262	0	-1.73097	0	0	-4.6787	1.23679	6.01492	183.759	15.2412
SER_320	-1.51786	0.43775	1.93196	-0.03719	0.00864	0.03869	0.81896	2.38801	0.00193	0.02552	0.98203	-0.45807	0	0	0	0	0	0	-0.12391	0.75643	0.40322	0.35321	0	0.12313	0	4.04	-0.539	-0.87093	8.76252	50.4574	111.543
ARG_321	-6.76788	0.72305	8.26524	-1.33455	3.43508	1.29594	4.35415	9.16575	0.06128	0.18153	-3.55161	0.35167	0	0	0	-0.00995	-1.38702	0	-0.14655	8.91863	5.35873	3.5599	0	0.0398	0	0	-0.1423	0.28987	32.6607	209.44	55.5599
ALA_322	-4.35427	1.10065	1.62306	-0.02464	0	0	1.71436	4.27989	0.0188	0.07988	-0.58263	-0.28057	0	0	0	0	0	0	-0.07849	0	0	0	0	0.42468	0	0	2.2619	0.59359	6.77622	135.972	17.0282
MET_323	-4.6622	1.95037	3.99571	-0.42108	1.01813	0.12653	2.83553	5.035	0.00167	0.00521	-1.88745	0.10211	0	0	0	0	0	0	-0.10122	1.90064	0.18348	1.71717	0	0.3755	0	0	1.4633	-0.0587	13.5797	181.144	80.8565
ASP_324	-5.50881	0.62423	6.52327	-0.21009	0.0325	0.68983	3.32216	7.5916	0	0	-4.03351	-1.0309	0	0	0	-1.45627	-0.00318	0	-0.01203	4.95967	0.73827	0	4.2214	-0.74997	0	0	-1.6204	0.03627	14.114	183.813	1.1874
PHE_325	-8.05427	1.9478	3.27346	-0.69996	0.10738	0.03232	2.18213	6.23405	0	0	-0.94637	-0.47477	0	0	0	0	0	0	-0.05381	3.07548	0.03416	0	3.04132	-0.29449	0	0	1.9602	1.28594	12.6505	218.264	18.736
ASN_326	-3.27329	0.37401	2.27054	-0.4055	0.14053	0.83664	0.92048	3.25552	0.01816	0.12381	0.55907	-0.82994	0	0	0	0	0	0	-0.20716	2.69613	0.1004	0	2.59573	-1.61002	0	0	-0.3009	0.59817	7.86236	112.878	71.1215
GLY_327	-3.82408	0.32213	3.65272	-5e-05	0	0	1.91104	5.07782	0.00496	0.01341	-2.06489	-0.38828	0	0	0	0	0	0	-0.35835	0	0	0	0	-2.34934	0	0	1.435	-1.29062	2.14147	164	0
ILE_328	-5.12593	0.45742	4.41515	-0.49536	1.46198	0.10624	3.09295	6.14129	0.01515	0.04403	-1.50024	0.07205	0	0	0	0	0	0	0.11321	0.7411	0.30467	0.43643	0	-1.07997	0	0	1.8006	-1.26064	9.74013	128.656	78.344
LEU_329	-8.49774	1.52733	2.98883	-0.61258	0.44173	0.17445	3.04456	6.64633	0.00496	0.01341	-2.69251	0.24802	0	0	0	0	0	0	-0.02034	1.15594	0.3864	0.76954	0	-0.58476	0	0	1.3223	-0.59975	5.71611	210	0
THR_330	-5.53601	0.51665	4.80429	-0.1815	0.20049	0.06938	3.24019	6.61592	0.02555	0.0738	-2.45212	-0.60254	0	0	0	0	0	0	-0.0738	0.32381	0.00029	0.32352	0	0.1802	0	5.04218	-0.9333	0.38025	12.0172	141.947	32.0533
ILE_331	-7.50387	1.52958	2.30696	-0.49385	1.32922	0.10739	3.02765	6.00937	0	0	-2.25899	0.0221	0	0	0	0	0	0	-0.09563	1.59687	1.14777	0.4491	0	-1.15826	0	0	1.8006	-0.0531	7.7629	207	0
ARG_332	-6.12115	1.61565	6.29293	-1.21664	2.67284	1.0985	3.01465	7.68706	0.01233	0.05529	-2.58449	0.18076	0	0	0	-0.00995	0	0	0.05009	6.58788	2.50719	4.08069	0	-0.0531	0	0	-0.1423	-0.75914	24.9691	177.055	87.945
ASN_333	-4.4913	0.48298	5.07027	-0.43129	0.21814	0.89367	2.45444	6.36335	0	0	-2.14455	-0.85812	0	0	0	-0.82438	0	0	-0.06358	4.30354	2.18497	0	2.11857	-1.68626	0	0	-0.3009	0.27707	13.5666	114.671	69.3291
VAL_334	-7.60774	1.32717	3.50903	-0.28084	0.62801	0.05904	3.05898	7.38199	0.0001	0.0012	-3.19147	0.51146	0	0	0	0	0	0	-0.24621	0.43422	0.05782	0.3764	0	0.37019	0	0	2.7371	0.99712	10.1235	182	0
GLN_335	-6.59958	1.75217	7.24635	-0.56543	0.14445	0.56774	3.72934	8.49555	0.07543	0.22875	-2.82262	-0.58606	0.47919	0	0	-1.02387	0	0	0.09771	3.06818	0.01729	0	3.0509	0.02631	0	0	-0.1077	3.02168	20.2958	158.323	58.6772
PRO_336	-3.47357	1.27056	1.87131	-0.06888	0.00084	0.04339	1.46064	2.63174	0.02462	0.2338	-0.44363	0.62693	0.48095	0	0	0	0	0	-0.25378	1.76001	1.56786	0.19214	0	0.38278	0	0	-4.6787	3.11372	6.74273	118.824	80.1758
SER_337	-2.66807	0.63379	3.61367	-0.03914	0.00766	0.04641	1.8645	4.36749	0.00112	0.03307	-0.58334	-0.3654	0	0	0	-0.82546	0	0	-0.22406	0.27628	0.07963	0.19665	0	-0.56095	0	4.04	-0.539	0.60005	9.95491	82.3259	79.6741
ASP_338	-7.30899	1.27389	9.48552	-0.11478	0.01548	0.35035	5.89383	11.0229	0.00046	0.00542	-6.10269	-0.30105	0	0	0	-0.53888	-1.38702	0	-0.06056	3.19445	0.30087	0	2.89358	-0.22191	0	0	-1.6204	-0.30083	16.4796	183.784	1.2163
ALA_339	-3.6124	0.74085	2.64384	-0.02495	0	0	1.84284	4.70892	0.04045	0.28623	-1.06973	-0.21422	0	0	0	0	0	0	-0.14652	0	0	0	0	-0.06256	0	0	2.2619	-0.97739	6.41725	111.273	41.7268
GLY_340	-2.58794	0.11921	3.1823	-0.0012	0	0	2.43287	4.1242	0.00466	0.01474	-1.92471	-0.32434	0	0	0	0	0	0	-0.24351	0	0	0	0	-2.52925	0	0	1.435	-0.19191	3.51013	134.539	29.4609
THR_341	-4.55799	0.6063	1.60294	-0.16987	0.19061	0.05928	1.32559	3.79143	0	0	-0.8854	-0.52526	0	0	0	0	0	0	-0.08379	0.2636	0.02857	0.23503	0	-0.10055	0	5.03183	-0.9333	0.50122	6.38022	129.306	44.6936
TYR_342	-9.74302	0.89423	4.19016	-0.57397	0.37801	0.28212	3.90862	8.18947	0.0067	0.05196	-2.01446	-0.24393	0	0	0	0	0	0	0.43094	3.26199	0.17447	0	3.08753	-0.59533	0	0	1.7379	-0.41841	13.005	248	0
VAL_343	-6.61426	2.1799	3.3944	-0.27577	0.42003	0.0599	2.97934	6.82805	0.0058	0.01595	-2.0761	-0.24179	0	0	0	0	0	0	-0.06734	0.47007	0.09951	0.37056	0	-1.28149	0	0	2.7371	-0.87953	8.12434	164.063	17.9367
CYS:disulfide_344	-6.79523	0.98966	3.37621	-0.07033	0.00239	0.05995	2.57846	5.87054	0.02503	0.07716	-2.18398	-0.45338	0	0	0	0	0	-0.49361	-0.11312	1.7589	1.25752	0.50138	0	0.09706	0	0	4.3148	-0.60347	10.196	156	0
THR_345	-5.80022	0.33497	4.28002	-0.18374	0.27689	0.07014	3.4043	6.25636	0.01427	0.26584	-2.17277	-0.56846	0	0	0	0	-0.37477	0	0.02597	0.16806	0.03437	0.13369	0	0.10037	0	5.03682	-0.9333	-0.05178	10.317	171.951	2.04937
GLY_346	-4.25026	1.56089	3.07269	-0.00054	0	0	2.82586	5.16715	0.0241	0.07301	-2.49658	-0.31831	0	0	0	0	0	0	-0.05511	0	0	0	0	1.42192	0	0	1.435	1.83968	10.2995	164	0
SER_347	-6.37904	1.79749	6.01666	-0.03347	0.02606	0.04617	4.16743	7.52164	0.00761	0.04405	-3.08874	0.10721	0	0	0	0	0	0	-0.00446	1.14428	0.00504	1.13924	0	-0.45528	0	4.04	-0.539	1.69532	17.2582	162	0
ASN_348	-8.48597	1.63557	8.5344	-0.3355	0.29026	0.6252	4.90968	10.8351	0.05753	0.35199	-2.9501	-0.65499	0	0	0	-0.94379	0	0	-0.0048	2.16691	0.11825	0	2.04866	-0.30352	0	0	-0.3009	0.12507	17.7191	184	0
MET_349	-4.83051	1.46641	3.06908	-0.54495	1.23156	0.08591	0.68645	3.9552	0.07505	0.4592	-0.03419	0.23	0	0	0	0	0	0	-0.21122	3.01781	0.46573	2.55208	0	0.02209	0	0	1.4633	0.42328	13.5823	196.408	65.5922
PHE_350	-5.03595	2.99774	2.41064	-0.61806	0.96407	0.35632	1.38931	3.53052	2e-05	0.00029	-0.33488	0.10509	0	0	0	-0.46672	0	0	-0.0245	4.50446	0.45881	0	4.04565	0.05685	0	0	1.9602	0.70796	17.0078	98.8754	138.125
ALA_351	-4.08971	0.65551	3.5925	-0.01523	0	0	2.70091	5.2464	0.00761	0.04405	-1.2832	-0.34273	0	0	0	-0.47707	0	0	0.03784	0	0	0	0	0.23515	0	0	2.2619	2.46193	11.0359	118.666	34.3341
MET_352	-5.32133	4.67988	2.8325	-0.30081	0.05929	0.10801	0.78564	3.58175	0.04633	0.29256	-0.33903	-0.33136	0	0	0	0	0	0	0.02554	2.85658	0.78589	2.07069	0	-0.13236	0	0	1.4633	2.07733	15.2404	171.232	90.7676
ASP_353	-5.1652	0.51181	6.16887	-0.13337	0.01604	0.39381	3.86396	7.35671	0.07723	0.44559	-4.03066	-0.98813	0	0	0	-1.08108	0	0	0.30752	5.1269	0.3741	0	4.7528	0.79949	0	0	-1.6204	0.64222	17.8182	133.038	51.9622
GLN_354	-3.90422	0.69944	2.56175	-0.24431	0.09352	0.2053	1.13018	3.62258	0	0	-1.03946	-0.66158	0	0	0	0	-0.37477	0	0.01913	4.21126	0.37737	0	3.83389	-0.16762	0	0	-0.1077	0.35838	10.6131	105.942	111.058
GLY_355	-2.98302	0.25048	2.61169	-0.00177	0	0	2.16766	4.05979	0	0	-1.79467	-0.38415	0	0	0	0	0	0	-0.02878	0	0	0	0	0.98963	0	0	1.435	1.44679	7.76866	145.296	18.7041
THR_356	-3.63777	2.01804	1.36283	-0.12077	0.11198	0.0786	0.84676	3.08562	0.06815	0.32937	-0.65672	-0.74628	0	0	0	0	0	0	-0.01272	0.14963	0.02344	0.12619	0	-0.76543	0	5.03131	-0.9333	1.26411	7.62306	107.826	66.1739
ALA_357	-4.97909	0.79937	2.1752	-0.02191	0	0	3.06981	5.22154	0	0	-2.61195	-0.43098	0	0	0	0	0	0	0.19244	0	0	0	0	-0.57074	0	0	2.2619	-0.37308	4.73251	150.951	2.04937
THR_358	-4.46904	0.86945	3.83261	-0.14383	0.14353	0.10628	2.92296	5.53408	0.00011	0.00059	-2.32392	-1.20318	0	0	0	0	0	0	0.06163	1.63077	0.28571	1.34506	0	-0.21645	0	5.03802	-0.9333	0.10363	12.5847	112.539	61.4611
LEU_359	-7.12002	0.71989	1.85315	-0.60987	0.61517	0.15481	2.69482	5.64981	0.00046	0.00542	-2.10018	0.33388	0	0	0	0	0	0	-0.09276	1.26586	0.19403	1.07183	0	-0.19403	0	0	1.3223	-0.02106	5.7435	203.692	6.3084
HIS_360	-5.50013	0.83666	5.33701	-0.62135	0.09243	0.53717	3.05639	7.28734	0.02156	0.081	-2.15385	-0.95037	0	0	0	0	0	0	0.01434	4.03757	0.35148	0	3.68609	0.05749	0	0	0.8406	-0.38868	16.6227	122.979	118.021
VAL_361	-6.30736	1.31383	1.30246	-0.27499	0.32113	0.05783	1.13418	4.61844	0	0	0.38862	-0.29085	0	0	0	0	0	0	-0.11102	0.81767	0.55765	0.26002	0	-1.21449	0	0	2.7371	-0.73971	4.57051	166.316	15.6841
GLN_362	-5.35737	0.71767	5.40115	-0.34625	0.14963	0.41668	2.0115	5.97665	0.02156	0.081	-1.62828	-0.12832	0	0	0	0	-0.37609	0	0	5.96986	1.2281	0	4.74177	0	0	0	-0.1077	-0.43701	18.3345	93.1091	123.891