label	fa_atr	fa_rep	fa_sol	fa_intra_atr_xover4	fa_intra_rep_xover4	fa_intra_sol_xover4	lk_ball	lk_ball_iso	lk_ball_bridge	lk_ball_bridge_uncpl	fa_elec	fa_intra_elec	pro_close	hbond_sr_bb	hbond_lr_bb	hbond_bb_sc	hbond_sc	dslf_fa13	omega	fa_dun	fa_dun_dev	fa_dun_rot	fa_dun_semi	p_aa_pp	yhh_planarity	hxl_tors	ref	rama_prepro	total	BSA	SASA
GLU_1	-0.70694	0.09919	0.80277	-0.26423	0.14	0.40238	0.22378	0.96785	0.11497	0.38442	0.07383	0.75558	0	0	0	0	0	0	0.66967	6.60599	2.44519	0	4.1608	0	0	0	-1.6358	0	15.2394	0	245.366
ALA_2	-1.16598	0.97625	1.32143	-0.02393	0	0	0.35029	1.73081	0.11497	0.38442	0.24458	-0.1818	0.65426	0	0	0	0	0	0.20703	0	0	0	0	-0.26318	0	0	2.2619	2.05885	8.66989	69.7215	83.2785
PRO_3	-1.5354	0.88884	1.25901	-0.12274	0.06613	0.09145	0.56762	1.6007	0	0	0.24596	0.1575	0.67612	0	0	0	0	0	1.07699	1.95968	1.78352	0.17616	0	-0.85285	0	0	-4.6787	3.42849	6.78848	85.4034	113.597
LYS_4	-4.10076	2.88653	4.71898	-0.40391	0.12294	0.20535	2.59869	5.2641	0	0	-2.19319	0.13094	0	0	0	0	0	0	1.24453	2.65846	0.35119	2.30728	0	0.12288	0	0	-0.8895	1.24456	16.2691	130.518	121.482
ASN_5	-4.3019	0.58171	3.69758	-0.1975	0.04137	0.34321	2.92154	5.35682	0.02145	0.15913	-1.78851	-0.72046	0	0	0	-0.83504	0	0	0.1207	4.5471	0.01203	0	4.53508	-0.01722	0	0	-0.3009	-0.31533	13.8609	105.66	78.3405
PHE_6	-4.585	3.41731	2.79992	-0.88641	0.5086	0.61714	1.17956	4.47071	0.01759	0.20937	-1.07159	-0.16471	0	0	0	0	0	0	0.01071	3.75635	0.45133	0	3.30502	-0.56696	0	0	1.9602	0.19049	15.6196	90.7495	146.251
GLY_7	-4.15862	0.95718	3.79912	-0.00175	0	0	2.30807	5.47321	0	0	-2.1915	-0.37422	0	0	0	0	0	0	-0.19532	0	0	0	0	-1.22148	0	0	1.435	0.88002	6.7097	155.226	8.77431
LEU_8	-6.9148	1.23286	3.66704	-0.5867	0.37872	0.16018	2.86734	6.26897	0.0067	0.0209	-2.10781	0.22972	0	0	0	0	0	0	1.38112	1.90117	0.99266	0.90851	0	-0.26861	0	0	1.3223	1.28274	12.743	162.857	47.1426
ASP_9	-5.82929	0.67557	7.15116	-0.11597	0.02685	0.3559	4.37243	8.34181	0.01002	0.06667	-4.94405	0.09824	0	0	0	0	-0.42062	0	-0.05834	3.1481	0.05183	0	3.09627	0.63386	0	0	-1.6204	0.88934	15.9294	170.497	14.503
VAL_10	-5.80447	3.03292	2.60246	-0.27737	0.34596	0.05993	2.94741	5.27217	0.0067	0.0209	-2.76399	-0.25007	0	0	0	0	0	0	-0.12989	0.38121	0.07363	0.30759	0	-1.25945	0	0	2.7371	-0.37412	6.9286	157.918	24.0825
LYS_11	-8.24471	2.28364	8.62219	-0.53912	0.23005	0.25046	4.76232	9.19318	0.00472	0.01321	-4.51024	0.16775	0	0	0	-0.0037	0	0	2.30005	5.20217	1.35845	3.84372	0	0.33744	0	0	-0.8895	-0.51618	23.8659	224.471	27.529
ILE_12	-5.37744	0.52508	3.88432	-0.48881	1.91809	0.09343	3.22722	5.46109	0	0	-2.79502	0.15892	0	0	0	0	0	0	-0.02655	1.37876	0.80353	0.57523	0	-1.27512	0	0	1.8006	-0.65191	9.21142	140.44	66.5601
THR_13	-6.50246	1.52963	5.14353	-0.17484	0.22747	0.06293	4.14562	7.37013	0.01524	0.23858	-2.47598	-0.50031	0	0	0	0	0	0	3.70515	0.46485	0.0917	0.37315	0	-0.36413	0	5.00165	-0.9333	-0.61577	16.8028	172.975	1.02469
GLY_14	-3.34741	1.27552	3.09113	-0.00069	0	0	2.69283	4.46958	0	0	-2.36232	-0.32154	0	0	0	0	0	0	0.02359	0	0	0	0	1.666	0	0	1.435	2.07846	10.7001	143.393	20.6073
GLU_15	-7.58115	1.04681	7.67015	-0.28588	0.14191	0.3083	4.30763	8.74855	0.00663	0.08639	-4.88368	-0.26255	0	0	0	-0.61644	0	0	1.41648	4.04856	0.06919	0	3.97937	0.24456	0	0	-1.6358	2.19671	19.0057	214.031	8.96944
SER_16	-4.62026	0.69965	4.88102	-0.03886	0.01796	0.05721	3.77537	6.28607	0.01663	0.10037	-3.48233	0.06052	0	0	0	0	-0.02634	0	-0.06585	0.8883	0.21067	0.67763	0	0.73548	0	4.04	-0.539	0.44487	14.1191	134.646	27.3535
GLU_17	-7.85623	1.49553	8.89721	-0.32998	0.17064	0.42882	5.11899	9.46355	0	0	-4.94116	-0.25986	0	0	0	0	-1.0921	0	0.58604	5.61956	0.77407	0	4.84549	0.05451	0	0	-1.6358	0.61143	21.9507	215.094	7.90595
ASN_18	-5.11528	6.49342	4.73585	-0.25066	0.10346	0.41539	2.51636	6.04379	0.00205	0.04496	-0.88959	-0.83293	0	0	0	0	0	0	0.02699	4.17399	1.69578	0	2.47822	-1.43475	0	0	-0.3009	2.09788	22.004	113.219	70.781
ASP_19	-6.39621	6.48833	8.85274	-0.20823	0.15469	0.66306	3.88962	10.0899	0.06915	0.43391	-0.48584	-1.56835	0	0	0	-0.41041	0	0	0.59463	4.56426	1.18351	0	3.38074	0.52185	0	0	-1.6204	2.1491	32.3461	176.898	8.10197
ARG_20	-7.55372	1.16352	8.60817	-0.66722	0.86807	0.43397	4.15637	9.77685	0.16122	0.93647	-2.66385	0.21962	0	0	0	0	-0.31129	0	-0.04204	6.38557	2.25217	4.1334	0	-0.31935	0	0	-0.1423	0.64678	28.0424	202.675	62.3253
ASP_21	-7.1158	1.51667	9.75108	-0.2588	0.09175	0.91742	4.90867	11.4659	0.02562	0.12454	-3.01187	-0.96177	0	0	0	-0.75072	0	0	0.73373	6.56286	0.03495	0	6.52791	-0.66219	0	0	-1.6204	-0.3475	27.9321	169.442	15.5578
LEU_22	-8.98068	1.29331	4.57864	-0.55216	0.89716	0.17101	3.34746	7.88382	0.00401	0.01901	-3.028	0.04054	0	0	0	0	0	0	-0.10597	1.32256	0.99113	0.33142	0	0.93041	0	0	1.3223	0.44511	10.9111	210	0
GLY_23	-2.66994	0.32835	4.13442	-6e-05	0	0	1.60254	4.99164	0	0	-1.31081	-0.39106	0	0	0	0	0	0	0.21241	0	0	0	0	-2.43248	0	0	1.435	0.11169	6.01171	124.175	39.8245
THR_24	-3.51321	0.67734	3.49138	-0.12333	0.06837	0.05215	2.35135	4.76478	0	0	-1.01078	-0.30799	0	0	0	0	0	0	0.13308	0.6593	0.00085	0.65845	0	0.07364	0	5.03521	-0.9333	-0.90283	11.1745	99.6229	74.3771
ALA_25	-2.39203	1.50447	3.13323	-0.01847	0	0	1.09335	4.0098	0.00372	0.02071	0.0722	-0.22527	0.04366	0	0	-0.34031	0	0	0.38572	0	0	0	0	0.72481	0	0	2.2619	3.5986	13.8761	106.922	46.0784
PRO_26	-1.1951	1.33208	1.13962	-0.14309	0.00013	0.10074	0.40437	1.47871	0	0	0.46569	0.20488	0.04452	0	0	0	0	0	0.01711	1.00405	0.03399	0.97007	0	-1.33554	0	0	-4.6787	3.08293	2.92645	68.4105	130.589
GLY_27	-1.17695	0.25558	1.763	-0.00012	0	0	0.44849	2.20456	0.02474	0.13695	1.76151	-0.25163	0	0	0	0	0	0	0.43822	0	0	0	0	-2.01685	0	0	1.435	1.89032	6.91283	107.659	56.341
GLY_28	-1.10618	0.08389	1.74678	-5e-05	0	0	0.51771	2.16287	0.09779	0.46831	0.54027	-0.38672	0	0	0	0	0	0	1.56018	0	0	0	0	-1.30718	0	0	1.435	1.87261	7.68529	104.494	59.5055
THR_29	-3.73519	0.33835	2.14808	-0.12112	0.10042	0.07617	0.69444	3.58972	0	0	-0.02164	-0.649	0	0	0	0	0	0	0.28726	0.26654	0.1318	0.13474	0	-1.00406	0	5.0374	-0.9333	-0.63595	5.70466	125.945	48.0554
LEU_30	-6.70953	1.40454	4.91228	-0.41448	0.36746	0.06459	3.52345	6.97289	0.03878	0.19474	-3.07758	0.09517	0	0	0	0	0	0	1.11568	1.81511	0.787	1.02811	0	0.06981	0	0	1.3223	-0.12191	13.3884	184.298	25.702
ASN_31	-2.43081	0.55699	3.48677	-0.32286	0.06208	0.53673	1.41368	4.05778	0.02215	0.09436	-1.45776	-0.30759	0	0	0	-0.50919	0	0	2.47446	7.28077	0.86802	0	6.41275	-1.40567	0	0	-0.3009	1.16497	21.6967	69.64	114.36
ASP_32	-5.88092	2.09588	7.53195	-0.09462	0	0.27907	3.88569	8.50302	0.02859	0.16751	-3.42028	0.1216	0	0	0	-0.50919	0	0	1.38543	6.1661	0.00111	0	6.16498	0.36822	0	0	-1.6204	1.26882	26.4426	157.091	27.9091
ILE_33	-4.7184	1.00453	2.84468	-0.52452	0.67025	0.10015	2.67008	4.9292	0.00448	0.02661	-2.20266	0.04615	0	0	0	0	0	0	-0.01866	1.77862	0.26711	1.51151	0	0.05993	0	0	1.8006	0.38828	10.638	105.168	101.832
GLY_34	-3.769	0.83485	2.95533	-0.00155	0	0	2.71712	4.75112	0	0	-2.42823	-0.35609	0	0	0	0	0	0	0.59539	0	0	0	0	0.12551	0	0	1.435	1.08747	7.94692	158.314	5.68584
ILE_35	-5.27547	1.01774	2.96561	-0.52011	0.40508	0.10355	3.19059	5.10075	0	0	-2.44906	0.20809	0	0	0	0	0	0	0.64455	4.92761	3.28448	1.64313	0	-0.6253	0	0	1.8006	0.7567	17.1785	147.042	59.9583
ASP_36	-7.15173	1.01891	9.00958	-0.19693	0.06075	0.61376	5.4343	10.0032	0.0108	0.04009	-4.7979	-1.19594	0	0	0	0	-1.61204	0	-0.11906	3.75705	0.01742	0	3.73963	-0.49644	0	0	-1.6204	0.06985	16.585	182.663	2.33679
LEU_37	-6.1875	3.43597	3.41507	-0.4709	0.46473	0.1037	3.46339	5.82427	0	0	-2.7558	0.04816	0	0	0	0	0	0	0.01748	1.50124	0.18336	1.31788	0	-0.40544	0	0	1.3223	0.08024	11.3581	159.781	50.219
ARG_38	-10.5142	2.80221	10.86	-0.46123	0.14037	0.28677	4.42138	11.6482	0.05843	0.52343	-3.50059	-0.06952	0.20995	0	0	0	-0.89349	0	3.08997	3.55541	0.59918	2.95623	0	-0.26545	0	0	-0.1423	2.67275	27.9776	222.396	42.6038
PRO_39	-4.91542	2.06214	2.74358	-0.21283	0.05494	0.16093	1.73457	3.68372	0	0	-1.84798	-0.1455	0.23726	0	0	0	0	0	0.10681	1.24271	0.443	0.7997	0	-0.99066	0	0	-4.6787	2.30026	2.77854	138.529	60.4706
TRP_40	-11.5942	2.25024	6.19191	-1.41275	0.32247	0.75598	3.47856	10.4864	0	0	-2.76625	-0.169	0	0	0	0	0	0	0.73198	2.34183	0.0054	0	2.33643	-0.40623	0	0	3.7077	-0.30694	15.9536	246.177	23.8226
ALA_41	-4.03842	0.59224	3.1874	-0.02429	0.00058	0	2.96726	5.06275	0	0	-2.37275	-0.44187	0	0	0	0	0	0	0.00683	0	0	0	0	0.04708	0	0	2.2619	0.37282	7.62153	110.111	42.8894
PHE_42	-7.31949	1.52209	3.85624	-0.70641	0.05729	0.05116	2.84738	6.50102	0	0	-2.31755	-0.54051	0	0	0	-0.83504	0	0	0.68699	2.81292	0.03479	0	2.77813	-0.29989	0	0	1.9602	0.50255	11.5918	188.092	48.9082
GLY_43	-3.90821	0.78863	2.95505	-0.0011	0	0	2.2468	4.88374	0	0	-1.66873	-0.34959	0	0	0	0	0	0	-0.09789	0	0	0	0	1.24441	0	0	1.435	2.22085	9.74897	160.856	3.14449
GLN_44	-4.64062	1.07335	2.56949	-0.28582	0.03671	0.1382	0.54059	4.01946	0.08523	0.62118	-0.74395	-0.21756	0	0	0	0	0	0	-0.03941	6.16503	2.41362	0	3.75141	-0.1367	0	0	-0.1077	2.44614	17.6887	100.018	116.982
TRP_45	-6.39002	0.83829	3.83632	-1.11836	0.29052	0.92348	2.25373	6.865	0	0	-2.49454	-0.14304	0	0	0	0	0	0	0.09315	8.67646	3.81858	0	4.85788	-0.31968	0	0	3.7077	2.07331	27.7688	124.691	145.309
GLY_46	-1.26621	0.26799	1.94776	-0.00017	0	0	0.60506	2.38902	0.06378	0.46206	0.4624	-0.29358	0	0	0	0	0	0	-0.16176	0	0	0	0	-2.11921	0	0	1.435	2.363	6.15513	78.9775	85.0225
ASP_47	-4.48917	0.42217	4.07189	-0.12103	0.04058	0.37417	1.85625	5.59015	0	0	-1.32693	-0.40369	0	0	0	0	0	0	-0.08208	3.29471	0.01271	0	3.282	-0.35766	0	0	-1.6204	0.32693	10.8706	113.016	71.9835
TRP_48	-6.79595	0.78219	4.07582	-0.8408	0.08018	0.36477	3.22515	6.66381	0	0	-2.86784	-0.04075	0	0	0	0	0	0	0.65434	2.1909	0.15829	0	2.03261	-0.65834	0	0	3.7077	-0.78062	11.9515	151.197	118.803
SER_49	-5.65617	2.25025	4.49756	-0.03561	0.00527	0.05427	3.24619	6.15133	0	0	-2.44825	-0.47468	0	0	0	0	0	0	0.17919	0.11228	0.05451	0.05777	0	-0.8963	0	4.04	-0.539	-0.63736	9.96124	153.933	8.06749
ALA_50	-4.23986	0.75476	2.70666	-0.022	0	0	2.66587	4.99323	0	0	-2.23191	-0.42333	0	0	0	0	0	0	0.87698	0	0	0	0	-0.80597	0	0	2.2619	-0.45869	6.07764	122.198	30.8024
TYR_51	-9.35763	3.05808	4.6331	-0.65827	0.03617	0.079	3.26521	7.76602	0.00187	0.02201	-2.97318	-0.47861	0	0	0	0	0	0	0.26528	3.03365	0.01336	0	3.02029	-0.24301	0	0	1.7379	0.16892	13.3902	194.606	53.3941
PHE_52	-6.72849	1.44926	3.88426	-0.78864	0.13705	0.08675	3.03304	7.11912	0.00187	0.02201	-1.91342	-0.614	0	0	0	0	0	0	3.24651	3.10925	0.13994	0	2.96931	-0.23188	0	0	1.9602	0.33429	17.2164	155.515	81.4853
MET_53	-9.51895	1.48488	6.20879	-0.37548	0.20066	0.11327	3.99623	7.76073	0	0	-3.92644	0.02564	0	0	0	0	0	0	0.22384	2.76724	0.9333	1.83394	0	0.16298	0	0	1.4633	0.38455	13.7385	240.248	21.7518
GLY_54	-4.53856	0.85699	3.84571	-0.00054	0	0	2.23246	5.02261	0	0	-1.7613	-0.19924	0	0	0	0	0	0	0.41904	0	0	0	0	-0.84777	0	0	1.435	0.58727	7.05167	160.414	3.5864
GLN_55	-8.25648	1.98785	7.08583	-0.34514	0.13055	0.21049	4.58809	8.63281	0.04178	0.45712	-3.7767	-0.19763	0	0	0	0	-0.86936	0	0.84944	3.38906	0.0686	0	3.32046	-0.11859	0	0	-0.1077	1.59223	18.6827	206.917	10.0828
ALA_56	-4.00821	0.82273	3.11465	-0.02491	0.00128	0	3.00399	5.0608	0	0	-2.6113	-0.43532	0	0	0	0	0	0	0.67005	0	0	0	0	0.76259	0	0	2.2619	1.82939	10.4476	119.124	33.8765
VAL_57	-6.82301	1.7843	2.90929	-0.26316	0.31191	0.05412	3.33261	6.3393	0	0	-2.41549	-0.22082	0	0	0	0	0	0	1.72986	1.2195	0.6377	0.5818	0	-1.12768	0	0	2.7371	0.22136	11.0087	176.892	5.10776
ALA_58	-3.39719	1.31796	2.35692	-0.02517	0.00242	0	2.67967	4.2688	0	0	-2.296	-0.44521	0	0	0	0	0	0	0.01253	0	0	0	0	0.50788	0	0	2.2619	0.4988	7.7433	99.694	53.306
ALA_59	-4.41519	1.09868	2.28029	-0.01848	0	0	2.78565	5.0047	0	0	-0.53536	-0.34401	0	0	0	0	0	0	0.0327	0	0	0	0	-0.46033	0	0	2.2619	1.04036	8.73092	139.162	13.8383
THR_60	-3.85807	0.91271	4.21434	-0.12814	0.10958	0.05998	2.75786	4.95104	0	0	-0.6822	-0.3058	0	0	0	0	0	0	1.51753	0.1655	0.00261	0.16289	0	-0.07169	0	5.05746	-0.9333	-0.03899	13.8933	105.562	68.4376
ASP_61	-5.38154	1.22905	5.91518	-0.10367	0.01142	0.29446	2.42844	7.08568	0.02412	0.14121	-1.67189	-1.29504	0	0	0	-0.66988	0	0	1.25109	3.11483	0.00369	0	3.11114	-0.38466	0	0	-1.6204	0.28619	13.7694	148.958	36.0424
THR_62	-3.52424	0.34805	2.20561	-0.1502	0.07011	0.10765	0.89369	3.61936	0.00663	0.08639	-1.63691	0.02715	0	0	0	-0.66988	0	0	-0.00052	1.18288	0.38662	0.79626	0	1.27336	0	5.05307	-0.9333	2.76109	11.9029	118.231	55.7686
ILE_63	-6.91617	1.01034	1.84716	-0.57247	1.46776	0.14547	1.29658	5.2969	2e-05	0.00031	-1.06041	0.4388	0	0	0	0	0	0	0.01571	1.3146	0.38007	0.93453	0	1.2567	0	0	1.8006	3.32633	11.9828	194.087	12.9129
GLU_64	-5.92038	0.48453	7.03903	-0.32719	0.11446	0.41208	3.5629	7.72885	0.03914	0.54828	-3.38004	-0.32859	0	0	0	-0.61644	-0.95654	0	1.32112	4.99848	0.09381	0	4.90468	0.47019	0	0	-1.6358	1.40636	19.9589	211.025	11.9746
THR_65	-4.55956	0.85508	4.14114	-0.13046	0.12712	0.07124	2.37278	5.12965	0.07933	0.72247	-1.49738	-0.06843	0	0	0	-0.0037	0	0	-0.07543	0.12194	0.02038	0.10156	0	-0.73739	0	5.06543	-0.9333	-0.22434	10.5781	167.532	6.46779
ASP_66	-6.27984	1.42931	9.82741	-0.21139	0.05152	0.69356	3.87573	10.4092	0.02373	0.39902	-3.87745	-1.1864	0	0	0	-0.44276	-0.33124	0	0.15939	4.68273	1.0874	0	3.59533	-0.85923	0	0	-1.6204	-0.38908	21.0365	172.516	12.4837
THR_67	-3.81593	0.49229	3.44517	-0.12488	0.03653	0.06036	1.0196	4.31928	0.02212	0.23853	0.39766	-0.47312	0	0	0	0	0	0	-0.27042	0.42991	0.1149	0.31501	0	0.5696	0	4.99576	-0.9333	0.86281	11.7019	121.515	52.4851
LEU_68	-5.68402	2.14896	4.47006	-0.49436	0.16318	0.14588	1.72329	6.32158	0	0	-1.34828	0.06821	0	0	0	-0.44276	0	0	0.2593	2.59167	2.42355	0.16813	0	-0.11506	0	0	1.3223	0.68246	14.4041	180.577	29.4235
GLN_69	-4.66486	0.54837	5.99225	-0.46517	0.71625	0.39413	1.85449	6.4668	0.00662	0.04086	-0.96227	-0.54518	0	0	0	0	0	0	0.12546	6.60948	1.37928	0	5.2302	0.42622	0	0	-0.1077	0.11819	23.1634	169.653	47.3472
SER_70	-2.7211	0.19145	3.98183	-0.0332	0.00323	0.03902	1.59513	4.38036	0.06833	0.54598	-0.0156	-0.03965	0	0	0	0	-0.54223	0	0.01567	1.56636	0.1875	1.37886	0	-0.06975	0	4.04	-0.539	-0.3219	13.7113	125.155	36.8446
ASP_71	-1.70559	0.16876	2.48038	-0.10071	0.04484	0.27667	0.81874	3.00037	0.05735	0.50298	-0.53902	-0.3172	0	0	0	-0.14565	0	0	0.60252	3.97015	0.25987	0	3.71027	-0.09474	0	0	-1.6204	-0.6939	10.6757	78.6742	106.326
THR_72	-3.17186	0.35635	1.35254	-0.09825	0.05943	0.04373	0.70975	2.45879	0.02554	0.21346	-0.25279	-0.00605	0	0	0	0	0	0	22.6457	2.62539	2.44255	0.18283	0	-1.15404	0	5.04446	-0.9333	-0.25263	32.2916	85.5967	88.4033
ASP_73	-2.43961	1.53178	3.24074	-0.1467	0.04073	0.44075	1.76516	3.81919	0.00504	0.09909	0.58413	-1.33408	0	0	0	0	0	0	1.40922	5.64643	0.28746	0	5.35898	0.21272	0	0	-1.6204	-0.47711	18.4235	57.8877	127.112
GLY_74	-3.2021	0.27976	3.54418	-7e-05	0	0	2.34936	4.46424	0.04483	0.2237	-1.85159	-0.43491	0	0	0	0	0	0	0.94435	0	0	0	0	-2.39874	0	0	1.435	-0.15557	5.24244	151.966	12.034
ARG_75	-9.01327	2.03827	7.52772	-0.97125	0.94026	0.60125	3.56477	9.64485	0.04431	0.42847	-3.81161	0.15491	0	0	0	-0.69917	-1.21142	0	0.15	5.76208	2.3959	3.36618	0	-0.34118	0	0	-0.1423	0.70578	21.1345	239.716	25.2838
GLU_76	-3.29879	1.00794	3.99765	-0.26352	0.19893	0.45834	0.94492	4.57446	0	0	0.77405	-0.53864	1.61686	0	0	0	0	0	-0.01366	6.96102	2.22434	0	4.73668	0.5063	0	0	-1.6358	3.43255	25.6836	122.624	100.376
PRO_77	-4.46595	0.63075	2.22967	-0.20686	0.01339	0.15074	0.81085	2.68624	0.00076	0.00298	-0.82778	0.01323	1.65102	0	0	0	0	0	0.00293	0.74378	0.23403	0.50974	0	-1.44613	0	0	-4.6787	2.45869	0.5134	160.089	38.911
ASP_78	-4.07617	0.72587	4.95783	-0.10275	0.02872	0.29575	2.05573	5.62458	0.09632	0.61807	-0.72619	-0.01292	0	0	0	-1.08444	0	0	-0.02172	3.03483	0.09468	0	2.94015	0.47483	0	0	-1.6204	-0.39232	12.9105	116.133	68.8669
LYS_79	-5.03724	0.99619	4.34997	-0.37028	0.09164	0.23548	1.95287	5.44256	0	0	-1.06666	0.46914	0	0	0	0	0	0	0.24584	4.54344	1.34966	3.19378	0	-0.06299	0	0	-0.8895	-0.34081	15.1031	154.085	97.9152
SER_80	-3.63695	1.91599	3.18519	-0.03262	0.00576	0.02256	1.63743	4.42362	0.05245	0.31788	-0.20249	-0.6918	0	0	0	0	0	0	0.46283	1.07204	0.13306	0.93898	0	-0.10226	0	4.04	-0.539	-0.4922	12.5105	116.77	45.2296
TYR_81	-8.79924	0.58242	5.12572	-0.93703	0.12681	0.54576	2.97499	7.87259	0.01232	0.11471	-1.97942	-0.33841	0	0	0	0	0	0	0.42115	2.09079	0.07463	0	2.01616	-0.58584	0	0	1.7379	0.5773	11.6333	226.138	21.8623
LEU_82	-4.7888	1.01289	2.92322	-0.4796	0.67179	0.09508	2.97707	4.95006	0	0	-2.48241	0.08237	0	0	0	-0.59897	0	0	0.01624	0.90452	0.09837	0.80616	0	-0.26976	0	0	1.3223	0.43046	7.67099	107.515	102.485
ALA_83	-4.47956	2.57153	2.67868	-0.0194	0	0	2.66525	5.01777	0	0	-2.41248	-0.38118	0	0	0	0	0	0	0.59321	0	0	0	0	-0.85358	0	0	2.2619	-0.34124	7.3009	140.332	12.6685
ALA_84	-3.42677	0.41463	1.63462	-0.02653	0.00514	0	1.65431	3.37389	0	0	-0.82747	-0.42385	0	0	0	0	0	0	-0.08186	0	0	0	0	1.00058	0	0	2.2619	0.44228	6.00088	133.943	19.0572
ARG_85	-9.5399	1.17886	10.1498	-0.79916	0.46205	0.43957	3.42353	10.3545	0	0	-3.62882	0.27233	0	0	0	-0.70232	-0.48205	0	-0.02921	4.26345	0.33036	3.93309	0	-0.05143	0	0	-0.1423	1.72201	21.1543	247.696	17.3037
GLU_86	-8.08722	0.71884	7.50205	-0.19993	0.04097	0.25866	4.04259	8.92729	0	0	-3.89548	-0.52367	0	0	0	0	-0.1971	0	0.36544	5.73143	0.49695	0	5.23448	-0.11755	0	0	-1.6358	1.10135	19.7633	200.784	22.2165
PHE_87	-7.10699	2.36708	3.08381	-0.96411	0.27171	0.80017	2.94806	5.80548	0	0	-2.49623	-0.29652	0	0	0	0	0	0	-0.12343	10.0359	3.39311	0	6.64278	-0.45648	0	0	1.9602	1.61134	27.4759	187.642	49.3579
TRP_88	-12.722	3.90541	6.60158	-1.31674	0.6069	0.6774	3.57657	10.3779	0.00503	0.04906	-3.44612	-0.30633	0	0	0	0	-0.1971	0	1.08371	3.81419	0.83548	0	2.97871	-0.68002	0	0	3.7077	1.87675	21.4281	245.208	24.7923
VAL_89	-5.22299	1.22051	2.9575	-0.35239	0.41589	0.08246	3.04101	5.43369	0	0	-2.78969	0.18436	0	0	0	0	0	0	1.47394	1.72831	0.61467	1.11364	0	-0.65336	0	0	2.7371	0.03019	12.0148	126.052	55.9483
ASP_90	-7.40264	3.74758	9.30161	-0.16113	0.0082	0.49168	5.31955	10.6793	0	0	-2.39433	-0.97485	0	0	0	0	-0.67067	0	0.00555	4.10855	1e-05	0	4.10854	1.26299	0	0	-1.6204	0.29406	26.1036	175.327	9.67261
TYR_91	-8.50868	1.51604	5.02873	-0.75866	0.08352	0.13886	3.967	8.3537	0	0	-2.7564	-0.48362	0	0	0	0	0	0	-0.06578	3.20498	0.02775	0	3.17724	-0.16219	0	0	1.7379	0.774	15.2744	194.974	53.0262
ALA_92	-3.8023	0.50506	3.20029	-0.0276	0.0146	0	2.28832	5.00476	0.00222	0.00825	-0.09616	-0.44112	0	0	0	0	0	0	0.72448	0	0	0	0	0.90657	0	0	2.2619	0.2427	10.792	124.974	28.0259
GLY_93	-3.23851	1.10805	2.94383	-5e-05	0	0	1.45041	4.35891	0	0	0.06452	-0.35602	0	0	0	0	0	0	0.1218	0	0	0	0	0.61929	0	0	1.435	-0.04506	8.46219	136.213	27.7865
LEU_94	-3.50897	0.44191	2.36574	-0.50631	1.25211	0.1208	0.93925	3.54989	0.0129	0.06769	-0.31471	0.31686	0	0	0	0	0	0	0.47864	0.99348	0.49416	0.49931	0	-0.41297	0	0	1.3223	0.16575	8.27783	96.9897	113.01
THR_95	-4.40029	0.54822	5.23623	-0.13009	0.2212	0.08874	2.79014	6.10393	0	0	0.02633	-0.9922	0	0	0	-0.26717	0	0	-0.01715	1.91524	1.77522	0.14002	0	-0.64464	0	5.01272	-0.9333	-0.36504	16.1081	114.647	59.3532
ALA_96	-1.26387	0.19224	1.10903	-0.02589	0.00637	0	0.39153	1.38276	0	0	0.13731	-0.41373	0	0	0	0	0	0	-0.07513	0	0	0	0	-0.1199	0	0	2.2619	-0.68335	2.89928	30.3132	122.687
TYR_97	-5.17275	1.49542	3.21112	-0.60898	0.05439	0.28232	2.13367	4.6551	0	0	0.18936	-0.13405	0.0973	0	0	0	0	0	-0.14501	3.66902	0.05311	0	3.61591	0.18086	0	0	1.7379	2.45101	17.7657	133.877	114.123
PRO_98	-1.85401	1.11413	1.48503	-0.08245	0	0.05185	0.88198	1.75942	0	0	0.51943	0.67871	0.09954	0	0	0	0	0	0.95649	0.71905	0.18928	0.52977	0	0.98141	0	0	-4.6787	2.616	5.96692	63.7155	135.284
GLY_99	-2.86433	0.41238	2.87939	-6e-05	0	0	1.46142	3.8754	0.00143	0.00515	-1.25378	-0.40998	0	0	0	0	0	0	-0.13802	0	0	0	0	0.15542	0	0	1.435	1.23103	6.79045	137.769	26.2313
GLU_100	-8.45444	3.31604	9.55671	-0.77055	0.28882	1.64244	5.34484	10.7485	0.01512	0.07594	-3.03375	-0.11207	0	0	0	-0.26717	-0.69563	0	-0.13336	6.43006	0.57986	0	5.85019	0.59807	0	0	-1.6358	1.31103	30.6549	223	0
HIS_101	-6.89366	1.173	7.42833	-0.86473	0.1159	1.13393	3.67076	9.23866	0.01396	0.10179	-1.57212	-0.489	0	0	0	0	0	0	0.54558	3.63535	0.41221	0	3.22315	-0.46172	0	0	0.8406	0.52707	21.7791	198.089	42.9107
LEU_102	-6.41585	1.71597	4.30695	-0.56484	0.41825	0.13653	3.08873	6.82231	0.01612	0.06585	-2.1991	0.21942	0	0	0	0	0	0	0.21767	1.51064	0.51755	0.99309	0	-0.28508	0	0	1.3223	0.39614	12.2826	165.796	44.2039
ARG_103	-9.81302	1.44894	8.72646	-0.64582	0.15953	0.38996	4.24825	10.1628	0.01253	0.09664	-5.08047	0.50482	0	0	0	0	-0.67067	0	0.00761	4.06001	1.13318	2.92683	0	0.16666	0	0	-0.1423	-0.16184	17.5301	204.284	60.7165
PHE_104	-5.2935	0.66087	3.5249	-0.76658	0.18428	0.12129	3.04409	5.56974	0.01612	0.06585	-2.61703	-0.3794	0	0	0	0	0	0	0.11333	3.69521	0.02796	0	3.66726	-0.21537	0	0	1.9602	-0.01576	13.3634	116.056	120.944
GLY_105	-4.17284	0.56584	4.38959	-0.00134	0	0	3.15709	5.99698	0	0	-2.14258	-0.32288	0	0	0	0	0	0	0.15249	0	0	0	0	-2.53021	0	0	1.435	0.65569	7.18284	153.753	10.2469
ARG_106	-11.4411	3.70078	10.1979	-0.58347	0.50033	0.31776	4.42745	12.1661	0.07829	0.54411	-3.03569	0.43868	0	0	0	-0.70232	0	0	2.11991	6.42969	3.44936	2.98033	0	0.08065	0	0	-0.1423	0.6361	32.1625	243.534	21.466
GLN_107	-10.0244	1.41736	9.07335	-0.47766	0.17764	0.40972	4.46442	11.3125	0.19991	0.91235	-3.36096	-0.52482	0	0	0	0	0	0	0.07268	4.83444	0.16281	0	4.67163	0.13663	0	0	-0.1077	0.53205	23.8819	215.176	1.82445
ARG_108	-7.36961	1.55459	7.16408	-0.99673	0.98702	0.53343	2.46705	8.14156	0.04951	0.55923	-3.12887	0.49397	0	0	0	0	-0.98982	0	1.67701	6.12329	2.26192	3.86137	0	0.10683	0	0	-0.1423	0.68238	24.0359	181.192	83.8084
LEU_109	-7.49781	1.18812	3.42989	-0.53305	2.54908	0.12338	2.88426	6.32008	0.01898	0.1417	-2.64288	0.13632	0	0	0	0	0	0	0.33679	3.12096	1.70279	1.41817	0	-0.5766	0	0	1.3223	0.12113	13.5636	203.34	6.66046
ARG_110	-8.66054	1.53823	9.37717	-0.72176	0.45478	0.37076	1.81033	10.0978	0.08026	0.69293	-2.74157	0.39115	0	0	0	-0.42918	-0.23367	0	5.34283	6.61893	2.94649	3.67244	0	-0.35937	0	0	-0.1423	0.11727	30.223	199.421	65.5795
GLU_111	-7.84226	1.08446	11.9619	-0.84207	0.48469	2.07706	6.30854	12.4221	0.0499	0.18836	-7.33347	-0.45323	0	0	0	-1.58165	0	0	4.42622	9.63722	2.18052	0	7.4567	0.32096	0	0	-1.6358	0.36621	39.2763	201.768	21.2325
ASP_112	-3.53283	0.74603	3.64178	-0.11901	0.02693	0.37535	0.97326	4.52924	0.05553	0.40518	-0.27284	-0.22692	0	0	0	0	0	0	-0.19105	2.25982	0.04957	0	2.21025	0.00462	0	0	-1.6204	0.31141	9.62591	94.7147	90.2853
SER_113	-5.10159	1.13969	6.0234	-0.04154	0.03507	0.05484	2.86255	7.12987	0.05113	0.35384	-1.27812	-0.15075	0	0	0	-0.00497	0	0	0.17652	0.52499	0.13505	0.38993	0	-0.12486	0	4.04	-0.539	-0.34371	15.3323	141.949	20.0513
GLY_114	-5.17764	0.66423	6.03492	-5e-05	0	0	3.97174	7.82437	0.01247	0.0611	-3.7644	-0.4257	0	0	0	0	0	0	0.71663	0	0	0	0	-2.11878	0	0	1.435	-0.72302	8.51087	164	0
GLN_115	-6.72831	1.49701	6.83146	-0.2846	0.12247	0.25599	3.43686	7.83398	0.11093	0.80805	-1.38343	-0.70901	0	0	0	-0.81065	-0.40641	0	-0.06701	3.77131	0.08669	0	3.68462	-0.30374	0	0	-0.1077	-0.77612	16.8624	189.722	27.2778
TRP_116	-10.4259	3.21294	5.47833	-0.72654	0.18351	0.32851	2.24067	8.08687	0.06873	0.36327	-0.9194	-0.25077	0	0	0	-0.48353	0	0	0.50553	4.74761	0.00176	0	4.74586	-0.24187	0	0	3.7077	0.87836	21.5016	251.159	18.8406
GLN_117	-7.83076	1.3478	6.27015	-0.44614	0.18074	0.39357	3.12275	7.95145	0.05509	0.40254	-1.98285	-0.80789	0	0	0	-1.09315	0	0	0.44505	7.67775	0.85108	0	6.82668	-0.21027	0	0	-0.1077	2.4135	25.4594	201.595	15.4051
ASP_118	-7.4045	2.53022	9.3183	-0.22913	0.05478	0.76051	4.79156	10.3635	0.08642	0.6861	-4.47784	-0.79983	0	0	0	0	-1.2235	0	0.29165	2.72121	0.00621	0	2.715	-1.37395	0	0	-1.6204	2.76918	19.9655	181.351	3.6489
THR_119	-6.50677	0.6054	5.00024	-0.21777	0.24778	0.07872	3.71973	7.42603	0.0123	0.06415	-1.79668	-0.39739	0	0	0	0	-0.23806	0	0.45492	0.45157	0.1298	0.32177	0	0.42756	0	5.02423	-0.9333	2.886	16.7602	164.332	9.66829
ASN_120	-6.5289	0.95096	5.74348	-0.18245	0.0444	0.28602	1.75275	7.37763	0.08177	0.8062	-1.37027	-0.5123	0	0	0	-0.7972	0	0	-0.12548	3.00165	0.11514	0	2.88651	0.18653	0	0	-0.3009	1.00286	14.4184	177.256	6.7443
ILE_121	-9.80985	1.29418	4.63857	-0.52264	0.79255	0.10375	3.20867	8.65137	0.03639	0.34144	-1.70064	-0.13185	0	0	0	0	0	0	0.41914	1.01919	0.07767	0.94153	0	0.31178	0	0	1.8006	0.81993	12.2918	207	0
GLU_122	-8.0371	3.58592	9.00809	-0.4695	0.22344	1.47775	5.09315	10.237	0.07721	0.45162	-5.53461	-2.63387	0	0	0	-0.76759	-0.51413	0	0.16382	8.69357	1.22661	0	7.46696	0.11582	0	0	-1.6358	1.22379	29.4521	203.178	19.8222
ALA_123	-5.48096	0.89362	3.07607	-0.02023	0	0	3.32959	6.50354	0.08099	0.27411	-2.01917	-0.38997	0	0	0	0	0	0	3.19567	0	0	0	0	-0.83642	0	0	2.2619	0.30536	11.1741	150.788	2.21208
LEU_124	-5.56746	1.44605	2.51964	-0.60374	0.47222	0.1698	2.77079	5.14445	0.04644	0.4828	-2.05673	0.18515	0	0	0	0	0	0	0.71396	1.58429	0.52493	1.05936	0	-0.32358	0	0	1.3223	0.12996	10.0206	141.325	68.6752
ASN_125	-6.15426	0.58266	5.18622	-0.2315	0.02076	0.42978	3.12313	7.53447	0.15191	0.85156	-2.41044	-0.52879	0	0	0	0	0	0	0.44709	4.07866	0.41072	0	3.66794	0.08858	0	0	-0.3009	0.34223	17.2898	167.792	16.2085
TRP_126	-8.71557	2.4071	5.7085	-1.05008	0.08587	0.26282	3.92219	8.90899	0	0	-3.94399	-0.66585	0	0	0	0	-0.69563	0	-0.03921	4.95182	0.13626	0	4.81557	0.12878	0	0	3.7077	-0.08107	19.8442	199.696	70.3037
SER_127	-5.55851	2.33312	5.54792	-0.03416	0.0033	0.02296	3.16537	7.15578	0.01927	0.0629	-2.19035	-0.65409	0	0	0	0	0	0	0.28017	0.61579	0.04446	0.57133	0	0.66412	0	4.04	-0.539	-0.18854	15.3618	155.757	6.24304
PHE_128	-8.8703	3.51512	3.81315	-0.82556	0.7657	0.27781	3.46956	7.03809	0.02484	0.08469	-2.76333	-0.83744	0	0	0	0	0	0	-0.06232	3.94662	0.20147	0	3.74515	-0.38053	0	0	1.9602	1.19339	16.2963	211.427	25.5726
GLU_129	-4.95973	0.67122	4.6609	-0.21497	0.11165	0.34599	2.36851	5.73462	0.00018	0.00164	-2.55158	-0.5457	0	0	0	0	-1.0035	0	0.34261	4.79928	0.28349	0	4.51579	0.50626	0	0	-1.6358	1.6858	15.1167	131.454	91.5463
THR_130	-4.59741	0.57737	3.89683	-0.11112	0.10876	0.06868	2.55876	5.64132	0.06112	0.45225	-0.41786	-0.63635	0	0	0	0	0	0	0.42906	0.26677	0.00812	0.25865	0	-1.21837	0	5.00591	-0.9333	0.51931	11.9385	137.221	36.7787
THR_131	-2.43263	0.21064	2.02706	-0.21458	0.43809	0.07812	1.06288	2.85267	0	0	0.17428	-0.84297	0	0	0	-0.14263	0	0	0.12933	0.29036	0.19581	0.09455	0	-0.03363	0	5.06532	-0.9333	0.58161	8.60097	65.4621	108.538
LEU_132	-3.56635	0.5373	2.87285	-0.58722	5.2954	0.17013	1.71445	4.07135	0.00209	0.00764	-1.11836	0.2613	0	0	0	0	0	0	0.05322	0.66546	0.37412	0.29135	0	-0.40764	0	0	1.3223	0.40648	12.3659	74.6501	135.35
LEU_133	-5.47082	0.6298	4.23256	-0.59934	0.4144	0.16295	2.69256	6.22922	0	0	-0.85503	0.26985	0	0	0	0	0	0	1.99551	2.19724	1.16511	1.03214	0	-0.29061	0	0	1.3223	0.25525	15.3831	126.207	83.7928
ASN_134	-6.61082	1.33691	6.78353	-0.16243	0.04985	0.23853	4.03536	8.6275	0.00153	0.02976	-2.58002	-0.17966	0	0	0	0	0	0	0.19334	4.65115	0.84829	0	3.80286	0.8583	0	0	-0.3009	0.5881	22.2112	157.515	26.485
ALA_135	-5.13733	0.90846	4.10113	-0.02204	0	0	3.13459	6.52936	0	0	-3.40153	-0.42137	0	0	0	0	0	0	0.04664	0	0	0	0	-0.69394	0	0	2.2619	0.08212	7.38798	138.902	14.0977
HIS_136	-7.2621	3.10992	8.21623	-0.41835	0.00018	0.57516	5.32054	10.1183	0	0	-2.55025	0.40485	0	0	0	0	-1.0035	0	0.05502	3.54059	0.44613	0	3.09447	-0.45916	0	0	0.8406	-0.33868	23.69	218.941	22.059
ALA_137	-3.39409	0.6639	2.99977	-0.02429	0.001	0	2.80789	4.56941	0	0	-2.75221	-0.45666	0	0	0	0	0	0	0.063	0	0	0	0	-0.39596	0	0	2.2619	0.10985	6.45352	102.807	50.1928
GLY_138	-4.12098	0.83549	3.06543	-0.00144	0	0	2.75795	5.19886	0	0	-2.38633	-0.35756	0	0	0	0	0	0	0.56118	0	0	0	0	-0.83108	0	0	1.435	0.90056	7.05708	153.908	10.0916
VAL_139	-5.34938	1.74562	2.62521	-0.35466	0.45244	0.08455	3.27818	5.59034	0	0	-2.44723	-0.13213	0	0	0	0	0	0	0.15442	1.19123	0.16838	1.02285	0	-0.7175	0	0	2.7371	0.28425	10.3337	122.141	59.8589
ALA_140	-5.52147	0.97535	1.74997	-0.02221	0	0	3.00082	5.32972	0	0	-3.02594	-0.41285	0	0	0	0	0	0	0.05669	0	0	0	0	-0.80147	0	0	2.2619	-0.32557	3.26494	150.951	2.04937
GLN_141	-7.03462	0.72429	5.42836	-0.31161	0.12372	0.15728	2.17983	7.33572	0.05526	0.19286	-0.83868	-0.07012	0	0	0	0	0	0	0.25234	4.60717	0.91232	0	3.69485	-0.14518	0	0	-0.1077	0.91911	18.0752	179.96	37.0397
ARG_142	-7.69189	0.83923	6.36926	-0.66495	0.44229	0.37012	2.22499	7.83742	0.25054	1.44834	-2.66738	0.21616	0	0	0	-0.7972	-0.23806	0	0.09866	5.90658	2.05455	3.85203	0	-0.07136	0	0	-0.1423	0.665	20.302	242.088	22.9124
PHE_143	-4.87845	0.33683	2.77135	-0.59297	0.05	0.33927	1.32617	4.39185	0.13517	0.76094	-1.13116	0.13795	0	0	0	-0.76759	0	0	0.43257	2.64341	0.04469	0	2.59872	-0.2686	0	0	1.9602	-0.08914	10.2012	113.232	123.768
SER_144	-4.30116	1.17302	3.66692	-0.02956	0.00844	0.03622	1.78444	5.11218	0.11609	0.54114	0.54884	-0.098	0	0	0	0	0	0	0.77597	3.49008	0.364	3.12608	0	-0.88021	0	4.04	-0.539	0.25172	19.1872	131.33	30.6701
GLU_145	-5.66193	0.84129	5.83322	-0.43019	0.46116	0.87914	2.18401	6.39094	0.05217	0.38444	-0.77787	-0.66778	0	0	0	0	-0.66919	0	0.05246	5.55783	0.33347	0	5.22436	-0.19415	0	0	-1.6358	-0.54787	17.6097	211.674	11.326
TYR_146	-7.7984	2.44128	4.56969	-0.7091	0.1401	0.44487	3.38852	7.0832	0.05083	0.42384	-1.76332	-0.43771	0	0	0	0	-0.51413	0	-0.06694	2.90607	0.40792	0	2.49816	0.29821	0	0	1.7379	0.3082	15.4092	189.332	58.6681
ARG_147	-8.53929	2.92256	7.40506	-0.52641	0.28199	0.26664	3.29217	8.8057	0.09163	0.65481	-2.51284	0.451	0	0	0	0	-1.61008	0	0.12487	8.23223	5.10546	3.12677	0	-0.27434	0	0	-0.1423	0.45286	27.6085	219.708	45.2919
THR_148	-3.3138	0.42006	3.53544	-0.12688	0.06533	0.05476	2.34679	4.3865	0.01284	0.11501	-0.59316	-0.37446	0	0	0	-0.59897	0	0	-0.05703	0.60907	0.34059	0.26848	0	0.16599	0	5.0469	-0.9333	-0.47799	10.8922	89.0109	84.9891
ASP_149	-6.60998	1.05055	9.39071	-0.18752	0.04637	0.64124	4.19945	9.74897	0.01788	0.05847	-4.50544	-2.90556	0	0	0	-1.08444	-1.61008	0	-0.07005	5.59457	0.32666	0	5.26791	-0.23137	0	0	-1.6204	-0.28592	17.232	175.94	9.05976
LEU_150	-7.59029	0.7892	4.05455	-0.50064	0.98726	0.11762	1.51739	6.43032	0.00134	0.01055	-0.01145	0.06377	0	0	0	0	0	0	0.46065	1.40521	0.04401	1.3612	0	-0.45223	0	0	1.3223	-0.12525	9.88552	199.661	10.3386
ASP_151	-2.31897	0.26443	3.11241	-0.11891	0.00094	0.35493	0.9306	3.53724	0.03382	0.24262	-0.59152	-0.40935	0	0	0	0	0	0	0.15737	5.6948	2.85657	0	2.83822	-0.46535	0	0	-1.6204	-0.24481	14.2546	75.9494	109.051
GLU_152	-4.2125	0.74322	4.26583	-0.33767	0.24917	0.59884	1.67646	4.69606	0.17759	1.00134	-1.2631	-0.96799	0	0	0	-0.55351	0	0	0.83117	6.50098	1.08243	0	5.41856	-0.00434	0	0	-1.6358	-0.37507	17.8917	134.509	88.4914
LEU_153	-6.90039	0.82511	2.5289	-0.43632	0.47727	0.06342	0.50427	5.01783	0.08059	0.39319	-0.26389	0.34976	0	0	0	0	0	0	1.49308	1.41447	0.94983	0.46464	0	-0.27574	0	0	1.3223	-0.5363	7.47201	197.711	12.2886
ALA_154	-4.68078	1.18376	4.7885	-0.02336	0	0	2.11489	6.64166	0.08739	0.49702	-1.88601	-0.20584	1.06213	0	0	0	0	0	-0.14083	0	0	0	0	-0.13347	0	0	2.2619	1.62205	13.189	145.118	7.88166
PRO_155	-6.19039	1.39588	5.19607	-0.07283	0	0.04688	2.74305	5.64741	0.00014	0.00388	-1.03531	0.63946	1.0641	0	0	-0.23168	0	0	-0.11809	3.32504	1.79373	1.53131	0	0.92269	0	0	-4.6787	2.45813	14.4408	183.627	15.3727
GLU_156	-3.92655	0.29884	4.6446	-0.4469	0.32057	1.24602	1.35156	5.38062	0	0.0001	-0.53953	-1.94972	0	0	0	0	0	0	-0.13893	10.2892	3.68158	0	6.60763	-0.56777	0	0	-1.6358	0.05464	24.6701	140.639	82.3614
ASP_157	-5.39712	0.57376	6.44042	-0.11357	0.01887	0.35114	2.60444	7.28942	0.21383	1.3042	-3.16943	-0.14253	0	0	0	0	-0.3578	0	0.05873	2.89532	0.0114	0	2.88392	-0.60292	0	0	-1.6204	-0.6865	12.5552	163.775	21.2251
LYS_158	-5.35746	1.93996	7.37897	-0.62358	0.37591	0.27602	3.45369	7.75941	0.0512	0.35785	-1.4607	0.41299	0	0	0	-0.4488	0	0	-0.0848	3.30058	0.4175	2.88308	0	0.09868	0	0	-0.8895	-0.54011	19.3009	157.544	94.4557
ASP_159	-4.76144	1.02956	6.35274	-0.12028	0.06698	0.38095	2.21809	6.84236	0.07112	0.29386	-2.30582	-0.71491	0	0	0	0	0	0	0.19562	2.93259	0.00132	0	2.93128	-0.46901	0	0	-1.6204	0.68729	14.0119	145.593	39.4068
ARG_160	-8.50321	1.06027	9.1428	-0.61796	0.14891	0.40163	3.49015	10.7421	0.16424	0.8182	-2.59583	0.58926	0	0	0	0	-0.3578	0	-0.047	4.18702	1.07518	3.11184	0	0.21832	0	0	-0.1423	0.83302	23.7188	249.339	15.6608
THR_161	-5.03144	0.45579	4.28982	-0.14909	0.0934	0.05372	3.05326	6.14597	0.02443	0.08641	-2.63314	-0.652	0	0	0	0	0	0	-0.05833	1.44269	1.09792	0.34477	0	-0.23677	0	5.03278	-0.9333	0.01796	12.4449	127.504	46.4962
HIS_162	-9.79727	1.90533	6.51236	-0.43351	0.02779	0.46907	4.61144	10.1159	0.01306	0.05136	-3.64307	-0.24876	0	0	0	0	-0.9484	0	1.34898	2.94406	0.03046	0	2.9136	0.16153	0	0	0.8406	-0.18501	16.6896	240.553	0.446804
VAL_163	-5.11586	1.12167	3.55146	-0.24073	0.21908	0.04582	2.98916	5.8566	0.01745	0.06717	-3.03424	-0.19123	0	0	0	0	0	0	1.06077	0.94099	0.05526	0.88573	0	-1.04219	0	0	2.7371	-0.55138	9.37264	102.531	79.4691
PHE_164	-9.64014	2.04863	3.38799	-1.06004	0.30475	0.79003	3.04327	8.13776	0	0	-2.61773	-0.13751	0	0	0	0	0	0	0.29764	4.79225	2.52689	0	2.26536	-0.68126	0	0	1.9602	-0.02555	15.3925	228.725	8.27499
GLY_165	-3.44415	0.90755	3.38961	-0.00184	0	0	2.87627	4.85521	0	0	-3.0045	-0.3891	0	0	0	0	0	0	0.14813	0	0	0	0	-0.50644	0	0	1.435	1.09437	7.3601	149.654	14.3456
ASP_166	-6.10914	1.31253	8.29908	-0.25626	0.01668	0.89796	4.3086	9.41059	0	0	-2.22478	-0.17111	0	0	0	0	0	0	0.00217	4.2692	0.13511	0	4.13409	0.39737	0	0	-1.6204	1.27125	24.0729	170.579	14.4206
ILE_167	-4.80535	1.36838	3.00381	-0.56668	1.51961	0.11825	2.93804	5.0478	0	0	-2.43336	-0.31321	0	0	0	0	0	0	1.2939	0.71078	0.12425	0.58653	0	0.88872	0	0	1.8006	1.93525	13.2173	123.369	83.6313
SER_168	-5.26916	1.50544	5.37345	-0.04596	0.01048	0.0689	3.82214	6.69247	0.00063	0.00325	-2.52441	-0.64887	0	0	0	0	-0.12724	0	0.15588	0.20361	0.10766	0.09595	0	-0.82986	0	4.04	-0.539	1.16938	13.2648	153	8.99961
THR_169	-5.22404	0.69881	4.82129	-0.24032	0.52891	0.09277	3.3829	6.74059	0	0	-2.97427	-0.3719	0	0	0	0	0	0	0.25305	1.89899	0.22411	1.67489	0	-0.26028	0	5.03712	-0.9333	-0.51434	14.835	124.05	49.9496
GLN_170	-6.32029	0.80452	5.2641	-0.36708	0.31545	0.2786	3.06151	7.05027	0	0	-2.16883	-0.12097	0	0	0	-1.35657	0	0	-0.11654	10.4742	4.11124	0	6.36298	0.31995	0	0	-0.1077	0.19786	27.6827	178.715	38.2853
TRP_171	-5.53509	1.17671	3.19734	-1.28768	0.17778	0.51861	0.98844	5.33119	0	0	-0.39933	-0.41807	0	0	0	0	0	0	3.45624	3.20359	0.00969	0	3.1939	0.00441	0	0	3.7077	0.30836	17.6338	108.68	161.32
ALA_172	-4.26522	1.32965	3.21389	-0.02072	0	0	2.17804	5.22792	0	0	-1.15293	-0.42219	0.11658	0	0	0	0	0	0.16076	0	0	0	0	-0.4424	0	0	2.2619	2.94906	11.1343	122.693	30.3073
PRO_173	-2.91968	1.70429	1.71615	-0.13765	0.02349	0.09887	0.74386	2.57482	0	0	-0.58668	0.13599	0.1169	0	0	0	0	0	0.27672	0.34026	0.07979	0.26046	0	-0.68922	0	0	-4.6787	3.57751	2.63717	72.5775	126.423
HIS_174	-5.31502	0.76855	4.71548	-0.44961	0.02633	0.60682	2.26585	5.90041	0.03836	0.2221	-2.108	-0.12376	0	0	0	-1.21394	0	0	-0.07668	2.33305	0.27336	0	2.05969	0.72376	0	0	0.8406	1.96704	13.4544	146.943	94.0569
HIS_175	-8.24378	1.75185	6.28477	-0.4439	0.0309	0.49862	3.88869	8.87904	0	0	-3.2532	-0.23974	0	0	0	0	-0.70489	0	0.41943	3.08271	0.06265	0	3.02006	-0.14345	0	0	0.8406	1.34461	17.075	190.108	50.8918
ARG_176	-7.59384	0.8394	8.25748	-0.98847	0.49204	0.58834	4.01658	9.79854	0.03872	0.41725	-2.94793	0.49099	0	0	0	0	-0.12724	0	0.10383	7.14546	3.44506	3.7004	0	-0.09376	0	0	-0.1423	-0.36175	27.0788	210.911	54.0888
ILE_177	-5.4665	1.58677	3.4577	-0.62525	0.898	0.12018	3.26135	5.89974	0	0	-2.51232	0.10879	0	0	0	0	0	0	0.4795	3.61749	0.13275	3.48474	0	-0.74509	0	0	1.8006	-0.35264	15.1458	119.368	87.6319
GLY_178	-3.78396	0.77685	3.2645	-0.0016	0	0	2.76193	4.75913	0	0	-2.23404	-0.36734	0	0	0	0	0	0	0.57976	0	0	0	0	-0.15591	0	0	1.435	0.65375	7.68808	158.877	5.12343
VAL_179	-4.32758	3.34179	3.04068	-0.30394	0.32489	0.06451	2.89486	4.89762	0	0	-2.21799	-0.33002	0	0	0	0	0	0	1.06174	1.98755	1.61212	0.37542	0	-0.602	0	0	2.7371	0.35809	14.9148	106.922	75.0783
ARG_180	-9.13887	2.7796	8.48467	-0.80312	0.29363	0.46181	3.7314	9.29455	0	0	-4.62205	0.33125	0	0	0	0	-0.52698	0	-0.05889	4.4779	0.54846	3.92945	0	-0.36455	0	0	-0.1423	-0.15631	18.5197	238.089	26.9108
ILE_181	-5.76035	1.01677	3.4292	-0.5441	0.9157	0.1047	3.15376	5.71295	0	0	-2.65639	0.13844	0	0	0	0	0	0	0.07784	1.62709	0.04368	1.58342	0	-0.31728	0	0	1.8006	0.18083	10.5069	129.348	77.6517
HIS_182	-9.93776	3.1929	6.91294	-0.52042	0.16356	0.30011	3.95453	9.83577	0.06331	0.49604	-2.98731	-0.80957	0	0	0	0	-0.9484	0	0.00857	5.28217	0.00014	0	5.28203	-0.50153	0	0	0.8406	-0.24028	20.3874	240.488	0.512343
HIS_183	-7.38891	1.89419	7.52339	-0.56485	0.023	0.39579	4.14228	9.77212	0.00941	0.09879	-2.65876	-0.85908	0	0	0	0	-0.12899	0	-0.01954	3.20685	0.00063	0	3.20622	-0.25672	0	0	0.8406	-0.44939	18.787	176.067	64.9331
ALA_184	-4.98275	0.75411	3.82872	-0.02582	0.00293	0	2.8894	6.20423	0	0	-2.40251	-0.40686	0	0	0	0	0	0	-0.11322	0	0	0	0	1.08652	0	0	2.2619	0.31534	9.412	152.23	0.76969
ASP_185	-4.12674	0.29922	5.55677	-0.19996	0.00292	0.61148	3.01129	6.47028	0.01407	0.04178	-2.4822	-0.5931	0	0	0	0	0	0	0.20814	4.28472	0.11916	0	4.16556	0.91552	0	0	-1.6204	0.87577	17.5543	121.523	63.4766
ASP_186	-4.86449	0.45716	6.72545	-0.10954	0.02214	0.30906	3.06095	7.3421	0.0428	0.24767	-1.8325	-0.62622	0	0	0	-1.00784	0	0	0.25873	7.22939	3.00249	0	4.2269	0.01079	0	0	-1.6204	0.22633	23.1009	161.054	23.9463
SER_187	-2.15861	0.72404	3.13406	-0.04327	0.00976	0.05852	1.48608	3.56614	0.01407	0.04178	-0.88524	0.10995	0	0	0	0	0	0	0.12294	0.96535	0.30645	0.6589	0	-0.14149	0	4.04	-0.539	-0.36226	11.1082	85.6859	76.3141
GLY_188	-2.75045	0.90138	2.50946	-0.00021	0	0	0.54196	3.45822	0.02772	0.26228	0.59383	-0.16172	0	0	0	0	0	0	-0.21118	0	0	0	0	-1.27609	0	0	1.435	0.67105	6.00127	154.045	9.95533
HIS_189	-2.48553	0.18426	2.0949	-0.45031	0.04029	0.52906	0.33747	2.97015	0	0	0.00532	-0.04765	0	0	0	0	0	0	0.03076	3.29799	0.83198	0	2.466	-0.42997	0	0	0.8406	0.64372	10.859	76.3782	164.622
LEU_190	-6.52923	3.13084	1.14051	-0.45824	0.87793	0.07672	0.48398	4.21444	0	0	-0.15797	0.27824	0	0	0	0	0	0	0.22718	0.72777	0.20338	0.52439	0	-0.54589	0	0	1.3223	-0.55083	4.96552	188.339	21.6608
ARG_191	-6.06498	1.41908	5.46	-1.58108	1.13882	1.04506	2.40002	5.86099	0.01517	0.12189	-3.69767	0.89723	0	0	0	0	-1.15619	0	-0.05568	8.42691	3.72522	4.70169	0	0.08542	0	0	-0.1423	-0.22632	22.3733	171.085	93.9149
ARG_192	-4.31759	1.85112	5.93226	-0.69162	0.55752	0.45164	2.69504	6.3994	0.05598	0.40656	-2.32095	0.46991	2.82639	0	0	-0.53886	0	0	0.60615	13.3878	10.0056	3.38223	0	-0.21881	0	0	-0.1423	2.54199	43.3395	83.2527	181.747
PRO_193	-3.48974	2.1866	1.59477	-0.1368	0.02266	0.09731	0.51956	2.38346	0	0	0.01563	0.18296	2.84044	0	0	0	0	0	0.31141	0.24701	0.0821	0.16491	0	-1.26424	0	0	-4.6787	2.42849	3.50782	107.905	91.0947
GLY_194	-2.32453	0.28273	2.28415	-9e-05	0	0	1.4943	3.45036	0	0	-1.54299	-0.41246	0	0	0	0	0	0	0.01248	0	0	0	0	-2.48579	0	0	1.435	-0.30227	1.89089	123.186	40.814
GLU_195	-6.66876	0.80477	8.68603	-0.19141	0.04097	0.24093	5.31548	9.72565	0	0	-5.86923	-0.34854	0	0	0	-0.53886	-0.75396	0	0.06492	4.48236	0.00713	0	4.47523	-0.06669	0	0	-1.6358	-0.81481	16.9554	180.347	42.6533
GLU_196	-3.19726	1.41774	2.65226	-0.20461	0.07696	0.2859	1.03964	3.51724	0.0024	0.00938	-1.00207	-0.33916	0	0	0	0	0	0	0.07981	4.85252	0.14319	0	4.70933	-0.05517	0	0	-1.6358	-1.18694	11.1654	121.448	101.552
VAL_197	-6.86368	1.03427	2.73964	-0.26476	0.2496	0.05401	2.44858	5.41541	0	0	-1.73863	-0.19955	0	0	0	0	0	0	-0.09247	0.51271	0.1499	0.3628	0	-1.27928	0	0	2.7371	-1.08022	4.18544	165.599	16.4012
ASP_198	-4.14062	0.4823	6.75686	-0.24208	0.39503	0.90629	3.61193	7.56557	0.02679	0.11693	-2.63349	-1.1452	0	0	0	-1.27235	0	0	0.69547	2.87167	0.24656	0	2.62511	-0.15072	0	0	-1.6204	0.13771	15.2334	102.102	82.8982
ASN_199	-2.23263	1.00644	2.35599	-0.18684	0.05731	0.2934	1.18449	3.1179	0.00015	0.00108	0.19868	-0.37915	0	0	0	0	0	0	0.49979	2.3583	0.00905	0	2.34925	-0.02407	0	0	-0.3009	0.52873	10.8369	65.1848	118.815
LEU_200	-5.02641	1.74678	3.59234	-0.55062	1.41155	0.15933	1.71267	4.93861	0	1e-05	-1.97158	-0.02739	0	0	0	-0.3567	0	0	1.20254	3.71777	0.11569	3.60208	0	-0.1668	0	0	1.3223	-0.54808	14.8741	159.374	50.6259
ASP_201	-5.47522	1.23701	8.10675	-0.10014	0.0107	0.28424	3.30689	8.44208	0.02439	0.10756	-3.23234	-0.35541	0	0	0	-0.91565	-0.40223	0	0.03528	3.54275	0.04228	0	3.50048	0.5	0	0	-1.6204	-0.35247	16.6865	163.073	21.9267
LYS_202	-6.51578	2.8124	6.64484	-0.44212	0.31717	0.33917	3.8008	7.42188	0	0	-2.2617	0.84376	0	0	0	-0.68048	0	0	0.20888	6.6977	3.42453	3.27317	0	0.06253	0	0	-0.8895	-0.30512	24.7521	236.141	15.8587
THR_203	-2.90225	0.38852	2.23922	-0.13116	0.16676	0.07244	1.37606	3.30657	0.06772	0.44145	-0.58105	-0.09802	0	0	0	0	0	0	0.21226	0.45179	0.27035	0.18145	0	-0.68287	0	5.03991	-0.9333	-0.85125	8.03459	78.0898	95.9102
TYR_204	-8.5111	1.97634	4.7095	-1.00281	0.11956	0.50908	2.23243	7.44129	0	0	-0.2504	-0.37811	0	0	0	0	0	0	2.10304	4.21808	1.66116	0	2.55693	-0.47569	0	0	1.7379	0.30301	18.9502	225.447	22.5531
THR_205	-5.90791	1.15931	4.06585	-0.13006	0.06834	0.09296	2.79202	6.09893	0.00103	0.00633	-2.32501	-0.89549	0	0	0	0	0	0	0.11623	0.88767	0.00913	0.87854	0	-0.35922	0	5.02691	-0.9333	0.67702	11.3293	152.905	21.0947
GLY_206	-3.44204	0.52859	3.51902	-0.00094	0	0	2.48934	4.54475	0	0	-2.45552	-0.31367	0	0	0	-1.00784	0	0	4.94528	0	0	0	0	0.94457	0	0	1.435	1.43745	12.624	154.227	9.77324
GLN_207	-5.60191	1.4839	6.36637	-0.98199	1.17467	1.29032	3.83443	7.73218	0.02219	0.32967	-4.18898	-1.07947	0	0	0	0	-0.31163	0	1.39905	13.7745	0.27944	0	13.495	0.28395	0	0	-0.1077	2.24049	41.4345	147.557	69.4432
LEU_208	-8.46754	1.51502	3.62056	-0.45693	0.66359	0.08225	3.20232	7.62617	0	0	-2.25426	0.06398	0	0	0	0	0	0	0.27203	1.16876	0.21912	0.94963	0	0.07565	0	0	1.3223	0.68139	10.284	208.463	1.53703
THR_209	-5.72061	0.89592	4.93717	-0.16745	0.11392	0.06214	3.8973	7.19473	0.02383	0.33539	-2.76531	-0.63573	0	0	0	0	-0.12899	0	0.59515	0.43213	0.17412	0.25801	0	-0.02904	0	5.01417	-0.9333	0.2608	13.8144	138.36	35.6397
TRP_210	-13.1718	3.31712	3.6688	-0.91407	0.22429	0.63766	3.81457	9.59585	0	0	-3.71076	-0.12258	0	0	0	-0.50653	0	0	0.01055	3.51309	0.00217	0	3.51093	0.19498	0	0	3.7077	0.11882	13.8908	266.921	3.07876
LEU_211	-4.81684	0.50059	3.58357	-0.55598	1.23111	0.12518	3.11158	5.55221	0.00164	0.00572	-2.77851	0.24827	0	0	0	0	0	0	1.27591	5.50483	4.45969	1.04514	0	-0.23918	0	0	1.3223	0.06036	19.6376	108.831	101.169
GLY_212	-4.18327	1.25624	3.37531	-0.00091	0	0	2.75873	5.22996	0	0	-2.18254	-0.32232	0	0	0	0	0	0	1.71022	0	0	0	0	1.2986	0	0	1.435	2.14457	12.5196	162.367	1.63284
ILE_213	-4.71661	3.08219	2.80429	-0.62768	3.15814	0.1892	2.88223	4.78278	0.00529	0.07772	-2.53485	-0.2837	0	0	0	0	0	0	1.56111	9.15363	6.00583	3.1478	0	-1.08723	0	0	1.8006	1.58234	30.9831	121.711	85.2888
GLU_214	-4.94562	0.43804	5.46882	-0.33986	0.19297	0.47084	3.39451	6.50793	0.02365	0.13813	-3.59253	-0.48501	0	0	0	0	-0.52698	0	0.03816	8.55493	1.7412	0	6.81372	-0.00412	0	0	-1.6358	0.13563	22.3886	190.141	32.8592
ALA_215	-3.95438	0.69698	2.53264	-0.02554	0.00275	0	2.91222	4.96191	0	0	-2.64755	-0.40497	0	0	0	0	0	0	-0.1017	0	0	0	0	0.94572	0	0	2.2619	0.89586	8.07585	128.393	24.6066
THR_216	-5.68105	0.96035	3.94094	-0.1243	0.05601	0.09059	3.37161	6.24332	0	0	-2.11391	-0.89816	0	0	0	0	0	0	0.20435	1.11221	0.07981	1.0324	0	-0.04596	0	5.02575	-0.9333	0.56851	12.8892	155.075	18.9249
GLY_217	-5.05548	2.23349	4.4332	-0.00044	0	0	3.10259	6.84248	0	0	-2.08639	-0.38824	0	0	0	0	0	0	0.44432	0	0	0	0	2.25949	0	0	1.435	3.70492	16.9249	164	0
ASP_218	-6.8345	1.25471	8.4763	-0.12555	0.31532	0.39977	3.44132	9.4422	0.21461	1.09482	-2.58932	-0.89566	0	0	0	0	-0.40136	0	0.11081	6.219	2.90526	0	3.31374	-0.91622	0	0	-1.6204	3.9022	27.7071	164.078	20.9225
ALA_219	-5.57479	2.55334	2.73881	-0.01975	0	0	2.15862	5.99557	0.00812	0.07017	-0.53279	-0.34853	0	0	0	-0.52361	0	0	0.84803	0	0	0	0	-0.19374	0	0	2.2619	0.98429	10.4256	149.991	3.00852
TYR_220	-7.74769	1.25698	2.47003	-0.65018	0.07241	0.41031	0.93411	5.45062	0.00633	0.09783	-0.09381	-0.1825	0	0	0	0	0	0	-0.11933	3.21611	0.46347	0	2.75264	-0.31085	0	0	1.7379	0.74247	10.5068	211.845	36.155
ASN_221	-5.48214	0.78146	6.16552	-0.30711	0.12512	0.56138	2.60274	7.565	0.08948	0.49692	-2.01265	-0.80964	0	0	0	-0.51786	-0.40136	0	-0.08528	2.51769	0.00722	0	2.51047	-0.74522	0	0	-0.3009	-0.18068	12.5802	122.11	61.8904
TYR_222	-7.91663	1.95772	4.97459	-0.81576	0.6484	0.43469	1.69297	7.37917	0.02107	0.3394	-0.55893	-0.50706	0	0	0	0	0	0	0.51791	6.0548	1.52126	0	4.53354	0.29498	0	0	1.7379	0.39751	22.7075	203.454	44.5457
ARG_223	-3.24998	0.59125	3.39576	-0.55494	0.21257	0.39417	1.3456	4.18405	0.00521	0.10158	-1.07475	0.07455	0	0	0	-0.51786	0	0	0.3907	6.13175	3.11065	3.0211	0	-0.26625	0	0	-0.1423	1.26287	18.4157	75.2383	189.762
SER_224	-4.59826	0.47506	5.65329	-0.03592	0.02397	0.04735	2.98941	6.2739	0.00659	0.03768	-0.14334	0.0996	0	0	0	0	-0.40564	0	0.02006	1.40619	0.23927	1.16692	0	0.01573	0	4.04	-0.539	0.14203	16.9149	142.123	19.8773
SER_225	-1.4099	0.18581	1.70353	-0.04706	0.02721	0.06463	0.53962	1.90367	0.06792	0.28026	0.20111	0.04292	0	0	0	0	0	0	0.00613	0.71608	0.04632	0.66976	0	-0.19702	0	4.04	-0.539	-0.81485	7.48713	61.0521	100.948
MET_226	-7.14595	1.00707	5.2423	-0.35907	0.20509	0.05763	3.12473	6.80431	0.09323	0.59544	-0.24367	0.02835	0.07351	0	0	-0.4254	0	0	0.07577	4.87843	2.56325	2.31518	0	-0.03361	0	0	1.4633	2.04477	22.3647	224.478	37.5221
PRO_227	-3.44831	0.67698	2.46153	-0.09144	0.0007	0.05807	1.84841	3.15317	0	0	-1.30086	0.70387	0.07917	0	0	0	0	0	0.26924	0.66249	0.24918	0.41331	0	0.4916	0	0	-4.6787	2.6724	4.2208	89.7516	109.248
LEU_228	-4.7852	1.24426	2.75852	-0.46477	0.39838	0.10168	1.64816	4.53401	0	0	-0.51038	-0.13903	0	0	0	-0.1878	0	0	0.02522	3.89548	2.88766	1.00783	0	0.05395	0	0	1.3223	0.27886	14.0691	105.17	104.83
ASN_229	-8.19257	1.8109	7.92688	-0.19596	0.23061	0.28303	5.15374	10.0718	0.11894	0.69986	-3.82857	-0.63633	0	0	0	-0.1878	-1.4953	0	0.43892	5.29046	0.13228	0	5.15819	0.97648	0	0	-0.3009	0.26478	23.7194	184	0
TYR_230	-8.06325	1.91123	4.79055	-1.14605	0.4147	0.75224	3.70027	8.52258	0.00542	0.08381	-3.57373	-0.31819	0	0	0	0	-0.70489	0	1.62688	2.01648	0.00125	0	2.01523	-0.40468	0	0	1.7379	0.51362	13.8814	177.206	70.7935
TRP_231	-10.9456	6.09218	5.40423	-1.27513	0.09014	1.09007	3.47154	9.94832	0.0794	0.49925	-2.83344	-0.52991	0	0	0	0	-0.41282	0	0.53687	3.5455	0.07662	0	3.46888	-0.23697	0	0	3.7077	0.13086	21.9077	265.869	4.13117
ALA_232	-3.62596	0.62866	2.56022	-0.02466	0.00144	0	2.94588	4.65077	0	0	-2.70572	-0.46123	0	0	0	0	0	0	-0.0715	0	0	0	0	-0.00099	0	0	2.2619	0.67518	6.83399	107.704	45.2963
SER_233	-3.77421	1.00015	3.93269	-0.04904	0.01497	0.0727	3.18913	5.1392	0.02535	0.25232	-2.00617	-0.61353	0	0	0	0	0	0	0.36388	0.41975	0.01765	0.4021	0	-0.53936	0	4.04	-0.539	0.59404	11.9426	141.02	20.9797
ALA_234	-4.33114	0.81363	2.1717	-0.02471	0.00181	0	2.83928	4.6242	0	0	-2.49951	-0.49002	0	0	0	0	0	0	0.76579	0	0	0	0	0.36061	0	0	2.2619	0.32189	6.81543	131.987	21.0131
THR_235	-6.71713	0.84746	3.75069	-0.16845	0.13888	0.06178	2.94191	6.80275	0.02663	0.30214	-2.6173	-0.5821	0	0	0	0	0	0	-0.00128	0.36197	0.04923	0.31274	0	0.08626	0	5.01317	-0.9333	1.0162	10.6922	163.146	10.8541
TRP_236	-7.01736	0.71366	2.85272	-0.90826	0.17797	0.63897	3.14083	6.1639	0.01022	0.03446	-3.06471	-0.09489	0	0	0	0	0	0	-0.00673	3.64705	0.00919	0	3.63786	0.18553	0	0	3.7077	0.33954	14.1676	146.683	123.317
LEU_237	-9.49561	3.28968	2.71295	-0.62585	0.88943	0.16524	3.48666	7.76488	0.01436	0.0481	-2.41968	0.29699	0	0	0	0	0	0	-0.07871	1.92413	1.01256	0.91157	0	-0.50042	0	0	1.3223	-0.23446	10.4841	210	0
THR_238	-4.43107	0.86222	4.04239	-0.11418	0.06627	0.07593	2.97747	5.82368	0.01022	0.03446	-2.80704	-0.70752	0	0	0	0	0	0	-0.01743	0.39177	0.25599	0.13579	0	-0.69186	0	5.0304	-0.9333	-0.60511	9.39907	98.0367	75.9633
GLY_239	-3.48753	0.54509	3.16904	-0.00134	0	0	2.00531	4.56571	0	0	-1.94675	-0.37887	0	0	0	0	0	0	0.18323	0	0	0	0	-2.53052	0	0	1.435	1.32092	4.87929	144.868	19.1316
ASP_240	-5.65874	0.60494	6.92936	-0.25549	0.02676	0.91369	4.03262	8.22569	0	0	-4.46674	0.00433	0	0	0	0	-0.31163	0	0.18198	4.29375	0.19163	0	4.10212	0.54746	0	0	-1.6204	2.51923	20.2606	144.553	40.4468
ARG_241	-8.1878	1.59487	6.7893	-0.59536	0.80806	0.32895	4.31046	8.64334	0.00833	0.10182	-3.29767	0.37252	0	0	0	0	-1.74757	0	1.82231	8.30092	5.14677	3.15415	0	-0.3326	0	0	-0.1423	0.31069	27.3892	210.025	54.975
ASP_242	-5.55222	1.12187	6.72084	-0.11955	0.01203	0.35481	3.91321	7.84179	0.00678	0.02215	-2.73083	0.01845	0	0	0	0	0	0	-0.14939	9.12858	1.96445	0	7.16413	-0.49508	0	0	-1.6204	-0.56023	27.0414	143.949	41.0505
ASN_243	-5.39669	0.61691	5.55178	-0.16483	0.03116	0.24463	4.02798	7.11639	0	0	-3.87443	-0.35713	0	0	0	0	-1.05137	0	0.00467	2.75439	0.04409	0	2.7103	0.6448	0	0	-0.3009	-0.14877	12.453	122.335	61.6652
LEU_244	-6.94885	2.06289	1.88194	-0.52507	0.30226	0.11349	1.94712	5.17867	0.06514	0.35546	-1.20663	0.35043	0	0	0	0	0	0	0.92903	1.72429	0.95674	0.76755	0	-0.28548	0	0	1.3223	-0.4876	8.50368	189.385	20.6146
THR_245	-5.21164	0.50936	5.26173	-0.12617	0.06854	0.08461	3.28782	7.20721	0	0	-2.21706	-0.74816	0	0	0	0	0	0	0.13319	0.7044	0.06555	0.63885	0	-0.13612	0	5.03402	-0.9333	-0.46231	13.1605	130.29	43.7098
THR_246	-4.98989	1.13986	1.89437	-0.11438	0.07497	0.07705	0.76448	3.76378	0	0	-0.31186	-0.79133	0	0	0	0	0	0	0.43406	0.23768	0.04833	0.18934	0	-0.46898	0	5.01819	-0.9333	-0.25545	5.77695	116.134	57.8659
THR_247	-4.08685	0.95025	3.44063	-0.24036	0.60506	0.08732	2.50367	4.99718	0.01127	0.03429	-1.60777	-0.35476	0	0	0	0	0	0	-0.00575	2.42345	0.57599	1.84746	0	-0.34923	0	5.04649	-0.9333	-0.7523	14.1928	107.559	66.4407
THR_248	-2.64597	0.66768	1.35265	-0.18625	0.50477	0.0689	0.58681	2.7897	0	0	0.49063	-0.40821	0	0	0	0	0	0	-0.08809	3.42579	3.22952	0.19627	0	-0.11046	0	5.04161	-0.9333	-0.44101	13.541	67.4992	106.501
VAL_249	-3.55191	1.93475	2.94919	-0.29378	0.80615	0.07721	1.7299	4.27078	0.01127	0.03429	-0.58151	-0.75844	0	0	0	0	0	0	0.19292	1.61534	1.46502	0.15032	0	0.67626	0	0	2.7371	1.99923	15.4641	98.0203	83.9797
ASP_250	-2.41039	1.76565	3.17981	-0.26409	0.73103	1.11494	1.14893	3.69661	0	0	0.63663	0.40184	0	0	0	0	0	0	-0.10122	5.3093	0.52147	0	4.78783	-0.90506	0	0	-1.6204	3.84261	21.8355	79.8172	105.183
ASP_251	-1.73897	0.4349	2.2628	-0.12538	0.04102	0.39929	0.59454	2.69128	0	0	0.02384	-0.86576	0	0	0	0	0	0	0.50095	3.10162	0.15968	0	2.94193	-0.63284	0	0	-1.6204	2.81659	10.9851	49.2981	135.702
ARG_252	-4.11078	1.13401	5.39348	-0.43281	0.14888	0.2327	2.59752	6.14845	0.00284	0.00807	-1.91116	0.01554	0	0	0	0	0	0	0.71642	3.37489	0.21941	3.15549	0	-0.37359	0	0	-0.1423	0.58088	16.7579	106.591	158.409
ARG_253	-5.76677	0.7766	4.79811	-0.89652	0.82246	0.6232	2.63615	5.87188	0.00015	0.00108	-2.17602	0.58856	0	0	0	0	0	0	0.06128	7.43987	4.57822	2.86165	0	0.11105	0	0	-0.1423	-0.538	21.6506	158.969	106.031
ILE_254	-7.71004	2.00659	4.44007	-0.63696	4.30076	0.10736	3.42158	7.87826	0.00284	0.00807	-2.68678	0.42445	0	0	0	0	0	0	-0.145	1.75906	0.31528	1.44378	0	-0.98644	0	0	1.8006	-0.39601	15.3475	179.329	27.6712
ALA_255	-6.13763	1.49088	2.43231	-0.02401	0	0	2.74947	6.39571	0.04082	0.28467	-2.65294	-0.23667	0	0	0	0	0	0	-0.06905	0	0	0	0	0.21575	0	0	2.2619	-0.94081	5.8104	151.88	1.12049
THR_256	-4.48055	0.48709	3.56942	-0.12702	0.09489	0.06662	1.80426	5.12997	0	0	-0.68577	0.08881	0	0	0	0	0	0	-0.13322	0.3825	0.23854	0.14396	0	-1.06008	0	5.04364	-0.9333	-0.96233	8.66742	114.575	59.4251
GLY_257	-2.86393	0.53488	3.21399	-0.00145	0	0	2.15103	4.11706	0	0	-1.03271	-0.3614	0	0	0	0	0	0	0.7748	0	0	0	0	-2.53108	0	0	1.435	0.86507	6.30125	144.064	19.9356
LYS_258	-3.87657	0.90415	2.77351	-0.48605	0.149	0.32548	1.25523	3.28262	0	0	-1.43302	0.07441	0	0	0	0	0	0	0.13649	3.8614	0.64902	3.21237	0	0.48253	0	0	-0.8895	1.98023	12.4013	126.488	125.512
GLN_259	-3.11472	0.17183	3.4448	-0.28232	0.06093	0.22745	2.55463	4.37572	0	0	-1.99286	-0.89235	0	0	0	0	0	0	0.29065	4.79202	0.10882	0	4.68319	-0.04787	0	0	-0.1077	1.48888	15.7611	94.8583	122.142
SER_260	-2.14355	1.1947	2.49924	-0.03363	0.00194	0.0219	0.78634	2.96645	0	0	-0.11618	-0.62068	0	0	0	0	0	0	0.1569	0.72824	0.0409	0.68735	0	-0.04391	0	4.04	-0.539	0.46754	10.0945	82.5325	79.4675
GLY_261	-2.06678	0.07178	2.98915	-0.00224	0	0	2.25557	3.65654	0	0	-1.89611	-0.41929	0	0	0	0	0	0	0.31501	0	0	0	0	0.34201	0	0	1.435	1.54245	8.22309	139.074	24.9261
ASP_262	-2.63942	0.29981	2.61963	-0.10248	0.02708	0.28867	1.11882	3.39788	0	0	-0.58836	-0.03343	0	0	0	0	0	0	0.20206	2.71175	0.08493	0	2.62682	0.12896	0	0	-1.6204	1.3837	9.90602	81.849	103.151
VAL_263	-6.72393	0.93411	2.77861	-0.25921	0.27635	0.05031	2.29972	6.10862	0	0	-1.72273	-0.10224	0	0	0	0	0	0	-0.04088	0.65488	0.03422	0.62066	0	-1.11643	0	0	2.7371	-0.67265	5.8565	177.006	4.99432
ASN_264	-3.47933	0.31279	3.34975	-0.29338	0.09892	0.57409	1.68004	4.45186	0.02321	0.3761	-1.40434	-0.79797	0	0	0	0	0	0	1.3035	2.56746	0.10694	0	2.46052	-1.29324	0	0	-0.3009	0.3716	10.1076	89.3903	94.6097
ALA_265	-5.70417	0.83948	2.45268	-0.01962	0	0	2.76944	5.92633	0.02321	0.3761	-2.06918	-0.27736	0	0	0	0	0	0	1.78225	0	0	0	0	0.63695	0	0	2.2619	1.75886	10.7569	149.83	3.16987
PHE_266	-7.03164	0.92816	3.36814	-0.68848	0.04488	0.05009	2.51091	6.54684	0	0	-2.13558	-0.51668	0	0	0	-0.94502	0	0	-0.06278	2.75779	0.07245	0	2.68534	-0.30979	0	0	1.9602	1.58673	10.8216	159.955	77.0446
GLY_267	-4.28317	0.697	3.51573	-0.00097	0	0	2.78131	5.5885	0	0	-2.54527	-0.33744	0	0	0	0	0	0	-0.13754	0	0	0	0	1.37119	0	0	1.435	2.57303	10.6574	160.811	3.18948
VAL_268	-5.75289	1.64043	2.65492	-0.35499	0.47845	0.08489	3.32804	5.72049	0	0	-2.44769	-0.15823	0	0	0	0	0	0	-0.10575	0.94749	0.00416	0.94333	0	-0.28015	0	0	2.7371	2.2122	11.6518	154.678	27.3216
ASP_269	-6.61903	1.44614	7.94897	-0.17178	0.02538	0.55428	5.10305	9.93507	0.01837	0.07601	-5.15	-1.29151	0	0	0	0	-1.23588	0	0.10012	4.50577	0.56234	0	3.94344	-0.16399	0	0	-1.6204	0.71247	18.6788	179.653	5.34747
LEU_270	-6.13235	1.14953	4.28674	-0.50886	0.69639	0.12556	3.37878	7.05214	0	0	-2.97091	-0.04488	0	0	0	0	0	0	-0.00472	3.31925	2.4193	0.89995	0	0.21844	0	0	1.3223	0.56483	15.7715	129.702	80.2975
GLY_271	-4.1892	4.89108	3.35093	-0.0013	0	0	2.46296	5.3052	0	0	-1.97302	-0.35931	0	0	0	0	0	0	0.15849	0	0	0	0	0.48603	0	0	1.435	1.66579	13.2326	158.587	5.41302
LEU_272	-5.59074	0.92184	3.02099	-0.54015	0.47618	0.12104	3.01093	5.38288	0	0	-2.43731	0.20478	0	0	0	0	0	0	0.24666	1.24348	0.11099	1.13249	0	-0.24512	0	0	1.3223	1.97815	10.3594	143.122	66.8784
ARG_273	-11.1451	1.01992	10.3172	-0.99609	0.55806	0.73293	5.78814	12.6892	0.02484	0.12885	-5.3536	0.44595	0	0	0	-0.69281	-0.46695	0	0.07133	5.11394	0.78415	4.3298	0	-0.0376	0	0	-0.1423	0.25319	23.4231	264.23	0.76969
TRP_274	-7.63247	1.90474	3.32555	-0.91568	0.604	0.60635	2.94826	6.38985	0.00214	0.01426	-2.57096	-0.12612	0	0	0	0	0	0	2.14652	5.25036	0.74291	0	4.50746	-0.06114	0	0	3.7077	-0.19205	20.6517	165.023	104.977
ASN_275	-6.05916	0.77409	6.24385	-0.18693	0.0287	0.29188	3.39507	7.69324	0.01813	0.13073	-3.00334	-0.59118	0	0	0	-0.4254	-0.62271	0	0.29098	3.49825	0.00584	0	3.49241	-0.97778	0	0	-0.3009	-0.18089	13.5149	157.645	26.3553
ILE_276	-4.25094	0.29764	2.80702	-0.52421	0.75194	0.10878	1.1808	4.11701	0	0	-0.21668	-0.03137	0	0	0	0	0	0	4.79813	3.51581	2.75582	0.75999	0	-0.77923	0	0	1.8006	0.26273	17.3538	95.7531	111.247
ASP_277	-4.50122	0.95265	7.06224	-0.20551	0.10078	0.71125	4.24951	7.88335	0	0	-3.86273	-1.24541	0	0	0	-0.9269	0	0	-0.19905	3.0299	0.49172	0	2.53819	-0.84529	0	0	-1.6204	2.07574	15.6888	105.255	79.7446
GLU_278	-2.56779	0.97083	3.23189	-0.34552	0.2053	0.5411	0.83857	3.19358	0	0	0.10024	-0.3617	0	0	0	0	0	0	-0.14895	11.164	5.99708	0	5.16692	-0.48619	0	0	-1.6358	1.36447	27.228	66.8909	156.109
GLN_279	-6.98673	1.78648	6.85306	-0.29295	0.17005	0.29595	4.02997	8.14768	0.00381	0.04896	-3.34587	-0.67511	0	0	0	-0.46404	-0.39073	0	0.50316	4.98796	1.08874	0	3.89921	-0.18419	0	0	-0.1077	0.59376	19.9615	165.985	51.0146
TRP_280	-7.054	1.45671	5.90231	-0.90638	0.07256	0.33938	3.80476	7.76915	0	0	-3.42754	-0.10252	0	0	0	-0.46286	0	0	0.68313	1.94023	0.03121	0	1.90901	-0.21973	0	0	3.7077	0.48024	15.9234	145.19	124.81
LYS_281	-8.53368	1.9904	9.57255	-0.32061	0.2064	0.18866	5.79884	10.5322	0.06839	0.34996	-4.60233	-0.35449	0	0	0	-0.15685	0	0	0.37975	4.99214	2.19879	2.79335	0	0.09049	0	0	-0.8895	-0.6046	23.6998	237.802	14.1976
ALA_282	-4.58159	1.41837	2.9592	-0.01969	0	0	2.90485	5.30835	0	0	-2.92065	-0.42904	0	0	0	0	0	0	1.02315	0	0	0	0	-0.78932	0	0	2.2619	-0.07275	7.06278	113.278	39.7219
GLY_283	-4.60584	2.92661	2.93228	-0.00169	0	0	2.48105	5.39432	0	0	-2.03711	-0.37403	0	0	0	0	0	0	-0.24408	0	0	0	0	-1.45487	0	0	1.435	0.37194	6.82358	161.567	2.4326
VAL_284	-4.92332	1.23548	2.58408	-0.32415	0.47758	0.07117	2.77385	5.07867	0	0	-2.25836	-0.70775	0	0	0	0	0	0	-0.04234	1.46832	0.58352	0.88479	0	-0.394	0	0	2.7371	0.1907	9.43535	121.784	60.2156
GLY_285	-3.41396	0.50179	3.0366	-0.00125	0	0	2.47797	4.40172	0	0	-1.93005	-0.35746	0	0	0	0	0	0	0.86699	0	0	0	0	1.01273	0	0	1.435	1.68561	9.71569	154.777	9.22327
TYR_286	-6.90007	0.96664	5.56968	-0.84217	0.18108	0.12411	4.23608	7.81257	0	0	-2.8562	-0.53823	0	0	0	0	-0.03217	0	-0.03253	3.08526	0.26543	0	2.81984	-0.35357	0	0	1.7379	2.07843	17.3221	158.74	89.2599
ALA_287	-5.68779	1.1534	2.50442	-0.02324	0	0	2.8989	6.1279	0	0	-2.06096	-0.4275	0	0	0	0	0	0	0.04566	0	0	0	0	-0.64225	0	0	2.2619	0.18069	6.33115	153	0
ARG_288	-7.54097	1.60259	5.04212	-0.70797	0.41916	0.45766	3.32144	7.31649	0	0	-2.1749	0.25212	0	0	0	0	0	0	0.98058	5.42781	1.93391	3.4939	0	-0.22147	0	0	-0.1423	0.81547	20.2756	173.899	91.1008
GLY_289	-4.85668	0.60854	4.23985	-0.00091	0	0	2.73943	6.21072	0.00608	0.14557	-1.9728	-0.40044	0	0	0	0	0	0	0.03215	0	0	0	0	2.57227	0	0	1.435	3.58354	14.3423	164	0
SER_290	-6.16885	0.49778	6.77993	-0.04175	0.01059	0.06171	4.56661	8.51589	0.0636	0.37636	-3.49185	-0.83891	0	0	0	-0.94502	0	0	0.09148	1.08754	0.67434	0.4132	0	-0.52576	0	4.04	-0.539	2.88548	17.5134	159.436	2.56407
GLY_291	-4.54563	1.24699	3.08277	-0.00143	0	0	1.02076	4.91118	0	0	0.38104	-0.35492	0	0	0	0	0	0	0.42265	0	0	0	0	0.79129	0	0	1.435	1.57165	9.96135	157.31	6.68965
GLY_292	-3.80958	0.31893	4.80184	-0.00019	0	0	2.13003	6.0229	0	0	-2.51727	-0.27752	0	0	0	-0.74483	0	0	-0.38549	0	0	0	0	-2.30814	0	0	1.435	1.74542	6.4111	159.644	4.35609
GLY_293	-2.52254	0.15939	2.89339	-0.00027	0	0	1.25189	3.76086	0	0	-1.56102	-0.16174	0	0	0	0	0	0	-0.13121	0	0	0	0	-2.46645	0	0	1.435	0.56031	3.21761	134.059	29.9407
LYS_294	-2.7292	0.36768	3.98749	-0.50646	0.16362	0.25035	1.27626	4.2471	0.12989	0.7715	-0.85397	0.14639	0	0	0	0	0	0	0.00483	4.83852	1.67502	3.1635	0	0.19202	0	0	-0.8895	0.87184	17.1069	66.5152	185.485
ASP_295	-1.81404	0.44644	2.42484	-0.12125	0.06913	0.37813	0.78157	2.76913	0	0	0.10702	-0.80202	0	0	0	0	0	0	0.44819	3.66382	0.04068	0	3.62315	-0.96537	0	0	-1.6204	1.07439	10.5034	63.5413	121.459
GLY_296	-2.78298	0.46898	3.36415	-5e-05	0	0	1.55165	4.5421	0	0	-1.66551	-0.41283	0	0	0	0	0	0	-0.15532	0	0	0	0	-1.8306	0	0	1.435	0.26139	4.77598	135.424	28.576
GLU_297	-6.40276	0.95607	7.36634	-0.34639	0.37733	0.43688	4.24544	8.60391	0.12197	0.82471	-1.82364	-0.43203	0	0	0	0	0	0	-0.14698	6.86765	1.51509	0	5.35256	-0.52051	0	0	-1.6358	-0.57916	24.7807	168.861	54.1389
GLU_298	-6.73474	1.01443	6.59685	-0.23447	0.08402	0.3605	2.87169	8.51152	0.07929	0.79293	-1.88633	-0.48324	0	0	0	0	0	0	-0.14563	5.19575	0.32513	0	4.87062	0.17462	0	0	-1.6358	-0.11837	19.6388	137.239	85.7611
GLN_299	-6.36795	0.75556	6.349	-0.48316	0.12734	0.31835	3.16906	8.50071	0.03802	0.24688	-2.69557	-0.54133	0	0	0	-1.09544	0	0	2.06096	9.83803	3.76833	0	6.0697	0.23478	0	0	-0.1077	1.34475	31.5303	178.703	38.2968
PHE_300	-10.6408	2.35659	4.98838	-0.56985	0.04422	-0.01074	2.9645	9.29595	0.0636	0.37636	-1.38784	-0.17132	0	0	0	0	0	0	1.49598	4.12118	0.59426	0	3.52692	0.29527	0	0	1.9602	0.82342	20.1263	232.01	4.9899
GLN_301	-6.1627	0.48445	4.52558	-0.41342	0.09306	0.30184	3.08511	6.47675	0.03577	0.19287	-2.33314	-0.2525	0	0	0	-0.50653	-0.6962	0	-0.00316	4.96511	0.64984	0	4.31528	0.15662	0	0	-0.1077	0.27539	15.0823	194.306	22.694
GLN_302	-7.96505	0.60041	7.65452	-0.2478	0.07637	0.18707	4.27776	8.60566	0.10229	0.79777	-4.17752	-0.2384	0	0	0	-2.6351	-2.21236	0	1.76487	4.16141	0.00301	0	4.1584	0.31122	0	0	-0.1077	1.50209	16.6189	204.761	12.2387
THR_303	-6.18456	1.02487	4.49879	-0.12956	0.09016	0.06361	2.49452	6.43063	0.02161	0.20496	0.25044	-0.40355	0	0	0	0	0	0	0.40604	0.34019	0.00374	0.33645	0	0.22166	0	5.04077	-0.9333	0.99452	14.772	170.414	3.5864
GLY_304	-2.483	0.4599	3.00072	-6e-05	0	0	1.67327	3.87717	0.00124	0.02349	-0.3929	-0.37829	0	0	0	-0.36979	0	0	0.31696	0	0	0	0	-2.4783	0	0	1.435	-0.94519	3.74021	129.485	34.5151
LEU_305	-7.50173	1.88396	4.0544	-0.52695	1.12935	0.15587	2.80025	6.87225	0.0201	0.09358	-1.61993	0.15189	0	0	0	0	0	0	0.86274	2.22463	1.78294	0.44169	0	-0.08716	0	0	1.3223	-1.14292	12.9173	209.278	0.721597
GLU_306	-7.13891	0.63971	8.06368	-0.76652	1.19228	2.06117	2.63119	8.95946	0.02594	0.35623	-1.96799	-2.22924	0	0	0	-0.36979	0	0	1.65031	5.59591	0.04444	0	5.55147	-0.01227	0	0	-1.6358	-0.586	22.0653	193.965	29.0353
SER_307	-4.99907	1.56351	5.87825	-0.04118	0.03713	0.05088	3.53022	6.58355	0.01117	0.10786	0.25939	0.14679	0	0	0	0	0	0	1.002	0.80732	0.08237	0.72495	0	0.08578	0	4.04	-0.539	-0.04725	19.2847	147.496	14.5039
ASN_308	-7.71041	0.9123	7.09577	-0.18577	0.15358	0.31896	4.36903	8.83621	0.14641	0.84728	-3.86692	-0.94392	0	0	0	-0.3158	-2.21236	0	0.11428	3.04698	0.22773	0	2.81925	-1.4992	0	0	-0.3009	0.53983	12.3923	181.625	2.3748
ARG_309	-8.9264	1.38422	9.55951	-0.59887	0.28453	0.34851	3.90571	10.6642	0.09041	0.67543	-1.95264	0.06111	0	0	0	-0.42918	-1.55047	0	0.32448	3.49802	0.02108	3.47694	0	0.22668	0	0	-0.1423	0.07006	20.9911	250.727	14.273
SER_310	-5.8904	0.90438	5.68646	-0.03988	0.01901	0.06109	3.43732	7.11783	0.15209	1.13257	-1.43932	-0.51316	0	0	0	0	0	0	0.01114	0.04785	0.00027	0.04758	0	-0.92489	0	4.04	-0.539	-0.39803	12.9129	161.392	0.60815
ASN_311	-6.68101	0.38018	6.24851	-0.21319	0.03904	0.35167	2.63402	8.08472	0.13608	1.10266	-2.26886	-0.94532	0	0	0	-0.53099	0	0	0.85311	6.71695	0.6141	0	6.10285	-1.22362	0	0	-0.3009	1.20979	22.3098	170.819	13.1807
PHE_312	-9.3605	1.90248	2.77974	-0.89443	0.1498	0.33728	2.47093	6.70423	0.00812	0.07017	-0.69427	-0.38923	0	0	0	-0.16921	0	0	0.15263	3.67469	0.10266	0	3.57204	0.04422	0	0	1.9602	1.53625	13.9578	236.23	0.76969
THR_313	-6.78515	1.18005	3.08074	-0.13488	0.09233	0.07694	1.73519	5.57376	0.07034	0.45992	1.02859	-0.19773	0	0	0	0	0	0	1.27314	0.26577	0.23074	0.03503	0	-0.15976	0	5.02649	-0.9333	0.15642	12.0746	174	0
GLY_314	-4.46884	1.00455	4.67035	-5e-05	0	0	2.54586	6.12865	0.00014	0.00049	-2.53023	-0.38816	0	0	0	-0.61468	0	0	-0.28351	0	0	0	0	-2.38262	0	0	1.435	-0.44512	4.67182	164	0
THR_315	-6.92837	1.39799	5.94669	-0.11452	0.09177	0.07319	2.41293	7.94927	0.03555	0.16073	0.00023	-0.74036	0	0	0	-0.53099	0	0	0.00577	0.33301	0.20293	0.13008	0	-1.01182	0	5.0242	-0.9333	-0.85029	12.6547	174	0
ARG_316	-6.52113	1.09096	5.30329	-0.57658	0.34463	0.3565	1.74239	6.53663	0.02094	0.33891	-1.11496	0.26812	0	0	0	0	0	0	0.47607	7.71597	3.82948	3.88649	0	-0.30015	0	0	-0.1423	-0.56057	22.6947	178.871	86.129
SER_317	-5.00426	0.24536	6.60113	-0.03629	0.00146	0.02311	3.34637	7.30906	0.06412	0.38641	-0.43081	-0.57776	0	0	0	0	-0.15146	0	0.46472	0.67347	0.05734	0.61612	0	0.4417	0	4.04	-0.539	-0.40782	17.123	159.438	2.56172
ARG_318	-6.2962	0.56131	5.73172	-0.41834	0.17564	0.21789	0.6352	6.55964	0.05822	0.47404	-0.04944	0.38755	0	0	0	0	0	0	1.07003	5.24146	2.24477	2.99669	0	-0.19185	0	0	-0.1423	-0.60084	18.6552	167.093	97.9071
VAL_319	-5.81104	1.01715	2.72462	-0.24192	0.22012	0.0467	2.82357	5.62243	0.03335	0.32251	-1.80167	-0.18623	0	0	0	0	0	0	0.11574	1.04619	0.04397	1.00222	0	-0.9327	0	0	2.7371	-0.71916	8.06297	180.463	1.53703
HIS_320	-10.3578	1.67652	8.75934	-0.50284	0.10088	0.38521	2.89278	11.675	0.0756	0.48526	-1.93762	-0.98671	0	0	0	-0.86649	0	0	0.30237	3.34514	0.81014	0	2.535	0.03033	0	0	0.8406	0.03457	19.2973	232.284	8.71617
ARG_321	-9.22463	1.45979	7.67227	-1.6593	1.08051	1.74198	3.91661	9.808	0.15659	0.98483	-2.94925	-1.41138	0	0	0	0	-0.89162	0	0.28988	4.95091	0.44664	4.50427	0	-0.3049	0	0	-0.1423	0.15538	20.5843	261.414	3.5864
PHE_322	-10.2556	1.34037	4.03141	-0.66328	0.12537	0.43721	2.72917	8.08726	0.03307	0.28486	-2.4605	0.16494	0	0	0	-0.86649	0	0	1.77879	3.46261	0.6113	0	2.85131	-0.41974	0	0	1.9602	0.4644	13.6967	237	0
GLY_323	-5.30696	0.76645	5.99333	-0.00014	0	0	2.82738	7.87593	0	0	-2.84088	-0.1865	0	0	0	0	0	0	0.88732	0	0	0	0	-2.38307	0	0	1.435	2.04273	11.1106	164	0
GLU_324	-7.13434	0.35583	10.255	-0.67893	0.20076	1.22306	4.80032	10.4633	0.06319	0.60161	-7.71553	-0.32213	0	0	0	-1.9355	-1.91896	0	-0.12865	7.01839	0.77316	0	6.24523	-0.57592	0	0	-1.6358	1.02577	20.9799	214.74	8.25999
ALA_325	-6.20291	1.53847	4.37194	-0.0183	0	0	2.32962	7.40137	0.07683	0.43274	-1.68266	-0.29688	0	0	0	-1.66553	0	0	-0.01666	0	0	0	0	0.8445	0	0	2.2619	1.33945	10.7139	153	0
PHE_326	-9.75225	2.11293	3.5626	-0.96337	0.1396	0.41997	2.95367	7.32765	0.00145	0.006	-2.91069	0.11558	0	0	0	-0.97107	0	0	0.13488	3.48957	0.01241	0	3.47715	0.06506	0	0	1.9602	1.62751	12.8088	236.553	0.446804
ARG_327	-10.3204	1.67295	11.9446	-0.48164	0.21288	0.29508	5.26666	13.6187	0	0	-4.55101	-0.0265	0	0	0	-0.22326	-1.26047	0	0.52444	3.6755	1.45204	2.22346	0	-0.29581	0	0	-0.1423	0.32095	23.9058	228.63	36.3699
GLY_328	-4.04635	0.57569	3.47813	-0.0002	0	0	1.72606	5.07642	0.03397	0.44933	-1.85794	-0.22891	0	0	0	-0.3158	0	0	4.57304	0	0	0	0	1.09839	0	0	1.435	0.68632	12.6831	164	0
GLU_329	-6.98061	3.61595	8.18922	-0.26095	0.11093	0.31008	4.69725	8.83626	0.03466	0.18365	-4.66862	-0.2251	0	0	0	-1.72979	0	0	0.34652	6.01145	1.67267	0	4.33878	0.05601	0	0	-1.6358	0.0351	22.9376	208.368	14.6317
LEU_330	-7.43494	2.6281	2.37128	-0.5802	1.80951	0.17123	1.42438	5.74752	0.10726	0.4397	-0.76298	0.20734	0	0	0	-0.84096	0	0	0.83207	4.1639	3.28287	0.88103	0	0.03378	0	0	1.3223	1.14722	16.9504	199.751	10.2492
SER_331	-5.77045	0.96089	6.03948	-0.03713	0.01404	0.05393	2.32604	7.37401	2e-05	0.00011	-0.99775	0.02626	0	0	0	0	0	0	-0.16672	0.4007	0.33191	0.06879	0	-0.15591	0	4.04	-0.539	3.47393	17.4432	159.567	2.4326
ASN_332	-9.86242	2.32439	8.91557	-0.43043	0.39787	0.97308	5.03004	11.8458	0.14689	0.81166	-3.89454	-0.70427	0	0	0	-1.21248	0	0	1.91752	4.35627	2.00048	0	2.3558	-1.64114	0	0	-0.3009	1.55055	24.5798	184	0
LEU_333	-8.6251	1.49414	3.8472	-0.56662	0.42175	0.13267	3.27465	8.03671	0	0	-1.74121	0.27852	0	0	0	0	0	0	1.72641	1.49142	0.18301	1.30841	0	-0.05611	0	0	1.3223	-0.45777	12.0704	210	0
GLN_334	-7.04176	0.96466	5.12287	-0.30315	0.07223	0.19462	3.89183	6.91567	0	0	-3.08947	-0.22371	0	0	0	0	-0.03217	0	-0.06206	4.71582	0.70064	0	4.01518	0.34464	0	0	-0.1077	-0.12567	15.9525	163.866	53.1338
ALA_335	-4.57444	0.7422	2.3556	-0.02473	0.00053	0	2.76932	4.96644	0	0	-2.24478	-0.4077	0	0	0	0	0	0	1.54984	0	0	0	0	0.38627	0	0	2.2619	0.20995	7.99041	153	0
ALA_336	-3.41714	0.59769	3.02387	-0.02408	0.00035	0	2.94816	4.68065	0	0	-2.57843	-0.35926	0	0	0	0	0	0	1.47413	0	0	0	0	0.55943	0	0	2.2619	0.65111	9.81838	117.639	35.3611
THR_337	-6.36311	1.24834	4.70104	-0.16355	0.18278	0.05537	3.9212	7.20329	0.00177	0.01227	-2.6427	-0.44934	0	0	0	0	-0.47497	0	0.21397	1.09515	0.25909	0.83605	0	-0.20238	0	5.0062	-0.9333	0.24223	13.7494	173.041	0.959148
LEU_338	-5.0073	0.93373	3.24045	-0.47236	0.34499	0.10371	3.36464	5.2311	0	0	-2.80662	-0.05306	0	0	0	0	0	0	0.06388	1.41347	0.43444	0.97903	0	0.11959	0	0	1.3223	0.04621	9.25821	104.386	105.614
PHE_339	-10.3442	3.73973	3.1513	-1.0346	0.21991	0.65738	3.15988	7.98949	0	0	-2.37082	-0.14193	0	0	0	0	0	0	1.42511	2.124	0.06902	0	2.05498	-0.69425	0	0	1.9602	-0.05663	11.9086	228.168	8.83192
GLY_340	-3.15798	1.2806	3.05882	-0.00154	0	0	2.62312	4.37827	0	0	-2.67135	-0.38487	0	0	0	0	0	0	-0.10954	0	0	0	0	1.18992	0	0	1.435	1.71933	9.35979	135.142	28.8584
SER_341	-5.41251	1.16471	5.44488	-0.04217	0.05011	0.06524	3.92276	6.6665	0.02339	0.15071	-2.09721	-0.51627	0	0	0	0	0	0	0.5132	1.81115	1.67148	0.13967	0	-0.79251	0	4.04	-0.539	1.46139	17.7255	159.438	2.56172
TRP_342	-9.08333	2.37192	4.53744	-1.15929	0.11073	0.2117	3.17997	8.00167	0	0	-3.08448	-0.83787	0	0	0	0	-0.39073	0	0.52817	3.36567	0.1177	0	3.24796	0.02876	0	0	3.7077	-0.14923	14.7045	215.445	54.5547
GLN_343	-7.21652	1.64815	6.41481	-0.52673	0.34713	0.49433	4.06506	8.23581	0	0	-1.26015	-0.75242	0	0	0	-0.45782	0	0	0.06912	5.16981	0.7661	0	4.40371	-0.01588	0	0	-0.1077	0.61299	21.8898	201.821	15.1793
LEU_344	-5.86059	0.82152	4.28737	-0.61226	0.75432	0.17638	2.83249	5.69431	0	0	-2.24006	0.22316	0	0	0	0	0	0	-0.08561	1.31377	0.20131	1.11246	0	-0.03847	0	0	1.3223	1.2014	11.1038	157.21	52.7902
ARG_345	-3.31442	0.94423	3.52921	-0.44707	0.3104	0.25216	0.95893	3.70972	0.00062	0.00442	0.52748	0.26147	0	0	0	0	0	0	0.01701	8.37871	6.48978	1.88892	0	0.83998	0	0	-0.1423	3.09693	27.3062	57.1407	207.859
GLU_346	-3.15629	0.66703	4.3044	-0.41672	0.14332	0.88094	1.55493	4.72268	0	0	-0.78989	-0.43052	0	0	0	0	0	0	1.05672	3.73401	0.15441	0	3.5796	0.38957	0	0	-1.6358	2.4666	17.225	131.9	91.1004
ASP_347	-5.18972	0.44476	5.57491	-0.11349	0.00741	0.36072	3.21981	6.77247	0.00123	0.00785	-3.04482	0.2113	0	0	0	0	0	0	-0.10311	3.83545	0.91142	0	2.92402	-0.26011	0	0	-1.6204	0.44156	14.3813	128.486	56.5137
TYR_348	-6.98422	1.03776	4.28076	-0.57298	0.043	0.31615	3.31497	6.37046	0.0006	0.00343	-2.18404	-0.24213	0	0	0	0	0	0	2.18326	3.41285	0.0256	0	3.38724	-0.26563	0	0	1.7379	0.30371	16.1687	176.635	71.3646
ASP_349	-6.81033	1.30392	8.68809	-0.24021	0.14713	0.92169	5.46356	9.64707	0.00241	0.05483	-5.38523	-0.46238	0	0	0	0	-0.61076	0	-0.00278	3.76565	0.10106	0	3.66458	0.55757	0	0	-1.6204	0.30617	19.4916	181.926	3.07406
ALA_350	-4.35385	1.46241	3.25135	-0.02221	0	0	3.49215	5.65511	0	0	-2.6603	-0.46138	0	0	0	0	0	0	0.13604	0	0	0	0	-0.75267	0	0	2.2619	0.59839	8.60694	133.31	19.6901
SER_351	-4.99862	0.93121	4.47144	-0.03223	0.00089	0.02135	3.70619	5.86118	0	0	-2.15041	-0.63444	0	0	0	0	0	0	0.07546	1.33354	0.00064	1.3329	0	-0.2549	0	4.04	-0.539	0.29885	13.464	159.901	2.09944
LEU_352	-4.68429	0.92138	3.07405	-0.50903	0.35784	0.11611	3.09482	5.1907	0	0	-2.60754	0.10949	0	0	0	0	0	0	0.0261	1.33112	0.31497	1.01615	0	-0.23956	0	0	1.3223	0.06786	8.90247	112.715	97.2847
VAL_353	-7.39812	2.67783	3.16349	-0.26385	0.35813	0.05304	3.29801	6.64674	0	0	-2.58842	-0.28909	0	0	0	0	0	0	1.17805	1.25029	0.80414	0.44615	0	-1.26891	0	0	2.7371	-0.30029	10.5043	182	0
TYR_354	-8.09292	1.19344	5.39715	-0.83422	0.12436	0.15742	4.01013	8.34233	0.03302	0.23455	-2.26999	-0.43804	0	0	0	0	0	0	0.69353	3.68893	0.26534	0	3.42359	-0.17274	0	0	1.7379	-0.7676	16.7262	184.956	63.0445
HIS_355	-9.85877	1.65579	7.20223	-0.42851	0.01292	0.5033	3.78652	10.5778	0.14201	0.87521	-2.69287	-0.10399	0	0	0	0	0	0	2.85546	2.98869	0.55051	0	2.43818	-0.19377	0	0	0.8406	-0.76915	20.3822	240.553	0.446804
LYS_356	-7.00079	1.5096	5.44119	-0.39367	0.10071	0.19014	3.25461	7.05678	0.00827	0.03571	-2.75587	0.43385	0	0	0	0	0	0	0.22929	4.15158	0.67331	3.47827	0	0.44963	0	0	-0.8895	-0.45135	15.5218	188.046	63.9538
PHE_357	-10.7405	1.54646	2.43537	-0.5672	0.04865	0.32261	2.89491	6.90239	0	0	-2.55516	0.16379	0	0	0	0	0	0	0.81062	3.41898	0.31656	0	3.10242	-0.17667	0	0	1.9602	-0.40958	9.47381	236.392	0.60815
TRP_358	-9.48964	1.93024	5.08183	-0.99723	0.39308	0.72429	3.33463	8.20296	0.00827	0.03571	-2.93332	-0.09151	0	0	0	0	0	0	0.93791	3.42652	0.26268	0	3.16384	-0.30663	0	0	3.7077	-0.45269	16.9386	189.777	80.2233
ARG_359	-12.0468	1.61543	10.8597	-0.58438	0.27079	0.33601	5.42671	13.3802	0	0	-4.51	0.72153	0	0	0	-1.14357	0	0	0.01448	12.4668	10.0625	2.40432	0	-0.19767	0	0	-0.1423	-0.50137	38.4324	261.264	3.73578
VAL_360	-6.35123	0.52089	3.72146	-0.30108	0.4391	0.06866	2.32701	6.42622	0	0	-1.15519	-0.14233	0	0	0	-0.10004	0	0	1.23813	2.99495	2.76078	0.23416	0	-0.70552	0	0	2.7371	-0.08512	14.628	154.27	27.7296
ASP_361	-6.09406	0.68918	8.09266	-0.21623	0.009	0.66593	4.19167	9.24238	0	0	-2.35496	-0.44653	0	0	0	-0.98305	0	0	0.6724	4.87474	0.00052	0	4.87422	-0.00464	0	0	-1.6204	0.31592	21.9087	140.599	44.4014
ASP_362	-6.17584	1.94489	7.94209	-0.26157	0.25403	0.89708	2.97065	9.01051	0.08874	0.46553	-1.6032	-1.56737	0	0	0	0	0	0	0.14089	3.05697	0.02274	0	3.03423	-0.8712	0	0	-1.6204	0.37208	18.1008	147.741	37.2593
ASP_363	-2.23607	0.41852	3.75478	-0.2831	0.25562	1.12436	1.49352	4.20539	0.00737	0.06357	-0.98253	0.86936	0	0	0	0	0	0	-0.07361	5.66608	0.19815	0	5.46794	-0.36063	0	0	-1.6204	0.16727	18.1356	82.5016	102.498
SER_364	-4.41376	0.40909	6.2544	-0.0316	0.0068	0.02142	3.1351	6.97201	0.12928	0.75609	-1.6373	-0.70007	0	0	0	-0.31899	0	0	-0.00536	1.08848	0.42217	0.66632	0	-0.03021	0	4.04	-0.539	-0.27509	15.9498	144.75	17.2503
ASP_365	-3.49022	0.47124	4.97224	-0.12391	0.02886	0.3762	2.56846	5.71537	0.02436	0.30869	-1.90282	-1.20411	0	0	0	-0.9165	0	0	0.29396	5.48132	0.10815	0	5.37317	0.12317	0	0	-1.6204	-0.15056	16.4367	95.5861	89.4139
ILE_366	-6.33241	2.13208	3.16264	-0.55825	3.03096	0.10477	2.16582	5.60153	0	0	-1.28812	0.76033	0	0	0	-0.33647	0	0	0.50296	6.66413	6.53563	0.12851	0	2.32394	0	0	1.8006	2.8148	29.2135	192.814	14.1855
GLY_367	-2.47017	0.47914	3.00235	-0.00021	0	0	1.10211	3.65636	0	0	-0.24463	-0.17528	0	0	0	0	0	0	2.35876	0	0	0	0	-2.16826	0	0	1.435	4.03401	11.0092	140.913	23.0866
THR_368	-2.71519	3.09023	3.96305	-0.12141	0.03906	0.07423	2.17549	4.28386	0.02594	0.35623	-1.94641	-0.79383	0	0	0	-0.74629	0	0	1.80531	0.73505	0.19277	0.54228	0	0.74322	0	5.01084	-0.9333	1.72846	17.5096	89.6079	84.3921
SER_369	-3.914	0.91859	3.44148	-0.03575	0.01077	0.05458	1.75186	4.35698	0.01606	0.22259	-0.50409	-0.4856	0	0	0	0	0	0	0.00135	0.15639	0.09441	0.06198	0	-0.9233	0	4.04	-0.539	0.58168	9.30697	142.747	19.2533
GLY_370	-4.20375	0.733	4.1221	-7e-05	0	0	2.43697	5.61129	0.00076	0.00303	-2.39125	-0.42476	0	0	0	-0.91571	0	0	0.11556	0	0	0	0	0.30276	0	0	1.435	0.53284	7.35776	161.531	2.46943
ILE_371	-7.46923	1.14499	2.33254	-0.64148	2.82579	0.11419	2.22919	5.57091	0.00145	0.006	-0.10634	0.33369	0	0	0	0	0	0	-0.1209	1.98783	0.60273	1.3851	0	-1.27415	0	0	1.8006	0.04756	10.7705	199.094	7.90595
ASN_372	-4.21818	0.7011	4.1301	-0.23073	0.6375	0.3586	1.92477	5.17049	0.08059	0.5456	-1.42387	-0.65798	0	0	0	0	0	0	-0.02664	6.79007	0.01156	0	6.77851	-0.82767	0	0	-0.3009	0.13556	19.5785	106.597	77.4031
ALA_373	-3.12211	0.18851	0.65495	-0.02327	0	0	0.47577	2.74967	0	0	-0.13712	-0.4748	0	0	0	0	0	0	1.44612	0	0	0	0	-0.64819	0	0	2.2619	0.86325	4.23468	123.379	29.6211
ALA_374	-1.53392	0.04398	1.30267	-0.02298	0	0	0.43223	2.0497	0.04227	0.206	0.01371	-0.20367	0	0	0	0	0	0	-0.01682	0	0	0	0	-0.02843	0	0	2.2619	-0.47214	4.0745	77.0132	75.9868
LEU_375	-6.09204	1.19195	0.99284	-0.48379	0.85295	0.08818	1.32487	3.87513	0	0	-0.47817	0.28301	0	0	0	0	0	0	-0.04209	0.6288	0.04694	0.58186	0	-0.57544	0	0	1.3223	-1.14195	2.37535	187.45	22.5503
GLN_376	-5.76453	1.56245	5.96124	-0.61229	0.26992	0.64909	3.08134	6.98429	0.12538	0.7443	-2.92362	-0.34747	0.64885	0	0	0	0	0	0.7476	6.06775	1.24456	0	4.8232	0.13505	0	0	-0.1077	2.18306	25.4724	158.003	58.9972
PRO_377	-2.31179	0.63163	1.93357	-0.11942	0.01126	0.08941	0.75281	2.26957	0	0	-0.27583	0.24065	0.68578	0	0	0	0	0	0.95759	2.70577	2.62608	0.07969	0	-1.75155	0	0	-4.6787	3.41382	7.26035	106.259	92.7406
GLY_378	-2.70336	1.11203	3.39549	-5e-05	0	0	1.1421	4.12099	0.01135	0.04141	-1.65565	-0.38119	0	0	0	0	0	0	-0.02552	0	0	0	0	-2.2648	0	0	1.435	-0.04116	4.18663	117.184	46.816
GLU_379	-6.01193	1.97357	6.36399	-0.37013	0.16005	0.70421	2.81072	7.18494	0.02909	0.12225	-0.85347	-0.77929	0	0	0	-0.82458	0	0	-0.08663	5.21011	0.21124	0	4.99887	0.60045	0	0	-1.6358	-0.7226	19.0851	163.262	59.7381
LYS_380	-5.61955	1.16385	6.86018	-0.38039	0.07551	0.22287	4.10866	7.5196	0.01135	0.04141	-2.30801	0.22086	0	0	0	-0.10004	0	0	0.45112	4.34851	1.24588	3.10263	0	-0.2801	0	0	-0.8895	-0.24169	19.5531	142.807	109.193
ASP_381	-4.98273	0.5473	6.5789	-0.28872	0.17254	0.97702	2.95745	8.11503	0	0	-3.66168	-0.70739	0	0	0	-0.50604	0	0	-0.00338	7.03893	3.17173	0	3.8672	-1.39449	0	0	-1.6204	-0.21626	20.045	136.586	48.4136
ILE_382	-8.86249	1.42493	2.86291	-0.51118	1.56377	0.09673	2.87388	6.90398	0	0	-1.52473	0.17563	0	0	0	0	0	0	0.85423	1.58678	0.88688	0.69989	0	-0.83125	0	0	1.8006	0.68485	10.6854	207	0
GLY_383	-4.33145	0.36696	3.77572	-0.00119	0	0	2.71015	5.44661	0	0	-2.19641	-0.33017	0	0	0	0	0	0	-0.22275	0	0	0	0	-2.52938	0	0	1.435	1.12184	5.24495	164	0
GLN_384	-5.82269	0.58754	5.23341	-0.31155	0.12783	0.29436	3.73364	6.37918	0	0	-1.98931	-0.61663	0	0	0	0	0	0	0.24484	4.82888	0.47285	0	4.35603	-0.06993	0	0	-0.1077	0.51615	17.8569	160.253	56.747
GLU_385	-9.32416	2.76098	11.3456	-0.28448	0.17254	0.28962	6.83498	12.8532	0.03307	0.28486	-5.61347	-0.23369	0	0	0	-2.06784	0	0	0.70657	7.92577	3.55374	0	4.37203	-0.23025	0	0	-1.6358	0.15343	31.8967	221.766	1.23394
LEU_386	-5.3831	1.55454	3.93744	-0.53418	2.21812	0.1093	3.46524	5.92189	0	0	-2.45041	0.28062	0	0	0	0	0	0	0.06559	3.84903	2.78552	1.06351	0	-0.15982	0	0	1.3223	0.20964	18.2552	136.031	73.9687
ASP_387	-6.59891	2.59788	9.35046	-0.11237	0.00906	0.327	6.16725	10.5252	0.1487	0.73677	-4.48948	0.27894	0	0	0	-1.11713	0	0	0.00737	6.49273	1.01052	0	5.48221	1.62661	0	0	-1.6204	0.37753	31.1999	183.88	1.12049
LEU_388	-5.40628	0.87986	2.9419	-0.54099	0.20067	0.12349	2.81178	5.498	0	0	-2.80439	0.17566	0	0	0	0	0	0	0.22624	1.46382	0.32131	1.14252	0	-0.23617	0	0	1.3223	0.67534	8.79505	140.04	69.9595
VAL_389	-6.47492	2.43529	3.13365	-0.26663	0.26079	0.05589	3.03009	6.17802	0	0	-2.175	-0.25306	0	0	0	0	0	0	-0.03365	0.93326	0.45319	0.48008	0	-1.29311	0	0	2.7371	-0.13356	9.06743	179.179	2.82141
VAL_390	-5.36195	1.38147	3.11813	-0.25229	0.25826	0.051	3.12297	5.7855	0	0	-2.97037	-0.34339	0	0	0	0	0	0	1.36573	1.40236	0.93984	0.46252	0	-0.50942	0	0	2.7371	-0.1015	11.086	126.946	55.0542
THR_391	-7.88992	1.85037	5.52874	-0.14382	0.10044	0.05451	4.04258	8.05295	0.00393	0.03929	-1.99512	-0.68533	0	0	0	0	-0.41508	0	2.36683	2.60329	2.03383	0.56946	0	-0.1484	0	5.0201	-0.9333	0.47823	20.5336	172.509	1.49129
LYS_392	-7.41532	1.94093	5.03597	-0.45227	0.30935	0.23344	3.60518	6.56804	0.00086	0.00263	-2.96476	0.2216	0	0	0	0	0	0	0.70505	9.37705	5.93262	3.44443	0	0.52495	0	0	-0.8895	0.15215	26.3324	180.037	71.963
TYR_393	-9.75589	1.03567	5.46086	-0.65619	0.09478	0.37972	3.1412	8.39322	0.00393	0.03929	-3.14153	-0.15642	0	0	0	0	-0.9327	0	0.19166	3.52583	0.56869	0	2.95714	0.00799	0	0	1.7379	-0.2268	12.6683	225.988	22.0124
PHE_394	-6.25512	29.5184	1.43739	-0.56319	0.03666	0.28419	1.08709	3.95259	0.01162	0.08511	-0.92217	0.19316	0	0	0	0	0	0	20.7496	3.4157	0.39277	0	3.02293	-0.03976	0	0	1.9602	0.07688	58.4441	120.265	116.735
SER_395	-1.59571	0.14936	1.57238	-0.02457	0.0063	0.02497	0.50331	1.78296	0.03739	0.50638	0.43702	-0.67958	0	0	0	0	0	0	0.19048	2.57562	1.27875	1.29686	0	-0.1353	0	4.04	-0.539	5.14589	16.5735	56.3429	105.657
ALA_396	-4.69433	2.84606	1.68285	-0.02335	0	0	2.17831	4.41024	0.00516	0.02451	-1.3079	-0.1528	0	0	0	0	0	0	0.64994	0	0	0	0	-0.30534	0	0	2.2619	4.51997	12.0952	150.342	2.65752
LEU_397	-8.58667	1.52327	3.85025	-0.72482	1.79262	0.30757	3.54991	7.37755	0	0	-2.47374	-0.234	0	0	0	0	0	0	0.72732	1.17097	0.04769	1.12328	0	1.14187	0	0	1.3223	1.13224	13.0476	191.039	18.9614
ILE_398	-6.74924	44.5325	2.95885	-0.65089	4.42859	0.20962	2.95053	5.63087	0	0	-2.51962	-0.5616	0	0	0	0	0	0	0.88421	6.28195	1.9935	4.28845	0	-0.77186	0	0	1.8006	1.51147	66.2179	151.862	55.1375
ARG_399	-8.83365	1.74078	7.08125	-0.82727	1.41894	0.54264	4.50411	8.93311	0.00241	0.05483	-3.14557	0.56923	0	0	0	0	-0.88848	0	2.49679	5.2829	2.12418	3.15872	0	-0.25491	0	0	-0.1423	-0.12273	23.695	222.481	42.5193
PHE_400	-6.96275	1.04844	4.05255	-0.8055	0.21927	0.13534	3.20885	7.02447	0	0	-2.7668	-0.57834	0	0	0	0	0	0	0.25256	3.85189	0.32136	0	3.53053	-0.25912	0	0	1.9602	-0.48363	13.7493	160.786	76.2144
ARG_401	-8.55438	1.28591	7.66683	-0.87332	0.59629	0.70738	4.28322	9.57814	0.01569	0.04943	-4.83077	0.17581	0	0	0	0	-0.85725	0	-0.13125	6.42566	3.2877	3.13796	0	-0.01096	0	0	-0.1423	0.11369	21.9235	240.094	24.9059
GLY_402	-3.75879	1.19132	3.52016	-0.00082	0	0	2.78041	5.08609	0	0	-2.12525	-0.32428	0	0	0	0	0	0	-0.12308	0	0	0	0	1.12272	0	0	1.435	2.39456	11.198	157.079	6.92095
GLY_403	-4.02171	0.96597	3.60968	-0.00108	0	0	2.55099	5.29671	0	0	-3.20307	-0.37749	0	0	0	0	0	0	0.11452	0	0	0	0	1.87867	0	0	1.435	4.50466	12.7528	161.16	2.83984
LEU_404	-4.91666	2.62815	4.18429	-0.59362	0.62961	0.16304	2.9478	5.88972	0.10427	0.409	-2.43286	0.22566	0	0	0	0	0	0	-0.12608	1.19622	0.16802	1.02819	0	-0.37588	0	0	1.3223	2.63684	15.088	125.252	84.7482
PHE_405	-10.9518	1.10227	3.54046	-0.75509	0.07181	0.09459	2.94758	7.24038	0	0	-2.52748	-0.44566	0	0	0	0	0	0	0.11003	3.60111	0.01192	0	3.58918	-0.12281	0	0	1.9602	-0.18556	9.28118	237	0
LYS_406	-4.42726	0.89084	4.5226	-0.59362	2.00924	0.3513	2.88431	5.61721	0.03292	0.11533	-2.60338	0.00887	0.36988	0	0	0	0	0	-0.10419	4.5439	0.68761	3.85629	0	0.55977	0	0	-0.8895	2.8642	20.6963	129.572	122.428
PRO_407	-5.9621	1.84358	2.10114	-0.13833	0.00827	0.09838	0.86866	2.73175	0.01288	0.14166	-0.6304	0.20553	0.37223	0	0	0	0	0	0.02366	0.3228	0.06971	0.25309	0	-1.40365	0	0	-4.6787	2.53429	-1.22556	184.979	14.0208
GLY_408	-3.94004	0.97898	4.54987	-0.00035	0	0	2.9019	6.16834	0	0	-3.76237	-0.18032	0	0	0	0	0	0	-0.16219	0	0	0	0	-1.44059	0	0	1.435	-0.62553	5.92272	147.011	16.9894
ASP_409	-3.38125	0.47247	4.65261	-0.1221	0.02967	0.37977	1.79996	5.08744	0.00591	0.04684	-0.60804	-0.41445	0	0	0	-0.50604	0	0	-0.20068	2.56354	0.12482	0	2.43872	0.00654	0	0	-1.6204	0.76789	11.5232	97.5355	87.4645
ALA_410	-6.20109	2.94451	3.81173	-0.02441	0.00088	0	2.62096	7.20498	0.06778	0.42009	-2.63285	-0.41188	0	0	0	0	0	0	-0.07593	0	0	0	0	-0.15144	0	0	2.2619	0.33544	10.1707	153	0
TYR_411	-9.02028	1.29765	2.38944	-0.66709	0.08898	0.34818	2.59309	6.30385	0.05033	0.39541	-0.81107	-0.16444	0	0	0	0	0	0	7.1849	2.87701	0.12814	0	2.74887	-0.12254	0	0	1.7379	-0.29528	17.063	243.135	4.8652
GLY_412	-2.51171	0.38325	3.21569	-0.00018	0	0	1.83206	4.0513	0	0	0.26818	-0.15819	8.10549	0	0	0	0	0	3.51979	0	0	0	0	-2.4359	0	0	1.435	3.38981	21.0946	145.842	18.158
PRO_413	-1.37267	0.4966	1.17639	-0.11567	0.00622	0.08225	0.33068	1.41764	0	0	0.75966	0.27373	8.10901	0	0	0	0	0	-0.23078	0.39585	0.21067	0.18518	0	-1.43109	0	0	-4.6787	2.78797	8.40297	71.7381	127.262
GLY_414	-0.99314	0.1091	1.38495	-5e-05	0	0	0.37782	1.82642	0.00401	0.01901	0.05034	-0.39799	0	0	0	0	0	0	1.54666	0	0	0	0	-2.30712	0	0	1.435	-1.3781	1.67689	97.4104	66.5896
THR_415	-4.65233	0.91814	3.44932	-0.11584	0.04497	0.07212	2.1094	5.04008	0	0	-0.88201	-0.54816	0	0	0	0	0	0	-0.02475	0.92293	0.33328	0.58965	0	0.04638	0	5.02366	-0.9333	-0.84862	10.5449	146.139	27.8614
ASP_416	-4.21847	0.38959	5.63544	-0.10757	0.02556	0.30796	2.21154	6.29453	0.05237	0.38696	-0.84676	-0.30321	0	0	0	0	0	0	-0.04312	3.06403	0.15882	0	2.90521	0.04345	0	0	-1.6204	0.09645	14.4324	131.014	53.9862
SER_417	-1.93673	0.49971	2.26839	-0.04099	0.01601	0.04363	0.68074	2.50531	0.03109	0.33473	-0.31324	-0.1255	0	0	0	0	0	0	-0.08018	1.20776	0.77625	0.43151	0	-0.40287	0	4.04	-0.539	-0.53785	8.85877	76.9937	85.0063
THR_418	-3.45426	2.76239	2.35845	-0.1834	0.61176	0.06502	1.07148	3.46372	0.01936	0.20113	-0.40496	-0.30016	0	0	0	0	0	0	-0.0282	3.95046	2.33982	1.61064	0	0.09901	0	5.02522	-0.9333	-0.30529	17.9689	110.606	63.3942
MET_419	-9.6907	2.28767	4.77039	-0.59856	0.27284	0.32842	3.07998	7.61641	0	0	-2.73363	-0.29486	0	0	0	0	0	0	0.00333	7.33875	2.13184	5.20691	0	-0.26031	0	0	1.4633	0.39554	21.3173	262	0
HIS_420	-7.35411	1.27504	6.22859	-0.87033	0.07066	1.12121	3.39381	8.51344	0	0	-2.73648	-0.33868	0	0	0	0	-0.02634	0	1.47952	3.72266	0.65031	0	3.07235	-0.44778	0	0	0.8406	-0.193	18.4015	177.378	63.6216
ARG_421	-10.9595	1.26094	10.6923	-0.98565	0.96379	0.71264	6.4034	12.4262	0	0	-5.44422	0.41062	0	0	0	-2.07958	-0.78081	0	-0.07069	4.49785	0.21358	4.28427	0	-0.20441	0	0	-0.1423	0.10104	21.2995	264.488	0.512343
ALA_422	-4.64794	0.95374	3.05907	-0.022	0	0	3.12735	5.48922	0	0	-2.77446	-0.37011	0	0	0	0	0	0	0.31835	0	0	0	0	-0.39022	0	0	2.2619	0.44694	7.45184	134.61	18.3904
PHE_423	-9.85745	1.75676	6.07885	-0.59941	0.08729	0.31089	4.02474	9.01368	0	0	-3.52623	0.00361	0	0	0	0	0	0	5.58994	2.57653	0.14616	0	2.43038	-0.29571	0	0	1.9602	-0.37146	19.3288	236.392	0.60815
VAL_424	-4.33541	0.99636	3.5938	-0.27037	0.35656	0.05574	2.83683	5.55972	0	0	-2.30017	-0.17266	0	0	0	0	0	0	0.10394	0.494	0.00499	0.489	0	-1.32367	0	0	2.7371	-0.88593	7.93984	113.589	68.4108
ASP_425	-5.78791	0.96936	7.07489	-0.10573	0.00355	0.31382	4.53233	8.14472	1e-05	0.00016	-4.42327	-0.36822	0	0	0	0	-0.79268	0	0.79298	3.69723	0.03145	0	3.66577	1.46156	0	0	-1.6204	-0.14242	17.4472	178.149	6.85119
PHE_426	-6.43163	16.9537	3.72631	-0.85431	0.07552	0.18743	3.07817	5.98247	0.00758	0.03212	-2.79059	-0.56211	0	0	0	0	0	0	0.50701	5.46393	1.96075	0	3.50318	-0.1491	0	0	1.9602	0.17203	32.8227	163.039	73.9609
ILE_427	-6.97765	1.82323	4.1648	-0.48617	1.62019	0.10161	2.92743	6.34393	0	0	-2.58474	0.07217	0	0	0	0	0	0	-0.1094	1.0224	0.56078	0.46163	0	-0.99574	0	0	1.8006	-0.38565	9.35943	174.458	32.542
TRP_428	-6.59102	1.7511	3.09264	-0.86578	0.0405	0.20381	2.6848	5.8866	0.03224	0.1228	-2.44686	-0.76523	0	0	0	0	0	0	-0.05633	5.54857	1.43617	0	4.1124	0.1033	0	0	3.7077	-0.04253	17.9549	164.827	105.173
ARG_429	-4.96065	0.4028	4.87192	-0.74985	0.73811	0.46789	1.94603	5.56095	0.03151	0.43983	-2.14289	0.22662	0	0	0	0	-0.42062	0	0.94733	7.17208	3.77705	3.39504	0	0.29775	0	0	-0.1423	0.05203	21.9106	151.678	113.322
PHE_430	-4.99802	0.96359	4.47781	-0.64038	0.2514	0.42421	3.54977	5.87881	0.04984	0.35772	-5.38709	0.35359	0	0	0	0	0	0	0	3.49799	0.58226	0	2.91572	0	0	0	1.9602	-0.11354	14.1239	107.019	129.981