label	fa_atr	fa_rep	fa_sol	fa_intra_atr_xover4	fa_intra_rep_xover4	fa_intra_sol_xover4	lk_ball	lk_ball_iso	lk_ball_bridge	lk_ball_bridge_uncpl	fa_elec	fa_intra_elec	pro_close	hbond_sr_bb	hbond_lr_bb	hbond_bb_sc	hbond_sc	dslf_fa13	omega	fa_dun	fa_dun_dev	fa_dun_rot	fa_dun_semi	p_aa_pp	yhh_planarity	hxl_tors	ref	rama_prepro	total	BSA	SASA
MET_1	-1.93103	0.25147	2.63819	-0.48651	0.08019	0.35505	1.83263	3.28977	0.01155	0.1908	-3.09036	1.21377	0	0	0	-0.84327	0	0	0.01003	12.1788	8.37733	3.80143	0	0	0	0	1.4633	0	29.3431	97.3514	164.649
ALA_2	-2.03615	0.31164	2.17099	-0.03038	0.00626	0	1.24197	3.13196	0.02477	0.18932	-0.74922	-0.4433	0	0	0	0	0	0	1.13038	0	0	0	0	-0.16732	0	0	2.2619	1.36339	8.40623	86.0627	66.9373
SER_3	-2.4527	0.45535	2.75892	-0.02888	0.01882	0.02779	1.64145	3.6695	0.0109	0.18718	-0.26446	-0.02338	0	0	0	0	0	0	0.37693	0.08109	0.01746	0.06363	0	0.35732	0	0.60995	-0.539	2.67221	9.64008	92.4613	69.5387
ILE_4	-6.81577	0.88202	1.72827	-0.51924	0.4378	0.12697	1.1962	5.0658	0	0	0.54871	0.36903	0	0	0	0	0	0	1.41126	1.06317	0.46902	0.59415	0	0.89595	0	0	1.8006	1.8839	11.1378	204.759	2.24099
GLU_5	-4.19332	0.85776	3.6638	-0.33704	0.10644	0.41016	2.02661	4.87313	0.0392	0.23617	-1.01151	-0.29614	0	0	0	-0.52684	0	0	-0.04826	6.30293	0.12534	0	6.17759	0.27403	0	0	-1.6358	0.64671	17.6909	140.217	82.7832
GLY_6	-3.1307	0.24614	3.40673	-0.00119	0	0	2.54573	4.43307	0	0	-2.06836	-0.29256	0	0	0	0	0	0	0.33034	0	0	0	0	-2.52854	0	0	1.435	0.54276	4.91841	144.623	19.3768
LYS_7	-5.09138	0.5696	5.14802	-0.30843	0.21437	0.10646	2.79978	5.50821	0	0	-2.39539	0.04206	0	0	0	0	0	0	0.50263	32.2538	29.5117	2.7421	0	0.43674	0	0	-0.8895	0.33609	71.4869	164.082	87.9185
TYR_8	-9.69763	4.09091	4.36473	-0.9523	0.84843	0.6611	3.29631	7.51223	0.0019	0.05299	-2.26875	-0.35424	0	0	0	0	0	0	1.22592	5.42247	0.06214	0	5.36033	-0.26037	0.01056	0.02111	1.7379	-0.03602	21.0997	245.89	2.1101
LYS_9	-7.09798	2.19238	5.48348	-0.56528	0.19392	0.50389	3.12286	6.66934	0.04981	0.28972	-1.86555	0.19128	0	0	0	0	0	0	0.0433	10.3263	6.18214	4.14416	0	0.02861	0	0	-0.8895	-0.16344	28.8394	198.999	53.0007
LEU_10	-7.5408	2.94588	3.51897	-0.6152	0.42003	0.17587	2.64169	5.86834	0	0	-0.84162	0.22962	0	0	0	0	0	0	-0.01429	4.62577	4.09353	0.53224	0	-0.06215	0	0	1.3223	0.15861	17.4588	207.151	2.84914
GLU_11	-3.74695	0.45591	4.01581	-0.77411	0.21563	1.67971	1.89282	4.48894	0	0	-0.11538	-0.13494	0	0	0	0	0	0	0.27802	18.1312	5.42741	0	12.7037	0.55218	0	0	-1.6358	2.99066	46.4248	132.837	90.1633
LYS_12	-5.30076	1.90011	5.4936	-0.83637	0.69993	0.62736	2.61238	5.48663	0.00573	0.02405	-0.05684	0.43025	0	0	0	0	0	0	0.55865	73.0562	59.3391	13.7171	0	0.26962	0	0	-0.8895	5.9057	163.043	140.783	111.217
SER_13	-3.85647	0.95297	2.63129	-0.0295	0.00728	0.02716	1.63458	3.77666	0.03969	0.30498	-0.18781	0.18659	0	0	0	-0.76167	0	0	-0.0374	1.38242	1.01769	0.36473	0	0.18212	0	0.63588	-0.539	5.59765	13.3298	130.851	31.1491
GLU_14	-4.35891	0.54232	5.07969	-0.19002	0.01498	0.28225	1.85963	5.45876	0.00573	0.02405	0.01067	-0.38529	0	0	0	0	0	0	1.23543	10.6955	5.31948	0	5.37602	0.20077	0	0	-1.6358	2.7432	32.2785	140.989	82.0112
LYS_15	-4.22138	0.32136	3.92631	-0.87373	0.74936	1.02118	2.03369	4.54813	0.00019	0.00173	-1.41723	0.0577	0	0	0	0	0	0	0.36906	16.4194	9.96469	6.4547	0	0.0484	0	0	-0.8895	2.04599	40.56	113.373	138.627
PHE_16	-8.2546	2.23968	3.81557	-0.80042	0.16755	0.23052	3.40424	7.52362	0	0	-0.85005	-0.16632	0	0	0	0	0	0	-0.04238	8.79384	0.25654	0	8.5373	-0.80892	0	0	1.9602	2.39024	28.3966	189.396	47.6042
ASP_17	-3.06672	0.49581	3.14391	-0.25916	0.0123	0.84597	1.11746	4.09874	0.02974	0.35951	0.11719	0.11329	0	0	0	0	0	0	1.52709	4.70567	0.18172	0	4.52395	-0.0057	0	0	-1.6204	0.92691	17.2473	92.8471	92.1529
GLU_18	-4.29885	0.89267	4.19962	-0.48738	0.17791	0.80958	1.83142	5.46166	0.02974	0.35951	-0.91036	-0.54897	0	0	0	0	0	0	0.20186	9.61318	1.83644	0	7.77674	-0.18052	0	0	-1.6358	0.54426	25.6727	119.899	103.101
PHE_19	-9.27161	3.0034	3.64546	-0.99474	0.67274	0.4196	3.5467	7.57289	0.00075	0.00823	-2.49051	-0.18201	0	0	0	0	0	0	-0.00931	7.02811	2.14223	0	4.88588	0.11269	0	0	1.9602	0.44066	22.4914	235.66	1.34041
LEU_20	-9.05632	2.29048	3.88369	-0.53338	0.44082	0.12799	3.47572	8.09509	0.00019	0.00173	-2.09073	0.09699	0	0	0	0	0	0	3.07891	6.43625	2.24063	4.19562	0	-0.28698	0	0	1.3223	0.28664	24.0057	203.08	6.92016
ASP_21	-3.89811	1.6034	6.17943	-0.22587	0.00796	0.7385	2.77538	6.61891	0	0	-1.62587	0.13943	0	0	0	0	-0.50654	0	0.07627	5.02213	0.16432	0	4.85781	-0.03012	0	0	-1.6204	0.65908	20.9357	101.755	83.2452
LYS_22	-8.32167	2.38889	8.34362	-0.91405	1.39856	1.10652	3.88108	8.63112	0.15279	0.32889	-1.71341	-0.07915	0	0	0	0	-0.50654	0	1.01225	6.83399	1.11174	5.72225	0	-0.27308	0	0	-0.8895	0.37652	28.5908	234.623	17.3767
LEU_23	-6.30767	0.99633	2.84776	-0.70054	0.30192	0.30893	2.57957	5.28701	0.00365	0.04637	-0.74667	0.04798	0	0	0	0	0	0	1.32215	2.72454	0.53355	2.19099	0	-0.48359	0	0	1.3223	-0.15653	12.118	198.211	11.7886
GLY_24	-1.81967	0.13443	2.23623	-6e-05	0	0	0.9171	2.9872	0.00424	0.02334	-1.20061	-0.34598	0	0	0	0	0	0	-0.1044	0	0	0	0	-2.51017	0	0	1.435	-0.7694	0.98724	116.12	47.8796
VAL_25	-5.3541	2.01344	0.81388	-0.2888	0.26643	0.0499	0.97186	3.46681	0.00424	0.02334	0.71965	0.4103	0	0	0	0	0	0	-0.02079	0.81365	0.64988	0.16376	0	1.21101	0	0	2.7371	0.94028	9.59184	162.054	19.9459
GLY_26	-2.09168	0.37778	2.52462	-0.00047	0	0	1.5067	3.23394	0	0	-1.22381	-0.18457	0	0	0	0	0	0	0.16067	0	0	0	0	-1.65537	0	0	1.435	2.35398	6.43679	129.788	34.2125
PHE_27	-4.62532	1.0776	3.58985	-0.84757	0.1613	0.27397	2.56538	4.94947	0.01392	0.07837	-0.70166	-0.28446	0	0	0	0	0	0	-0.24097	4.03181	0.11725	0	3.91457	0.30916	0	0	1.9602	2.10047	18.4434	97.8481	139.152
MET_28	-5.18508	1.9804	2.62135	-0.54039	0.06219	0.34519	1.05693	4.03105	0	0	0.03486	-0.17197	0	0	0	0	0	0	2.86038	14.953	11.9666	2.98637	0	-0.13495	0	0	1.4633	1.49319	39.8224	169.698	92.3025
VAL_29	-7.0407	1.404	2.68027	-0.30036	0.36787	0.07389	2.83992	6.58323	0	0	-1.19715	-0.70198	0	0	0	0	0	0	3.66984	1.65991	0.38166	1.27825	0	0.02532	0	0	2.7371	0.60447	15.0655	177.901	4.09875
LYS_30	-5.8546	0.77477	4.78675	-0.49108	0.17818	0.33383	2.9588	6.63126	0	0	-0.22377	0.41052	0	0	0	0	0	0	0.85905	39.6387	36.2499	3.38873	0	-0.08527	0	0	-0.8895	0.28422	88.9505	161.846	90.1541
THR_31	-4.33474	0.47658	4.72779	-0.11088	0.03493	0.0512	2.84051	6.34977	0	0	-1.29229	-1.31635	0	0	0	0	0	0	2.67552	0.85609	0.0126	0.84349	0	0.09247	0	2.50265	-0.9333	0.10864	13.5847	103.697	70.3032
ALA_32	-5.68645	1.35432	3.38404	-0.02254	0	0	2.97084	6.50498	0.04071	0.16089	-0.53287	-0.33612	0	0	0	0	0	0	1.22165	0	0	0	0	-0.49507	0	0	2.2619	-0.27331	10.5529	150.951	2.04937
ALA_33	-5.15979	1.67499	2.73527	-0.02354	0	0	2.60672	5.86743	0	0	-1.50823	-0.33409	0	0	0	-0.76167	0	0	3.58995	0	0	0	0	-0.08984	0	0	2.2619	-1.13469	9.7244	148.743	4.25705
LYS_34	-2.199	0.1658	2.58025	-0.33819	0.16234	0.15805	1.20313	3.16495	0	0	-0.85032	-0.19205	0	0	0	0	0	0	-0.14188	26.8269	24.6681	2.1588	0	0.20953	0	0	-0.8895	0.66175	57.3486	67.6754	184.325
THR_35	-4.44972	0.76609	3.81221	-0.13043	0.06851	0.04678	3.19102	5.73928	0.03969	0.30498	-0.09925	-0.85711	0	0	0	-0.13707	0	0	-0.14886	0.23286	0.04998	0.18288	0	-0.67744	0	2.41047	-0.9333	4.01783	13.4294	104.945	69.055
LEU_36	-4.44355	0.91819	2.49859	-0.75325	0.13453	0.32617	1.16695	3.34158	0	0	-0.50168	0.01303	0	0	0	-0.13707	0	0	1.20383	7.08737	3.90931	3.17807	0	0.53296	0	0	1.3223	3.63064	23.428	117.116	92.8835
LYS_37	-3.31048	0.84993	2.46874	-0.3864	0.06776	0.22889	1.58603	3.46325	0.02678	0.08252	0.60975	0.24699	0.09574	0	0	0	0	0	0.11373	11.6669	8.43814	3.22875	0	-0.0662	0	0	-0.8895	4.67841	33.1997	93.9915	158.008
PRO_38	-6.35887	2.32546	2.99846	-0.22101	0.03368	0.15907	1.25344	3.8452	0	0	-1.80507	-0.15843	2.63244	0	0	0	0	0	0.30086	3.89707	3.13326	0.7638	0	1.40815	0	0	-4.6787	5.24186	14.7707	197.975	1.02469
THR_39	-6.80144	1.99997	5.4015	-0.13982	0.09053	0.06007	3.44542	7.4647	0	0	-1.54419	-1.2123	0	0	0	0	0	0	-0.0041	10.4601	8.65318	1.8069	0	-0.37832	0	2.71014	-0.9333	1.14864	32.2277	158.37	15.63
PHE_40	-9.5143	2.36295	4.55569	-0.41835	0.01867	0.08286	4.86547	8.47017	0	0	-2.53737	-0.26681	0	0	0	0	0	0	1.12479	16.3688	13.1142	0	3.25462	-0.47035	0	0	1.9602	-0.49604	42.4752	226.449	10.5505
GLU_41	-6.54236	1.48229	6.2259	-0.25352	0.02812	0.29347	3.57525	7.05858	0.00669	0.02152	-3.02606	-0.35611	0	0	0	0	0	0	0.35628	8.99288	3.9649	0	5.02798	0.36937	0	0	-1.6358	-0.11472	25.4747	176.401	46.5987
VAL_42	-5.59335	1.13797	2.71949	-0.29634	0.1694	0.06492	2.97074	5.54981	0	0	-2.26894	-0.53149	0	0	0	0	0	0	0.1275	4.57161	1.78461	2.787	0	-1.00536	0	0	2.7371	-0.35776	14.5669	176.107	5.89312
ALA_43	-3.90989	0.36397	3.00265	-0.02744	0	0	2.62313	4.84693	0.0166	0.07415	-2.07638	-0.44699	0	0	0	0	0	0	-0.06259	0	0	0	0	0.67685	0	0	2.2619	1.39475	8.73766	128.302	24.6977
ILE_44	-5.78586	1.01653	0.67044	-0.59727	0.70501	0.16184	0.53078	3.23971	0.0392	0.23617	-0.05369	-0.24288	0	0	0	0	0	0	1.12337	5.88996	1.23664	4.65332	0	0.05706	0	0	1.8006	2.63107	17.312	190.796	16.204
GLU_45	-3.39351	0.54405	3.6032	-0.3418	0.14279	0.58548	2.25214	4.62774	0	0	-1.06476	-0.43947	0	0	0	0	0	0	0.23482	6.42628	0.39355	0	6.03273	-0.0811	0	0	-1.6358	0.54409	18.4304	120.156	102.844
ASN_46	-1.10192	0.02732	1.68955	-0.37033	0.05833	0.62922	0.24955	1.91397	0	0	0.75048	-0.34351	0	0	0	0	0	0	0.42252	10.5743	3.28108	0	7.2932	-1.03785	0	0	-0.3009	1.91604	25.651	36.0221	147.978
ASP_47	-1.72321	0.53994	2.35901	-0.10047	0.0096	0.32603	1.00389	2.61776	0	0	-0.27197	0.14491	0	0	0	0	0	0	0.1326	9.45208	4.40982	0	5.04226	-0.05906	0	0	-1.6204	5.38083	27.6436	60.8533	124.147
GLN_48	-4.75463	0.2592	4.41805	-0.21608	0.0396	0.13661	1.83569	5.36281	0.01949	0.08335	-0.6443	-0.82599	0	0	0	0	0	0	0.00994	5.69257	0.67081	0	5.02176	0.23966	0	0	-0.1077	3.78825	21.0291	154.695	62.3053
TYR_49	-6.65454	0.70308	3.60131	-0.48472	0.32849	0.18477	3.55886	5.799	0.01054	0.03045	-2.80598	-0.34283	0	0	0	0	-0.36871	0	0.15332	7.60212	1.93606	0	5.66606	-0.17305	0.00427	0.00853	1.7379	0.20847	20.7034	218.898	29.1019
ILE_50	-5.85224	0.53967	3.30099	-0.55472	0.77319	0.15357	3.0433	5.899	0.00958	0.03073	-2.28793	-0.06227	0	0	0	0	0	0	-0.09526	4.58059	0.20672	4.37388	0	-0.83231	0	0	1.8006	-0.46617	14.5609	169.849	37.1508
PHE_51	-5.76713	0.50333	2.00058	-0.54523	0.17251	0.12915	2.21706	4.70713	0.01054	0.03045	-1.60889	-0.31198	0	0	0	0	0	0	0.31738	8.15984	4.11642	0	4.04342	-0.39161	0	0	1.9602	1.04826	20.7914	227.383	9.61693
ARG_52	-8.21228	2.2046	6.58585	-0.84841	0.46445	0.44175	3.91401	8.2267	0.01694	0.05756	-2.23044	0.43419	0	0	0	0	0	0	0.96288	26.47	22.6155	3.85446	0	0.12719	0	0	-0.1423	1.47855	66.4212	186.05	78.9497
SER_53	-5.59926	0.67324	4.90335	-0.03007	0.00159	0.0512	3.85344	6.92702	0	0	-2.03497	-0.86374	0	0	0	0	0	0	0.65535	0.95601	0.12232	0.83369	0	0.89661	0	0.6057	-0.539	0.52061	11.9331	159.438	2.56172
LEU_54	-8.05068	2.72369	3.77868	-0.45705	0.49132	0.13218	2.50482	6.88052	0.01694	0.05756	-0.70965	-0.06676	0	0	0	0	0	0	0.89241	6.84776	4.51872	2.32904	0	0.57875	0	0	1.3223	0.82212	24.6127	167.852	42.148
SER_55	-4.73334	0.74847	4.74382	-0.01448	0	0.02577	2.93094	6.16537	0	0	-1.29911	-0.72533	0	0	0	-0.06255	0	0	5.53083	0.6166	0.01729	0.59931	0	0.31144	0	0.62547	-0.539	3.32209	18.2636	156.67	5.32965
THR_56	-5.14779	2.01441	2.77336	-0.12798	0.05576	0.09375	2.165	5.10726	0	0	-0.62096	0.19675	0	0	0	-0.06255	0	0	1.94788	1.17662	0.41318	0.76343	0	2.51092	0	2.72406	-0.9333	5.42392	20.4737	169.132	4.86844
PHE_57	-5.31839	1.64283	2.91468	-0.91521	0.92677	0.58836	1.00015	3.89589	0.00083	0.00428	-0.23586	0.2304	0	0	0	0	0	0	0.03219	7.72343	0.01332	0	7.71011	-0.11118	0	0	1.9602	4.1507	26.2135	141.338	95.6617
LYS_58	-5.35377	1.24916	5.58531	-0.57235	0.29043	0.26977	1.87427	6.61044	0.00047	0.01117	-1.1926	0.11557	0	0	0	0	0	0	5.42569	8.20468	4.84901	3.35567	0	0.58719	0	0	-0.8895	4.01263	34.4333	144.578	107.422
ASN_59	-2.86897	1.19771	1.97461	-0.4242	0.03778	0.82102	0.47384	2.7086	0	0	-0.32839	-0.05768	0	0	0	0	0	0	0.10237	6.89525	0.29348	0	6.60178	0.20002	0	0	-0.3009	2.34242	19.6687	76.3928	107.607
THR_60	-3.93807	0.27975	4.15579	-0.19636	0.07286	0.08664	2.77539	5.44494	0.00047	0.01117	-1.83236	-1.39168	0	0	0	0	0	0	0.3013	0.26851	0.25	0.01851	0	0.34222	0	2.61918	-0.9333	1.4716	9.80654	128.011	45.9886
GLU_61	-2.97796	0.70439	2.34716	-0.56978	0.06465	0.97513	0.6684	2.83967	0	0	-0.1799	-0.30483	0	0	0	0	0	0	-0.00242	19.3169	12.2114	0	7.10551	0.17913	0	0	-1.6358	1.58424	42.3259	136.943	86.0572
ALA_62	-3.2332	0.27829	2.71843	-0.02303	0	0	2.0798	4.26366	0	0	-1.52067	-0.38201	0	0	0	0	0	0	1.0576	0	0	0	0	0.47874	0	0	2.2619	0.08893	8.06844	132.247	20.7534
LYS_63	-2.88005	0.45892	1.85832	-0.54126	0.33103	0.42383	0.78501	2.72457	0	0	-0.40148	-0.38046	0	0	0	0	0	0	2.5558	5.63448	1.10323	4.53126	0	0.26767	0	0	-0.8895	0.70457	16.2859	120.929	131.071
PHE_64	-6.15447	1.02123	4.54831	-0.45279	0.12715	0.20235	2.79341	6.45241	0	0	-2.07419	0.20569	0	0	0	0	0	0	0.04229	7.56498	0.37254	0	7.19244	-0.96598	0	0	1.9602	0.73968	23.5752	212.874	24.1262
LYS_65	-3.64884	0.35828	3.44342	-0.53525	0.43687	0.48819	1.03913	3.54803	0.02652	0.14873	0.11928	0.35137	0	0	0	0	0	0	0.19365	6.69172	2.45633	4.23538	0	0.7681	0	0	-0.8895	1.71642	20.9479	145.874	106.126
LEU_66	-3.89784	0.58069	1.86941	-0.61846	0.44771	0.18633	1.57135	3.31685	0	0	0.65039	0.05086	0	0	0	0	0	0	-0.14577	3.81184	1.89838	1.91345	0	-0.57237	0	0	1.3223	1.23108	13.6162	138.438	71.5625
GLY_67	-2.27922	0.50144	2.10181	-5e-05	0	0	0.82042	3.03573	0.00407	0.01097	-1.04481	-0.37948	0	0	0	0	0	0	4.49345	0	0	0	0	-2.06377	0	0	1.435	-0.91069	5.72488	123.885	40.1152
GLU_68	-5.76081	1.40603	7.04825	-0.60245	0.16341	1.06067	3.06394	7.75545	0.07457	0.42072	-0.59052	-0.2938	0	0	0	0	0	0	-0.03256	10.23	2.07191	0	8.15812	0.43256	0	0	-1.6358	0.05836	33.0281	208.652	14.348
GLU_69	-4.12901	0.71989	3.9839	-0.31985	0.13066	0.39745	1.67317	4.32025	0	0	-2.17323	-0.31598	0	0	0	0	-0.52158	0	0.38969	4.92987	0.22354	0	4.70632	0.40076	0	0	-1.6358	2.59627	15.3763	135.058	87.9423
PHE_70	-4.38699	0.6419	4.2252	-0.51326	0.25168	0.265	2.92987	5.60526	0	0	-2.33901	0.32621	0	0	0	0	0	0	-0.03602	5.39532	0.02957	0	5.36574	-0.58457	0	0	1.9602	2.52872	21.6648	144.558	92.4418
GLU_71	-5.27782	1.03974	4.81547	-0.42947	0.11818	0.70134	1.48714	5.1747	0	0	-2.41379	-0.05212	0	0	0	0	-0.84636	0	0.16189	8.49161	3.52752	0	4.96409	0.42491	0	0	-1.6358	2.30837	22.5596	167.971	55.0286
GLU_72	-4.11756	0.42229	4.23236	-0.33296	0.09179	0.39968	1.37094	4.91921	0.00035	0.00131	-0.54254	-0.43509	0	0	0	0	0	0	-2e-05	6.89218	1.70198	0	5.1902	0.05874	0	0	-1.6358	1.70632	19.9234	151.44	71.56
ASP_73	-2.75116	0.22811	2.55096	-0.29274	0.02421	0.99301	0.17231	3.00089	0	0	0.03044	-0.73423	0	0	0	0	0	0	-0.11662	7.37636	0.02708	0	7.34928	-0.46687	0	0	-1.6204	-0.11825	15.6524	86.7563	98.2437
ARG_74	-5.1458	0.15076	5.71283	-0.90579	0.2476	0.59494	3.38051	6.4603	0	9e-05	-1.61651	0.28309	0	0	0	0	0	0	0.41573	17.4738	12.6638	4.80999	0	0.14557	0	0	-0.1423	0.97132	45.4999	224.966	40.0335
ALA_75	-3.92387	1.63575	2.19441	-0.01013	0	0	1.38276	3.74929	0	0	-0.04614	-0.21792	0	0	0	0	0	0	0.23613	0	0	0	0	1.01472	0	0	2.2619	4.29063	12.5675	145.414	7.5863
ASP_76	-3.5167	0.53967	3.69405	-0.27167	0.01414	0.90574	0.85309	4.17765	0.00083	0.00428	-0.09583	0.38041	0	0	0	0	0	0	1.69629	5.19172	0.268	0	4.92372	0.03769	0	0	-1.6204	4.41282	21.5955	117.944	67.0559
GLY_77	-1.42873	0.25598	1.83417	-0.00011	0	0	0.75844	2.31727	0	0	0.28091	-0.23879	0	0	0	0	0	0	0.932	0	0	0	0	-2.36598	0	0	1.435	5.74584	9.52602	103.308	60.6917
LYS_78	-6.14764	0.68551	6.81901	-0.797	0.61972	0.73991	4.43262	8.06897	0.00806	0.07868	-2.97523	-0.22287	0	0	0	0	0	0	0.15134	15.4565	7.92958	7.52693	0	0.36909	0	0	-0.8895	4.50706	46.3608	212.863	39.137
ARG_79	-5.58566	0.8788	4.93994	-0.52897	0.11274	0.32507	1.54056	5.68877	0	0	-2.08747	0.27027	0	0	0	0	-0.84636	0	0.01522	5.13992	2.50847	2.63146	0	0.33223	0	0	-0.1423	0.19746	15.3901	103.132	161.868
VAL_80	-7.41502	1.23785	3.92701	-0.2922	0.13748	0.05978	2.21122	6.65532	0.00061	0.00191	-0.08108	-0.53309	0	0	0	0	0	0	-0.08395	0.43185	9e-05	0.43176	0	0.13389	0	0	2.7371	0.17161	9.73215	171.489	10.5113
LYS_81	-7.0739	2.50735	6.73896	-0.48759	0.31294	0.18794	3.25631	7.42127	0.00288	0.0418	-3.27333	0.42664	0	0	0	0	-0.52158	0	-0.04195	7.24295	3.70391	3.53904	0	0.49269	0	0	-0.8895	0.9552	24.542	179.7	72.3003
THR_82	-5.3992	0.30466	4.81441	-0.2022	0.09799	0.10108	3.2051	6.59075	0.01812	0.11714	-1.39265	-1.24901	0	0	0	0	0	0	0.12566	1.22552	0.43624	0.78928	0	1.26946	0	3.11312	-0.9333	2.81186	15.844	171.092	2.90771
VAL_83	-6.04736	1.63198	3.60087	-0.37293	0.25603	0.10108	3.4838	6.20183	0	0	-2.16925	-0.64655	0	0	0	0	0	0	0.10948	4.04422	2.86438	1.17985	0	0.51792	0	0	2.7371	3.42687	20.9193	164.901	17.0991
ILE_84	-5.37344	0.75193	1.77316	-0.57557	0.31845	0.12365	1.64117	4.20771	0.034	0.16582	-1.79601	0.13588	0	0	0	0	0	0	-0.1128	4.84847	3.25065	1.59782	0	-1.12916	0	0	1.8006	1.28638	12.9487	195.981	11.0189
GLN_85	-4.84133	0.87805	3.26424	-0.4213	0.14098	0.38015	2.75569	5.05267	0	0	-2.07291	-0.72396	0	0	0	0	0	0	1.52749	8.00587	0.56194	0	7.44393	0.06184	0	0	-0.1077	0.66379	22.5694	139.62	77.3802
LYS_86	-6.66615	1.07306	5.13468	-0.85252	0.4048	0.85448	2.67098	6.03299	0.00065	0.00362	-0.54611	-0.04557	0	0	0	0	-0.36871	0	1.18542	10.583	2.6084	7.97457	0	0.29581	0	0	-0.8895	1.31624	30.7701	215.497	36.5033
GLU_87	-4.30102	0.20201	4.95495	-0.20136	0.06661	0.2093	3.11579	5.60328	0	0	-2.49	-0.32901	0	0	0	0	0	0	0.12206	22.241	17.1085	0	5.13251	0.37456	0	0	-1.6358	0.73892	50.9122	146.534	76.4661
GLY_88	-1.38985	0.47323	1.74993	-0.00016	0	0	0.31493	1.95535	0	0	0.02787	-0.36208	0	0	0	0	0	0	0.23725	0	0	0	0	-1.95667	0	0	1.435	2.99195	5.47675	86.5844	77.4156
ASP_89	-3.77108	0.54686	5.11825	-0.29174	0.12567	0.98371	3.05071	5.91519	0.11015	0.61446	-3.79745	0.2893	0	0	0	-0.84327	0	0	1.96554	4.53162	0.36148	0	4.17014	-1.16366	0	0	-1.6204	6.14327	22.4388	144.455	40.5452
ASN_90	-4.76952	0.13824	4.98736	-0.20696	0.02368	0.40123	3.06029	6.44409	0.04943	0.16537	-1.75596	-0.40432	0	0	0	-0.01223	0	0	2.6556	15.4382	10.2536	0	5.1846	-0.03631	0	0	-0.3009	6.70722	48.0228	116.15	67.8502
LYS_91	-6.94942	1.27107	5.63522	-0.44036	0.14734	0.16308	2.92946	6.63773	0.13481	0.59052	-1.9713	0.22839	0	0	0	0	0	0	-0.05531	11.4452	7.42639	4.01879	0	-0.0076	0	0	-0.8895	2.87556	33.1901	153.243	98.757
PHE_92	-8.48677	1.48089	4.08693	-0.65455	0.09797	0.47807	3.45435	7.46837	0	0	-2.0306	0.01648	0	0	0	0	0	0	0.11463	10.7302	6.10195	0	4.6282	-0.12148	0	0	1.9602	-0.50889	28.8159	223.731	13.2695
VAL_93	-5.78411	1.21669	3.24055	-0.30333	0.1349	0.06638	3.09862	5.48742	0	0	-2.78346	-0.60647	0	0	0	0	0	0	0.47801	2.38203	0.42647	1.95556	0	-1.13317	0	0	2.7371	-0.45921	10.154	163.811	18.1894
GLN_94	-7.00541	1.54242	5.77814	-0.91378	0.54706	1.25411	3.807	7.49228	0.04898	0.14586	-3.20172	-1.69449	0	0	0	0	0	0	0.12643	12.0689	2.6603	0	9.40859	-0.22439	0	0	-0.1077	-0.02481	31.7077	204.802	12.1979
THR_95	-4.91242	1.11654	3.94567	-0.13124	0.03644	0.04942	3.29743	5.82204	0	0	-2.46531	0.51505	0	0	0	0	0	0	0.32158	0.7209	0.24226	0.47863	0	-0.35298	0	2.39549	-0.9333	0.27221	10.4184	143.861	30.1393
GLN_96	-7.13586	2.23334	5.74964	-0.41899	0.10966	0.31553	4.18525	8.07173	0.00365	0.04637	-2.91173	-0.73975	0	0	0	0	0	0	0.03926	6.55041	1.0674	0	5.48301	-0.20934	0	0	-0.1077	-0.14319	22.1887	208.788	8.21234
PHE_97	-6.01827	0.88917	4.69404	-0.88378	0.07431	0.47065	3.20283	6.75986	0	0	-0.43357	0.16076	0	0	0	0	0	0	0.4976	4.32642	0.05826	0	4.26816	0.15621	0	0	1.9602	0.10805	20.2909	137.871	99.1295
GLY_98	-3.29531	0.57038	2.80617	-9e-05	0	0	1.69798	4.15802	0.00288	0.0418	0.13579	-0.3125	0	0	0	0	0	0	2.06571	0	0	0	0	-1.50122	0	0	1.435	4.68596	12.4906	149.178	14.8225
ASP_99	-3.70643	0.49723	4.77566	-0.12403	0.00803	0.41418	1.69721	5.00159	0	0	1.33229	0.25006	0	0	0	0	0	0	3.11638	16.662	9.62977	0	7.03226	-0.04944	0	0	-1.6204	4.71701	49.6334	119.793	65.2068
LYS_100	-5.60673	1.05478	5.65231	-0.79233	1.35064	0.81998	2.8076	5.86217	0.14516	0.25147	0.73965	-0.14693	0	0	0	0	0	0	0.1113	11.532	0.75304	10.7789	0	0.19419	0	0	-0.8895	3.63587	38.2536	165.942	86.0584
GLU_101	-3.69399	0.67692	3.13192	-0.1984	0.08369	0.31356	1.30793	4.07606	0.00116	0.00674	0.31581	-0.40737	0	0	0	0	0	0	1.01563	19.0501	12.2102	0	6.83984	0.90736	0	0	-1.6358	8.21714	52.2185	120.418	102.582
VAL_102	-7.00145	2.63775	2.43749	-0.3327	0.26193	0.07901	2.77626	5.62137	0	0	-2.07667	0.06384	0	0	0	0	0	0	-0.11186	3.71268	1.96435	1.74833	0	0.27916	0	0	2.7371	4.93168	19.7283	181.23	0.76969
LYS_103	-5.15998	0.59915	4.6391	-0.50777	0.16863	0.22385	3.53893	6.2146	0	0	-2.34878	0.08342	0	0	0	0	0	0	0.83637	16.1192	12.4581	3.66115	0	0.47348	0	0	-0.8895	0.46253	40.5725	150.204	101.796
ILE_104	-8.78757	3.4419	3.57881	-0.56022	0.41144	0.12996	3.15653	7.3693	0.04898	0.14586	-2.80767	0.19879	0	0	0	0	0	0	0.00561	9.80128	5.28716	4.51412	0	-0.85812	0	0	1.8006	0.1996	27.0764	202.644	4.35609
ILE_105	-7.02571	1.94978	4.02826	-0.43662	0.36918	0.07703	3.45396	6.22354	0	0	-2.48192	0.11016	0	0	0	0	0	0	-0.10047	5.48819	4.65574	0.83245	0	-0.83499	0	0	1.8006	-0.37575	17.7334	165.739	41.2613
ARG_106	-9.53024	2.08174	5.9671	-0.45665	0.05454	0.2531	4.33779	8.65312	0.00204	0.00833	-2.18728	0.00613	0	0	0	0	-0.59007	0	-0.0707	11.1163	7.7648	3.35151	0	-0.19087	0	0	-0.1423	0.24283	30.6712	257.538	7.46205
GLU_107	-6.70037	1.18441	7.043	-0.61124	0.10244	1.10403	3.78694	8.61194	0	0	-1.71164	-1.08926	0	0	0	0	0	0	-0.16869	9.09416	1.8861	0	7.20806	0.47439	0	0	-1.6358	0.95505	29.5335	175.64	47.3599
PHE_108	-7.94564	1.2069	4.47008	-0.79051	0.09189	0.29642	2.50575	7.5849	0.00198	0.00807	-0.69174	-0.44393	0	0	0	-0.01223	0	0	1.45854	3.91778	0.64515	0	3.27263	0.22266	0	0	1.9602	2.62881	20.3877	222.143	14.8566
ASN_109	-2.41947	0.09376	3.0572	-0.17007	0.06337	0.27602	1.60834	3.84733	0	0	-0.13806	-0.33158	0	0	0	0	0	0	0.96456	5.79898	3.9133	0	1.88569	0.26266	0	0	-0.3009	2.42153	20.8327	68.7081	115.292
GLY_110	-2.18275	0.36931	2.04567	-0.00013	0	0	1.00506	3.03791	0.07596	0.4552	0.03368	-0.30319	0	0	0	0	0	0	0.31079	0	0	0	0	-2.44819	0	0	1.435	2.67985	6.51416	127.543	36.4567
ASP_111	-2.17189	0.21916	3.21658	-0.20085	0.00022	0.63711	1.17765	3.51531	0.06639	0.20657	-0.99983	0.33001	0	0	0	0	0	0	0.03009	9.06302	2.75722	0	6.3058	0.19725	0	0	-1.6204	2.77239	25.5018	75.2082	109.792
GLU_112	-5.1723	0.9122	4.9302	-0.16482	0.02403	0.21261	2.80116	6.09558	0	0	-1.29234	-0.52732	0	0	0	0	0	0	0.01114	5.39652	0.38955	0	5.00697	0.48268	0	0	-1.6358	1.29062	18.7607	157.537	65.4629
VAL_113	-7.26189	1.74012	2.91909	-0.26914	0.18022	0.06479	2.83979	6.46077	0	0	-2.19301	-0.38031	0	0	0	0	0	0	0.6728	3.29972	3.00122	0.2985	0	-0.97678	0	0	2.7371	0.87522	14.0082	182	0
VAL_114	-4.10676	0.59773	2.9464	-0.3174	0.30578	0.07331	2.42683	4.90383	0.00561	0.01866	-2.06801	-0.36408	0	0	0	0	0	0	1.42087	4.33729	0.10511	4.23218	0	-0.5184	0	0	2.7371	-0.13678	16.5993	117.686	64.3144
VAL_115	-7.50496	3.30461	3.08378	-0.24634	0.1713	0.0468	3.45237	6.44897	0.00056	0.00244	-1.74125	0.1022	0	0	0	0	0	0	-0.10443	2.58878	2.2387	0.35008	0	-0.52176	0	0	2.7371	-0.34924	14.0597	181.488	0.512343
THR_116	-4.26035	0.6501	3.9261	-0.19668	0.15973	0.08111	2.95356	5.31038	0.00561	0.01866	-1.889	-0.01824	0	0	0	0	0	0	2.74504	9.76625	9.2588	0.50744	0	0.62735	0	2.45692	-0.9333	1.87811	33.0476	100.431	73.5695
ALA_117	-5.32786	1.68303	2.28123	-0.02399	0.00124	0	3.17065	5.56524	0	0	-2.30995	-0.29397	0	0	0	0	0	0	0.06673	0	0	0	0	0.13598	0	0	2.2619	1.88431	9.09453	151.975	1.02469
SER_118	-3.89903	0.42754	4.15412	-0.03342	0	0.07309	3.30388	5.4825	0.00116	0.00674	-2.56821	0.20214	0	0	0	0	0	0	-0.04129	3.12486	0.75764	2.36722	0	-0.40372	0	0.60288	-0.539	0.80715	13.8262	123.363	38.6369
CYS_119	-6.17248	1.79288	3.62399	-0.02923	0	0.01921	1.98118	4.35663	0	0	-0.41853	-0.14085	0	0	0	0	0	0	0.64538	8.49833	5.88703	2.6113	0	0.12866	0	0	4.3148	3.05021	30.1485	136.312	19.6877
ASP_120	-1.66888	0.4699	1.69776	-0.22514	0.00289	0.72822	0.38477	1.62766	0	0	0.71011	0.00899	0	0	0	0	0	0	1.09192	4.53787	0.00469	0	4.53318	0.12025	0	0	-1.6204	3.41593	15.8197	69.0173	115.983
GLY_121	-1.21684	0.16939	1.36314	-0.00012	0	0	0.13432	1.88963	0	0	0.70077	-0.24203	0	0	0	0	0	0	0.35769	0	0	0	0	-0.13449	0	0	1.435	4.94586	9.40234	86.8894	77.1106
VAL_122	-5.39573	1.30774	3.25996	-0.28301	0.21295	0.07215	2.44929	5.2342	0	0	-1.29724	-0.50492	0	0	0	0	0	0	-0.10754	5.64283	5.35625	0.28658	0	-0.69192	0	0	2.7371	3.88102	22.1597	164.061	17.9391
THR_123	-2.83722	0.62186	1.82478	-0.13053	0.04355	0.05008	0.97826	2.94321	0	0	-0.6856	0.49084	0	0	0	0	0	0	0.008	1.15304	0.54334	0.6097	0	-0.35422	0	2.44892	-0.9333	0.34016	7.11485	79.4283	94.5717
SER_124	-4.81433	1.86297	4.05321	-0.02351	0	0.02579	3.1786	5.68305	0.00131	0.01067	-1.58942	-0.60781	0	0	0	0	0	0	0.43489	14.2776	11.4995	2.77807	0	-0.49714	0	0.64149	-0.539	-0.17598	36.2	158.419	3.5814
VAL_125	-2.93762	0.22602	2.25629	-0.36163	0.16899	0.09466	1.26666	3.17559	0	0	-0.75684	-0.62523	0	0	0	0	0	0	0.75929	6.33208	5.18788	1.14421	0	0.71984	0	0	2.7371	1.52718	20.9144	103.073	78.9267
ARG_126	-7.77691	2.68416	4.73889	-0.53162	0.13202	0.34656	3.39433	6.59871	0.00169	0.00458	-0.29978	0.03668	0	0	0	0	0	0	1.26264	4.43509	0.75584	3.67925	0	-0.36977	0	0	-0.1423	1.53001	20.4801	254.994	10.0062
THR_127	-5.42491	1.23127	4.50211	-0.14612	0.06135	0.05449	2.47022	6.01308	0.05691	0.30976	-1.01812	0.29867	0	0	0	0	0	0	0.51331	1.14801	1.04628	0.10173	0	0.02722	0	2.57821	-0.9333	-0.18392	12.7063	136.356	37.644
TYR_128	-10.7213	5.21707	4.60553	-0.46612	0.36044	0.16282	4.01628	8.31112	0.00353	0.05731	-2.95919	-0.17199	0	0	0	0	-0.59007	0	0.30019	6.24544	1.424	0	4.82144	0.04864	0.00095	0.00191	1.7379	-0.306	22.0999	248	0
LYS_129	-5.97454	1.19338	6.95365	-0.82787	1.27182	0.69632	3.41058	7.5464	0.07349	0.22661	-4.73004	0.39805	0	0	0	0	0	0	0.90336	7.53976	2.04546	5.4943	0	0.46397	0	0	-0.8895	0.1552	25.9504	169.339	82.6606
ARG_130	-7.31681	1.08463	6.95345	-0.69637	0.24358	0.42409	3.11775	8.07343	0.07596	0.4552	-3.66595	0.55917	0	0	0	-0.52684	0	0	1.14912	4.5462	0.98973	3.55647	0	-0.10282	0	0	-0.1423	0.11306	18.8908	200.122	64.8779
ILE_131	-3.5386	1.08978	3.62547	-0.61505	0.41035	0.30744	1.59972	4.14503	0	0	-1.68491	-1.01978	0	0	0	0	0	0	0	1.29856	0.55864	0.73992	0	0	0	0	1.8006	-0.35116	8.36602	62.1566	144.843