label	fa_atr	fa_rep	fa_sol	fa_intra_atr_xover4	fa_intra_rep_xover4	fa_intra_sol_xover4	lk_ball	lk_ball_iso	lk_ball_bridge	lk_ball_bridge_uncpl	fa_elec	fa_intra_elec	pro_close	hbond_sr_bb	hbond_lr_bb	hbond_bb_sc	hbond_sc	dslf_fa13	omega	fa_dun	fa_dun_dev	fa_dun_rot	fa_dun_semi	p_aa_pp	yhh_planarity	hxl_tors	ref	rama_prepro	total	BSA	SASA
MET_1	-4.22693	24.4861	3.13262	-0.47248	1.7643	0.09072	1.61533	3.37877	0	0	-0.92706	1.17977	0	0	0	0	0	0	0.23758	32.8833	21.7258	11.1575	0	0	0	0	1.4633	0	97.4886	104.868	157.132
PHE_2	-5.54525	23.8381	2.90396	-0.60717	0.06496	0.3241	1.16153	3.9932	0.03563	0.31416	-0.59566	0.09087	0	0	0	0	0	0	0.20479	3.60454	0.66594	0	2.9386	0.0398	0	0	1.9602	-0.06903	35.3233	164.872	72.1278
ILE_3	-5.55672	1.489	2.28693	-0.48882	1.09512	0.10371	1.1914	3.92104	0	0	-0.27372	0.09729	0	0	0	0	0	0	-0.05947	0.8665	0.29927	0.56723	0	-1.19038	0	0	1.8006	-0.698	5.45099	128.629	78.3708
LYS_4	-5.3556	2.32857	6.71342	-0.31764	0.11317	0.18745	3.38048	7.7145	0.01764	0.05387	-1.72353	-0.20305	0.02048	0	0	0	0	0	0.54066	5.77807	3.10598	2.67209	0	0.03021	0	0	-0.8895	1.90259	26.0699	204.096	47.9037
PRO_5	-2.38486	1.50394	1.61615	-0.1218	0.00024	0.08827	0.61516	2.08272	0	0	-0.18592	0.28449	0.02131	0	0	0	0	0	-0.02366	0.49115	0.13255	0.3586	0	-1.80683	0	0	-4.6787	1.96136	-0.04581	89.3556	109.644
GLY_6	-3.10667	0.81125	4.1778	-0.00027	0	0	2.40536	5.38694	0.04731	0.64253	-0.20397	-0.16103	0	0	0	0	0	0	-0.13756	0	0	0	0	-2.47284	0	0	1.435	-0.32236	8.5015	133.065	30.9348
ARG_7	-3.07838	0.12963	2.49398	-1.00154	0.49758	0.78397	0.72828	3.11355	0	0	-0.3627	0.56419	0	0	0	0	0	0	0.10931	5.02629	1.34854	3.67775	0	0.09006	0	0	-0.1423	0.46944	14.4477	84.3121	180.688
CYS:disulfide_8	-5.24679	1.60267	3.35451	-0.04381	0	0.01644	1.06684	4.46205	0	2e-05	-0.89159	-0.22377	0.02419	0	0	-0.85444	0	-0.5891	0.52967	0.62106	0.11147	0.50958	0	0.39932	0	0	4.3148	2.62919	11.7923	132.758	23.2422
PRO_9	-4.34556	1.32264	2.07595	-0.20855	0.02035	0.15241	0.81828	1.84346	0.02597	0.38497	-0.01689	0.07664	0.06312	0	0	0	0	0	0.04068	0.45986	0.03176	0.4281	0	-1.30773	0	0	-4.6787	2.30311	-0.51014	166.594	32.4059
LYS_10	-1.90385	0.4098	1.23099	-0.72047	1.63701	0.63968	0.16988	1.56182	0	0	0.29845	-0.22438	0.32151	0	0	0	0	0	0.06244	8.83094	5.26746	3.56349	0	0.19987	0	0	-0.8895	2.79569	23.2508	82.9759	169.024
PRO_11	-5.28994	0.92708	1.68534	-0.18106	0.00233	0.1267	0.64186	2.13698	0	0	-0.66869	0.14885	0.3356	0	0	0	0	0	-0.05553	0.86039	0.07767	0.78272	0	-1.74851	0	0	-4.6787	2.4719	-2.42502	187.232	11.7682
ALA_12	-1.69248	0.17401	1.35292	-0.02392	0	0	0.82608	2.11909	0	0	-0.37799	-0.19374	0	0	0	0	0	0	-0.02644	0	0	0	0	-0.21196	0	0	2.2619	-1.19569	3.01178	74.6861	78.3139
VAL_13	-5.5574	1.51044	0.92283	-0.29666	0.28718	0.05472	1.12162	3.71449	0	0	-0.28755	0.05932	0	0	0	0	0	0	0.04193	0.06422	0.00574	0.05848	0	-0.31237	0	0	2.7371	0.10439	4.22847	149.726	32.2736
GLN_14	-7.00649	0.78114	5.80302	-0.72782	0.19405	0.51133	3.00596	7.58387	0.00812	0.10846	-3.20156	-0.21426	0	0	0	-1.61876	0	0	-0.0058	3.88701	0.47799	0	3.40902	0.23628	0	0	-0.1077	1.0584	14.1823	178.77	38.2304
GLU_15	-2.56	0.55822	3.37085	-0.22219	0.07309	0.27697	1.03579	3.90138	0.0198	0.2223	-0.4447	-0.43812	0	0	0	-0.84344	0	0	0.10491	5.34328	0.22106	0	5.12221	-0.05999	0	0	-1.6358	-0.4169	13.6287	95.631	127.369
ASP_16	-1.63977	0.27648	2.24819	-0.12645	0.07677	0.40109	0.70614	2.55406	0	0	0.07069	-0.83533	0	0	0	0	0	0	0.14568	3.15788	7e-05	0	3.15781	-0.95176	0	0	-1.6204	-0.55394	7.06721	51.288	133.712
PHE_17	-9.03319	2.86568	1.33004	-0.83476	0.08232	0.13051	0.76768	5.26811	0.00434	0.01213	-0.02861	-0.42527	0	0	0	0	0	0	0.11708	3.06511	0.45952	0	2.60559	0.27847	0	0	1.9602	0.0215	8.64647	227.754	9.24637
ASP_18	-5.30186	0.34612	6.19874	-0.24496	0.17	0.81556	3.80449	7.48138	0.0034	0.05746	-2.48931	-1.0864	0	0	0	-0.78484	0	0	-0.05025	2.60876	0.08518	0	2.52358	-0.87224	0	0	-1.6204	0.0131	11.6575	125.151	59.8492
ALA_19	-3.87851	0.71867	3.15023	-0.0222	0	0	2.14523	5.07003	0.00434	0.01213	-0.75894	-0.3524	0	0	0	0	0	0	-0.11366	0	0	0	0	-0.56493	0	0	2.2619	0.05672	7.7286	113.642	39.3579
ALA_20	-3.04154	0.58384	2.94026	-0.02269	0	0	1.59714	4.24432	0	0	-0.7276	-0.36093	0	0	0	0	0	0	-0.14767	0	0	0	0	-0.67655	0	0	2.2619	-0.12154	6.52895	63.5102	89.4898
ARG_21	-6.07722	0.69708	5.71724	-0.64514	0.23281	0.41245	2.16629	6.65086	0.01739	0.11498	-2.2002	0.30233	0	0	0	0	0	0	-0.09893	3.01305	0.10383	2.90922	0	-0.09984	0	0	-0.1423	-0.57505	12.4988	120.648	144.352
TYR_22	-9.90843	1.17869	3.43431	-0.84632	0.08749	0.45304	3.68342	7.5132	0	0	-2.31068	-0.24154	0	0	0	-0.67909	-0.59824	0	-0.07004	5.45725	0.10489	0	5.35236	-0.04521	0	0	1.7379	-0.70473	13.5983	248	0
LEU_23	-6.94643	1.26118	3.90495	-0.48616	0.76496	0.08422	2.85929	6.86274	0	0	-1.73157	0.51783	0	0	0	-0.55131	0	0	0.19347	1.06915	0.76122	0.30794	0	0.3775	0	0	1.3223	0.4835	11.0548	165.052	44.9476
GLY_24	-3.20325	0.30116	3.74716	-0.00056	0	0	3.00867	5.12496	0.01105	0.03406	-2.1074	-0.26018	0	0	0	0	0	0	0.01346	0	0	0	0	-2.52305	0	0	1.435	1.48546	7.06655	131.485	32.5155
VAL_25	-4.34297	0.42807	2.34898	-0.27148	0.35606	0.05394	1.41426	4.41405	0	0	-0.904	0.04127	0	0	0	-0.36236	0	0	0.66569	0.31513	0.00093	0.3142	0	-0.89299	0	0	2.7371	0.31888	6.63476	109.795	72.2046
TRP_26	-14.1092	3.09957	6.20611	-0.80067	0.03277	0.30325	4.06022	12.071	0.02432	0.07861	-4.3568	-0.17823	0	0	0	-0.67909	0	0	0.0356	1.9805	0.04342	0	1.93707	-0.03531	0	0	3.7077	-0.51034	12.9106	268.88	1.12049
TYR_27	-9.4815	1.44763	4.95677	-0.62563	0.13105	0.32895	3.59006	8.06512	0	0	-2.97029	-0.13703	0	0	0	0	0	0	0.22498	2.86561	0.10207	0	2.76354	-0.17333	0	0	1.7379	-0.43176	12.3941	180.593	67.4066
ASP_28	-6.7625	1.9291	8.6872	-0.17669	0.00701	0.53023	4.26398	9.97563	0.09576	0.60229	-1.30587	-0.6023	0	0	0	-0.99993	0	0	-0.09905	4.01148	0.19704	0	3.81444	-0.52781	0	0	-1.6204	-0.5922	21.4274	175.299	9.70121
ILE_29	-8.37054	1.8396	4.89657	-0.66441	1.26991	0.15229	2.83512	7.5749	0.08721	0.43542	-2.33599	0.26238	0	0	0	0	0	0	1.83905	1.54614	0.50535	1.04079	0	-0.9128	0	0	1.8006	0.25511	14.0567	197.778	9.22218
GLN_30	-7.75032	1.49712	6.38112	-0.24269	0.0246	0.15961	4.36007	8.14891	0.03573	0.16087	-2.39154	-0.66457	0	0	0	0	-0.93386	0	0.00847	4.2807	0.42208	0	3.85861	-0.18346	0	0	-0.1077	0.40702	17.4708	197.938	19.0619
ARG_31	-10.4161	1.89297	10.3989	-0.92814	1.20346	0.81044	5.41914	11.6184	0.08045	0.56452	-4.41585	0.06858	0	0	0	0	-0.53452	0	0.40899	4.76144	1.04478	3.71666	0	-0.16804	0	0	-0.1423	0.05535	25.4391	252.213	12.7873
LEU_32	-7.4351	1.8876	3.21505	-0.49691	2.80316	0.07605	2.62207	6.19592	0	0	-1.33274	0.44202	0.29206	0	0	-0.08221	0	0	0.12617	2.08803	1.49284	0.5952	0	-0.10832	0	0	1.3223	1.93004	15.6332	208.463	1.53703
PRO_33	-4.41915	1.38693	1.59642	-0.11974	0.00815	0.08798	0.4597	2.11431	0	0	-0.35503	0.24132	0.32566	0	0	0	0	0	-0.18499	0.45667	0.33788	0.1188	0	-1.61206	0	0	-4.6787	1.67755	-2.5583	165.822	33.1779
ASN_34	-6.56458	0.79301	4.49632	-0.34891	0.08754	0.63908	2.89976	6.51198	0	0	-0.64479	-0.67659	0	0	0	-0.90895	0	0	0.2082	2.6031	0.02622	0	2.57688	-0.27754	0	0	-0.3009	-0.01038	11.1095	159.396	24.604
LYS_35	-3.08344	0.54027	2.73608	-0.57934	0.68009	0.37835	0.95256	3.28122	0	0	0.18521	0.04293	0	0	0	0	0	0	0.39768	2.94197	0.61664	2.32533	0	-0.26403	0	0	-0.8895	-0.22041	10.0416	92.5453	159.455
PHE_36	-5.46807	0.94356	2.5857	-0.78259	0.17452	0.34309	1.24154	4.50739	0.12137	0.4334	0.26509	-0.54475	0	0	0	-0.08106	0	0	0.27034	6.90625	1.55133	0	5.35492	0.09119	0	0	1.9602	-0.11549	19.7579	105.256	131.744
GLN_37	-6.24341	0.51652	5.98539	-0.2792	0.0282	0.19565	2.6342	7.13551	0.0299	0.24504	-1.13352	-0.31834	0	0	0	-0.74568	0	0	-0.05516	7.13212	1.56746	0	5.56467	0.37155	0	0	-0.1077	0.45069	22.9739	186.028	30.9723
LYS_38	-3.38608	0.50404	4.62852	-0.37692	0.15334	0.24211	1.92413	5.05409	0.12137	0.4334	-0.96129	-0.30372	0	0	0	-1.0905	0	0	-0.08051	8.24576	5.85804	2.38772	0	-0.00333	0	0	-0.8895	0.09333	22.554	119.98	132.02
GLY_39	-2.99792	0.61974	3.48111	-0.00059	0	0	1.42809	4.37301	0	0	-1.08138	-0.21005	0	0	0	-0.42991	0	0	-0.07107	0	0	0	0	-1.69478	0	0	1.435	1.07911	5.93035	156.956	7.04369
GLU_40	-6.8922	2.257	8.22308	-0.36524	0.20599	0.7018	5.59731	9.40987	0.05564	0.21029	-4.98812	-0.74199	0	0	0	-0.40761	-0.53452	0	0.33752	3.50997	0.06471	0	3.44526	0.90198	0	0	-1.6358	3.28094	22.6359	186.756	36.2437
CYS:disulfide_41	-7.13337	3.23122	4.14526	-0.04618	0.01537	0.02201	2.53164	5.79209	0.05566	0.21037	-1.00943	-0.44569	0	0	0	0	0	-0.57968	1.16926	1.45266	1.38508	0.06758	0	0.50575	0	0	4.3148	3.15285	18.8372	154.367	1.63284
ALA_42	-4.60164	1.28264	3.3654	-0.02505	0	0	2.50714	5.69872	0.05533	0.36756	-2.51086	-0.21693	0	0	0	0	0	0	0.40606	0	0	0	0	-0.0243	0	0	2.2619	0.51292	9.07888	143.778	9.22218
THR_43	-5.45873	0.87039	4.4975	-0.24116	0.5066	0.09005	4.00227	6.54973	0	0	-2.95273	-0.36704	0	0	0	0	0	0	0.39049	2.80848	1.12518	1.6833	0	-0.26016	0	5.02681	-0.9333	-0.80947	16.5282	160.886	13.1136
ALA_44	-4.45419	0.46855	2.83123	-0.02505	0.00081	0	3.1659	5.31001	0.00123	0.00447	-2.40829	-0.388	0	0	0	0	0	0	0.16873	0	0	0	0	1.05349	0	0	2.2619	0.2819	8.27269	142.496	10.5042
THR_45	-5.16718	0.57001	4.18973	-0.18149	0.22148	0.06832	3.13712	6.26625	0	0	-2.24076	-0.57911	0	0	0	0	0	0	-0.15638	0.24163	0.04799	0.19364	0	-0.05146	0	5.03817	-0.9333	0.59686	11.2615	136.437	37.5632
TYR_46	-9.81148	2.30443	2.51855	-0.61454	0.3952	0.35757	3.70325	6.89454	0.00123	0.00447	-2.63537	-0.16477	0	0	0	0	0	0	0.75228	5.40647	0.60491	0	4.80155	-0.03358	0	0	1.7379	-0.15866	16.0639	240.864	7.13646
SER_47	-3.88126	0.63186	4.37696	-0.02971	0.00783	0.02033	2.78643	5.6162	0.01542	0.12621	-2.298	-0.71252	0	0	0	0	0	0	-0.00107	1.49795	0.4056	1.09236	0	-0.4162	0	4.04	-0.539	-0.39575	12.3436	107.691	54.3091
LEU_48	-2.14906	0.47945	1.38045	-0.48323	0.51257	0.08707	0.40271	2.02364	0	0	-0.19141	0.43786	0	0	0	0	0	0	1.29627	0.78165	0.15452	0.62713	0	0.1618	0	0	1.3223	-0.01829	6.82543	62.9859	147.014
SER_49	-3.38884	2.19678	3.90594	-0.04758	0.01425	0.07102	1.25888	4.53847	0.0231	0.09684	1.6256	-0.64629	0.51981	0	0	0	0	0	0.14398	1.07483	0.26875	0.80608	0	-0.12592	0	4.04	-0.539	3.05861	18.8953	137.555	24.4451
PRO_50	-2.67759	1.99575	1.79548	-0.07921	0	0.04905	0.66202	1.68875	0	0	0.69386	0.69354	0.52609	0	0	0	0	0	-0.04424	1.59796	0.73969	0.85827	0	0.76311	0	0	-4.6787	2.926	7.50982	115.26	83.7401
GLY_51	-3.51177	0.49973	2.55732	-0.00024	0	0	0.85251	3.98895	0.06163	0.35326	0.38177	-0.156	0	0	0	0	0	0	0.31727	0	0	0	0	-2.04761	0	0	1.435	0.58703	5.31883	159.296	4.70386
VAL_52	-5.96056	1.65856	2.46089	-0.31929	0.34707	0.06673	1.90856	5.69915	0.01306	0.12539	0.92532	0.14216	0	0	0	0	0	0	-0.05072	0.9732	0.0067	0.9665	0	0.90805	0	0	2.7371	1.05041	13.6583	165.222	16.7782
GLY_53	-2.06677	0.59291	1.62906	-0.00028	0	0	0.55734	2.4799	0.08945	0.53211	0.05135	-0.21066	0	0	0	0	0	0	-0.04719	0	0	0	0	-2.45869	0	0	1.435	0.4987	3.08223	130.438	33.5618
PHE_54	-8.09806	1.40234	1.50164	-0.89892	0.11184	0.52982	3.13439	5.74849	0	0	-2.60985	-0.21584	0	0	0	0	0	0	0.23529	3.27319	1.02376	0	2.24944	-0.82215	0	0	1.9602	0.27809	8.80367	228.692	8.30791
SER_55	-5.27631	0.86674	5.25639	-0.04134	0.00765	0.06166	3.18241	6.61716	0.0107	0.0442	-2.21658	-0.55826	0	0	0	0	0	0	2.33162	0.74197	0.02117	0.72079	0	-0.19486	0	4.04	-0.539	0.07995	15.1561	154.972	7.02802
VAL_56	-7.25141	1.43365	2.29461	-0.26534	0.33022	0.05494	2.51401	6.26868	0	0	-1.66226	-0.20106	0	0	0	0	0	0	0.32922	0.99677	0.42903	0.56774	0	-1.22757	0	0	2.7371	-0.49606	6.85226	180.176	1.82445
PHE_57	-6.42683	7.487	4.08929	-0.74746	0.15573	0.14584	3.00382	6.07665	0	0	-2.07593	-0.4145	0	0	0	0	0	0	-0.09625	3.34144	0.07731	0	3.26413	-0.39133	0	0	1.9602	0.88312	20.3322	130.792	106.208
ASN_58	-5.61994	1.53807	4.46305	-0.17098	0.02204	0.26813	3.66633	6.87217	0.0048	0.01609	-2.58922	-0.26871	0	0	0	0	0	0	-0.00796	2.81248	0.03999	0	2.77249	0.83655	0	0	-0.3009	1.33882	15.6933	152.159	31.8412
ARG_59	-8.09965	8.4482	5.02815	-0.76379	0.93698	0.48911	3.94029	7.14842	0.05207	0.39012	-3.49144	0.12229	0	0	0	-0.85581	0	0	0.31156	5.94174	2.76836	3.17338	0	-0.38282	0	0	-0.1423	-0.28632	24.7285	199.974	65.0259
GLU_60	-7.84791	0.50614	8.83644	-0.33599	0.18554	0.40305	5.53625	10.5358	0.04556	0.27593	-6.13542	-0.5081	0	0	0	-1.52041	0	0	0.21842	4.85271	0.60648	0	4.24624	0.30636	0	0	-1.6358	0.14783	18.7191	206.283	16.7172
ARG_61	-10.3817	1.06917	8.57634	-0.92496	0.89088	0.76761	4.6536	10.7873	0	0	-4.86869	0.17484	0	0	0	-0.24362	0	0	-0.04299	13.0833	8.59072	4.49256	0	0.3451	0	0	-0.1423	0.65168	37.4789	218.635	46.3654
LEU_62	-7.29989	1.12665	5.70173	-0.47965	1.00482	0.08067	3.35085	7.77466	0.06445	0.43584	-2.7881	0.48038	0	0	0	0	0	0	0.12563	0.44703	0.09817	0.34886	0	0.18774	0	0	1.3223	0.52272	12.5049	184.123	25.8769
ALA_63	-1.90474	0.44185	2.21844	-0.02369	1e-05	0	0.87226	2.99594	0	0	0.28325	-0.38758	0	0	0	0	0	0	-0.18175	0	0	0	0	-0.42077	0	0	2.2619	-0.02932	6.12581	72.6418	80.3582
ASN_64	-3.28522	0.95676	3.55104	-0.33667	0.19513	0.62596	1.80215	4.46764	0	0	-0.28551	-1.01056	0	0	0	-0.64656	0	0	-0.14942	2.83917	0.12915	0	2.71002	-0.55594	0	0	-0.3009	-0.62789	10.0783	61.8766	122.123
GLY_65	-2.99254	0.57925	3.42094	-6e-05	0	0	1.64213	4.57151	0	0	-0.99057	-0.37904	0	0	0	0	0	0	-0.26595	0	0	0	0	-2.45665	0	0	1.435	-0.95274	3.61128	134.254	29.7462
THR_66	-4.50228	0.64073	4.47732	-0.17574	0.23053	0.05922	2.45484	5.89134	4e-05	0.00011	-2.07688	-0.43165	0	0	0	-0.64656	0	0	0.35988	1.20285	1.02796	0.17489	0	0.13049	0	5.03065	-0.9333	-0.89201	12.0224	84.8572	89.1428
ILE_67	-5.96124	0.98292	1.19845	-0.665	2.14176	0.13646	0.84728	4.11744	0	0	0.09022	0.57568	0	0	0	0	0	0	-0.14806	3.49944	2.34369	1.15575	0	-0.95317	0	0	1.8006	-0.76238	10.3998	138.687	68.3127
LYS_68	-4.16148	0.66456	4.50092	-0.30337	0.11038	0.10643	2.64566	5.31933	4e-05	0.00011	-0.89009	0.03318	0	0	0	0	0	0	0.26629	12.5418	9.63018	2.9116	0	0.25021	0	0	-0.8895	-0.82258	31.9137	142.707	109.293
SER_69	-3.00437	1.1206	1.72566	-0.03954	0.00748	0.05974	0.64894	2.37793	0	0	-0.74064	-0.44091	0	0	0	0	0	0	0.02509	0.20351	0.03899	0.16452	0	-0.77393	0	4.04	-0.539	-0.47889	4.39517	97.8103	64.1897
VAL_70	-4.65067	1.51702	2.56616	-0.3499	0.44683	0.0829	2.88891	4.91273	0	0	-1.86027	-0.05163	0	0	0	0	0	0	0.02678	1.08627	0.04225	1.04402	0	-0.23348	0	0	2.7371	-0.2046	10.0004	133.063	48.937
ILE_71	-5.36565	1.61506	2.56281	-0.58658	1.63245	0.17051	2.25796	4.7538	0.03811	0.33979	-2.04092	0.01261	0	0	0	0	0	0	0.01723	1.17659	0.10099	1.0756	0	0.12755	0	0	1.8006	0.35479	10.0433	141.207	65.7929
GLY_72	-4.78796	1.35383	3.49199	-0.00199	0	0	2.53588	5.7332	0	0	-2.30979	-0.38234	0	0	0	0	0	0	0.01358	0	0	0	0	-0.96352	0	0	1.435	0.70945	6.82732	164	0
SER_73	-5.54249	0.5011	5.09914	-0.03443	0.00108	0.023	3.99897	6.98674	0.00312	0.03984	-2.0866	-0.61329	0	0	0	0	0	0	0.07165	1.0113	0.22124	0.79006	0	0.08546	0	4.04	-0.539	0.41588	14.4728	150.504	11.4956
ALA_74	-5.36015	1.84516	1.54993	-0.02537	0.00196	0	2.86783	5.06291	0	0	-2.30105	-0.40169	0	0	0	0	0	0	-0.11197	0	0	0	0	0.96999	0	0	2.2619	0.39728	6.75675	152.392	0.60815
ILE_75	-7.51449	1.4356	2.28155	-0.47686	1.6906	0.09306	2.34128	5.62738	0.05435	0.40573	-1.98925	0.09109	0	0	0	0	0	0	0.61395	1.44718	0.7903	0.65688	0	-0.08773	0	0	1.8006	0.92746	10.1887	202.644	4.35609
ALA_76	-3.77239	1.05044	1.16746	-0.02884	0.01195	0	0.59121	3.44169	0	0	0.16957	-0.43188	0	0	0	0	0	0	-0.02823	0	0	0	0	0.68498	0	0	2.2619	1.11468	6.23256	127.294	25.7056
GLU_77	-4.2868	0.56493	3.62774	-0.21577	0.06363	0.29636	0.91932	3.72969	0.12874	0.63809	-0.3834	-0.57951	0	0	0	0	0	0	1.6043	4.39736	0.33157	0	4.06579	-0.55851	0	0	-1.6358	0.10627	12.814	174.05	48.9502
ASP_78	-4.59404	1.43088	6.44793	-0.24229	0.2158	0.79529	3.28792	7.07492	0.00011	0.00169	-1.72439	-1.32362	0.74969	0	0	-0.46412	0	0	-0.14264	2.60961	0.03637	0	2.57324	-0.82402	0	0	-1.6204	2.17911	16.467	121.529	63.4715
PRO_79	-3.44724	1.07087	2.59468	-0.07426	0	0.04605	1.15472	2.82693	0	0	0.08139	0.60414	0.7566	0	0	0	0	0	-0.36526	0.54399	0.07128	0.47271	0	-0.98369	0	0	-4.6787	2.9951	3.6693	122.281	76.7194
CYS_80	-2.64273	0.88525	2.74029	-0.04711	0.01463	0.0229	1.09044	2.99328	0	0	-1.75933	-0.34112	0	0	0	-0.46412	0	0	0.62404	1.05436	0.41671	0.63765	0	0.29684	0	0	4.3148	0.14507	9.98186	36.4133	119.587
GLU_81	-5.18584	0.91263	6.75645	-0.22481	0.09715	0.37384	3.3777	7.0302	0	0	-1.68456	-0.57064	1.21097	0	0	0	0	0	0.35952	4.45163	0.06093	0	4.3907	0.36064	0	0	-1.6358	2.76539	22.8461	164.317	58.6828
PRO_82	-4.50876	1.06808	2.37651	-0.09056	0.00133	0.05696	1.29532	3.29702	0	0	0.56511	0.68741	1.22992	0	0	0	0	0	-0.16708	0.62748	0.01562	0.61185	0	-0.40566	0	0	-4.6787	2.74551	4.72737	146.447	52.5535
ALA_83	-5.4595	1.9847	1.96021	-0.02666	0.01064	0	2.04034	4.90298	0	0	-1.30688	-0.43013	0	0	0	0	0	0	-0.07952	0	0	0	0	0.19631	0	0	2.2619	-0.70813	5.34625	152.488	0.512343
LYS_84	-7.17322	1.67237	5.3299	-0.32516	0.0817	0.18149	2.02901	6.35222	0.12545	0.7204	-2.12241	-0.28495	0	0	0	0	0	0	0.43501	3.35789	0.55331	2.80457	0	0.41304	0	0	-0.8895	0.39168	13.6528	201.922	50.0781
LEU_85	-8.49958	0.99052	3.56619	-0.45182	0.23347	0.08286	3.20151	7.34798	0	0	-2.13082	0.05249	0	0	0	0	0	0	0.80316	13.741	13.2227	0.51822	0	-0.50258	0	0	1.3223	0.78463	34.2822	201.397	8.60268
GLN_86	-7.29693	0.71163	5.93061	-0.50241	0.20303	0.41051	3.25099	7.60485	0.01947	0.06337	-2.31495	-0.32203	0	0	0	0	0	0	-0.1005	10.9692	5.23789	0	5.73129	0.52258	0	0	-0.1077	-0.22957	29.7813	175.04	41.9596
PHE_87	-10.0976	2.62613	1.70839	-0.49777	0.36897	0.16242	2.75349	6.45206	0	0	-2.43566	-0.29154	0	0	0	0	0	0	-0.07565	9.70997	4.549	0	5.16096	-0.18689	0	0	1.9602	-0.39517	21.4713	231.937	5.0626
PHE_88	-9.23302	1.79099	3.00236	-0.63611	0.21329	0.38861	3.13885	6.51437	0.04242	0.26805	-3.16718	0.05143	0	0	0	0	0	0	-0.01468	3.48421	0.60716	0	2.87705	-0.50152	0	0	1.9602	0.12162	10.9081	231.43	5.57024
HIS_89	-5.92715	1.38694	3.39906	-0.39493	0.00013	0.50439	1.71197	5.97333	0.0048	0.01609	-1.49335	-0.30901	0	0	0	0	0	0	0.49778	3.41729	0.13751	0	3.27978	-0.13537	0	0	0.8406	0.22298	13.1328	214.937	26.063
GLU_90	-4.04869	0.64534	3.60031	-0.24872	0.05938	0.27298	1.60605	4.72798	0.03811	0.33979	-0.97475	-0.17048	0	0	0	0	0	0	-0.21328	4.42813	0.88765	0	3.54048	-0.08293	0	0	-1.6358	-0.36269	12.4088	133.768	89.2321
ASN_91	-2.20396	0.43027	2.00821	-0.18866	0.04653	0.31179	0.44934	2.39844	0	0	-0.00421	-0.94645	0	0	0	0	0	0	0.36024	2.33313	0.10826	0	2.22487	-1.42628	0	0	-0.3009	-0.13595	5.46466	67.2616	116.738
ALA_92	-2.56855	0.76538	2.34485	-0.0217	0	0	1.49451	3.65905	0.06724	0.41865	-0.46791	-0.31441	0	0	0	0	0	0	0.52532	0	0	0	0	0.33543	0	0	2.2619	0.27608	8.77584	109.236	43.7635
ALA_93	-1.57355	0.53784	1.37656	-0.02262	0	0	0.83814	2.16355	0	0	-0.18148	-0.15999	0.0302	0	0	0	0	0	0.06479	0	0	0	0	-0.18222	0	0	2.2619	2.33011	7.48324	86.7379	66.2621
PRO_94	-4.3017	1.22973	1.73045	-0.12289	0.0013	0.08913	0.79742	2.27364	0	0	-0.66583	0.25116	0.04035	0	0	0	0	0	0.11206	0.30661	0.04183	0.26478	0	-1.75624	0	0	-4.6787	1.48704	-2.89985	169.831	29.1694
VAL_95	-5.10957	0.87856	3.8188	-0.31711	0.42876	0.07117	2.99664	5.84245	0	0	-2.5247	-0.62181	0.11249	0	0	0	0	0	-0.04894	1.03463	0.0027	1.03193	0	-0.66375	0	0	2.7371	1.63799	11.3073	137.159	44.8406
PRO_96	-4.90165	0.8311	2.80975	-0.19467	0.00302	0.13827	1.39292	3.32735	0	0	-0.16502	0.04028	0.20848	0	0	0	0	0	0.09641	2.20057	1.75443	0.44614	0	-1.2057	0	0	-4.6787	1.85547	3.95849	171.909	27.0908
TYR_97	-9.1503	2.56744	3.41349	-0.70064	0.36216	0.26003	3.67033	6.97217	0.03198	0.11233	-2.41724	-0.59843	0	0	0	0	-0.59824	0	-0.1398	3.56898	0.09172	0	3.47726	-0.24071	0	0	1.7379	1.31265	13.7331	229.358	18.6419
TRP_98	-10.1366	2.36229	5.3401	-0.6506	0.33556	0.31868	3.89766	8.36742	0	0	-3.01565	-0.44415	0	0	0	0	0	0	0.71134	4.36092	0.31678	0	4.04414	0.2199	0	0	3.7077	1.92846	21.664	229.51	40.4899
VAL_99	-7.44991	0.57668	1.39248	-0.28825	0.25036	0.06569	2.35695	5.58058	0.0401	0.22079	-2.21745	-0.21008	0	0	0	0	0	0	-0.02134	0.16855	0.10662	0.06194	0	-0.05252	0	0	2.7371	0.78324	4.10154	182	0
LEU_100	-8.48294	2.66368	2.9201	-0.5318	1.09681	0.12894	1.91177	5.99709	0	0	-0.54568	0.2921	0	0	0	0	0	0	-0.0922	3.7349	3.237	0.49789	0	-0.44027	0	0	1.3223	0.50161	14.2113	204.014	5.9857
SER_101	-4.55376	1.10255	3.97044	-0.03615	0.02378	0.05114	2.47394	5.59674	0.05063	0.17896	-2.44911	0.098	0	0	0	0	0	0	0.45839	0.4113	0.1874	0.2239	0	-0.54746	0	4.04	-0.539	1.06557	11.8073	147.559	14.4407
THR_102	-6.94814	0.77151	2.9904	-0.22938	0.38069	0.09393	3.00087	5.80705	0.01128	0.13355	-0.99761	-0.37939	0	0	0	-0.77532	0	0	0.65306	0.48428	0.01607	0.46821	0	0.14535	0	5.03584	-0.9333	1.56676	11.2957	167.918	6.0815
ASP_103	-5.57116	1.56299	8.03175	-0.2792	0.17511	0.97344	5.05393	9.2536	0.00881	0.09705	-5.54456	-1.97411	0	0	0	-1.15397	-0.77914	0	0.34391	4.27796	0.92773	0	3.35024	-0.44866	0	0	-1.6204	-0.01177	16.6735	136.903	48.0966
TYR_104	-10.1187	1.13341	5.96093	-0.63235	0.05239	0.37608	4.12394	9.14318	0.06364	0.37309	-2.16737	-0.33273	0	0	0	-1.42931	0	0	0.66153	2.4869	0.11357	0	2.37332	-0.48523	0	0	1.7379	1.96281	15.397	230.083	17.9166
ASP_105	-3.52458	1.65575	4.73539	-0.11966	0.02207	0.37608	1.63386	5.31314	0	0	-1.45689	-0.02161	0	0	0	0	0	0	-0.09483	2.75536	0.04977	0	2.70558	0.02846	0	0	-1.6204	2.38382	14.8213	83.6619	101.338
ASN_106	-5.08756	0.7241	5.72275	-0.17946	0.01071	0.27346	3.38139	6.99681	0.08428	0.55098	-3.70083	-0.42814	0	0	0	-0.51054	-0.77914	0	0.22006	3.62029	0.23946	0	3.38083	0.24798	0	0	-0.3009	2.38688	16.8534	114.742	69.2577
TYR_107	-9.47878	1.79445	4.92552	-1.14718	0.54045	0.70433	3.23794	8.58161	0.10401	0.59488	-2.99846	-0.24426	0	0	0	-0.64343	0	0	1.7312	2.58379	0.06216	0	2.52163	-0.71967	0	0	1.7379	2.53626	16.4243	217.194	30.8056
ALA_108	-5.82937	1.74568	2.21046	-0.02174	0	0	2.88746	5.82465	0	0	-2.13872	-0.4414	0	0	0	0	0	0	0.07302	0	0	0	0	-0.85716	0	0	2.2619	-0.04265	5.67214	153	0
LEU_109	-8.28006	0.73749	3.39211	-0.59462	0.22994	0.17022	3.08166	6.48238	0	0	-3.00477	0.14252	0	0	0	0	0	0	-0.16526	2.18811	1.15887	1.02924	0	-0.28294	0	0	1.3223	-0.03269	7.57451	210	0
VAL_110	-6.55565	6.04606	2.59217	-0.31881	0.40382	0.06895	3.46348	6.02453	0	0	-2.29624	-0.33082	0	0	0	0	0	0	-0.02107	1.40607	0.21466	1.19141	0	-0.57257	0	0	2.7371	0.05664	14.1097	176.877	5.12343
TYR_111	-9.51085	3.28987	3.74739	-0.72035	0.06433	0.05657	3.60354	7.14067	0.02988	0.42189	-2.43983	-0.46121	0	0	0	0	0	0	0.01914	3.55525	0.02785	0	3.5274	-0.26099	0	0	1.7379	-0.17356	13.6549	238.973	9.02742
SER_112	-5.15529	0.82385	4.90185	-0.03359	0.00427	0.04224	3.81822	6.36155	0.00391	0.03691	-1.83795	-0.1014	0	0	0	0	0	0	-0.05307	0.93152	0.11278	0.81874	0	-0.30772	0	4.04	-0.539	-0.00348	13.8643	151.078	10.9222
CYS:disulfide_113	-6.0912	2.07721	2.35666	-0.05176	2e-05	0.03576	0.94829	3.91296	0	0	-0.5174	-0.49814	0	0	0	0	0	-0.5891	-0.06223	0.37162	0.06148	0.31014	0	-0.44886	0	0	4.3148	0.41933	6.54958	133.851	22.1491
ILE_114	-4.91897	0.69385	3.34242	-0.45725	0.80029	0.09099	2.68091	5.05331	0	0	-2.33675	0.05843	0	0	0	0	0	0	-0.14401	1.42112	0.96225	0.45886	0	-1.08862	0	0	1.8006	0.02418	8.44162	121.932	85.0678
ASN_115	-4.61004	0.43838	2.9645	-0.16429	0.03134	0.21508	1.71601	4.42095	0.0511	0.55905	-1.15271	-0.3755	0	0	0	-0.85444	0	0	0.30752	3.31528	0.54752	0	2.76776	0.26968	0	0	-0.3009	-0.56662	9.57968	94.9584	89.0416
LEU_116	-5.06928	0.55985	3.49249	-0.50072	0.65014	0.1435	2.30238	5.52745	0.03347	0.24541	-1.97246	-0.08506	0	0	0	0	0	0	0.11443	1.4051	0.29568	1.10942	0	0.29297	0	0	1.3223	1.30126	11.1683	112.515	97.4849
GLY_117	-1.32494	0.22249	1.87477	-0.0002	0	0	0.75207	2.33291	0	0	0.49656	-0.33636	0	0	0	0	0	0	-0.67209	0	0	0	0	-2.18395	0	0	1.435	2.75737	5.35365	89.114	74.886
ALA_118	-2.01362	0.22611	2.44648	-0.02748	0.0105	0	1.39475	3.33277	0	0	-1.38946	-0.45648	0	0	0	0	0	0	0.16446	0	0	0	0	0.65865	0	0	2.2619	0.95308	7.56165	79.353	73.647
SER_119	-5.73104	1.00928	5.51675	-0.02697	0.00941	0.01868	3.22566	7.57356	0.02968	0.32891	-3.16199	-0.69396	0	0	0	0	0	0	0.03755	1.22181	0.21151	1.0103	0	-0.26595	0	4.04	-0.539	0.34374	14.1579	134.862	27.1379
HIS_120	-9.46056	2.3993	7.54434	-0.88368	0.0498	1.18989	4.1855	10.409	0	0	-0.95398	-0.05614	0	0	0	0	0	0	0.26247	2.60373	0.04307	0	2.56066	-0.49271	0	0	0.8406	0.44619	20.6874	215.333	25.6673
ALA_121	-3.89206	0.33304	3.07715	-0.02713	0.00733	0	2.58188	4.79259	0	0	-2.47096	-0.44272	0	0	0	0	0	0	0.03737	0	0	0	0	1.05455	0	0	2.2619	0.679	7.99193	118.309	34.691
ALA_122	-3.302	1.09318	0.73991	-0.02248	0	0	0.80453	2.72705	0.02058	0.26921	-0.17657	-0.3107	0	0	0	0	0	0	0.38359	0	0	0	0	0.30792	0	0	2.2619	0.98392	5.78004	136.509	16.491
TYR_123	-8.05783	1.94531	4.18751	-0.78727	0.07112	0.07092	3.82385	7.19905	0.02476	0.16707	-2.05086	-0.45503	0	0	0	0	0	0	-0.00114	5.09955	0.36413	0	4.73542	-0.50017	0	0	1.7379	-0.25509	17.3192	197.109	50.8915
ALA_124	-5.24313	1.30315	2.27181	-0.02221	0	0	2.42934	5.02686	0	0	-1.52479	-0.43855	0	0	0	0	0	0	0.29907	0	0	0	0	-0.73728	0	0	2.2619	-0.50511	5.12107	153	0
SER_125	-5.62808	5.74384	5.04763	-0.03469	0.01148	0.04578	4.06271	6.96941	3e-05	0.00081	-2.61404	-0.02088	0	0	0	0	0	0	2.79722	0.87138	0.01271	0.85866	0	-0.28834	0	4.04	-0.539	0.0101	21.3467	157.705	4.29506
ILE_126	-8.4115	0.83826	3.44596	-0.48301	0.89151	0.10888	3.82705	6.63241	0	0	-3.46267	0.08965	0	0	0	0	0	0	-0.04141	0.93467	0.34496	0.58971	0	-1.1882	0	0	1.8006	-0.55121	5.36567	205.975	1.02469
VAL_127	-7.76713	4.21877	3.12046	-0.30295	0.26627	0.0616	3.08741	6.88262	0	0	-2.05546	-0.25961	0	0	0	0	0	0	0.9097	0.37948	0.17163	0.20785	0	-0.68307	0	0	2.7371	-0.86531	10.1094	173.03	8.96953
SER_128	-7.58843	3.32597	6.73186	-0.03202	0.02135	0.04282	5.1684	8.87073	0	0	-1.45979	0.02211	0	0	0	0	0	0	0.11879	2.78293	0.60092	2.18202	0	-0.52208	0	4.04	-0.539	-0.45276	23.3138	160.337	1.6631
ARG_129	-10.2038	1.72702	9.84999	-0.72376	0.6611	0.39907	4.69061	12.1441	0	0	-4.98558	0.3676	0	0	0	-1.55814	0	0	0.27509	4.88653	1.16027	3.72626	0	-0.13792	0	0	-0.1423	-0.32844	21.8077	215.122	49.8781
GLN_130	-5.21929	2.61382	5.01255	-0.55978	0.16239	0.55446	2.82281	6.34544	0.01258	0.08588	0.94608	-0.69298	0.21474	0	0	0	0	0	0.07238	3.46243	0.05366	0	3.40877	0.14526	0	0	-0.1077	2.69461	22.0281	105.158	111.842
PRO_131	-4.73537	1.59322	1.39188	-0.07938	0	0.04817	0.63481	2.00182	0	0	-0.10882	0.58681	0.2159	0	0	0	0	0	0.59017	0.81929	0.16406	0.65523	0	-0.85019	0	0	-4.6787	2.93438	1.18329	143.304	55.6956
THR_132	-3.12654	0.65973	2.4683	-0.11976	0.07014	0.07924	1.25304	3.39332	0	0	0.75172	-0.63658	0	0	0	0	0	0	-0.00183	0.70206	0.57988	0.12219	0	-0.92975	0	5.03572	-0.9333	-0.36603	9.00155	73.2887	100.711
LEU_133	-6.98632	3.98691	1.46554	-0.4901	0.6355	0.08487	0.72722	3.45603	0	0	0.44608	0.18905	0.00133	0	0	0	0	0	0.04977	2.26259	0.782	1.48059	0	0.17239	0	0	1.3223	2.36555	11.9513	191.724	18.2761
PRO_134	-4.12904	2.9595	3.77886	-0.11786	0.00788	0.08667	2.24742	4.05075	0	0	-1.52221	0.25761	0.01423	0	0	0	0	0	-0.23648	0.44283	0.29957	0.14327	0	-1.59517	0	0	-4.6787	2.5394	4.54851	104.71	94.29
GLU_135	-3.55651	0.20605	4.39822	-0.59347	0.22738	1.09193	2.31317	5.00572	0	0	-1.96413	-0.69858	0	0	0	0	0	0	-0.23196	6.36939	1.31579	0	5.0536	-0.51493	0	0	-1.6358	-0.41535	16.3705	116.029	106.971
GLU_136	-3.05253	0.54822	3.69785	-0.32796	0.17712	0.4062	1.6729	4.46546	0	0	-0.54901	-0.67653	0	0	0	0	0	0	0.06308	6.75596	1.41788	0	5.33808	-0.36162	0	0	-1.6358	-0.38874	17.5506	84.7722	138.228
THR_137	-6.67722	1.96605	4.7815	-0.19748	0.18431	0.07089	3.0218	6.54569	0	0	-1.28755	-0.91304	0	0	0	0	0	0	0.04771	0.69477	0.57946	0.11532	0	-0.03553	0	5.04108	-0.9333	0.27935	13.2838	154.814	19.186
ILE_138	-8.73453	1.10347	5.45677	-0.52027	1.81762	0.09811	3.19127	8.4845	0	0	-2.32281	0.23048	0	0	0	0	0	0	-0.02325	3.90725	3.10967	0.79757	0	-0.52512	0	0	1.8006	1.372	19.2433	198.285	8.71454
LYS_139	-5.73252	0.40719	7.00485	-0.76778	2.95839	0.69051	4.12074	8.14309	0.01489	0.23847	-3.31554	0.02587	0	0	0	0	0	0	0.31435	8.3728	3.16737	5.20543	0	-0.06169	0	0	-0.8895	0.43339	30.3303	148.331	103.669
LYS_140	-5.25256	1.27557	6.16708	-0.50205	0.30264	0.39633	3.53696	7.37158	0.05063	0.17895	-2.18196	0.31563	0	0	0	0	0	0	0.00273	5.20988	2.25954	2.95034	0	0.12384	0	0	-0.8895	0.12799	21.4436	145.467	106.533
LEU_141	-9.38493	1.2366	4.28284	-0.51176	1.05274	0.126	3.32804	7.82666	0	0	-1.94559	0.29173	0	0	0	0	0	0	1.60571	1.56903	1.10483	0.46419	0	-0.48749	0	0	1.3223	0.32938	12.2103	210	0
GLN_142	-8.53627	3.78933	7.09158	-0.25651	0.05409	0.18341	4.75482	9.83588	0.01489	0.23847	-3.72787	-0.45158	0	0	0	0	-0.93386	0	0.34068	3.61219	0.06998	0	3.54221	-0.2626	0	0	-0.1077	-0.04866	19.2025	204.456	12.5444
GLY_143	-3.42875	0.6345	4.79125	-5e-05	0	0	2.80673	6.11432	0	0	-2.14727	-0.4056	0	0	0	0	0	0	0.59065	0	0	0	0	0.83129	0	0	1.435	1.37831	12.6004	134.053	29.9466
THR_144	-5.01669	0.48963	5.12168	-0.19858	0.19993	0.06982	3.19763	6.8804	0	0	-1.22468	-0.80033	0	0	0	0	0	0	-0.02198	0.30011	0.21274	0.08737	0	0.0805	0	5.03758	-0.9333	2.30124	15.7831	123.077	50.9229
MET_145	-10.3328	5.98477	4.40488	-0.35082	0.19908	0.11049	3.71626	8.33972	0	0	-2.04468	-0.02145	0	0	0	0	0	0	-0.016	3.43253	1.04572	2.38681	0	0.15746	0	0	1.4633	1.96517	20.4405	260.975	1.02469
SER_146	-4.36454	0.4217	5.04792	-0.03757	0.0062	0.04109	2.56342	6.6567	0	0	-2.32409	-0.38927	0	0	0	0	0	0	-0.15425	0.50565	0.27541	0.23024	0	-0.2061	0	4.04	-0.539	0.54758	12.3211	111.058	50.9416
SER_147	-3.20443	1.04048	4.18692	-0.03933	0.04824	0.05415	2.78254	5.18641	0	0	-0.8951	-0.09284	0	0	0	0	0	0	0.89259	2.24752	1.97575	0.27177	0	-0.04549	0	4.04	-0.539	-0.87568	17.0345	81.3466	80.6534
PHE_148	-7.35138	1.97165	1.91125	-0.9391	0.3103	0.58598	2.32205	4.63819	0.00714	0.03455	-0.43824	-0.84405	0	0	0	0	0	0	2.77757	4.59591	0.1524	0	4.44351	-0.31258	0	0	1.9602	-0.55305	15.2723	198.916	38.084
GLY_149	-1.71137	0.07762	2.19969	-6e-05	0	0	1.03772	2.98483	0	0	-0.82407	-0.34635	0	0	0	0	0	0	-0.12311	0	0	0	0	-2.50919	0	0	1.435	-0.651	1.56972	98.3584	65.6416
VAL_150	-5.75195	2.2956	1.71046	-0.27221	0.37445	0.05248	1.47493	4.57083	0.00714	0.03455	-1.05972	0.45727	0	0	0	0	0	0	0.05866	0.58834	0.27882	0.30952	0	-0.04955	0	0	2.7371	-0.84433	6.97238	164.801	17.1994
GLY_151	-3.06551	0.89936	3.00831	-0.00018	0	0	1.88443	4.41524	0	0	-1.02658	-0.39177	0	0	0	0	0	0	0.21971	0	0	0	0	1.56131	0	0	1.435	2.39245	11.3318	143.506	20.4936
VAL_152	-5.97371	1.11204	2.86495	-0.28737	0.31184	0.0497	1.87199	5.45361	0.04644	0.4417	-0.71798	0.35787	0	0	0	0	0	0	-0.0809	0.89142	0.20368	0.68774	0	0.71172	0	0	2.7371	2.80109	13.4829	143.112	38.8879
ASP_153	-2.80144	0.71557	3.49109	-0.16651	0.09029	0.52929	0.95781	4.50848	0	0	-0.55093	-3.18034	0	0	0	0	0	0	-0.17593	13.4051	8.22498	0	5.18014	-0.05463	0	0	-1.6204	0.24472	28.7973	72.5649	112.435
THR_154	-4.26868	0.82276	4.67011	-0.13303	0.2032	0.07596	2.73554	5.90531	0.03037	0.22008	-1.80537	-0.10659	0	0	0	0	0	0	-0.09934	0.98568	0.89182	0.09385	0	-0.51443	0	5.04014	-0.9333	-0.40413	13.4099	129.596	44.4037
LEU_155	-7.67718	1.84349	2.54304	-0.46945	0.76804	0.0791	1.49788	5.7259	0.04677	0.4427	-0.68457	0.37751	0	0	0	0	0	0	0.36815	1.29735	0.28239	1.01496	0	-0.10927	0	0	1.3223	-0.74837	7.92073	193.259	16.7408
LEU_156	-6.06111	1.37339	4.59687	-0.59676	3.52518	0.13144	3.14399	6.36346	0	0	-2.25567	0.38015	0	0	0	0	0	0	0.39706	10.5744	7.19525	3.37915	0	-0.54684	0	0	1.3223	-0.59778	32.3245	142.612	67.3884
THR_157	-2.72024	0.24044	2.41178	-0.18537	0.28763	0.0712	1.04766	3.2717	0.00033	0.001	-0.30597	-0.60837	0	0	0	0	0	0	0.57078	0.16887	0.044	0.12488	0	0.41654	0	5.06028	-0.9333	-0.00576	8.95808	77.4117	96.5883
THR_158	-6.83623	1.02555	6.17217	-0.17331	0.18936	0.06092	3.66543	8.25866	0.05151	0.27536	-0.45468	-0.55549	0	0	0	0	0	0	0.3021	0.1864	0.07817	0.10822	0	0.0472	0	5.03336	-0.9333	0.2006	16.702	169.743	4.25705
ASN_159	-5.73876	0.98604	5.38001	-0.25211	0.11507	0.42093	3.70696	6.68116	0.05267	0.35337	-2.30807	-0.82109	0	0	0	-1.15603	0	0	0.8662	3.08308	0.58709	0	2.49599	-0.75036	0	0	-0.3009	0.09051	13.4917	129.63	54.37
GLN_160	-7.36283	0.5932	5.74872	-0.54122	0.29316	0.54185	2.74264	7.64719	1e-05	7e-05	-1.77629	-0.82412	0	0	0	-0.99993	0	0	-0.07356	5.41	0.8403	0	4.5697	-0.01248	0	0	-0.1077	0.62413	17.3128	190.249	26.7508
ASP_161	-4.73047	0.7019	6.37083	-0.20271	0.00224	0.61702	3.9637	7.56313	0	0	-4.30084	-0.51816	0	0	0	-1.67871	0	0	0.33149	3.7917	0.22119	0	3.57051	-0.50522	0	0	-1.6204	0.56322	14.1404	113.977	71.0229
ALA_162	-2.18095	0.08765	2.81058	-0.02307	0	0	1.02793	3.73319	0	0	0.39114	-0.36126	0	0	0	0	0	0	-0.15851	0	0	0	0	-0.69663	0	0	2.2619	-0.06235	6.82961	54.8145	98.1855
ALA_163	-2.70397	0.59861	3.46816	-0.01986	0	0	1.87083	4.60658	5e-05	0.00061	-0.98777	-0.32086	0	0	0	0	0	0	0.05716	0	0	0	0	0.50679	0	0	2.2619	0.84137	10.1796	72.0021	80.9979
TYR_164	-7.10539	0.89385	5.23436	-0.9588	0.09247	0.45625	2.5493	7.00359	0.0464	0.38185	-2.20264	-0.2743	0	0	0	-1.17391	0	0	0.21388	3.51734	0.00121	0	3.51613	0.52507	0	0	1.7379	1.11672	15.5713	188.774	59.2264
CYS:disulfide_165	-6.74473	1.48287	5.25838	-0.04953	0.02989	0.02258	3.07695	7.15399	0	0	-1.53087	-0.36317	0	0	0	0	0	-0.57968	0.25068	0.57555	0.19172	0.38383	0	0.39869	0	0	4.3148	0.11198	13.9839	145.044	10.9555
SER_166	-3.17604	0.65321	4.51945	-0.03637	0.00762	0.04122	2.94988	5.62407	0	0	-0.94395	-0.356	0	0	0	0	0	0	-0.10971	0.47091	0.03205	0.43887	0	0.19352	0	4.04	-0.539	-0.0963	13.7134	94.6483	67.3517
ALA_167	-2.60797	1.64708	2.00975	-0.02367	1e-05	0	0.87545	3.33773	0.05212	0.39073	0.68338	-0.39096	0	0	0	0	0	0	0.95386	0	0	0	0	-0.1951	0	0	2.2619	-0.74662	8.24769	91.3298	61.6702
MET_168	-8.40714	5.40398	4.59563	-0.48296	0.44923	0.14442	2.625	6.26527	0.00104	0.00703	-2.06114	-0.03331	0	0	0	-0.85581	0	0	-0.01637	3.33939	2.20731	1.13208	0	0.11332	0	0	1.4633	-0.20117	15.6891	244.932	17.068
ASN_169	-1.83213	3.12529	3.013	-0.4119	0.13439	1.06765	1.7879	3.49381	0.00104	0.00703	-0.90775	-0.31433	0	0	0	0	0	0	0	3.35039	0	0	3.35039	0	0	0	-0.3009	0.38244	15.9463	0	193.852
MET_170	-2.25858	0.22936	2.77546	-0.30873	0.14906	0.16591	1.58092	3.03415	0	0	-1.42809	0.8783	0	0	0	-0.49331	0	0	0.9156	5.53964	1.52296	4.01668	0	0	0	0	1.4633	0	17.7826	46.142	215.858
PHE_171	-4.0612	0.64623	2.20052	-0.59338	0.04704	0.29537	0.55993	3.37263	0.02764	0.28708	-0.0401	0.08613	0	0	0	0	0	0	0.89934	3.05232	0.09019	0	2.96213	-0.04376	0	0	1.9602	0.10169	11.85	131.133	105.867
ILE_172	-4.34212	0.63656	1.86436	-0.48943	1.52175	0.09463	0.56561	3.32746	0	0	-0.16094	0.30577	0	0	0	0	0	0	0.14857	1.32069	0.63926	0.68143	0	-0.97469	0	0	1.8006	-0.51853	6.42098	119.79	87.2101
LYS_173	-6.10343	1.95577	7.49438	-0.5597	0.27578	0.35846	4.45757	8.42959	0.00076	0.00199	-3.09968	0.39162	0.01302	0	0	-0.49331	0	0	0.16425	6.21379	3.4838	2.73	0	0.0186	0	0	-0.8895	1.89329	26.737	182.459	69.5412
PRO_174	-2.47333	1.07916	1.67109	-0.17536	0.00033	0.12325	0.61936	2.05643	0	0	-0.02653	0.14142	0.01343	0	0	0	0	0	-0.02805	1.04617	0.17927	0.86691	0	-1.68352	0	0	-4.6787	1.89238	0.62369	75.8794	123.121
GLY_175	-3.10782	0.6979	4.12053	-0.00025	0	0	2.43078	5.33276	0.02309	0.3552	-0.01491	-0.16009	0	0	0	0	0	0	0.786	0	0	0	0	-2.46056	0	0	1.435	-0.21312	9.22451	123.226	40.7737
ARG_176	-3.41413	0.25779	2.77668	-0.9551	0.4511	0.72971	0.82127	3.45984	0	0	-0.24956	0.61564	0	0	0	0	0	0	0.06406	4.49648	0.9207	3.57579	0	0.30937	0	0	-0.1423	1.04467	14.762	108.231	156.769
CYS:disulfide_177	-5.17636	1.62916	3.3364	-0.04354	0	0.01602	1.08383	4.43036	0.06965	0.37976	-0.87888	-0.21831	0.12189	0	0	-0.79808	0	-0.5391	0.33609	0.64286	0.14707	0.49579	0	0.42985	0	0	4.3148	3.06836	12.8476	135.793	20.2069
PRO_178	-4.44224	1.88411	2.07646	-0.19193	0.00728	0.13731	0.81059	1.79735	0.00299	0.06929	0.0532	0.17668	0.14679	0	0	0	0	0	0.03994	0.54121	0.13312	0.4081	0	-1.36348	0	0	-4.6787	2.6544	0.26247	166.148	32.8525
LYS_179	-1.71216	0.37018	1.30146	-0.39803	0.20031	0.35048	0.22736	1.6134	0.06965	0.37976	0.23994	-0.2131	0.15063	0	0	0	0	0	0.03719	4.26679	1.50594	2.76085	0	0.23057	0	0	-0.8895	2.99231	13.484	69.3137	182.686
PRO_180	-5.27952	0.87252	1.66818	-0.17805	0.00105	0.12464	0.60618	2.11544	0	0	-0.66065	0.1507	0.15178	0	0	0	0	0	0.08258	1.02984	0.15264	0.87721	0	-1.78832	0	0	-4.6787	2.35997	-2.39251	185.712	13.2876
ALA_181	-1.75642	0.21857	1.40553	-0.02362	0	0	0.89394	2.21051	0	0	-0.32903	-0.19674	0	0	0	0	0	0	-0.03915	0	0	0	0	-0.20604	0	0	2.2619	-1.18779	3.25165	59.5953	93.4047
VAL_182	-5.78047	2.27264	1.09874	-0.29377	0.28214	0.0523	1.15763	3.95868	0	0	-0.29393	0.06849	0	0	0	0	0	0	0.08229	0.9167	0.87185	0.04485	0	-0.24038	0	0	2.7371	0.23562	7.17047	146.138	35.8617
GLN_183	-6.94712	0.68069	5.72587	-0.73186	0.21184	0.52063	2.93878	7.52916	0.02195	0.25215	-3.29946	-0.27499	0	0	0	-1.5291	0	0	0.34655	3.73473	0.35977	0	3.37497	0.26775	0	0	-0.1077	1.3473	14.4219	174.734	42.266
GLU_184	-2.60389	0.46971	3.4715	-0.20585	0.03702	0.26785	1.02853	3.99127	0.03233	0.4059	-0.44122	-0.42132	0	0	0	-0.79999	0	0	-0.01263	4.88922	0.29306	0	4.59616	-0.05262	0	0	-1.6358	-0.24394	13.0653	81.2541	141.746
ASP_185	-1.67752	0.23954	2.30426	-0.12626	0.02805	0.39671	0.65813	2.58812	0	0	0.06905	-0.77379	0	0	0	0	0	0	0.25898	3.58938	0.27431	0	3.31508	-0.90417	0	0	-1.6204	-0.48582	8.13364	38.3812	146.619
PHE_186	-8.8776	2.41795	1.28697	-0.78576	0.08626	0.08235	0.88389	5.10434	0.00158	0.00496	-0.02085	-0.35516	0	0	0	0	0	0	0.37165	2.81889	0.04189	0	2.777	0.25314	0	0	1.9602	-0.12468	7.92701	229.094	7.90595
ASP_187	-5.30869	0.79102	6.42023	-0.24782	0.13911	0.82248	4.06761	7.63658	0.0372	0.34628	-2.66715	-1.122	0	0	0	-0.66843	0	0	-0.01865	2.93225	0.20434	0	2.72791	-0.82346	0	0	-1.6204	-0.21818	13.4302	133.125	51.8752
ALA_188	-3.81618	0.53976	2.94033	-0.02336	0	0	2.04809	4.83559	0.00158	0.00496	-0.36225	-0.37115	0	0	0	0	0	0	-0.08867	0	0	0	0	-0.46918	0	0	2.2619	-0.52941	6.97202	124.826	28.174
ALA_189	-3.06761	0.56563	3.05439	-0.02206	0	0	1.62682	4.32182	0	0	-0.77375	-0.35757	0	0	0	0	0	0	-0.01101	0	0	0	0	-0.50783	0	0	2.2619	-0.72018	6.37055	81.2964	71.7036
ARG_190	-5.97215	1.08389	5.6706	-0.66486	0.30881	0.41949	2.24156	6.56315	0.05685	0.43013	-2.09253	0.39905	0	0	0	0	0	0	-0.09257	4.61683	1.62661	2.99023	0	-0.14149	0	0	-0.1423	-0.61888	16.6824	111.807	153.193
TYR_191	-9.94534	1.33429	3.40575	-0.86313	0.08634	0.46593	3.78626	7.52837	0	0	-1.96427	-0.23661	0	0	0	-0.68228	-0.60334	0	-0.08027	5.39032	0.0839	0	5.30642	-0.00365	0	0	1.7379	-0.67469	14.0719	248	0
LEU_192	-7.11999	2.20314	4.11137	-0.46656	0.77119	0.07018	3.05507	7.15466	0	0	-1.90941	0.50961	0	0	0	-0.70969	0	0	0.04103	0.52823	0.2768	0.25143	0	0.60793	0	0	1.3223	1.04151	11.7388	169.902	40.098
GLY_193	-3.3875	0.40039	3.884	-0.00054	0	0	3.09355	5.35153	0.00518	0.01436	-1.90731	-0.25005	0	0	0	0	0	0	-0.02253	0	0	0	0	-2.52176	0	0	1.435	1.89662	7.99094	130.271	33.7294
VAL_194	-4.33966	0.38832	2.22141	-0.27674	0.39222	0.05758	1.24969	4.32783	0	0	-1.00224	0.03205	0	0	0	-0.39986	0	0	0.76631	0.29896	0.0423	0.25666	0	-0.87654	0	0	2.7371	0.13514	6.01054	113.225	68.7752
TRP_195	-14.0844	2.44038	5.93929	-0.81185	0.03087	0.29145	4.079	11.8463	0.01617	0.05034	-3.82616	-0.19152	0	0	0	-0.68228	0	0	-0.00829	2.20462	0.10906	0	2.09557	0.06036	0	0	3.7077	-0.43463	12.832	270	0
TYR_196	-9.7218	1.4626	4.26081	-0.61933	0.13062	0.32588	3.36736	7.74318	0.00011	0.00052	-2.98197	-0.13068	0	0	0	0	0	0	0.03643	2.85967	0.12574	0	2.73394	-0.23001	0	0	1.7379	-0.31665	10.7843	183.56	64.4405
ASP_197	-6.66231	2.03231	8.42294	-0.1655	0.03189	0.5058	4.05701	9.68069	0.10243	0.72149	-2.0898	-0.71427	0	0	0	-0.96163	-0.48557	0	-0.13713	5.33697	0.68516	0	4.65181	-0.88891	0	0	-1.6204	-0.52925	21.9737	180.132	4.86844
ILE_198	-8.20884	1.2104	4.84628	-0.68006	1.98926	0.14967	2.88745	7.4838	0.09762	0.48688	-2.33825	0.274	0	0	0	0	0	0	1.79113	1.17053	0.0973	1.07324	0	-0.92979	0	0	1.8006	0.18108	13.3823	195.888	11.1124
GLN_199	-7.67336	1.41816	6.13578	-0.23896	0.03058	0.1603	4.37373	7.94171	0.04404	0.20309	-2.63205	-0.70546	0	0	0	0	-0.96308	0	0.02397	4.17486	0.30523	0	3.86963	-0.1714	0	0	-0.1077	0.28426	16.4733	194.126	22.8743
ARG_200	-10.0975	1.93655	9.86848	-0.91052	0.7604	0.78129	4.99291	11.0914	0.07682	0.58613	-3.68596	0.12404	0	0	0	0	0	0	0.04901	5.40195	1.80784	3.59411	0	-0.12165	0	0	-0.1423	0.11035	26.2234	251.567	13.4332
LEU_201	-7.23418	1.64753	3.07797	-0.48446	2.00953	0.07793	2.54661	5.95898	0	0	-1.33513	0.38359	0.18346	0	0	-0.31447	0	0	0.00104	1.5668	0.99139	0.57541	0	-0.25754	0	0	1.3223	1.98152	12.6983	202.312	7.6875
PRO_202	-4.30571	1.12601	1.72675	-0.1203	0.00618	0.08942	0.52447	2.12281	0	0	-0.27594	0.23973	0.20403	0	0	0	0	0	-0.13928	0.93808	0.82117	0.11691	0	-1.6262	0	0	-4.6787	1.71731	-1.51327	155.477	43.5229
ASN_203	-6.71334	0.85871	4.73384	-0.36808	0.08041	0.68256	3.00729	6.72513	0	0	-0.82327	-0.68953	0	0	0	-1.15018	0	0	0.38803	2.75126	0.001	0	2.75026	-0.07514	0	0	-0.3009	-0.08671	11.7713	164.316	19.6836
LYS_204	-3.12726	7.1746	2.81177	-1.50333	32.47	2.14431	0.68805	3.31127	0	0	-0.31265	0.29751	0	0	0	0	0	0	0.41641	15.6732	10.1963	5.47689	0	-0.22011	0	0	-0.8895	-0.34851	74.2589	134.707	117.293
PHE_205	-5.47835	1.45995	2.77504	-0.77667	0.12268	0.33254	1.37712	4.67541	0.04078	0.11196	0.10805	-0.53464	0	0	0	-0.11208	0	0	0.37996	6.49228	1.23268	0	5.2596	0.08913	0	0	1.9602	-0.15478	19.3609	128.187	108.813
GLN_206	-6.46737	0.71178	6.34106	-0.27985	0.0374	0.18683	2.92232	7.51217	0.0414	0.32701	-1.57446	-0.31051	0	0	0	-0.72363	-0.48557	0	-0.06546	6.29161	0.63479	0	5.65682	0.3402	0	0	-0.1077	0.43764	21.4265	195	22.0004
LYS_207	-3.49434	7.29291	4.26771	-0.6209	0.51372	0.51799	1.87372	4.7651	0.04078	0.11196	-2.66439	0.30309	0	0	0	-1.03658	0	0	0.30731	4.94253	1.7391	3.20343	0	-0.03145	0	0	-0.8895	0.02112	21.1633	134.069	117.931
GLY_208	-3.0057	0.43292	3.39893	-0.00065	0	0	1.27448	4.30231	0	0	-1.02703	-0.21983	0	0	0	-0.31795	0	0	-0.03346	0	0	0	0	-1.56866	0	0	1.435	0.98102	5.65138	155.961	8.03948
GLU_209	-6.4672	1.92659	7.19409	-0.36198	0.22673	0.714	4.69089	8.25398	0.07272	0.30186	-4.23362	-0.73483	0	0	0	-0.59752	0	0	0.46166	2.79993	0.18821	0	2.61172	0.77829	0	0	-1.6358	2.93655	19.1263	175	48.0005
CYS:disulfide_210	-7.06145	1.93805	4.07947	-0.04658	0.01908	0.02254	2.52834	5.75851	0.07354	0.30664	-0.76194	-0.42928	0	0	0	0	0	-0.60226	2.17064	1.3959	1.3225	0.0734	0	0.63135	0	0	4.3148	2.88904	18.6223	155.488	0.512343
ALA_211	-4.74128	1.07897	3.47793	-0.02474	0	0	2.51108	5.91462	0.04684	0.30263	-2.75253	-0.22143	0	0	0	0	0	0	1.75743	0	0	0	0	0.02808	0	0	2.2619	0.56683	10.2063	143.52	9.47953
THR_212	-5.46997	0.95329	3.95778	-0.12225	0.06726	0.08466	3.63787	6.18769	0.02207	0.11614	-2.2472	-0.83921	0	0	0	0	0	0	0.34953	0.28374	0.0148	0.26894	0	-0.47832	0	5.0099	-0.9333	-1.01843	9.84496	159.845	14.1551
ALA_213	-4.29228	0.42407	2.91922	-0.02507	0.00152	0	3.21645	5.18678	0	0	-2.59463	-0.41751	0	0	0	0	0	0	0.1735	0	0	0	0	1.0224	0	0	2.2619	0.09895	7.97531	139.004	13.996
THR_214	-5.13912	0.5852	4.16043	-0.17696	0.15853	0.065	3.05288	6.21048	0.01222	0.07926	-1.93907	-0.61644	0	0	0	0	0	0	-0.14481	0.37705	0.14209	0.23495	0	0.04346	0	5.03929	-0.9333	0.7526	11.9637	143.448	30.5519
TYR_215	-9.84637	2.58292	2.58959	-0.63707	0.42579	0.3754	3.69019	6.97296	0	0	-2.62094	-0.13921	0	0	0	0	0	0	1.23826	5.39271	0.74685	0	4.64586	-0.08397	0	0	1.7379	-0.06676	17.0041	240.417	7.58326
SER_216	-3.98997	0.63647	4.46032	-0.03101	0.00135	0.01999	2.89468	5.74433	0.00928	0.06945	-2.55652	-0.56663	0	0	0	0	0	0	0.01603	1.29647	0.25069	1.04578	0	-0.4023	0	4.04	-0.539	-0.43179	11.9676	113.371	48.629
LEU_217	-2.2961	0.92643	1.42608	-0.46518	0.47412	0.0774	0.43648	2.13893	0	0	-0.1229	0.46027	0	0	0	0	0	0	0.15813	0.96257	0.37779	0.58479	0	0.32825	0	0	1.3223	0.41522	7.20458	69.3562	140.644
SER_218	-3.57812	2.24968	3.91328	-0.04137	0.21244	0.06413	1.63171	4.53815	0.00877	0.06196	1.28624	0.32904	0.51766	0	0	0	0	0	-0.03305	5.21009	3.66128	1.54881	0	0.37056	0	4.04	-0.539	3.57448	29.0267	136.527	25.4729
PRO_219	-2.77115	1.73028	1.85814	-0.08068	0	0.05012	0.81113	1.74913	0	0	0.4329	0.66635	0.51886	0	0	0	0	0	-0.03419	1.84732	1.0434	0.80392	0	-0.26905	0	0	-4.6787	2.82755	6.50533	110.671	88.3293
GLY_220	-3.54262	0.66739	2.59239	-0.00023	0	0	1.13264	4.03371	0.05466	0.36979	0.42394	-0.1629	0	0	0	0	0	0	1.24602	0	0	0	0	-2.11729	0	0	1.435	0.52918	6.66167	156.094	7.90595
VAL_221	-5.61397	0.81582	2.29046	-0.30813	0.27855	0.05962	1.82967	5.37165	0.02295	0.20468	0.742	0.17899	0	0	0	0	0	0	0.14604	0.78621	0.15205	0.63415	0	0.8224	0	0	2.7371	1.43183	12.5821	156.416	25.5839
GLY_222	-2.08416	0.78946	1.49113	-0.00023	0	0	0.49239	2.33558	0.0624	0.43191	-0.05282	-0.21283	0	0	0	0	0	0	-0.16982	0	0	0	0	-2.43985	0	0	1.435	0.87996	2.95814	124.691	39.3095
PHE_223	-7.98576	1.4103	1.3685	-0.83494	0.07591	0.47312	2.89689	5.52682	0	0	-2.47615	-0.22394	0	0	0	0	0	0	0.53814	3.15538	0.92389	0	2.23149	-0.83668	0	0	1.9602	0.4803	8.68348	229.516	7.48353
SER_224	-5.44007	1.01439	5.36391	-0.04162	0.00652	0.06103	3.39426	6.75496	0.0072	0.02945	-2.35243	-0.474	0	0	0	0	0	0	2.55815	0.79258	0.00755	0.78503	0	-0.16207	0	4.04	-0.539	0.24388	16.0497	157.405	4.59542
VAL_225	-7.21604	1.2961	2.37137	-0.26491	0.3097	0.05477	2.62395	6.34706	0	0	-1.74955	-0.20023	0	0	0	0	0	0	0.12698	0.60415	0.04313	0.56102	0	-1.25333	0	0	2.7371	-0.44698	5.94429	180.062	1.9379
PHE_226	-6.09151	1.61291	4.00611	-0.71604	0.14977	0.13518	2.87378	5.85594	0	0	-1.80699	-0.40951	0	0	0	0	0	0	-0.12493	3.21434	0.00019	0	3.21415	-0.36973	0	0	1.9602	0.9596	14.4635	153.962	83.0381
ASN_227	-5.44273	2.26668	4.37018	-0.16933	0.02452	0.26469	3.58867	6.66997	0.03713	0.17379	-2.4524	-0.23576	0	0	0	0	0	0	0.07724	3.04035	0.0023	0	3.03805	0.78079	0	0	-0.3009	1.42726	17.1605	145.152	38.8477
ARG_228	-7.62003	2.50772	5.53842	-0.7465	0.71928	0.47945	3.8205	7.3002	0.08123	0.52074	-3.38136	0.11375	0	0	0	-0.95155	0	0	0.40931	5.86925	2.71665	3.1526	0	-0.36119	0	0	-0.1423	-0.30852	19.7176	210.887	54.113
GLU_229	-8.12283	0.66089	9.10942	-0.3364	0.18237	0.39479	5.59353	10.8609	0.03487	0.19954	-6.17757	-0.47609	0	0	0	-1.35453	0	0	0.22996	4.86084	0.33117	0	4.52968	0.22158	0	0	-1.6358	-0.01758	19.0888	212.721	10.2793
ARG_230	-10.229	1.57369	8.33765	-0.96992	1.06693	0.78037	4.42296	10.496	0	0	-5.33149	0.21188	0	0	0	-0.56675	0	0	0.00239	12.7377	8.14727	4.59041	0	0.35466	0	0	-0.1423	0.48208	35.9645	226.24	38.7601
LEU_231	-7.20482	1.13352	5.71748	-0.48482	0.84656	0.08381	3.05691	7.67895	0.05053	0.42289	-2.65478	0.45315	0	0	0	0	0	0	0.69657	0.71336	0.32334	0.39002	0	-0.01692	0	0	1.3223	0.27147	12.7995	180.532	29.468
ALA_232	-1.79265	0.43589	2.10308	-0.02323	0	0	0.71086	2.82304	0	0	0.31644	-0.37718	0	0	0	0	0	0	-0.15687	0	0	0	0	-0.68788	0	0	2.2619	-0.10479	5.50862	67.7963	85.2037
ASN_233	-3.46174	0.60239	3.40937	-0.33131	0.20692	0.58353	1.72572	4.65987	0	0	-0.29385	-0.85066	0	0	0	-0.75379	0	0	0.23697	3.25236	0.08019	0	3.17217	-0.26098	0	0	-0.3009	-0.3067	11.3696	82.0496	101.95
GLY_234	-2.951	0.96072	3.32434	-6e-05	0	0	1.54955	4.54215	0	0	-0.93817	-0.38011	0	0	0	0	0	0	-0.13444	0	0	0	0	-2.48268	0	0	1.435	-0.92187	4.00341	128.788	35.2123
THR_235	-4.2644	0.41785	4.72534	-0.13773	0.10583	0.09052	2.62484	6.0698	0.0015	0.00393	-1.83961	-1.04833	0	0	0	-0.75379	0	0	-0.00276	0.77553	0.03504	0.7405	0	0.35244	0	5.03781	-0.9333	-0.95762	11.0434	93.6654	80.3346
ILE_236	-5.85545	1.39057	1.28461	-0.64922	1.76418	0.12765	0.67409	4.04511	0	0	0.14316	0.44107	0	0	0	0	0	0	-0.03578	1.49747	0.28165	1.21583	0	-1.09874	0	0	1.8006	-0.67829	6.3485	158.35	48.6498
LYS_237	-3.8759	0.6594	3.81231	-0.44222	0.26126	0.24003	2.47396	4.5937	0.0015	0.00393	-2.17556	0.86248	0	0	0	0	0	0	0.73386	8.63571	4.92686	3.70885	0	0.31273	0	0	-0.8895	-0.80523	23.0382	153.517	98.4833
SER_238	-3.00508	1.09861	1.97327	-0.0393	0.00583	0.05866	0.74196	2.63111	0	0	-0.89962	-0.38023	0	0	0	0	0	0	0.09779	0.41414	0.11987	0.29427	0	-0.60849	0	4.04	-0.539	-0.43323	5.57057	116.559	45.441
VAL_239	-4.62577	1.85644	2.54778	-0.3598	0.55511	0.08554	2.83885	4.86676	0	0	-1.76066	-0.12203	0	0	0	0	0	0	0.04188	1.03423	0.02433	1.0099	0	-0.58014	0	0	2.7371	-0.28502	9.86449	136.142	45.8583
ILE_240	-5.41742	1.39108	2.63001	-0.5974	1.69377	0.17505	2.05824	4.77458	0.07401	0.48848	-1.88986	0.06402	0	0	0	0	0	0	-0.07263	1.48999	0.17714	1.31285	0	0.2967	0	0	1.8006	0.35067	10.7999	154.02	52.9796
GLY_241	-4.8772	1.8031	3.54535	-0.00175	0	0	2.66973	5.85897	0	0	-2.41719	-0.37035	0	0	0	0	0	0	0.73633	0	0	0	0	-0.57271	0	0	1.435	0.92906	8.73835	163.488	0.512343
SER_242	-5.76022	0.73588	5.18232	-0.0332	0.00178	0.02176	4.10569	7.16832	0	0	-2.19339	-0.61086	0	0	0	0	0	0	0.0538	0.71798	0.03672	0.68127	0	0.24168	0	4.04	-0.539	0.51303	14.3635	148.678	13.3224
ALA_243	-5.38398	1.97728	1.5117	-0.02555	0.00203	0	2.75587	5.0331	0	0	-2.34942	-0.40101	0	0	0	0	0	0	-0.08463	0	0	0	0	1.0592	0	0	2.2619	0.4713	6.82779	153	0
ILE_244	-7.45042	0.9705	2.3286	-0.46815	1.18808	0.09068	2.27992	5.62083	0.03974	0.28865	-2.08809	0.01694	0	0	0	0	0	0	0.71525	1.2059	0.6046	0.6013	0	-0.28036	0	0	1.8006	0.86918	8.33376	202.644	4.35609
ALA_245	-3.86774	0.9113	1.27635	-0.02888	0.01364	0	0.6105	3.55279	0	0	0.16132	-0.43711	0	0	0	0	0	0	0.33254	0	0	0	0	0.70011	0	0	2.2619	0.98077	6.46747	132.166	20.8342
GLU_246	-4.23638	0.58468	3.60243	-0.23036	0.08414	0.33412	0.79217	3.59981	0.09838	0.54967	-0.40252	-0.58728	0	0	0	0	0	0	1.82141	4.45912	0.47226	0	3.98686	-0.50468	0	0	-1.6358	0.09214	12.8802	175.718	47.2819
ASP_247	-4.41585	1.53973	6.14708	-0.23158	0.17033	0.75072	2.88924	6.80596	0.00035	0.0081	-1.73874	-1.33829	0.41713	0	0	-0.38011	0	0	-0.13539	2.59293	0.01778	0	2.57515	-0.78232	0	0	-1.6204	2.17104	15.4429	131.405	53.5948
PRO_248	-3.42726	1.18747	2.48497	-0.07452	0	0.04669	1.2006	2.70665	0	0	0.10309	0.62728	0.42251	0	0	0	0	0	-0.24015	0.97775	0.48518	0.49257	0	-0.78849	0	0	-4.6787	2.8871	4.41276	134.129	64.871
CYS_249	-2.64768	0.93412	2.66982	-0.04633	0.00761	0.0209	1.06346	2.92239	0	0	-1.64851	-0.33331	0	0	0	-0.38011	0	0	0.44509	0.70794	0.0211	0.68684	0	0.25971	0	0	4.3148	0.05678	9.05464	34.9632	121.037
GLU_250	-4.84916	0.87469	6.2458	-0.22702	0.07141	0.40382	3.01147	6.58816	0	0	-1.39733	-0.47734	2.0316	0	0	0	0	0	0.66564	4.58452	0.79983	0	3.78468	0.35991	0	0	-1.6358	2.81783	23.6527	142.101	80.8987
PRO_251	-4.54397	1.29693	2.35576	-0.09185	0.00195	0.05762	1.25938	3.26948	0	0	0.53332	0.68712	2.03175	0	0	0	0	0	-0.19749	0.67048	0.04229	0.62818	0	-0.52156	0	0	-4.6787	2.80587	5.60656	152.112	46.8876
ALA_252	-5.57915	1.63296	2.03071	-0.02655	0.00853	0	2.17848	5.03475	0	0	-1.46646	-0.42116	0	0	0	0	0	0	0.0447	0	0	0	0	0.2346	0	0	2.2619	-0.66096	5.27235	151.975	1.02469
LYS_253	-7.16628	0.99147	5.15031	-0.31842	0.07966	0.17954	2.19718	6.28523	0.07123	0.42777	-1.70209	-0.28831	0	0	0	0	0	0	-0.02041	3.04049	0.18621	2.85428	0	0.4335	0	0	-0.8895	0.32398	11.8358	201.979	50.0212
LEU_254	-8.71666	0.86382	3.59745	-0.48096	0.39564	0.10085	3.27476	7.50032	0	0	-2.37885	-0.0168	0	0	0	0	0	0	1.97712	21.4296	20.8974	0.53215	0	-0.50965	0	0	1.3223	0.66832	50.4568	207.181	2.81906
GLN_255	-6.72044	0.72294	5.72566	-0.54022	0.12658	0.45717	3.27439	7.31671	0.01067	0.03602	-2.69295	-0.62891	0	0	0	0	0	0	0.07092	4.97915	1.18448	0	3.79466	0.52941	0	0	-0.1077	-0.28396	17.2546	185.774	31.226
PHE_256	-9.97088	2.24848	1.65227	-0.51177	0.55229	0.17445	2.72949	6.39194	0.00177	0.00522	-2.50404	-0.31291	0	0	0	0	0	0	-0.00688	9.07795	3.71257	0	5.36537	-0.20264	0	0	1.9602	-0.441	19.9219	234.567	2.43299
PHE_257	-9.10221	1.54736	2.92526	-0.63157	0.15369	0.38462	3.10606	6.4843	0.02373	0.16142	-3.24149	0.03094	0	0	0	0	0	0	0.01055	3.34524	0.48222	0	2.86302	-0.48189	0	0	1.9602	0.0942	10.1156	230.089	6.91065
HIS_258	-5.90102	1.31671	3.4411	-0.40896	0.00023	0.53817	1.82319	5.9908	0.0267	0.10002	-1.42368	-0.30069	0	0	0	0	0	0	0.15605	3.76751	0.43326	0	3.33425	-0.11167	0	0	0.8406	0.18087	13.8034	202.976	38.024
GLU_259	-4.23202	1.49257	3.82565	-0.24734	0.0448	0.27362	1.49948	4.9325	0.07401	0.48848	-0.99691	-0.19748	0	0	0	0	0	0	0.28546	5.44324	1.51107	0	3.93216	-0.13032	0	0	-1.6358	-0.27099	16.0922	140.14	82.8599
ASN_260	-2.29829	1.14097	2.08715	-0.18355	0.03957	0.30878	0.40356	2.50673	0	0	-0.09272	-0.88527	0	0	0	0	0	0	-0.08091	2.33408	0.15773	0	2.17635	-0.96435	0	0	-0.3009	0.15544	6.50437	50.7249	133.275
ALA_261	-2.74893	0.78698	2.48938	-0.02281	0	0	1.69562	3.85113	0.05775	0.3251	-0.41649	-0.33645	0	0	0	0	0	0	1.77688	0	0	0	0	0.28045	0	0	2.2619	0.38219	10.3827	109.235	43.7646
ALA_262	-1.62771	0.65712	1.41505	-0.02244	0	0	0.87538	2.21873	1e-05	0.00027	-0.22744	-0.14713	0.05525	0	0	0	0	0	0.29906	0	0	0	0	-0.23779	0	0	2.2619	2.21932	7.73958	90.8889	62.1111
PRO_263	-3.94975	1.11493	1.5222	-0.1325	0.00208	0.09503	0.69526	2.05382	0	0	-1.09919	0.21106	0.05701	0	0	0	0	0	0.10967	0.33142	0.01577	0.31566	0	-1.63802	0	0	-4.6787	1.35935	-3.61491	168.806	30.1941
VAL_264	-4.86786	0.62782	3.57925	-0.31697	0.39974	0.07065	2.93967	5.55995	0	0	-2.45654	-0.60667	0.0793	0	0	0	0	0	0.04929	1.11936	0.06461	1.05475	0	-0.77592	0	0	2.7371	1.56944	10.827	139.723	42.2766
PRO_265	-5.19943	1.44092	3.03596	-0.18834	0.00279	0.1328	1.62617	3.56607	0	0	-0.11231	0.10116	0.08804	0	0	0	0	0	-0.00184	0.60742	0.09298	0.51444	0	-1.44036	0	0	-4.6787	1.75541	1.3432	180.011	18.9891
TYR_266	-9.15879	1.90416	3.4652	-0.6888	0.39109	0.24992	3.71977	7.02696	0.02145	0.07652	-2.43881	-0.59429	0	0	0	0	-0.60334	0	0.03614	3.92056	0.27762	0	3.64294	-0.27377	0	0	1.7379	1.22225	13.9347	226.537	21.4633
TRP_267	-9.86575	1.83236	5.23102	-0.66301	0.40215	0.32889	3.96604	8.21097	0	0	-2.91312	-0.45438	0	0	0	0	0	0	0.9066	4.05539	0.12363	0	3.93177	0.23958	0	0	3.7077	1.76535	20.8052	227.524	42.4761
VAL_268	-7.59212	0.67166	1.4604	-0.28439	0.23328	0.06317	2.42593	5.73704	0.0434	0.32867	-2.3887	-0.19642	0	0	0	0	0	0	-0.05901	0.24052	0.17203	0.06849	0	-0.16172	0	0	2.7371	0.40198	3.9013	182	0
LEU_269	-8.52736	2.34332	2.89132	-0.52661	1.03334	0.13243	1.86232	5.95417	0	0	-0.51169	0.2641	0	0	0	0	0	0	-0.01342	3.73309	3.24789	0.4852	0	-0.4347	0	0	1.3223	0.34859	13.6043	200.653	9.34718
SER_270	-4.70932	1.17005	4.02396	-0.03354	0.01	0.04429	2.73501	5.72915	0	0	-2.49566	0.01775	0	0	0	0	0	0	0.13945	0.38959	0.01653	0.37305	0	-0.58604	0	4.04	-0.539	0.90912	11.2344	139.169	22.8313
THR_271	-7.00747	0.85038	3.00858	-0.22689	0.33286	0.09511	3.04388	5.84993	0.02043	0.23852	-0.97744	-0.41571	0	0	0	-0.72911	0	0	0.68352	0.25475	0.00052	0.25423	0	0.32064	0	5.02027	-0.9333	1.73728	11.421	166.702	7.2978
ASP_272	-5.47017	1.64876	7.95946	-0.25372	0.10135	0.87992	4.95195	9.17133	0.01768	0.19557	-5.46012	-2.16175	0	0	0	-1.23535	-0.69939	0	0.79808	3.62725	0.22424	0	3.40302	-0.37682	0	0	-1.6204	0.33911	16.04	129.415	55.5845
TYR_273	-9.9517	1.40246	5.7814	-0.61521	0.05035	0.35985	3.86754	8.92329	0.0874	0.60801	-2.02647	-0.32364	0	0	0	-1.33105	0	0	0.20926	2.45247	0.03943	0	2.41303	-0.4113	0	0	1.7379	1.82311	15.0961	228.647	19.353
ASP_274	-3.26578	1.0654	4.30049	-0.11531	0.01129	0.35782	1.35919	4.86125	0	0	-1.18796	-0.12784	0	0	0	0	0	0	0.12379	3.02062	0.20898	0	2.81164	-0.037	0	0	-1.6204	2.22095	13.9872	70.1098	114.89
ASN_275	-4.95872	0.77173	5.59726	-0.17675	0.0129	0.26453	3.3643	6.8553	0.07688	0.54526	-3.81246	-0.42453	0	0	0	-0.52211	-0.69939	0	0.38122	3.91773	0.45761	0	3.46012	0.28765	0	0	-0.3009	2.26351	17.3611	89.709	94.291
TYR_276	-9.67453	1.96286	5.14064	-1.20128	0.63039	0.7539	3.52943	8.80627	0.0977	0.58273	-3.12096	-0.24063	0	0	0	-0.71324	-0.0715	0	2.08743	2.6284	0.09355	0	2.53485	-0.65285	0	0	1.7379	2.28931	17.2004	210.218	37.7815
ALA_277	-5.91187	2.01344	2.19936	-0.02097	0	0	3.09189	5.91178	0	0	-2.15625	-0.42424	0	0	0	0	0	0	0.18023	0	0	0	0	-0.75389	0	0	2.2619	-0.17524	6.21614	153	0
LEU_278	-8.47359	0.93404	3.46604	-0.58464	0.32627	0.15204	3.25647	6.66294	0	0	-3.28133	0.20516	0	0	0	0	0	0	-0.15616	1.42093	0.42487	0.99605	0	-0.31605	0	0	1.3223	-0.08493	6.27043	210	0
VAL_279	-6.59572	4.17665	2.55994	-0.32081	0.44626	0.06986	3.5167	6.0358	0	0	-2.30496	-0.41056	0	0	0	0	0	0	0.3307	1.52283	0.42509	1.09774	0	-0.71889	0	0	2.7371	-0.12411	12.4436	178.926	3.07406
TYR_280	-9.31701	2.73698	3.60366	-0.72007	0.06662	0.05097	3.48005	6.90922	0.00299	0.06929	-2.33625	-0.47229	0	0	0	0	0	0	-0.03961	3.31814	0.01666	0	3.30148	-0.25153	0	0	1.7379	-0.15345	12.0038	242.251	5.74853
SER_281	-5.18627	1.36043	4.85906	-0.03439	0.00622	0.04469	3.77331	6.30566	0	0	-1.87585	-0.07024	0	0	0	0	0	0	-0.0111	0.72151	0.01021	0.7113	0	-0.24316	0	4.04	-0.539	0.15847	14.0308	148.645	13.3548
CYS:disulfide_282	-6.11907	2.25007	2.36947	-0.05132	3e-05	0.03542	0.89195	3.90384	0	0	-0.52324	-0.49092	0	0	0	0	0	-0.5391	0.04744	0.50477	0.23775	0.26702	0	-0.52594	0	0	4.3148	0.39003	6.96302	140.928	15.0718
ILE_283	-4.83946	0.53235	3.2913	-0.4638	0.91507	0.09334	2.6568	4.95489	0	0	-2.27525	0.08608	0	0	0	0	0	0	-0.14151	1.92195	1.442	0.47996	0	-1.20385	0	0	1.8006	-0.16822	9.08223	134.493	72.5072
ASN_284	-4.55905	0.46733	2.89528	-0.16868	0.02148	0.22212	1.63999	4.30819	0.03792	0.3848	-1.20098	-0.38444	0	0	0	-0.79808	0	0	0.15581	3.28458	0.35609	0	2.9285	0.27878	0	0	-0.3009	-0.68946	8.87928	111.776	72.2236
LEU_285	-5.23768	0.42758	3.66751	-0.50807	0.9007	0.14571	2.43785	5.76351	0.03094	0.2262	-2.03341	-0.06046	0	0	0	0	0	0	0.14829	1.12495	0.01472	1.11024	0	0.29934	0	0	1.3223	1.29779	11.078	127.236	82.7641
GLY_286	-1.36593	0.18865	1.9109	-0.00021	0	0	0.78711	2.36148	0	0	0.40658	-0.33629	0	0	0	0	0	0	-0.47878	0	0	0	0	-2.19657	0	0	1.435	2.754	5.46594	112.995	51.0052
ALA_287	-2.09279	0.17955	2.43097	-0.02757	0.01164	0	1.35729	3.33786	0	0	-0.99632	-0.45231	0	0	0	0	0	0	0.3163	0	0	0	0	0.64468	0	0	2.2619	0.90003	7.87122	75.0286	77.9714
SER_288	-5.74034	0.8753	5.62564	-0.02766	0.00685	0.01909	3.31766	7.6782	0.0161	0.19661	-3.3022	-0.66175	0	0	0	0	0	0	0.02456	1.283	0.1802	1.1028	0	-0.30982	0	4.04	-0.539	0.59426	14.3795	132.02	29.9801
HIS_289	-9.94128	2.5601	7.8944	-0.89049	0.09818	1.18904	4.26114	10.8282	0	0	-1.10244	-0.05046	0	0	0	0	0	0	0.1129	2.5888	0.16357	0	2.42523	-0.50692	0	0	0.8406	0.9111	21.3817	210.798	30.2018
ALA_290	-3.79394	0.34851	3.0835	-0.02722	0.01176	0	2.47497	4.72262	0	0	-2.30459	-0.46065	0	0	0	0	0	0	-0.16331	0	0	0	0	1.07983	0	0	2.2619	0.78175	8.01514	116.146	36.8538
ALA_291	-3.32206	1.11196	0.72469	-0.02083	0	0	0.76617	2.75556	0.02689	0.28509	-0.26428	-0.2929	0	0	0	0	0	0	0.34859	0	0	0	0	0.31628	0	0	2.2619	0.96183	5.65889	131.458	21.5415
TYR_292	-7.8029	2.39359	3.96547	-0.78703	0.07699	0.08645	3.49401	6.93058	0.04461	0.38288	-2.00927	-0.477	0	0	0	0	0	0	0.01845	5.54078	0.77709	0	4.76369	-0.45481	0	0	1.7379	-0.16259	18.5189	214.246	33.754
ALA_293	-5.28941	1.5132	2.30328	-0.02316	0	0	2.40053	5.08393	0	0	-1.57257	-0.46335	0	0	0	0	0	0	0.20561	0	0	0	0	-0.70583	0	0	2.2619	-0.36404	5.35007	151.557	1.44319
SER_294	-5.6283	4.74899	5.00258	-0.03444	0.0112	0.04541	4.09471	6.93442	0.00014	0.00318	-2.66112	-0.02246	0	0	0	0	0	0	2.89157	0.86145	0.00554	0.85592	0	-0.20954	0	4.04	-0.539	0.11308	20.5133	161.392	0.60815
ILE_295	-8.29896	0.95844	3.26085	-0.46723	0.77265	0.09935	3.76188	6.46559	0.00011	0.00052	-3.35979	0.09205	0	0	0	0	0	0	-0.11332	1.32864	0.75341	0.57523	0	-1.15569	0	0	1.8006	-0.53528	5.93905	207	0
VAL_296	-7.67553	3.32173	3.16507	-0.29752	0.22693	0.06102	3.3311	6.89421	0	0	-2.05768	-0.25111	0	0	0	0	0	0	1.04901	0.66368	0.40091	0.26277	0	-0.64667	0	0	2.7371	-0.93953	10.2455	176.874	5.12578
SER_297	-7.51323	2.92458	6.70402	-0.0311	0.01877	0.04118	5.11704	8.78268	0	0	-1.49104	0.02284	0	0	0	0	0	0	0.05927	2.58848	0.25913	2.32935	0	-0.50905	0	4.04	-0.539	-0.52961	22.2743	159.121	2.87941
ARG_298	-10.0824	1.15764	9.81382	-0.71665	0.72206	0.39306	4.6913	12.1053	0	0	-5.06484	0.3084	0	0	0	-1.77217	0	0	0.71186	4.54435	0.95603	3.58832	0	-0.14023	0	0	-0.1423	-0.5029	20.5707	209.441	55.5589
GLN_299	-5.17583	2.58816	4.98672	-0.56154	0.21462	0.5698	2.86942	6.31766	0.01734	0.12374	0.98896	-0.7528	0.88894	0	0	0	0	0	0.08094	3.54396	0.11956	0	3.4244	0.12644	0	0	-0.1077	2.50262	22.7654	97.182	119.818
PRO_300	-4.83808	1.61179	1.40366	-0.08012	0	0.04851	0.64141	2.07484	0	0	-0.08646	0.57667	0.89225	0	0	0	0	0	0.81869	0.87363	0.184	0.68963	0	-0.84449	0	0	-4.6787	3.14839	2.43565	140.74	58.2597
THR_301	-3.28565	0.83226	2.50684	-0.11827	0.13068	0.07533	1.30103	3.53191	0	0	0.86005	-0.71293	0	0	0	0	0	0	0.00989	0.13965	0.01808	0.12157	0	-0.92558	0	5.04977	-0.9333	-0.14271	8.45862	70.8917	103.108
LEU_302	-6.8798	3.27294	1.39489	-0.46996	0.65032	0.07536	0.61695	3.39621	0	0	0.37354	0.14727	0.08065	0	0	0	0	0	0.30588	2.69786	1.25224	1.44561	0	0.16309	0	0	1.3223	2.41015	12.2555	187.133	22.8667
PRO_303	-3.86946	2.11847	3.51867	-0.12666	0.0061	0.09198	2.01349	3.78362	0	0	-1.51609	0.2306	0.0807	0	0	0	0	0	-0.00829	0.48433	0.19104	0.29329	0	-1.51564	0	0	-4.6787	2.22447	3.32191	98.2412	100.759
GLU_304	-4.01157	4.02671	5.32141	-0.32339	0.11847	0.42237	2.20093	5.67107	0	0	-2.55217	-0.69566	0	0	0	0	0	0	-0.14891	7.14781	2.76385	0	4.38396	-0.46484	0	0	-1.6358	-0.88273	21.3415	101.787	121.213
GLU_305	-2.98293	0.37314	3.55653	-0.33476	0.14139	0.3854	1.41245	4.27509	0	0	-0.5718	-0.56793	0	0	0	0	0	0	0.00584	4.86467	0.33391	0	4.53076	-0.35056	0	0	-1.6358	-0.50825	12.9272	73.1832	149.817
THR_306	-6.52788	0.69634	4.53422	-0.20035	0.21904	0.07342	2.79154	6.26781	0	0	-1.20714	-0.95213	0	0	0	0	0	0	0.34192	0.80382	0.57901	0.2248	0	0.00649	0	5.03795	-0.9333	0.17764	11.9332	150.206	23.794
ILE_307	-8.18039	0.86687	4.90904	-0.51024	1.44738	0.09638	2.96146	7.92229	0	0	-2.19473	0.20302	0	0	0	0	0	0	0.11235	1.55921	0.78974	0.76946	0	-0.53121	0	0	1.8006	1.32734	13.3486	182.396	24.6042
LYS_308	-5.48186	4.07313	6.89634	-0.30883	0.05621	0.14661	2.90556	7.77057	0.0123	0.21427	-3.74889	-0.04066	0	0	0	0	0	0	0.77594	2.74648	0.37549	2.37099	0	-0.10029	0	0	-0.8895	0.45268	18.2266	113.708	138.292
LYS_309	-5.60584	0.67764	6.25271	-0.48324	0.23835	0.26228	3.67132	7.42296	0	0	-2.1364	0.38955	0	0	0	0	-0.0715	0	-0.04444	17.2512	14.01	3.2412	0	0.10192	0	0	-0.8895	-0.15311	44.1352	134.607	117.393
LEU_310	-9.4777	1.78936	4.26938	-0.50618	0.86171	0.12305	3.27719	7.7794	0	0	-2.07082	0.2533	0	0	0	0	0	0	0.61623	0.81626	0.3931	0.42316	0	-0.51147	0	0	1.3223	0.05197	9.41023	210	0
GLN_311	-8.62304	2.70409	5.88186	-0.25137	0.04234	0.17102	4.01664	9.19991	0.0123	0.21427	-3.14254	-0.49355	0	0	0	0	-0.96308	0	0.62225	3.74045	0.11589	0	3.62456	-0.38096	0	0	-0.1077	-0.2961	16.0872	177.224	39.7764
GLY_312	-3.43426	0.40279	4.64684	-5e-05	0	0	2.6485	5.98014	0	0	-1.93866	-0.41455	0	0	0	0	0	0	0.2256	0	0	0	0	0.92117	0	0	1.435	0.8574	11.3299	116.521	47.479
THR_313	-4.96722	0.53911	4.94966	-0.20963	0.41017	0.07581	3.26794	6.72885	0	0	-1.2869	-0.86328	0	0	0	0	0	0	0.05589	0.21877	0.11153	0.10724	0	0.01966	0	5.04929	-0.9333	1.53948	14.8131	119.567	54.4327
MET_314	-10.3248	5.30243	4.22448	-0.3423	0.16697	0.10864	3.63141	8.16033	0	0	-2.1685	-0.06057	0	0	0	0	0	0	-0.02602	2.88035	0.5573	2.32305	0	0.09042	0	0	1.4633	1.02448	17.011	261.206	0.794319
SER_315	-4.14036	0.53981	5.19516	-0.03265	0.00121	0.02287	2.72072	6.67422	0	0	-1.92185	-0.71677	0	0	0	0	0	0	-0.03232	1.03982	0.00321	1.03661	0	0.29744	0	4.04	-0.539	0.36485	14.553	95.5908	66.4092
SER_316	-2.88442	0.42393	3.75113	-0.04002	0.03275	0.05254	2.41264	4.65469	0	0	-1.115	-0.17879	0	0	0	0	0	0	0.85479	1.09096	0.86846	0.2225	0	-0.27489	0	4.04	-0.539	-0.40478	12.9675	66.807	95.193
PHE_317	-7.41803	2.34756	1.9796	-0.89929	0.18934	0.53855	2.33138	4.72928	0.00366	0.01879	-0.29528	-0.77986	0	0	0	0	0	0	3.52308	4.54218	0.17674	0	4.36543	-0.25939	0	0	1.9602	-0.43419	16.6198	202.805	34.1946
GLY_318	-1.72417	0.0801	2.29138	-6e-05	0	0	1.23554	3.06944	0	0	-0.93821	-0.35462	0	0	0	0	0	0	0.14128	0	0	0	0	-2.50523	0	0	1.435	-0.75938	1.97107	98.2289	65.7711
VAL_319	-5.56956	2.88644	1.66429	-0.28122	0.51429	0.05839	1.48046	4.40236	0.00366	0.01879	-1.0182	0.36212	0	0	0	0	0	0	0.26407	0.35033	0.13383	0.2165	0	-0.31961	0	0	2.7371	-1.04194	6.8621	169.033	12.9669
GLY_320	-2.56294	0.59775	2.55325	-0.00016	0	0	1.97973	3.76771	0	0	-0.55461	-0.38884	0	0	0	0	0	0	0.20057	0	0	0	0	1.4671	0	0	1.435	2.26389	10.7585	128.658	35.342
VAL_321	-6.34087	2.47311	2.37852	-0.32764	0.76867	0.07812	2.21868	5.38378	0.06261	0.49794	-0.60825	-0.40322	0	0	0	0	0	0	-0.14134	5.28366	3.59574	1.68792	0	0.52046	0	0	2.7371	2.75137	22.6163	151.075	30.9246
ASP_322	-1.85208	0.34345	2.09467	-0.12164	0.0509	0.39171	0.75805	2.85483	0	0	0.31867	-0.09222	0	0	0	0	0	0	0.18013	5.12081	1.11651	0	4.0043	-0.19865	0	0	-1.6204	-0.09995	13.2491	25.2275	159.772
THR_323	-3.95551	0.95346	4.23975	-0.13244	0.16461	0.06837	2.87866	5.37529	0.04671	0.33053	-1.38252	-0.20516	0	0	0	0	0	0	-0.07441	0.20299	0.07774	0.12525	0	-0.41065	0	5.05589	-0.9333	-0.63902	11.7862	117.967	56.0331
LEU_324	-7.85324	2.97793	2.46878	-0.47881	0.97549	0.08312	1.68343	5.73445	0.06261	0.49794	-0.5182	0.37515	0	0	0	0	0	0	0.6764	1.11954	0.0749	1.04463	0	-0.13877	0	0	1.3223	-0.75142	9.35623	185.128	24.8717
LEU_325	-5.78755	0.76386	4.90888	-0.49981	0.79578	0.10604	3.13476	6.18191	0	0	-2.22419	0.22679	0	0	0	0	0	0	-0.02648	1.16976	0.25534	0.91442	0	-0.58205	0	0	1.3223	-0.63469	10.0251	126.465	83.5355
THR_326	-2.69291	0.29072	2.32618	-0.17813	0.13776	0.0644	1.01123	3.18503	0	0	-0.5274	-0.65037	0	0	0	0	0	0	0.46472	0.17621	0.06184	0.11437	0	0.33116	0	5.04068	-0.9333	-0.10045	8.12173	68.6844	105.316
THR_327	-6.42854	0.64655	5.65809	-0.16647	0.17232	0.0578	3.11426	7.59742	0.05866	0.34236	-0.5171	-0.53763	0	0	0	0	0	0	-0.02155	0.2537	0.0672	0.1865	0	0.12975	0	5.0391	-0.9333	0.10861	14.8277	165.486	8.5141
ASN_328	-5.6069	1.31694	5.07755	-0.2583	0.12574	0.42505	3.42486	6.31174	0.01782	0.15332	-2.1569	-0.83307	0	0	0	-1.39427	0	0	0.72667	2.95111	0.49622	0	2.45489	-0.66253	0	0	-0.3009	-0.13598	12.1331	114.19	69.8099
GLN_329	-7.32368	0.56622	5.56267	-0.56077	0.3527	0.55629	2.65526	7.44091	0.00082	0.00478	-1.62882	-0.83675	0	0	0	-0.96163	0	0	-0.03288	5.40059	0.91399	0	4.4866	-0.03349	0	0	-0.1077	0.5904	17.0455	191.265	25.7348
ASP_330	-4.68275	0.56473	6.33185	-0.19724	0.00579	0.60032	3.75555	7.48933	0	0	-4.20036	-0.58741	0	0	0	-1.80489	0	0	0.52822	3.69493	0.19904	0	3.49589	-0.12649	0	0	-1.6204	0.33328	13.7794	104.046	80.954
ALA_331	-2.17878	0.11469	2.916	-0.0217	0	0	1.07141	3.82336	0	0	0.29903	-0.34664	0	0	0	0	0	0	-0.06859	0	0	0	0	-0.42898	0	0	2.2619	-0.16568	7.27603	53.0292	99.9708
ALA_332	-2.70566	0.64926	3.50686	-0.02017	0	0	1.88683	4.64682	0.00045	0.00537	-1.13825	-0.31551	0	0	0	0	0	0	-0.0278	0	0	0	0	0.50816	0	0	2.2619	1.31661	10.5749	65.7201	87.2799
TYR_333	-7.0712	1.08658	5.19129	-0.94997	0.15419	0.43521	2.5217	6.92127	0.03982	0.39269	-2.34924	-0.26736	0	0	0	-1.57489	0	0	0.59109	3.74288	0.14507	0	3.59781	0.48397	0	0	1.7379	1.48768	16.3165	163.711	84.2894
CYS:disulfide_334	-6.72827	1.39013	5.37746	-0.04725	0.02071	0.02133	3.20796	7.26076	0	0	-2.20606	-0.34391	0	0	0	0	0	-0.60226	0.17068	0.63929	0.2061	0.43319	0	0.45168	0	0	4.3148	0.1837	13.7501	145.272	10.7283
SER_335	-3.04468	0.58475	4.40637	-0.03637	0.00414	0.04005	2.90334	5.45974	0	0	-0.97425	-0.42063	0	0	0	0	0	0	-0.27392	0.39686	0.00182	0.39504	0	0.0416	0	4.04	-0.539	0.30014	13.285	83.7262	78.2738
ALA_336	-2.8188	1.17598	2.21621	-0.02492	0.00183	0	0.95721	3.64407	0.05961	0.40997	0.49814	-0.40901	0	0	0	0	0	0	0.18833	0	0	0	0	-0.16044	0	0	2.2619	0.08862	8.08871	100.674	52.3255
MET_337	-8.52823	5.03116	4.73612	-0.50392	0.54388	0.15108	2.74238	6.65241	0	0	-2.38797	-0.05982	0	0	0	-0.95155	0	0	-0.11984	2.58792	1.45226	1.13567	0	0.09907	0	0	1.4633	-0.28379	13.7601	238.845	23.1551
ASN_338	-2.18914	2.74445	3.26642	-0.19415	0.04525	0.39949	1.58116	3.94674	0	0	-0.79466	-0.53367	0	0	0	0	0	0	0	2.76938	0	0	2.76938	0	0	0	-0.3009	0.01149	13.5212	7.16601	176.834