label	fa_atr	fa_rep	fa_sol	fa_intra_atr_xover4	fa_intra_rep_xover4	fa_intra_sol_xover4	lk_ball	lk_ball_iso	lk_ball_bridge	lk_ball_bridge_uncpl	fa_elec	fa_intra_elec	pro_close	hbond_sr_bb	hbond_lr_bb	hbond_bb_sc	hbond_sc	dslf_fa13	omega	fa_dun	fa_dun_dev	fa_dun_rot	fa_dun_semi	p_aa_pp	yhh_planarity	hxl_tors	ref	rama_prepro	total	BSA	SASA
VAL_1	-1.70984	0.05515	2.47772	-0.31005	0.5017	0.05094	1.42321	2.8522	0	0	-1.06346	2.11727	0	0	0	0	0	0	0.08079	30.8949	30.2926	0.60234	0	0	0	0	2.7371	0	71.0026	50.8138	131.186
ALA_2	-3.07068	0.65776	2.89642	-0.02986	0.00257	0	1.97155	4.21463	0.00687	0.02285	-1.5903	-0.40238	0	0	0	0	0	0	0.11582	0	0	0	0	0.35431	0	0	2.2619	1.68319	9.09466	117.293	35.7072
ILE_3	-3.84281	0.71424	1.18485	-0.51206	3.16055	0.12471	0.79664	2.66886	0	0	-0.37086	-0.274	0	0	0	0	0	0	0.10342	7.03367	6.70239	0.33129	0	-0.85271	0	0	1.8006	1.69455	20.4633	138.228	68.7724
ARG_4	-4.14341	1.21416	4.18931	-0.469	0.58695	0.26632	2.25436	4.98302	0.00687	0.02285	-1.56547	0.23741	0	0	0	0	0	0	-0.02835	10.2726	7.49718	2.77545	0	0.1669	0	0	-0.1423	1.26897	29.3938	103.829	161.171
ASN_5	-2.44502	0.06516	2.55264	-0.19118	0.01777	0.24311	0.62761	3.13523	0.00078	0.0037	0.19325	-0.36396	0	0	0	0	0	0	0.25698	5.06284	0.5924	0	4.47043	0.26895	0	0	-0.3009	1.02527	15.2151	89.977	94.023
PHE_6	-8.7474	3.02142	2.44333	-0.69559	0.09068	0.0076	0.93807	5.64681	0.00062	0.00261	-0.3057	-0.3502	0	0	0	0	0	0	0.16913	4.7994	1.23555	0	3.56385	-0.13087	0	0	1.9602	-0.83751	12.812	228.327	8.67349
ASP_7	-4.8442	1.64858	7.15309	-0.25449	0.16067	0.85429	3.64145	7.84503	0.10013	0.39397	-3.36504	-0.98286	0	0	0	-0.58529	0	0	-0.18773	8.12129	4.53942	0	3.58187	-1.02234	0	0	-1.6204	-1.03385	24.1436	117.177	67.8227
ILE_8	-5.15799	2.66865	1.62979	-0.7493	5.70821	0.18684	1.68203	4.35016	0	0	-0.4377	-0.28029	0	0	0	0	0	0	-0.15398	3.8721	0.77595	3.09615	0	0.76855	0	0	1.8006	0.60292	20.3627	168.327	38.6735
SER_9	-2.39457	0.446	3.67506	-0.04253	0.03923	0.05683	1.98684	4.11572	0	0	-1.31633	-0.14662	0	0	0	-0.58529	0	0	-0.1046	0.53416	0.17787	0.35629	0	-0.50517	0	4.04	-0.539	0.55258	10.3465	64.4968	97.5032
LYS_10	-5.28351	3.48637	6.95007	-0.45144	0.07908	0.22203	3.31812	7.12054	0.16377	0.64182	-3.28893	-0.10295	0	0	0	0	0	0	1.8126	18.8561	15.1846	3.67148	0	-0.0508	0	0	-0.8895	-0.76447	50.675	140.213	111.787
ILE_11	-7.66909	1.24021	1.41824	-0.60975	0.59961	0.20053	2.03579	5.30625	0.05009	0.31676	-1.29181	0.122	0	0	0	-0.46568	0	0	1.91455	6.64003	4.22163	2.4184	0	0.66202	0	0	1.8006	-0.17093	18.7394	206.488	0.512343
SER_12	-3.1748	0.86207	3.09257	-0.04526	0.12507	0.06965	1.81827	4.15926	0	0	-1.30302	-0.54566	0	0	0	-0.4924	0	0	-0.02382	8.25923	7.89416	0.36506	0	-0.48195	0	4.04	-0.539	-0.51502	23.5644	101.832	60.1676
GLY_13	-3.39392	1.68339	3.97547	-0.00071	0	0	3.01301	5.36311	0	0	-2.05333	-0.26986	0	0	0	0	0	0	0.11257	0	0	0	0	-2.52611	0	0	1.435	0.0979	7.43653	134.559	29.4414
GLU_14	-3.87103	0.57529	4.42377	-0.2092	0.05647	0.23405	2.15138	5.29421	0	0	-2.0964	-0.382	0	0	0	-0.40818	-0.73647	0	0.02344	9.82795	4.56153	0	5.26642	0.11279	0	0	-1.6358	0.47069	23.6589	122.988	100.012
TRP_15	-14.2121	1.97696	6.91423	-0.74772	0.05887	0.3268	3.92271	12.0329	0.00112	0.02473	-3.43866	-0.22103	0	0	0	-0.93557	0	0	1.10292	3.00438	0.37926	0	2.62512	-0.16052	0	0	3.7077	0.5234	16.8855	270	0
TYR_16	-10.0359	1.73793	4.97836	-0.57694	0.063	0.30515	2.99802	8.44651	0.01696	0.10684	-2.05088	-0.19012	0	0	0	0	0	0	0.0086	2.40317	0.01198	0	2.39119	-0.52546	0	0	1.7379	0.3306	12.1569	203.083	44.9168
SER_17	-5.38453	2.07676	4.06255	-0.03674	0.0034	0.02464	2.39494	5.65556	0.0152	0.28236	-1.28629	-0.60042	0	0	0	-0.31764	0	0	-0.10432	0.70346	0.00553	0.69793	0	0.70379	0	4.04	-0.539	-0.34671	12.0505	161.041	0.959148
ILE_18	-9.35288	4.08477	2.69614	-0.70252	1.83626	0.16207	2.55234	7.15238	0.00572	0.03119	-1.987	0.25223	0	0	0	0	0	0	0.4068	3.11011	2.12488	0.98523	0	-0.95809	0	0	1.8006	0.75408	14.9543	207	0
PHE_19	-9.89747	10.2485	2.09734	-0.67802	0.07892	0.42251	2.36873	5.85792	0.00538	0.0302	-1.03697	0.30386	0	0	0	0	0	0	1.2529	3.56723	0.90312	0	2.6641	-0.55879	0	0	1.9602	0.45179	20.0414	229.378	7.62185
LEU_20	-7.95879	4.81495	2.51458	-0.49366	2.91134	0.08054	3.52699	5.94136	0	0	-2.41905	0.09179	0	0	0	0	0	0	-0.03235	2.14915	1.06749	1.08167	0	-0.02526	0	0	1.3223	-0.20665	14.3664	208.463	1.53703
ALA_21	-5.47556	1.45763	1.87545	-0.02092	0	0	2.83558	5.31625	0	0	-2.4411	-0.42289	0	0	0	0	0	0	0.28582	0	0	0	0	-0.12771	0	0	2.2619	0.25975	5.80421	153	0
SER_22	-5.93299	2.03611	4.95738	-0.03251	0.02954	0.04695	2.79814	6.75763	0	0	-0.52779	0.12024	0	0	0	0	0	0	0.65328	3.29125	1.31018	1.98107	0	-0.78211	0	4.04	-0.539	0.31836	20.5257	162	0
ASP_23	-4.29238	0.90491	5.60643	-0.19368	0.04017	0.6675	3.16215	6.41398	0	0	-3.45865	-2.29545	0	0	0	-0.74003	-0.19563	0	0.52021	9.12354	4.79896	0	4.32457	-0.55449	0	0	-1.6204	-0.70028	21.5114	133.514	51.4864
VAL_24	-5.53527	1.94431	4.30366	-0.27979	0.31413	0.07116	3.25512	5.94586	0.00307	0.01063	-0.50848	-0.69038	0	0	0	0	0	0	0.10099	1.69763	1.22607	0.47156	0	0.49401	0	0	2.7371	1.21714	16.7785	155.87	26.1295
LYS_25	-7.19829	8.28943	8.35552	-0.77855	0.94673	0.4747	4.09944	8.9628	0.02229	0.08172	-3.09747	0.1636	0	0	0	-0.36184	0	0	0.08634	25.9987	18.8341	7.16467	0	-0.04642	0	0	-0.8895	4.10979	75.2178	186.91	65.0905
GLU_26	-3.28934	0.60026	3.763	-0.30814	0.04101	0.37503	1.37856	4.66242	0.01914	0.09577	-0.66226	-0.56112	0	0	0	0	0	0	0.03025	6.86982	0.20715	0	6.66267	-0.53661	0	0	-1.6358	1.69518	19.407	110.385	112.615
LYS_27	-7.38392	1.57314	7.26028	-0.67058	9.03972	0.45874	4.50758	8.29714	0.0631	0.52549	-4.55193	0.21391	0	0	0	0	-0.67404	0	-0.00271	3.26408	0.46147	2.80261	0	-0.12769	0	0	-0.8895	-0.86598	23.3009	213.323	38.6772
ILE_28	-9.55662	1.87133	3.50099	-0.58386	0.76894	0.1719	2.30919	7.23537	0.00307	0.01063	-1.966	0.08438	0	0	0	-0.78563	0	0	-0.07446	4.90472	4.12207	0.78265	0	0.49206	0	0	1.8006	-0.07044	15.0209	207	0
GLU_29	-6.16441	2.45877	7.27886	-0.17336	0.02714	0.23284	2.89332	8.26645	0.03548	0.14926	-1.83082	-0.33223	0	0	0	0	0	0	0.02739	7.68843	4.06396	0	3.62447	0.26624	0	0	-1.6358	1.16948	28.0455	152.562	70.4381
GLU_30	-3.06998	0.64694	4.21336	-0.39828	0.39693	0.66521	0.79633	4.51211	0	0	-0.49284	-1.02037	0	0	0	0	0	0	1.27459	17.3579	10.4437	0	6.91429	-0.14996	0	0	-1.6358	1.74931	42.2035	113.787	109.213
ASN_31	-3.00171	0.15132	3.44939	-0.18135	0.07288	0.30716	1.967	4.39765	0.01594	0.10647	-1.58306	-0.87492	0	0	0	-1.07451	0	0	0.42317	2.2494	0.09559	0	2.15382	-1.02778	0	0	-0.3009	1.46891	8.81446	108.616	75.3839
GLY_32	-3.29275	1.51157	3.94371	-0.00025	0	0	2.31948	5.31752	0	0	-1.56785	-0.2105	0	0	0	0	0	0	0.15607	0	0	0	0	0.7694	0	0	1.435	0.64735	11.0287	151.833	12.1671
SER_33	-3.92291	0.43816	4.51356	-0.03737	0.00871	0.04321	2.6879	5.00924	0.0631	0.52549	0.17264	-0.37776	0	0	0	-0.6359	0	0	0.27782	0.29589	0.03478	0.26112	0	-0.20939	0	4.04	-0.539	0.3956	13.0449	130.017	31.9826
MET_34	-7.9814	1.51018	2.91028	-0.37056	0.39622	0.24023	2.49164	5.49847	0.06548	0.39467	-1.56739	-0.49599	0	0	0	0	0	0	0.72726	5.21189	1.83771	3.37418	0	0.4241	0	0	1.4633	0.17816	16.3084	256.722	5.27826
ARG_35	-8.39542	2.25009	7.20172	-0.69116	0.17327	0.47671	2.88781	9.45003	0.02453	0.1711	-1.2735	-0.15909	0	0	0	-0.78563	0	0	-0.02836	6.08749	2.41197	3.67552	0	0.13066	0	0	-0.1423	1.03562	24.5011	240.103	24.8969
VAL_36	-6.15017	1.30453	1.49888	-0.31241	0.30423	0.06867	1.58552	4.65773	0.06548	0.39467	-0.76835	-0.45393	0	0	0	0	0	0	1.00837	0.98958	0.11181	0.87777	0	-0.63391	0	0	2.7371	0.84113	8.12669	178.315	3.68456
PHE_37	-9.72677	1.88293	4.17757	-0.71146	0.09607	0.51249	3.18624	7.79946	0	0	-2.41801	0.04974	0	0	0	0	0	0	-0.00939	10.8023	7.01687	0	3.78546	-0.13432	0	0	1.9602	-0.33581	27.9336	232.518	4.48236
VAL_38	-7.93626	3.40868	2.37254	-0.31313	0.17666	0.07633	2.17153	6.40456	0	0	-0.81356	-0.02137	0	0	0	-0.6371	0	0	0.7654	55.4966	54.3073	1.18929	0	1.35095	0	0	2.7371	0.57566	121.311	182	0
ASP_39	-6.76855	1.93621	8.87555	-0.18944	0.05499	0.61524	4.37014	10.0683	0.09374	0.59391	-3.64626	-0.62757	0	0	0	-0.01899	-0.68667	0	-0.02931	3.13419	0.00239	0	3.13179	-0.15027	0	0	-1.6204	2.93693	22.0759	181.798	3.20229
VAL_40	-5.99746	5.56899	3.98825	-0.35229	0.39064	0.08055	2.76272	6.63274	0	0	-1.32129	0.15198	0	0	0	0	0	0	0.79798	1.01078	0.00016	1.01062	0	-0.82914	0	0	2.7371	2.01307	18.6454	141.005	40.9945
ILE_41	-7.68893	2.92939	2.63268	-0.47355	1.15747	0.09446	2.94782	6.2747	0.06445	0.37848	-2.98463	0.07028	0	0	0	0	0	0	1.00393	0.96656	0.08961	0.87696	0	-0.91198	0	0	1.8006	-0.54788	8.68043	204.951	2.04937
ARG_42	-6.08802	0.65602	4.52316	-0.76649	0.59314	0.55185	3.34812	6.36998	0	0	-2.10723	0.20634	0	0	0	0	0	0	0.33319	13.5474	8.54085	5.00659	0	-0.32881	0	0	-0.1423	-0.5776	33.6662	130.98	134.02
ALA_43	-2.33343	3.19476	0.97186	-0.02781	0.00806	0	0.52069	2.29655	0	0	-0.65816	-0.2778	0	0	0	0	0	0	0.29383	0	0	0	0	0.694	0	0	2.2619	-0.15178	6.79267	89.2084	63.7916
LEU_44	-5.87996	2.64395	3.43467	-0.50525	2.46187	0.08756	1.52986	5.66412	0.00039	0.0043	-0.47061	0.39596	0	0	0	0	0	0	0.0297	2.12284	1.67502	0.44782	0	0.59217	0	0	1.3223	1.87738	17.4341	157.294	52.7058
ASP_45	-1.37269	0.45058	1.81356	-0.2175	0.78575	0.6963	0.66131	2.18409	0.00039	0.0043	1.03457	0.16048	0	0	0	0	0	0	0.1438	19.3132	14.4529	0	4.86032	0.32776	0	0	-1.6204	3.86976	47.5485	36.6742	148.326
ASN_46	-2.44264	1.21017	3.40754	-0.44091	1.44894	0.82401	1.71291	3.97544	0	0	0.20207	-0.57298	0	0	0	-0.23835	0	0	0.0401	9.80641	0.04221	0	9.7642	-1.25533	0	0	-0.3009	3.40732	30.5902	76.1937	107.806
SER_47	-2.89327	1.89185	3.78889	-0.04678	0.02852	0.07223	1.7385	4.16913	0.00632	0.05992	-1.4105	0.08848	0	0	0	-0.23835	0	0	2.17166	1.30353	0.00961	1.29392	0	0.88959	0	4.04	-0.539	3.45949	19.8837	97.9876	64.0124
SER_48	-5.07187	1.26859	5.21284	-0.03275	0.0162	0.01951	3.27245	6.65917	0.036	0.37683	-1.51501	-0.55672	0	0	0	0	0	0	-0.03065	2.73703	1.96924	0.76779	0	-0.25705	0	4.04	-0.539	1.93822	20.3108	160.176	1.82445
LEU_49	-7.97914	6.25728	2.20725	-0.44832	1.36382	0.07131	3.45312	6.40758	0	0	-2.30564	0.1183	0	0	0	0	0	0	0.06235	3.12971	2.234	0.89571	0	-0.26068	0	0	1.3223	-0.5786	15.9504	208.718	1.28203
TYR_50	-8.89392	3.13612	5.81217	-0.75378	0.07059	0.10953	4.87132	8.57604	0	0	-3.78153	-0.44251	0	0	0	0	-0.75121	0	-0.01454	4.30429	0.04443	0	4.25986	-0.45649	0	0	1.7379	-0.74392	17.0844	216.287	31.7132
ALA_51	-5.42711	3.05924	2.52871	-0.02357	0.00019	0	2.85514	5.58807	0	0	-2.19843	-0.43312	0	0	0	0	0	0	-0.00554	0	0	0	0	-0.78048	0	0	2.2619	-0.56467	6.86032	153	0
GLU_52	-6.03971	1.28867	5.36478	-0.20959	0.06566	0.33648	3.77978	6.92428	0	0	-3.81276	-0.51255	0	0	0	0	-0.75121	0	0.13217	7.2111	2.80319	0	4.40791	0.28729	0	0	-1.6358	-0.15808	19.4816	169.236	53.7636
TYR_53	-10.9151	4.66011	3.95353	-0.57651	0.06986	0.27719	3.76386	8.39245	0	0	-3.32859	-0.23587	0	0	0	0	0	0	1.05112	3.20414	0.79145	0	2.41269	-0.27616	0	0	1.7379	-0.38741	14.5946	248	0
GLN_54	-8.96049	2.07924	7.6067	-0.61147	0.07567	0.88769	4.50796	9.19281	0.01843	0.17604	-4.60331	-0.38791	0	0	0	0	-0.92273	0	0.28068	6.12543	0.82042	0	5.305	-0.15518	0	0	-0.1077	-0.57346	20.7538	216.392	0.60815
THR_55	-5.60256	0.93715	4.39093	-0.20781	0.14759	0.07372	3.30756	6.34952	0	0	-1.69259	-0.38869	0	0	0	0	0	0	0.24472	0.61719	0.17951	0.43768	0	0.32578	0	4.99908	-0.9333	0.57647	13.762	162.474	11.5257
LYS_56	-6.15745	1.69493	5.90112	-0.36196	0.91073	0.15337	2.50809	6.73501	0.0416	0.28099	-2.28684	-0.03105	0	0	0	0	0	0	1.7615	61.2738	58.7103	2.56358	0	0.64591	0	0	-0.8895	1.06957	134.524	208.053	43.947
VAL_57	-3.76233	0.69102	3.22903	-0.24578	0.28081	0.04604	1.73449	4.89358	0	0	-1.1712	-0.08102	0	0	0	0	0	0	-0.01493	7.5767	7.3461	0.2306	0	-1.00848	0	0	2.7371	-0.19265	22.2891	116.895	65.1047
ASN_58	-2.31406	0.3738	2.30051	-0.2326	0.94603	0.37721	1.16145	3.1067	0.00114	0.00341	-0.27863	-0.52826	0	0	0	-1.07451	0	0	0.12548	5.35927	0.39532	0	4.96395	-1.60235	0	0	-0.3009	-0.96648	11.8165	71.0317	112.968
GLY_59	-1.9503	0.38369	2.02229	-6e-05	0	0	0.28605	2.52147	0	0	-0.17686	-0.36784	0	0	0	0	0	0	-0.21043	0	0	0	0	-2.46098	0	0	1.435	-1.35278	0.12926	103.698	60.3021
GLU_60	-3.09313	0.49693	4.13083	-0.22754	0.03235	0.37262	2.18279	4.9179	0.04997	0.44998	-1.54686	-0.49175	0	0	0	0	0	0	-0.01756	10.5308	5.41709	0	5.11373	0.31463	0	0	-1.6358	-0.94253	26.0544	85.8226	137.177
CYS:disulfide_61	-4.57155	0.52045	2.22027	-0.0406	2e-05	0.01513	0.64869	3.25973	0	0	-0.35286	-0.21462	0	0	0	0	0	-0.61854	0.29766	2.08738	1.24289	0.8445	0	0.15139	0	0	4.3148	-0.47481	9.32992	128.154	27.8464
THR_62	-4.15902	1.83811	4.31548	-0.09899	0.04706	0.0455	3.30157	5.71828	0.04997	0.44998	-2.63824	-0.3634	0	0	0	0	0	0	-0.03194	21.5055	21.1449	0.36064	0	-1.31942	0	4.66313	-0.9333	0.0949	53.9907	111.996	62.0044
GLU_63	-4.20105	3.0503	3.14699	-0.30687	0.0803	0.38376	1.36607	3.91133	0.01936	0.14245	-0.7368	-0.46477	0	0	0	0	-0.23606	0	0.07048	5.2632	0.7171	0	4.54609	-0.17606	0	0	-1.6358	1.16105	16.1011	155.424	67.5756
PHE_64	-5.6389	2.89185	2.36605	-1.03305	0.18901	0.57137	2.59806	4.25787	0	0	-2.05023	-0.19709	0.07113	0	0	0	0	0	0.54225	2.26569	0.28037	0	1.98532	-0.42085	0	0	1.9602	3.63244	14.2715	203.414	33.5855
PRO_65	-3.40113	3.05741	1.2053	-0.22336	0.02288	0.1588	0.65044	1.73309	0	0	-0.68425	-0.03248	0.22467	0	0	0	0	0	0.14612	2.05662	1.90467	0.15195	0	0.21247	0	0	-4.6787	3.94722	6.45171	128.805	70.1949
MET_66	-7.57273	0.98537	1.80251	-0.19275	0.05649	0.0544	2.24331	4.31458	0	0	-1.80574	-0.46133	0	0	0	0	0	0	0.49824	6.69781	3.74982	2.94799	0	-0.13393	0	0	1.4633	1.04773	15.6951	249.14	12.8602
VAL_67	-4.47885	1.05216	1.29958	-0.25289	0.2436	0.04939	1.22587	4.00546	0.04317	0.16308	-0.63349	-0.20735	0	0	0	0	0	0	-0.03609	1.68059	0.97142	0.70916	0	-1.12452	0	0	2.7371	-0.28542	7.16197	119.984	62.0162
PHE_68	-8.80646	3.17215	2.9667	-0.65549	0.36177	0.43644	3.07019	6.23796	0.00957	0.02771	-2.99727	0.08805	0	0	0	0	0	0	0.89622	7.36356	2.37544	0	4.98812	-0.26885	0	0	1.9602	-0.45684	20.7692	225.654	11.3464
ASP_69	-4.04474	0.50751	5.19847	-0.13063	0.05361	0.40279	2.92079	6.38442	0.06467	0.42331	-2.15385	-0.30973	0	0	0	0	0	0	-0.04927	4.86282	0.87124	0	3.99158	-0.10008	0	0	-1.6204	-0.29768	16.9748	137.736	47.2641
LYS_70	-4.86797	1.36308	5.39002	-0.36025	0.06889	0.14454	1.93675	5.89526	0.19457	1.09875	-3.13971	0.60198	0	0	0	0	0	0	-0.06004	10.3923	7.70438	2.68794	0	-0.01752	0	0	-0.8895	-0.5862	27.5573	175.567	76.4334
THR_71	-4.7613	0.47689	4.63544	-0.11727	0.06212	0.07046	2.65145	6.16653	0.07646	0.3245	-1.10135	-0.58541	0	0	0	0	0	0	1.97025	0.41512	0.01364	0.40148	0	-0.73824	0	4.9784	-0.9333	0.53368	14.5396	140.949	33.0513
GLU_72	-1.37287	0.08047	2.06283	-0.67273	1.58562	1.31047	0.17621	2.25388	0	0	0.86641	-0.49063	0	0	0	0	0	0	-0.078	11.9622	5.82083	0	6.14141	-0.51459	0	0	-1.6358	0.44501	27.9407	61.847	161.153
GLU_73	-4.53937	0.52275	5.9144	-0.50653	0.45039	0.7389	2.68995	6.50959	0.06624	0.30987	-0.87713	-1.16877	0	0	0	0	-0.34382	0	-0.08319	5.23444	0.15477	0	5.07967	0.11274	0	0	-1.6358	-0.7778	17.8513	151.798	71.2024
ASP_74	-2.61778	0.32827	4.78892	-0.11417	0.14787	0.32868	1.59241	5.28005	0.05097	0.22002	-1.52025	-0.05752	0	0	0	0	0	0	0.58337	6.52275	2.02931	0	4.49344	0.05527	0	0	-1.6204	-0.67726	19.8139	90.2208	94.7792
GLY_75	-3.22605	0.67397	3.00289	-6e-05	0	0	1.7979	4.25223	0.01289	0.18458	-1.44605	-0.42021	0	0	0	0	0	0	-0.20455	0	0	0	0	-2.36596	0	0	1.435	-1.26276	2.43381	147.979	16.0213
VAL_76	-7.75085	1.77427	4.15077	-0.27144	0.47131	0.06054	2.76386	7.44237	0.00178	0.011	-1.56259	-0.12669	0	0	0	0	0	0	2.9158	0.58095	0.12392	0.45703	0	-1.32472	0	0	2.7371	-1.33981	11.1146	165.09	16.9097
TYR_77	-11.0826	2.50582	4.13462	-0.57026	0.12552	0.29958	3.50743	8.76089	0.01289	0.18458	-2.67217	-0.23957	0	0	0	0	0	0	-0.00516	2.72628	0.24875	0	2.47753	-0.33839	0	0	1.7379	-0.79151	11.0221	246.945	1.05495
SER_78	-4.56969	0.90421	4.06592	-0.04104	0.01917	0.05572	2.7426	5.4817	0.03559	0.33992	-2.40731	-0.10814	0	0	0	0	0	0	2.20352	3.12957	2.44147	0.6881	0	-0.24058	0	4.04	-0.539	-0.30727	17.9344	152.878	9.12225
LEU_79	-7.99201	1.67422	3.96252	-0.60187	0.48134	0.17216	3.23323	6.6432	0.0001	0.00033	-1.6508	0.16597	0	0	0	0	0	0	-0.18214	6.91378	6.36107	0.55271	0	-0.06519	0	0	1.3223	1.64847	22.6394	200.516	9.48423
ASN_80	-2.57948	0.18897	1.86937	-0.20585	0.03421	0.32808	0.49904	2.86969	0.00141	0.0128	-0.52839	-0.65518	0	0	0	0	0	0	-0.00852	4.60724	0.3103	0	4.29694	-0.84511	0	0	-0.3009	1.34802	11.2426	75.7334	108.267
TYR_81	-7.25479	0.78932	3.99446	-0.91451	0.13539	0.27526	2.73288	6.37125	0.01028	0.06318	-1.77538	-0.46404	0	0	0	-1.1911	0	0	-0.14842	3.64677	1.1655	0	2.48127	-0.35201	0	0	1.7379	1.84496	13.1482	198.516	49.4838
ASP_82	-3.15984	0.29844	4.72207	-0.30475	0.23339	1.05621	2.42448	5.06004	0.00011	0.00062	-2.49847	-0.4141	0	0	0	-0.51286	-0.67404	0	1.70877	3.62146	0.67252	0	2.94894	-0.9083	0	0	-1.6204	2.35908	15.0134	117.675	67.3252
GLY_83	-2.47403	0.24782	3.48795	-0.00038	0	0	1.62518	4.50916	0.00729	0.02142	-0.92141	-0.28596	0	0	0	0	0	0	-0.0937	0	0	0	0	-2.51525	0	0	1.435	0.8181	5.86119	122.903	41.0972
TYR_84	-4.96162	0.31238	3.47363	-0.77583	0.07378	0.11878	1.77138	5.40032	0	0	-1.49957	-0.40082	0	0	0	0	0	0	0.42935	3.56746	0.26769	0	3.29977	-0.09094	0	0	1.7379	0.30201	13.0257	155.782	92.2175
ASN_85	-8.8794	1.71161	7.49609	-0.21357	0.07426	0.35231	5.24121	10.5661	0.01767	0.08492	-3.2208	-0.63218	0	0	0	-0.55519	-0.58531	0	0.02409	3.35037	0.42938	0	2.92098	1.06561	0	0	-0.3009	-0.10337	18.8438	184	0
VAL_86	-5.53265	1.26436	2.79393	-0.27234	0.45923	0.05877	2.77679	5.41004	0	0	-2.29809	-0.24797	0	0	0	0	0	0	0.03056	1.69856	1.05945	0.63911	0	-1.00042	0	0	2.7371	0.02308	9.59951	145.011	36.9892
PHE_87	-9.74005	5.2472	2.97697	-1.08567	0.24569	0.75472	2.86218	6.88466	0	0	-2.49881	-0.10644	0	0	0	0	0	0	0.09919	2.40847	0.39625	0	2.01222	-0.84421	0	0	1.9602	-0.15929	11.4133	226.739	10.261
ARG_88	-6.76213	1.26653	6.18289	-0.89623	1.21008	0.54515	3.77658	7.92626	0.05097	0.22002	-4.07484	0.58229	0	0	0	0	-0.34382	0	-0.0388	4.29568	0.64654	3.64914	0	-0.01348	0	0	-0.1423	-0.21284	17.8677	184.962	80.0376
ILE_89	-7.04628	23.2268	0.63795	-0.52724	1.28792	0.13653	1.52304	4.00912	0.00062	0.00261	-1.44426	0.10249	0	0	0	0	0	0	0.60963	0.92983	0.31574	0.61409	0	-1.2244	0	0	1.8006	-0.8818	24.073	204.181	2.81906
SER_90	-5.78137	1.54003	5.05828	-0.03032	0.01985	0.02464	3.50443	6.9327	0	0	-2.61488	-0.86642	0	0	0	0	0	0	0.43651	5.89672	5.02744	0.86927	0	-0.28767	0	4.04	-0.539	-0.72178	22.5084	157.839	4.16125
GLU_91	-7.77108	2.34425	8.14695	-0.3206	0.16593	0.3186	3.60876	9.46467	0.07416	0.2805	-3.40488	-0.22283	0	0	0	0	0	0	-0.03102	23.9752	19.8149	0	4.16025	0.00328	0	0	-1.6358	-0.52113	58.4501	205.81	17.1897
PHE_92	-9.52135	14.0728	3.43031	-0.69698	0.12898	0.17741	3.02507	6.78254	0	0	-1.65819	-0.57839	0	0	0	0	0	0	0.03472	3.93882	0.002	0	3.93682	-0.42965	0	0	1.9602	-0.24373	24.3614	235.461	1.53938
GLU_93	-3.73071	0.78415	4.19412	-0.81244	0.78376	1.6699	2.36305	5.31561	0.00913	0.02728	-3.39744	-0.13102	0	0	0	0	0	0	0.11637	7.82529	0.94751	0	6.87778	0.25427	0	0	-1.6358	2.98596	24.4467	128.429	94.5709
ASN_94	-6.03129	3.49486	7.85795	-0.36849	0.21643	0.72811	4.7579	9.42877	0.00854	0.12019	-1.3696	-0.66309	0	0	0	-0.96729	0	0	1.13883	2.30371	0.00153	0	2.30218	0.18156	0	0	-0.3009	3.26992	26.1098	119.971	64.0291
ASP_95	-4.32647	2.11285	5.1908	-0.24392	0.13328	0.83005	2.05519	5.61429	0.00854	0.12019	-0.89729	-1.53616	0	0	0	0	0	0	-0.10104	2.61458	0.04207	0	2.57252	-0.79999	0	0	-1.6204	1.00474	12.7738	138.163	46.8371
GLU_96	-5.44982	1.61656	5.31298	-0.25781	0.18149	0.40982	2.9242	6.48072	0.05349	0.20814	-2.21618	-0.65716	0	0	0	-0.96729	0	0	-0.04104	5.71689	1.46593	0	4.25097	-0.01549	0	0	-1.6358	0.11204	17.4926	133.252	89.7482
HIS_97	-8.56947	3.40536	6.72007	-0.45583	0.00676	0.65452	4.36942	9.56813	0.05349	0.20814	-1.64974	0.41098	0	0	0	0	0	0	0.03191	4.08535	0.90483	0	3.18052	-0.21745	0	0	0.8406	-0.74748	22.8001	213.51	27.4896
ILE_98	-9.07969	4.75704	2.43504	-0.47257	1.03097	0.1093	3.23673	6.47493	0	0	-2.69825	0.03863	0	0	0	0	0	0	1.35923	2.25894	1.7376	0.52134	0	-1.20195	0	0	1.8006	-0.74277	11.5651	206.488	0.512343
ILE_99	-8.01499	1.06582	2.61089	-0.54859	0.63898	0.11515	3.08152	6.20164	0.02476	0.10175	-2.5562	0.16391	0	0	0	0	0	0	1.24888	3.2087	1.29021	1.91848	0	-1.08653	0	0	1.8006	-0.82435	10.4406	202.901	4.09875
LEU_100	-7.85517	25.4735	3.37668	-0.49055	0.33536	0.0988	3.28556	6.44215	0	0	-2.04942	0.11017	0	0	0	0	0	0	-0.02731	22.8515	21.52	1.33157	0	-0.23553	0	0	1.3223	-0.23611	75.2535	203.595	6.40547
TYR_101	-6.34526	1.51653	3.66793	-0.85148	0.12	0.2028	3.2275	5.79392	0.02476	0.10175	-2.64616	-0.44572	0	0	0	0	0	0	0.08463	3.61686	0.1431	0	3.47376	-0.14735	0	0	1.7379	0.50501	13.7805	185.59	62.4097
LEU_102	-8.25439	9.39318	3.58921	-0.69295	8.86055	0.29517	2.79363	6.91445	0	0	-2.1778	0.03246	0	0	0	0	0	0	0.48703	3.35106	0.92305	2.42801	0	0.0547	0	0	1.3223	0.21499	29.5346	197.184	12.8156
VAL_103	-6.51006	7.41702	2.97675	-0.2575	0.23016	0.05163	2.86968	6.31129	0	0	-2.23326	-0.3196	0	0	0	0	0	0	0.02741	0.94645	0.27029	0.67617	0	-0.92845	0	0	2.7371	-0.26821	13.9968	158.685	23.3151
ASN_104	-7.86803	1.48228	6.4491	-0.2982	0.05328	0.47832	4.68198	9.25741	0.0643	0.49645	-3.10182	-0.59838	0	0	0	-0.51695	-0.58531	0	0.16927	3.59624	0.07063	0	3.52561	0.61774	0	0	-0.3009	-0.13383	17.5392	184	0
PHE_105	-4.31072	0.28324	2.00598	-0.61537	0.14413	0.31918	1.08976	3.76947	0	0	-1.30976	-0.12849	0	0	0	0	0	0	0.34107	3.05834	0.16701	0	2.89133	-0.36696	0	0	1.9602	1.79868	11.0971	122.677	114.323
ASP_106	-5.15931	1.03933	6.86774	-0.18335	0.00095	0.5554	3.44674	7.70382	0.06419	0.49584	-3.01125	-0.67716	0	0	0	-0.60961	0	0	-0.03245	4.20827	0.43268	0	3.77559	-0.06418	0	0	-1.6204	1.39716	18.63	125.634	59.3661
LYS_107	-2.87374	0.89026	5.4029	-0.6786	0.45989	0.4166	2.17494	5.43044	0	0	-3.2958	0.62488	0	0	0	0	0	0	0.05391	4.77578	0.84739	3.92839	0	0.14773	0	0	-0.8895	0.46205	17.8775	79.8772	172.123
ASP_108	-3.14098	0.93846	5.38964	-0.13566	0.01258	0.43366	2.23328	5.31025	0	0	-4.41176	-0.41383	0	0	0	0	0	0	-0.06498	3.61018	0.20273	0	3.40745	-0.35477	0	0	-1.6204	0.59939	11.9952	81.2829	103.717
ARG_109	-3.60547	1.07665	4.02919	-0.79263	1.34722	0.61414	1.6203	4.61762	0.00124	0.00501	-2.1143	-0.07047	0.03586	0	0	-0.60552	0	0	0.26286	3.34184	0	3.34184	0	-0.24834	0	0	-0.1423	2.59437	15.3091	127.34	137.66
PRO_110	-4.29796	0.91792	2.48162	-0.20017	0.01461	0.15018	1.1914	3.07567	0	0	-0.84332	0.04455	0.10515	0	0	0	0	0	0.04118	0.70289	0.1793	0.5236	0	-1.55239	0	0	-4.6787	2.50854	0.36405	131.685	67.3148
PHE_111	-8.68995	2.21944	3.55288	-0.9786	0.1929	0.6462	2.89283	5.98658	0	0	-2.62416	-0.21614	0	0	0	0	0	0	0.01026	2.36128	0.36235	0	1.99892	-0.82393	0	0	1.9602	-0.10934	8.74173	233.382	3.61804
GLN_112	-6.41338	0.99056	5.98319	-0.33047	0.14158	0.31435	4.18456	7.32688	0.0485	0.44591	-4.21104	-0.29984	0	0	0	-0.74003	-0.94359	0	1.20782	7.67105	3.02951	0	4.64154	0.10125	0	0	-0.1077	-0.06202	22.9786	187.952	29.0484
LEU_113	-8.03994	2.41874	3.26792	-0.52433	0.30164	0.13404	2.69376	6.1591	0	0	-2.32911	0.14564	0	0	0	0	0	0	0.79778	16.7639	15.5762	1.1877	0	-0.09757	0	0	1.3223	0.24406	40.0217	207.181	2.81906
PHE_114	-8.96405	3.51035	2.04756	-0.52552	0.09213	0.22626	3.02879	5.98437	0	0	-2.32432	0.03279	0	0	0	0	0	0	0.07713	2.90612	0.01974	0	2.88638	-0.45832	0	0	1.9602	0.08688	10.5865	230.869	6.13134
GLU_115	-6.15547	2.59349	5.41266	-0.18994	0.01847	0.26118	3.24419	6.54317	0.0152	0.28236	-2.36538	-0.45749	0	0	0	0	0	0	0.09749	5.29064	0.38466	0	4.90598	0.03764	0	0	-1.6358	-0.56051	17.7225	210.032	12.9684
PHE_116	-10.3202	5.16059	2.67543	-0.69348	0.06713	0.04384	2.85102	6.44718	0	0	-2.34535	-0.5279	0	0	0	0	0	0	0.0598	3.49864	0.38109	0	3.11755	-0.41968	0	0	1.9602	0.63363	12.5895	237	0
TYR_117	-10.4136	3.70485	4.36976	-0.55102	0.52379	0.26859	4.10136	8.0753	0	0	-2.81105	-0.21233	0	0	0	0	0	0	-0.01773	5.18136	0.04654	0	5.13482	-0.47391	0	0	1.7379	0.29096	18.9556	246.66	1.34041
ALA_118	-5.82449	1.14228	3.29923	-0.02213	0	0	3.46945	6.38793	0	0	-1.87389	-0.38609	0	0	0	0	0	0	0.08774	0	0	0	0	-0.24431	0	0	2.2619	-0.19377	8.10385	150.951	2.04937
ARG_119	-7.96174	0.66509	7.24317	-0.69873	0.46474	0.38457	3.53868	8.73828	0	0	-3.41876	0.35886	0	0	0	-0.90058	0	0	0.08113	4.2895	0.80439	3.4851	0	-0.11125	0	0	-0.1423	0.08346	16.9036	171.27	93.7301
GLU_120	-4.03233	2.38675	3.48804	-0.3207	0.17635	0.52483	1.93696	4.80363	0	0	0.41349	-0.6297	0.4006	0	0	0	0	0	1.32351	10.2178	3.2212	0	6.99664	0.22205	0	0	-1.6358	2.59407	32.0874	113.457	109.543
PRO_121	-4.99472	2.25411	2.15425	-0.0781	8e-05	0.04885	1.66031	2.91279	0	0	-1.21019	0.58619	0.46409	0	0	-0.96538	0	0	-0.05205	1.91825	0.90721	1.01104	0	-0.0484	0	0	-4.6787	2.84776	4.7374	142.885	56.1145
ASP_122	-3.81359	0.51239	4.60809	-0.11686	0.0433	0.3444	2.59647	5.55677	0	0	-2.82639	-1.58183	0	0	0	-0.52285	-0.41389	0	0.06904	3.99346	0.01012	0	3.98334	0.91572	0	0	-1.6204	0.58935	12.3266	102.184	82.8164
VAL_123	-5.66569	1.51314	1.85252	-0.30811	0.44725	0.06467	1.61574	4.16025	0.00338	0.00924	-0.42378	-0.2692	0	0	0	-0.52285	0	0	-0.04568	0.112	0.03499	0.07701	0	-0.82322	0	0	2.7371	0.48997	5.05873	156.469	25.5307
SER_124	-4.01812	2.89359	4.53952	-0.03773	0.00614	0.05333	2.01532	5.00136	0	0	-0.4279	-0.64096	0.27041	0	0	0	0	0	0.04303	1.87635	1.08597	0.79038	0	-0.27683	0	4.04	-0.539	2.25682	18.9317	105.477	56.5232
PRO_125	-3.95929	5.75985	3.39684	-0.08058	0	0.05009	1.64237	3.8278	0.01396	0.08792	-0.32196	0.68499	0.6811	0	0	0	0	0	0.76282	2.81615	2.02858	0.78757	0	0.998	0	0	-4.6787	2.29273	16.7902	89.5376	109.462
GLU_126	-4.05756	0.64532	4.85877	-0.38663	0.05702	1.00457	1.88311	5.59933	0	0	-1.16704	-0.93534	0	0	0	0	0	0	0.30636	7.69152	0.55195	0	7.13957	0.04701	0	0	-1.6358	0.63573	22.2379	85.4589	137.541
ILE_127	-6.97283	0.99333	3.99158	-0.71648	3.63009	0.16481	2.17373	6.25072	0	0	-0.83861	0.46664	0	0	0	0	0	0	0.1211	1.3366	0.44845	0.88815	0	-0.36755	0	0	1.8006	1.79855	15.1689	181.89	25.1095
LYS_128	-8.53948	12.5924	9.11148	-0.32574	0.11004	0.16503	5.1113	10.7969	0.00445	0.01269	-5.60455	0.13017	0	0	0	0	-0.41389	0	0.02882	28.7628	26.3304	2.43243	0	0.09319	0	0	-0.8895	1.76294	81.6719	208.448	43.5519
GLU_129	-5.09005	1.78429	6.08678	-0.51043	0.81455	1.16398	3.64263	7.72385	0.01483	0.09697	-2.16515	-0.49387	0	0	0	0	0	0	0.83718	10.3929	2.86889	0	7.52402	-0.01482	0	0	-1.6358	1.07179	34.1125	95.2348	127.765
GLU_130	-6.95734	9.51391	8.514	-0.75053	0.46127	1.46544	4.99245	9.56209	0	0	-4.5573	-0.08142	0	0	0	0	0	0	0.05186	16.28	9.68177	0	6.59818	-0.41737	0	0	-1.6358	0.36316	53.0843	186.625	36.3749
PHE_131	-10.2071	1.591	3.48722	-0.96695	0.11564	0.42574	3.02464	7.74986	0	0	-2.12882	0.07966	0	0	0	0	0	0	0.11312	2.65496	0.16434	0	2.49062	-0.41882	0	0	1.9602	0.19423	10.3296	235.213	1.78722
VAL_132	-7.38732	2.50192	5.17338	-0.34486	1.10387	0.07898	4.10567	8.62814	0	0	-2.02417	0.27366	0	0	0	0	0	0	-0.00164	12.7379	10.9311	1.80678	0	-0.25346	0	0	2.7371	0.40445	40.4715	160.734	21.2658
LYS_133	-6.65009	10.3268	8.72578	-0.38388	0.21388	0.12126	5.60556	9.67493	4e-05	0.00065	-4.40103	0.24468	0	0	0	0	0	0	0.45207	40.3571	38.0167	2.34033	0	0.16123	0	0	-0.8895	1.03707	104.954	132.956	119.044
ILE_134	-7.11126	11.8451	4.26717	-0.53322	1.31129	0.11312	2.99477	7.10204	0.02632	0.16568	-1.63516	0.018	0	0	0	0	0	0	-0.01346	7.61485	6.64198	0.97288	0	-0.32424	0	0	1.8006	1.96201	37.2184	188.549	18.4514
VAL_135	-8.50119	1.9083	3.12855	-0.31531	0.36738	0.0745	3.25479	7.45278	0	0	-1.90646	-0.39974	0	0	0	0	0	0	-0.05123	2.51036	1.38881	1.12155	0	0.07197	0	0	2.7371	0.94615	13.7883	182	0
GLN_136	-6.84206	1.90117	7.83933	-0.30087	0.0781	0.21903	5.37642	9.79008	0.0662	0.49306	-3.08758	-0.17338	0	0	0	0	-0.07687	0	2.6493	6.07119	0.51627	0	5.55492	-0.25988	0	0	-0.1077	-0.2385	29.4682	153.552	63.4475
LYS_137	-3.20874	3.68703	3.94403	-0.98505	12.7033	0.8553	2.00297	4.73307	0.02544	0.15663	-0.99132	0.93731	0	0	0	0	0	0	-0.14997	26.0567	20.3884	5.66834	0	-0.14388	0	0	-0.8895	-0.28155	74.5086	87.9079	164.092
ARG_138	-5.48273	4.11472	4.59737	-2.06907	3.90326	1.8716	2.20107	5.37106	0.0485	0.44591	-1.05593	-0.55264	0	0	0	0	-0.74797	0	0.03081	9.71204	0.99505	8.71699	0	-0.08287	0	0	-0.1423	-0.06544	31.8094	165.487	99.5131
GLY_139	-1.98096	1.00564	2.68022	-5e-05	0	0	1.34451	3.41623	0	0	-1.40806	-0.38263	0	0	0	0	0	0	-0.32794	0	0	0	0	-2.44939	0	0	1.435	-0.42181	2.91075	98.9826	65.0174
ILE_140	-7.1884	2.27788	2.66501	-0.48632	0.79143	0.10127	1.74844	5.92799	0	0	-0.49147	0.15229	0	0	0	0	0	0	-0.18082	2.87355	1.90568	0.96787	0	-0.46357	0	0	1.8006	-0.44415	11.9573	203.412	3.58837
VAL_141	-5.1536	12.654	4.13705	-0.33249	0.24846	0.07485	3.31733	6.35634	0	0	-1.41594	0.44385	0	0	0	0	0	0	-0.03226	1.67696	0.04713	1.62983	0	0.52182	0	0	2.7371	0.25366	27.164	103.607	78.3931
LYS_142	-5.36357	2.14058	5.53773	-0.38988	0.26008	0.19083	3.28723	6.76234	0.0662	0.49306	-0.87971	0.47121	0	0	0	0	-0.07687	0	0.17612	16.2475	12.6988	3.54864	0	-0.10844	0	0	-0.8895	1.11932	45.2917	135.509	116.491
GLU_143	-4.64606	12.1845	6.39827	-0.60229	11.7871	1.8488	3.83304	7.58028	0	0	-2.26823	-2.1259	0	0	0	-0.36184	0	0	-0.2604	10.4326	5.34085	0	5.09177	-0.44449	0	0	-1.6358	1.1723	53.3246	114.003	108.997
ASN_144	-7.46219	9.64633	7.23843	-0.2679	12.4243	0.36468	4.43182	9.36792	0.01049	0.03931	-1.47686	-1.25053	0	0	0	0	0	0	-0.09757	8.37403	0.03186	0	8.34217	-0.3862	0	0	-0.3009	-0.24507	48.7842	168.089	15.9112
ILE_145	-6.42478	0.78898	2.39763	-0.52018	3.52722	0.10375	1.9377	5.25522	0.02157	0.0659	-1.20347	0.33557	0	0	0	0	0	0	0.01144	6.52065	5.96013	0.56052	0	-0.92895	0	0	1.8006	-1.0346	19.1749	169.024	37.9756
ILE_146	-6.3253	0.72131	3.69759	-0.49809	2.97518	0.09984	3.00312	6.10961	0.00577	0.01609	-1.85956	0.24186	0	0	0	0	0	0	-0.09902	0.93941	0.49951	0.4399	0	-1.20409	0	0	1.8006	-1.03135	9.53235	176.769	30.2306
ASP_147	-5.02772	0.37365	6.7679	-0.24493	1.52372	0.89712	2.93179	7.54372	0.02885	0.08798	-3.24698	-1.90581	0	0	0	-0.11176	0	0	0.36364	3.92485	1.20221	0	2.72265	-1.14521	0	0	-1.6204	-0.96151	14.1038	147.653	37.3474
LEU_148	-9.21667	6.32038	4.83935	-0.5165	0.32733	0.13916	2.84698	8.32447	0	0	-0.99815	0.09066	0	0	0	0	0	0	0.00038	7.88963	4.06181	3.82782	0	-0.38703	0	0	1.3223	-0.75924	28.1127	210	0
THR_149	-5.62018	0.86574	5.70053	-0.13899	0.36926	0.08148	2.79009	7.38884	0.01	0.04733	-1.37689	-0.15444	0	0	0	-0.11176	0	0	1.45841	0.31449	0.28887	0.02563	0	0.04007	0	5.08262	-0.9333	1.21228	17.3401	146.534	27.4658
LYS_150	-3.21737	1.0516	4.0544	-0.49557	0.5995	0.43591	1.042	4.21048	0.01591	0.06561	-0.56159	0.27108	0	0	0	0	0	0	0.2252	9.59114	6.63255	2.95859	0	0.04421	0	0	-0.8895	1.46229	27.4964	77.5228	174.477
ILE_151	-4.97559	1.34132	3.17703	-0.5541	1.08496	0.13723	1.67904	4.89773	0.01735	0.22248	0.27972	-0.00658	0	0	0	0	0	0	0.47544	2.88822	2.33377	0.55445	0	-0.25143	0	0	1.8006	1.3047	16.4063	139.38	67.6199
ASP_152	-3.49217	1.01891	5.54648	-0.22928	0.19612	0.74283	3.39325	5.99333	0.01735	0.22248	-3.10617	-1.4703	0	0	0	-0.50135	0	0	0.18933	3.36091	0.00215	0	3.35876	-0.99152	0	0	-1.6204	1.01914	13.6498	102.271	82.7291
ARG_153	-10.0343	2.34096	7.60338	-0.5676	0.20849	0.41768	3.23862	9.71452	0.01843	0.17604	-2.36077	-0.02738	0	0	0	-1.28302	0	0	-0.07427	3.34023	0.34916	2.99106	0	-0.17951	0	0	-0.1423	-0.01388	15.7156	244.831	20.1692
CYS:disulfide_154	-6.91602	1.54158	4.89448	-0.05122	0.11149	0.02586	2.68326	6.28464	0	0	-2.09672	-0.50013	0	0	0	-0.50135	0	-0.61854	-0.19353	0.0676	0.00064	0.06696	0	0.44164	0	0	4.3148	1.02239	10.5778	154.975	1.02469
PHE_155	-6.30574	1.95151	3.46259	-0.57384	0.97008	0.26058	1.18443	5.15267	0.05111	0.31229	-0.30561	-0.28184	0	0	0	0	0	0	-0.1678	4.92777	0.0001	0	4.92767	0.46072	0	0	1.9602	1.31987	19.3068	139.807	97.1935
GLN_156	-3.80014	0.75777	3.02655	-0.50203	22.6201	0.51322	1.01948	3.89876	0	0	0.38037	-0.37004	0	0	0	0	0	0	-0.16205	71.3507	67.6576	0	3.69308	-0.34877	0	0	-0.1077	0.77407	170.401	68.0364	148.964
LEU_157	-5.86961	0.95534	4.15805	-0.60861	2.17421	0.20511	1.71776	5.66777	0.05923	0.36794	0.01071	0.22045	0	0	0	0	0	0	0.07124	0.36042	0.21634	0.14408	0	-0.24503	0	0	1.3223	-0.23809	10.6896	152.842	57.1583
ARG_158	-8.2073	1.81115	9.15783	-0.83633	0.34748	0.48963	4.07044	10.4606	0.06807	0.41914	-5.16752	0.36131	0	0	0	-1.107	-0.73647	0	0.026	4.59464	0.74341	3.85123	0	-0.15945	0	0	-0.1423	-0.92884	19.1157	219.266	45.7344
GLY_159	-0.62138	0.03687	1.42149	-0.00034	0	0	0.83962	1.52756	7e-05	0.00118	-0.2463	0.16999	0	0	0	-0.01899	0	0	0	0	0	0	0	0	0	0	1.435	-0.54905	3.99571	50.9968	113.003