label	fa_atr	fa_rep	fa_sol	fa_intra_atr_xover4	fa_intra_rep_xover4	fa_intra_sol_xover4	lk_ball	lk_ball_iso	lk_ball_bridge	lk_ball_bridge_uncpl	fa_elec	fa_intra_elec	pro_close	hbond_sr_bb	hbond_lr_bb	hbond_bb_sc	hbond_sc	dslf_fa13	omega	fa_dun	fa_dun_dev	fa_dun_rot	fa_dun_semi	p_aa_pp	yhh_planarity	hxl_tors	ref	rama_prepro	total	BSA	SASA
PRO_1	-2.92302	3.24434	3.17343	-0.17585	0.02358	0.12504	2.1401	3.31145	0	0	-0.34488	1.33715	0.67971	0	0	0	0	0	1.35486	1.03788	0.79348	0.24441	0	0	0	0	-4.6787	0	9.34299	65.4918	133.508
ASN_2	-1.93488	0.30334	2.67727	-0.18975	0.07193	0.28312	1.35978	3.12504	0	0	-0.95265	-0.34207	0	0	0	0	0	0	-0.09429	11.3487	7.94056	0	3.40815	0.50678	0	0	-0.3009	3.0263	30.2365	45.7225	138.278
VAL_3	-5.76741	10.288	2.35425	-0.29785	0.33152	0.06314	2.33503	5.17445	0	0	0.19226	0.23667	0	0	0	0	0	0	0.2655	22.1075	18.8475	3.26009	0	-0.07055	0	0	2.7371	4.61999	66.6772	141.268	40.7324
LEU_4	-6.37278	3.571	1.98569	-0.51754	0.78179	0.14666	2.15419	4.93938	1e-05	0.00028	-0.3677	0.21683	0	0	0	0	0	0	-0.24198	1.37364	0.9414	0.43223	0	-0.1742	0	0	1.3223	2.24346	12.4347	196.417	13.583
THR_5	-3.64845	0.55985	3.80381	-0.18897	0.1277	0.06494	2.22214	5.02331	0.04387	0.46305	-0.78274	-0.89146	0	0	0	0	0	0	0.87396	3.72897	3.58897	0.13999	0	0.03534	0	5.03704	-0.9333	1.66864	20.9367	98.9093	75.0907
GLN_6	-3.9623	14.7894	3.31544	-0.66052	0.34361	0.75301	1.81387	4.41324	0	0	-1.0323	-0.35847	0	0	0	0	0	0	1.94805	5.61211	0.14184	0	5.47027	-0.23406	0	0	-0.1077	0.9946	33.2401	106.738	110.262
VAL_7	-6.82444	7.08496	2.83587	-0.31009	0.70115	0.06459	2.63243	6.3377	0.0603	0.35831	-1.54787	0.23438	0	0	0	-0.60059	0	0	-0.05553	6.96606	6.44152	0.52454	0	0.59909	0	0	2.7371	8e-05	28.2396	182	0
SER_8	-3.84186	1.85454	4.00774	-0.03514	0.00565	0.02132	2.31454	5.30312	0.04388	0.46334	-1.29966	-0.47673	0	0	0	0	0	0	-0.15448	2.88289	2.29754	0.58535	0	0.08514	0	4.04	-0.539	-0.14526	17.4129	109.369	52.631
GLY_9	-3.19431	0.81973	4.20555	-0.00075	0	0	3.14241	5.3766	0	0	-1.84681	-0.27958	2.65882	0	0	0	0	0	0.31848	0	0	0	0	-2.5297	0	0	1.435	3.78467	13.8901	133.675	30.325
PRO_10	-3.9541	1.69726	3.00285	-0.20093	0.01442	0.14768	2.0114	3.68682	0	0	-1.49078	-0.00541	2.67731	0	0	-0.70701	0	0	0.03799	0.50797	0.05638	0.4516	0	-1.09294	0	0	-4.6787	3.61138	5.7732	112.24	86.7605
TRP_11	-14.1771	3.15926	6.93094	-0.86618	0.09066	0.29427	3.56002	11.7355	0	0	-2.08255	-0.19247	0	0	0	-0.60059	0	0	-0.01803	4.59263	0.49437	0	4.09827	-0.16853	0	0	3.7077	-0.12592	20.4322	268.67	1.32975
LYS_12	-5.95721	0.78917	7.07701	-0.47007	0.35331	0.25784	4.02789	8.32025	0.28327	1.19475	-4.21562	0.63902	0	0	0	0	0	0	-0.03798	6.73366	3.14738	3.58628	0	0.23058	0	0	-0.8895	0.03707	25.1071	191.368	60.6316
THR_13	-6.65537	1.13122	4.24049	-0.1648	0.15233	0.06043	2.35975	6.49015	0.21662	0.88025	-0.07726	-0.54478	0	0	0	0	0	0	0.43943	1.71267	1.63476	0.07791	0	0.05837	0	5.04313	-0.9333	-0.2113	15.9107	174	0
LEU_14	-8.39957	1.5844	3.67969	-0.56509	3.04024	0.12028	3.11307	7.31759	0.00751	0.04221	-2.75295	0.30616	0	0	0	0	0	0	0.17086	7.29279	3.67936	3.61342	0	-0.27282	0	0	1.3223	1.56988	24.8693	206.411	3.58875
TYR_15	-10.3301	2.79666	3.72733	-0.55359	0.11262	0.28093	3.94082	7.69044	0.00751	0.04221	-1.50455	-0.2304	0	0	0	0	0	0	0.99081	2.5884	0.05004	0	2.53836	-0.52688	0	0	1.7379	1.18573	14.5443	245.567	2.43299
VAL_16	-7.19056	4.77176	2.40779	-0.32616	0.71132	0.07282	3.35119	5.86403	0	0	-2.70876	-0.68496	0	0	0	0	0	0	0.44774	1.10099	0.06746	1.03353	0	-0.57104	0	0	2.7371	-0.61017	10.4741	182	0
SER_17	-6.36431	2.27653	4.15962	-0.04014	0.01004	0.06075	3.86577	6.51273	0.01383	0.06211	-1.85357	-0.49934	0	0	0	0	0	0	0.177	0.30571	0.02526	0.28044	0	-0.6129	0	4.04	-0.539	-0.40572	11.4748	162	0
SER_18	-6.49773	1.97131	5.1875	-0.03101	0.01052	0.0387	3.34156	7.29966	0	0	-1.02198	-0.04249	0	0	0	-0.24408	0	0	0.19779	1.98488	0.01	1.97488	0	-0.78494	0	4.04	-0.539	-0.05582	16.8397	162	0
ASN_19	-5.9608	0.34698	5.49804	-0.2677	0.03742	0.5126	2.59664	6.93415	0	0	-0.9036	-1.03181	0	0	0	-1.0227	0	0	0.11721	4.24447	0.01559	0	4.22887	0.07297	0	0	-0.3009	-0.03105	15.0864	143.264	40.736
ASN_20	-6.41679	1.26436	7.38984	-0.20832	0.25312	0.32317	3.9179	8.84991	0.0138	0.04787	-1.69665	-0.59769	0	0	0	0	0	0	0.21273	6.2064	0.00494	0	6.20145	-0.68498	0	0	-0.3009	-0.02392	24.7562	160.577	23.4231
LEU_21	-4.56295	1.62274	3.34372	-0.67922	5.91542	0.21964	1.68842	5.14503	0	0	-0.86862	0.26315	0	0	0	0	0	0	0.11686	10.0998	9.26301	0.83682	0	-0.09647	0	0	1.3223	1.45295	35.0826	138.272	71.728
ASP_22	-3.421	0.4167	4.9116	-0.14442	0.03393	0.45236	1.41399	5.68155	0	0	-1.13188	-2.47938	0	0	0	0	0	0	0.30086	14.983	7.57601	0	7.40695	0.1026	0	0	-1.6204	1.53153	36.0139	68.4632	116.537
LYS_23	-7.63241	6.91922	7.01182	-0.56821	0.90837	0.35915	3.99615	7.84702	0.16481	0.66572	-2.78247	0.19811	0	0	0	0	0	0	-0.12467	3.04051	0.08257	2.95794	0	-0.09238	0	0	-0.8895	-0.1896	21.8722	217.475	34.5246
ILE_24	-8.93079	1.37287	3.11568	-0.58473	1.42064	0.16568	1.71136	7.06338	0.01254	0.03685	-1.57451	0.19482	0	0	0	-0.39489	0	0	-0.07277	2.47136	1.46827	1.00309	0	0.15296	0	0	1.8006	-0.30299	10.1294	207	0
GLY_25	-3.69067	0.43018	4.72646	-0.0003	0	0	2.70878	6.00629	0.00567	0.02853	-2.05383	-0.15789	0	0	0	0	0	0	0.07908	0	0	0	0	-1.10928	0	0	1.435	0.29642	8.70445	151.191	12.8086
GLU_26	-2.87995	0.66689	4.39853	-0.51303	0.64895	0.81485	1.43282	4.56987	0	0	-1.10604	-1.25317	0	0	0	-0.43957	0	0	0.00275	8.58739	2.07332	0	6.51406	-0.0038	0	0	-1.6358	0.04544	21.9235	115.522	107.478
ASN_27	-3.10371	0.43549	3.81662	-0.31795	0.02962	0.68236	2.24798	4.48915	0.05437	0.30465	-2.45237	-0.82645	0	0	0	-1.22816	0	0	0.3712	8.17458	3.32274	0	4.85184	-0.33104	0	0	-0.3009	0.60747	20.8275	108.162	75.8381
GLY_28	-3.70351	1.76488	4.06814	-0.00032	0	0	2.34923	5.61878	0.01292	0.1177	-1.79451	-0.26164	0.25912	0	0	0	0	0	0.69044	0	0	0	0	1.04956	0	0	1.435	4.69047	16.2962	158.106	5.89429
PRO_29	-5.82115	4.02558	3.11812	-0.09786	0.00429	0.06231	2.05407	4.01739	0	0	-0.18691	0.66641	0.28612	0	0	-0.24049	0	0	-0.03073	0.77452	0.23552	0.53899	0	-0.3999	0	0	-4.6787	4.02729	8.35486	163.998	35.0021
PHE_30	-8.92878	3.62686	2.75878	-0.60387	0.08064	0.31285	2.08307	6.08394	0	0	-1.72096	-0.11154	0	0	0	0	0	0	4.85847	3.13654	0.5241	0	2.61244	-0.30955	0	0	1.9602	-0.33734	16.0258	229.851	7.14887
ARG_31	-8.4763	0.51153	7.1301	-0.6612	0.38903	0.43683	2.84864	9.26103	0.11666	0.58041	-0.89692	0.03729	0	0	0	-0.39489	0	0	1.55155	5.13381	1.45947	3.67434	0	0.18286	0	0	-0.1423	1.05925	23.8012	238.02	26.9805
ILE_32	-8.07848	10.9111	1.56022	-0.68588	4.28202	0.13672	1.73309	5.82336	0	0	-0.33324	0.57181	0	0	0	0	0	0	0.68791	1.8729	0.65916	1.21374	0	-1.14167	0	0	1.8006	0.8333	21.8467	193.167	13.8333
TYR_33	-10.3784	2.50828	7.10003	-0.61923	0.05866	0.32907	4.52753	10.0181	0.00744	0.02121	-2.27187	-0.23329	0	0	0	0	0	0	0.13857	3.08896	0.00195	0	3.08701	-0.17678	0	0	1.7379	-0.05569	18.8894	248	0
LEU_34	-8.62511	5.15517	4.4917	-0.50738	1.63987	0.07057	2.37172	7.11171	0.09719	0.45214	-0.50422	0.24066	0	0	0	-0.30786	0	0	0.95859	29.7532	29.1293	0.62394	0	-0.08246	0	0	1.3223	0.18591	73.577	201.803	8.19749
ARG_35	-9.5399	1.91946	11.0291	-1.00657	2.92706	0.7204	6.17312	12.6103	0.08699	0.40014	-6.75065	0.29644	0	0	0	-0.81007	-1.30182	0	0.34378	4.98969	1.46043	3.52927	0	-0.09202	0	0	-0.1423	0.86947	27.7123	233.55	31.4495
GLY_36	-4.23756	0.63558	3.67478	-0.00129	0	0	2.83671	5.38854	0.03788	0.26124	-1.7524	-0.34553	0	0	0	0	0	0	0.31606	0	0	0	0	-1.07038	0	0	1.435	1.83201	9.01064	150.679	13.3209
ILE_37	-7.884	3.03286	2.82202	-0.47761	0.98915	0.09779	2.79503	6.40175	0.0604	0.35867	-3.5265	0.08339	0	0	0	0	0	0	-0.12722	1.18394	0.4511	0.73284	0	-0.84477	0	0	1.8006	0.41209	8.36155	204.406	2.59414
ASN_38	-4.77736	1.42283	4.16266	-0.20193	0.02914	0.35162	3.19569	5.83443	0.01804	0.0541	-2.47693	-0.50952	0	0	0	0	0	0	1.32278	7.0791	1.68038	0	5.39871	0.38221	0	0	-0.3009	-0.08604	22.579	101.028	82.9717
VAL_39	-5.71746	2.48594	1.70135	-0.28014	0.35875	0.05803	1.61264	4.27085	9e-05	0.00036	-0.67732	-0.13248	0	0	0	0	0	0	0.91312	2.36267	2.17109	0.19158	0	-0.83792	0	0	2.7371	-0.34062	10.8776	163.226	18.7745
ASP_40	-5.35548	1.84475	6.59423	-0.2535	0.13257	0.90402	3.61604	7.27201	0.01804	0.0541	-3.77999	-0.67116	0	0	0	0	0	0	0.92998	2.48277	0.00589	0	2.47688	-0.99733	0	0	-1.6204	0.16515	13.8186	125.281	59.7186
ILE_41	-3.88748	2.97687	2.48607	-0.5165	1.25991	0.10911	1.08762	3.79643	0	0	0.09938	-0.05652	6.04844	0	0	0	0	0	1.75576	6.91216	5.57091	1.34125	0	-0.13306	0	0	1.8006	4.19395	34.8449	118.665	88.3353
PRO_42	-3.26538	3.77082	2.58632	-0.07421	0	0.04735	1.16679	2.74833	0	0	0.05679	0.73535	6.06049	0	0	0	0	0	0.11489	2.31644	0.67142	1.64502	0	2.71098	0	0	-4.6787	6.26015	22.8728	74.0711	124.929
ARG_43	-4.29048	1.56908	4.77749	-1.3223	0.86333	1.04042	1.1429	4.92348	0	0	-1.25428	-0.16356	0	0	0	0	0	0	1.20369	7.78726	4.37943	3.40783	0	0.03909	0	0	-0.1423	3.82505	27.7861	87.363	177.637
LEU_44	-5.13909	0.72378	4.61087	-0.58286	2.58799	0.17736	3.0591	6.07589	0	0	-2.40831	0.07601	0	0	0	0	0	0	-0.00409	0.44692	0.10987	0.33704	0	1.00892	0	0	1.3223	2.69152	15.0932	98.5312	111.469
LYS_45	-6.73867	6.52833	7.38017	-0.50262	0.18859	0.29335	3.79647	8.2275	0	0	-1.97009	-0.05811	0	0	0	0	0	0	0.14978	13.4093	11.0564	2.35292	0	0.02553	0	0	-0.8895	1.25012	44.4995	161.89	90.1096
MET_46	-8.13441	3.78662	2.69311	-0.29633	0.11461	-0.00156	3.22092	5.26573	0	0	-2.01921	-0.08646	0	0	0	0	0	0	0.18547	8.39041	6.37376	2.01665	0	-0.11085	0	0	1.4633	-0.38593	22.4758	260.062	1.9379
LEU_47	-6.49727	1.60395	4.43439	-0.53857	0.41554	0.1339	3.31211	6.86968	0.01199	0.03471	-2.54257	0.2689	0	0	0	0	0	0	0.68332	4.88739	3.87001	1.01739	0	-0.27264	0	0	1.3223	-0.02165	18.9929	129.794	80.2064
PHE_48	-7.74801	2.37166	2.33017	-0.63564	0.20626	0.35861	2.82525	5.53449	0	0	-2.91699	0.15995	0	0	0	0	0	0	0.00208	3.48497	0.53441	0	2.95056	-0.23717	0	0	1.9602	-0.10906	11.0717	216.221	20.7793
ASN_49	-6.49651	1.94968	6.94739	-0.2965	0.01867	0.47852	5.29124	8.71177	0.01199	0.03471	-5.06966	-0.17425	0	0	0	0	-0.95438	0	0.59397	4.93102	0.34503	0	4.58599	0.81906	0	0	-0.3009	-0.15925	21.2676	153.455	30.5453
PHE_50	-11.2601	7.39024	3.61204	-1.02876	0.28746	0.64042	3.31244	8.21086	0	0	-2.29657	-0.12219	0	0	0	0	0	0	0.00915	1.97552	0.03018	0	1.94534	-0.64678	0	0	1.9602	0.66477	14.6842	227.764	9.23628
TYR_51	-11.3936	2.26846	5.77832	-0.52027	0.02829	0.21841	3.82732	9.0137	0.03509	0.2336	-3.18172	-0.15812	0	0	0	0	0	0	2.24331	3.05129	0.55509	0	2.49619	-0.48317	0	0	1.7379	0.18196	15.9321	234.732	13.2678
VAL_52	-6.5697	3.25485	2.93783	-0.3125	0.47472	0.07034	3.07732	6.24274	0	0	-2.47324	-0.44693	0	0	0	0	0	0	0.53338	4.24124	3.07771	1.16353	0	-0.88004	0	0	2.7371	-0.69189	16.4364	173.033	8.96718
LYS_53	-5.28452	1.50688	5.58677	-0.28364	0.05088	0.14148	2.4893	6.3137	0.11674	0.64922	-0.13649	-0.09388	0	0	0	0	0	0	0.18197	5.52714	2.4845	3.04264	0	0.33365	0	0	-0.8895	-0.08607	21.6508	227.276	24.724
VAL_54	-4.81102	1.19055	3.72279	-0.29807	1.11099	0.07698	2.15226	5.65967	0	0	-1.06948	-0.61823	0	0	0	0	0	0	-0.06991	2.34967	2.13052	0.21915	0	-0.48805	0	0	2.7371	0.63289	14.6278	112.979	69.0213
ASP_55	-2.82091	1.26852	3.50233	-0.11891	0.03874	0.37164	1.57961	4.16164	0.00028	0.00085	-0.51489	-0.77605	0	0	0	-0.78859	0	0	-0.13981	3.45465	0.00019	0	3.45447	-0.93217	0	0	-1.6204	1.32647	11.4476	80.4461	104.554
GLY_56	-1.54305	0.31076	1.75819	-5e-05	0	0	0.083	2.21726	0.05605	0.31167	0.22099	-0.40973	0	0	0	0	0	0	0.19323	0	0	0	0	-1.89015	0	0	1.435	0.7466	3.48977	104.571	59.4287
GLU_57	-4.31872	1.20518	5.32434	-0.33472	0.40682	0.58162	3.08291	6.40895	0	0	-0.96589	-0.83862	0	0	0	0	0	0	0.36115	7.46059	1.95667	0	5.50392	0.50948	0	0	-1.6358	-0.05015	24.6577	99.7841	123.216
CYS:disulfide_58	-3.61556	0.32893	1.39598	-0.04649	0.0001	0.01828	0.31891	2.30997	0.02464	0.08783	-0.11239	-0.30738	0	0	0	0	0	-0.38723	-0.09557	1.84441	0.71754	1.12688	0	0.1363	0	0	4.3148	0.30014	8.3601	107.704	48.2962
VAL_59	-5.40809	0.93282	3.54344	-0.28365	0.49219	0.06877	3.04772	6.13403	0	0	-1.66306	-0.31937	0	0	0	0	0	0	0.07632	0.91522	0.68692	0.22831	0	-1.12989	0	0	2.7371	-0.12719	9.93159	116.146	65.8537
GLU_60	-4.60793	1.1436	3.41487	-0.25677	0.07775	0.28571	1.18659	4.56617	0.02296	0.08082	-0.75571	-0.14054	0	0	0	0	-0.95438	0	-0.03207	4.31056	0.24725	0	4.06331	-0.06438	0	0	-1.6358	-0.91573	10.0363	118.87	104.13
ASN_61	-6.28614	1.5178	5.07064	-0.16441	0.00064	0.23053	3.56162	7.42121	0	0	-2.24054	-0.36237	0	0	0	0	0	0	0.35487	4.27369	0.00027	0	4.27341	1.0781	0	0	-0.3009	-0.34863	18.0798	144.514	39.4858
SER_62	-2.93869	0.69676	1.98041	-0.03684	0.0098	0.02582	1.01098	3.06326	0.0107	0.03042	-0.3526	-0.35581	0	0	0	0	0	0	0.57943	5.10632	3.4129	1.69342	0	0.17087	0	4.04	-0.539	1.52871	19.1369	90.59	71.41
VAL_63	-5.54698	0.90439	3.01684	-0.27411	0.39724	0.05945	3.08927	5.65653	0	0	-2.26262	-0.10019	0	0	0	0	0	0	-0.04214	0.7056	0.39067	0.31493	0	-1.07695	0	0	2.7371	0.83334	8.80237	154.843	27.1565
GLY_64	-1.97436	0.25935	1.3715	-0.00036	0	0	0.83927	2.37302	0.06069	0.49404	-0.65436	-0.26629	0	0	0	0	0	0	0.1779	0	0	0	0	0.8129	0	0	1.435	0.24419	5.17249	108.277	55.7231
ALA_65	-4.7644	1.42061	2.9905	-0.02274	0	0	3.16238	5.6747	0	0	-1.96151	-0.44942	0	0	0	0	0	0	-0.01583	0	0	0	0	-0.86628	0	0	2.2619	0.56837	7.9983	147.155	5.84503
SER_66	-4.31283	5.80938	4.92276	-0.04677	0.02438	0.0643	3.58641	6.16218	0.00157	0.01339	-2.41054	-0.15412	0	0	0	0	0	0	0.48191	2.91784	1.6914	1.22644	0	0.28549	0	4.04	-0.539	-0.14047	23.6237	128	34.0004
ILE_67	-6.38267	0.50268	1.90598	-0.49961	0.97478	0.11356	1.73504	4.39597	0	0	-1.253	0.17524	0	0	0	0	0	0	-0.08886	3.08528	2.53575	0.54953	0	-0.89322	0	0	1.8006	-0.44971	8.20733	192.272	14.728
GLY_68	-2.18236	0.09841	2.70922	-0.00028	0	0	1.48747	3.62588	0	0	-1.67913	-0.16724	0	0	0	0	0	0	0.00586	0	0	0	0	-1.88559	0	0	1.435	-0.23421	3.21302	114.613	49.3867
ARG_69	-2.50604	1.21548	4.25473	-1.03888	0.55574	0.7426	1.37122	4.55535	0.01866	0.21823	-1.00794	0.37671	0	0	0	0	0	0	0.49224	5.02968	0.20519	4.82449	0	-0.1904	0	0	-0.1423	-0.23242	18.7423	40.0114	224.989
ASP_70	-3.00041	1.12869	4.64554	-0.12344	0.03027	0.39119	1.53466	5.08149	0	0	-1.93158	-0.80938	0	0	0	-0.00594	0	0	2.30385	3.12536	0.18472	0	2.94064	-0.51373	0	0	-1.6204	0.26555	13.6271	100.856	84.1444
ASN_71	-4.61209	4.31065	3.79203	-0.18625	0.11002	0.3689	1.94395	5.38627	0.02091	0.10522	-0.58859	-0.38858	0	0	0	0	0	0	-0.1278	6.59629	0.65016	0	5.94613	-1.22365	0	0	-0.3009	1.23508	23.0377	147.008	36.9921
LEU_72	-6.84858	4.02917	4.69952	-0.59402	0.5398	0.14869	1.88359	7.3287	0	1e-05	-1.66782	0.31797	0	0	0	0	0	0	-0.14468	0.83999	0.1086	0.73139	0	-0.54418	0	0	1.3223	0.30827	12.4587	161.021	48.9788
ILE_73	-8.68548	2.66357	3.43059	-0.53722	0.36732	0.14106	3.22455	6.88105	0	0	-2.88207	0.14237	0	0	0	0	0	0	0.8281	5.94145	2.15678	3.78467	0	-1.07216	0	0	1.8006	-0.82457	17.3606	205.975	1.02469
LYS_74	-4.54395	1.17143	4.27258	-0.33855	0.08128	0.16597	3.24324	5.62523	0.00157	0.0134	-2.72443	-0.03148	0	0	0	0	0	0	-0.0138	5.23136	2.40108	2.83028	0	0.41216	0	0	-0.8895	-0.65944	16.2484	120.879	131.121
GLY_75	-2.91048	0.31195	3.11543	-0.00148	0	0	2.63455	4.26136	0.00049	0.00126	-1.84972	-0.36492	0	0	0	-0.60329	0	0	0.09174	0	0	0	0	-0.35743	0	0	1.435	1.24743	7.01189	146.043	17.9575
GLU_76	-3.27503	0.68851	3.93954	-0.38276	0.10497	0.5754	0.9664	4.86942	0.04999	0.46362	-0.78376	-0.53351	0	0	0	0	0	0	0.83967	6.47489	1.18101	0	5.29388	0.23307	0	0	-1.6358	1.10834	20.1779	91.1707	131.829
TYR_77	-7.812	1.6313	4.22214	-0.90673	0.2829	0.31768	3.45624	7.25592	0.00049	0.00126	-1.93702	-0.54307	0	0	0	-1.23213	0	0	-0.05361	4.27311	2.07864	0	2.19447	-0.34365	0	0	1.7379	2.22372	16.8475	213.164	34.8364
ASN_78	-3.56954	1.6861	3.16578	-0.26887	0.29089	0.56575	1.11545	3.79659	0.07591	0.18708	0.26809	-0.98063	0	0	0	-0.43839	0	0	-0.04701	14.5309	9.18497	0	5.34591	-1.70422	0	0	-0.3009	1.84085	34.7447	106.74	77.2597
GLY_79	-3.77272	0.90906	4.79811	-0.00063	0	0	1.83314	6.20948	0	0	-1.52564	-0.24593	0	0	0	0	0	0	0.36937	0	0	0	0	-2.52266	0	0	1.435	-0.01875	7.46783	142.132	21.8684
GLY_80	-4.05642	0.68331	4.63051	-0.00038	0	0	2.96179	6.42083	0	0	-2.40756	-0.2754	0	0	0	0	0	0	0.04818	0	0	0	0	1.06453	0	0	1.435	1.54389	12.0483	148.428	15.5719
ASN_81	-7.94579	2.2205	8.42497	-0.18924	0.02587	0.29874	6.09996	10.9689	0	0	-2.90172	-0.74937	0	0	0	-1.59492	-0.54762	0	0.11408	2.99787	0.0421	0	2.95577	1.00213	0	0	-0.3009	1.23075	22.1521	177.4	6.59963
TYR_82	-6.88783	3.47902	4.49536	-0.64505	0.74364	0.3801	3.64339	6.83342	0	0	-2.2308	-0.31193	0	0	0	0	0	0	2.10447	3.4719	0.15427	0	3.31763	-0.24967	0	0	1.7379	0.98599	21.0218	180.352	67.6483
PHE_83	-9.48615	3.73057	4.62169	-0.69779	0.07043	-0.00143	3.60406	8.55936	0.02091	0.10522	-2.64437	-0.43355	0	0	0	0	0	0	0.04639	5.06059	0.05213	0	5.00846	-0.50553	0	0	1.9602	0.30837	19.3795	221.354	15.6465
ARG_84	-7.21075	1.02282	6.2816	-0.59462	0.29976	0.32104	3.50771	8.6178	0.01866	0.21823	-2.889	-0.03377	0	0	0	-0.00594	0	0	1.81171	5.69937	1.86755	3.83182	0	-0.37297	0	0	-0.1423	-0.49674	21.752	179.449	85.551
ILE_85	-5.65561	1.6899	0.05592	-0.68794	2.35982	0.14244	0.65304	3.33433	0	0	0.17755	0.6069	0	0	0	0	0	0	-0.02523	2.23501	1.0187	1.21631	0	-0.73597	0	0	1.8006	-0.41099	7.77477	181.393	25.6067
ILE_86	-5.42105	1.78994	2.24355	-0.72146	2.6728	0.17249	1.11666	3.8837	0	0	-0.63466	0.1329	0	0	0	0	0	0	0.95399	1.87123	0.25151	1.61972	0	-0.04748	0	0	1.8006	-0.25986	11.4246	140.385	66.6148
ASP_87	-4.40826	0.46106	5.27996	-0.11531	0.04541	0.33538	3.32658	6.22291	0.00091	0.00558	-3.17716	-0.81095	0	0	0	0	-0.4566	0	0.0423	5.44089	1.59468	0	3.84621	0.19425	0	0	-1.6204	1.88742	18.0949	146.903	38.0974
MET_88	-6.77341	22.0346	2.18593	-0.68623	0.71527	0.11791	0.9911	3.75974	0	0	-1.07165	0.10004	0	0	0	0	0	0	3.25215	4.19404	2.10868	2.08536	0	-0.02342	0	0	1.4633	2.56931	37.0227	218.91	43.0902
THR_89	-4.95223	5.87429	4.7502	-0.12924	0.52397	0.06761	3.44356	6.21804	0.01387	0.20439	0.54246	0.12411	0.33567	0	0	0	0	0	-0.0381	11.2078	10.8234	0.38437	0	-1.07334	0	5.0202	-0.9333	4.34097	46.7487	136.544	37.4558
PRO_90	-2.20376	0.67018	1.75579	-0.0828	0	0.05113	0.8626	1.84373	0.00413	0.02425	0.18307	0.70562	0.36638	0	0	0	0	0	0.96236	3.2864	1.94281	1.34358	0	1.04059	0	0	-4.6787	4.42042	12.4978	82.2863	116.714
ASN_91	-5.99583	1.76019	5.9346	-0.42169	0.09215	0.87317	3.60532	7.67605	0.01002	0.17159	-0.40023	-0.16572	0	0	0	0	0	0	0.84142	5.55899	0.3396	0	5.21938	0.03255	0	0	-0.3009	0.93416	25.7648	173.59	10.4096
ALA_92	-5.48664	0.74449	3.59958	-0.01644	0	0	3.12772	6.38013	0.00476	0.03839	0.114	-0.27147	0	0	0	0	0	0	0.55731	0	0	0	0	0.22792	0	0	2.2619	0.83452	12.1162	148.899	4.1011
LEU_93	-9.30169	5.88522	2.70752	-0.56587	1.12152	0.14279	3.38211	6.48702	0.0198	0.06324	-2.01553	0.28699	0	0	0	0	0	0	0.39155	2.03692	1.32565	0.71128	0	-0.08937	0	0	1.3223	2.14468	16.0561	208.975	1.02469
ILE_94	-8.13474	2.22139	3.77404	-0.4898	1.82337	0.10259	3.2195	6.89227	0	0	-3.48377	0.11666	0	0	0	0	0	0	-0.07142	0.82038	0.36768	0.4527	0	-1.20588	0	0	1.8006	0.82565	9.03123	202.899	4.1011
GLY_95	-4.36845	0.40553	2.8866	-0.00071	0	0	2.74123	4.97958	0.0198	0.06324	-2.44684	-0.29836	0	0	0	0	0	0	0.16474	0	0	0	0	1.11166	0	0	1.435	0.95022	7.64324	164	0
TYR_96	-9.16077	1.4149	4.89283	-0.77741	0.22874	0.15032	3.48073	7.81474	0.06052	0.65133	-1.86582	-0.41741	0	0	0	0	0	0	0.00883	3.40876	0.01286	0	3.3959	-0.30406	0	0	1.7379	2.37952	17.1124	221.774	26.2261
ASP_97	-7.12157	1.70533	8.4775	-0.15001	0.01508	0.45436	4.75131	10.2461	0.11252	1.07765	-2.45979	-0.90012	0	0	0	0	0	0	1.55022	5.73797	0.00986	0	5.72812	1.01507	0	0	-1.6204	1.12342	29.7526	177.05	7.94955
VAL_98	-5.21392	0.80304	4.44587	-0.27668	0.30754	0.0621	3.086	6.50123	0	0	-2.34972	-0.32194	0	0	0	0	0	0	-0.06882	0.54254	0.31409	0.22845	0	-1.12953	0	0	2.7371	-0.10837	9.55899	131.526	50.474
ASN_99	-7.83912	3.1414	7.94845	-0.28859	0.02288	0.45895	5.06115	10.3302	0.05249	0.43036	-3.9244	-0.17637	0	0	0	-0.43839	-0.54762	0	-0.01307	5.41553	0.29806	0	5.11747	0.75583	0	0	-0.3009	-0.24618	25.2581	182.784	1.2163
VAL_100	-5.34349	1.5585	3.82014	-0.38086	0.81806	0.09501	3.20988	6.55085	0	0	-3.1262	-0.50991	0	0	0	0	0	0	0.10762	1.54445	0.00843	1.53602	0	-0.83107	0	0	2.7371	0.27009	12.0646	130.815	51.1851
ASP_101	-4.9789	0.66118	7.96776	-0.24448	0.21906	0.87752	4.51606	9.10229	0.0889	0.47864	-3.90127	-0.78116	0	0	0	-0.63715	0	0	-0.08918	2.94473	0.37601	0	2.56872	-0.91555	0	0	-1.6204	0.22564	16.8584	149.468	35.5322
SER_102	-1.66677	0.87277	2.30932	-0.03487	0.00811	0.03661	1.00232	2.61738	0	0	1.32801	-0.44424	0	0	0	0	0	0	0.03619	1.62108	0.00547	1.61561	0	0.50442	0	4.04	-0.539	0.49053	13.8029	32.493	129.507
LYS_103	-2.01467	0.26741	2.76829	-0.47853	0.25056	0.22749	1.2448	3.11829	0	0	0.00398	-0.09568	0	0	0	0	0	0	-0.14888	5.55485	2.3229	3.23195	0	0.14666	0	0	-0.8895	1.42866	16.9386	46.6383	205.362
GLY_104	-2.52405	0.74935	3.03702	-5e-05	0	0	1.67618	4.09798	0	0	-1.24011	-0.37044	0	0	0	0	0	0	0.34802	0	0	0	0	-2.24792	0	0	1.435	0.10526	5.06624	119.065	44.9349
LYS_105	-3.98007	1.53482	6.2864	-0.39424	0.10197	0.18592	3.55013	6.95276	0.06629	0.29041	-2.2997	0.7856	0	0	0	-0.63715	0	0	1.23834	5.52899	2.75955	2.76944	0	0.07195	0	0	-0.8895	-1.26412	22.6578	140.09	111.91
ILE_106	-3.37737	0.60952	2.43393	-0.50119	1.94514	0.11836	1.53126	3.5686	0.03197	0.17833	-0.38398	-0.0511	0	0	0	-0.47253	0	0	-0.09292	5.28326	4.831	0.45226	0	-1.24326	0	0	1.8006	-0.88499	15.7769	117.911	89.0886
THR_107	-6.51334	7.48445	4.44949	-0.16829	0.13717	0.06714	3.43862	6.42985	0.04372	0.14876	-2.3918	-0.78046	0	0	0	0	0	0	0.70464	3.71008	3.45853	0.25154	0	0.06841	0	5.01616	-0.9333	-0.24	24.3814	172.176	1.82445
LYS_108	-6.68381	1.49307	5.6304	-0.33234	0.11932	0.18796	3.56392	7.02919	0.00997	0.04309	-2.80454	-0.03238	0	0	0	-0.55017	0	0	-0.06239	4.82693	1.78811	3.03882	0	0.1444	0	0	-0.8895	0.01194	16.532	176.519	75.4814
VAL_109	-6.72924	1.12442	2.70738	-0.27762	0.41649	0.06111	2.89056	6.04975	0.0002	0.00058	-2.35669	-0.34309	0	0	0	0	0	0	0.09777	0.39561	0.08829	0.30732	0	-0.82529	0	0	2.7371	-0.08537	6.25927	181.23	0.76969
ALA_110	-5.47397	2.91057	2.34879	-0.02233	0	0	3.17386	5.64734	0.01383	0.06211	-1.94784	-0.31272	0	0	0	0	0	0	0.03295	0	0	0	0	0.61658	0	0	2.2619	0.40475	9.71582	153	0
LEU_111	-7.31201	4.34966	2.92589	-0.47607	0.19178	0.12573	3.12394	6.16856	0	0	-2.81245	-0.04604	0	0	0	0	0	0	1.45304	5.48639	2.79725	2.68914	0	-0.07141	0	0	1.3223	0.31041	20.2261	192.061	17.9391
LEU_112	-8.75521	1.65214	4.06344	-0.61781	1.97007	0.14475	3.59329	7.24774	0	0	-3.20854	0.32431	0	0	0	0	0	0	-0.13509	6.06588	5.20461	0.86128	0	-0.53291	0	0	1.3223	0.04349	19.2437	208.463	1.53703
MET_113	-9.96472	8.79548	4.33023	-0.62683	4.76562	0.22923	3.32631	7.25138	0	0	-1.87431	-0.12253	0	0	0	0	0	0	0.32416	4.49336	2.39751	2.09584	0	0.12269	0	0	1.4633	-0.31723	26.6895	260.411	1.58864
GLY_114	-4.19705	0.75163	3.70067	-0.00067	0	0	2.73507	5.56458	0	0	-2.89555	-0.28873	0	0	0	0	0	0	0.99626	0	0	0	0	1.12709	0	0	1.435	1.25221	10.1805	162.463	1.53703
ARG_115	-8.29888	1.72587	8.24866	-0.65629	0.44916	0.34596	4.5362	9.87458	0.00413	0.02425	-4.13974	0.30786	0	0	0	-0.70701	0	0	0.76673	11.0986	7.52251	3.57608	0	0.06402	0	0	-0.1423	2.52458	37.125	217.895	47.1051
GLY_116	-0.93346	0.08155	1.00065	-0.00025	0	0	0.18905	1.317	0	0	-0.05764	-0.3092	0	0	0	0	0	0	0.1382	0	0	0	0	-2.41896	0	0	1.435	3.24972	3.69165	109.663	54.3371
ALA_117	-3.07134	2.21937	2.95314	-0.01222	0	0	1.35904	4.52418	0	0	1.47976	-0.16533	0	0	0	0	0	0	1.05956	0	0	0	0	0.72261	0	0	2.2619	4.97471	18.3054	114.539	38.4607
HIS_118	-3.67695	1.89122	3.28944	-0.76627	0.19722	1.07719	1.16988	4.81141	0	0	1.10471	0.37061	0	0	0	0	0	0	1.26765	7.13567	2.42952	0	4.70615	-0.59982	0	0	0.8406	3.69463	28.9428	132.845	108.155
VAL_119	-3.94363	1.45184	1.85289	-0.36823	3.91508	0.08031	0.8427	3.7343	0	0	0.54156	-0.13246	0	0	0	0	0	0	-0.17949	17.0998	13.1595	3.94028	0	-0.32934	0	0	2.7371	1.12654	45.5287	169.99	12.0103
ASN_120	-4.84735	21.8317	6.10313	-0.22509	0.04953	0.30724	3.0204	7.05949	0.01302	0.09693	-1.04358	-0.25164	0	0	0	0	0	0	0.0591	6.8673	0.00457	0	6.86274	-0.77785	0	0	-0.3009	1.35836	46.1871	126.678	57.3223
GLU_121	-5.19297	1.8098	6.4824	-0.69175	1.42072	1.75091	2.49514	7.06325	3e-05	0.00076	-1.05155	0.78066	0	0	0	0	0	0	-0.12574	11.0871	2.413	0	8.67414	-0.45645	0	0	-1.6358	1.38631	36.21	184.853	38.1466
GLU_122	-4.31549	1.28784	6.08602	-0.50956	1.47061	1.63891	2.66138	7.22748	0.01302	0.09693	-1.38565	-0.75302	0	0	0	0	0	0	2.31126	9.44615	2.0223	0	7.42385	-0.22326	0	0	-1.6358	0.14054	33.0035	118.526	104.474
ASP_123	-6.34969	21.7683	7.61716	-0.10605	0.01499	0.32723	3.62042	9.34426	0	0	-2.78428	-0.48986	0	0	0	0	0	0	0.52937	3.29516	0.68469	0	2.61048	0.23643	0	0	-1.6204	1.85109	40.5493	173.152	11.8479
ILE_124	-6.70312	1.50298	4.87323	-0.54989	3.40521	0.10734	3.05104	7.1594	0	0	-1.98297	0.2869	0	0	0	0	0	0	0.037	17.901	16.8066	1.09443	0	-0.09116	0	0	1.8006	3.2441	51.9427	192.392	14.6077
ALA_125	-4.21558	1.24428	4.83431	-0.01973	0	0	3.15484	6.77471	0	0	-2.29798	-0.33039	0	0	0	0	0	0	0.0219	0	0	0	0	0.2182	0	0	2.2619	2.36629	14.0128	100.419	52.5805
LYS_126	-5.205	0.79751	6.04204	-0.29505	0.03612	0.11892	3.622	7.29849	0	0	-4.04342	-0.11581	0	0	0	0	-0.4566	0	0.22825	15.5326	13.3526	2.18007	0	-0.11	0	0	-0.8895	0.97033	39.0635	137.224	114.776
PHE_127	-10.9607	1.98198	5.37368	-0.91995	0.09069	0.27523	3.39656	9.63919	0	0	-2.48649	-0.07781	0	0	0	0	0	0	0.03163	2.62505	0.21571	0	2.40933	-0.69922	0	0	1.9602	1.11549	13.9706	237	0
LYS_128	-6.73713	0.75573	6.8522	-0.30492	0.05136	0.14119	3.49575	8.55758	0.11486	0.39816	-2.71829	0.05728	0	0	0	0	0	0	0.93583	9.40418	7.19547	2.20872	0	-0.08755	0	0	-0.8895	0.95123	30.3822	218.003	33.9974
LYS_129	-7.14254	20.1523	9.50319	-0.45411	0.11963	0.26768	4.60775	10.6073	0	0	-3.6623	0.32462	0	0	0	0	0	0	0.11626	3.46429	0.83044	2.63385	0	0.23791	0	0	-0.8895	1.36122	42.0781	145.8	106.2
LEU_130	-8.25541	3.16909	5.23963	-0.68486	1.62883	0.25236	3.32535	8.0116	0	0	-2.0703	0.07176	0	0	0	0	0	0	-0.03358	8.44814	7.4433	1.00484	0	-0.24329	0	0	1.3223	2.6869	31.3167	197.444	12.5559
SER_131	-6.54279	0.97451	6.72444	-0.03482	0.00411	0.05711	3.81368	8.58269	0	0	-2.10118	-0.7797	0	0	0	0	0	0	0.20205	1.10373	0.1824	0.92133	0	0.60639	0	4.04	-0.539	2.2996	19.5146	161.488	0.512343
ARG_132	-5.73087	2.09232	7.72452	-1.12098	1.10185	0.8169	3.50847	9.19448	0.01101	0.05755	-3.08693	0.41661	0	0	0	0	0	0	0.0488	4.30818	0.95898	3.3492	0	-0.04152	0	0	-0.1423	1.95836	25.4246	132.869	132.131
GLU_133	-5.63879	19.175	7.66279	-0.40847	0.62814	0.9153	3.32375	8.01491	0.01101	0.05755	-2.80302	-0.40818	0	0	0	0	0	0	-0.03867	17.9213	10.2073	0	7.71401	-0.25477	0	0	-1.6358	0.91927	65.3626	126.985	96.0155
LYS_134	-6.14966	0.86887	5.21033	-0.63499	1.59677	0.47808	2.60161	5.82942	0	0	-1.79904	0.03206	0	0	0	0	0	0	0.79062	2.58959	0.397	2.19259	0	0.1338	0	0	-0.8895	1.32736	14.5749	174.108	77.892
GLY_135	-2.08595	0.46861	2.68745	-5e-05	0	0	1.61248	3.3	0	0	-1.79983	-0.38933	0	0	0	0	0	0	0.05018	0	0	0	0	-2.12104	0	0	1.435	0.32018	3.47771	105.468	58.5318
ILE_136	-8.19331	6.08142	3.59532	-0.47419	0.58385	0.10017	2.35584	6.77847	0	0	-0.48416	0.20977	0.05853	0	0	0	0	0	-0.11719	2.05905	1.36462	0.69443	0	-0.93098	0	0	1.8006	1.16161	16.6439	202.516	4.48394
PRO_137	-5.26443	6.41696	4.45101	-0.1513	0.01527	0.10741	2.25708	4.92123	0	0	-1.81791	0.12075	0.05976	0	0	0	0	0	-0.08385	0.61859	0.19605	0.42254	0	-0.83082	0	0	-4.6787	1.61494	8.37458	139.141	59.8589
GLU_138	-3.13662	0.49504	3.56306	-0.34484	0.10935	0.41131	1.83143	4.2017	0.05773	0.49044	-0.80912	-0.69207	0	0	0	0	0	0	0.02661	6.46202	0.86849	0	5.59352	-0.4826	0	0	-1.6358	-0.42523	16.5844	120.684	102.316
GLU_139	-3.95288	0.91577	4.28326	-0.51718	0.54518	1.47851	1.14063	4.70705	0	0	-0.18429	-2.53261	0	0	0	0	0	0	0.06185	5.12941	0.94941	0	4.18	-0.22565	0	0	-1.6358	-0.42332	13.9193	137.7	85.2998
ASN_140	-7.6161	3.42821	6.1734	-0.18202	0.09442	0.31012	3.91551	8.18081	0.00176	0.00477	-2.16473	-0.37195	0	0	0	-0.24408	0	0	-0.05294	3.5638	0.0581	0	3.5057	-0.96301	0	0	-0.3009	-0.48567	16.8552	172.118	11.8824
ILE_141	-6.18281	1.59195	2.66845	-0.49041	1.79293	0.09554	1.42859	4.7147	0.05773	0.49044	-0.4072	0.37418	0	0	0	0	0	0	-0.15465	2.01884	1.30632	0.71252	0	-0.91639	0	0	1.8006	-0.63409	10.2673	184.939	22.0614
ILE_142	-6.22647	1.46885	3.00543	-0.49297	2.12234	0.09684	2.68345	5.79711	0.00176	0.00477	-2.06836	0.14055	0	0	0	0	0	0	-0.02691	0.66306	0.1095	0.55356	0	-0.99822	0	0	1.8006	-0.80367	7.83122	173.948	33.052
TYR_143	-11.2387	6.35478	3.94971	-0.76089	0.0528	0.12412	2.53203	8.34298	0.10342	0.70562	-0.46174	-0.38301	0	0	0	0	0	0	-0.0415	3.20965	0.05774	0	3.15191	0.03694	0	0	1.7379	-0.57087	16.9029	237.165	10.835
LEU_144	-8.38412	1.48862	3.7668	-0.53539	1.67059	0.15836	2.67629	7.30589	0.09245	0.43595	-2.54273	0.12058	0	0	0	0	0	0	0.11986	1.01598	0.42899	0.58699	0	0.25863	0	0	1.3223	0.09747	10.0835	210	0
GLY_145	-3.6198	1.48552	3.46144	-4e-05	0	0	2.4992	4.89851	0	0	-0.77074	-0.40417	0	0	0	0	0	0	0.92093	0	0	0	0	0.55313	0	0	1.435	2.06588	12.5249	156.702	7.2978
ASP_146	-5.27765	1.57081	7.00693	-0.24838	0.15881	0.85685	3.19574	8.06245	0.05264	0.2962	1.07365	-2.29052	0	0	0	0	-0.36537	0	-0.07935	3.28831	0.01715	0	3.27116	-0.31865	0	0	-1.6204	1.28461	19.935	171.599	13.4011
THR_147	-4.30685	0.51271	5.49396	-0.1338	0.12953	0.07737	3.50475	6.67674	0.06983	0.6417	-2.14838	0.18333	0	0	0	0	0	0	-0.10134	1.31356	1.25007	0.06349	0	-0.74768	0	5.05397	-0.9333	-0.29682	16.3028	147.868	26.1319
ASP_148	-4.36909	0.42312	6.83378	-0.23563	0.14941	0.77011	3.21913	7.47368	0.088	0.51604	-2.87785	-0.96311	0	0	0	0	-1.30182	0	0.00078	3.50383	1.02826	0	2.47557	-1.25674	0	0	-1.6204	0.02621	13.8833	154.826	30.1736
ASN_149	-2.72077	1.42076	3.13872	-0.40869	0.0771	0.73162	1.30815	3.74133	0	0	-0.00196	-0.20738	0	0	0	0	0	0	-0.12855	8.10094	0.076	0	8.02493	-0.91943	0	0	-0.3009	-0.84801	21.0838	81.7951	102.205
CYS:disulfide_150	-5.03237	2.44571	4.00015	-0.03246	0	0.01218	1.51219	4.88949	0.04911	0.1389	0.34413	-0.12859	2.1826	0	0	0	0	-0.38723	1.03032	0.40518	0.11333	0.29185	0	0.06459	0	0	4.3148	1.86857	18.0824	151.135	4.8652
PRO_151	-4.24327	2.5195	2.87298	-0.12648	0.01333	0.09179	1.35521	3.16411	0	0	-1.40549	0.22283	2.18991	0	0	-0.50221	0	0	0.42125	0.21392	0.0883	0.12562	0	-1.50751	0	0	-4.6787	2.62649	3.44159	125.305	73.6946
ASN_152	-2.44943	0.67102	3.33961	-0.19929	0.02326	0.3962	0.65276	3.52342	0.03509	0.2336	0.08907	-0.61747	0	0	0	0	0	0	0	3.70353	0.85057	0	2.85295	0	0	0	-0.3009	-0.0616	12.7424	21.1428	162.857
THR_153	-2.89609	2.60117	2.35849	-0.12039	0.16261	0.05276	1.57261	3.2897	0.16313	0.8955	0.47532	0.86838	0	0	0	0	0	0	0.05348	20.5682	20.4621	0.10608	0	0	0	5.0207	-0.9333	0	54.7004	96.4418	77.5582
GLN_154	-2.53801	0.24538	1.65119	-0.38854	2.65643	0.40645	0.52236	2.23295	0	0	0.19813	-0.08455	0	0	0	0	0	0	0.61377	14.5382	8.27256	0	6.26566	-0.06574	0	0	-0.1077	0.95604	35.3746	89.6	127.4
VAL_155	-5.59469	1.23402	1.85623	-0.32409	1.55493	0.0762	1.75067	4.33955	0.06549	0.49279	-0.39065	-0.56052	0	0	0	-0.64962	0	0	1.13906	15.7836	15.5779	0.20576	0	0.39065	0	0	2.7371	1.16108	40.8455	177.129	4.87079
SER_156	-4.34254	1.67714	4.09635	-0.03417	0.00434	0.02092	2.57243	5.47033	0.04827	0.49734	-1.01331	-0.47429	0	0	0	0	0	0	-0.00143	3.15352	2.56355	0.58997	0	0.08606	0	4.04	-0.539	-0.31407	18.1014	142.968	19.0321
GLY_157	-4.96253	3.78424	4.37116	-0.00069	0	0	3.14805	6.57037	0.06549	0.49279	-2.20174	-0.26811	2.81126	0	0	0	0	0	0.05872	0	0	0	0	-2.52911	0	0	1.435	3.37599	16.1509	164	0
PRO_158	-5.88089	2.64151	3.21369	-0.20274	0.05774	0.15259	2.33255	3.9988	0	0	-1.19194	-0.04129	2.81407	0	0	-0.70782	0	0	-6e-05	0.89318	0.35652	0.53666	0	-1.22806	0	0	-4.6787	3.42116	6.48696	171.071	27.9286
TRP_159	-14.3343	3.67575	6.59154	-0.83873	0.08693	0.27295	3.29803	11.5644	0	0	-1.80314	-0.2096	0	0	0	-0.64962	0	0	0.22632	4.55112	0.53931	0	4.01181	-0.08191	0	0	3.7077	-0.23062	20.3779	265.516	4.48394
LYS_160	-6.73374	1.44516	7.40647	-0.47281	0.29832	0.2541	3.93466	8.77348	0.304	1.26848	-4.36863	0.65638	0	0	0	0	0	0	-0.03605	5.33767	1.69344	3.64423	0	0.29138	0	0	-0.8895	0.08109	22.8881	205.306	46.6939
THR_161	-6.56159	0.96158	4.19808	-0.1705	0.14602	0.06265	2.29396	6.40426	0.21701	0.92914	-0.12807	-0.58407	0	0	0	0	0	0	0.16173	0.78053	0.70649	0.07404	0	0.0863	0	5.0234	-0.9333	-0.14808	13.5196	174	0
LEU_162	-9.22672	4.18258	3.392	-0.55673	2.40483	0.12096	3.34259	7.55713	0.00011	0.00061	-2.65128	0.29287	0	0	0	0	0	0	0.21425	7.33569	3.71131	3.62438	0	-0.29266	0	0	1.3223	1.53132	26.3055	209.23	0.76969
TYR_163	-9.15589	2.07042	2.80534	-0.55264	0.09527	0.27938	3.3113	6.47406	0.00011	0.00061	-1.73428	-0.24385	0	0	0	0	0	0	1.63461	2.5663	0.07866	0	2.48764	-0.42542	0	0	1.7379	1.12876	12.5583	215.333	32.6666
VAL_164	-7.17036	6.38953	2.33457	-0.32469	0.74922	0.07256	3.25639	5.77224	0	0	-2.58902	-0.61557	0	0	0	0	0	0	0.20802	1.08915	0.03709	1.05205	0	-0.71702	0	0	2.7371	-0.66921	11.6121	182	0
SER_165	-6.37022	2.2617	4.1469	-0.04295	0.01457	0.06405	3.8536	6.50835	0.01456	0.06425	-1.9638	-0.52126	0	0	0	0	0	0	0.34037	0.29595	0.00735	0.2886	0	-0.61104	0	4.04	-0.539	-0.50818	11.3438	162	0
SER_166	-6.57471	2.13052	5.23205	-0.03174	0.019	0.04086	3.38405	7.37258	0	0	-1.04126	-0.01206	0	0	0	-0.18724	0	0	0.17057	2.20831	0.04317	2.16514	0	-0.79987	0	4.04	-0.539	-0.12366	17.4967	162	0
ASN_167	-6.21263	0.51741	5.7782	-0.27571	0.05257	0.52792	2.83781	7.24938	0	0	-0.99605	-1.10313	0	0	0	-1.08541	0	0	0.00949	4.17498	0.03015	0	4.14482	0.07762	0	0	-0.3009	-0.11366	15.3128	149.284	34.716
ASN_168	-6.91984	1.79506	7.82693	-0.20582	0.25654	0.31714	4.13615	9.2242	0.00938	0.03766	-1.58952	-0.57911	0	0	0	0	0	0	-0.00767	6.19043	0.0052	0	6.18523	-0.70384	0	0	-0.3009	-0.04541	25.6318	169.858	14.1422
LEU_169	-4.60118	2.13752	3.44379	-0.69056	7.25338	0.22251	1.84779	5.25743	0	0	-0.95438	0.24099	0	0	0	0	0	0	-0.2078	11.873	11.1287	0.74432	0	-0.13766	0	0	1.3223	1.25476	40.1349	130.479	79.5207
ASP_170	-3.45469	0.55421	4.9712	-0.14472	0.03575	0.45478	1.54223	5.74877	0	0	-1.01372	-2.50252	0	0	0	0	0	0	0.30607	15.5982	8.6939	0	6.90429	0.06837	0	0	-1.6204	1.13741	37.2791	81.8884	103.112
LYS_171	-7.7511	6.08979	7.32298	-0.56598	0.80509	0.35487	4.27275	8.12154	0	0	-3.44953	0.19364	0	0	0	0	0	0	0.16005	2.92431	0.12313	2.80117	0	-0.11817	0	0	-0.8895	-0.39286	20.0022	221.414	30.5862
ILE_172	-8.95714	1.45954	3.08724	-0.58874	1.5442	0.16307	1.73383	7.06881	0.00744	0.02123	-1.57225	0.17436	0	0	0	-0.37095	0	0	-0.06238	2.84892	1.83473	1.01419	0	0.13781	0	0	1.8006	-0.32456	11.02	207	0
GLY_173	-3.67919	0.44569	4.74239	-0.00028	0	0	2.75166	6.02139	0.00174	0.01242	-2.03421	-0.15331	0	0	0	0	0	0	0.18313	0	0	0	0	-1.06064	0	0	1.435	0.35047	9.01627	149.14	14.8603
GLU_174	-3.07536	0.61648	4.85521	-0.509	0.72411	0.81936	1.90798	4.99812	0.00088	0.00794	-1.71397	-1.27462	0	0	0	-0.57073	0	0	-0.00096	8.89748	2.1603	0	6.73718	-0.06942	0	0	-1.6358	-0.10078	22.7744	117.304	105.696
ASN_175	-3.17219	0.29637	3.8929	-0.32063	0.03562	0.68864	2.24242	4.5623	0.02996	0.31401	-1.98592	-0.84988	0	0	0	-0.85693	0	0	0.44244	8.34276	3.42948	0	4.91328	-0.66435	0	0	-0.3009	0.14771	21.1871	114.481	69.5185
GLY_176	-3.64943	1.1689	3.99609	-0.00033	0	0	2.26682	5.51652	0.00733	0.07805	-1.67768	-0.2644	0.46774	0	0	0	0	0	0.51958	0	0	0	0	1.10466	0	0	1.435	4.53928	15.5081	158.077	5.9232
PRO_177	-5.42157	2.15284	2.70216	-0.10085	0.00726	0.06397	1.79984	3.56776	0	0	-0.48044	0.67393	0.51035	0	0	-0.81185	0	0	0.78135	0.57971	0.0473	0.53241	0	-0.37204	0	0	-4.6787	4.08874	5.64217	165.948	33.052
PHE_178	-8.78816	3.32929	2.63224	-0.63285	0.09955	0.34504	2.01558	5.93388	0	0	-1.87436	-0.02719	0	0	0	0	0	0	3.93671	2.79423	0.22558	0	2.56865	-0.34114	0	0	1.9602	-0.48685	13.6904	224.215	12.7845
ARG_179	-8.55059	0.45603	7.31635	-0.65839	0.45128	0.4387	2.86235	9.38702	0.11444	0.4982	-0.74676	0.02868	0	0	0	-0.37095	0	0	1.80674	5.00188	1.32505	3.67682	0	0.16283	0	0	-0.1423	0.81832	23.8757	242.718	22.2818
ILE_180	-7.91278	9.91314	1.54678	-0.6825	4.12147	0.13822	1.66747	5.71587	0	0	-0.39241	0.52485	0	0	0	0	0	0	1.33248	2.17749	0.94819	1.2293	0	-1.16312	0	0	1.8006	0.69575	21.6608	194.191	12.8086
TYR_181	-10.3283	2.78924	7.05679	-0.61422	0.0533	0.32904	4.4822	9.90159	0.01244	0.03692	-2.15155	-0.20893	0	0	0	0	0	0	0.35016	3.1668	0.00083	0	3.16597	-0.0906	0	0	1.7379	0.04081	19.7304	248	0
LEU_182	-8.49498	4.24821	4.50961	-0.5102	1.48909	0.07069	2.38255	7.06244	0.09772	0.47046	-0.64603	0.25275	0	0	0	-0.35485	0	0	1.36534	26.5147	25.8327	0.68195	0	-0.03106	0	0	1.3223	0.36798	66.6313	203.756	6.24393
ARG_183	-10.3454	1.67274	11.1977	-1.03858	4.33271	0.75182	6.1979	13.0824	0.08158	0.34358	-6.28852	0.27637	0	0	0	-0.92353	-1.28859	0	0.60081	5.72857	2.11276	3.61581	0	-0.06104	0	0	-0.1423	0.92544	30.8322	237.689	27.311
GLY_184	-4.84816	0.52571	3.98324	-0.00126	0	0	3.03761	5.85505	0.02488	0.17886	-1.67089	-0.33897	0	0	0	0	0	0	-0.10746	0	0	0	0	-1.44863	0	0	1.435	1.68037	8.30536	164	0
ILE_185	-8.28025	3.72738	3.39112	-0.46893	0.91557	0.09329	3.21729	7.14422	0	0	-3.54527	0.11987	0	0	0	0	0	0	-0.14203	1.23473	0.50329	0.73144	0	-0.86187	0	0	1.8006	0.27312	9.85357	207	0
ASN_186	-6.19853	1.85074	6.03541	-0.2011	0.02896	0.34827	4.49342	7.91797	0.07633	0.3553	-2.06844	-0.51509	0	0	0	0	-0.36537	0	0.61902	6.99801	1.60875	0	5.38926	0.34198	0	0	-0.3009	-0.10434	26.3096	158.462	25.5382
VAL_187	-5.55377	4.12252	1.85057	-0.26796	0.25711	0.05403	1.75732	4.35163	0	0	-0.17228	-0.10605	0	0	0	0	0	0	1.12941	1.9422	1.72353	0.21868	0	-0.94671	0	0	2.7371	-0.42026	12.6771	163.513	18.4871
ASP_188	-5.3662	1.29802	6.7111	-0.25784	0.15493	0.92913	3.9877	7.36498	0.01884	0.05644	-4.74713	-0.67479	0	0	0	0	0	0	0.08677	2.5189	0	0	2.5189	-0.67179	0	0	-1.6204	0.36802	12.6756	116.054	68.9455
ILE_189	-4.28008	4.68481	3.42039	-0.55047	0.81215	0.12049	1.56879	5.06296	0	0	0.50286	-0.16514	0.59409	0	0	0	0	0	0.29943	32.4093	31.7186	0.69071	0	-0.63394	0	0	1.8006	4.29228	82.3478	123.086	83.9142
PRO_190	-3.58595	1.99255	2.54789	-0.06766	0	0.04434	1.04479	2.68222	0	0	0.0408	0.685	0.59592	0	0	0	0	0	0.14779	5.23754	2.91755	2.31999	0	0.96345	0	0	-4.6787	5.3043	18.1918	104.33	94.6697
ARG_191	-4.75232	2.7325	5.051	-2.59757	15.4515	2.51891	1.07502	5.24971	0	0	-1.2429	-0.18226	0	0	0	0	0	0	-0.13815	17.5761	13.1866	4.38951	0	-0.29351	0	0	-0.1423	1.57847	59.4603	121	144
LEU_192	-5.60955	3.53188	5.17709	-0.61129	8.66083	0.195	3.4985	6.76757	0	0	-2.93688	0.18691	0	0	0	0	0	0	3.16608	11.4327	8.00881	3.4239	0	1.7926	0	0	1.3223	2.43261	50.4391	122.635	87.3651
LYS_193	-6.94559	5.14001	7.28801	-0.49	0.19355	0.28832	3.75107	8.16213	0	0	-2.03413	-0.10094	0	0	0	0	0	0	0.23426	13.8408	11.4883	2.35246	0	0.01872	0	0	-0.8895	2.45904	44.7565	158.567	93.4332
MET_194	-7.99204	5.85092	2.59392	-0.2971	0.13602	-0.00657	3.27624	5.33052	0	0	-2.21726	-0.08407	0	0	0	0	0	0	0.04265	7.84167	5.82254	2.01912	0	-0.11702	0	0	1.4633	-0.38276	23.2801	250.804	11.1965
LEU_195	-6.56214	1.48404	4.37079	-0.53269	0.40664	0.1312	3.22145	6.91325	0.01406	0.04141	-2.39083	0.24855	0	0	0	0	0	0	0.27944	4.45306	3.43338	1.01968	0	-0.24387	0	0	1.3223	0.00115	17.6109	140.815	69.1852
PHE_196	-7.80198	3.11972	2.32107	-0.61716	0.16636	0.34365	2.90817	5.59006	0.00272	0.02591	-3.00565	0.12303	0	0	0	0	0	0	0.13918	3.30956	0.41321	0	2.89635	-0.21274	0	0	1.9602	-0.11676	11.5649	217.056	19.9441
ASN_197	-7.43402	2.18478	7.75012	-0.27936	0.01674	0.44545	5.5155	9.53329	0.01532	0.05451	-5.08774	-0.19398	0	0	0	0	-0.89151	0	0.43923	4.79948	0.24774	0	4.55173	0.9653	0	0	-0.3009	-0.16859	22.1631	178.519	5.48128
PHE_198	-11.1548	6.21458	3.66463	-1.04774	0.29889	0.66811	3.35909	8.22032	0.00133	0.00547	-2.38345	-0.08987	0	0	0	0	0	0	0.04064	1.98528	0.04148	0	1.9438	-0.5591	0	0	1.9602	0.79787	13.9667	231.612	5.38783
TYR_199	-11.3212	2.3687	5.66912	-0.54866	0.03602	0.2374	3.67485	8.89042	0.03619	0.24394	-3.20329	-0.13467	0	0	0	0	0	0	2.05665	2.97828	0.47299	0	2.50529	-0.50012	0	0	1.7379	0.32302	15.5228	232.337	15.663
VAL_200	-6.34176	2.69136	2.95855	-0.31943	0.61633	0.07248	2.94271	6.13837	0.00133	0.00547	-2.4386	-0.52024	0	0	0	0	0	0	0.81047	3.63591	2.08167	1.55425	0	-1.07183	0	0	2.7371	-0.70953	14.8446	174.827	7.17281
LYS_201	-5.25216	1.07316	5.70536	-0.30487	0.0725	0.15493	2.91692	6.33259	0.10848	0.53485	-0.20097	0.01015	0	0	0	0	0	0	1.05752	8.92057	5.86665	3.05392	0	0.09399	0	0	-0.8895	-0.48594	28.7682	228.781	23.2188
VAL_202	-4.58292	2.41974	3.69535	-0.29597	1.02732	0.07678	2.17701	5.46412	0	0	-1.21254	-0.73658	0	0	0	0	0	0	0.32224	2.39026	2.05297	0.33729	0	-0.13483	0	0	2.7371	0.91112	16.6485	110.214	71.7863
ASP_203	-2.67419	1.06892	3.37795	-0.12536	0.08064	0.40324	1.54771	3.99059	0	0	-0.19701	-0.59931	0	0	0	-0.28621	0	0	0.36596	3.44689	0.00197	0	3.44493	-0.52337	0	0	-1.6204	2.62624	14.3292	72.5196	112.48
GLY_204	-1.36312	0.11837	1.73374	-5e-05	0	0	0.11176	2.11736	0.02996	0.31401	0.49799	-0.41619	0	0	0	0	0	0	-0.25339	0	0	0	0	-2.12276	0	0	1.435	0.64625	2.84894	98.2408	65.7592
GLU_205	-4.21737	1.99766	5.12864	-0.37983	0.58658	0.67224	3.08237	6.1923	0.01071	0.03902	-1.06816	-1.24383	0	0	0	0	0	0	0.00287	6.515	0.29037	0	6.22463	0.50525	0	0	-1.6358	-0.81982	21.8828	107.279	115.721
CYS:disulfide_206	-3.65547	0.37901	1.44171	-0.04614	0.00018	0.01842	0.32228	2.37333	0.03195	0.11569	-0.09403	-0.30038	0	0	0	0	0	-0.44795	-0.11397	1.96902	0.91531	1.05371	0	0.15027	0	0	4.3148	0.01417	8.44193	103.985	52.0149
VAL_207	-5.18717	0.76418	3.50021	-0.28454	0.57411	0.0694	2.82089	5.94883	0	0	-1.66245	-0.29865	0	0	0	0	0	0	-0.06866	0.8915	0.66357	0.22793	0	-1.10449	0	0	2.7371	-0.38728	9.20448	113.842	68.1581
GLU_208	-4.61583	1.28979	3.49309	-0.25467	0.06434	0.2781	1.16632	4.65823	0.06608	0.32126	-0.40956	-0.1452	0	0	0	0	-0.89151	0	0.12464	4.3664	0.24677	0	4.11963	-0.05759	0	0	-1.6358	-0.87861	11.3059	112.593	110.407
ASN_209	-6.28853	1.56669	5.15449	-0.1707	0.00051	0.2461	3.6312	7.51021	0	0	-2.34887	-0.34527	0	0	0	0	0	0	0.75859	4.43898	0.00673	0	4.43225	1.06062	0	0	-0.3009	-0.34307	19.009	146.014	37.986
SER_210	-2.93683	0.83474	1.99146	-0.03786	0.01274	0.02669	0.99788	3.07229	0.01929	0.06617	-0.3925	-0.37849	0	0	0	0	0	0	0.38751	4.74701	3.11774	1.62927	0	0.19574	0	4.04	-0.539	1.32765	18.1815	90.0077	71.9923
VAL_211	-5.43118	0.77974	3.00849	-0.27838	0.51326	0.06387	2.99846	5.53876	0	0	-2.29226	-0.1233	0	0	0	0	0	0	-0.10509	1.14014	0.81724	0.3229	0	-1.11051	0	0	2.7371	0.64543	9.22468	158.687	23.3128
GLY_212	-1.94194	0.25467	1.29631	-0.00036	0	0	0.71954	2.28625	0.05524	0.45112	-0.56532	-0.27389	0	0	0	0	0	0	0.06147	0	0	0	0	1.02339	0	0	1.435	0.45668	5.25816	112.002	51.9976
ALA_213	-4.72973	1.1711	3.00052	-0.02243	0	0	3.08902	5.64717	0	0	-2.20915	-0.41512	0	0	0	0	0	0	-0.00231	0	0	0	0	-0.71988	0	0	2.2619	0.86578	7.93685	142.625	10.3755
SER_214	-4.27889	4.81531	4.91134	-0.04759	0.01593	0.0659	3.49238	6.13228	0	0	-2.43596	-0.24266	0	0	0	0	0	0	0.02393	2.03788	1.06194	0.97595	0	0.01553	0	4.04	-0.539	-0.09552	19.9488	136.382	25.618
ILE_215	-6.04488	1.86208	2.88312	-0.5142	1.34241	0.11466	1.58864	4.79863	0	0	-1.36371	0.04281	0	0	0	0	0	0	0.2218	11.1689	10.7396	0.42934	0	-0.47843	0	0	1.8006	0.12006	28.7115	178.086	28.9144
GLY_216	-2.53395	0.22822	3.5399	-0.00028	0	0	2.03677	4.53186	0	0	-2.05977	-0.16785	0	0	0	0	0	0	0.70184	0	0	0	0	-0.85854	0	0	1.435	0.16375	7.01693	125.23	38.7699
ARG_217	-2.76733	1.78412	4.38089	-0.804	1.12083	0.50007	1.24741	4.72949	0	0	-0.116	0.87941	0	0	0	0	0	0	-0.03586	13.4753	9.21728	4.25806	0	0.28224	0	0	-0.1423	1.00845	39.0181	72.1616	192.838
ASP_218	-3.45586	1.5131	5.92607	-0.11438	0.03971	0.36389	2.25187	5.8789	0	0	-3.7271	-0.62727	0	0	0	0	-0.38465	0	0.01726	2.63424	0.02756	0	2.60668	-0.12138	0	0	-1.6204	1.97811	13.1863	114.791	70.2093
ASN_219	-3.07424	1.17931	2.67557	-0.17856	0.18613	0.32566	1.25422	4.04633	0.05384	0.32125	-0.64955	-0.86059	0	0	0	0	0	0	1.49237	7.08817	2.40281	0	4.68536	-1.66098	0	0	-0.3009	0.42163	19.4078	91.0584	92.9416
LEU_220	-7.04292	1.3569	4.35993	-0.60301	0.49905	0.15413	2.73813	7.46708	0	0	-1.88935	0.31607	0	0	0	0	0	0	0.62839	1.14717	0.41084	0.73633	0	-0.55674	0	0	1.3223	-0.77443	10.2699	196.326	13.6741
ILE_221	-8.02266	2.9912	3.49043	-0.47347	0.89704	0.10731	3.16504	6.55856	0.04154	0.1391	-2.49746	-0.07562	0	0	0	0	0	0	-0.04414	4.12054	3.64576	0.47478	0	-0.95277	0	0	1.8006	-0.64196	14.7238	200.66	6.33973
LYS_222	-4.13442	1.0011	4.42441	-0.40245	0.17296	0.22313	3.45697	5.69377	0.00238	0.02331	-3.24701	0.01469	0	0	0	0	-0.17151	0	0.83727	10.6189	8.00367	2.61527	0	0.56462	0	0	-0.8895	-0.39979	28.4078	145.331	106.669
GLY_223	-3.04759	0.20655	3.30867	-0.00134	0	0	2.55754	4.45076	0.04213	0.1406	-1.91669	-0.35303	0	0	0	0	0	0	0.06508	0	0	0	0	0.56795	0	0	1.435	1.21337	8.66899	152.774	11.2258
GLU_224	-3.31794	0.39563	3.97847	-0.36129	0.09361	0.58287	0.95208	4.83641	0.06151	0.54252	-1.3726	-0.44145	0	0	0	0	0	0	0.51364	7.85049	2.4047	0	5.44579	0.35441	0	0	-1.6358	1.09001	21.9731	113.885	109.115
TYR_225	-7.7303	1.88184	4.67979	-0.89825	0.21088	0.286	3.61423	7.62513	0.00058	0.0015	-2.44536	-0.5586	0	0	0	-1.77114	0	0	0.29433	3.26059	1.02619	0	2.23441	-0.37302	0	0	1.7379	2.07117	15.1479	208.917	39.0826
ASN_226	-3.4211	0.23238	3.25744	-0.24567	0.37526	0.47454	1.28745	3.95381	0.00109	0.01665	0.22365	-0.92924	0	0	0	-0.52094	0	0	0.42455	20.7694	15.7592	0	5.01017	-1.70274	0	0	-0.3009	2.33215	46.9972	108.245	75.7552
GLY_227	-3.85276	0.864	4.78247	-0.00044	0	0	1.95364	6.22742	0	0	-1.78281	-0.25158	0	0	0	0	0	0	-0.09199	0	0	0	0	-2.51512	0	0	1.435	0.49044	7.25827	145.337	18.6633
GLY_228	-3.90485	0.53368	4.7759	-0.00048	0	0	2.49461	6.23148	0.00109	0.01665	-1.91268	-0.2851	0	0	0	0	0	0	0.07959	0	0	0	0	0.91812	0	0	1.435	1.37231	11.7553	160.924	3.07641
ASN_229	-7.97377	2.91685	8.54569	-0.17733	0.01007	0.27498	6.30632	11.0809	0	0	-2.82173	-0.74361	0	0	0	-0.95929	-0.47942	0	0.0572	2.99299	0.00758	0	2.9854	0.80015	0	0	-0.3009	1.27395	23.796	165.797	18.2035
TYR_230	-8.52872	1.89795	4.39615	-0.63918	0.66535	0.37416	4.36102	7.51903	0	0	-2.59296	-0.30511	0	0	0	0	-0.17151	0	2.34931	3.48671	0.16998	0	3.31674	-0.25004	0	0	1.7379	0.94719	18.7339	237.649	10.3512
PHE_231	-9.31078	2.55591	4.52348	-0.71221	0.06498	0.01509	3.39069	8.33429	0.05384	0.32125	-2.42897	-0.44465	0	0	0	0	0	0	-0.04424	3.94334	0.12723	0	3.81611	-0.2493	0	0	1.9602	0.34785	16.2641	217.833	19.1673
ARG_232	-7.17641	0.5109	6.25637	-0.74413	0.60025	0.52247	3.81556	8.58202	0.0949	0.22758	-1.51079	0.30501	0	0	0	0	0	0	2.04984	7.09726	4.01151	3.08575	0	-0.29525	0	0	-0.1423	-0.67445	26.6161	215.724	49.2757
ILE_233	-4.97118	0.70472	0.45748	-0.66404	1.4963	0.13835	0.3829	3.45304	0	0	0.10865	0.48945	0	0	0	0	0	0	-0.01455	1.27691	0.05848	1.21843	0	-0.57702	0	0	1.8006	-0.31672	5.04182	160.839	46.1611
ILE_234	-6.0015	8.40752	2.26337	-0.71384	3.44168	0.16302	1.08067	4.15435	0	0	-0.55248	0.29645	0	0	0	0	0	0	-0.09971	1.62807	0.36813	1.25994	0	-0.47505	0	0	1.8006	-0.02479	16.9964	156.083	50.9171
ASP_235	-4.68678	0.42785	6.04685	-0.12491	0.04083	0.37672	3.39718	7.08161	0	0	-4.08436	-1.18315	0	0	0	-0.00944	-0.06458	0	0.01977	4.1191	0.16316	0	3.95594	0.41158	0	0	-1.6204	0.91307	15.18	143.343	41.6569
MET_236	-6.65343	3.51093	2.8286	-0.49359	0.11072	0.1762	1.42917	4.4321	0	0	-1.75012	-0.13669	0	0	0	-0.00944	0	0	6.43623	19.2303	17.0032	2.22709	0	0.38437	0	0	1.4633	2.45146	52.6403	218.643	43.3569
THR_237	-4.51757	1.92667	5.20512	-0.117	0.08316	0.07062	3.29691	6.57636	0	0	1.37516	-0.63723	0.12777	0	0	0	0	0	0.65796	1.18341	1.11393	0.06948	0	-0.87675	0	4.97157	-0.9333	4.12732	23.7036	139.54	34.4601
PRO_238	-3.36896	2.52283	2.65755	-0.06835	0	0.04297	1.08935	2.91293	0.02831	0.30015	0.11991	0.62363	0.13682	0	0	0	0	0	-0.24598	0.3283	0.02983	0.29847	0	0.804	0	0	-4.6787	2.90335	6.4364	102.913	96.0867
ASN_239	-4.94742	0.91681	5.16072	-0.40961	0.23973	1.03847	2.88296	6.70062	0	0	-0.95588	-0.38061	0	0	0	0	0	0	0.35859	6.54808	0.02007	0	6.52801	-0.07096	0	0	-0.3009	0.18495	23.5136	141.216	42.7839
ALA_240	-5.30703	0.64035	3.94788	-0.01717	0	0	3.27253	6.58068	0	0	0.34582	-0.25211	0	0	0	0	0	0	0.32323	0	0	0	0	0.59513	0	0	2.2619	0.6712	13.0624	150.693	2.30672
LEU_241	-9.87152	9.84236	2.83126	-0.54172	0.93913	0.12764	3.56622	6.86532	0.00918	0.03093	-2.07044	0.24384	0	0	0	0	0	0	0.22264	2.31115	1.53088	0.78027	0	-0.21923	0	0	1.3223	1.86001	19.7802	210	0
ILE_242	-8.44481	2.68263	4.09497	-0.49003	2.04399	0.1047	3.6108	7.36941	0	0	-3.5915	0.07011	0	0	0	0	0	0	0.0129	1.0216	0.62387	0.39772	0	-1.13044	0	0	1.8006	0.64229	10.8188	200.85	6.15047
GLY_243	-4.51002	0.47447	3.04899	-0.00058	0	0	2.8687	5.19865	0.00918	0.03093	-2.63053	-0.28316	0	0	0	0	0	0	0.17139	0	0	0	0	1.0612	0	0	1.435	1.04608	7.92029	164	0
TYR_244	-9.90953	1.97825	5.26871	-0.75528	0.18114	0.15165	3.57995	8.43322	0.08095	0.75052	-2.051	-0.42979	0	0	0	0	0	0	0.94625	3.45208	5e-05	0	3.45202	-0.28082	0	0	1.7379	2.46023	19.0465	243.495	4.50547
ASP_245	-7.1126	1.51152	8.44185	-0.15242	0.02908	0.4604	4.70915	10.2206	0.11192	1.11046	-2.4718	-0.85997	0	0	0	0	0	0	2.19905	5.84492	0.23575	0	5.60917	0.89077	0	0	-1.6204	1.22804	30.3855	175.673	9.32739
VAL_246	-6.35602	1.02962	3.64757	-0.27667	0.32991	0.06213	3.25154	6.57367	0.01634	0.0641	-2.52236	-0.26538	0	0	0	0	0	0	-0.04549	0.33637	0.10807	0.22831	0	-1.07156	0	0	2.7371	-0.1422	7.70505	182	0
ASN_247	-8.05536	3.20234	8.18872	-0.27393	0.0136	0.43202	4.99154	10.6924	0.04436	0.4189	-4.05255	-0.19098	0	0	0	-0.52094	-0.47942	0	0.42364	4.84625	0.15954	0	4.68671	0.95191	0	0	-0.3009	-0.26081	24.9171	184	0
VAL_248	-6.39364	2.86276	2.7881	-0.26687	0.19331	0.0568	2.5182	6.23157	0.00448	0.02007	-2.61776	-0.38973	0	0	0	0	0	0	-0.1406	0.38959	0.12079	0.2688	0	-1.04631	0	0	2.7371	-0.02333	7.31333	180.784	1.2163
ASP_249	-5.32579	0.57949	8.34554	-0.24732	0.14158	0.91096	5.27296	9.55278	0	0	-5.57217	-0.58725	0	0	0	-0.76019	0	0	0.02805	3.07035	0.96376	0	2.10659	-0.79291	0	0	-1.6204	-0.19103	15.875	160.44	24.5599
SER_250	-2.5249	2.28917	3.2624	-0.04	0.0078	0.04599	1.01757	3.71264	7e-05	0.00242	0.80517	-0.2964	0	0	0	0	0	0	0.47757	0.4573	0.2442	0.2131	0	-0.64918	0	4.04	-0.539	0.17996	12.7059	99.5749	62.4251
LYS_251	-2.61361	0.54215	3.41823	-0.29173	0.05569	0.13677	1.42856	4.00882	0.00911	0.03995	-0.73145	-0.20939	0	0	0	-0.01286	0	0	0.53826	5.93312	3.6073	2.32582	0	-0.17503	0	0	-0.8895	-0.07392	17.0463	105.405	146.595
GLY_252	-2.89614	0.63803	2.89633	-6e-05	0	0	1.78648	4.21705	0.06884	0.41805	-1.27381	-0.3789	0	0	0	0	0	0	1.48642	0	0	0	0	-2.46078	0	0	1.435	-0.41082	5.5257	160.333	3.66654
LYS_253	-4.43654	1.38196	6.46888	-0.40169	0.11643	0.2031	3.45364	7.12702	0.02424	0.10857	-1.74933	0.6669	0	0	0	-0.74732	0	0	-0.0206	14.3579	11.3157	3.04221	0	-0.08953	0	0	-0.8895	-0.57697	39.3552	156.917	95.0834
ILE_254	-4.98695	0.90112	1.57098	-0.51525	1.66359	0.12816	1.3904	3.8372	0.02001	0.08408	-0.39218	0.05459	0	0	0	-0.57861	0	0	0.88257	0.773	0.25678	0.51623	0	-0.91881	0	0	1.8006	-0.92228	5.56524	194.994	12.006
THR_255	-6.66685	7.51663	4.67632	-0.17219	0.15121	0.06724	3.46704	6.65806	0.00147	0.01264	-2.54166	-0.78176	0	0	0	0	0	0	1.33971	4.55722	4.36789	0.18933	0	0.22976	0	5.02928	-0.9333	-0.13621	27.0318	174	0
LYS_256	-7.34197	1.75114	5.8282	-0.33455	0.12055	0.18901	3.71526	7.3956	0.00682	0.03189	-2.64766	-0.00091	0	0	0	-0.5068	0	0	-0.00975	4.69556	1.69263	3.00294	0	0.11466	0	0	-0.8895	0.02489	16.838	210.785	41.2147
VAL_257	-6.82287	1.25223	2.77639	-0.28044	0.42905	0.06284	2.95344	6.14832	0	0	-2.44965	-0.37213	0	0	0	0	0	0	-0.06615	0.62641	0.33194	0.29447	0	-0.61542	0	0	2.7371	0.13381	7.13935	182	0
ALA_258	-5.47796	2.60075	2.37641	-0.02308	0	0	3.18305	5.66933	0.01456	0.06425	-1.90846	-0.31606	0	0	0	0	0	0	0.0316	0	0	0	0	0.57999	0	0	2.2619	0.63983	9.69611	153	0
LEU_259	-7.40998	6.6409	3.05385	-0.46734	0.16714	0.12337	3.18446	6.33305	4e-05	0.00013	-2.96409	-0.05386	0	0	0	0	0	0	1.85827	5.52219	2.74867	2.77352	0	-0.11994	0	0	1.3223	0.3245	23.0372	196.164	13.8356
LEU_260	-8.92483	1.78545	3.89461	-0.61852	2.06961	0.14475	3.58362	7.2568	0	0	-3.25353	0.33086	0	0	0	0	0	0	-0.11177	6.74541	5.93135	0.81406	0	-0.56082	0	0	1.3223	0.03562	20.445	209.488	0.512343
MET_261	-10.0446	9.56814	4.40118	-0.64378	6.46896	0.23682	3.36665	7.37401	4e-05	0.00013	-2.02316	-0.09821	0	0	0	0	0	0	-0.00101	4.88047	2.74618	2.13429	0	0.24525	0	0	1.4633	-0.32412	29.7506	260.411	1.58864
GLY_262	-4.70863	0.88161	4.12822	-0.00058	0	0	3.09588	6.28064	0	0	-3.50684	-0.28635	0	0	0	0	0	0	1.5879	0	0	0	0	1.0986	0	0	1.435	1.30669	11.3121	164	0
ARG_263	-9.50541	1.98938	8.97015	-0.68073	0.4448	0.35628	4.96372	10.9305	0.02834	0.30091	-3.08276	0.30031	0	0	0	-0.70782	0	0	1.87273	11.2915	7.66085	3.63061	0	0.05899	0	0	-0.1423	2.62001	41.3	252.634	12.3664
GLY_264	-2.94749	17.3349	2.61681	-0.00045	0	0	1.02669	3.8302	2e-05	0.00038	0.21638	-0.1857	0	0	0	0	0	0	0.06551	0	0	0	0	-2.50055	0	0	1.435	1.11102	22.0027	145.3	18.6997
ALA_265	-2.73288	2.09744	1.4002	-0.02834	0.02161	0	0.59612	2.81118	0	0	-0.56494	-0.45208	0	0	0	0	0	0	-0.10389	0	0	0	0	0.92126	0	0	2.2619	0.27453	6.50211	101.096	51.9036
HIS_266	-3.64122	17.5898	3.28987	-0.74505	0.50713	1.05968	1.33356	4.70655	0	0	0.10903	-1.44371	0	0	0	0	0	0	1.80672	25.3377	18.9092	0	6.42846	-0.32861	0	0	0.8406	1.24634	77.006	112.197	128.803
VAL_267	-3.56159	4.2715	0.60587	-0.2519	1.15568	0.04668	0.48741	2.65041	0.00446	0.0782	-0.55025	0.55769	0	0	0	0	0	0	-0.20925	12.6693	12.441	0.22829	0	-0.28521	0	0	2.7371	0.63853	33.714	137.8	44.2
ASN_268	-4.27852	1.66915	5.33182	-0.22976	0.03825	0.41862	2.2661	6.2404	0.06552	0.3155	-1.30961	-0.5375	0	0	0	0	0	0	-0.09538	4.00739	0.09414	0	3.91325	0.27171	0	0	-0.3009	-0.45427	17.4259	99.7259	84.2741
GLU_269	-3.43296	1.27783	4.3052	-0.80316	0.83004	1.82384	1.7964	5.27441	5e-05	0.00013	-0.72003	0.40046	0	0	0	0	0	0	0.14543	12.2224	6.81037	0	5.41204	-0.17745	0	0	-1.6358	0.24118	33.7704	105.686	117.314
GLU_270	-4.33543	1.70244	5.98423	-0.33632	0.28623	0.43101	2.6014	7.0677	0.04118	0.14882	-0.79412	-0.63187	0	0	0	0	0	0	0.72014	7.95992	3.68972	0	4.2702	0.07636	0	0	-1.6358	2.31682	29.5626	132.934	90.0662
ASP_271	-6.2234	1.48907	7.58036	-0.10605	0.01488	0.32869	3.26245	9.19509	0.10229	0.38621	-1.49612	-0.49159	0	0	0	0	0	0	0.58053	3.39935	0.7373	0	2.66205	0.2572	0	0	-1.6204	4.07372	24.1316	181.543	3.45729
ILE_272	-6.69326	1.67953	5.20597	-0.54531	3.02775	0.10599	3.36972	7.4002	0	0	-2.40951	0.30031	0	0	0	0	0	0	0.06534	16.3721	15.3439	1.02817	0	-0.02133	0	0	1.8006	3.6134	49.6436	172.402	34.5985
ALA_273	-4.32261	1.14768	5.0514	-0.01984	0	0	3.46571	7.01776	0	0	-2.59914	-0.3302	0	0	0	0	0	0	0.02276	0	0	0	0	0.25159	0	0	2.2619	2.6344	14.5814	114.05	38.9498
LYS_274	-5.21429	0.5968	5.96737	-0.29965	0.03551	0.1251	3.37792	7.24843	0	0	-3.86164	-0.12007	0	0	0	0	-0.06458	0	0.23733	15.427	13.2359	2.19108	0	-0.13548	0	0	-0.8895	1.01502	38.8722	163.359	88.6413
PHE_275	-10.9647	2.02528	5.40546	-0.92879	0.09249	0.28539	3.50676	9.65007	0	4e-05	-2.58159	-0.0696	0	0	0	0	0	0	0.08466	2.80933	0.34245	0	2.46688	-0.58806	0	0	1.9602	0.93394	14.4302	237	0
LYS_276	-6.49049	0.76822	6.30787	-0.31118	0.05634	0.1475	3.25548	7.95502	0	0	-2.63962	0.0533	0	0	0	0	0	0	0.67093	9.44566	7.24275	2.20291	0	-0.1043	0	0	-0.8895	0.82001	28.4909	179.019	72.9808
LYS_277	-7.09483	20.4605	9.36652	-0.45628	0.1204	0.27442	4.49197	10.4673	0	0	-3.66429	0.30102	0	0	0	0	0	0	0.04309	3.46336	0.74673	2.71663	0	0.19465	0	0	-0.8895	1.00018	41.5419	147.522	104.478
LEU_278	-8.38489	9.26735	5.11241	-0.67966	1.52106	0.25171	3.28722	7.91729	0	0	-1.90597	0.06213	0	0	0	0	0	0	0.01713	8.95611	7.89272	1.0634	0	-0.29637	0	0	1.3223	2.02633	37.4303	201.29	8.70984
SER_279	-6.5183	1.20376	6.69543	-0.0374	0.00965	0.06141	3.76529	8.55923	0	0	-2.15414	-0.80461	0	0	0	0	0	0	0.50125	0.92611	0.01693	0.90918	0	0.61065	0	4.04	-0.539	2.0914	19.3368	161.392	0.60815
ARG_280	-5.72274	1.98897	7.70148	-1.107	0.95478	0.79767	3.42689	9.16766	0.01049	0.05596	-3.03734	0.42475	0	0	0	0	0	0	0.04314	4.3545	1.10573	3.24877	0	-0.0382	0	0	-0.1423	2.32728	25.5605	127.324	137.676
GLU_281	-5.61376	19.6658	7.57698	-0.41548	0.57946	0.93972	3.29745	7.93409	0.01049	0.05596	-2.82249	-0.43594	0	0	0	0	0	0	0.03177	17.8423	9.98531	0	7.85703	-0.26014	0	0	-1.6358	1.37519	65.968	139.688	83.3124
LYS_282	-6.61552	0.97548	6.14353	-0.62609	1.95052	0.46073	3.42696	6.77018	0.0949	0.22758	-0.70597	0.0145	0	0	0	0	0	0	0.47962	2.88166	0.69224	2.18943	0	0.14595	0	0	-0.8895	1.53665	19.1528	197.046	54.954
GLY_283	-2.11828	0.52782	2.75075	-5e-05	0	0	1.73161	3.38134	0	0	-1.92464	-0.39789	0	0	0	0	0	0	0.75655	0	0	0	0	-1.93862	0	0	1.435	0.44821	4.65181	116.225	47.7747
ILE_284	-8.32982	6.09084	3.69394	-0.47658	0.61371	0.09815	2.36317	6.92711	0	0	-0.50621	0.25814	0.19202	0	0	0	0	0	-0.17118	2.20643	1.5103	0.69613	0	-0.83982	0	0	1.8006	1.34151	17.4685	201.527	5.47335
PRO_285	-5.27575	6.20359	4.48263	-0.14911	0.0129	0.10723	2.27703	4.94766	0	0	-1.80464	0.12626	0.1958	0	0	0	0	0	0.20769	0.5897	0.06696	0.52274	0	-0.74183	0	0	-4.6787	1.78194	8.8721	152.112	46.8876
GLU_286	-3.19384	0.72766	3.57941	-0.33813	0.08975	0.39584	1.84561	4.25047	0.0598	0.49522	-0.87068	-0.69811	0	0	0	0	0	0	-0.24936	6.66304	1.03008	0	5.63296	-0.48401	0	0	-1.6358	-0.40901	16.8909	110.427	112.573
GLU_287	-3.51401	1.01222	4.16418	-0.52246	0.57295	1.48513	1.10527	4.69	0	0	-0.1913	-2.39816	0	0	0	0	0	0	0.12623	5.42037	1.20553	0	4.21484	-0.20609	0	0	-1.6358	-0.50009	15.0288	90.6825	132.317
ASN_288	-7.57199	3.82539	6.14888	-0.1828	0.1062	0.31065	3.91178	8.14392	0.00185	0.00517	-2.14013	-0.39092	0	0	0	-0.18724	0	0	0.0948	3.51367	0.09227	0	3.4214	-1.00203	0	0	-0.3009	-0.56283	17.2372	177.583	6.41661
ILE_289	-6.15209	1.6043	2.67663	-0.48324	1.30177	0.09554	1.47086	4.70615	0.0598	0.49522	-0.51814	0.36523	0	0	0	0	0	0	-0.13264	1.38576	0.67483	0.71093	0	-0.88447	0	0	1.8006	-0.6702	8.50684	179.306	27.694
ILE_290	-6.22639	1.62583	2.93059	-0.49235	1.5561	0.10393	2.56248	5.74005	0.00185	0.00517	-2.00019	0.11424	0	0	0	0	0	0	-0.15483	0.6758	0.12414	0.55166	0	-0.93228	0	0	1.8006	-0.72766	7.25874	176.769	30.2306
TYR_291	-6.92395	2.65158	2.65647	-0.7521	0.04486	0.12734	1.73564	5.71336	0.04768	0.42742	-0.1497	-0.39594	0	0	0	0	0	0	0.02139	3.27539	0.08556	0	3.18983	0.01545	0	0	1.7379	-0.51968	12.9885	169.303	78.6967
LEU_292	-8.37263	1.60766	3.73112	-0.52093	1.53913	0.15028	2.66298	7.26255	0.10211	0.44557	-2.45854	0.11432	0	0	0	0	0	0	0.25332	1.02716	0.43487	0.59229	0	0.28971	0	0	1.3223	0.14156	10.3248	210	0
GLY_293	-3.61677	1.42466	3.44327	-4e-05	0	0	2.46796	4.88078	0	0	-0.79388	-0.3981	0	0	0	0	0	0	1.3357	0	0	0	0	0.562	0	0	1.435	2.19525	12.9359	154.878	9.12225
ASP_294	-2.95394	1.06007	3.8368	-0.25081	0.14322	0.86734	1.35367	4.75971	0.00369	0.02447	0.47046	-2.28787	0	0	0	0	0	0	-0.10771	3.16755	0.04	0	3.12755	-0.35939	0	0	-1.6204	1.49317	12.7676	80.9952	104.005
THR_295	-4.14183	0.51246	5.34509	-0.13508	0.13972	0.07786	3.20115	6.39836	0.06055	0.56429	-1.75883	0.22667	0	0	0	0	0	0	-0.09003	1.59037	1.51905	0.07132	0	-0.77547	0	5.05169	-0.9333	-0.13249	16.7915	128.996	45.0041
ASP_296	-5.35965	0.42947	7.86751	-0.23602	0.12192	0.77156	3.77754	8.54142	0.0923	0.47771	-2.87226	-0.94132	0	0	0	0	-1.28859	0	-0.00162	3.3277	0.85212	0	2.47558	-1.26294	0	0	-1.6204	0.09796	15.25	175.471	9.52889
ASN_297	-2.90611	0.25173	3.03125	-0.41203	0.11637	0.78059	1.20921	3.77518	0	0	-0.33693	-0.13843	0	0	0	0	0	0	-0.13916	8.05671	0.02138	0	8.03533	-0.95283	0	0	-0.3009	-0.79353	19.2978	83.7314	100.269
CYS:disulfide_298	-5.4953	2.26914	4.63359	-0.03149	0	0.01165	1.98249	5.70017	0.0567	0.16472	0.00949	-0.13491	1.58032	0	0	0	0	-0.44795	1.09962	0.51293	0.21961	0.29332	0	0.04523	0	0	4.3148	1.89978	18.6839	156	0
PRO_299	-4.42481	2.25919	2.96416	-0.12438	0.00944	0.09053	1.41362	3.38064	0	0	-1.31136	0.22034	1.58296	0	0	-0.56868	0	0	0.60324	0.32007	0.17437	0.1457	0	-1.45321	0	0	-4.6787	2.47408	3.0772	125.31	73.6899
ASN_300	-2.65684	0.64716	2.8644	-0.19394	0.04814	0.33965	0.64498	3.39759	0.03619	0.24394	-0.41064	-0.93681	0	0	0	0	0	0	0.31432	3.24976	0.37711	0	2.87265	-1.18	0	0	-0.3009	1.34114	10.6979	48.1681	135.832
HIS_301	-3.47016	0.1262	4.21553	-0.86457	0.02579	1.42026	1.4663	4.88042	0	0	-0.04239	-0.4441	0	0	0	0	0	0	0	6.97318	0.53711	0	6.43607	0	0	0	0.8406	1.57037	23.6706	87.7327	153.267
THR_302	-1.03849	0.42507	1.33459	-0.16537	0.11555	0.10332	0.38995	1.7111	0.00056	0.00814	-0.24625	1.14909	0	0	0	0	0	0	11.487	4.75043	1.76001	2.99042	0	0	0	5.05239	-0.9333	0	28.8942	0	178.083
GLN_303	-3.44862	0.62614	2.50606	-0.71761	5.45485	0.8889	1.22664	3.44748	0.00056	0.00814	0.46851	-0.32004	0	0	0	0	0	0	-0.01281	25.9575	17.2179	0	8.73957	0.40561	0	0	-0.1077	-0.17007	62.171	137.66	79.3402
VAL_304	-5.51915	4.28985	1.63375	-0.34866	5.30944	0.07814	1.60099	4.03969	0.05371	0.32119	-0.62298	-0.89016	0	0	0	-0.63266	0	0	1.23872	9.87076	9.76731	0.10345	0	0.29524	0	0	2.7371	1.28196	34.6077	170.209	11.7909
SER_305	-3.95574	1.88211	3.70466	-0.03324	0.005	0.02033	2.29853	4.76724	0	0	-1.0656	-0.44452	0	0	0	0	0	0	-0.07649	4.15708	3.5955	0.56158	0	0.03829	0	4.04	-0.539	1.04051	19.9962	113.611	48.3887
GLY_306	-3.12095	0.81677	4.06019	-0.0008	0	0	3.01216	5.21214	0.0508	0.30544	-1.91101	-0.27971	1.48987	0	0	0	0	0	0.26811	0	0	0	0	-2.5293	0	0	1.435	3.50737	12.3161	133.018	30.9816
PRO_307	-3.87889	1.40625	2.83931	-0.2034	0.05025	0.15354	1.93528	3.51612	0	0	-1.48667	-0.06376	1.5008	0	0	-0.70092	0	0	0.00644	0.51676	0.10716	0.4096	0	-0.70212	0	0	-4.6787	3.88336	4.61042	105.669	93.331
TRP_308	-14.4186	3.3679	6.73687	-0.8606	0.08498	0.28703	3.4369	11.6106	0	0	-2.00897	-0.17993	0	0	0	-0.63266	0	0	-0.00305	4.1867	0.42679	0	3.7599	-0.22312	0	0	3.7077	0.0725	19.351	268.176	1.82445
LYS_309	-6.80165	1.27741	7.50725	-0.49672	0.47327	0.27453	4.35111	8.79798	0.2832	1.20635	-4.26598	0.73029	0	0	0	0	0	0	0.1579	6.70425	3.08156	3.62268	0	0.14478	0	0	-0.8895	-0.10472	26.054	220.492	31.508
THR_310	-6.54541	1.0222	4.20208	-0.16238	0.11977	0.05911	2.22993	6.36359	0.21639	0.91221	-0.29867	-0.58227	0	0	0	0	0	0	0.09852	0.90335	0.82382	0.07953	0	0.04033	0	5.04841	-0.9333	-0.23127	13.366	174	0
LEU_311	-8.9148	1.92078	3.62255	-0.54578	2.11867	0.11855	3.0418	7.69146	0.00164	0.00945	-2.6766	0.29451	0	0	0	0	0	0	0.38163	7.24009	3.65034	3.58975	0	-0.22495	0	0	1.3223	1.70063	24.342	209.488	0.512343
TYR_312	-9.02539	2.37599	2.94134	-0.57441	0.14216	0.29805	3.43359	6.53332	0.00164	0.00945	-1.91785	-0.20828	0	0	0	0	0	0	0.91288	2.50823	0.0323	0	2.47593	-0.55762	0	0	1.7379	1.28038	12.3996	217.89	30.1098
VAL_313	-7.10947	6.44644	2.35892	-0.32176	0.56669	0.0723	3.25543	5.77832	0	0	-2.59318	-0.64819	0	0	0	0	0	0	0.51157	1.08595	0.08575	1.0002	0	-0.59039	0	0	2.7371	-0.66049	11.9752	182	0
SER_314	-6.41551	2.72847	4.20004	-0.04191	0.01176	0.06262	3.90691	6.55652	0.01397	0.06317	-1.93361	-0.51346	0	0	0	0	0	0	0.39179	0.25038	0.00159	0.24879	0	-0.65383	0	4.04	-0.539	-0.44742	11.9313	162	0
SER_315	-6.50211	2.02789	5.24517	-0.03218	0.02344	0.04207	3.37824	7.35382	0	0	-1.10219	0.02707	0	0	0	-0.34522	0	0	0.17895	1.65465	0.00031	1.65434	0	-0.7604	0	4.04	-0.539	0.06713	16.412	162	0
ASN_316	-6.089	0.51123	5.56637	-0.27333	0.04635	0.52697	2.61365	7.0301	0	0	-0.77114	-1.03721	0	0	0	-0.41043	0	0	-0.11884	4.12771	0.02987	0	4.09784	0.08906	0	0	-0.3009	0.20897	15.8473	136.31	47.6898
ASN_317	-6.75374	1.51555	7.77784	-0.21113	0.32532	0.33067	4.14196	9.24861	0.01562	0.04806	-1.34302	-0.57331	0	0	0	0	0	0	-0.04917	6.16874	0.00046	0	6.16828	-0.75124	0	0	-0.3009	0.11274	25.8713	152.906	31.094
LEU_318	-4.54139	1.4235	3.38866	-0.69514	5.86838	0.22994	1.76789	5.17819	0	0	-0.94271	0.2523	0	0	0	0	0	0	-0.14081	12.1973	11.3687	0.82854	0	-0.10847	0	0	1.3223	1.43987	38.837	130.267	79.7334
ASP_319	-3.54182	0.48663	5.34411	-0.14421	0.03133	0.45258	1.69515	6.0967	0.03577	0.13274	-1.62086	-2.47244	0	0	0	0	0	0	0.33403	15.0805	8.01151	0	7.06895	0.06087	0	0	-1.6204	1.42205	36.8532	86.8537	98.1463
LYS_320	-8.41612	7.34491	8.34287	-0.57003	0.90444	0.35915	4.88883	8.96576	0	0	-4.39069	0.17308	0	0	0	0	-0.83963	0	-0.09102	2.9689	0.13187	2.83703	0	-0.10113	0	0	-0.8895	-0.28845	21.3303	229.357	22.6434
ILE_321	-8.92728	1.58956	3.18164	-0.58053	1.47948	0.15877	1.83581	7.12447	0.01538	0.04589	-1.53493	0.17167	0	0	0	-0.3897	0	0	-0.097	2.84609	1.82481	1.02127	0	0.05138	0	0	1.8006	-0.31789	11.2995	207	0
GLY_322	-3.66765	0.49575	4.69245	-0.00028	0	0	2.66201	5.95162	0.02253	0.11592	-1.86401	-0.15499	0	0	0	0	0	0	0.24466	0	0	0	0	-1.21406	0	0	1.435	0.49404	9.213	149.654	14.3456
GLU_323	-2.66359	0.6238	3.93233	-0.50069	0.59128	0.79436	1.17168	4.16791	0	0	-0.81377	-1.22413	0	0	0	-0.37266	0	0	-0.08617	8.98519	2.33388	0	6.65131	-0.01765	0	0	-1.6358	0.08173	22.019	107.539	115.461
ASN_324	-2.74057	0.34177	3.36713	-0.3194	0.02662	0.68457	1.65635	3.93512	0	0	-2.10197	-0.83181	0	0	0	-1.22608	0	0	0.62307	8.65503	3.61668	0	5.03835	-0.45896	0	0	-0.3009	0.37823	20.3433	101.526	82.4743
GLY_325	-3.59678	1.22581	3.86	-0.00034	0	0	2.1583	5.37329	0.02253	0.11592	-1.62037	-0.25352	0.00019	0	0	0	0	0	1.12698	0	0	0	0	0.96627	0	0	1.435	4.57716	15.3905	158.685	5.31505
PRO_326	-5.53108	2.68297	2.81153	-0.09869	0.00553	0.06248	1.90929	3.67905	0	0	-0.46307	0.67638	0.05042	0	0	-0.66927	0	0	1.09779	0.75295	0.3082	0.44475	0	-0.11519	0	0	-4.6787	4.05955	6.98487	161.854	37.1461
PHE_327	-8.8637	3.2819	2.60462	-0.63372	0.10102	0.34308	2.122	5.95613	0	0	-1.99633	-0.04089	0	0	0	0	0	0	4.98963	2.80045	0.16955	0	2.6309	-0.34207	0	0	1.9602	-0.39262	14.6902	229.528	7.47175
ARG_328	-8.29766	0.59186	6.83054	-0.6626	0.46037	0.44078	2.54877	8.99094	0.14158	0.9328	-1.21868	0.03475	0	0	0	-0.3897	0	0	0.58219	5.19727	1.50001	3.69727	0	0.17392	0	0	-0.1423	0.85203	22.2642	236.99	28.01
ILE_329	-8.00173	10.1191	1.54441	-0.6843	3.74613	0.13676	1.77205	5.75451	0	0	-0.54125	0.58773	0	0	0	0	0	0	1.16322	2.05298	0.86189	1.19109	0	-1.0835	0	0	1.8006	0.74355	21.1632	194.191	12.8086
TYR_330	-10.223	1.89498	7.10189	-0.64409	0.07365	0.34654	4.50094	10.0411	0.01271	0.03772	-2.16099	-0.2245	0	0	0	0	0	0	0.447	3.14389	0.036	0	3.10788	-0.17082	0	0	1.7379	0.13037	19.1892	248	0
LEU_331	-8.56789	4.33594	4.50234	-0.51575	2.30545	0.0721	2.38102	7.08657	0.09773	0.47433	-0.65654	0.24076	0	0	0	-0.35432	0	0	2.08287	27.8508	27.1491	0.70178	0	0.0191	0	0	1.3223	0.55258	71.0803	202.827	7.17281
ARG_332	-10.1963	1.55473	11.2901	-1.0189	3.82126	0.74112	6.32888	13.2072	0.0566	0.21975	-6.75105	0.30838	0	0	0	-0.94605	-1.20844	0	0.56707	5.54778	1.93173	3.61605	0	-0.05828	0	0	-0.1423	1.04552	29.9149	236.324	28.676
GLY_333	-4.21607	0.53044	3.59878	-0.00124	0	0	2.81684	5.30769	0.01266	0.09862	-1.63371	-0.33911	0	0	0	0	0	0	-0.20121	0	0	0	0	-1.4868	0	0	1.435	1.69704	7.61893	148.722	15.278
ILE_334	-7.93035	4.62956	2.72673	-0.47025	0.89191	0.09396	2.86943	6.39333	0.00414	0.02056	-3.35875	0.10304	0	0	0	0	0	0	-0.13561	1.30012	0.53398	0.76614	0	-0.81505	0	0	1.8006	0.29604	9.71953	205.062	1.9379
ASN_335	-4.75	1.29747	4.16343	-0.19988	0.02408	0.34527	3.14199	5.81003	0.01993	0.06003	-2.30411	-0.51866	0	0	0	0	0	0	0.33853	6.92965	1.67222	0	5.25743	0.56729	0	0	-0.3009	-0.06053	21.4933	95.5649	88.4351
VAL_336	-5.35017	2.13531	1.4269	-0.26758	0.26116	0.05372	1.24788	3.9206	0.00124	0.00482	-0.37129	-0.13269	0	0	0	0	0	0	0.96402	2.16076	1.92659	0.23417	0	-0.98817	0	0	2.7371	-0.39033	9.57405	150.06	31.9399
ASP_337	-6.30901	3.08766	7.38061	-0.25508	0.13036	0.88233	4.68337	8.45289	0.01993	0.06003	-4.50652	-0.70694	0	0	0	-0.13064	0	0	0.11311	2.57877	0.02627	0	2.5525	-0.59377	0	0	-1.6204	0.5425	16.388	134.212	50.788
ILE_338	-4.89212	6.44208	3.42585	-0.61729	27.8977	0.10859	1.99347	5.42379	0	0	-0.46914	-0.58761	0.83413	0	0	0	0	0	-0.05849	18.0235	14.429	3.59454	0	0.34804	0	0	1.8006	4.92835	82.6249	124.614	82.3864
PRO_339	-3.47694	4.87959	2.50635	-0.06191	0	0.04119	1.01784	2.69702	0	0	0.04855	0.6272	0.85623	0	0	0	0	0	0.01377	102.164	102.025	0.13953	0	0.92905	0	0	-4.6787	5.0406	214.769	65.6856	133.314
ARG_340	-5.41537	7.22166	5.85309	-1.13884	0.80763	0.82112	1.72155	6.05216	0	0	-1.49141	-0.01682	0	0	0	-0.13064	0	0	0.71242	6.97511	3.00342	3.97169	0	-0.1566	0	0	-0.1423	0.77752	29.4254	79.5298	185.47
LEU_341	-6.26542	3.49805	5.21322	-0.61729	5.33031	0.16919	3.85448	7.24682	0	0	-3.09725	0.16463	0	0	0	0	0	0	0.73508	16.158	13.0969	3.0611	0	1.09467	0	0	1.3223	0.8458	51.8106	112.889	97.1114
LYS_342	-8.04887	8.31946	8.35811	-0.49064	0.17582	0.28826	4.00417	9.32262	0	0	-2.01107	-0.12914	0	0	0	0	0	0	0.31181	13.2536	10.9274	2.32616	0	0.0139	0	0	-0.8895	0.93582	46.668	161.944	90.0555
MET_343	-8.15447	6.29274	2.90658	-0.30918	0.14705	-0.0085	3.4125	5.60681	0	0	-2.31885	-0.07017	0	0	0	0	0	0	-0.01284	8.64351	6.62317	2.02034	0	-0.10547	0	0	1.4633	-0.41768	25.7188	254.363	7.63658
LEU_344	-6.56425	1.54534	4.46365	-0.5368	0.38898	0.13927	3.27871	6.92813	0.00732	0.02038	-2.31498	0.23897	0	0	0	0	0	0	0.2949	5.33514	4.28535	1.04979	0	-0.25039	0	0	1.3223	0.06556	19.6974	130.401	79.5994
PHE_345	-7.8852	3.20879	2.39696	-0.6383	0.20051	0.35612	2.93413	5.70782	0.01342	0.12298	-3.0735	0.18296	0	0	0	0	0	0	-0.04032	3.47625	0.56329	0	2.91296	-0.2298	0	0	1.9602	-0.04621	12.1231	209.036	27.9638
ASN_346	-6.49541	1.69352	6.94475	-0.2837	0.02874	0.45573	5.31084	8.71225	0.02028	0.13979	-4.79586	-0.18581	0	0	0	0	-0.83165	0	0.44354	4.8919	0.16688	0	4.72502	0.8756	0	0	-0.3009	-0.19076	21.3248	153.838	30.1621
PHE_347	-11.0724	6.13644	3.64405	-1.02828	0.26951	0.6565	3.32846	8.14184	0.00014	0.00058	-2.32263	-0.10934	0	0	0	0	0	0	0.00958	1.95287	0.01026	0	1.94261	-0.59531	0	0	1.9602	0.78543	13.7106	227.317	9.68309
TYR_348	-11.4369	2.31012	5.74222	-0.52012	0.02668	0.2172	3.76668	8.9927	0.03416	0.22486	-3.27531	-0.14948	0	0	0	0	0	0	1.8774	2.99601	0.51738	0	2.47863	-0.5422	0	0	1.7379	0.29384	15.2917	234.161	13.8385
VAL_349	-6.16277	2.4391	3.05792	-0.31728	0.54546	0.07095	2.99425	6.12978	0.0062	0.01724	-2.74194	-0.45603	0	0	0	0	0	0	0.13483	4.98385	4.47864	0.50521	0	-0.60414	0	0	2.7371	-0.82584	16.9925	166.882	15.1177
LYS_350	-5.5823	1.76423	5.48126	-0.29384	0.09722	0.15687	2.3791	6.33092	0.12892	0.89545	-0.77277	-0.08771	0	0	0	0	0	0	2.09589	7.54363	4.50784	3.0358	0	0.18754	0	0	-0.8895	-0.62832	26.3502	229.327	22.6727
VAL_351	-4.45559	1.07308	4.10488	-0.28832	0.40875	0.0715	2.58353	5.81965	0.00606	0.01666	-2.01875	-0.37886	0	0	0	0	0	0	0.02265	0.85335	0.60878	0.24457	0	-0.9508	0	0	2.7371	-0.44729	10.0109	93.8511	88.1489
ASP_352	-2.1071	0.28387	2.4841	-0.12459	0.04845	0.39205	1.20744	3.09658	0	0	-0.64851	-0.91156	0	0	0	-0.85342	0	0	0.03363	3.05317	0.11904	0	2.93413	-0.83594	0	0	-1.6204	0.87552	7.42646	54.6276	130.372
GLY_353	-1.90776	0.77331	2.27395	-8e-05	0	0	0.69638	2.89668	0	0	-0.0029	-0.37367	0	0	0	0	0	0	0.84892	0	0	0	0	-2.46039	0	0	1.435	1.44465	5.62408	116.942	47.0582
GLU_354	-3.84267	0.6835	4.84059	-0.43132	0.29737	0.7347	3.09339	5.9226	0.00588	0.0298	-2.69935	-0.73005	0	0	0	0	0	0	0.73894	10.4337	5.32326	0	5.11042	0.12183	0	0	-1.6358	0.25837	28.2551	96.8973	126.103
CYS:disulfide_355	-4.36988	0.60408	1.96818	-0.04753	0.00145	0.01885	0.45072	2.97969	0.03897	0.13887	0.01757	-0.31292	0	0	0	0	0	-0.48519	-0.15539	1.46107	0.43503	1.02604	0	0.14851	0	0	4.3148	-0.12111	8.11181	123.367	32.6332
VAL_356	-5.47127	0.818	3.62847	-0.28312	0.47018	0.07021	2.84011	6.18827	0	0	-1.76543	-0.33741	0	0	0	0	0	0	-0.01238	1.44492	1.21572	0.22921	0	-1.13386	0	0	2.7371	-0.40633	10.2324	115.377	66.6234
GLU_357	-4.5637	1.17264	3.34439	-0.2613	0.0768	0.29315	1.07748	4.4877	0.03309	0.10907	-0.66456	-0.17434	0	0	0	0	-0.83165	0	-0.01334	4.21886	0.25017	0	3.96869	-0.03913	0	0	-1.6358	-0.8888	9.95942	123.566	99.4338
ASN_358	-6.14135	1.44571	5.05922	-0.16351	0.0002	0.2314	3.61965	7.35216	0	0	-2.33154	-0.36422	0	0	0	0	0	0	1.08421	4.42346	0.02209	0	4.40138	1.0561	0	0	-0.3009	-0.32409	19.0699	146.782	37.2179
SER_359	-2.94476	0.81955	1.96838	-0.03745	0.02808	0.02702	1.08322	3.05768	0.01259	0.03856	-0.36739	-0.33139	0	0	0	0	0	0	0.59636	6.6669	5.141	1.5259	0	0.25392	0	4.04	-0.539	1.32527	22.3644	90.4585	71.5415
VAL_360	-5.34561	0.83586	3.12792	-0.27365	0.42932	0.06032	3.10489	5.59047	0	0	-2.3274	-0.08502	0	0	0	0	0	0	-0.10159	1.05936	0.73531	0.32406	0	-1.09333	0	0	2.7371	0.65203	9.43004	152.024	29.9756
GLY_361	-1.96263	0.32831	1.29083	-0.0004	0	0	0.74373	2.29838	0.06205	0.49833	-0.50029	-0.28117	0	0	0	0	0	0	-0.01446	0	0	0	0	0.89392	0	0	1.435	0.43507	5.22667	110.736	53.2636
ALA_362	-4.70241	1.15436	3.19484	-0.02242	0	0	3.39238	5.82137	0.02382	0.07458	-2.40258	-0.42337	0	0	0	0	0	0	-0.00409	0	0	0	0	-0.75211	0	0	2.2619	0.80472	8.42098	143.1	9.89959
SER_363	-4.19375	3.2043	4.87322	-0.04721	0.01589	0.06396	3.57968	6.07431	0	0	-2.3633	-0.11702	0	0	0	0	0	0	0.31534	4.02566	1.99856	2.0271	0	0.7165	0	4.04	-0.539	0.00503	23.6793	118.246	43.7537
ILE_364	-6.71916	1.61711	2.78697	-0.49482	1.80194	0.10012	1.55862	5.07174	0.02382	0.07458	-1.25982	0.48017	0	0	0	0	0	0	0.19907	9.80254	9.36084	0.4417	0	-0.7092	0	0	1.8006	-0.1938	25.743	179.335	27.6648
GLY_365	-2.99498	0.25083	3.49551	-0.00039	0	0	2.32564	4.75588	0	0	-1.25994	-0.1928	0	0	0	0	0	0	1.79423	0	0	0	0	-0.98	0	0	1.435	-0.19662	8.43236	132.883	31.1168
ARG_366	-2.83341	2.43254	4.34204	-0.91016	4.21644	0.53285	1.72084	4.58443	0	0	-0.15868	0.77098	0	0	0	0	0	0	0.12212	21.7025	15.3276	6.37492	0	-0.13845	0	0	-0.1423	0.62827	58.5725	54.2225	210.777
ASP_367	-3.10359	1.78014	4.63287	-0.13069	0.01414	0.42124	1.04866	5.07658	7e-05	0.00242	-0.51899	-1.25559	0	0	0	0	0	0	4.01528	11.1534	3.17081	0	7.98258	-0.78389	0	0	-1.6204	0.04157	31.9266	125.755	59.2446
ASN_368	-3.37175	1.93724	3.28123	-0.18345	0.03961	0.32711	1.60092	4.69189	0.0325	0.24103	-0.9362	-0.90281	0	0	0	0	0	0	0.93983	3.20002	0.08453	0	3.11548	-1.34745	0	0	-0.3009	0.11582	12.5647	93.8602	90.1398
LEU_369	-6.76036	1.99806	4.07382	-0.57669	1.67466	0.12583	2.40207	6.6732	0.01963	0.05839	-1.00018	0.42194	0	0	0	0	0	0	1.33387	0.92923	0.14738	0.78185	0	-0.43775	0	0	1.3223	0.24314	13.4304	199.912	10.0877
ILE_370	-8.22441	2.11597	3.74894	-0.48732	0.51015	0.11291	3.34115	6.74277	0	0	-2.50001	-0.18027	0	0	0	0	0	0	0.24266	3.33514	2.93224	0.4029	0	-1.15513	0	0	1.8006	-0.7386	11.9997	201.268	5.73158
LYS_371	-4.80672	1.83556	4.53855	-0.397	0.10108	0.13436	3.05222	5.76408	0.04361	0.2022	-3.21387	-0.05303	0	0	0	0	0	0	0.19473	5.01782	1.00434	4.01348	0	0.09116	0	0	-0.8895	-0.64874	15.9844	160.157	91.8431
GLY_372	-2.43195	0.09787	2.8901	-0.00132	0	0	2.44602	3.82465	5e-05	0.00014	-1.82174	-0.32944	0	0	0	0	0	0	-0.07172	0	0	0	0	-2.12158	0	0	1.435	1.07906	4.99514	141.892	22.108
GLU_373	-3.09411	0.76472	3.62618	-0.36398	0.2794	0.47773	1.04419	4.42209	0.04993	0.46335	-1.03883	-0.38949	0	0	0	0	0	0	-0.0203	7.43872	1.98137	0	5.45735	0.08997	0	0	-1.6358	1.05272	20.6052	97.034	125.966
TYR_374	-7.69874	2.41133	4.83119	-0.82229	0.07587	0.1989	3.54608	7.75072	5e-05	0.00014	-2.41143	-0.48195	0	0	0	-1.66678	0	0	0.53372	2.57807	0.37352	0	2.20456	-0.42546	0	0	1.7379	2.03585	14.7712	208.485	39.515
ASN_375	-3.59813	0.23488	3.58171	-0.3339	0.11117	0.68964	1.46985	4.21064	0.02051	0.33495	0.25242	-1.14935	0	0	0	-0.41477	0	0	0.79077	12.3894	4.71383	0	7.67556	-1.55415	0	0	-0.3009	3.84065	32.9648	108.327	75.6732
GLY_376	-3.97812	1.05816	4.99484	-0.00046	0	0	1.84628	6.49053	0	0	-1.85341	-0.24828	0	0	0	0	0	0	0.10401	0	0	0	0	-2.51858	0	0	1.435	1.97542	9.30538	141.52	22.4804
GLY_377	-3.79077	0.54237	4.48896	-0.00048	0	0	2.28046	5.97138	0	0	-1.65393	-0.29392	0	0	0	0	0	0	0.18667	0	0	0	0	0.94492	0	0	1.435	1.74677	11.8574	157.429	6.57053
ASN_378	-7.76816	3.07045	8.30358	-0.18951	0.02619	0.29965	5.88474	10.7789	0	0	-2.88776	-0.73218	0	0	0	-0.99751	-0.62248	0	0.21827	3.01067	0.09222	0	2.91845	1.08136	0	0	-0.3009	1.50377	23.6897	175.224	8.77644
TYR_379	-8.6807	3.13734	4.27533	-0.65287	0.62027	0.38697	3.72198	7.3162	0.00245	0.0256	-2.13313	-0.30179	0	0	0	0	0	0	2.21762	3.36086	0.17804	0	3.18282	-0.24829	0	0	1.7379	0.97662	19.1232	237.3	10.6996
PHE_380	-9.19514	2.7184	4.49179	-0.7238	0.06872	0.02152	3.55102	8.22356	0.01484	0.07048	-2.28975	-0.4497	0	0	0	0	0	0	-0.02764	3.96922	0.08289	0	3.88633	-0.27192	0	0	1.9602	0.37736	16.4784	219.049	17.9508
ARG_381	-6.4037	1.76366	5.57121	-0.76137	0.5407	0.53419	3.63927	7.61238	0.15888	0.63063	-1.35763	0.30291	0	0	0	0	0	0	0.85557	7.6402	4.5329	3.1073	0	-0.31857	0	0	-0.1423	-0.66937	27.2369	203.634	61.3661
ILE_382	-4.9013	0.82941	0.50685	-0.66378	1.83332	0.1328	0.48215	3.4625	0.01767	0.17055	0.05332	0.50231	0	0	0	0	0	0	0.09039	1.18435	0.00592	1.17843	0	-0.6128	0	0	1.8006	-0.39134	5.68135	150.489	56.511
ILE_383	-6.07446	6.51333	2.32494	-0.70508	2.77333	0.16037	1.15216	4.25468	0	0	-0.44365	0.26818	0	0	0	0	0	0	-0.0923	1.90732	0.67296	1.23437	0	-0.47814	0	0	1.8006	-0.12106	15.1476	149.203	57.7969
ASP_384	-4.62729	0.42691	5.80459	-0.12709	0.04762	0.38603	3.50581	6.88252	0	0	-3.70073	-1.17151	0	0	0	0	-0.01475	0	0.38588	3.83581	0.07756	0	3.75825	0.2547	0	0	-1.6204	1.27341	15.3773	144.658	40.3416
MET_385	-6.1971	17.5631	2.75615	-1.10616	5.64363	0.33781	1.27118	3.96888	0	0	-1.07911	-0.37381	0	0	0	0	0	0	7.178	13.7096	11.3396	2.36999	0	0.52194	0	0	1.4633	3.06329	62.4303	195.099	66.9012
THR_386	-4.83386	5.94862	4.97137	-0.11937	0.47382	0.06201	2.52578	6.43506	0.03959	0.31192	1.08792	0.0192	1.18557	0	0	0	0	0	0.01349	8.05216	7.91507	0.13709	0	-0.5188	0	5.00465	-0.9333	5.51266	43.2907	144.347	29.6527
PRO_387	-2.47891	0.58502	1.66219	-0.07827	0	0.04818	0.89269	1.9481	0.02436	0.2097	0.47326	0.70299	1.20823	0	0	0	0	0	0.24979	2.33765	1.16013	1.17751	0	2.13442	0	0	-4.6787	5.15306	12.7314	96.5252	102.475
ASN_388	-5.01702	1.80487	4.96365	-0.36947	0.37977	0.85613	3.3422	6.53608	0.0002	0.00047	-1.0609	0.32687	0	0	0	-0.00643	0	0	2.25896	5.93289	1.6207	0	4.3122	0.1163	0	0	-0.3009	1.32972	27.0263	152.948	31.0524
ALA_389	-5.37166	0.51054	3.30004	-0.01705	0	0	2.41236	6.18474	0.02737	0.19994	0.61467	-0.29306	0	0	0	0	0	0	0.45718	0	0	0	0	-0.02473	0	0	2.2619	0.81901	11.0813	152.488	0.512343
LEU_390	-9.87141	13.5157	2.4792	-0.57253	1.05538	0.1445	3.36462	6.61001	0.02502	0.07993	-2.08491	0.28419	0	0	0	0	0	0	0.04519	1.9398	1.2506	0.6892	0	-0.11643	0	0	1.3223	2.2681	22.4285	210	0
ILE_391	-8.43706	2.75139	4.09438	-0.48866	1.68811	0.1035	3.74921	7.36661	0	0	-3.57061	0.07959	0	0	0	0	0	0	-0.09486	0.77642	0.35045	0.42597	0	-1.18071	0	0	1.8006	0.8649	10.2792	203.926	3.07406
GLY_392	-4.46959	0.33669	2.97045	-0.00068	0	0	2.7782	5.07826	0.02502	0.07993	-2.44162	-0.29576	0	0	0	0	0	0	0.17731	0	0	0	0	1.11267	0	0	1.435	1.04599	7.83188	164	0
TYR_393	-9.96031	2.61505	5.35839	-0.76315	0.24428	0.13307	3.68187	8.50796	0.05625	0.58727	-2.06454	-0.41333	0	0	0	0	0	0	0.01493	3.48035	0.03057	0	3.44978	-0.29818	0	0	1.7379	2.4621	18.8603	240.081	7.91856
ASP_394	-7.1487	2.4709	8.46844	-0.14879	0.00962	0.44641	4.7966	10.2473	0.11193	1.05484	-2.34682	-0.86425	0	0	0	0	0	0	2.03137	5.46015	0.0001	0	5.46004	1.10269	0	0	-1.6204	1.17511	30.7066	178.847	6.15282
VAL_395	-6.03257	1.14946	3.90218	-0.27703	0.34941	0.06173	3.20702	6.59799	0.00665	0.02648	-2.35779	-0.29029	0	0	0	0	0	0	-0.07911	0.5905	0.34025	0.25025	0	-1.17641	0	0	2.7371	-0.18669	8.81915	179.693	2.30672
ASN_396	-8.24221	2.98598	8.29879	-0.28346	0.01475	0.45043	5.17331	10.8847	0.0789	0.81368	-3.92405	-0.18928	0	0	0	-0.41477	-0.62248	0	1.71557	4.78877	0.23314	0	4.55563	1.00627	0	0	-0.3009	-0.31938	26.7034	184	0
VAL_397	-6.60974	1.12816	2.55758	-0.2724	0.24296	0.05835	2.23253	6.15638	0.00404	0.0161	-2.50582	-0.38955	0	0	0	0	0	0	-0.06044	4.38951	4.10546	0.28406	0	-0.95061	0	0	2.7371	0.09395	13.2176	179.663	2.33679
ASP_398	-6.3228	1.38434	9.60772	-0.20457	0.04414	0.69689	5.39435	10.722	0	0	-5.6495	-0.71361	0	0	0	-0.14972	-0.83963	0	-0.07339	2.1219	0.00841	0	2.11348	-0.7014	0	0	-1.6204	0.24796	16.0662	172.178	12.8221
SER_399	-3.62912	0.5273	4.24185	-0.03885	0.0126	0.04168	1.28985	4.73878	7e-05	0.0002	0.70422	-0.44888	0	0	0	0	0	0	-0.20794	0.88571	0.66318	0.22253	0	-0.26988	0	4.04	-0.539	0.0242	12.2585	139.142	22.8579
LYS_400	-4.49624	1.22917	6.92873	-0.56096	0.36682	0.45187	3.16751	7.16893	7e-05	0.0002	-3.61779	-0.22101	0	0	0	0	-0.38465	0	0.04135	4.49057	0.29326	4.1973	0	0.11019	0	0	-0.8895	0.10213	18.3779	141.313	110.687
GLY_401	-3.51317	0.19766	3.11019	-4e-05	0	0	1.65222	4.65822	0	0	-1.24984	-0.40254	0	0	0	0	0	0	0.1282	0	0	0	0	-1.84129	0	0	1.435	0.76168	4.93628	162.975	1.02469
LYS_402	-5.31074	1.64718	7.56073	-0.46323	0.25079	0.22783	3.57819	8.08137	0.03577	0.13274	-2.31715	0.53243	0	0	0	-0.14972	0	0	-0.01678	9.09281	5.64199	3.45082	0	-0.04018	0	0	-0.8895	-0.05733	30.988	162.171	89.8287
ILE_403	-5.33738	1.56961	1.49568	-0.495	1.01342	0.10806	1.60684	3.92546	0	0	0.26579	0.32466	0	0	0	0	0	0	-0.17082	1.0653	0.32343	0.74187	0	-0.86166	0	0	1.8006	-0.9631	6.41275	187.702	19.2977
THR_404	-6.87866	8.83637	4.80169	-0.16302	0.13475	0.06531	3.55043	6.82383	0.0001	0.00077	-2.25929	-0.7959	0	0	0	0	0	0	1.98527	4.26437	3.90238	0.36199	0	0.46229	0	5.02579	-0.9333	0.55312	29.7383	174	0
LYS_405	-7.08265	1.64225	5.67744	-0.33314	0.13438	0.1894	3.63612	7.17596	0.00024	0.00217	-2.52396	0.0212	0	0	0	-0.41043	0	0	0.16096	5.2554	2.28627	2.96913	0	0.09783	0	0	-0.8895	0.74423	18.7533	198.508	53.4919
VAL_406	-6.76424	1.12484	2.70198	-0.27127	0.29073	0.0584	2.96717	6.06633	0	0	-2.29597	-0.39148	0	0	0	0	0	0	0.21117	0.47373	0.16265	0.31108	0	-0.61309	0	0	2.7371	0.09973	6.86888	182	0
ALA_407	-5.5185	2.99454	2.39552	-0.02371	0	0	3.20597	5.71664	0.01397	0.06317	-1.93508	-0.31988	0	0	0	0	0	0	0.2377	0	0	0	0	0.58851	0	0	2.2619	0.63333	10.3141	153	0
LEU_408	-7.34322	6.10216	2.94698	-0.47188	0.18389	0.12142	3.10324	6.19754	0	0	-2.76973	-0.049	0	0	0	0	0	0	1.75218	5.86031	3.14988	2.71043	0	-0.07965	0	0	1.3223	0.3171	23.054	196.677	13.3233
LEU_409	-8.99323	1.70912	3.72062	-0.61482	1.95006	0.14455	3.55703	7.18848	0	0	-3.28135	0.32119	0	0	0	0	0	0	0.05967	5.88259	5.00229	0.88029	0	-0.52081	0	0	1.3223	0.073	18.401	210	0
MET_410	-9.83469	7.21537	4.27677	-0.63418	3.39425	0.24343	3.19201	7.17533	0	0	-1.99358	-0.12016	0	0	0	0	0	0	0.05678	4.60233	2.46977	2.13256	0	0.17001	0	0	1.4633	-0.31871	23.4906	259.105	2.8953
GLY_411	-4.47139	0.81422	3.79408	-0.00063	0	0	2.8023	5.84188	0	0	-2.96277	-0.29001	0	0	0	0	0	0	1.14801	0	0	0	0	1.14594	0	0	1.435	1.30705	10.5637	164	0
ARG_412	-7.90377	1.39182	7.51566	-0.67661	0.4991	0.35823	3.94081	9.05895	0.02436	0.2097	-3.2266	0.25748	0	0	0	-0.70092	0	0	0.46724	11.5182	7.68551	3.83274	0	-0.03163	0	0	-0.1423	2.88024	36.9583	199.914	65.0856
GLY_413	-2.09412	1.14358	1.68951	-0.00063	0	0	0.8572	2.40902	0	0	-0.0541	-0.35818	0	0	0	0	0	0	0.08857	0	0	0	0	-2.51454	0	0	1.435	4.56303	7.16433	124.148	39.8515
ALA_414	-2.50666	0.74905	1.36626	-0.02305	0.00213	0	0.69506	2.50424	0	0	-0.25787	-0.35845	0	0	0	0	0	0	0.18495	0	0	0	0	0.70066	0	0	2.2619	8.31669	13.6349	111.15	41.8503
HIS_415	-3.18549	0.72346	2.79762	-0.92437	0.25841	1.36105	1.93614	4.15049	0	0	-0.2541	-0.444	0	0	0	-0.00643	0	0	1.25827	13.0051	9.27091	0	3.73414	-0.14687	0	0	0.8406	4.99073	39.3656	122.065	118.935
VAL_416	-5.11558	14.9852	1.40553	-0.30057	0.8586	0.07329	1.78447	4.0789	0	0	0.41083	-0.31035	0	0	0	0	0	0	0.25363	38.6817	36.7484	1.93328	0	1.00716	0	0	2.7371	1.69515	100.927	153.957	28.0429
ASN_417	-5.34388	3.39954	6.22196	-0.17251	0.00949	0.25104	2.6707	7.26195	0.01242	0.11245	-0.68879	-0.2124	0	0	0	0	0	0	1.27263	3.78751	1.21236	0	2.57515	0.56906	0	0	-0.3009	4.60995	27.2477	121.43	62.5702
GLU_418	-3.62835	1.86833	4.63168	-0.4667	0.53208	1.02099	2.39097	5.67899	0	0	-0.01505	-0.50516	0	0	0	0	0	0	4.65311	4.73098	0.77	0	3.96098	-0.28351	0	0	-1.6358	2.67101	26.3745	115.31	107.69
GLU_419	-4.56176	0.66767	5.64627	-0.3911	2.2862	0.48854	2.30677	6.07451	0	1e-05	-1.34592	-0.63244	0	0	0	0	0	0	-0.07742	14.7936	8.42142	0	6.37215	-0.44932	0	0	-1.6358	0.09507	38.0584	135.732	87.268
ASP_420	-8.09987	13.84	8.95053	-0.10108	0.01218	0.32309	4.34108	11.0855	0	1e-05	-2.55277	0.21941	0	0	0	0	0	0	0.32311	3.35468	0.55195	0	2.80273	0.07096	0	0	-1.6204	1.98603	35.4871	182.151	2.84914
ILE_421	-6.33348	0.87832	4.81147	-0.53793	2.63263	0.10412	3.17862	6.89881	0	0	-1.78093	0.26783	0	0	0	0	0	0	0.01558	19.4152	18.3355	1.07973	0	-0.12096	0	0	1.8006	2.99836	53.6435	177.272	29.7277
ALA_422	-4.25408	0.76065	4.65366	-0.01925	0	0	2.83954	6.63426	0	0	-2.62804	-0.32494	0	0	0	0	0	0	0.05822	0	0	0	0	0.28407	0	0	2.2619	2.45719	12.7232	100.795	52.205
LYS_423	-6.4756	1.01153	8.08499	-0.29619	0.03521	0.11965	4.43485	9.00821	0	0	-5.14634	-0.09477	0	0	0	0	-0.01475	0	0.68316	13.7987	11.6203	2.1784	0	-0.10591	0	0	-0.8895	1.12816	39.0802	167.439	84.5615
PHE_424	-10.9425	2.07162	5.29508	-0.94745	0.09884	0.3064	3.31195	9.54687	0	0	-2.51163	-0.0539	0	0	0	0	0	0	0.05764	2.60896	0.21179	0	2.39717	-0.71733	0	0	1.9602	1.0214	13.7151	237	0
LYS_425	-6.47726	0.61821	6.28045	-0.29477	0.04383	0.13276	3.24008	7.92892	0	0	-2.67829	0.00646	0	0	0	0	0	0	0.58721	8.27689	6.03054	2.24634	0	-0.11221	0	0	-0.8895	0.71485	25.6545	182.472	69.5276
LYS_426	-7.18527	27.1449	9.51813	-0.47038	0.14793	0.28596	4.54027	10.6127	0	0	-3.73014	0.35345	0	0	0	0	-0.00859	0	0.32612	3.29661	0.61711	2.6795	0	0.28442	0	0	-0.8895	1.13798	48.6612	144.404	107.596
LEU_427	-8.46667	7.12458	5.16502	-0.67521	1.26789	0.24614	3.28462	8.01303	0	0	-1.9585	0.08939	0	0	0	0	0	0	0.00622	7.38373	6.41575	0.96798	0	-0.22006	0	0	1.3223	2.71402	32.6802	200.263	9.73687
SER_428	-6.59238	1.09778	6.71896	-0.03495	0.00591	0.05783	3.74313	8.60324	0	0	-2.12763	-0.78272	0	0	0	0	0	0	0.08075	0.91448	0.02046	0.89402	0	0.61178	0	4.04	-0.539	2.69833	19.41	161.488	0.512343
ARG_429	-5.75255	1.81589	7.72849	-1.10636	1.05122	0.79843	3.45958	9.20293	0.00999	0.0534	-3.03873	0.42128	0	0	0	0	0	0	0.02565	4.11955	0.83341	3.28615	0	-0.02567	0	0	-0.1423	2.37628	25.1166	123.609	141.391
GLU_430	-5.70139	26.5357	7.72757	-0.40936	0.77073	0.91656	3.34059	8.07438	0.00999	0.0534	-2.9223	-0.41385	0	0	0	0	-0.00859	0	-0.01111	17.8465	9.99949	0	7.847	-0.2762	0	0	-1.6358	1.18908	72.9324	131.499	91.5011
LYS_431	-6.6413	1.14005	6.16924	-0.63295	2.37108	0.47067	3.49286	6.78973	0.09005	0.21258	-0.72425	0.01628	0	0	0	0	0	0	0.44168	3.16509	0.97114	2.19395	0	0.14875	0	0	-0.8895	1.47767	20.2628	184.926	67.0743
GLY_432	-2.0788	0.46692	2.69091	-5e-05	0	0	1.70263	3.30389	0	0	-1.86406	-0.3901	0	0	0	0	0	0	0.39473	0	0	0	0	-1.94863	0	0	1.435	0.42423	4.13668	98.3845	65.6155
ILE_433	-8.2381	6.13766	3.61169	-0.48753	0.73361	0.10195	2.36771	6.79484	0	0	-0.53167	0.22726	0.00047	0	0	0	0	0	-0.16456	1.65597	0.96474	0.69123	0	-0.91418	0	0	1.8006	1.23941	15.9911	203.124	3.87579
PRO_434	-5.24474	6.0379	4.44856	-0.14848	0.01192	0.10584	2.21643	4.9141	0	0	-1.81484	0.14304	0.00637	0	0	0	0	0	0.18399	0.53716	0.06695	0.47021	0	-0.84545	0	0	-4.6787	1.60544	8.0157	138.789	60.2109
GLU_435	-3.17763	0.54436	3.59128	-0.33832	0.08701	0.39991	1.8448	4.23898	0.06195	0.49867	-0.81679	-0.6945	0	0	0	0	0	0	-0.16545	6.50318	0.82769	0	5.6755	-0.48954	0	0	-1.6358	-0.55667	16.3986	115.458	107.542
GLU_436	-3.49972	0.96106	4.1447	-0.52068	0.59447	1.48258	1.07949	4.66375	0	0	-0.24671	-2.44334	0	0	0	0	0	0	0.337	5.23185	1.04649	0	4.18535	-0.2128	0	0	-1.6358	-0.53886	14.6288	97.9355	125.065
ASN_437	-7.59483	2.85831	6.19299	-0.18323	0.10024	0.31639	3.93567	8.18791	0.00354	0.00988	-2.21031	-0.34145	0	0	0	-0.34522	0	0	-0.00166	3.90719	0.06294	0	3.84425	-0.98158	0	0	-0.3009	-0.43589	17.0242	172.147	11.8527
ILE_438	-6.24471	1.74621	2.6328	-0.485	1.66422	0.09633	1.43338	4.68613	0.06195	0.49867	-0.48767	0.32609	0	0	0	0	0	0	-0.0706	1.51256	0.80349	0.70908	0	-0.97865	0	0	1.8006	-0.61472	9.09016	183.851	23.1486
ILE_439	-6.1974	1.57777	2.91091	-0.49275	1.84359	0.09937	2.57557	5.70002	0.00354	0.00988	-2.02941	0.11787	0	0	0	0	0	0	-0.13607	0.89615	0.326	0.57015	0	-1.01185	0	0	1.8006	-0.85159	7.71235	173.95	33.0497
TYR_440	-6.96842	3.09819	2.74649	-0.76071	0.04587	0.12676	1.87163	5.81912	0.04877	0.47705	-0.15086	-0.39631	0	0	0	0	0	0	-0.13302	3.2359	0.0994	0	3.13649	0.02667	0	0	1.7379	-0.58779	13.4731	169.813	78.1868
LEU_441	-8.36116	1.48022	3.65188	-0.53141	1.52673	0.15562	2.60145	7.21814	0.09604	0.44746	-2.51704	0.12673	0	0	0	0	0	0	-0.12024	1.07591	0.46894	0.60697	0	0.249	0	0	1.3223	-0.00246	9.49508	210	0
GLY_442	-3.58984	1.44272	3.3861	-4e-05	0	0	2.4772	4.82734	0	0	-0.75662	-0.40708	0	0	0	0	0	0	1.03317	0	0	0	0	0.65111	0	0	1.435	1.45221	11.9513	157.918	6.0815
ASP_443	-2.92732	1.20545	3.77855	-0.24747	0.14899	0.85124	1.32136	4.69287	0.0002	0.00149	0.41185	-2.25007	0	0	0	0	0	0	0.04799	3.21533	0.01125	0	3.20409	-0.27424	0	0	-1.6204	0.95315	12.5243	82.9288	102.071
THR_444	-4.09478	0.47283	5.45951	-0.13281	0.1129	0.08117	3.3234	6.53878	0.05488	0.55137	-2.35796	0.15879	0	0	0	0	0	0	-0.07555	0.50531	0.44947	0.05584	0	-0.69693	0	5.0328	-0.9333	-0.07064	14.4351	131.464	42.5362
ASP_445	-5.37082	0.56554	7.99646	-0.23268	0.08766	0.75891	3.97667	8.66336	0.07465	0.3945	-3.42763	-0.87369	0	0	0	0	-1.20844	0	0.0211	2.93582	0.48425	0	2.45157	-1.26637	0	0	-1.6204	-0.01359	14.3969	177.19	7.80955
ASN_446	-3.28128	1.34688	3.65107	-0.40838	0.08181	0.73796	1.52806	4.42147	5e-05	0.00036	0.10418	-0.20733	0	0	0	0	0	0	0.03872	8.15215	0.11138	0	8.04077	-0.94652	0	0	-0.3009	-0.90516	22.1653	96.1781	87.8219
CYS:disulfide_447	-5.85153	2.65488	4.93855	-0.0307	0	0.01147	2.18531	6.02905	0.04395	0.12113	-0.14707	-0.13909	2.85748	0	0	0	0	-0.48519	0.84917	0.83785	0.54818	0.28966	0	0.00651	0	0	4.3148	1.92111	20.9556	156	0
PRO_448	-4.56124	2.32042	3.0716	-0.12927	0.01205	0.09269	1.47973	3.51272	0	0	-1.28721	0.2241	2.85756	0	0	-0.59173	0	0	0.18683	0.16927	0.05304	0.11623	0	-1.58395	0	0	-4.6787	2.69242	3.95655	122.994	76.006
ASN_449	-2.65882	0.44176	2.85187	-0.19704	0.04654	0.34471	0.56573	3.3928	0.03416	0.22486	-0.45761	-0.95076	0	0	0	0	0	0	1.04852	3.09444	0.41219	0	2.68225	-1.30637	0	0	-0.3009	0.84407	10.1124	59.9011	124.099
HIS_450	-3.73321	0.22431	4.40793	-0.96558	0.05774	1.67054	1.45456	5.11283	0	0	-0.15233	-0.35951	0	0	0	0	0	0	0	6.88748	0.20542	0	6.68206	0	0	0	0.8406	0.86773	23.2006	84.4002	156.6