label	fa_atr	fa_rep	fa_sol	fa_intra_atr_xover4	fa_intra_rep_xover4	fa_intra_sol_xover4	lk_ball	lk_ball_iso	lk_ball_bridge	lk_ball_bridge_uncpl	fa_elec	fa_intra_elec	pro_close	hbond_sr_bb	hbond_lr_bb	hbond_bb_sc	hbond_sc	dslf_fa13	omega	fa_dun	fa_dun_dev	fa_dun_rot	fa_dun_semi	p_aa_pp	yhh_planarity	hxl_tors	ref	rama_prepro	total	BSA	SASA
GLU_1	-3.6871	17.5432	4.09998	-0.8142	1.61332	2.43852	1.88211	4.15205	0	0	1.22304	-3.0243	0	0	0	0	0	0	5.8526	6.11957	0	0	6.11957	0	0	0	-1.6358	0	41.8825	116.035	106.965
ALA_2	-2.79745	0.48881	2.44889	-0.01858	0	0	1.27741	3.63339	0.0685	0.19169	0.47175	-0.36336	0	0	0	0	0	0	-0.03245	0	0	0	0	2.67711	0	0	2.2619	4.79005	15.0977	88.0459	64.9541
PHE_3	-3.58915	0.37568	1.69026	-0.61454	0.3068	0.20494	1.32918	3.0341	0	0	0.25456	-0.33509	0	0	0	0	0	0	6.81159	17.6789	12.9659	0	4.713	0.31817	0	0	1.9602	8.68495	55.7895	100.211	136.789
SER_4	-3.5722	0.28231	4.908	-0.0482	0.01158	0.06953	2.674	5.7989	0.08462	0.33739	-0.61224	-0.63663	0	0	0	-0.14932	0	0	0.70707	0.5695	0.01176	0.55774	0	-0.28154	0	4.04	-0.539	3.7423	17.9556	123.921	38.0793
SER_5	-3.04251	0.42015	3.00767	-0.0318	0.0011	0.0237	1.63975	3.80386	0	0	-0.86366	-0.67893	0	0	0	0	0	0	0.29922	1.02809	0.28405	0.74404	0	0.46875	0	4.04	-0.539	0.45748	11.0619	88.5873	73.4127
GLU_6	-2.7856	1.41406	3.0044	-0.29628	1.49396	0.60317	0.95006	3.61286	0	0	-0.19163	-0.14942	0	0	0	-0.55405	0	0	2.15123	48.0359	41.5193	0	6.51663	0.08534	0	0	-1.6358	0.46144	104.236	87.8623	135.138
SER_7	-5.05535	2.23993	6.03945	-0.03711	0.01669	0.04978	3.24326	7.22834	0.05384	0.27043	0.80974	0.06407	0	0	0	0	0	0	0.15718	0.9636	8e-05	0.96351	0	0.28115	0	4.04	-0.539	-0.50359	20.286	150.566	11.4343
LYS_8	-4.6463	0.76388	3.39863	-0.45442	0.11934	0.2877	0.73783	4.40113	0.02716	0.12915	0.3412	0.07601	0	0	0	0	0	0	1.28502	3.77751	1.0962	2.68131	0	-0.04109	0	0	-0.8895	-0.31558	12.7752	132.75	119.25
TRP_9	-11.5344	3.28654	7.42715	-0.90452	0.11686	0.64121	2.70287	10.3899	0.01048	0.17191	-0.8437	-0.25068	0	0	0	0	0	0	-0.09294	9.59638	4.67076	0	4.92562	0.138	0	0	3.7077	0.25848	34.4176	251.772	18.2278
MET_10	-7.78632	1.61635	4.19805	-0.45958	0.27563	0.10518	2.35839	6.06286	0	0	-0.09583	-0.43653	0	0	0	0	0	0	-0.13869	6.19729	2.69904	3.49825	0	-0.16249	0	0	1.4633	0.30713	19.702	220.843	41.1571
THR_11	-4.33936	0.28338	4.68656	-0.13376	0.10696	0.07237	2.49363	5.93241	0.09281	0.53571	-2.20702	-0.13098	0	0	0	0	-0.61445	0	0.15274	0.04122	0.02279	0.01843	0	-0.31372	0	5.04702	-0.9333	-0.17323	10.6402	109.341	64.6587
GLY_12	-4.82351	1.03644	4.54929	-0.00022	0	0	2.35287	6.24852	0.07894	0.57919	-0.73438	-0.21037	0	0	0	-0.21957	0	0	-0.15174	0	0	0	0	-2.43446	0	0	1.435	-0.09826	7.60775	164	0
ASP_13	-7.20037	17.9035	8.85341	-0.25251	0.11994	0.85169	4.34203	9.90855	0.07799	0.35061	-1.89893	-1.51346	0	0	0	0	0	0	-0.12948	5.06495	0.38882	0	4.67613	-0.76464	0	0	-1.6204	-0.3768	38.781	173.379	11.6206
TRP_14	-7.66631	4.77808	5.4077	-0.78807	0.23225	0.51268	2.77959	7.46925	0.05391	0.43235	-1.36674	-0.32459	0	0	0	0	-0.61445	0	-0.05891	3.77673	0.44042	0	3.33631	0.63319	0	0	3.7077	0.42682	23.1679	137.323	132.677
GLY_15	-1.53027	0.24435	2.0231	-5e-05	0	0	0.8287	2.67503	0	0	-0.52965	-0.40987	0	0	0	0	0	0	0.45832	0	0	0	0	-1.65058	0	0	1.435	0.35249	3.89659	78.2626	85.7374
GLY_16	-3.74975	0.4527	5.04841	-9e-05	0	0	3.25593	6.3022	0	0	-2.83646	-0.36396	0	0	0	0	0	0	0.25448	0	0	0	0	-2.48263	0	0	1.435	-0.1689	7.14693	142.989	21.0108
THR_17	-4.95433	3.40126	5.10641	-0.14726	0.56319	0.09676	2.72718	6.72709	0.09546	0.75994	-1.60891	0.22459	0	0	0	0	0	0	0.66371	32.4986	32.1321	0.36646	0	0.29533	0	5.00081	-0.9333	0.54023	83.5553	105.561	68.4391
ARG_18	-12.2504	3.78185	10.8171	-0.49836	0.12896	0.26619	5.17548	13.1686	0.08585	0.51501	-4.85724	0.33205	0	0	0	-0.45988	0	0	0.10408	5.46102	2.03826	3.42276	0	-0.05034	0	0	-0.1423	0.23663	27.2753	256.314	8.6857
THR_19	-4.8728	0.28425	5.13747	-0.12976	0.07451	0.04951	2.75042	6.643	0.07799	0.35061	-0.39667	-0.28198	0	0	0	0	0	0	1.53275	4.08952	3.53102	0.5585	0	0.22119	0	5.05411	-0.9333	0.19135	23.9317	124.057	49.9428
GLU_20	-5.66644	1.23939	7.26906	-0.21369	0.07129	0.31817	3.55587	8.49526	0.056	0.40821	-2.25697	-0.61421	0	0	0	0	0	0	0.08329	4.83057	0.32065	0	4.50992	0.27998	0	0	-1.6358	1.75714	22.8077	135.046	87.9541
LEU_21	-7.24765	0.88088	5.85679	-0.535	1.78227	0.13022	3.86724	8.27788	0	0	-2.7271	0.3233	0	0	0	0	0	0	1.1621	1.27189	0.18749	1.0844	0	-0.15125	0	0	1.3223	3.10328	18.589	145.936	64.0641
LEU_22	-6.52216	1.57104	5.63665	-0.62495	6.7946	0.16923	3.00224	8.41713	0	0	-1.60634	0.34321	0	0	0	0	0	0	-0.09071	47.6397	46.3892	1.25047	0	-0.35785	0	0	1.3223	1.78147	115.115	170.391	39.6087
ASP_23	-3.83666	1.14798	5.96821	-0.10905	0.04671	0.33359	3.65306	6.85314	0	0	-1.55042	-0.17535	0	0	0	-0.0085	0	0	0.07839	2.54883	0.06966	0	2.47917	0.16209	0	0	-1.6204	0.29818	16.3386	92.3454	92.6546
LYS_24	-4.59272	0.22515	4.23217	-0.32235	0.06595	0.17106	1.8153	5.23491	0.00632	0.05883	-1.16614	-0.10921	0	0	0	0	0	0	0.5065	2.40748	0	2.40748	0	0.01118	0	0	-0.8895	-0.0824	9.98	119.924	132.076
GLY_25	-4.62063	0.88042	4.22597	-6e-05	0	0	2.94508	6.05069	0.04014	0.13231	-1.96795	-0.33349	0	0	0	0	0	0	-0.19194	0	0	0	0	-2.52464	0	0	1.435	0.11972	6.19063	161.133	2.86678
TYR_26	-7.84512	1.35401	2.9399	-0.6105	0.26504	0.33879	2.63876	6.20983	0	0	-1.45848	-0.18256	0	0	0	0	0	0	-0.03835	3.54379	0.37923	0	3.16456	-0.04812	0	0	1.7379	0.04107	12.4298	179.372	68.6283
ASP_27	-4.46683	8.36186	4.17161	-0.20682	0.06461	0.6744	2.30872	5.65954	0.05212	0.30776	-1.35246	-1.06951	0	0	0	0	0	0	0.33509	3.04057	0.30353	0	2.73703	-0.8109	0	0	-1.6204	0.01602	18.5059	150.524	34.4762
PHE_28	-4.3249	0.85233	1.62423	-0.58897	0.04479	0.30789	1.22236	3.59977	0.01104	0.06746	-0.99049	0.18441	0	0	0	-0.24031	0	0	0.0914	3.1766	0.30236	0	2.87424	-0.29819	0	0	1.9602	-0.24977	9.62643	148.417	88.5829
THR_29	-3.91291	0.46535	4.34304	-0.13824	0.1721	0.09782	2.86838	5.75561	0.00153	0.00429	-1.57684	-0.88156	0	0	0	0	0	0	0.03209	0.7237	0.02854	0.69516	0	-0.25891	0	5.06483	-0.9333	-0.50111	12.0496	142.18	31.8203
LEU_30	-6.19295	5.30764	3.01228	-0.75171	4.72664	0.22686	2.11871	5.70284	0.09107	0.46714	-1.50781	0.2489	0	0	0	0	0	0	0.07222	19.1205	17.3468	1.77378	0	0.25186	0	0	1.3223	1.30912	54.6462	145.948	64.0523
ASP_31	-4.70482	1.02943	5.53012	-0.1172	0.01428	0.35449	3.58738	7.12966	0	0	-3.33622	-0.20872	0	0	0	0	0	0	0.06882	3.69898	0.36609	0	3.33289	1.19849	0	0	-1.6204	1.73623	18.0595	141.453	43.5471
TYR_32	-8.46768	2.03489	4.91973	-0.84899	0.12584	0.15635	3.90776	8.17021	0.00049	0.00261	-3.21643	-0.44181	0	0	0	0	0	0	0.40601	4.03376	0.16865	0	3.86511	-0.29919	0	0	1.7379	-0.17451	16.0807	223.844	24.1563
VAL_33	-6.5902	1.34404	3.84929	-0.27336	0.29896	0.06106	3.28142	6.76854	0	0	-2.40081	-0.35195	0	0	0	0	0	0	0.23263	0.33101	0.02452	0.3065	0	-0.78814	0	0	2.7371	-0.22519	8.60543	165.858	16.1423
GLY_34	-4.65229	0.49469	3.69235	-0.00083	0	0	2.96387	5.41649	0	0	-2.35735	-0.35558	0	0	0	0	0	0	0.2104	0	0	0	0	2.43058	0	0	1.435	2.89003	12.1674	164	0
GLU_35	-10.1854	2.51773	12.1488	-0.2172	0.05086	0.40739	6.9121	13.0221	0	0	-5.6386	-0.36071	0	0	0	-0.82966	0	0	0.29009	10.0872	5.3018	0	4.78543	0.48132	0	0	-1.6358	2.91518	40.0527	223	0
VAL_36	-5.65574	11.8152	3.78796	-0.27097	0.38111	0.0539	3.33525	6.16702	0.02347	0.13981	-3.20057	0.05228	0	0	0	0	0	0	0.26036	0.82198	0.18439	0.63758	0	-0.78535	0	0	2.7371	0.0664	20.5511	134.853	47.1473
ALA_37	-5.75695	1.86672	2.55735	-0.02361	0	0	3.05485	5.93256	0	0	-3.03154	-0.39492	0	0	0	0	0	0	-0.05296	0	0	0	0	-0.0682	0	0	2.2619	0.14152	6.48672	153	0
GLY_38	-3.95774	0.47435	2.99522	-0.00112	0	0	2.70836	5.10603	0	1e-05	-2.61103	-0.36929	0	0	0	0	0	0	0.02253	0	0	0	0	1.91166	0	0	1.435	2.87503	10.589	150.331	13.6687
ASN_39	-6.44382	2.55853	5.0777	-0.41522	0.04903	0.81816	2.86287	7.07041	0.08284	0.63518	-1.42947	-0.87156	0	0	0	-1.43748	0	0	0.00286	6.24523	0.18844	0	6.05679	0.2304	0	0	-0.3009	2.35656	23.3365	178.622	5.37793
LEU_40	-4.76977	10.1969	3.30951	-0.4908	0.57201	0.12358	1.85658	4.74611	0.01364	0.10579	-1.65254	0.09526	0	0	0	0	0	0	-0.10235	2.52899	2.1013	0.42768	0	-0.33622	0	0	1.3223	0.11535	20.1633	129.282	80.7179
HIS_41	-3.55099	0.75553	4.27478	-0.57993	0.08269	0.38665	2.62349	5.28807	0.01364	0.10579	-1.36004	-0.81103	0	0	0	0	0	0	0.59426	3.4625	0.18038	0	3.28212	-0.898	0	0	0.8406	1.34432	16.0348	128.456	112.544
GLY_42	-2.70912	1.72848	2.18506	-0.00026	0	0	0.67822	3.42238	0.01921	0.1809	-0.65397	-0.21588	0	0	0	0	0	0	-0.05588	0	0	0	0	-2.48144	0	0	1.435	1.13133	4.66402	152.102	11.898
GLY_43	-3.78902	0.34223	3.20041	-0.00022	0	0	1.62763	5.07086	7e-05	0.0009	-0.38412	-0.15359	0	0	0	0	0	0	0.90726	0	0	0	0	-2.39777	0	0	1.435	1.35413	7.21377	160.447	3.55309
TYR_44	-6.06837	0.6546	3.75649	-0.98754	0.16246	0.44196	1.75934	5.49683	0.0024	0.00886	-1.17703	-0.26071	0	0	0	0	0	0	0.05924	2.56395	0.03771	0	2.52624	-0.36052	0	0	1.7379	1.64657	12.0004	133.828	114.172
ASN_45	-5.28421	0.79337	5.68541	-0.30531	0.30052	0.52859	2.7241	6.91941	0	0	-1.13907	-0.90864	0	0	0	-0.61807	0	0	0.48033	3.0033	0.10399	0	2.89931	0.00938	0	0	-0.3009	0.42493	15.3164	120.324	63.6756
ASP_46	-2.32173	0.08511	3.38388	-0.2273	0.08614	0.78186	1.26356	3.93731	0.0024	0.00886	-0.0754	-2.09222	0	0	0	0	0	0	1.77245	3.48401	0.16344	0	3.32056	-0.54678	0	0	-1.6204	-0.77862	10.6271	84.7271	100.273
ASP_47	-4.25391	2.93116	6.5656	-0.22187	0.01799	0.68279	3.44973	7.22551	0	0	-2.63222	-0.44869	0	0	0	-1.6337	-0.05125	0	0.30936	4.21376	0.14689	0	4.06688	-1.02598	0	0	-1.6204	-0.6043	17.1174	83.9114	101.089
LYS_48	-3.65806	0.2443	4.8199	-0.45104	0.29526	0.40874	2.24779	5.52409	0	0	-1.61846	0.61224	0	0	0	0	0	0	-0.03855	6.06041	2.28254	3.77787	0	0.07588	0	0	-0.8895	-0.02474	19.6687	105.571	146.429
THR_49	-4.97447	1.45819	4.09809	-0.19598	0.28308	0.06495	2.54706	5.7349	0.06363	0.45428	-1.55447	-0.13003	0	0	0	-0.92331	-0.15176	0	0.18069	1.68646	1.1983	0.48816	0	-0.76716	0	5.04124	-0.9333	1.3278	14.9964	123.077	50.9228
ALA_50	-3.01673	1.28439	2.08158	-0.02147	0	0	1.38057	3.47347	0	0	-1.6258	-0.40045	0	0	0	-0.25293	0	0	0.18863	0	0	0	0	-0.5679	0	0	2.2619	1.54751	6.33275	97.2619	55.7381
ARG_51	-10.0588	1.87752	10.2188	-1.08042	1.51182	0.79891	4.94837	11.4147	0	0	-4.13156	0.1205	0	0	0	-0.25293	-0.6261	0	0.38789	3.06796	0.37815	2.68981	0	-0.34298	0	0	-0.1423	-0.3938	20.3855	233.153	31.8465
TYR_52	-6.81712	12.0227	4.70388	-0.78507	0.08151	0.10333	2.66306	7.28997	0.01007	0.09865	-2.16429	-0.48242	0	0	0	0	0	0	0.47566	3.23907	7e-05	0	3.23901	-0.28779	0	0	1.7379	-0.471	24.6571	146.43	101.57
SER_53	-6.41804	2.12858	6.16396	-0.03173	0.00947	0.02801	3.87643	8.16516	0.01041	0.10525	-2.92405	-0.34623	0	0	0	0	0	0	-0.02865	9.74027	8.3134	1.42687	0	-0.38765	0	4.04	-0.539	-0.18722	33.1452	162	0
ASP_54	-6.38617	1.23074	6.67219	-0.23574	0.07751	0.83447	4.31388	8.25264	0.00049	0.00261	-3.81161	-0.6063	0	0	0	0	0	0	0.06009	3.17474	0.275	0	2.89974	-0.27255	0	0	-1.6204	0.07009	14.9314	163.61	21.3902
GLN_55	-8.1828	1.69077	6.48333	-0.3648	0.12157	0.23204	4.42771	8.37704	0	0	-3.56682	-0.18823	0	0	0	0	-1.2051	0	1.3229	5.03398	0.66543	0	4.36855	-0.19856	0	0	-0.1077	1.27581	20.1851	205.755	11.2453
PHE_56	-5.88379	1.01868	2.823	-0.52119	0.03209	0.20058	2.83314	5.06708	0	0	-2.80759	0.00956	0	0	0	0	0	0	-0.02823	3.91086	1.33055	0	2.5803	-0.44384	0	0	1.9602	0.67812	12.7595	135.169	101.831
ALA_57	-4.5584	1.57843	2.95702	-0.02599	0.00166	0	3.02715	5.50519	0.00462	0.01376	-2.13721	-0.42656	0	0	0	0	0	0	0.10162	0	0	0	0	0.70922	0	0	2.2619	0.75607	9.76849	144.957	8.043
LEU_58	-4.57031	1.13259	3.48313	-0.74838	0.44909	0.19491	3.29898	5.35966	0	0	-2.90616	0.23895	0	0	0	0	0	0	1.05523	3.3291	0.90709	2.42201	0	-0.55226	0	0	1.3223	1.07409	15.49	119.134	90.8663
GLY_59	-3.53194	1.05539	3.33645	-0.00074	0	0	2.78325	4.89369	0.00462	0.01376	-2.10581	-0.31285	0	0	0	0	0	0	0.24526	0	0	0	0	1.27546	0	0	1.435	1.83535	10.9269	158.218	5.78165
ALA_60	-4.45691	1.50983	3.25854	-0.02618	0.00312	0	2.99143	5.29178	0.06862	0.51988	-2.56615	-0.44201	0	0	0	0	0	0	0.18865	0	0	0	0	0.54019	0	0	2.2619	3.22874	12.3714	138.905	14.0953
HIS_61	-5.85668	8.76777	5.54702	-0.47484	0.20968	0.36943	3.30163	6.89271	0.0727	0.53037	-1.56454	-0.92091	0	0	0	0	0	0	0.09153	8.7508	2.19754	0	6.55326	-0.35416	0	0	0.8406	1.32893	36.2828	176.301	64.6985
LEU_62	-7.00144	2.1952	3.34693	-0.49669	0.63548	0.11136	3.19048	6.33079	0.02302	0.07297	-2.68971	0.1186	0	0	0	0	0	0	1.53394	3.22143	0.49154	2.72989	0	-0.48341	0	0	1.3223	-0.05684	14.5959	169.557	40.4435
ASP_63	-5.73672	0.7224	7.25129	-0.24223	0.10449	0.80985	4.12277	8.15318	0.02727	0.09047	-5.48977	-0.66832	0	0	0	-0.26114	0	0	-0.09357	3.89459	0.15303	0	3.74156	-1.39757	0	0	-1.6204	-0.14939	13.4118	145.354	39.6455
LEU_64	-9.736	10.2726	4.85154	-0.54597	1.15291	0.15951	3.51	8.63261	0	0	-2.55215	0.22218	0	0	0	0	0	0	-0.04739	0.75975	0.53352	0.22623	0	-0.03166	0	0	1.3223	0.18454	18.9145	194.623	15.3774
GLN_65	-6.70411	1.42229	6.88664	-0.40273	0.19999	0.2717	3.36995	8.82259	0.04078	0.40905	-2.29003	-0.55475	0	0	0	-0.27247	0	0	0.67903	5.58111	0.49212	0	5.08898	-0.05763	0	0	-0.1077	0.44224	23.3171	150.333	66.6667
LYS_66	-5.27286	0.38805	7.10795	-0.28145	0.05624	0.12346	2.76263	7.38541	0	0	-2.64357	-0.01463	0	0	0	-0.23166	0	0	0.12125	3.95806	1.4547	2.50336	0	-0.10792	0	0	-0.8895	0.54998	16.9695	126.193	125.807
ILE_67	-6.93749	13.7696	2.04327	-0.52615	1.24722	0.10634	1.84877	5.24522	0.00051	0.00588	-0.32246	-0.01715	0	0	0	0	0	0	0.21289	1.69047	0.32009	1.37038	0	-0.54992	0	0	1.8006	0.34663	21.6547	158.377	48.6233
LEU_68	-5.7563	22.2987	2.38702	-0.56897	2.07798	0.16437	1.77788	4.74713	0	0	-0.26556	0.22461	0	0	0	0	0	0	-0.14668	6.83419	4.2209	2.61329	0	0.48332	0	0	1.3223	1.11295	43.5271	115.606	94.3944
GLY_69	-2.6022	0.47772	2.7993	-5e-05	0	0	1.78695	3.90605	0	0	-0.476	-0.39719	0	0	0	0	0	0	-0.38299	0	0	0	0	-2.3433	0	0	1.435	0.13843	4.34172	109.127	54.8731
TRP_70	-7.57243	1.8303	4.09579	-0.72727	0.88288	0.42857	2.1749	6.91879	0.04078	0.40905	-0.94893	-0.55322	0	0	0	0	0	0	0.05633	5.12018	0.6397	0	4.48048	-0.00378	0	0	3.7077	-0.52307	20.4567	156.49	113.51
HIS_71	-4.29817	0.73803	5.29992	-0.52419	0.01911	0.36227	2.10753	6.47493	0.04	0.3086	0.11124	-0.6337	0	0	0	-0.42965	0	0	13.919	4.59836	0.05949	0	4.53887	-0.09826	0	0	0.8406	0.41366	33.8476	125.185	115.815
ASP_72	-4.59289	0.73196	6.72535	-0.19655	0.14806	0.7147	3.51333	7.45002	0	0	-1.23696	0.77958	0	0	0	-0.23449	0	0	0.94762	30.9208	20.7884	0	10.1324	-0.87067	0	0	-1.6204	3.90726	78.0076	140.625	44.3755
ALA_73	-5.4801	3.10138	3.18086	-0.02243	0	0	2.07136	5.92899	0.00073	0.00345	-1.38107	-0.34859	0	0	0	0	0	0	0.16418	0	0	0	0	0.2849	0	0	2.2619	4.12874	13.8943	151.88	1.12049
GLU_74	-5.99597	1.28314	6.31657	-0.21881	0.11488	0.34956	3.52602	7.30846	7e-05	0.00015	-3.46773	-0.60489	0	0	0	0	0	0	0.96381	5.36601	0.81077	0	4.55524	-0.22336	0	0	-1.6358	0.39991	18.848	189.346	33.6543
PHE_75	-8.16917	2.31227	4.85618	-0.74892	0.09906	0.03889	3.32003	7.59065	0	0	-2.20097	-0.50259	0	0	0	0	0	0	-0.02943	4.21221	0.01545	0	4.19676	-0.36799	0	0	1.9602	-0.2106	16.372	180.105	56.8952
LYS_76	-9.21948	2.60296	7.84273	-0.75139	1.38301	0.35067	4.01543	9.46822	0	0	-3.29125	0.84287	0	0	0	0	-0.25525	0	0.62791	4.77442	0.50164	4.27278	0	0.14386	0	0	-0.8895	-0.05666	22.363	220.335	31.6647
LEU_77	-6.42311	3.36661	3.89291	-0.61109	0.69621	0.14819	3.20072	6.44965	0	0	-2.98194	0.21513	0	0	0	0	0	0	0.20993	6.46625	5.48108	0.98517	0	-0.33848	0	0	1.3223	0.30866	22.3882	146.703	63.2967
ALA_78	-6.13449	7.1953	4.04368	-0.02492	0.00046	0	3.81646	7.25318	0	0	-3.93454	-0.40546	0	0	0	0	0	0	0.08078	0	0	0	0	0.56508	0	0	2.2619	0.49636	15.2138	152.23	0.76969
ILE_79	-6.11406	0.84509	3.24494	-0.47798	2.54917	0.08201	3.29117	5.75105	0	0	-3.18498	0.23873	0	0	0	0	0	0	-0.15926	4.23713	3.55174	0.68539	0	-1.04778	0	0	1.8006	0.25364	15.5466	163.21	43.7897
THR_80	-6.66674	1.78841	4.53575	-0.11512	0.05561	0.07657	3.77304	6.78738	0.00014	0.00087	-2.39677	-0.69724	0	0	0	0	0	0	3.47554	0.46468	0.07768	0.387	0	-0.41449	0	5.02167	-0.9333	-0.60984	14.6108	170.734	3.26567
GLU_81	-5.92169	1.47076	5.57313	-0.49116	2.41568	0.72367	2.8234	6.53101	0	0	-2.10249	-0.916	0	0	0	0	0	0	0.23691	20.2605	13.9905	0	6.26995	-0.029	0	0	-1.6358	-0.27752	48.9218	175.415	47.5854
ARG_82	-10.0303	3.18228	10.2771	-0.46446	0.30557	0.24968	4.89229	11.6509	0.04097	0.34602	-3.2231	0.21459	0	0	0	-0.47968	-0.86654	0	0.10161	5.93339	2.90923	3.02416	0	-0.25915	0	0	-0.1423	-0.29294	27.3693	249.337	15.6631
SER_83	-3.35615	0.63153	4.9512	-0.03236	0.01539	0.0213	3.43494	5.85774	0	0	-2.3304	-0.3712	0	0	0	0	0	0	0.85933	10.8009	9.04499	1.75589	0	-0.5591	0	4.04	-0.539	-0.55301	33.672	100.189	61.8111
GLY_84	-2.69605	1.32151	2.4378	-0.00051	0	0	1.35605	3.3015	0	0	-1.28747	-0.23842	0	0	0	-0.00519	0	0	-0.05452	0	0	0	0	-2.5256	0	0	1.435	0.27002	3.3141	119.501	44.4991
ARG_85	-5.6119	1.1291	6.21183	-0.58438	0.13343	0.36204	1.91229	6.91764	0.05571	0.20571	-1.11545	0.36779	0	0	0	0	0	0	1.1883	3.30955	0.63911	2.67044	0	-0.2325	0	0	-0.1423	0.35421	17.7706	111.131	153.869
ASN_86	-8.11585	1.2599	7.35853	-0.27245	0.225	0.46309	3.46115	9.25356	0.11351	0.73281	-1.75628	-0.91429	0	0	0	-0.39646	-0.39083	0	0.56177	3.51128	0.1925	0	3.31879	0.53535	0	0	-0.3009	-0.08389	18.7563	179.969	4.03093
LEU_87	-10.4642	7.56707	4.30463	-0.78195	7.37569	0.29631	3.06851	8.66246	0.07048	0.36291	-2.95421	0.31237	0	0	0	-0.61472	0	0	-0.01772	45.5288	43.6656	1.86325	0	-0.29381	0	0	1.3223	0.71553	109.989	210	0
SER_88	-6.35185	1.81574	6.4686	-0.03046	0.00172	0.02385	4.04309	8.25808	0.04112	0.45883	-1.6569	-0.63243	0	0	0	-0.8455	0	0	0.5082	2.41908	1.66931	0.74978	0	0.51701	0	4.04	-0.539	1.60049	22.5588	158.926	3.07406
ASN_89	-3.94789	0.39508	4.57207	-0.18372	0.02847	0.26101	1.59022	5.71388	0.00351	0.03993	-0.14025	-0.23948	0	0	0	0	0	0	1.99391	3.09695	0.51764	0	2.57932	0.59539	0	0	-0.3009	1.82284	18.398	91.3552	92.6448
ASP_90	-4.5762	0.19842	6.09121	-0.11961	0.03145	0.38055	2.62228	6.47521	0.05227	0.28429	-2.51139	0.01083	0	0	0	-0.26481	-0.47434	0	0.34064	2.65904	0.00485	0	2.65418	-0.49742	0	0	-1.6204	0.48548	12.2265	118.798	66.2025
ARG_91	-10.0458	5.85819	9.98961	-0.80762	1.19065	0.50045	4.90132	11.5416	0.05227	0.28429	-5.56664	0.23058	0	0	0	-0.76628	-0.05125	0	0.36395	15.3985	12.293	3.10551	0	-0.2818	0	0	-0.1423	1.4479	49.4961	220.747	44.2532
ILE_92	-7.90098	3.85128	2.16515	-0.59445	1.06989	0.14213	2.45589	5.79954	0	0	-1.45645	0.08138	0	0	0	0	0	0	0.83792	7.84606	3.53722	4.30883	0	-0.81164	0	0	1.8006	2.11535	25.2477	204.951	2.04937
SER_93	-5.08755	4.93009	4.95513	-0.0344	0.001	0.02072	2.61126	6.12093	0.01478	0.1572	-1.01432	-0.52137	0	0	0	-0.06554	0	0	5.38964	1.31547	0.68109	0.63437	0	-0.00072	0	4.04	-0.539	-0.27708	23.3317	154.762	7.23766
ASP_94	-7.18258	1.56567	8.6685	-0.15791	0.01918	0.47475	4.6166	9.83563	0	0	-4.35865	-1.0107	0.00041	0	0	-0.83512	-0.61952	0	-0.14328	4.93214	1.17408	0	3.75806	-0.40446	0	0	-1.6204	1.79252	20.5049	184.392	0.60815
PRO_95	-3.05569	0.46922	1.85544	-0.0884	0.00222	0.05598	0.67802	1.80745	0	0	0.28634	0.64038	0.00192	0	0	0	0	0	-0.01805	1.25644	0.48447	0.77197	0	-0.8521	0	0	-4.6787	2.38217	1.99909	73.2168	125.783
ARG_96	-7.16897	1.70595	8.37425	-0.88488	0.47587	0.64802	5.09281	8.88217	0.04602	0.35868	-5.82843	0.52371	0	0	0	-1.40645	-0.61952	0	-0.03454	37.3922	31.4632	5.92896	0	-0.27122	0	0	-0.1423	-0.21565	84.3198	178.336	86.6638
ALA_97	-4.12851	0.32804	2.70134	-0.02783	0.01155	0	1.46108	4.65735	0	0	-1.22706	-0.44847	0	0	0	0	0	0	0.33158	0	0	0	0	-0.2712	0	0	2.2619	2.31194	7.9617	142.59	10.4096
GLY_98	-2.28792	4.56103	2.37557	-0.00028	0	0	0.85977	3.30034	0.04147	0.2083	-0.38743	-0.20726	0	0	0	0	0	0	-0.1398	0	0	0	0	0.43855	0	0	1.435	2.54354	12.7409	119.028	44.972
GLN_99	-8.67494	1.92284	7.53703	-0.34162	0.14785	0.18874	3.71075	9.58456	0.04747	0.2123	-0.82872	0.03532	0	0	0	-0.06554	-0.02441	0	-0.13221	4.40067	0.65289	0	3.74778	0.32213	0	0	-0.1077	0.02839	22.3636	195.935	21.0647
PHE_100	-6.92368	1.07768	2.59456	-0.58451	0.04922	0.26473	1.94606	5.35761	0.00045	0.0013	-0.57375	0.10112	0	0	0	-1.07517	0	0	1.74879	3.66389	0.00433	0	3.65956	-0.38715	0	0	1.9602	1.09951	13.9848	185.938	51.0622
SER_101	-6.2944	1.07947	6.19384	-0.02521	0.00187	0.02782	3.09391	7.613	0.03903	0.27821	-0.20592	-0.08047	0	0	0	-0.7053	0	0	0.52243	3.36432	0.40973	2.95459	0	-0.48891	0	4.04	-0.539	2.81211	24.0911	160.176	1.82445
SER_102	-5.41475	1.10983	5.89811	-0.03815	0.07732	0.05712	3.31084	7.27777	0.03557	0.3923	-1.02153	0.19325	0	0	0	0	-0.39083	0	0.6008	3.04056	2.49587	0.54469	0	-0.4806	0	4.04	-0.539	2.15668	23.3458	147.652	14.348
VAL_103	-7.67959	3.35284	2.41548	-0.31473	0.37709	0.06343	2.74522	6.02651	0.03327	0.22048	-2.00528	0.05869	0	0	0	-1.90571	0	0	0.22228	0.39598	0.00151	0.39447	0	1.19889	0	0	2.7371	1.03619	9.3741	182	0
GLN_104	-10.3452	2.37434	9.17764	-0.283	0.06616	0.27753	5.2343	11.772	0.08867	0.63664	-2.93407	-0.72324	0	0	0	-0.61472	0	0	0.05918	6.0438	1.3856	0	4.65819	-0.03127	0	0	-0.1077	2.51817	29.253	217	0
GLU_105	-8.06583	1.92713	10.4712	-0.69494	0.48482	1.53782	4.59556	10.7453	0	0	-0.32607	-0.34553	0	0	0	0	0	0	0.35345	7.07918	0.02462	0	7.05456	-0.37785	0	0	-1.6358	2.49538	35.3229	207.796	15.2038
VAL_106	-7.58909	2.26386	5.58223	-0.38294	0.7756	0.10399	2.29708	8.43004	0.04892	0.63864	-1.56537	-0.35092	0	0	0	-0.82966	0	0	-0.03632	2.54684	1.17948	1.36737	0	0.85472	0	0	2.7371	0.72591	18.7975	180.463	1.53703
TRP_107	-8.72138	2.79756	6.03735	-1.29003	0.66783	0.31336	2.64156	8.7369	0.00247	0.05582	-1.27901	-0.86377	0	0	0	0	0	0	1.52961	3.46007	0.00022	0	3.45985	-0.4386	0	0	3.7077	-0.67718	20.1403	176.531	93.4688
GLY_108	-3.60061	1.13182	3.8835	-0.00077	0	0	2.16146	5.10011	0.02924	0.30714	-1.03025	-0.24717	0	0	0	-1.21205	0	0	0.03784	0	0	0	0	-2.52559	0	0	1.435	-0.28079	5.18889	157.852	6.14812
ARG_109	-5.48925	2.35047	4.49927	-0.74364	0.36798	0.43624	2.21551	5.63348	0.04222	0.28954	-1.43991	0.13534	0	0	0	-0.97536	0	0	2.67658	5.52183	2.59641	2.92542	0	0.41921	0	0	-0.1423	1.70911	23.0282	192.005	72.9952
GLY_110	-2.19403	0.38792	2.06286	-7e-05	0	0	0.77409	2.93852	0	0	0.38965	-0.32375	0	0	0	0	0	0	-0.3163	0	0	0	0	-2.52151	0	0	1.435	1.31084	3.94322	126.002	37.9983
GLN_111	-6.66259	1.15457	6.29162	-0.69687	0.1568	0.83875	2.76803	8.1807	0.01754	0.30923	-0.87695	-1.27668	0	0	0	-0.73756	0	0	-0.18327	9.0229	3.08737	0	5.93553	-0.30364	0	0	-0.1077	0.39299	27.3108	170.405	46.5952
THR_112	-3.76264	1.84468	3.90887	-0.09632	0.27103	0.03799	1.78592	5.02905	0.00222	0.01754	-0.64506	-0.7303	0	0	0	0	0	0	-0.01529	38.3992	37.6489	0.75029	0	-1.06118	0	5.01794	-0.9333	2.23651	89.706	112.821	61.1793
TRP_113	-5.61964	2.89075	2.49589	-0.73482	0.0917	0.3356	0.75775	4.01997	0	0	-0.52058	-0.12585	0	0	0	0	0	0	-0.09097	3.0659	0.09033	0	2.97556	-0.06721	0	0	3.7077	1.469	14.7411	114.096	155.904
ARG_114	-9.86009	4.79059	9.02535	-0.57887	0.66526	0.3038	5.01152	11.5374	0.02124	0.11701	-4.98455	0.22882	0	0	0	-0.14105	0	0	2.53359	8.29563	5.14721	3.14842	0	-0.35366	0	0	-0.1423	-0.87128	33.8941	253	12.0002
LEU_115	-6.84259	1.01641	3.51512	-0.6525	1.14061	0.18436	2.20037	5.9397	0	0	-1.30008	0.27127	0	0	0	0	0	0	2.9216	2.89025	2.27163	0.61861	0	-0.18987	0	0	1.3223	0.196	15.5032	196.392	13.6083
THR_116	-7.45325	1.34282	4.71207	-0.21578	0.2424	0.0808	2.47708	7.18099	0.01701	0.08705	-0.72167	-0.71264	0	0	0	0	0	0	2.86601	1.90636	1.09647	0.80989	0	-0.6093	0	5.01113	-0.9333	0.66927	17.8534	172.784	1.2163
GLN_117	-8.75814	6.81828	7.30467	-0.25178	0.07276	0.20683	5.53	9.69605	0	0	-4.29457	-0.7262	0	0	0	0	-0.39531	0	1.367	4.85538	0.28767	0	4.56771	-0.25948	0	0	-0.1077	0.68082	26.594	203.814	13.1856
MET_118	-6.1188	1.56494	2.97054	-0.55974	0.29075	0.2028	2.9658	5.05472	0	0	-2.98875	-0.22268	0	0	0	0	0	0	-0.07136	2.45657	0.11797	2.33859	0	0.89476	0	0	1.4633	3.00363	13.363	216.652	45.3483
TRP_119	-12.245	2.55098	7.95863	-1.4413	1.42856	0.86726	4.73251	10.9073	0	0	-2.73391	-0.33364	0	0	0	0	-0.35176	0	-0.0075	4.06642	0.47371	0	3.59271	-0.18892	0	0	3.7077	2.62808	25.6118	256.324	13.6758
ILE_120	-5.45726	1.22858	3.24052	-0.5745	2.48981	0.11231	2.82927	5.21386	0	0	-2.59751	0.40858	0	0	0	0	0	0	0.31586	3.83738	2.21651	1.62087	0	-0.43252	0	0	1.8006	0.26457	16.5169	145.344	61.6557
LYS_121	-7.85434	2.55278	7.97919	-0.53742	0.23487	0.2631	4.46043	8.29187	0.03501	0.22738	-2.99592	0.15185	0	0	0	0	0	0	0.08663	7.87485	3.8772	3.99764	0	-0.14696	0	0	-0.8895	0.40713	28.0158	222.837	29.1635
GLN_122	-7.07959	2.12182	6.06047	-0.2712	0.03432	0.1058	4.55356	7.97508	0	0	-3.84735	-0.07888	0	0	0	-0.42965	0	0	0.11053	5.33318	0.88753	0	4.44565	-0.01435	0	0	-0.1077	0.2916	20.0908	169.462	47.5378
LYS_123	-5.73058	2.20751	5.33094	-0.3646	0.15357	0.19976	2.01318	6.01009	0.04	0.3086	-1.37639	0.12767	0	0	0	0	0	0	0.24746	13.5643	10.4779	3.08646	0	-0.11802	0	0	-0.8895	-0.25495	35.0334	188.043	63.9569
TYR_124	-7.07507	1.78905	4.9841	-0.6036	0.04203	0.3667	3.68304	7.54916	0	0	-1.64498	-0.15404	0	0	0	0	0	0	0.0553	3.75792	0.56418	0	3.19375	-0.48806	0	0	1.7379	-0.43093	17.3265	147.274	100.726
PHE_125	-3.20421	0.6985	2.19018	-0.62381	0.07481	0.38433	1.15303	3.41686	0	0	-0.49397	-0.27832	0	0	0	0	0	0	-0.12915	2.45444	0.02548	0	2.42896	0.65705	0	0	1.9602	1.27196	11.9863	95.7636	141.236
ASP_126	-1.34722	0.28687	1.75437	-0.13025	0.18865	0.40826	0.47898	2.30336	0	0	0.36077	-0.67547	0	0	0	0	0	0	-0.09616	6.61588	1.6787	0	4.93718	-0.97418	0	0	-1.6204	1.59596	15.7653	41.1915	143.809
GLY_127	-2.82413	1.57817	3.12327	-5e-05	0	0	1.18718	4.19535	0	0	-0.3485	-0.39427	0	0	0	-0.34838	0	0	0.48805	0	0	0	0	-1.9735	0	0	1.435	-0.65507	5.46314	146.294	17.7056
ALA_128	-4.58591	0.76554	4.17314	-0.02132	0	0	3.72189	6.43115	0	0	-2.50637	-0.34569	0	0	0	0	0	0	0.39677	0	0	0	0	0.23607	0	0	2.2619	-0.48757	10.0396	133.012	19.9884
LEU_129	-5.46937	1.16085	3.80341	-0.46106	0.81979	0.08657	3.01469	5.87828	0	0	-2.06605	0.0638	0	0	0	0	0	0	0.64719	1.74497	0.55482	1.19015	0	-0.37858	0	0	1.3223	0.03848	11.9502	140.045	69.9548
ASP_130	-6.98931	12.9301	9.60532	-0.20331	0.07293	0.63476	4.4072	10.1002	0.08669	0.70632	-4.86418	-1.12047	0	0	0	0	0	0	0.36365	4.57395	1.09028	0	3.48367	-0.64534	0	0	-1.6204	-0.21445	32.3976	184.392	0.60815
VAL_131	-4.95509	0.74935	3.68024	-0.26936	0.34068	0.05502	3.40419	5.83728	0	0	-2.44866	-0.05451	0	0	0	0	0	0	0.42947	0.43064	0.00877	0.42187	0	-1.12265	0	0	2.7371	-0.44503	8.79931	133.634	48.366
LYS_132	-10.3906	2.90197	10.8043	-0.41247	0.15272	0.22526	5.58286	11.2132	0.02521	0.13148	-7.34653	0.01495	0	0	0	0	-1.48282	0	0.37674	3.56232	0.82416	2.73816	0	0.10326	0	0	-0.8895	-0.04056	18.0941	246.41	5.5899
PHE_133	-5.55826	0.52842	3.17402	-0.82656	0.11383	0.09828	3.06313	5.56914	0	0	-2.42589	-0.60254	0	0	0	0	0	0	0.03552	3.93177	0.57226	0	3.3595	-0.22313	0	0	1.9602	0.2775	13.0472	146.271	90.7289
GLY_134	-4.63479	1.08766	3.52242	-0.00091	0	0	2.70472	5.6705	0.00656	0.02757	-2.03134	-0.34955	0	0	0	0	0	0	0.06975	0	0	0	0	-2.52913	0	0	1.435	2.45407	7.43254	162.975	1.02469
ARG_135	-12.5412	6.53614	11.039	-0.67273	0.36741	0.36237	5.78746	13.8559	0.01912	0.11479	-4.90514	0.10506	0	0	0	0	-0.08146	0	0.02311	5.32771	1.25079	4.07692	0	0.09583	0	0	-0.1423	2.50774	33.1265	259.4	5.5996
PHE_136	-10.1828	2.2751	4.85508	-0.83112	0.38644	0.50768	2.26519	8.18673	0.00656	0.02757	-1.6643	-0.28586	0	0	0	0	0	0	0.01058	3.73231	1.22261	0	2.50969	-0.40369	0	0	1.9602	1.19608	15.7741	237	0
GLY_137	-3.58317	0.42468	3.23421	-0.0005	0	0	1.84241	4.62288	0.08442	0.40727	-1.70909	-0.24376	0	0	0	0	0	0	0.63084	0	0	0	0	0.66227	0	0	1.435	1.99629	9.80374	162.66	1.34041
GLU_138	-8.82231	3.05347	8.28172	-0.41761	0.12547	1.26866	4.71587	9.92566	0.14317	1.10783	-3.4302	-2.52794	0	0	0	-0.14255	0	0	0.47564	5.2346	0.23257	0	5.00204	-0.49876	0	0	-1.6358	0.45906	22.5506	223	0
GLY_139	-3.92963	1.09795	4.06672	-5e-05	0	0	2.1737	5.53022	0.05114	0.38991	-0.31417	-0.41795	0	0	0	0	0	0	-0.19789	0	0	0	0	0.72022	0	0	1.435	0.03238	10.6376	152.052	11.9481
GLU_140	-5.06962	1.38968	8.65245	-0.35491	0.15246	0.41906	4.5397	8.82449	0	0	-4.23725	-0.57384	0	0	0	0	-1.18629	0	0.4224	6.97312	0.48782	0	6.48531	-0.55501	0	0	-1.6358	-0.20301	24.5307	174.391	48.6089
ASP_141	-6.02654	1.45102	8.94144	-0.11008	0.00025	0.35766	4.36503	9.48859	0.15361	0.94238	-5.54689	0.13406	0	0	0	-0.26122	-0.99863	0	-0.00291	5.653	0.00039	0	5.65261	0.61078	0	0	-1.6204	1.21021	24.3944	171.746	13.2543
PHE_142	-11.8597	4.27789	5.3422	-0.59493	0.10526	0.32429	2.93785	9.10732	0	0	-1.15685	0.19471	0	0	0	0	0	0	0.65529	2.90786	0.2446	0	2.66326	-0.35302	0	0	1.9602	1.3459	18.1021	237	0
ASN_143	-8.11456	1.33723	6.67656	-0.47127	0.29336	0.93806	3.44603	8.93714	0.16969	1.00948	-3.1893	-0.31948	0	0	0	-1.14367	-0.13955	0	0.79535	8.33335	2.2277	0	6.10565	-1.44731	0	0	-0.3009	-0.57312	24.5705	184	0
SER_144	-4.20221	0.82509	5.47204	-0.0356	0.01395	0.02373	2.10231	6.50356	0.00016	0.0014	-0.10151	-0.59664	0	0	0	0	0	0	-0.05324	1.71838	1.14244	0.57594	0	0.16171	0	4.04	-0.539	-0.6578	16.3947	140.893	21.1066
PHE_145	-7.72586	2.41012	2.93784	-0.58294	0.04173	-0.01036	2.23256	5.57605	0	0	-0.62525	-0.47	0.14501	0	0	0	0	0	0.49429	3.56001	0.08577	0	3.47424	-0.2078	0	0	1.9602	2.32838	15.624	217.246	19.7544
PRO_146	-3.56862	1.3838	2.55994	-0.10671	0	0.07861	1.69204	3.04903	0.00096	0.01097	-0.97293	0.41445	0.14577	0	0	0	0	0	0.41544	1.00887	0.10588	0.90299	0	-1.5758	0	0	-4.6787	4.40865	5.27465	134.7	64.3003
CYS:disulfide_147	-3.86427	0.74316	4.02935	-0.06949	0.0848	0.07864	1.64853	4.78327	4e-05	0.00017	-0.48797	-0.37379	0	0	0	0	0	-0.11362	0.42397	1.41796	0.31657	1.10139	0	-0.50803	0	0	4.3148	3.10167	16.6271	112.399	43.6009
ASP_148	-4.52827	0.85582	5.79098	-0.11163	0.05326	0.35365	1.81925	6.40621	0.02832	0.30785	-0.708	0.04079	0	0	0	0	-0.26942	0	0.58323	4.14508	1.10376	0	3.04132	-0.35782	0	0	-1.6204	1.56236	18.4963	145.084	39.9162
PHE_149	-10.2043	4.86674	4.53373	-0.53382	0.05037	0.21346	2.18098	7.76343	0	0	-2.23683	0.362	0	0	0	0	0	0	-0.03529	3.29046	0.10706	0	3.1834	0.68683	0	0	1.9602	0.66981	16.8582	229.453	7.5468
GLN_150	-10.7071	2.79483	10.8503	-0.39131	0.09151	0.25004	5.647	12.4078	0.09948	0.60174	-4.20374	-0.58328	0	0	0	-1.20914	-0.25643	0	-0.04564	6.25668	0.95456	0	5.30212	-0.24198	0	0	-0.1077	0.69019	28.1999	217	0
ASN_151	-8.78959	1.84876	8.63131	-0.26395	0.04226	0.40428	5.13486	10.9618	0	0	-3.29427	-0.51885	0	0	0	-1.34457	-1.62917	0	0.42101	3.16537	0.13379	0	3.03159	0.12513	0	0	-0.3009	-0.13608	17.6228	184	0
LEU_152	-7.62021	1.87022	5.76156	-0.75283	3.31427	0.31796	4.03099	8.17655	0	0	-1.01217	0.18572	0	0	0	0	0	0	-0.1418	31.5389	29.2737	2.26521	0	-0.28393	0	0	1.3223	0.42379	78.6703	163.62	46.38
ALA_153	-5.91907	0.64264	2.7541	-0.02517	0.00188	0	2.69918	6.18878	0.00358	0.0353	-1.76735	-0.41106	0	0	0	-1.23218	0	0	-0.20211	0	0	0	0	-0.29789	0	0	2.2619	0.96551	5.69802	153	0
PHE_154	-11.528	6.47065	3.26928	-0.66572	0.07543	0.43917	2.18263	8.53323	0	0	-1.735	0.14218	0	0	0	0	0	0	0.15761	3.93819	1.32112	0	2.61707	-0.26995	0	0	1.9602	0.3489	17.257	237	0
CYS:disulfide_155	-6.02074	0.45298	4.77775	-0.06856	0.02577	0.07556	2.4809	6.32024	0	0	-0.789	-0.45703	0	0	0	0	0	-0.11362	2.42473	12.2136	12.0193	0.19427	0	-0.41691	0	0	4.3148	0.70439	38.1384	145.624	10.3758
GLY_156	-3.36065	0.66291	3.88006	-0.00033	0	0	1.92247	5.03403	0.00096	0.01097	-1.93089	-0.19999	0	0	0	-0.36073	0	0	-0.04768	0	0	0	0	-2.49536	0	0	1.435	0.65342	5.20419	141.2	22.8005
SER_157	-6.1534	0.71008	6.44787	-0.04549	0.07411	0.06948	3.58446	8.0868	0	0	-0.88632	0.21251	0	0	0	-0.4631	-0.13955	0	-0.0575	0.92959	0.39155	0.53804	0	0.66745	0	4.04	-0.539	0.50874	17.9763	156.791	5.20864
GLN_158	-9.60862	1.61969	9.32486	-0.74407	0.34983	0.91955	5.28003	12.1081	0.03669	0.17574	-2.94683	-0.43903	0	0	0	-0.36073	-0.29403	0	1.24735	4.32849	0.63145	0	3.69704	-0.3559	0	0	-0.1077	0.30165	25.1636	215.975	1.02469
VAL_159	-8.10218	1.8948	2.90003	-0.30211	0.28466	0.06858	2.54456	6.74676	0	0	-1.22307	-0.13931	0	0	0	-0.69901	0	0	0.58725	0.86425	0.1735	0.69076	0	0.19764	0	0	2.7371	0.22147	9.44566	182	0
GLY_160	-4.72014	4.63571	4.46263	-4e-05	0	0	1.68444	6.56258	0.04105	0.26461	-0.30453	-0.40871	0	0	0	0	0	0	-0.18604	0	0	0	0	0.8168	0	0	1.435	0.86747	15.1508	158.527	5.47335
ASN_161	-7.34478	2.48901	5.68727	-0.17377	0.03585	0.2546	2.93492	8.65755	0	0	-1.66318	-0.22032	0	0	0	0	-0.29403	0	0.52927	2.41591	0.12621	0	2.2897	0.4898	0	0	-0.3009	1.34385	17.257	151.476	32.5235
TRP_162	-11.9269	8.4226	3.67295	-1.23336	1.95155	0.85327	3.60113	8.42931	0.01154	0.06457	-0.76396	-0.14698	0	0	0	-0.16913	0	0	3.12539	7.48553	3.28827	0	4.19726	0.03785	0	0	3.7077	0.62723	35.2358	257.45	12.5497
VAL_163	-6.9246	2.28269	4.1085	-0.38388	1.6791	0.09626	3.96721	7.19556	0	0	-2.43165	-1.01421	0	0	0	0	0	0	0.0668	7.85662	3.46275	4.39386	0	0.47037	0	0	2.7371	1.32576	28.8882	171.241	10.7592
GLY_164	-3.62685	0.78067	3.95483	-5e-05	0	0	2.56478	5.60315	0	0	-1.35528	-0.41378	0	0	0	-0.94099	0	0	0.39693	0	0	0	0	0.34861	0	0	1.435	2.99822	11.7452	146.008	17.9919
GLY_165	-2.04822	0.99709	2.02388	-5e-05	0	0	0.738	2.99275	0.00586	0.07408	0.61295	-0.40367	0	0	0	0	0	0	0.16762	0	0	0	0	1.01296	0	0	1.435	1.6904	9.29865	101.17	62.8304
ILE_166	-7.4102	3.44589	3.04425	-0.5278	1.13439	0.11513	1.8818	5.82972	0.04801	0.27655	0.19571	0.21568	0	0	0	0	0	0	-0.12059	0.81158	0.07927	0.73231	0	0.16388	0	0	1.8006	1.70505	13.4212	190.855	16.1447
TRP_167	-13.1642	5.0701	5.58744	-0.81359	1.02491	0.44323	2.37832	10.112	0.00274	0.00969	-0.97609	-0.57974	0	0	0	0	-0.62373	0	0.5542	5.5721	0.54893	0	5.02317	0.04193	0	0	3.7077	1.4297	25.3488	270	0
TYR_168	-10.9332	3.76601	5.45009	-0.6348	0.35107	0.3977	3.25862	9.74632	0.04247	0.12411	0.05503	-0.25316	0	0	0	-0.14255	0	0	1.4743	6.75738	1.3475	0	5.40988	-0.27532	0	0	1.7379	0.93726	28.6166	246.622	1.37784
ASN_169	-5.85498	3.08854	5.69673	-0.17045	0.01093	0.22745	3.47643	7.40391	0.04762	0.2983	-2.30296	-0.11057	0	0	0	-0.4631	-0.62373	0	6.48757	3.14336	0.42012	0	2.72324	0.21428	0	0	-0.3009	1.51069	24.9225	153.992	30.0078
TRP_170	-6.53375	2.45563	1.95369	-0.90416	1.34719	0.50532	1.51621	4.5108	0.04097	0.34602	0.12877	-0.60944	3.14085	0	0	0	-0.33856	0	2.6213	5.00089	0.51232	0	4.48857	-0.22334	0	0	3.7077	4.31584	27.9828	209.507	60.4925
PRO_171	-7.15514	3.62399	3.98483	-0.1471	0.14953	0.09359	1.3033	4.25125	0.01209	0.07789	-0.13829	0.52892	3.1647	0	0	0	0	0	0.70101	0.62396	0.61376	0.0102	0	1.82285	0	0	-4.6787	5.73704	14.5797	198.488	0.512343
VAL_172	-7.06406	1.2374	2.75902	-0.25828	0.23677	0.04886	1.99998	5.82404	0	0	-0.94282	0.23469	0	0	0	0	0	0	0.49881	0.67635	0.42454	0.2518	0	-0.47712	0	0	2.7371	1.66718	9.85426	181.488	0.512343
SER_173	-5.70947	3.4651	4.90283	-0.04767	0.07845	0.07171	2.20017	6.21581	0.00027	0.00545	-0.70622	-0.6312	0	0	0	0	0	0	0.04929	2.65539	1.88178	0.77361	0	-0.20938	0	4.04	-0.539	-0.40131	18.0956	155.546	6.45384
GLN_174	-8.78333	3.93207	8.30338	-0.40636	0.16099	0.53847	4.76297	10.3715	0.11282	0.59006	-1.2338	-0.5307	0	0	0	0	0	0	0.07407	15.1635	10.7613	0	4.40214	0.04831	0	0	-0.1077	0.44348	48.6032	217	0
TRP_175	-8.39296	1.10188	6.02387	-0.87407	0.16203	0.25735	4.06554	8.39174	0	0	-5.11424	-0.14952	0	0	0	-1.17967	0	0	0.26139	2.59211	0.21517	0	2.37694	-0.08294	0	0	3.7077	-0.16918	13.1931	192.831	77.1685
ALA_176	-5.09507	1.04295	2.3065	-0.02139	0	0	3.06085	5.52339	0	0	-2.35732	-0.39025	0	0	0	0	0	0	0.06113	0	0	0	0	-0.86467	0	0	2.2619	-0.77374	4.75429	147.805	5.19466
LEU_177	-4.50991	0.51943	2.59798	-0.56807	0.57454	0.13296	2.51864	4.75255	0	0	-2.44889	0.24369	0	0	0	0	0	0	-0.07771	1.55221	0.48514	1.06707	0	-0.19996	0	0	1.3223	-0.01216	7.94979	124.505	85.4949
ARG_178	-10.7566	4.22674	11.2396	-1.55084	0.81674	1.69209	4.40051	11.7967	0.13094	1.02586	-4.48094	-0.82791	0	0	0	0	-0.21027	0	-0.12889	18.5791	15.4642	3.11487	0	-0.00819	0	0	-0.1423	0.35388	54.7352	260.969	4.03093
VAL_179	-4.42534	0.52685	2.84738	-0.26237	0.2935	0.05209	2.57459	4.85218	0	0	-2.1324	-0.04719	0	0	0	0	0	0	1.15267	0.49158	0.00016	0.49142	0	-1.18201	0	0	2.7371	-0.16863	7.80159	129.474	52.5258
LYS_180	-8.41178	13.2803	7.61926	-0.52816	0.14194	0.23616	3.43761	8.1184	0.0806	0.496	-2.92757	0.14161	0	0	0	0	0	0	-0.03596	6.67842	2.78773	3.8907	0	0.15728	0	0	-0.8895	-0.30819	33.9648	208.631	43.3689
TYR_181	-7.23179	1.87123	3.56962	-0.73103	0.47924	0.17798	2.92569	6.51936	0.00138	0.03599	-2.70185	-0.25323	0	0	0	0	0	0	1.64349	5.37173	0.52979	0	4.84194	-0.13025	0	0	1.7379	0.3213	18.9785	159.85	88.1497
ASN_182	-5.40661	0.82176	4.87062	-0.2043	0.02185	0.32523	2.78318	6.62218	0.11926	0.89009	-2.08829	-0.58123	0	0	0	-0.34838	0	0	-0.10001	4.25776	0.06926	0	4.1885	-0.94968	0	0	-0.3009	-0.10301	14.8873	149.891	34.1093
ILE_183	-5.22728	1.33197	1.90461	-0.51756	1.11091	0.10473	1.01799	3.63088	0.00575	0.05009	-0.45679	-0.1527	0	0	0	0	0	0	1.02943	2.93515	0.6735	2.26165	0	0.05462	0	0	1.8006	-0.27215	11.2854	144.809	62.191
THR_184	-4.89503	10.4083	3.83328	-0.18556	0.29374	0.06562	2.80578	5.71771	0.00437	0.0141	-0.11293	-0.35027	0.78901	0	0	0	0	0	0.03297	15.0955	13.1193	1.97624	0	0.10772	0	4.98294	-0.9333	2.98597	55.7555	129.724	44.2762
PRO_185	-1.54984	0.95545	0.48668	-0.07389	0	0.04558	0.31142	0.88451	0	0	0.42434	0.56532	0.7901	0	0	0	0	0	-0.26415	0.67384	0.17334	0.5005	0	-1.20032	0	0	-4.6787	3.63084	1.67502	47.3881	151.612
ALA_186	-3.85294	9.36464	2.39556	-0.02796	0.02558	0	2.30657	4.49105	0	0	-1.61343	-0.43501	0	0	0	0	0	0	0.43037	0	0	0	0	0.86143	0	0	2.2619	1.29535	17.5031	124.446	28.554
PHE_187	-7.46405	2.22763	3.76076	-0.7522	0.07565	0.07323	3.12745	6.81479	0	0	-1.73842	-0.54097	0	0	0	0	0	0	0.42589	2.51486	0.04447	0	2.47039	-0.4853	0	0	1.9602	1.4428	13.9572	193.646	43.3543
PHE_188	-8.56637	1.97836	4.17312	-0.88464	0.14448	0.48246	3.22955	7.24813	0	0	-2.83572	-0.12688	0	0	0	0	0	0	0.0985	2.48727	0.08829	0	2.39898	-0.68857	0	0	1.9602	0.73752	11.9247	198.173	38.8266
VAL_189	-5.40545	0.70969	2.45619	-0.31436	0.37414	0.0675	2.80202	5.12408	0	0	-2.52774	-0.35848	0	0	0	0	0	0	0.13418	0.60823	0.14233	0.4659	0	-0.57782	0	0	2.7371	-0.43886	5.99865	126.403	55.5975
GLN_190	-8.49933	1.18798	6.45335	-0.41663	0.23006	0.32731	4.20057	8.08115	0.11259	0.94894	-3.94996	-0.91127	0	0	0	-0.26122	-0.60103	0	0.05066	4.5812	0.18633	0	4.39487	0.05029	0	0	-0.1077	0.72738	16.7856	212.394	4.60609
VAL_191	-4.85382	1.33974	2.79096	-0.34364	0.351	0.07961	2.69515	4.70895	0	0	-2.41895	-0.05722	0	0	0	0	0	0	0.00842	2.14702	0.76767	1.37935	0	-0.1271	0	0	2.7371	0.98213	12.1864	121.274	60.7256
GLY_192	-4.18018	2.16411	2.64705	-0.0013	0	0	2.00527	4.22059	0	0	-1.31617	-0.33985	0	0	0	0	0	0	0.40368	0	0	0	0	0.57099	0	0	1.435	1.00961	8.6188	160.717	3.28331
ALA_193	-3.21022	0.34784	2.75894	-0.02621	0.00386	0	2.5508	4.29487	0.03617	0.13311	-2.19838	-0.45187	0	0	0	0	0	0	-0.12352	0	0	0	0	0.62922	0	0	2.2619	2.39504	9.40155	103.876	49.1243
PHE_194	-9.88186	2.69442	3.82838	-0.59155	0.41723	0.30708	3.23795	7.48578	0	0	-3.64471	-0.01062	0	0	0	0	0	0	1.81619	3.27976	0.01063	0	3.26913	-0.09638	0	0	1.9602	1.02531	15.1069	235.832	1.1684
GLU_195	-6.32873	0.43871	7.81882	-0.38953	0.99302	0.6105	4.35224	8.24351	0.0601	0.38869	-5.2776	-0.2403	0	0	0	-0.63443	-0.55092	0	-0.21266	10.6267	6.3133	0	4.31337	-0.11204	0	0	-1.6358	-0.47684	28.3001	200.923	22.077
GLN_196	-8.44912	1.28664	6.75428	-0.90676	0.74252	0.87031	3.3426	8.44817	0.06146	0.5109	-1.56003	-1.37409	0	0	0	0	0	0	3.13012	21.7414	16.3368	0	5.4046	0.37683	0	0	-0.1077	0.13315	56.742	212.513	4.48744
ASN_197	-8.58387	1.52401	8.91818	-0.34054	0.25536	0.69352	4.48105	10.9436	0.04974	0.30877	-2.60194	-0.76294	1.34345	0	0	-0.34459	-0.55092	0	0.03694	2.39126	0.0678	0	2.32346	-1.36158	0	0	-0.3009	3.21968	21.7096	184	0
PRO_198	-5.11462	1.99205	3.71407	-0.07527	0	0.04701	2.28759	4.05428	0	0	-1.04865	0.6067	1.34679	0	0	0	0	0	-0.30755	0.8147	0.44448	0.37022	0	-1.21231	0	0	-4.6787	3.58306	6.82386	144.34	54.66
SER_199	-5.08516	1.86615	6.07142	-0.04144	0.07264	0.05954	3.26391	7.01459	0.01266	0.05195	-0.74422	-0.04368	0	0	0	0	0	0	1.72571	3.17733	2.95896	0.21837	0	-0.34602	0	4.04	-0.539	0.37421	24.1079	143.011	18.9893
ASN_200	-6.28771	3.31276	6.63021	-0.20083	0.04753	0.30616	3.80259	8.31851	3e-05	0.00073	-2.28255	-0.39301	0	0	0	-0.10668	-0.08146	0	-0.26868	5.99579	2.4732	0	3.52259	0.22545	0	0	-0.3009	0.27156	24.9853	182.337	1.6631
LEU_201	-5.99576	1.48988	2.94902	-0.50644	0.61869	0.13284	2.31514	5.56372	0.00737	0.02889	-1.0821	0.21553	0	0	0	0	0	0	-0.07465	0.87849	0.54465	0.33384	0	-0.41281	0	0	1.3223	0.28776	8.61637	151.775	58.2251
GLU_202	-4.33307	0.34623	5.70433	-0.23324	0.10295	0.36962	2.7766	6.56565	0.038	0.14938	-1.66161	-0.46581	0	0	0	0	0	0	2.21833	6.06804	0.74606	0	5.32198	0.09492	0	0	-1.6358	-0.45737	21.7152	116.756	106.244
THR_203	-1.97672	0.22041	1.45548	-0.12714	0.03105	0.08376	0.87975	2.31668	0	0	0.69646	-0.88352	0	0	0	0	0	0	2.41869	3.69165	0.06996	3.62169	0	0.12351	0	5.0057	-0.9333	0.1352	16.8293	68.7483	105.252
GLY_204	-1.28498	0.22706	1.63679	-0.00011	0	0	0.63878	2.18468	0	0	0.43204	-0.38947	0	0	0	0	0	0	0.0408	0	0	0	0	-2.467	0	0	1.435	1.32152	3.77511	82.0626	81.9374
ASN_205	-5.51306	1.74596	5.58102	-0.21653	0.198	0.36687	3.01821	6.75207	0	0	-1.0607	-0.67961	0	0	0	0	0	0	0.49745	5.0465	0.19779	0	4.8487	-1.06161	0	0	-0.3009	0.37106	19.7912	139.019	44.9812
GLY_206	-3.53378	0.68268	3.26208	-4e-05	0	0	2.28688	4.70516	0.02533	0.09743	-1.03911	-0.43163	0	0	0	0	0	0	-0.41692	0	0	0	0	0.66265	0	0	1.435	0.35663	8.09235	154.912	9.08806
PHE_207	-5.66858	2.15977	2.00706	-0.57349	0.20227	0.29833	0.80248	4.62474	0	0	0.13991	-0.22695	0	0	0	0	0	0	-0.10655	4.02835	0.65059	0	3.37776	-0.27851	0	0	1.9602	1.3409	14.7383	121.972	115.028
LYS_208	-7.56774	2.31283	9.8996	-0.39387	0.06641	0.1799	5.61136	10.3475	3e-05	0.00073	-1.8584	0.41817	0	0	0	0	0	0	0.04942	3.73533	1.04449	2.69084	0	-0.01094	0	0	-0.8895	-0.13102	25.5051	213.816	38.1836
LEU_209	-4.02721	0.28139	1.96352	-0.53455	2.01628	0.15139	1.30004	3.56139	0	0	-0.1293	0.18661	0	0	0	-0.54524	0	0	0.75624	1.978	1.53665	0.44135	0	0.23032	0	0	1.3223	0.47248	10.9617	117.05	92.9503
SER_210	-3.04752	0.80942	4.79729	-0.03302	0.16076	0.05186	2.66951	5.14741	0.04644	0.27668	0.27655	0.38958	0	0	0	0	0	0	0.04753	6.60571	3.66818	2.93753	0	-0.38409	0	4.04	-0.539	0.35955	28.2804	94.3285	67.6715
GLY_211	-2.14096	0.61427	2.91936	-6e-05	0	0	1.54974	3.52714	0	0	-0.63453	-0.37229	0	0	0	0	0	0	0.06671	0	0	0	0	0.56332	0	0	1.435	-0.41924	7.10845	117.779	46.2209
SER_212	-2.9941	0.59888	5.55646	-0.06105	0.05643	0.08664	3.94362	6.07331	0	0	-0.46717	-1.15633	0	0	0	-0.34459	0	0	0.60511	3.86291	1.9252	1.93771	0	-0.00644	0	4.04	-0.539	-0.38894	22.7286	87.1598	74.8402
GLY_213	-2.70107	0.18963	2.99371	-5e-05	0	0	1.00833	3.77306	0.05501	0.41913	-0.48225	-0.38129	0	0	0	0	0	0	1.35434	0	0	0	0	-2.41219	0	0	1.435	-1.45171	3.79966	119.377	44.6228
THR_214	-4.92961	0.53824	4.47953	-0.18466	0.35327	0.06808	2.63203	5.96108	0	0	-0.36854	-0.44754	0	0	0	0	0	0	-0.16953	1.26658	1.21434	0.05224	0	0.0756	0	5.02901	-0.9333	-0.43008	14.2067	108.705	65.2951
LYS_215	-4.36079	0.55883	3.47933	-0.57715	1.22394	0.43403	1.65973	4.34624	0.09644	0.48152	-1.17484	-0.02974	0	0	0	0	0	0	0.23452	3.33159	0.9242	2.40738	0	-0.14839	0	0	-0.8895	0.21817	12.2155	105.528	146.472
GLY_216	-3.53278	0.24709	2.90973	-0.00161	0	0	2.18676	4.48405	0	0	-0.73145	-0.37464	0	0	0	0	0	0	0.0455	0	0	0	0	-2.52799	0	0	1.435	0.58677	4.72643	144.738	19.2618
ALA_217	-4.24782	1.22553	3.90482	-0.02358	0	0	3.22295	5.7947	0	0	-2.92003	-0.40534	0	0	0	0	0	0	1.16125	0	0	0	0	-0.06208	0	0	2.2619	0.95891	10.8712	126.351	26.6489
ILE_218	-8.48801	2.99859	3.91914	-0.47699	1.75027	0.0861	3.41593	6.67484	0	0	-2.87187	0.31903	0	0	0	0	0	0	0.58209	2.32774	1.5471	0.78064	0	-1.12047	0	0	1.8006	-0.39169	12.853	206.488	0.512343
MET_219	-5.31777	1.04469	3.80365	-0.66368	0.19003	0.26009	2.9538	5.22057	0	0	-2.0807	-0.36795	1.5606	0	0	0	0	0	0.83292	5.10824	2.55497	2.55328	0	0.26302	0	0	1.4633	2.34176	21.7208	198.126	63.874
PRO_220	-7.81449	3.7481	3.10219	-0.21189	0.01877	0.15599	1.97355	4.14871	0	0	-1.68918	-0.07092	1.59976	0	0	0	0	0	0.25902	0.75021	0.54517	0.20504	0	0.65499	0	0	-4.6787	4.03302	6.72932	199	0
MET_221	-5.54862	0.84827	4.13348	-0.30541	0.35761	0.05281	3.23545	5.39093	0	0	-2.70068	-0.33703	0	0	0	0	0	0	0.58675	5.4741	3.46778	2.00632	0	-0.11701	0	0	1.4633	1.16727	19.1753	187.362	74.6382
GLU_222	-9.24229	4.32824	10.7573	-0.23688	0.0541	0.2757	6.6366	11.7927	4e-05	0.00068	-8.43387	-0.24956	0	0	0	-0.44466	-1.18491	0	0.71357	5.58618	1.0926	0	4.49359	-0.15918	0	0	-1.6358	0.9824	25.1266	218.849	4.15078
ALA_223	-4.01952	0.73998	2.82778	-0.02463	0.00071	0	2.97894	4.85703	0	0	-2.73913	-0.40977	0	0	0	0	0	0	0.12509	0	0	0	0	0.95484	0	0	2.2619	1.44264	8.99586	127.395	25.6047
VAL_224	-7.65432	4.94714	3.27579	-0.27838	0.37254	0.06915	2.64262	6.79213	0.02446	0.07762	-2.33787	-0.48214	0	0	0	0	0	0	0.02074	1.48286	1.18476	0.2981	0	-0.71018	0	0	2.7371	0.73925	13.2014	179.342	2.65752
TRP_225	-8.04965	3.39828	4.5971	-0.83085	0.188	0.27295	3.31799	6.58357	0	0	-3.21662	-0.51786	0	0	0	0	0	0	-0.07522	4.14635	0.06056	0	4.08579	0.15677	0	0	3.7077	0.29094	18.1158	138.94	131.06
SER_226	-4.06525	1.17569	3.72529	-0.0386	0.06151	0.0313	1.76098	5.18339	0.1736	1.00496	-1.71914	-0.64589	1.83958	0	0	0	0	0	0.07096	1.14414	0.55097	0.59318	0	0.5171	0	4.04	-0.539	3.22268	18.0875	133.212	28.7876
PRO_227	-6.11833	2.33559	3.36917	-0.20985	0.01845	0.14822	1.15565	3.90572	0.00134	0.01941	-1.22649	0.12014	1.86206	0	0	0	0	0	0.80764	0.84473	0.49739	0.34734	0	-1.00863	0	0	-4.6787	3.48451	5.67537	186.093	12.9067
LYS_228	-3.7551	0.28558	2.49587	-0.53095	0.23088	0.52078	0.42451	3.2629	0.10941	0.48868	-0.19319	0.09333	0	0	0	0	0	0	0.25878	7.25964	4.09056	3.16908	0	0.40505	0	0	-0.8895	0.1377	17.864	121.26	130.74
VAL_229	-4.69049	0.79026	4.18737	-0.27158	0.24761	0.0568	2.60439	6.04501	0.11106	0.64201	-1.19037	-0.3464	0	0	0	0	0	0	-0.02976	1.76612	1.53792	0.2282	0	-1.03689	0	0	2.7371	-0.45119	12.9372	114.411	67.5894
ASN_230	-2.13032	0.85854	1.92878	-0.19102	0.15787	0.33123	0.64256	2.6294	0	0	0.50358	-0.96744	0	0	0	0	0	0	-0.11742	2.60961	0.17476	0	2.43484	-1.65876	0	0	-0.3009	-0.9403	5.96502	52.1078	131.892
GLY_231	-2.0807	0.26253	1.61106	-5e-05	0	0	0.13891	2.28826	0	0	-0.08093	-0.41845	0	0	0	0	0	0	-0.2376	0	0	0	0	-2.15182	0	0	1.435	-0.89712	-0.13091	114.36	49.6402
LEU_232	-8.63986	3.51636	5.48819	-0.47414	0.45448	0.09918	3.49155	8.74097	0	0	-2.17175	0.0829	0.81865	0	0	0	0	0	0.13953	1.71842	0.56774	1.15068	0	-0.45655	0	0	1.3223	2.21275	18.0614	201.803	8.19749
PRO_233	-4.1337	0.95419	2.87651	-0.18436	0.00752	0.13296	1.59341	3.16231	0	0	-1.54922	0.00634	0.84182	0	0	0	0	0	1.99085	0.99234	0.02146	0.97088	0	-0.74552	0	0	-4.6787	2.15688	4.41597	132.059	66.9409
GLY_234	-3.7521	0.89277	2.92607	-0.00109	0	0	1.79274	4.28512	0	0	-1.7852	-0.30181	0	0	0	0	0	0	0.07951	0	0	0	0	0.54204	0	0	1.435	0.48189	6.59494	153.413	10.5865
GLU_235	-5.60564	0.77696	5.74324	-0.33438	0.15234	0.43311	3.57483	7.00357	0.05053	0.4807	-2.78307	-0.34164	0	0	0	0	-0.26878	0	-0.11263	5.8887	1.2821	0	4.60661	0.06882	0	0	-1.6358	2.32234	21.3019	174.561	48.4392
TYR_236	-7.58012	1.4041	4.4675	-0.63621	0.15884	0.36865	4.03559	7.2126	0	0	-2.63199	-0.20969	0	0	0	0	0	0	-0.05116	3.04725	0.24994	0	2.79731	-0.01274	0	0	1.7379	1.33823	15.696	192.906	55.0944
ARG_237	-10.7856	8.01565	10.4865	-0.53281	0.70681	0.30674	6.28649	12.2582	0.07816	0.27503	-5.05322	0.17148	0	0	0	0	-0.26878	0	0.95809	7.81149	4.28355	3.52794	0	0.10841	0	0	-0.1423	-0.3371	38.1547	241.88	23.1196
LEU_238	-4.31404	0.39414	3.47348	-0.57855	0.28811	0.15482	2.96266	5.24183	0	0	-2.80872	0.2129	0	0	0	0	0	0	0.30315	3.41531	2.3368	1.0785	0	-0.20675	0	0	1.3223	-0.06599	13.21	126.016	83.9844
GLY_239	-5.01265	3.1963	3.50399	-0.00088	0	0	2.61795	5.78266	0	0	-2.46476	-0.30577	0	0	0	0	0	0	0.01917	0	0	0	0	0.54794	0	0	1.435	1.19228	10.5112	160.669	3.33141
TYR_240	-9.06596	1.59812	4.71801	-0.77929	0.10185	0.11975	3.47907	8.03408	0.01904	0.11684	-2.67481	-0.52865	0	0	0	0	0	0	0.21488	4.13292	0.88165	0	3.25127	-0.25133	0	0	1.7379	1.13512	16.2405	211.874	36.1259
TYR_241	-10.7664	2.77468	4.33347	-1.10467	0.27533	0.71938	3.37018	9.25014	0.06234	0.58574	-2.22487	-0.26531	0	0	0	0	-0.29662	0	-0.00549	3.46219	0.03487	0	3.42733	-0.66448	0	0	1.7379	-0.33688	14.3688	247.392	0.60815
TYR_242	-7.34665	1.41707	4.60118	-0.7126	0.06056	0.08184	3.41473	6.97219	0.00231	0.00888	-1.83761	-0.49681	0	0	0	0	0	0	0.608	3.03315	0.10241	0	2.93074	-0.33079	0	0	1.7379	-0.18949	14.057	193.808	54.1921
SER_243	-5.90255	1.90204	5.28497	-0.03991	0.02056	0.05819	3.72914	7.08125	0	0	-1.18887	0.05606	0	0	0	0	0	0	0.90126	0.73549	6e-05	0.73544	0	0.69163	0	4.04	-0.539	0.49559	18.0614	161.392	0.60815
THR_244	-4.18444	1.05543	3.39039	-0.13888	0.18161	0.08172	2.87482	5.25726	0.00231	0.00888	-1.44385	-0.1463	0	0	0	0	0	0	-0.13235	0.61144	0.59258	0.01886	0	-0.2031	0	5.04103	-0.9333	0.37846	12.3126	112.49	61.5101
ALA_245	-4.10455	0.39395	3.18316	-0.02112	0	0	1.49595	5.45237	0.0105	0.05317	0.16101	-0.1865	0	0	0	0	0	0	-0.0226	0	0	0	0	0.04068	0	0	2.2619	-0.20633	8.51158	147.268	5.73158
LYS_246	-2.14027	0.4067	1.74312	-0.31204	0.0561	0.14573	0.53903	2.31695	0.09644	0.48152	-0.48097	0.1368	0	0	0	0	0	0	1.39543	2.88134	0	2.88134	0	-0.02478	0	0	-0.8895	-0.78502	8.44793	65.8328	186.167
ALA_247	-3.98508	0.50387	3.31132	-0.02182	0	0	2.79662	5.05975	0.00018	0.00049	-2.24591	-0.32964	0	0	0	0	0	0	0.03694	0	0	0	0	0.21331	0	0	2.2619	-0.3217	7.28023	138.652	14.348
ASP_248	-3.75944	0.37396	3.5635	-0.10502	0.05495	0.29404	1.31912	4.56206	0.0185	0.0924	-0.87926	-0.02401	0	0	0	0	0	0	0.8495	3.27422	0.35133	0	2.92288	0.39934	0	0	-1.6204	0.0771	11.7648	99.1762	85.8238
ASP_249	-7.65326	0.65619	9.3406	-0.12015	0.00014	0.33216	5.3834	10.5725	0.00018	0.00049	-5.52099	-0.84403	0	0	0	-1.52192	-1.06833	0	0.05727	5.39576	0.79778	0	4.59799	0.03815	0	0	-1.6204	0.49996	19.3235	174.5	10.5001
VAL_250	-6.06427	1.11869	2.71346	-0.30558	0.35248	0.05879	1.58719	5.79128	0	0	-1.2133	0.13707	0	0	0	0	0	0	1.45729	0.45567	0.02545	0.43022	0	0.60136	0	0	2.7371	0.76202	10.6449	159.616	22.3839
TYR_251	-8.38602	2.24866	4.69735	-0.82795	0.12907	0.33132	3.07872	6.61389	0.06631	0.43471	-2.8693	-0.17412	0	0	0	-0.84394	0	0	0.01303	3.8405	0.34831	0	3.49219	-0.54957	0	0	1.7379	2.62019	16.0013	218.632	29.368
ASP_252	-6.04975	0.39168	7.23297	-0.10796	0.02774	0.3016	3.02293	8.02275	0.05015	0.39213	-3.74867	-0.21183	0	0	0	-0.67798	0	0	1.53832	2.97468	0.02409	0	2.95058	0.19047	0	0	-1.6204	2.12625	16.8298	152.283	32.7166
ASP_253	-9.29138	3.04563	12.5033	-0.25032	0.10395	0.94828	6.83838	14.2836	0.03168	0.18354	-6.45901	-0.25201	0	0	0	-0.32649	0	0	0.07811	3.23696	0.00561	0	3.23136	-0.21699	0	0	-1.6204	-0.41627	25.6576	185	0
VAL_254	-4.12882	0.51405	3.3144	-0.36843	0.66303	0.08836	1.10812	4.82898	0	0	-0.65086	-0.16329	0	0	0	0	0	0	-0.62023	0.93241	0.16921	0.7632	0	0.73212	0	0	2.7371	1.61124	11.5306	103.569	78.4309
ASN_255	-3.53842	0.94443	3.79133	-0.2039	0.00562	0.31066	1.44182	4.93067	0.04344	0.18036	-0.48307	-0.35866	0	0	0	0	0	0	0.01236	5.83151	3.24775	0	2.58376	-0.2315	0	0	-0.3009	1.41792	19.6252	82.2762	101.724
GLY_256	-2.67957	0.11444	3.36447	-6e-05	0	0	1.71005	4.19218	0.07164	0.33426	-1.2977	-0.3817	0	0	0	0	0	0	0.76177	0	0	0	0	-2.49855	0	0	1.435	-1.03882	4.08741	127.083	36.9168
ASN_257	-4.87545	0.9909	6.49007	-0.18264	0.00911	0.27994	3.7098	7.64156	0.12935	0.57511	-2.05121	-0.13798	0.01763	0	0	-0.32649	0	0	0.0913	3.2908	1.03743	0	2.25337	0.05494	0	0	-0.3009	2.1954	20.892	118.616	65.3836
PRO_258	-5.35204	1.46229	2.89183	-0.14786	0.05001	0.1045	2.2799	3.96858	0	0	-1.63996	0.09927	0.01873	0	0	0	0	0	0.34281	0.40338	0.00627	0.39711	0	-0.11022	0	0	-4.6787	3.85595	3.95185	163.641	35.3587
GLN_259	-8.63294	4.25817	7.79294	-1.08346	1.40141	1.41236	4.40981	10.0467	0.00718	0.03944	-4.45233	0.02377	0	0	0	-0.13839	-0.5529	0	0.24721	18.0623	8.44441	0	9.61787	-0.27551	0	0	-0.1077	0.77457	51.2948	197.467	19.5333
ALA_260	-4.67399	4.01661	1.64637	-0.02439	0.00019	0	1.0029	4.25819	0.05792	0.39952	0.39126	-0.39894	0	0	0	0	0	0	-0.0799	0	0	0	0	-0.23058	0	0	2.2619	-0.63123	7.99585	136.325	16.6752
LEU_261	-4.54185	1.32122	2.29214	-0.5298	0.88468	0.14459	1.33547	3.65019	0	0	-0.6756	0.21026	0	0	0	0	0	0	0.40993	0.90092	0.61197	0.28896	0	-0.41212	0	0	1.3223	-0.74095	6.47229	117.487	92.5126
THR_262	-4.63457	1.88184	4.57571	-0.12143	0.30485	0.06617	3.21577	5.93222	0.00718	0.03944	0.29717	0.02918	0	0	0	0	0	0	-0.09759	9.69997	8.52799	1.17199	0	-0.29461	0	5.01979	-0.9333	0.20923	34.897	110.442	63.5582
GLY_263	-1.78051	0.29372	2.37764	-5e-05	0	0	1.06806	2.97074	0	0	-1.11417	-0.42898	0	0	0	0	0	0	0.70864	0	0	0	0	-2.21185	0	0	1.435	-0.35009	2.96815	92.7912	71.2088
GLU_264	-3.53288	1.07118	4.45646	-0.27284	0.10239	0.47587	2.1	4.78224	0.0069	0.0858	-0.90961	0.0255	0	0	0	-0.13839	0	0	-0.04635	13.9949	7.7694	0	6.22546	0.50016	0	0	-1.6358	-0.06137	34.999	122.663	100.337
ALA_265	-2.56303	0.22723	2.62957	-0.02183	0	0	1.65898	3.52537	0	0	-1.76588	-0.16076	0	0	0	0	0	0	-0.03864	0	0	0	0	-0.27811	0	0	2.2619	0.16346	5.63825	79.1622	73.8378
PHE_266	-7.56948	3.9128	3.86246	-0.59111	0.15268	0.29281	1.42528	6.19025	0	0	-0.71332	0.36124	0	0	0	0	0	0	0.681	3.60573	0.28052	0	3.32521	0.32963	0	0	1.9602	-0.63698	16.8689	176.576	60.4237
LYS_267	-6.90456	1.12886	7.61225	-0.6032	1.47375	0.27673	2.65858	8.25115	0.05205	0.39902	-3.53678	0.441	0	0	0	0	0	0	0.03119	15.1989	11.6006	3.59831	0	0.04057	0	0	-0.8895	-0.45845	40.3705	185.777	66.2227
SER_268	-2.83342	0.73968	2.78655	-0.03284	0.00275	0.03879	0.90153	3.42356	0.00222	0.01234	-0.39479	-0.08024	0	0	0	0	0	0	-0.01092	2.2226	0.72269	1.49992	0	0.56598	0	4.04	-0.539	-0.31678	12.7506	97.2489	64.7511
HIS_269	-6.33877	1.06972	5.8913	-0.43476	0.03402	0.47226	4.02884	7.9015	0.00413	0.01925	-2.78922	-0.191	0	0	0	0	-1.06833	0	0.82311	3.06942	0.21227	0	2.85715	-0.06862	0	0	0.8406	-0.19928	16.1336	195.034	45.9661
SER_270	-1.87683	0.1042	2.15865	-0.04224	0.01188	0.05162	0.61779	2.78096	0	0	0.2221	-0.16625	0	0	0	0	0	0	-0.11833	0.39633	0.05658	0.33975	0	-0.44209	0	4.04	-0.539	-0.1193	7.4758	78.0006	83.9994
SER_271	-4.0037	1.28509	3.75634	-0.04078	0.05771	0.06434	1.79402	4.75934	0.04924	0.49196	-0.45116	-0.46861	0	0	0	0	0	0	1.58221	1.40103	1.35471	0.04631	0	-0.91594	0	4.04	-0.539	0.03846	14.3016	144.922	17.0779
LYS_272	-7.31424	1.92262	7.4999	-0.50077	0.22076	0.28695	5.11304	8.45364	0.0105	0.05317	-3.95793	0.19499	0	0	0	0	0	0	-0.01262	5.878	1.58903	4.28897	0	0.1597	0	0	-0.8895	-0.11656	22.8796	229.615	22.3853
HIS_273	-5.72087	0.70669	4.30572	-0.90872	0.27908	1.29088	2.70409	5.87548	0	0	-2.29809	-0.49387	0	0	0	-0.71778	0	0	0.01317	2.83113	0.22783	0	2.6033	-0.47371	0	0	0.8406	0.47446	11.5394	176.709	64.2907
GLY_274	-4.82235	1.26534	3.92111	-0.00163	0	0	2.81164	6.20465	0	0	-1.91441	-0.35604	0	0	0	0	0	0	-0.18611	0	0	0	0	-1.80553	0	0	1.435	0.73972	7.29141	164	0
TRP_275	-6.15502	0.95945	3.165	-0.73948	0.11315	0.33913	2.6615	5.51536	0.00958	0.06375	-2.65965	-0.14812	0	0	0	0	0	0	0.02094	2.60188	0.03404	0	2.56784	-0.12587	0	0	3.7077	1.01277	12.9439	165.992	104.008
TRP_276	-13.6553	4.48719	5.85436	-1.26127	0.52284	1.08754	3.79047	11.1717	0	0	-2.87381	-0.35397	0	0	0	0	-0.58388	0	0.14958	4.50049	0.98498	0	3.5155	-0.34285	0	0	3.7077	1.11544	21.8168	268.463	1.53703
VAL_277	-5.24564	1.04727	3.08446	-0.25715	0.28743	0.05235	2.7494	5.55308	0	0	-2.00151	-0.17556	0	0	0	0	0	0	1.97123	0.79864	0.28796	0.51068	0	-1.10385	0	0	2.7371	0.16447	10.4604	133.571	48.4294
VAL_278	-7.39518	2.16215	3.4596	-0.25193	0.31104	0.05	3.73487	6.74669	0	0	-2.66386	-0.32859	0	0	0	0	0	0	-0.0976	5.64617	5.20538	0.44078	0	-1.26755	0	0	2.7371	-0.61772	17.8713	180.975	1.02469
ALA_279	-4.15032	0.97401	2.47854	-0.02424	0.00011	0	2.78873	4.81613	0	0	-2.61068	-0.42769	0	0	0	0	0	0	0.12378	0	0	0	0	0.42724	0	0	2.2619	0.0161	6.6736	140.694	12.3056
GLN_280	-5.45212	0.59927	4.56339	-0.27833	0.07906	0.22179	2.99391	5.8303	0	0	-1.83082	-0.63711	0	0	0	0	0	0	0.2511	5.52274	0.2821	0	5.24063	-0.1192	0	0	-0.1077	0.76111	17.9201	184.038	32.9624
GLN_281	-7.72971	1.09286	6.99467	-0.71707	0.23957	0.51924	4.64695	9.39634	0.04718	0.18152	-3.55503	-0.11448	0	0	0	-0.84034	0	0	1.76519	4.29316	0.16226	0	4.13089	-0.20827	0	0	-0.1077	1.14523	21.3425	198.882	18.1179
GLN_282	-8.20035	1.64045	6.44955	-0.29898	0.05715	0.15868	3.75651	8.29258	0.06522	0.4799	-2.77466	-0.11392	0	0	0	-2.36628	0	0	-0.08721	4.10046	0.37269	0	3.72776	0.12904	0	0	-0.1077	0.62883	15.9097	182.137	34.8634
VAL_283	-4.86233	0.54114	1.48774	-0.26536	0.18676	0.04771	0.95431	4.0531	0	0	-0.87862	-0.06663	0	0	0	0	0	0	1.39735	0.40165	0.02881	0.37284	0	-0.0362	0	0	2.7371	0.20211	6.30147	131.439	50.561
THR_284	-4.53785	0.77108	4.01406	-0.11589	0.05631	0.08002	2.63104	5.68728	0.00043	0.01031	-0.99861	-0.78915	0	0	0	-0.61398	0	0	0.03421	0.29637	0.00116	0.29522	0	-0.4309	0	5.00734	-0.9333	-0.07075	10.3944	118.91	55.0898
ALA_285	-4.0115	1.04726	1.80266	-0.0292	0.02101	0	1.115	4.45727	0	0	-1.3284	-0.48055	0	0	0	0	0	0	-0.03674	0	0	0	0	0.73453	0	0	2.2619	1.13542	6.68864	128.648	24.3519
HIS_286	-6.90796	1.96531	7.74821	-0.56758	0.20351	0.38219	3.52139	9.53016	0	0	-0.8669	-0.72191	0	0	0	0	0	0	0.06629	5.94106	1.0144	0	4.92666	-0.08141	0	0	0.8406	2.92467	29.9187	196.831	44.169
GLY_287	-1.33732	0.37578	1.81955	-4e-05	0	0	0.85922	2.36586	0	0	0.44846	-0.41386	0	0	0	0	0	0	0.0505	0	0	0	0	0.60958	0	0	1.435	3.41093	9.62365	83.2824	80.7176
GLY_288	-1.80945	0.37707	2.06712	-5e-05	0	0	0.67594	3.04224	0	0	-0.95253	-0.38821	0	0	0	0	0	0	0.39405	0	0	0	0	-2.33484	0	0	1.435	1.98467	4.491	110.461	53.5385
ASP_289	-5.66172	0.71442	8.1379	-0.18765	0.07169	0.59099	4.52304	9.43661	0.05392	0.46806	-3.23123	-1.33333	0	0	0	-0.49876	0	0	0.5285	3.35935	0.6663	0	2.69305	-1.19742	0	0	-1.6204	-0.40638	17.1069	140.814	44.1862
VAL_290	-3.49119	0.37399	2.81062	-0.31869	0.37149	0.0752	1.84507	4.59528	0	0	-0.02972	-0.27588	0	0	0	-0.91195	0	0	-0.13213	3.88436	2.48827	1.39609	0	0.41594	0	0	2.7371	-0.17134	15.6625	105.847	76.1533
ASN_291	-2.85011	0.66159	3.57213	-0.20954	0.1235	0.34493	1.42015	4.14326	0	0	-1.40644	-0.69656	0	0	0	-0.49876	0	0	0.69478	5.94332	0.5909	0	5.35242	-0.46187	0	0	-0.3009	0.02866	16.4514	51.087	132.913
ARG_292	-10.4247	2.1667	11.3351	-0.60286	0.26384	0.35676	5.80485	12.9496	0.05762	0.50675	-4.79074	0.28178	0	0	0	-0.96275	-0.50352	0	0.00412	4.05511	0.924	3.13111	0	-0.14819	0	0	-0.1423	-0.013	24.2492	238.715	26.2846
GLY_293	-4.62576	0.58724	3.90556	-0.00069	0	0	2.66039	5.82519	0.01638	0.04995	-2.05562	-0.25677	0	0	0	0	0	0	-0.08585	0	0	0	0	-2.52855	0	0	1.435	0.67046	5.59694	159.468	4.53204
LEU_294	-6.90962	0.91975	3.50729	-0.53205	0.2515	0.12278	3.0539	6.3582	0	0	-2.96859	0.29672	0	0	0	0	0	0	0.58704	1.29914	0.51149	0.78765	0	-0.62022	0	0	1.3223	0.36353	8.35082	171.048	38.9522
SER_295	-4.845	0.92311	4.62636	-0.03597	0.00155	0.02218	3.24527	6.26747	0.01638	0.04995	-2.47104	-0.46313	0	0	0	0	0	0	0.04833	2.59095	1.98505	0.60591	0	0.73585	0	4.04	-0.539	-0.07304	16.7312	127.416	34.5843
LEU_296	-5.00146	0.40477	2.6604	-0.49843	1.09077	0.0997	2.7115	4.79574	0	0	-2.98638	0.26942	0	0	0	0	0	0	0.08711	2.3104	1.73063	0.57976	0	-0.57573	0	0	1.3223	-0.20357	8.79694	142.109	67.8914
PHE_297	-9.26611	2.04589	3.06492	-0.98043	0.33685	0.6316	2.69289	7.36323	0	0	-2.3246	-0.10475	0	0	0	0	0	0	-0.01211	2.56764	0.02477	0	2.54287	-0.50733	0	0	1.9602	-0.35976	9.67577	228.491	8.50922
ALA_298	-4.60295	0.76269	2.72772	-0.02195	0	0	3.01584	5.55232	0	0	-2.82047	-0.39794	0	0	0	0	0	0	-0.03138	0	0	0	0	-0.70117	0	0	2.2619	-0.03433	5.71028	145.315	7.68515
ASN_299	-7.82189	1.72989	6.14397	-0.18033	0.00993	0.2519	4.61251	8.83193	0.04777	0.44091	-2.94331	-0.86209	0	0	0	0	-0.94295	0	0.06367	4.32889	1.09409	0	3.23479	0.8679	0	0	-0.3009	0.24042	18.8471	184	0
PHE_300	-5.7121	1.71187	3.13583	-0.59228	0.09319	0.34383	2.62979	5.32451	0.00604	0.04053	-2.05599	0.05481	0	0	0	0	0	0	1.57229	2.73275	0.27913	0	2.45363	-0.34712	0	0	1.9602	-0.15921	13.4717	160.821	76.1794
THR_301	-6.73721	32.2868	4.23715	-0.22339	0.47031	0.07811	3.31634	6.74271	0.00354	0.02322	-2.43165	-0.39761	0	0	0	0	0	0	0.83128	19.2714	18.5396	0.73179	0	0.21306	0	4.99105	-0.9333	0.0308	81.044	173.392	0.60815
VAL_302	-4.70691	0.60888	3.53404	-0.27449	0.60033	0.0686	2.60388	5.52814	0	0	-1.87904	-0.26891	0	0	0	0	0	0	1.17249	12.5453	11.9278	0.61753	0	0.12824	0	0	2.7371	1.31495	36.258	115.629	66.3708
HIS_303	-9.0136	11.2905	6.40675	-0.47884	0.04729	0.57579	2.94172	9.19319	0.05459	0.45345	-2.12129	0.01424	0	0	0	0	-0.29662	0	0.96672	3.4677	1.17388	0	2.29382	-0.37696	0	0	0.8406	0.51105	27.944	234.918	6.0815
ASP_304	-5.93879	0.56394	9.45004	-0.29147	0.04637	1.09343	5.61709	10.3418	0.0827	0.82077	-6.35833	0.03705	0	0	0	-0.9148	0	0	-0.07013	8.12365	0.45197	0	7.67168	-0.65385	0	0	-1.6204	-0.50762	27.9451	175.52	9.47953
LYS_305	-3.33278	1.11526	4.87084	-0.50912	0.1221	0.26743	2.66358	5.28556	0	0	-1.32252	0.40807	0	0	0	-0.82048	0	0	-0.20418	8.51647	4.67165	3.84481	0	-0.05473	0	0	-0.8895	-0.32554	24.3069	140.854	111.146
ALA_306	-3.97403	0.8853	3.31566	-0.02002	0	0	2.21691	5.42204	0.01168	0.06431	-0.77789	-0.32338	0	0	0	0	0	0	2.39663	0	0	0	0	0.10254	0	0	2.2619	0.55731	12.139	120.084	32.9162
THR_307	-6.57931	1.69128	5.28597	-0.12358	0.15904	0.06581	2.79692	7.64404	0.09485	0.91963	-1.63851	-0.04406	0	0	0	-0.19702	0	0	0.13538	0.66765	0.4307	0.23695	0	-1.11799	0	5.02692	-0.9333	0.97677	15.4981	161.42	12.5795
ASN_308	-7.04351	0.87636	8.33813	-0.19942	0.01714	0.33953	4.57687	10.1259	0.00493	0.07643	-2.71729	-0.29401	0	0	0	-1.5672	0	0	0.03037	10.5261	5.83799	0	4.68813	0.43141	0	0	-0.3009	0.19814	33.9451	178.074	5.92555
VAL_309	-4.46304	0.59527	1.88193	-0.30331	0.4858	0.06826	1.93944	4.38958	0.01255	0.10055	-0.74758	0.00325	0	0	0	0	0	0	2.47981	0.31164	0.29379	0.01785	0	-0.60995	0	0	2.7371	0.71719	9.91015	112.249	69.7511
VAL_310	-7.34747	1.34923	2.50126	-0.29079	0.50368	0.06531	1.97709	6.16782	0.01154	0.06457	-0.38679	0.13763	0	0	0	-0.94908	0	0	-0.05362	0.0608	0.03103	0.02977	0	-0.4984	0	0	2.7371	0.84563	6.9563	178.926	3.07406
ASP_311	-6.98709	2.69198	8.70827	-0.22402	0.04515	0.75025	4.5239	9.65677	0.0611	0.50537	-3.93468	-0.13173	0	0	0	0	0	0	0.11068	6.62647	0.41487	0	6.2116	0.18327	0	0	-1.6204	1.33997	28.9317	183.176	1.82445
ASN_312	-6.51782	0.30106	6.01744	-0.37265	0.18074	0.78436	3.42418	8.04733	0.06639	0.47446	-2.16766	-0.59878	0	0	0	0	-1.09535	0	0.26425	2.64255	0.0571	0	2.58545	0.45513	0	0	-0.3009	1.89789	16.1452	159.419	24.581
TYR_313	-12.9203	19.3097	6.68231	-0.8932	0.18298	0.2757	5.32559	11.2415	0	0	-2.55253	-0.51325	0	0	0	0	0	0	-0.04303	8.72374	5.4877	0	3.23605	-0.24711	0	0	1.7379	0.96683	46.0006	248	0
GLN_314	-7.50733	3.01659	6.54436	-0.68453	0.29546	1.12888	4.41898	8.87189	0	0	-3.89627	-0.70451	0	0	0	0	-1.34737	0	0.00034	4.32174	0.17105	0	4.15068	-0.11818	0	0	-0.1077	0.09054	18.6446	178.879	38.1209
GLN_315	-10.0485	4.34653	7.43116	-0.71005	0.28059	0.64018	5.56379	10.4454	0	0	-4.03058	-0.03595	0	0	0	-0.71594	-0.94295	0	-0.07579	18.0981	14.2124	0	3.88575	-0.21195	0	0	-0.1077	0.83311	48.8576	214.741	2.25863
VAL_316	-4.31964	0.80159	2.97733	-0.26901	0.46596	0.06034	3.04839	5.13558	0	0	-2.99943	-0.09182	0	0	0	0	0	0	-0.05061	10.2226	9.35058	0.872	0	-0.843	0	0	2.7371	0.84624	27.9442	104.362	77.6376
GLY_317	-4.23	1.46033	2.76697	-0.00157	0	0	2.42332	4.94587	0	0	-2.2494	-0.35631	0	0	0	0	0	0	0.1727	0	0	0	0	-1.74809	0	0	1.435	0.1295	4.74832	162.271	1.72864
LEU_318	-6.25385	0.7142	3.32463	-0.74359	1.8695	0.33376	2.92605	6.14424	0	0	-2.93215	-0.24597	0	0	0	0	0	0	2.11303	1.64531	0.33206	1.31325	0	0.98763	0	0	1.3223	1.28533	14.1357	147.988	62.0123
VAL_319	-5.9704	1.91883	3.49441	-0.34078	0.62582	0.08237	3.04016	6.15354	0.01828	0.05974	-2.51746	-0.41826	0	0	0	0	0	0	-0.0652	26.0564	25.0096	1.04684	0	-0.59084	0	0	2.7371	1.12018	61.4604	162.016	19.9837
TYR_320	-9.52951	2.68818	5.44867	-0.6869	0.62193	0.09846	4.27075	9.55488	0.01331	0.03838	-2.70501	-0.36797	0	0	0	0	0	0	3.5483	7.74998	3.02067	0	4.72931	-0.06818	0	0	1.7379	0.14711	30.3103	201.131	46.8694
LYS_321	-5.15538	0.82263	4.71638	-0.31311	0.06045	0.15713	2.63633	6.16472	0.02241	0.10875	-2.48274	-0.05666	0	0	0	0	0	0	2.98267	3.13597	0	3.13597	0	0.16412	0	0	-0.8895	-0.1866	15.0236	133.399	118.601
GLY_322	-4.5224	0.51822	4.41054	-5e-05	0	0	2.57508	6.10615	0.01331	0.03838	-1.66409	-0.37764	0	0	0	-0.96275	0	0	0.74754	0	0	0	0	-0.9274	0	0	1.435	0.28785	7.67776	164	0
ALA_323	-3.53303	0.76038	1.28593	-0.0215	0	0	0.46957	3.55642	0.00092	0.00344	0.08743	-0.37358	0	0	0	0	0	0	-0.06872	0	0	0	0	-0.61299	0	0	2.2619	0.40173	4.21791	129.089	23.9114
PHE_324	-4.03329	0.90712	3.00333	-0.61982	0.09189	0.36564	1.4285	5.0023	0	0	0.42915	0.27574	0	0	0	0	0	0	0.38288	3.31151	0.60765	0	2.70385	-0.22561	0	0	1.9602	-0.43614	15.1549	100.126	136.874
ASP_325	-2.55513	0.31141	3.71272	-0.12288	0.10996	0.38867	1.63611	4.28622	0.00092	0.00344	-1.73897	-0.2289	0	0	0	0	-0.50352	0	0.147	3.26233	1.00145	0	2.26089	-0.02734	0	0	-1.6204	-0.31404	10.01	81.3651	103.635
ALA_326	-2.2137	0.97264	1.63022	-0.02273	0	0	0.40927	2.2015	0	0	0.27803	-0.34815	0	0	0	0	0	0	-0.09821	0	0	0	0	-0.27385	0	0	2.2619	-0.19242	4.6045	63.5592	89.4408
ARG_327	-5.91368	1.80886	7.59043	-0.99904	0.70191	0.54403	3.64877	8.52209	0.09288	0.48836	-3.10993	0.09053	3.79756	0	0	-0.14248	-1.09262	0	0.66217	4.19078	0.86999	3.32079	0	-0.40388	0	0	-0.1423	2.23037	26.7556	162.865	102.135
PRO_328	-4.36145	1.42564	2.72647	-0.10224	0.01013	0.06377	0.83135	3.0552	0	0	0.37077	0.72077	3.80329	0	0	0	0	0	-0.05367	0.91126	0.30776	0.6035	0	-0.54258	0	0	-4.6787	2.40692	7.49818	142.858	56.1422
LYS_329	-3.85453	0.39552	3.87596	-0.32786	0.09617	0.18281	0.73966	4.16653	0	0	0.03975	-0.23056	0	0	0	0	0	0	0.22978	3.39428	1.01113	2.38314	0	-0.0223	0	0	-0.8895	-0.3172	10.8728	136.282	115.718
ASP_330	-6.84675	1.05667	9.90215	-0.09984	0.03533	0.28075	5.91301	10.7838	0.06368	0.37547	-6.92835	0.06889	0	0	0	-0.51685	-1.09262	0	-0.01439	3.51645	0.42054	0	3.0959	0.1635	0	0	-1.6204	-0.49753	18.0594	180.548	4.4519
ASP_331	-5.69314	1.43207	6.5592	-0.24988	0.00739	0.88472	4.00165	7.98488	0	0	-4.0146	-0.35103	0	0	0	0	-0.10857	0	0.00803	5.34218	0.03374	0	5.30844	1.51094	0	0	-1.6204	0.1586	21.1942	170.807	14.1926
ILE_332	-5.37834	1.53322	3.48383	-0.50805	2.30493	0.10896	3.20874	5.603	0.00043	0.00186	-2.47351	0.05906	0	0	0	0	0	0	-0.10993	0.81225	0.38744	0.42482	0	-1.23083	0	0	1.8006	0.01708	10.0456	163.437	43.5633
GLY_333	-4.80509	2.23785	3.06259	-0.00061	0	0	3.0456	5.45251	0	0	-2.25675	-0.30067	0	0	0	0	0	0	1.70727	0	0	0	0	1.39929	0	0	1.435	1.50957	12.4866	164	0
PHE_334	-6.67079	2.22332	3.7445	-0.87612	0.12047	0.1179	3.29394	6.75644	0.00043	0.00186	-2.77221	-0.61817	0	0	0	0	0	0	0.07981	3.07166	0.40915	0	2.66251	-0.42665	0	0	1.9602	2.52917	15.6074	164.668	72.332
GLY_335	-4.98762	2.33003	3.02876	-0.00098	0	0	2.63422	5.87572	0	0	-2.18576	-0.34047	0	0	0	0	0	0	-0.01937	0	0	0	0	1.27732	0	0	1.435	2.7667	11.8135	164	0
VAL_336	-5.35092	1.33332	3.22195	-0.24484	0.26879	0.04777	3.2706	5.99992	0	0	-2.98891	-0.33151	0	0	0	0	0	0	-0.14608	11.9816	11.3895	0.59213	0	-1.2083	0	0	2.7371	1.80544	32.3776	121.338	60.6622
ALA_337	-5.51486	1.59703	2.35416	-0.02365	0	0	3.23558	5.54115	0	0	-2.19903	-0.38172	0	0	0	0	0	0	0.04237	0	0	0	0	0.06518	0	0	2.2619	-0.22611	6.75201	153	0
ARG_338	-8.18788	2.02789	6.79928	-0.74338	0.71172	0.50015	4.5025	8.62321	0.06639	0.47446	-3.71728	0.29604	0	0	0	0	-0.95969	0	-0.11272	5.7125	2.53687	3.17563	0	0.10408	0	0	-0.1423	-0.01465	21.6528	214.449	50.5508
ILE_339	-8.12307	1.25256	2.5221	-0.50196	0.83179	0.13454	2.68909	5.89051	0.00272	0.0081	-2.49507	-0.30423	0	0	0	0	0	0	-0.01636	1.21974	0.87838	0.34136	0	-0.64001	0	0	1.8006	0.33227	5.82305	207	0
HIS_340	-8.11368	1.16592	7.88963	-0.60923	0.02728	0.49237	3.8469	10.2356	0.00799	0.02208	-3.17185	-0.77896	0	0	0	0	0	0	-0.08564	3.82592	0.08827	0	3.73766	0.11742	0	0	0.8406	0.23961	19.7778	203.339	37.6612
VAL_341	-7.70153	1.63943	3.33032	-0.2781	0.34164	0.05668	2.35473	7.19896	0.03562	0.367	-1.1333	0.03997	0	0	0	0	0	0	2.55941	1.42046	1.22168	0.19878	0	-0.89067	0	0	2.7371	-0.75162	12.7466	178.959	3.04075
ASN_342	-8.31396	3.4292	8.38047	-0.30649	0.20734	0.51224	5.65923	10.8249	0.04302	0.38679	-4.01507	-0.68961	0	0	0	-1.74095	0	0	0.43332	2.82951	0.08495	0	2.74456	-0.6999	0	0	-0.3009	2.04919	21.5179	183.392	0.60815
ASP_343	-3.67097	0.46278	5.34205	-0.24248	0.03545	0.79099	2.80734	6.11777	0.00507	0.0192	-2.14704	0.19542	0	0	0	0	0	0	-0.20983	5.45732	0.63384	0	4.82348	-0.00861	0	0	-1.6204	2.87255	21.6639	116.19	68.8099
ASP_344	-5.6658	1.42471	5.71938	-0.11048	0.0129	0.33282	2.92572	7.1974	0.02263	0.26455	-1.89438	-0.39791	0	0	0	-0.47148	0	0	0.27897	4.26678	0.71648	0	3.55029	-0.10953	0	0	-1.6204	0.07862	16.5213	151.514	33.4863
VAL_345	-6.28011	2.05193	3.36162	-0.30746	0.40376	0.07038	2.90566	6.47615	0	0	-1.51886	-0.10891	0	0	0	0	0	0	0.01302	0.20538	0.01465	0.19073	0	-0.37537	0	0	2.7371	-0.06538	9.7743	149.264	32.736
LYS_346	-7.68348	2.42993	8.78258	-0.59408	0.76084	0.38386	3.90749	9.94863	0.00839	0.02519	-3.09867	-0.12555	0	0	0	0	0	0	-0.00516	17.0825	14.0898	2.99266	0	-0.03638	0	0	-0.8895	0.16524	48.1443	214.058	37.9416
LYS_347	-6.38694	1.14714	6.36528	-0.56177	0.80118	0.28929	3.50853	7.78855	0	0	-2.66219	-0.02888	0	0	0	0	0	0	0.17716	4.07529	0	4.07529	0	-0.0131	0	0	-0.8895	-0.11592	17.5694	155.718	96.2817
ARG_348	-9.43241	1.71188	7.24965	-0.85278	0.51848	0.60183	4.27543	9.94465	0	0	-3.23639	0.20286	0	0	0	0	-0.5529	0	-0.11213	4.76203	0.92218	3.83985	0	-0.21082	0	0	-0.1423	-0.20547	19.2837	204.245	60.7553
ALA_349	-5.98479	1.00864	4.49611	-0.02154	0	0	3.32725	7.83663	0	0	-1.77718	-0.35424	0	0	0	0	0	0	-0.05245	0	0	0	0	-0.0937	0	0	2.2619	0.01468	10.6613	145.315	7.68515
GLU_350	-6.23114	2.1273	7.18949	-0.20951	0.06409	0.29226	3.38571	8.75486	0	0	-3.71707	-0.54014	0	0	0	0	0	0	0.68177	10.449	6.5112	0	3.93784	-0.39944	0	0	-1.6358	-0.24169	30.4188	160.754	62.2456
LEU_351	-7.40336	3.47283	4.52293	-0.62749	13.8306	0.16378	3.50426	7.7059	0.01416	0.10877	-1.92333	0.37232	0	0	0	0	0	0	0.42016	13.6339	8.95942	4.67443	0	-0.3328	0	0	1.3223	0.24878	52.6675	180.017	29.9827
LEU_352	-7.11405	2.36002	4.82553	-0.56431	1.89798	0.13347	3.40667	8.13004	0	0	-2.30908	0.30395	0	0	0	0	0	0	-0.03174	12.3651	7.78099	4.58407	0	-0.26692	0	0	1.3223	1.49354	38.3175	162.712	47.2881
ASN_353	-8.03773	1.17029	7.92849	-0.1751	0.02937	0.25137	5.2159	10.8473	0.01198	0.22721	-3.3088	-0.29467	0	0	0	-1.73341	0	0	0.21651	2.43934	0.40167	0	2.03767	0.56174	0	0	-0.3009	1.14609	18.6343	178.495	5.5047
ALA_354	-3.65692	0.40635	3.36656	-0.02194	0	0	2.15963	5.48958	0	0	-1.01526	-0.35702	0	0	0	0	0	0	-0.08386	0	0	0	0	-0.33952	0	0	2.2619	0.04267	8.25217	87.5804	65.4196
GLN_355	-4.25299	2.32015	3.71943	-0.67504	0.17693	0.79872	2.06524	5.14218	0.01416	0.10877	-1.04339	-0.08277	0	0	0	0	0	0	1.00416	5.98421	0.6255	0	5.35871	-0.26936	0	0	-0.1077	-0.51116	20.3757	94.7533	122.247
SER_356	-3.39312	0.38678	4.33957	-0.0422	0.02372	0.0554	2.58582	5.18107	0.01183	0.22556	-0.4167	-0.09454	0	0	0	0	0	0	-0.08781	0.51925	0.07648	0.44278	0	-0.40013	0	4.04	-0.539	-0.88288	12.0319	87.4553	74.5447
GLY_357	-1.94165	0.23869	2.49509	-5e-05	0	0	1.39391	3.2094	0.00643	0.0179	-0.71844	-0.41553	0	0	0	0	0	0	-0.28692	0	0	0	0	-2.11077	0	0	1.435	-1.40779	1.91527	93.9781	70.0219
ILE_358	-6.27786	1.41917	3.4976	-0.49756	2.0414	0.10423	2.65716	5.95407	0	0	0.46064	0.12535	0	0	0	0	0	0	0.95436	4.32906	3.90088	0.42817	0	-1.11481	0	0	1.8006	-1.34058	18.4419	153.45	53.5505
ASN_359	-2.19958	0.19184	1.6007	-0.32096	0.13802	0.61991	0.20769	2.47142	0.00694	0.02673	0.82331	-1.14919	0	0	0	0	0	0	0.26611	4.88413	1.29647	0	3.58766	-0.23177	0	0	-0.3009	0.13694	12.0555	57.9585	126.041
ASP_360	-4.65047	0.47718	6.26053	-0.2078	0.09969	0.67362	3.17749	7.35925	0.00073	0.00967	-1.34906	-1.35661	0	0	0	-0.5102	0	0	0.15268	4.28527	0.35421	0	3.93106	-0.43567	0	0	-1.6204	0.40351	17.0547	107.987	77.013
TYR_361	-7.42811	1.91639	4.87891	-1.08917	0.35762	0.61697	2.99998	7.05582	0	0	-0.23971	-0.23458	0	0	0	-0.43934	0	0	-0.28614	5.5471	1.75185	0	3.79525	0.55153	0	0	1.7379	0.23295	21.7252	209.547	38.4525
ASP_362	-2.96286	0.40587	3.96936	-0.12178	0.01926	0.36937	1.26087	4.42083	0	0	-1.27459	-0.52932	0	0	0	-0.5102	0	0	-0.00753	4.16889	0.52374	0	3.64515	-0.43654	0	0	-1.6204	-0.01061	11.3095	68.2076	116.792
ASN_363	-5.7587	2.11038	6.05413	-0.25867	0.08549	0.40243	3.93487	7.64895	0.0477	0.36745	-2.71981	-0.76199	0.04009	0	0	-0.77437	0	0	-0.13505	3.41619	0.47306	0	2.94313	-0.03351	0	0	-0.3009	2.12587	18.9067	112.288	71.7118
PRO_364	-2.78852	1.34032	2.0879	-0.07199	0	0.04519	1.28787	2.51912	0	0	0.09291	0.60608	0.05354	0	0	-0.13199	0	0	-0.26062	0.60195	0.36124	0.24072	0	-1.12003	0	0	-4.6787	3.57368	3.75868	75.2165	123.784
GLY_365	-2.38418	0.39514	1.96807	-5e-05	0	0	0.99448	3.09714	0.00016	0.00165	-0.22554	-0.40481	0	0	0	-0.77437	0	0	-0.13318	0	0	0	0	0.54971	0	0	1.435	1.10929	5.62851	115.001	48.9991
PHE_366	-11.0804	3.88745	5.45663	-0.66687	0.0744	0.03069	3.38602	9.6382	0.01134	0.04298	-1.74372	-0.33123	0	0	0	0	0	0	0.33327	4.09544	0.09887	0	3.99656	-0.1925	0	0	1.9602	-0.44378	18.5536	217.24	19.7604
VAL_367	-4.84673	1.30835	2.61283	-0.28952	0.41585	0.07264	2.04657	4.72329	0	0	-0.6986	-0.50914	0.12805	0	0	-1.73341	0	0	0.02177	0.91142	0.69551	0.21591	0	-0.63953	0	0	2.7371	1.76362	8.93599	131.252	50.7478
PRO_368	-6.04455	2.05755	2.38333	-0.10824	0.00272	0.08022	0.42649	2.95485	0	0	-0.41787	0.30665	0.13985	0	0	0	0	0	-0.20959	0.69963	0.58613	0.1135	0	-1.78755	0	0	-4.6787	2.23476	-1.26082	195.959	3.04075
LEU_369	-5.92253	0.71111	2.51744	-0.50621	0.54019	0.12075	1.15675	4.43653	0.05204	0.4796	0.10496	0.16062	0	0	0	0	0	0	-0.18812	4.71536	3.07925	1.63611	0	-0.31711	0	0	1.3223	0.04596	14.145	190.337	19.6632
GLN_370	-6.15207	1.12198	3.2233	-0.27644	0.05793	0.2078	1.35111	5.23898	0.04147	0.2083	-0.9006	-0.45925	0	0	0	-0.8349	0	0	0.73578	4.87011	0.09494	0	4.77517	0.27432	0	0	-0.1077	0.0345	13.5047	185.81	31.1898
ARG_371	-6.15019	0.85886	6.6578	-0.50873	0.99934	0.26423	2.99827	7.52241	0.00919	0.06458	-2.19123	0.30519	0	0	0	0	0	0	0.03574	21.9225	18.4491	3.47339	0	0.20207	0	0	-0.1423	2.44131	57.2115	184.356	80.6441
THR_372	-5.74062	1.53069	3.0176	-0.16062	0.12924	0.06036	1.64284	5.37483	0.08827	0.80468	-0.38897	-0.64299	0	0	0	0	0	0	-0.05786	1.67183	1.10526	0.56657	0	0.91225	0	5.03031	-0.9333	4.02936	18.0397	156.072	17.9279
GLU_373	-10.2963	1.28537	11.741	-0.29255	0.15443	0.31889	7.77353	13.3463	0.00012	0.00286	-9.77494	-0.26396	0	0	0	-1.82241	-1.07651	0	0.1708	5.4362	0.72198	0	4.71422	0.38088	0	0	-1.6358	1.40126	22.2854	222.23	0.76969
TYR_374	-7.95542	3.80783	4.79005	-0.56617	0.20511	0.28114	3.52404	7.03744	0	0	-2.02054	-0.22241	0	0	0	0	0	0	0.04984	2.82337	0.04333	0	2.78004	-0.48765	0	0	1.7379	-0.52935	15.2986	183.216	64.7838
ASN_375	-7.36799	0.87158	6.28858	-0.19534	0.08177	0.28014	4.71682	8.74158	0.08638	0.48766	-3.25541	-0.89789	0	0	0	0	-1.90155	0	0.45979	4.56588	0.24213	0	4.32375	1.07141	0	0	-0.3009	-0.24863	18.0498	183.278	0.721597
ALA_376	-4.29597	1.94305	2.82934	-0.02264	0	0	3.27678	5.15149	0	0	-2.758	-0.40416	0	0	0	0	0	0	0.00603	0	0	0	0	-0.28455	0	0	2.2619	0.33348	8.03674	136.384	16.616
GLU_377	-9.52099	4.20422	10.145	-0.25318	0.0795	0.2661	6.10493	11.2952	0.0282	0.30744	-7.8319	-0.14881	0	0	0	-1.50075	0	0	1.64184	4.50127	0.05267	0	4.4486	0.01661	0	0	-1.6358	0.18583	22.386	221.176	1.82445
LEU_378	-5.18787	2.30347	3.73624	-0.6235	0.52898	0.17261	3.28198	5.627	0	0	-3.0772	0.22564	0	0	0	0	0	0	-0.11805	2.84227	1.81928	1.02299	0	-0.20869	0	0	1.3223	0.0435	13.7109	128.168	81.8322
TYR_379	-10.9587	3.30054	5.5849	-0.88958	0.75295	0.45172	3.85499	9.17429	0	0	-1.95913	-0.24134	0	0	0	0	0	0	0.25139	5.11571	0.75172	0	4.36399	-0.67055	0	0	1.7379	0.25036	20.8711	242.559	5.44132
TYR_380	-7.55576	1.87182	4.49334	-0.75495	0.58161	0.15705	3.13397	6.91939	0.0001	0.00025	-1.08868	-0.5105	0	0	0	0	0	0	-0.08891	4.12412	0.15686	0	3.96726	-0.30402	0	0	1.7379	0.88239	17.7232	172.225	75.7749
GLY_381	-4.89134	8.04243	4.48332	-0.00036	0	0	2.90321	6.41161	0	0	-1.81791	-0.34109	0	0	0	0	0	0	0.89022	0	0	0	0	2.35767	0	0	1.435	3.35513	22.8279	163.392	0.60815
PHE_382	-6.80986	1.24924	4.38664	-0.59763	0.05711	0.31762	3.11732	6.74661	0.0001	0.00025	-3.34702	0.11791	0	0	0	0	0	0	1.14993	3.82265	0.86327	0	2.95939	-0.19638	0	0	1.9602	2.46184	18.2592	146.465	90.5354
HIS_383	-7.06314	0.76938	7.4729	-0.69008	0.63459	0.9017	2.59047	9.19659	0.0292	0.11289	-2.16876	0.26238	0	0	0	-0.65933	-0.27836	0	0.05097	5.08755	0.50407	0	4.58348	-0.43042	0	0	0.8406	0.68022	22.4269	204.331	36.6686
VAL_384	-4.71058	2.24533	2.25979	-0.27839	0.3296	0.05472	1.3076	4.38446	0	0	0.03534	0.19098	0	0	0	0	0	0	1.26994	10.7032	10.6995	0.00367	0	-0.56875	0	0	2.7371	2.45757	33.1211	108.274	73.7255
THR_385	-7.6809	1.91104	6.65276	-0.10633	0.084	0.06217	3.99036	9.02755	0	0	0.66747	-0.50223	0	0	0	0	0	0	0.74127	0.61321	0.18169	0.43153	0	-1.25982	0	5.02397	-0.9333	2.16429	21.0687	154.164	19.8363
ASN_386	-5.60527	1.68125	5.75155	-0.18264	0.10995	0.29511	2.8939	7.34372	0.03851	0.25594	-1.52679	-0.4104	0	0	0	-0.55405	-0.27836	0	0.03575	2.76998	0.49385	0	2.27613	-0.15123	0	0	-0.3009	0.35499	15.291	135.964	48.0359
TRP_387	-12.2545	5.03202	7.71437	-1.37186	0.76405	0.66801	4.91469	10.92	0.00012	0.00083	-2.26782	-0.8433	0	0	0	-0.14932	0	0	-0.06971	2.94166	0.07549	0	2.86617	-0.02895	0	0	3.7077	0.12734	22.7471	235.244	34.7565
LEU_388	-7.96209	4.42122	4.42793	-0.68522	1.37299	0.17567	3.72439	7.57271	0	0	-1.31801	0.2216	0	0	0	0	0	0	1.14229	28.4186	26.928	1.49062	0	-0.25833	0	0	1.3223	1.23655	72.2312	174.384	35.6161
THR_389	-5.57472	1.42011	4.18011	-0.15181	0.10645	0.05418	3.06904	6.69915	0	0	-2.41559	-0.60544	0	0	0	0	0	0	0.28952	0.88531	0.50646	0.37885	0	-0.34799	0	5.02929	-0.9333	0.79597	13.3856	152.392	21.6079
VAL_390	-5.95949	1.0384	2.02687	-0.28007	0.36668	0.06993	2.6528	4.77479	0	0	-2.21193	-0.45817	0	0	0	0	0	0	0.38216	4.90769	4.64013	0.26755	0	-1.02532	0	0	2.7371	-0.10967	13.8195	142.798	39.2025
ARG_391	-10.3301	16.9391	9.26297	-0.90968	0.49003	0.69597	5.0009	11.1094	0.02166	0.28687	-5.4084	-0.03344	2.73495	0	0	0	-0.48479	0	3.94516	9.28928	3.51651	5.77277	0	-0.08442	0	0	-0.1423	2.98618	54.6586	254.097	10.9029
PRO_392	-5.24925	7.62022	2.7783	-0.17591	0.00055	0.12291	2.1611	3.65163	0	0	-1.57745	0.11839	2.74107	0	0	0	0	0	-0.11885	1.76143	0.43874	1.32269	0	-1.67509	0	0	-4.6787	2.42686	11.6686	139.201	59.7991
ASN_393	-7.81214	1.32189	7.30165	-0.37471	0.18875	0.67409	4.09013	9.26603	0.00849	0.02271	-3.48982	-0.73265	0	0	0	0	-0.59516	0	-0.03072	4.09844	0.44366	0	3.65477	0.53302	0	0	-0.3009	-0.5315	17.7361	176.669	7.33111
LEU_394	-4.05633	1.20769	3.72873	-0.42852	0.16156	0.09387	2.93954	4.98382	0	0	-2.53764	-0.00455	0	0	0	0	0	0	-0.1082	34.0266	32.8082	1.21835	0	-0.21389	0	0	1.3223	0.17721	75.3188	128.489	81.5115
GLN_395	-8.81097	1.97869	7.55822	-0.2851	0.0476	0.24092	4.94583	9.38307	0.00088	0.00283	-4.56397	-0.58479	0	0	0	-0.91996	-1.11844	0	-0.02369	4.80985	0.49785	0	4.312	0.2641	0	0	-0.1077	-0.179	17.4482	216.23	0.76969
TYR_396	-5.88385	1.68945	4.12459	-0.62133	0.08791	0.06041	3.77352	6.45142	0.00082	0.00339	-2.46166	-0.43379	0	0	0	0	0	0	0.42069	5.30382	1.97026	0	3.33357	-0.16103	0	0	1.7379	-0.23926	19.1568	166.994	81.0063
ILE_397	-8.05515	2.49937	3.00165	-0.51988	1.20885	0.12931	2.94906	6.56368	0.03273	0.22013	-2.3378	-0.21798	0	0	0	0	0	0	0.0232	4.10533	3.77423	0.33111	0	-0.76455	0	0	1.8006	0.25651	15.0004	207	0
LYS_398	-6.14787	4.6798	5.97204	-0.90899	0.51196	0.69539	3.29057	6.66768	0.06682	0.46696	-2.43471	0.6717	0	0	0	0	0	0	0.33264	19.6017	16.0953	3.50633	0	0.36729	0	0	-0.8895	0.17366	52.7188	180.314	71.6859
SER_399	-6.32669	3.0395	7.48334	-0.03774	0.02271	0.02947	3.24586	8.67745	0.13084	0.59311	-0.74048	-0.10696	1.22142	0	0	0	0	0	1.58851	0.53936	0.01899	0.52037	0	0.25491	0	4.04	-0.539	4.1244	27.7794	161.106	0.893609
PRO_400	-7.07868	2.25734	3.39533	-0.12842	0.01127	0.09327	1.48995	4.3603	0.01774	0.07494	-0.65618	0.22981	1.22682	0	0	0	0	0	-0.06355	0.40901	0.24855	0.16046	0	-1.43157	0	0	-4.6787	3.90329	3.84098	199	0
GLY_401	-4.83657	1.39669	4.16623	-4e-05	0	0	2.89331	6.08221	0.00045	0.0013	-1.4128	-0.41683	0	0	0	-0.87685	0	0	-0.10569	0	0	0	0	-1.47996	0	0	1.435	0.3315	7.17795	164	0
GLY_402	-5.50984	1.09022	4.90676	-5e-05	0	0	2.94456	7.09015	0	0	-1.98432	-0.41316	0	0	0	0	0	0	0.44965	0	0	0	0	-2.32145	0	0	1.435	-0.23263	7.45488	164	0
VAL_403	-8.04492	1.4815	4.68749	-0.29574	0.48101	0.07059	3.7166	8.34579	0.01774	0.07494	-1.43179	-0.27581	0	0	0	0	0	0	-0.0026	0.36483	0.22805	0.13678	0	-0.3309	0	0	2.7371	-0.79126	11.1694	182	0
ASP_404	-3.6886	0.59851	5.68798	-0.12313	0.04943	0.3862	1.63847	6.06193	0.06188	0.49769	-0.49132	-0.28922	0	0	0	0	0	0	-0.2168	2.44886	0.00123	0	2.44763	-0.03584	0	0	-1.6204	0.39201	13.8065	121.865	63.1347
GLU_405	-4.14734	1.13108	3.44689	-0.48383	0.37523	1.50778	0.87837	4.49461	0.05276	0.45826	-1.08799	-1.4236	0	0	0	0	0	0	-0.00029	7.43319	1.90516	0	5.52804	-0.16965	0	0	-1.6358	0.03555	18.2984	134.793	88.2073
VAL_406	-6.68396	1.70172	3.25425	-0.27439	0.3248	0.06044	2.55109	6.04197	0.12508	0.79558	-0.44716	-0.07185	0	0	0	0	0	0	-0.02671	0.86244	0.62525	0.23718	0	-0.96299	0	0	2.7371	-0.76457	10.0853	175.789	6.21062
ASP_407	-3.18308	0.26875	3.45375	-0.10879	0.01827	0.31499	1.38271	4.56315	0.03321	0.22123	-0.95698	-0.32362	0	0	0	0	0	0	-0.01806	3.80661	0.4863	0	3.32031	0.08257	0	0	-1.6204	-0.75561	10.9853	90.0514	94.9486
ASN_408	-4.60287	2.37833	3.874	-0.1733	0.01447	0.27082	2.53732	5.27784	0.16762	1.14772	-1.62084	-0.31377	0	0	0	0	0	0	-0.13586	3.56052	0.19598	0	3.36455	0.43831	0	0	-0.3009	0.29883	16.3788	126.374	57.6262
ALA_409	-5.27626	0.99638	2.96786	-0.02476	7e-05	0	3.21692	5.99231	0	0	-2.15955	-0.33506	0	0	0	0	0	0	1.20589	0	0	0	0	0.8244	0	0	2.2619	0.81598	10.4861	152.488	0.512343
LEU_410	-6.15038	1.30935	3.70866	-0.56893	1.14219	0.13821	3.1883	5.93789	0.04082	0.14905	-3.68721	0.30229	0	0	0	0	0	0	0.00441	1.96093	1.07709	0.88383	0	-0.5171	0	0	1.3223	0.24358	10.4853	166.179	43.8206
VAL_411	-7.4994	1.09776	2.13972	-0.25839	0.29207	0.05117	2.76799	6.35426	0.00747	0.02359	-2.32665	-0.13981	0	0	0	0	0	0	0.51884	0.83266	0.1641	0.66856	0	-1.24217	0	0	2.7371	-0.41457	5.7743	182	0
ALA_412	-3.50205	10.6583	2.53651	-0.02575	0.00139	0	2.63529	4.52635	0.00488	0.02778	-2.69035	-0.34787	0	0	0	0	0	0	-0.09622	0	0	0	0	0.79784	0	0	2.2619	-0.15139	16.6367	119.638	33.3618
GLY_413	-4.02249	1.03468	3.42607	-0.00089	0	0	2.51369	5.24489	0.00747	0.02359	-2.4292	-0.30261	0	0	0	0	0	0	1.08429	0	0	0	0	1.15881	0	0	1.435	1.67106	10.8444	153.093	10.9073
LEU_414	-6.30292	1.24288	4.02564	-0.58135	0.84673	0.13868	3.20848	6.37722	0.0811	0.26766	-1.52096	0.24626	0	0	0	0	0	0	-0.08293	1.76001	0.75511	1.0049	0	-0.26776	0	0	1.3223	1.97948	14.5005	137.221	72.7786
LYS_415	-10.6456	1.66069	12.9164	-0.37168	0.06909	0.15616	7.54861	13.2888	0.00849	0.02271	-8.10875	0.06337	0	0	0	0	0	0	-0.04565	4.41692	1.65308	2.76384	0	0.5099	0	0	-0.8895	0.52289	25.5398	251.488	0.512343
ILE_416	-5.92907	1.00099	3.3895	-0.50323	4.0555	0.0941	3.28999	5.55851	0.02195	0.08001	-2.45999	0.30003	0	0	0	0	0	0	0.06722	4.7004	4.10238	0.59802	0	-1.17272	0	0	1.8006	-0.41575	18.5784	152.93	54.0699
GLN_417	-5.84076	1.11819	5.72363	-0.28535	0.14552	0.27736	3.96865	7.10176	0.00824	0.04611	-3.61878	-0.70915	0	0	0	0	-0.64564	0	-0.04886	4.98925	0.80257	0	4.18668	0.31384	0	0	-0.1077	-0.2484	17.1772	184.356	32.6436
SER_418	-4.63779	0.92503	4.81399	-0.03257	0.00968	0.04098	3.89189	6.03717	0	0	-3.22025	-0.01184	0	0	0	0	0	0	-0.0541	1.639	0.64616	0.99285	0	-0.43708	0	4.04	-0.539	0.17595	14.2801	145.608	16.3919
SER_419	-4.17932	0.89813	4.56895	-0.04993	0.03135	0.06728	3.3233	5.61665	0.00012	0.00083	-2.37585	-0.01559	0	0	0	0	0	0	0.33138	4.70004	2.37818	2.32186	0	0.83629	0	4.04	-0.539	0.24613	22.2008	144.387	17.6128
PHE_420	-7.88911	5.12409	6.6066	-0.62774	0.11502	0.39061	4.67567	8.36865	0.10144	0.66404	-6.61476	0.40493	0	0	0	0	0	0	0	3.48409	0.03002	0	3.45407	0	0	0	1.9602	0.21605	20.4639	186.111	50.8894