label	fa_atr	fa_rep	fa_sol	fa_intra_atr_xover4	fa_intra_rep_xover4	fa_intra_sol_xover4	lk_ball	lk_ball_iso	lk_ball_bridge	lk_ball_bridge_uncpl	fa_elec	fa_intra_elec	pro_close	hbond_sr_bb	hbond_lr_bb	hbond_bb_sc	hbond_sc	dslf_fa13	omega	fa_dun	fa_dun_dev	fa_dun_rot	fa_dun_semi	p_aa_pp	yhh_planarity	hxl_tors	ref	rama_prepro	total	BSA	SASA
GLY_1	-0.65417	0.09958	0.69423	-0.00053	0	0	0.19883	0.85301	0	0	0.67131	0.30767	0	0	0	0	0	0	0.04499	0	0	0	0	0	0	0	1.435	0	3.64992	34.3872	129.613
GLN_2	-1.19	2.29493	1.02446	-0.3041	0.08268	0.27487	0.17634	1.09071	0	0	-0.0183	-0.7251	0	0	0	0	0	0	0.1353	4.45148	0.07426	0	4.37722	0.02908	0	0	-0.1077	0.26248	11.9286	40.8156	176.184
SER_3	-1.18889	1.16496	1.49461	-0.03969	0.03124	0.06051	0.39744	1.7537	0.00013	0.0008	0.53467	-0.6409	0.37333	0	0	0	0	0	0.04525	1.7873	1.18319	0.60411	0	0.833	0	1.7239	-0.539	3.83196	13.4116	48.8271	113.173
PRO_4	-2.18499	3.39216	1.95211	-0.19215	0.05627	0.13544	0.80885	2.07494	0.06752	0.4434	-0.796	-0.04376	0.38995	0	0	0	0	0	0.43418	19.0178	18.5012	0.51662	0	1.44186	0	0	-4.6787	5.8201	47.1568	109.087	89.9126
THR_5	-3.67858	4.39028	1.46061	-0.18943	0.21821	0.08519	1.28061	3.09152	0.00013	0.0008	-0.33913	-0.36818	0	0	0	0	0	0	0.1751	2.60748	2.04332	0.56417	0	1.34728	0	2.30687	-0.9333	4.68314	18.7461	127.905	46.0947
MET_6	-5.30782	5.906	2.71689	-0.59295	1.62202	0.06971	1.44202	3.96206	0.06752	0.4434	-0.27976	0.07971	1.12331	0	0	0	0	0	0.99624	3.79251	0.81823	2.97428	0	0.03553	0	0	1.4633	5.1092	26.4414	215.157	46.8431
PRO_7	-6.94421	13.1113	2.35745	-0.1782	0.00065	0.12211	1.30345	2.75407	0	0	1.01044	0.12685	1.14399	0	0	0	0	0	-0.04742	1.42851	0.06951	1.359	0	-1.59876	0	0	-4.6787	1.99067	13.3307	194.743	4.25705
GLN_8	-1.84761	0.50613	1.53659	-0.42959	0.15697	0.35184	0.9914	2.12282	0	0	0.89873	-0.19634	0	0	0	0	0	0	0.58787	6.11554	0.03496	0	6.08058	0.01456	0	0	-0.1077	-0.82907	15.9877	49.5887	167.411
GLY_9	-1.51055	0.2123	1.17775	-8e-05	0	0	0.67889	1.8294	0	0	0.51808	-0.38173	0	0	0	0	0	0	0.03081	0	0	0	0	0.87869	0	0	1.435	0.16465	5.03322	107.281	56.7194
PHE_10	-6.08484	1.01185	1.40797	-0.51271	0.41054	0.20619	1.13555	3.69147	0	0	0.66897	0.32891	0	0	0	0	0	0	-0.04222	5.46083	1.20614	0	4.25468	-0.25176	0	0	1.9602	1.68274	16.5345	202.311	34.6887
SER_11	-1.46683	0.19705	1.77348	-0.03264	0.0015	0.03953	0.60241	2.14716	0.06168	0.40192	0.60348	-0.16448	0	0	0	0	0	0	-0.02984	1.50684	0.9321	0.57474	0	-0.15434	0	4.0383	-0.539	1.59467	12.0877	88.9612	73.0388
GLN_12	-3.20991	0.17165	2.6809	-0.51026	0.59002	0.41856	1.02554	3.22105	0	0	-0.25304	-0.02271	0	0	0	0	0	0	0.35985	8.02272	0.11151	0	7.91121	0.32127	0	0	-0.1077	0.15878	20.8894	165.439	51.5612
MET_13	-6.92016	8.13089	3.89094	-0.47623	0.86796	0.16913	2.17521	5.77465	0.07346	0.40695	0.42528	0.03419	0	0	0	0	0	0	-0.05573	2.97522	0.44865	2.52656	0	0.33768	0	0	1.4633	0.40992	22.6579	236.637	25.3629
THR_14	-1.84282	0.30415	1.58406	-0.18274	0.2137	0.11137	0.3031	2.05136	0	0	0.26582	0.12195	0	0	0	0	0	0	0.31478	2.84016	0.47848	2.36168	0	0.20397	0	5.00302	-0.9333	0.40895	13.6077	56.8491	117.151
SER_15	-1.90346	0.59149	1.73058	-0.06113	0.01005	0.08625	0.27684	2.29871	4e-05	0.00011	0.52318	-0.04197	0	0	0	0	0	0	-0.06957	4.99315	1.26126	3.73189	0	0.37535	0	4.03957	-0.539	0.62698	17.9304	82.3524	79.6476
PHE_16	-6.8012	6.76205	0.34672	-0.85173	0.14116	0.25384	0.61547	3.31838	0	0	0.00143	-0.60431	0	0	0	0	0	0	0.38763	3.89745	0.11088	0	3.78657	-0.45556	0	0	1.9602	0.87739	13.7464	209.334	27.6661
GLN_17	-5.51164	5.2955	5.61168	-0.31384	0.18575	0.29822	3.23321	6.58902	4e-05	0.00011	-2.35113	-0.43712	0	0	0	0	-0.38606	0	0.19881	5.14652	0.90195	0	4.24457	0.16426	0	0	-0.1077	1.51287	24.275	142.495	74.5047
SER_18	-5.63782	1.72625	4.56927	-0.0225	0	0.01892	3.09624	6.44815	0	0	-1.06017	-0.60936	0	0	0	0	-0.66968	0	-0.05495	3.42019	2.72567	0.69452	0	0.53929	0	1.38113	-0.539	1.96294	17.9891	151.857	10.143
ASN_19	-4.60351	14.1264	3.68924	-0.40651	0.05331	0.66571	0.99853	4.99473	0	0	0.12312	0.09316	0	0	0	-0.91353	0	0	-0.00653	7.21919	0.62141	0	6.59777	0.03075	0	0	-0.3009	0.78817	33.7705	106.359	77.6406
LYS_20	-7.20832	6.56049	7.07727	-0.68827	2.25699	0.37025	3.20893	7.84517	0	0	-1.15364	0.26703	0	0	0	0	-0.38606	0	0.06153	5.39553	1.85962	3.5359	0	-0.35248	0	0	-0.8895	0.05224	27.8127	174.673	77.3273
PHE_21	-8.60296	4.8223	1.79933	-0.97144	0.1824	0.51193	2.50002	5.45161	9e-05	0.00124	-1.35897	0.1942	0	0	0	-0.43994	0	0	0.0238	5.58541	0.36954	0	5.21587	0.06237	0	0	1.9602	-0.20515	17.1019	235.718	1.28203
GLN_22	-6.60274	6.76764	5.17384	-0.43964	0.25336	0.34561	2.73825	6.88839	0.03423	0.40202	-1.36298	-0.39396	0	0	0	-0.91353	0	0	0.26063	7.18048	1.76055	0	5.41994	0.34019	0	0	-0.1077	-0.05012	27.6945	155.218	61.7824
GLY_23	-2.98175	0.21738	3.73422	-0.00105	0	0	2.81567	4.75258	0	0	-2.64457	-0.31635	0	0	0	0	0	0	-0.06458	0	0	0	0	-2.5308	0	0	1.435	1.02318	5.43893	132.278	31.7219
GLU_24	-3.69999	10.7336	1.66322	-0.44681	0.10974	1.29645	0.59076	2.94711	0	0	-0.48079	-0.29438	0	0	0	0	0	0	0.13914	7.98344	0.04751	0	7.93593	0.02131	0	0	-1.6358	0.70604	27.6165	123.588	99.4117
TRP_25	-12.7224	3.7036	5.48925	-0.83641	0.04317	0.28772	4.20379	11.042	0	0	-2.48192	-0.20301	0	0	0	-0.43994	0	0	0.16946	3.40742	0.2253	0	3.18212	-0.4013	0	0	3.7077	0.63613	19.0127	264.612	5.38783
PHE_26	-8.60716	2.51913	3.59441	-0.58773	0.19405	0.29392	3.32516	7.28373	0	0	-3.5975	0.20358	0	0	0	0	0	0	0.04586	3.06627	0.07207	0	2.9942	-0.43382	0	0	1.9602	0.49717	12.8235	214.386	22.6142
VAL_27	-7.17203	1.13981	2.67161	-0.292	0.32464	0.06621	2.73987	6.38497	0	0	-0.71386	-0.22199	0	0	0	0	0	0	0.31487	2.4857	2.34275	0.14295	0	-0.08471	0	0	2.7371	0.05801	12.9239	175.562	6.43789
LEU_28	-8.40285	6.02266	2.71295	-0.72319	3.79671	0.18862	2.17894	6.12788	0	0	-1.29425	0.21518	0	0	0	0	0	0	0.07161	4.96518	1.12295	3.84224	0	-0.29101	0	0	1.3223	0.02402	21.8799	204.877	5.12343
GLY_29	-4.9392	3.47243	3.56641	-0.00101	0	0	2.87224	5.86251	0	0	-2.38416	-0.34789	0	0	0	0	0	0	-0.13728	0	0	0	0	1.71626	0	0	1.435	2.0937	13.209	164	0
LEU_30	-6.46744	1.38462	3.31858	-0.57613	7.8231	0.13798	3.37211	5.848	0	0	-1.69082	0.32158	0	0	0	0	0	0	0.0881	5.04755	4.15114	0.89641	0	-0.09489	0	0	1.3223	3.64043	28.5226	195.392	14.6077
ALA_31	-6.45006	20.3903	2.56413	-0.02364	0.00041	0	3.42058	6.26363	0	0	-2.71914	-0.39741	0	0	0	0	0	0	0.30328	0	0	0	0	0.62355	0	0	2.2619	1.5305	27.768	153	0
ASP_32	-8.98987	12.2438	10.5643	-0.18981	0.1176	0.59044	5.83894	12.3247	0.05744	0.31553	-5.54441	-1.48149	0	0	0	-0.73446	-0.65061	0	-0.02444	3.86866	0.01347	0	3.85519	-0.08628	0	0	-1.6204	1.28728	31.7556	180.743	4.25705
ASN_33	-6.55054	3.51329	6.66499	-0.34789	0.79107	0.57102	3.97017	8.79648	0	0	-1.03834	-0.17235	0	0	0	0	-0.14936	0	-0.23156	9.13545	0.26512	0	8.87033	0.2387	0	0	-0.3009	1.47645	35.5021	126.059	57.9408
THR_34	-4.4431	1.91269	4.68354	-0.1351	0.11193	0.08596	2.31237	6.0035	0	0	-3.49465	0.29751	0	0	0	-0.73446	-0.50125	0	-0.10706	0.5141	0.46033	0.05376	0	-0.47408	0	4.91283	-0.9333	1.24869	11.7742	119.551	54.4493
TYR_35	-6.10935	15.3186	4.33749	-0.51366	0.10245	0.08107	1.66861	5.49302	0.05744	0.31553	-0.39137	-0.22356	0	0	0	0	0	0	0.32041	20.4437	16.2731	0	4.17059	-0.56182	0.54443	1.08887	1.7379	0.47416	64.6277	177.065	70.9348
LYS_36	-3.73076	1.22852	3.849	-0.44154	0.2721	0.46293	1.50732	4.66481	0	0	-0.11328	-0.02327	0	0	0	0	0	0	0.64939	4.08283	0.64796	3.43486	0	0.44765	0	0	-0.8895	-0.14507	15.9039	109.761	142.239
ARG_37	-4.40539	2.58039	4.48316	-0.58307	0.78455	0.33457	2.30426	4.98215	0.03941	0.29098	-1.30642	0.76022	0	0	0	-0.49016	-0.16427	0	-0.11322	5.41285	2.36889	3.04396	0	-0.27694	0	0	-0.1423	-0.28885	19.6148	132.271	132.729
GLU_38	-2.92677	2.54191	2.69305	-0.214	0.12461	0.31957	0.64047	3.09432	0	0	0.24129	-0.4986	0	0	0	0	0	0	1.36261	5.54339	0.47151	0	5.07187	-0.22287	0	0	-1.6358	-0.72252	15.884	81.7426	141.257
HIS_39	-3.28464	1.53684	2.92891	-0.43724	0.40861	0.46606	1.10662	3.70553	0	0	0.08535	-0.33401	0	0	0	0	0	0	0.63774	6.28389	0.4557	0	5.82819	-0.96325	0	0	0.8406	0.57059	19.8355	79.1979	161.802
ARG_40	-5.27547	5.285	4.39476	-0.75106	0.29373	0.48743	2.03861	5.35288	0	0	-0.69266	1.01337	1.12316	0	0	-0.49016	0	0	0.35549	4.08233	0.55033	3.532	0	0.66259	0	0	-0.1423	4.53558	26.3556	130.222	134.778
PRO_41	-5.45346	27.3505	2.48777	-0.1199	0.00043	0.08593	1.23633	2.78777	0	0	1.15963	0.30173	1.17994	0	0	0	0	0	0.04714	0.45913	0.35503	0.1041	0	-2.01957	0	0	-4.6787	3.72319	29.007	181.375	17.6248
LEU_42	-5.64429	15.3996	0.8703	-0.67158	1.65123	0.16976	0.62164	2.70704	0	0	0.40134	0.17549	0	0	0	0	0	0	0.34974	10.8763	8.71497	2.1613	0	-0.08308	0	0	1.3223	0.66078	39.6828	109.134	100.866
LEU_43	-7.86766	11.3589	2.69001	-0.4689	1.83381	0.06761	1.75986	6.0972	0	0	1.06307	0.28001	0	0	0	0	0	0	0.05306	2.71911	1.89136	0.82775	0	0.98443	0	0	1.3223	2.52474	27.1366	186.696	23.3042
HIS_44	-3.51945	0.89725	2.65331	-0.44488	0.00894	0.52165	0.84973	3.3112	0	4e-05	0.44774	-0.59328	0	0	0	0	0	0	0.31516	6.20703	1.58162	0	4.62541	-0.18551	0	0	0.8406	2.93461	20.4512	138.925	102.075
SER_45	-3.99636	1.37421	2.6977	-0.04945	0.00059	0.07458	1.08249	3.6761	2e-05	0.00063	-0.39405	-0.35147	0	0	0	0	0	0	-0.05931	2.88567	1.53593	1.34974	0	-0.29225	0	2.17591	-0.539	1.22366	12.3953	158.383	3.61667
PHE_46	-8.65494	22.0639	2.14186	-0.65507	0.07583	0.43564	2.53144	5.43243	0	0	-1.75591	0.20019	0	0	0	0	0	0	-0.02189	9.12459	5.64373	0	3.48086	-0.34535	0	0	1.9602	0.81932	42.4769	224.884	12.1161
ILE_47	-6.80927	2.62846	3.08875	-0.51327	1.5749	0.12559	2.77582	5.91953	0.01146	0.03269	-2.05498	-0.1208	0	0	0	0	0	0	0.0255	2.0698	1.75292	0.31688	0	-0.7263	0	0	1.8006	0.67475	12.573	181.116	25.8839
THR_48	-7.12777	5.77276	4.43627	-0.24206	1.05275	0.11013	3.58976	7.38097	0.01346	0.08893	-1.41358	-0.72267	0	0	0	0	0	0	-0.09386	2.47763	0.0124	2.46523	0	0.04928	0	4.13526	-0.9333	0.21283	21.2644	163.113	10.8874
LEU_49	-8.49189	24.0664	5.59848	-0.54833	2.15672	0.116	3.96845	8.19782	0.02497	0.12176	-2.02426	0.20668	0	0	0	0	0	0	0.0658	6.52029	5.82667	0.69363	0	-0.60299	0	0	1.3223	-0.37546	46.843	173.867	36.1331
PHE_50	-9.28469	4.73393	2.6966	-0.53752	1.15768	0.22105	2.73677	6.24491	0.03433	0.40326	-1.98077	-0.45958	0	0	0	0	0	0	-0.09344	8.24666	2.4025	0	5.84416	-0.32353	0	0	1.9602	-0.25196	23.7506	228.92	8.0799
LYS_51	-7.46785	18.5584	7.80458	-0.63552	1.72446	0.52633	4.55237	8.5374	4e-05	0.00014	-3.87893	0.19732	0	0	0	0	-0.65129	0	0.02733	6.9656	0.91945	6.04615	0	0.15612	0	0	-0.8895	-0.07526	42.4174	182.366	69.6335
LEU_52	-5.69469	19.5534	1.66907	-0.54622	2.93365	0.12751	0.53423	4.13575	0	0	0.11459	0.21702	0	0	0	0	0	0	-0.1593	5.72366	4.0324	1.69126	0	-0.11303	0	0	1.3223	0.66399	36.2056	160.56	49.4399
ARG_53	-4.50512	14.5717	4.38626	-0.81321	2.12082	0.42767	1.64614	4.6945	0	0	-0.52858	0.60009	0	0	0	0	0	0	0.15306	5.26651	1.21498	4.05153	0	-0.04844	0	0	-0.1423	3.18808	36.2837	119.827	145.173
ASP_54	-3.06308	1.084	4.65397	-0.17497	0.00972	0.58457	2.23952	4.8551	0.00032	0.0012	0.05092	-0.61387	0	0	0	0	-0.84344	0	0.05394	4.99547	0.08701	0	4.90846	-0.05583	0	0	-1.6204	4.58451	21.7371	71.403	113.597
ASN_55	-3.35223	0.37894	5.29878	-0.31737	0.07289	0.4901	2.98711	5.68154	0.10296	0.32144	-1.14507	-0.59293	0	0	0	-0.90013	-1.10244	0	-0.00288	7.90051	0.15812	0	7.74239	0.08991	0	0	-0.3009	3.78865	27.2994	94.7512	89.2488
SER_56	-4.70469	7.20221	4.72518	-0.06631	0.00569	0.09726	2.01668	5.39889	0.00631	0.04266	-0.37654	-1.06083	0	0	0	-0.60224	-0.66968	0	0.26565	3.21304	0.2455	2.96753	0	-0.75247	0	2.5149	-0.539	4.65933	24.5891	149.667	12.3334
GLU_57	-8.66047	18.7116	9.51428	-0.5249	0.75265	1.70034	5.88195	10.6034	0.09696	0.27998	-6.28809	-2.46626	0	0	0	-1.50237	-0.25899	0	-0.039	7.38827	1.03909	0	6.34918	0.07713	0	0	-1.6358	2.90266	43.9216	200.396	22.6038
PHE_58	-11.6356	9.80961	3.6359	-0.57409	0.1428	0.25202	4.53596	8.18926	0	0	-1.89536	0.13108	0	0	0	0	0	0	1.08673	4.15701	0.367	0	3.79002	-0.29886	0	0	1.9602	-0.41059	23.243	236.23	0.76969
GLN_59	-7.42179	12.1796	7.58211	-0.42128	0.1903	0.33136	4.03612	8.70376	0	0	-2.56565	-0.41149	0	0	0	0	0	0	-0.0175	4.30233	0.21303	0	4.0893	0.15878	0	0	-0.1077	0.90608	31.7473	170.768	46.2318
VAL_60	-8.09128	8.75726	4.30636	-0.41716	1.16725	0.11451	4.06528	8.12903	0.00143	0.00374	-2.90097	-0.24949	0	0	0	0	0	0	0.27994	7.57391	3.242	4.33192	0	-0.09856	0	0	2.7371	1.67254	34.6248	177.389	4.61109
THR_61	-6.748	1.86605	7.39464	-0.18909	0.28295	0.07598	5.16492	8.96598	0	0	-3.81046	0.0446	0	0	0	0	-1.09918	0	-0.05227	1.33167	1.1173	0.21438	0	0.62057	0	4.16234	-0.9333	1.61513	20.0242	152.381	21.6189
ASN_62	-7.79334	3.83905	6.13214	-0.27616	0.01862	0.42816	3.90091	8.63835	0.00172	0.00448	-1.91469	-0.37644	0	0	0	0	0	0	-0.05239	4.13097	0.23671	0	3.89426	-0.0003	0	0	-0.3009	0.87598	21.3871	176.137	7.86271
SER_63	-4.54063	3.46086	4.35383	-0.03479	0.01852	0.05113	2.59505	5.51551	0.03486	0.41703	-2.52763	-0.633	0	0	0	0	0	0	0.52187	2.13768	1.59651	0.54117	0	0.77736	0	1.72115	-0.539	0.5512	16.0187	150.252	11.7481
MET_64	-9.08577	4.39701	4.53778	-0.59655	1.41156	0.32247	3.38412	6.63353	0.00045	0.00162	-2.1985	-0.43842	0	0	0	0	0	0	0.38455	7.58227	3.20831	4.37396	0	0.26201	0	0	1.4633	2.03929	27.683	243.401	18.5992
THR_65	-7.36329	17.2045	2.96081	-0.17887	0.13514	0.07155	1.67795	6.26314	0.04879	0.53591	-0.61415	0.13386	0	0	0	0	0	0	0.22607	1.59125	1.45466	0.1366	0	0.66736	0	4.3209	-0.9333	2.10215	30.4411	172.784	1.2163
ARG_66	-7.30584	11.5037	5.77838	-0.84576	1.44999	0.65552	2.20369	6.93173	0.03182	0.28567	-1.50036	0.38223	0	0	0	0	0	0	-0.06083	8.43931	3.06426	5.37505	0	0.21063	0	0	-0.1423	1.42794	37.8849	150.578	114.422
GLY_67	-1.67662	0.1419	2.02047	-0.00024	0	0	0.65916	2.65223	0	0	0.30164	-0.34323	0	0	0	0	0	0	0.09915	0	0	0	0	-2.25957	0	0	1.435	2.52216	5.55206	100.115	63.8855
LYS_68	-3.14631	0.44951	2.17278	-0.79975	3.07676	0.58986	0.38545	2.9003	0.0157	0.04746	0.02858	-0.02523	0	0	0	0	0	0	0.16905	7.18385	1.03788	6.14597	0	0.01494	0	0	-0.8895	1.71027	21.0676	108.649	143.351
HIS_69	-3.35913	0.20763	3.66333	-0.41356	0.02085	0.41041	2.05884	4.97584	0.00016	0.00088	-1.08485	-0.38711	0	0	0	0	0	0	0.22244	3.93625	0.51109	0	3.42516	-0.09178	0	0	0.8406	-0.23049	14.7066	76.9563	164.044
CYS:disulfide_70	-5.34719	9.20638	1.684	-0.05338	0	0.03689	0.55546	3.39923	0.0157	0.04746	0.31103	-0.383	0	0	0	0	0	-0.28859	0.18321	2.47492	0.12433	2.35059	0	-0.0587	0	0	4.3148	-0.59205	17.9811	116.621	39.3792
SER_71	-4.24947	1.29895	4.65726	-0.03292	0.00202	0.04679	2.51857	5.54138	0.03182	0.28567	-1.8022	-0.50701	0	0	0	0	0	0	-0.04901	0.69122	0.29761	0.39361	0	0.11575	0	2.51672	-0.539	-0.15711	11.0607	114.029	47.9713
THR_72	-3.5902	4.78595	1.11459	-0.11726	0.09148	0.09492	0.70933	2.73432	0	0	-0.53875	-0.37729	0	0	0	0	0	0	-0.02439	1.91763	0.02979	1.88783	0	-0.32529	0	2.81419	-0.9333	0.34063	10.6142	99.0024	74.9976
TRP_73	-6.79756	2.54272	3.63212	-1.48494	0.35032	1.0205	3.10601	6.19104	0	0	-1.50808	-0.28777	0	0	0	0	0	0	0.19071	5.47879	1.64319	0	3.83559	0.02484	0	0	3.7077	0.22566	21.8708	185.182	84.8176
SER_74	-3.81844	6.74555	2.68632	-0.03143	0.00216	0.02322	1.23166	3.84846	0	0	-1.20647	-0.36298	0	0	0	0	-0.44789	0	0.19232	1.27094	0.64525	0.62569	0	0.64119	0	1.97367	-0.539	0.30203	13.7822	108.582	53.4183
TYR_75	-6.14959	4.73866	4.09449	-0.54462	0.04016	0.24719	3.33622	6.22123	0.01898	0.06152	-1.57758	-0.09886	0	0	0	0	0	0	0.06909	3.35692	0.4458	0	2.91112	-0.41896	0.40623	0.81246	1.7379	0.77032	20.4787	131.236	116.764
THR_76	-5.17816	1.28513	2.79798	-0.17212	0.11656	0.06447	1.73654	4.74013	0.00241	0.03398	-1.36677	-0.61242	0	0	0	0	0	0	0.12793	2.32814	2.05236	0.27578	0	0.24482	0	3.16445	-0.9333	1.10119	11.8091	140.186	33.814
LEU_77	-9.93411	12.9217	3.29971	-0.5361	0.83566	0.12875	3.27728	6.87917	0.01898	0.06152	-2.08654	0.21356	0	0	0	0	0	0	0.02954	2.98095	1.52415	1.4568	0	-0.52401	0	0	1.3223	0.23612	22.1054	210	0
ILE_78	-7.21375	7.85026	4.88667	-0.66085	1.93294	0.13548	3.54643	6.98054	0	0	-2.23797	0.39244	0.0042	0	0	0	0	0	0.38551	3.0625	1.78242	1.28008	0	-1.12173	0	0	1.8006	1.7072	24.513	161.458	45.5422
PRO_79	-5.4716	9.3384	2.47328	-0.18877	0.00368	0.13281	0.88201	2.91529	0	0	-1.17464	0.06407	0.02314	0	0	0	0	0	-0.07895	0.89544	0.00693	0.88851	0	-1.24328	0	0	-4.6787	1.26772	6.05533	161.276	37.7238
THR_80	-4.37558	1.71856	4.57076	-0.10984	0.04332	0.05607	2.89138	5.66145	0.05107	0.26659	-1.45633	-0.6212	0	0	0	-0.8508	0	0	0.88718	0.6026	0.07483	0.52778	0	-0.10529	0	4.28317	-0.9333	1.72202	14.9044	100.36	73.6395
ASN_81	-1.31536	0.19873	1.34553	-0.40161	0.0644	0.87501	0.25476	1.49393	0	0	0.49204	-0.3451	0	0	0	0	0	0	-0.08003	5.79408	0.06618	0	5.7279	0.08996	0	0	-0.3009	2.11974	16.0792	34.282	149.718
LYS_82	-5.22352	6.64235	6.07596	-0.57167	0.55069	0.377	2.71044	6.14528	0.05922	0.30079	-0.24536	0.5227	0.41336	0	0	-0.8508	0	0	-0.05078	4.27653	0.95381	3.32272	0	0.03189	0	0	-0.8895	2.35555	26.9067	159.793	92.2071
PRO_83	-3.19992	3.20073	2.6351	-0.15946	0.11823	0.10973	1.02231	2.80597	0.00793	0.03249	0.16841	0.08386	0.41934	0	0	0	0	0	0.38373	4.31937	3.52932	0.79005	0	-0.18803	0	0	-4.6787	4.58463	15.9851	149.298	49.702
GLY_84	-3.5087	1.50067	2.7877	-7e-05	0	0	1.88453	4.23087	0	0	-1.13515	-0.36396	0	0	0	0	0	0	-0.3787	0	0	0	0	-2.51929	0	0	1.435	2.49794	6.43083	159.085	4.91485
GLN_85	-8.94129	6.70225	7.8829	-0.70615	0.22142	0.46059	4.01652	9.61042	0.01008	0.1083	-1.43287	-0.81338	0	0	0	0	0	0	0.66061	7.60833	0.31691	0	7.29142	0.48919	0	0	-0.1077	0.46713	33.8447	192.554	24.4456
PHE_86	-11.812	7.84498	4.09816	-0.60441	0.52422	0.36166	3.82714	8.9036	0	0	-2.73243	0.17917	0	0	0	0	0	0	0.8117	4.22172	0.90185	0	3.31987	-0.47274	0	0	1.9602	0.73076	22.0635	236.23	0.76969
THR_87	-6.00219	0.87923	5.00642	-0.14304	0.08665	0.05282	3.70717	7.14998	0.00194	0.0741	-1.84639	-0.65226	0	0	0	0	0	0	-0.07141	1.62553	0.66771	0.95783	0	0.66338	0	5.03586	-0.9333	1.81836	18.0784	141.247	32.7527
ARG_88	-9.34827	5.71881	7.07427	-0.50478	0.68053	0.27274	4.65762	8.90738	0.03024	0.36029	-2.25881	0.38308	0	0	0	0	-0.43482	0	-0.15519	8.88945	4.94445	3.945	0	0.23203	0	0	-0.1423	1.80177	35.0535	225.707	39.2929
ASP_89	-4.13	4.61673	5.43656	-0.20394	0.02398	0.62099	2.77085	5.65094	0.07959	0.50251	-2.87624	-0.65284	0	0	0	-0.15477	0	0	-0.11967	4.87533	0.4863	0	4.38902	-1.0905	0	0	-1.6204	0.6996	19.304	149.883	35.1168
ASN_90	-5.46155	0.92325	5.41745	-0.33141	0.10505	0.63496	2.39959	6.922	0	0	-0.24196	-0.38694	0	0	0	-0.35683	0	0	0.14016	7.02777	1.63613	0	5.39164	-1.15931	0	0	-0.3009	-0.04708	22.312	137.762	46.2383
ARG_91	-2.74161	0.98277	4.17485	-0.61676	0.21002	0.37385	2.2402	4.337	0.00569	0.03886	-1.09242	0.36483	0	0	0	-0.15477	0	0	0.67586	3.17165	0.05378	3.11787	0	-0.181	0	0	-0.1423	-0.42815	14.3902	66.9894	198.011
GLY_92	-0.96172	0.29231	1.3206	-7e-05	0	0	0.28558	1.68071	0.0715	0.42967	-0.24582	-0.42491	0	0	0	0	0	0	0.0337	0	0	0	0	0.17112	0	0	1.435	1.40111	5.48878	75.9316	88.0684
SER_93	-3.51003	1.85199	3.23544	-0.02189	0	0.0291	2.01977	4.42575	0	0	0.03093	-0.91492	0	0	0	0	0	0	0.23123	3.37852	0.22137	3.15715	0	-0.64684	0	1.71966	-0.539	1.84883	16.5171	103.317	58.6829
GLY_94	-1.73007	0.55685	1.79268	-0.00014	0	0	0.52872	2.61712	0.1158	0.41727	0.69195	-0.23727	0.03815	0	0	0	0	0	0.00535	0	0	0	0	-0.22782	0	0	1.435	6.59593	12.5995	124.595	39.4052
PRO_95	-1.21332	0.60921	0.98162	-0.06712	0	0.04291	0.51457	1.16474	0	0	0.84012	0.6849	0.06095	0	0	0	0	0	0.07682	1.38084	1.26445	0.1164	0	1.60874	0	0	-4.6787	8.67865	12.0658	34.7585	164.241
GLY_96	-1.75319	0.57347	2.16459	-0.00013	0	0	0.70776	2.81451	0.1158	0.41727	-0.30806	-0.36594	0	0	0	0	0	0	0.14247	0	0	0	0	0.91407	0	0	1.435	4.8619	11.7195	110.238	53.7619
ALA_97	-4.06229	0.70132	2.57369	-0.03034	0.029	0	1.35241	4.7481	0	0	-0.66256	-0.50592	0	0	0	0	0	0	0.10417	0	0	0	0	-0.02878	0	0	2.2619	4.07434	10.555	123.263	29.7373
ASP_98	-4.18526	2.23692	5.59583	-0.1155	0.00462	0.33885	1.92345	6.49974	0	0	-2.61504	-0.75537	0	0	0	-0.35683	-0.38794	0	-0.07521	5.47658	0.50043	0	4.97615	-0.67611	0	0	-1.6204	1.10132	17.8662	133.203	51.7971
LYS_99	-5.13638	0.3749	4.95347	-0.30414	0.06844	0.14398	2.75372	5.5531	0	0	-0.69221	0.01659	0	0	0	0	0	0	0.3008	3.1402	0.73394	2.40626	0	-0.09645	0	0	-0.8895	0.14645	13.4732	171.322	80.6777
GLU_100	-9.49293	6.71343	10.342	-0.26898	0.04858	0.28842	5.75836	11.2584	0	0	-7.13539	-0.3393	0	0	0	0	-1.82235	0	0.05172	5.4079	0.46176	0	4.94614	0.19122	0	0	-1.6358	0.81381	25.587	216.754	6.24628
ASN_101	-5.59984	4.95239	5.07956	-0.17193	0.00985	0.28434	3.61456	7.13318	0.01196	0.04189	-3.06656	-0.21263	0	0	0	0	0	0	-0.13858	6.40372	0.0007	0	6.40302	-0.32831	0	0	-0.3009	0.25067	24.3671	141.569	42.4312
ILE_102	-9.19177	9.09717	3.81327	-0.59753	1.30194	0.15244	3.38984	7.67243	0	0	-1.39046	0.11077	0	0	0	0	0	0	-0.0913	10.8723	6.7118	4.16047	0	-1.24756	0	0	1.8006	-0.79768	35.7667	203.411	3.58875
GLN_103	-8.49613	1.90274	6.28038	-0.34443	0.06993	0.19044	3.73853	8.75216	0.01196	0.04189	-3.10333	-0.22974	0	0	0	0	0	0	0.11342	3.91398	0.20888	0	3.70511	0.02405	0	0	-0.1077	0.24418	16.9163	203.807	13.1933
VAL_104	-7.28358	3.62373	0.80544	-0.28582	0.25628	0.06032	1.48099	5.02911	0.06553	0.37446	-0.36843	-0.07777	0	0	0	0	0	0	0.03207	3.93207	3.87291	0.05916	0	-0.31774	0	0	2.7371	0.96232	14.9581	181.23	0.76969
ILE_105	-8.05253	5.5277	2.37633	-0.64728	2.89881	0.15233	1.96201	5.26836	0	0	0.23645	0.00846	0	0	0	0	0	0	0.24678	4.79172	0.29221	4.49951	0	-0.64613	0	0	1.8006	0.15894	20.8743	207	0
GLU_106	-5.88305	2.24912	4.75561	-0.46587	0.66264	0.81488	2.93546	6.1424	0.06169	0.40196	-0.95374	-1.29159	0	0	0	0	0	0	0.69205	16.6964	8.83607	0	7.86031	0.48359	0	0	-1.6358	2.4257	44.7878	170.294	52.7056
THR_107	-5.57975	8.22972	2.46448	-0.23504	0.33345	0.09517	1.53029	4.24733	0	0	0.33889	-0.85596	0	0	0	0	0	0	0.0894	2.06598	0.13031	1.93566	0	-0.21512	0	5.07245	-0.9333	2.47175	21.1857	156.484	17.5161
ASP_108	-5.48272	3.11398	6.4022	-0.18029	0.0836	0.54855	4.83549	7.7886	1e-05	3e-05	-2.75748	-0.72835	0	0	0	0	0	0	0.52903	12.1233	7.04729	0	5.07597	-1.35982	0	0	-1.6204	0.38519	35.8041	135.189	49.8114
TYR_109	-5.62741	3.6651	3.5103	-0.84645	0.19294	0.47237	1.36368	5.22752	0	0	-0.52763	-0.4774	0	0	0	0	0	0	-0.43741	11.1041	7.63263	0	3.47143	0.68116	0.44643	0.89286	1.7379	1.5992	34.0813	168.482	79.5178
VAL_110	-3.97006	2.83853	2.89774	-0.30007	0.49967	0.05545	1.82037	4.27549	0	0	-1.0304	0.14439	0	0	0	-0.23663	0	0	0.41712	1.06833	0.5477	0.52063	0	0.59766	0	0	2.7371	1.32374	14.2068	97.4548	84.5452
LYS_111	-6.36166	8.99906	5.59105	-0.56592	2.06243	0.2052	2.78485	6.3416	0.05935	0.42304	-1.4728	0.41185	0	0	0	0	0	0	0.59137	7.70036	2.11359	5.58677	0	0.27124	0	0	-0.8895	2.50309	36.355	182.73	69.2702
PHE_112	-10.4162	26.9099	3.83387	-0.97832	0.73922	0.41737	3.38715	7.60433	0.04101	0.33413	-1.18902	-0.23445	0	0	0	0	0	0	-0.01204	8.57742	3.389	0	5.18843	-0.61255	0	0	1.9602	3.87396	52.8134	229.329	7.67072
ALA_113	-6.31917	3.70054	2.90521	-0.02485	0.00565	0	3.02205	6.53275	0	0	-1.80008	-0.43069	0	0	0	0	0	0	0.38769	0	0	0	0	0.20363	0	0	2.2619	2.78588	13.2305	153	0
LEU_114	-9.68378	19.5535	2.76237	-0.49286	0.65537	0.11363	3.3187	6.99028	0.02043	0.07741	-3.24631	0.08775	0	0	0	0	0	0	-0.12589	3.41421	1.89911	1.5151	0	-0.27457	0	0	1.3223	1.67687	29.5836	210	0
VAL_115	-6.06098	2.49956	2.72551	-0.38753	0.72634	0.09569	2.72342	5.92396	0	0	-2.1201	-0.11146	0	0	0	0	0	0	-0.13077	1.4558	0.12771	1.32809	0	-1.29516	0	0	2.7371	-0.20876	10.0284	170.375	11.6247
LEU_116	-9.02065	9.21579	3.07767	-0.54068	0.49166	0.08584	4.11357	7.29073	0.02043	0.07741	-2.64505	0.23084	0	0	0	0	0	0	0.20287	25.2412	23.0424	2.19883	0	-0.54962	0	0	1.3223	-0.85447	63.0011	208.463	1.53703
SER_117	-6.39753	8.07916	6.4719	-0.05832	0.00597	0.08525	4.44019	8.43895	0	0	-3.52271	-0.49577	0	0	0	0	0	0	0.06149	1.80829	0.14629	1.662	0	-0.17205	0	4.03091	-0.539	-0.04546	23.9996	160.463	1.53703
LEU_118	-7.65961	13.5103	4.47638	-0.51267	0.92575	0.13711	3.84422	7.37302	0	0	-2.15911	-0.02153	0	0	0	0	0	0	-0.08497	2.28445	0.04123	2.24322	0	-0.04953	0	0	1.3223	1.09322	26.7638	183.356	26.6442
ARG_119	-7.16291	5.51777	7.05989	-0.7571	0.37929	0.54624	4.37607	8.07832	0.04551	0.32277	-3.63602	0.47312	0	0	0	0	-0.5595	0	0.17157	4.55986	1.66359	2.89628	0	0.23935	0	0	-0.1423	0.85493	24.9267	145.87	119.13
GLN_120	-4.246	1.22459	4.39784	-0.29813	0.1215	0.23987	2.53854	5.37741	0.00492	0.07588	-0.24005	-0.47271	0	0	0	0	0	0	0.12653	6.97222	1.74114	0	5.23107	0.3546	0	0	-0.1077	0.54453	23.5861	135.027	81.973
ALA_121	-3.82048	2.08528	3.75047	-0.02975	0.0241	0	2.39007	5.5337	0	0	-2.02524	-0.47147	0	0	0	0	0	0	0.17486	0	0	0	0	0.82466	0	0	2.2619	0.76021	11.4583	119.977	33.0225
SER_122	-2.17665	1.3092	3.22548	-0.02173	0.00244	0.01718	1.26497	3.82609	0.00492	0.07588	-0.33237	-0.55629	0	0	0	0	-0.38794	0	0.2644	1.55391	1.07484	0.47907	0	0.38495	0	2.08852	-0.539	3.49771	15.0556	59.2427	102.757
ASN_123	-1.70152	0.35647	1.93367	-0.17758	0.0112	0.2534	0.91872	2.35861	0	0	-0.62833	-0.30004	0	0	0	0	0	0	-0.12048	4.31671	2.39186	0	1.92485	0.48106	0	0	-0.3009	3.5069	15.2246	20.3637	163.636
GLN_124	-3.88263	0.45869	3.31872	-0.44283	0.16695	0.35941	1.85822	4.90887	0.01261	0.03985	-1.0082	-0.64853	0	0	0	0	0	0	0.15704	4.4509	0.53384	0	3.91706	0.2318	0	0	-0.1077	1.15796	15.482	101.576	115.424
ASN_125	-3.27737	0.45806	2.06428	-0.41541	0.06285	0.83642	0.71393	3.15484	0.01209	0.12313	0.08377	-0.0793	0	0	0	0	0	0	-0.08424	8.4256	0.95786	0	7.46774	0.7169	0	0	-0.3009	0.91144	21.8317	106.203	77.7973
ILE_126	-7.86817	3.96195	5.04665	-0.61273	2.01207	0.16333	4.45717	7.96108	0.01261	0.03985	-2.37945	-0.00466	0	0	0	0	0	0	0.89231	5.29146	1.03434	4.25712	0	-0.89433	0	0	1.8006	-0.41596	24.7552	184.197	22.8028
THR_127	-6.95385	4.44973	3.76662	-0.17579	0.25267	0.06592	2.8272	6.51382	0.01209	0.12313	-1.41287	-0.6681	0	0	0	0	0	0	-0.14371	2.61808	2.52188	0.09621	0	0.39039	0	4.986	-0.9333	-0.12152	18.2146	163.661	10.3386
ARG_128	-9.03161	5.47351	10.2294	-1.03013	0.78874	0.75709	6.33255	11.9064	0.07575	0.68306	-5.93225	0.50676	0	0	0	0	-0.82803	0	-0.00871	6.06205	1.48226	4.57979	0	-0.28337	0	0	-0.1423	0.05336	31.6743	227.732	37.2677
VAL_129	-8.74864	40.3662	2.31483	-0.28555	0.35885	0.0518	3.52025	6.83514	0.02477	0.18478	-2.45927	-0.28778	0	0	0	0	0	0	-0.16037	19.5289	17.9206	1.60825	0	-1.08104	0	0	2.7371	-0.5829	81.8459	182	0
SER_130	-5.61779	2.90851	3.80131	-0.02973	0.00527	0.02921	3.37645	6.34427	0.02548	0.1867	-2.71481	-0.37803	0	0	0	0	0	0	-0.03034	9.41595	8.02331	1.39264	0	0.34674	0	3.89069	-0.539	-0.24511	30.1917	149.541	12.4592
LEU_131	-10.3982	38.3987	3.74453	-0.90313	2.24992	0.34394	3.54574	8.46893	0	0	-2.21763	0.18154	0	0	0	0	0	0	-0.09038	4.27562	2.34145	1.93417	0	-0.21957	0	0	1.3223	0.61245	53.5903	210	0
LEU_132	-9.59625	4.42362	2.9362	-0.52211	0.94605	0.10289	3.36087	7.6333	0.00071	0.00191	-2.8828	0.35382	0	0	0	0	0	0	0.03439	4.49749	1.36565	3.13184	0	-0.60216	0	0	1.3223	0.14224	16.65	207.438	2.56172
GLY_133	-5.16132	2.27938	4.08469	-0.00113	0	0	2.89982	6.49949	0	0	-2.35565	-0.34519	0	0	0	0	0	0	-0.04481	0	0	0	0	1.18996	0	0	1.435	1.53455	12.0148	164	0
ARG_134	-4.7123	0.35162	5.05728	-1.43404	0.97407	1.14968	1.89518	5.85083	0.02901	0.11843	-2.30733	0.03545	0	0	0	-0.23663	0	0	0.39639	12.4322	7.73058	4.70164	0	-0.29538	0	0	-0.1423	1.6561	33.2505	140.357	124.643
ASP_135	-5.33065	1.76805	7.54603	-0.12286	0.00491	0.35888	4.13003	8.43311	0.04734	0.20733	-4.40672	-1.19336	0	0	0	-0.60679	-0.49231	0	1.17414	6.14435	0.13872	0	6.00564	0.87032	0	0	-1.6204	-0.04544	23.0103	159.295	25.7049
TRP_136	-7.91603	7.9189	3.81415	-1.17275	0.32424	0.87888	2.41707	6.43002	0.06776	0.4558	-0.49136	-0.80394	0	0	0	0	0	0	-0.1402	4.2541	0.09813	0	4.15597	-0.06036	0	0	3.7077	-0.17251	23.7656	195.594	74.4059
LYS_137	-3.73177	1.09908	5.82568	-0.46881	0.31939	0.49961	3.00896	5.98426	0.00016	0.00142	-4.08669	0.34165	0	0	0	-0.60679	-0.49231	0	-0.04356	4.55993	1.99879	2.56114	0	0.78463	0	0	-0.8895	2.09891	18.7642	95.7402	156.26
ILE_138	-6.26159	3.8965	1.20795	-0.48851	1.6706	0.08264	1.02404	3.75788	0.0676	0.45438	0.03202	0.56536	0	0	0	0	0	0	0.35478	25.6324	24.4439	1.18852	0	0.69522	0	0	1.8006	2.65641	62.7806	175.372	31.6279
THR_139	-4.89125	3.75593	4.25026	-0.22729	0.43713	0.08266	3.49106	5.95185	0.045	0.22176	-1.61627	-0.85256	0	0	0	0	0	0	-0.03394	3.12495	0.32979	2.79517	0	-0.78045	0	2.44489	-0.9333	-0.11388	17.4815	106.069	67.9313
HIS_140	-4.40263	5.14758	4.00065	-0.75548	0.64238	0.88413	1.93762	5.18941	0.05042	0.47995	-0.86956	-0.60242	0	0	0	0	0	0	0.72383	6.28598	0.24046	0	6.04551	0.10639	0	0	0.8406	-0.27548	25.6693	92.4494	148.551
LYS_141	-4.09465	2.992	4.76455	-0.70496	1.70648	0.37227	2.10018	5.67569	0	0	0.33078	0.12737	0	0	0	0	0	0	0.0935	4.7134	0.89983	3.81357	0	0.0525	0	0	-0.8895	0.0957	22.0487	124.584	127.416
THR_142	-7.31269	2.94784	4.70564	-0.19669	0.06911	0.07038	2.98292	7.12214	0.045	0.22176	-0.87642	-0.34005	0	0	0	0	0	0	0.4202	1.95962	1.30762	0.65199	0	0.10891	0	2.34072	-0.9333	0.40438	15.6991	170.872	3.12763
ILE_143	-8.28056	7.95089	4.86607	-0.71565	3.36236	0.16159	3.75024	7.96288	0	0	-2.15677	0.44265	0	0	0	0	0	0	-0.05568	1.13186	0.36272	0.76914	0	-0.43811	0	0	1.8006	0.61525	21.5295	170.619	36.3811
ASP_144	-6.04403	1.39232	7.39193	-0.29003	0.04107	0.96504	4.02079	8.85512	0.05042	0.47995	-4.11634	0.21013	0	0	0	0	-0.35544	0	-0.06357	5.56663	0.63007	0	4.93656	0.01135	0	0	-1.6204	0.35682	22.4184	139.343	45.6572
ARG_145	-7.60442	2.8362	6.30059	-1.51424	2.75783	1.25845	3.90974	8.51737	0	0	-2.55991	0.30702	0	0	0	0	-0.35544	0	0.23883	6.10756	0.81919	5.28837	0	-0.27641	0	0	-0.1423	-0.19157	25.6969	184.22	80.78
PHE_146	-12.6498	36.4816	4.12251	-0.99197	0.12823	0.44299	3.313	10.0274	0	0	-2.0798	0.05211	0	0	0	0	0	0	0.22514	5.32134	1.33479	0	3.98655	0.02814	0	0	1.9602	-0.26116	51.4414	237	0
ILE_147	-8.16834	6.91099	5.55572	-0.71233	1.30325	0.15738	3.77853	8.48977	0	0	-2.46323	0.38851	0	0	0	0	0	0	-0.00286	2.53246	1.65812	0.87434	0	-0.28379	0	0	1.8006	0.31234	22.1315	171.634	35.3658
ALA_148	-4.92749	0.80891	4.27629	-0.02138	0	0	3.15554	6.78157	0	0	-1.78313	-0.3557	0	0	0	0	0	0	0.29991	0	0	0	0	-0.42754	0	0	2.2619	0.41723	10.4861	130.962	22.0378
LEU_149	-10.4246	8.18372	5.22295	-0.5422	1.76145	0.13089	4.44774	9.14625	0	0	-1.82927	0.35261	0	0	0	0	0	0	-0.04483	4.69348	3.89487	0.79861	0	-0.36252	0	0	1.3223	0.43788	27.1894	210	0
THR_150	-8.81311	2.79221	5.98481	-0.12403	0.21594	0.05775	4.45412	9.36221	0	0	-2.77525	-0.45312	0	0	0	0	0	0	-0.12385	2.71123	1.8536	0.85763	0	0.47189	0	4.2633	-0.9333	0.7071	20.5091	174	0
LYS_151	-5.28036	2.5975	6.07353	-0.64218	1.81782	0.53673	2.8153	7.34083	0.02611	0.1953	-1.15382	0.19561	0	0	0	0	0	0	-0.05994	4.6599	1.55628	3.10362	0	-0.00341	0	0	-0.8895	0.64718	23.5365	139.121	112.879
THR_152	-6.56329	4.39197	5.7841	-0.11992	0.26762	0.05526	3.80483	7.80636	0	0	-0.8412	-0.74115	0	0	0	0	-0.21872	0	0.05195	0.67516	0.08464	0.59052	0	0.17372	0	2.31716	-0.9333	0.35625	16.942	154.593	19.4071
GLN_153	-10.6919	5.41233	6.79404	-0.74919	0.23787	1.05749	3.68024	10.0733	0	0	-1.36657	-0.24331	0	0	0	0	-0.21872	0	0.30422	10.4215	2.96243	0	7.4591	-0.28645	0	0	-0.1077	0.00905	34.7477	212.743	4.25705
ASN_154	-3.18252	0.83209	3.71882	-0.19946	0.04213	0.33288	1.63151	5.0302	0.01747	0.22917	-0.84997	-1.03485	0	0	0	0	0	0	-0.20711	4.78306	0.05758	0	4.72547	-1.58488	0	0	-0.3009	-0.1732	13.8675	48.6863	135.314
LEU_155	-8.91819	5.02814	3.11964	-0.52197	1.19564	0.12151	2.03155	6.86258	0.02611	0.1953	-0.95287	0.14588	0	0	0	0	0	0	-0.12501	2.63006	1.20778	1.42228	0	-0.59381	0	0	1.3223	-0.27554	13.9214	202.954	7.04604
THR_156	-4.88773	4.17077	4.37926	-0.21904	0.31761	0.08642	3.4524	6.3863	0.00479	0.01298	-1.56613	-0.8977	0	0	0	-0.00031	0	0	0.01123	3.63871	0.97958	2.65913	0	0.33807	0	2.52512	-0.9333	0.29138	20.7495	88.0982	85.9018
LYS_157	-3.15697	1.83293	2.68471	-0.43206	0.18213	0.2321	1.354	3.76133	0	0	0.51922	0.15662	0	0	0	0	0	0	0.11966	2.40277	0.52323	1.87955	0	-0.04866	0	0	-0.8895	0.52651	11.6476	81.6045	170.396
ASN_158	-4.63233	2.93425	4.747	-0.42575	0.14009	0.86765	2.38079	6.00376	0.03941	0.29098	-0.17166	-0.14595	0	0	0	-0.00031	-0.16427	0	-0.12385	6.70113	1.35159	0	5.34954	0.05452	0	0	-0.3009	0.09092	24.9866	130.009	53.9915
ASN_159	-8.75369	5.41713	7.45682	-0.21759	0.24859	0.3269	4.54498	10.8298	0.01268	0.2162	-2.54685	-0.63005	0	0	0	0	0	0	-0.08646	6.29159	0.84364	0	5.44795	0.1049	0	0	-0.3009	-0.29189	28.9137	173.934	10.0655
LEU_160	-7.08124	3.82231	1.95839	-0.53769	1.16279	0.13151	2.04826	5.49397	0.00046	0.00173	-0.35902	0.07196	0	0	0	0	0	0	0.46089	3.83995	0.0629	3.77705	0	-0.19968	0	0	1.3223	0.258	16.2348	180.767	29.2333
LEU_161	-6.52362	3.8548	3.79292	-0.83622	4.59474	0.21579	2.78069	5.72483	0	0	-1.63792	0.39429	0	0	0	0	0	0	-0.1442	3.21302	0.45504	2.75799	0	-0.34188	0	0	1.3223	0.51378	20.1363	197.093	12.9067
PHE_162	-5.24335	4.84171	0.70915	-0.60329	0.17598	0.33325	0.61306	3.3452	0.00046	0.00173	-0.37145	0.29673	0.09871	0	0	0	0	0	0.05272	3.71979	0.06912	0	3.65067	-0.32864	0	0	1.9602	2.56281	15.8846	157.127	79.8731
PRO_163	-5.0784	4.6547	2.72214	-0.18565	0.01363	0.13461	0.5707	2.97715	0	0	0.4483	-0.01764	0.1204	0	0	0	0	0	0.94927	1.16825	0.05409	1.11416	0	-0.33082	0	0	-4.6787	2.86725	7.50342	178.319	20.6812
ASP_164	-2.96502	0.34578	3.97181	-0.23137	0.00078	0.75145	1.38392	4.37633	0	0	0.33431	-0.16703	0	0	0	0	0	0	1.13671	4.93336	1.25363	0	3.67973	0.3861	0	0	-1.6204	2.00203	19.5721	98.0981	86.9019
LEU_165	-4.8571	5.44979	2.08054	-0.69732	1.23779	0.3095	0.86518	3.93098	0	0	0.88642	-0.22601	0	0	0	0	0	0	0.02909	2.93418	1.61687	1.31732	0	1.10608	0	0	1.3223	3.03795	20.3436	174.815	35.1851
THR_166	-2.06975	0.29224	2.50744	-0.19845	0.18584	0.1119	0.6215	2.94873	0.00011	0.00124	-0.18615	-0.18378	0	0	0	0	0	0	0.1081	3.08383	0.0232	3.06063	0	-0.06701	0	2.39967	-0.9333	1.01702	12.723	42.9116	131.088
ASP_167	-2.5554	0.41977	2.96913	-0.23086	0.02147	0.72405	0.86966	3.64383	0.00011	0.00128	-0.21131	-0.55067	0	0	0	0	0	0	-0.07201	6.61749	3.06828	0	3.54921	-0.22367	0	0	-1.6204	1.04067	17.4606	84.2251	100.775
TRP_168	-6.69615	2.64336	2.09977	-1.09161	0.30035	0.57562	1.62171	4.59475	0	0	0.22768	-0.91873	0	0	0	0	0	0	1.18858	2.90935	0.21008	0	2.69927	-0.20671	0	0	3.7077	3.2248	17.0898	233.552	36.4484
LEU_169	-2.6388	0.505	3.11041	-0.53434	1.19031	0.16101	1.48358	3.51655	0	0	-1.5325	0.0306	0	0	0	0	0	0	-0.06373	0.54821	0.07059	0.47762	0	0.11472	0	0	1.3223	2.81415	10.5757	81.8021	128.198
LEU_170	-5.38995	12.276	1.42415	-0.73083	1.30907	0.36158	1.1224	3.15936	0.0023	0.02901	0.53001	0.02296	0	0	0	0	0	0	0.43181	4.20499	2.33125	1.87374	0	0.01362	0	0	1.3223	2.02842	26.3222	186.106	23.8935
ASP_171	-2.58503	7.17396	3.20485	-0.21165	0.00173	0.70153	1.46893	3.56868	0.0023	0.02901	-0.33329	-0.29937	0.45888	0	0	0	0	0	0.09578	4.94051	1.01009	0	3.93042	0.12864	0	0	-1.6204	9.82653	31.4921	83.5763	101.424
PRO_172	-2.37921	6.94484	1.84635	-0.17526	0.14624	0.11503	0.60154	1.60078	0	0	0.50318	0.23004	0.60985	0	0	0	0	0	0.01285	1.44721	1.27457	0.17265	0	-1.24911	0	0	-4.6787	10.2334	17.2562	86.2266	112.773
LYS_173	-4.82996	1.75907	3.26765	-0.35938	0.18907	0.19695	1.0838	3.41478	0	0	-0.52367	0.28272	0	0	0	0	0	0	0.05736	3.49283	0.63775	2.85508	0	0.35335	0	0	-0.8895	3.99525	14.9832	146.319	105.681
VAL_174	-4.71889	6.23362	1.41476	-0.35624	0.44526	0.08693	0.97635	3.39726	0	0	-0.48808	-0.4638	0	0	0	0	0	0	0.31696	0.25138	0.19162	0.05975	0	2.01868	0	0	2.7371	5.21778	17.3204	122.556	59.4436
CYS:disulfide_175	-2.70809	1.29532	1.30066	-0.05142	0.01419	0.03496	0.37459	1.98484	0.01648	0.13462	-0.00347	0.04849	0	0	0	0	0	-0.28859	0	0.77637	0.2207	0.55567	0	0	0	0	4.3148	2.72122	10.7413	67.1451	88.8549