Res	Num	Strand	Z-coord
HIS	7	0	A	9.544193	-16.486633	-12.836433
ALA	8	0	A	11.950155	-15.625643	-10.043571
SER	9	0	A	13.817646	-12.616337	-8.734484
LEU	10	0	A	16.424776	-11.753855	-6.1344776
GLU	11	0	A	16.440096	-8.477533	-4.2499313
LEU	12	0	A	19.33121	-7.161257	-2.1617432
ARG	13	0	A	18.64455	-4.5003986	0.45776558
ASN	14	0	A	21.095623	-2.6524525	2.615757
PHE	15	0	A	19.32153	-0.64086723	5.279771
PHE	15	0	A	19.323751	-0.6341772	5.2776947
TYR	16	0	A	20.644924	1.9544258	7.700739
PHE	17	0	A	18.405195	3.503666	10.319346
ASN	18	0	A	19.092808	6.1957035	12.906736
ARG	19	0	A	16.765812	7.689272	15.498257
ASP	20	0	A	17.859772	10.687439	17.534704
GLU	32	1	A	20.910599	-0.09454441	13.098865
TRP	33	1	A	22.628136	-1.3182468	9.937469
ALA	34	1	A	21.52301	-4.5085487	8.213571
GLN	35	1	A	21.71896	-6.507821	4.990184
GLY	36	1	A	18.789398	-8.392956	3.503624
PHE	37	1	A	18.089676	-10.843454	0.69851494
LEU	38	1	A	14.670259	-11.50647	-0.7786083
LEU	39	1	A	14.153204	-14.433697	-3.1485958
ARG	40	1	A	10.759518	-14.450739	-4.8777237
LEU	41	1	A	9.453974	-17.387753	-6.9130745
GLU	42	1	A	6.0972233	-17.312521	-8.683464
SER	43	1	A	5.0398884	-20.521538	-10.418972
GLY	44	1	A	2.9202328	-20.83567	-13.4895935
PHE	45	1	A	-0.4357834	-22.58237	-13.27589
SER	46	1	A	-1.4066505	-26.105824	-14.240868
GLY	51	2	A	-5.3160667	-23.961306	-12.366665
PHE	52	2	A	-2.9937172	-24.641214	-9.448929
GLY	53	2	A	0.36750412	-23.185844	-8.519161
VAL	54	2	A	2.766817	-22.356102	-5.7170715
ASP	55	2	A	4.742878	-19.24088	-4.837866
ALA	56	2	A	7.679432	-19.011194	-2.4330235
ILE	57	2	A	9.389921	-16.152576	-0.6333904
GLY	58	2	A	12.815592	-16.57277	0.93857574
LEU	59	2	A	13.930056	-13.904264	3.383566
LEU	60	2	A	17.330503	-13.556805	4.9964027
GLY	61	2	A	18.573906	-10.692627	7.103878
PHE	62	2	A	21.494635	-9.984772	9.351164
TYR	89	3	A	16.78675	-14.397609	10.671838
ALA	90	3	A	15.923981	-16.559288	7.7271233
LYS	91	3	A	12.447811	-17.569693	6.654131
LEU	92	3	A	10.920647	-19.476555	3.7727394
GLY	93	3	A	7.213434	-19.00961	3.160757
LEU	94	3	A	5.058195	-20.98787	0.7416954
THR	95	3	A	1.8121567	-19.888868	-0.86431694
ALA	96	3	A	-0.4813614	-22.374342	-2.564333
LYS	97	3	A	-2.60326	-20.805532	-5.278679
ALA	98	3	A	-5.581978	-21.623833	-7.480995
ARG	99	3	A	-7.1425514	-19.69814	-10.367268
ASN	102	4	A	-10.597988	-14.14575	-13.52813
SER	103	4	A	-10.373184	-15.104959	-9.857607
LEU	104	4	A	-7.399296	-16.071075	-7.712162
LEU	105	4	A	-7.0552025	-17.74463	-4.3187943
LYS	106	4	A	-3.8159027	-17.682018	-2.3073273
VAL	107	4	A	-3.2570763	-19.714218	0.8487015
GLY	108	4	A	-0.20168686	-19.4551	3.1074753
ARG	130	5	A	-0.5959053	-16.204893	7.315069
GLY	131	5	A	-3.991253	-16.891361	5.814124
ALA	132	5	A	-6.180481	-17.142776	2.7488384
LEU	133	5	A	-6.8453293	-14.303203	0.29676247
LEU	134	5	A	-9.423393	-14.403439	-2.4833164
ASP	135	5	A	-9.526783	-11.917694	-5.3624706
VAL	136	5	A	-12.524193	-12.06773	-7.719244
GLN	137	5	A	-12.603237	-9.965979	-10.902386
THR	143	6	A	-13.069538	-6.168516	-7.717949
LEU	144	6	A	-14.20657	-8.29159	-4.7911606
ARG	145	6	A	-11.677841	-9.36319	-2.1785183
GLY	146	6	A	-11.805836	-11.266512	1.0555954
ALA	147	6	A	-9.355122	-12.765537	3.497757
HIS	148	6	A	-9.0686035	-14.863581	6.608897
LEU	149	6	A	-5.760174	-14.22197	8.383911
ASP	150	6	A	-4.5670013	-15.928682	11.524652
ALA	174	7	A	-8.350182	-13.997594	13.410625
PHE	175	7	A	-8.708668	-11.1353855	10.988288
ASP	176	7	A	-11.5108795	-11.473494	8.478879
PHE	177	7	A	-12.654934	-9.005857	5.8357687
ALA	178	7	A	-14.50642	-8.727789	2.576046
GLY	179	7	A	-14.746395	-5.7157536	0.32983208
GLY	180	7	A	-15.602295	-4.383869	-3.08638
ASP	181	7	A	-14.035831	-1.7152405	-5.2661552
TYR	182	7	A	-16.45654	-0.67806244	-7.9854813
ARG	183	7	A	-15.798237	1.5699749	-10.96624
LEU	184	7	A	-19.112041	3.4569988	-11.177198
ALA	187	8	A	-13.216362	8.123177	-13.445248
LEU	188	8	A	-15.078991	7.301529	-10.2319565
THR	189	8	A	-14.507011	4.288212	-7.972872
ALA	190	8	A	-16.524124	3.4914627	-4.8484497
SER	191	8	A	-15.217941	1.1142273	-2.1957722
LEU	192	8	A	-16.821274	-0.62321854	0.7726841
HIS	193	8	A	-14.846123	-2.993763	3.0366993
GLN	194	8	A	-15.987934	-4.6560783	6.2458096
GLY	195	8	A	-13.732609	-6.487652	8.664514
ARG	196	8	A	-13.167656	-7.8494186	12.138517
LEU	197	8	A	-10.107475	-8.413271	14.267057
LYS	198	8	A	-11.818077	-11.106279	16.34461
ILE	200	9	A	-10.808147	-6.781107	19.564545
TYR	201	9	A	-12.637417	-4.665827	16.987457
ARG	202	9	A	-14.992386	-4.466444	14.010782
GLN	203	9	A	-14.303932	-1.8688354	11.326177
THR	204	9	A	-16.024334	-0.7402611	8.1320915
PHE	205	9	A	-14.46022	1.5051813	5.4751263
ALA	206	9	A	-16.155369	3.4422493	2.6964302
GLY	207	9	A	-14.168312	5.2831993	0.0572834
LEU	208	9	A	-14.74062	7.307453	-3.0852852
VAL	209	9	A	-11.893505	8.07415	-5.45813
HIS	210	9	A	-12.263737	10.335667	-8.475407
THR	211	9	A	-9.539467	10.650238	-11.05525
LEU	212	9	A	-9.680698	13.618973	-13.415836
SER	219	10	A	-4.5105095	15.587994	-13.399269
LEU	220	10	A	-6.389412	15.718193	-10.108389
LYS	221	10	A	-7.1216545	12.72187	-7.914589
SER	222	10	A	-9.6576805	13.196568	-5.1249466
ASP	223	10	A	-9.57502	10.479269	-2.4622211
LEU	224	10	A	-12.25285	10.464464	0.27114868
ARG	225	10	A	-12.204933	7.961712	3.1411572
PHE	226	10	A	-14.42815	7.1862183	6.0793915
ALA	227	10	A	-14.017071	4.3321075	8.559997
ARG	228	10	A	-15.889927	3.4935398	11.752621
ALA	229	10	A	-14.828804	0.96572495	14.365495
SER	230	10	A	-16.401451	-0.5451832	17.475
ASP	239	11	A	-15.605812	3.8725662	19.381384
ASN	240	11	A	-13.546543	5.3819485	16.571722
ARG	241	11	A	-14.273754	7.3009796	13.385324
ALA	242	11	A	-11.708031	8.49472	10.860832
PHE	243	11	A	-12.375519	10.808693	7.9205694
GLY	244	11	A	-9.7038765	11.527525	5.330488
ALA	245	11	A	-9.5157585	13.561867	2.1503887
LEU	246	11	A	-6.4727135	13.702265	-0.11697006
PHE	247	11	A	-6.3365974	15.78623	-3.2583027
SER	248	11	A	-3.376213	15.020748	-5.521887
LEU	249	11	A	-2.5941696	17.433775	-8.347712
ARG	250	11	A	-0.10775757	16.532387	-11.048641
ALA	253	12	A	7.0071297	16.997915	-13.505707
HIS	254	12	A	5.495865	18.602806	-10.381247
ALA	255	12	A	3.0044823	17.077045	-8.00333
VAL	256	12	A	1.2553501	18.77052	-5.094019
ALA	257	12	A	-1.067852	17.059639	-2.6346989
ALA	258	12	A	-3.2224426	18.444118	0.14614487
GLY	259	12	A	-4.7152405	16.226734	2.814722
TYR	260	12	A	-7.132984	16.578438	5.7044554
GLN	261	12	A	-7.780262	14.0118065	8.408691
ARG	262	12	A	-10.148483	13.967789	11.373805
ILE	263	12	A	-10.162434	11.3053665	14.05178
SER	264	12	A	-13.090729	11.210623	16.487383
GLY	265	12	A	-14.67128	9.075783	19.174917
ASP	266	12	A	-13.2175865	7.896124	22.474009
ARG	294	13	A	-7.2971573	16.861717	13.318249
SER	295	13	A	-4.499649	17.178848	10.799986
TRP	296	13	A	-3.5782585	18.66085	7.4521923
GLN	297	13	A	-0.8786621	17.689861	4.973237
LEU	298	13	A	0.96899796	19.405293	2.1566696
ARG	299	13	A	3.1845646	17.270031	-0.08391571
TYR	300	13	A	5.4185104	18.146515	-3.0195084
ASP	301	13	A	7.0369205	15.777527	-5.5182056
TYR	302	13	A	9.339611	16.430302	-8.4461
ASP	303	13	A	10.24505	13.856712	-11.073952
PHE	304	13	A	13.546402	14.767605	-12.679604
LEU	309	14	A	17.856659	13.098379	-14.855419
PRO	310	14	A	15.527248	10.06127	-15.028378
GLY	311	14	A	16.628605	8.082014	-11.932579
LEU	312	14	A	16.314913	11.027872	-9.573729
SER	313	14	A	13.394569	11.74967	-7.253456
PHE	314	14	A	12.499981	14.30798	-4.5919476
MET	315	14	A	9.569166	14.404207	-2.1962833
SER	316	14	A	8.879206	16.59605	0.8085537
ARG	317	14	A	5.7777863	16.662706	2.9678097
TYR	318	14	A	4.5604553	18.237568	6.177453
VAL	319	14	A	1.6850052	17.1987	8.41017
SER	320	14	A	0.37108994	19.27246	11.3178835
GLY	321	14	A	-1.9908028	17.83115	13.907572
ASP	322	14	A	-3.971878	19.40926	16.719612
LYS	333	15	A	-0.38365173	19.080542	18.99352
GLU	334	15	A	2.2935028	17.561502	16.80148
TRP	335	15	A	3.9367409	18.060614	13.460474
GLU	336	15	A	6.085411	15.924084	11.200123
ARG	337	15	A	8.211761	16.764725	8.187097
ASN	338	15	A	9.55792	14.145226	5.7685776
THR	339	15	A	11.9956665	14.502672	2.881174
ASP	340	15	A	12.91968	11.689281	0.48983192
LEU	341	15	A	15.789146	11.948614	-1.9908237
GLY	342	15	A	16.461634	9.025879	-4.27767
TYR	343	15	A	18.395205	7.866699	-7.2972336
VAL	344	15	A	18.09568	4.7146683	-9.359346
GLY	354	16	A	18.85441	2.371872	-6.1469917
VAL	355	16	A	19.586918	4.589594	-3.1768913
LYS	356	16	A	16.970205	6.3804913	-1.0879364
TRP	357	16	A	17.465256	8.751236	1.8240967
ARG	358	16	A	14.395859	9.369072	3.9942837
ASN	359	16	A	14.673603	12.090294	6.6154423
ALA	360	16	A	11.969776	12.843988	9.179588
THR	361	16	A	11.495291	15.234461	12.078136
VAL	362	16	A	8.6596985	14.9543	14.599679
ARG	363	16	A	7.8007717	17.517256	17.29601
SER	364	16	A	4.9499283	16.998367	19.726013
SER	364	16	A	4.965103	16.932064	19.74051
ASN	365	16	A	3.6475983	18.047565	23.113607
LEU	370	17	A	12.519218	12.640539	17.264708
ASP	371	17	A	14.678995	12.946461	14.173515
GLU	372	17	A	15.044455	9.904522	11.953007
ASN	373	17	A	17.218132	9.130753	8.970409
ARG	374	17	A	16.907593	6.061508	6.760582
LEU	375	17	A	19.323051	5.122656	4.0210133
ILE	376	17	A	18.25035	2.2548647	1.800745
LEU	377	17	A	20.315815	0.68728447	-0.9660988
SER	378	17	A	18.389902	-1.749342	-3.1507225
SER	378	17	A	18.387651	-1.7470875	-3.1516476
TYR	379	17	A	19.152214	-3.950695	-6.13097
SER	380	17	A	16.821026	-6.364774	-7.876751
LEU	381	17	A	17.83015	-8.995501	-10.37501
ALA	382	17	A	15.4091	-10.944313	-12.548016
LEU	383	17	A	16.58284	-14.55999	-12.416321
TRP	384	17	A	14.146391	-15.890276	-15.007042
