Res	Num	Strand	Z-coord
GLY	43	0	A	4.5417824	10.525461	-14.095612
ARG	44	0	A	3.8130302	12.186966	-10.770973
HIS	45	0	A	1.8425293	10.3088045	-8.133568
PHE	46	0	A	-0.10508728	11.788686	-5.2377853
SER	47	0	A	-1.4867744	9.626298	-2.4572372
LEU	48	0	A	-4.075794	10.531533	0.15953064
GLY	49	0	A	-5.644684	8.242565	2.7519531
LEU	50	0	A	-5.99156	7.29766	6.4113464
ASP	51	0	A	-5.103386	4.346694	8.655281
VAL	52	0	A	-7.3314095	3.0710032	11.464333
VAL	53	0	A	-6.4540596	0.65852857	14.264549
SER	54	0	A	-9.440506	-0.8171413	16.109276
GLN	84	1	A	-1.2106781	9.595719	5.1354904
THR	85	1	A	-0.1375885	11.549358	2.0843582
ALA	86	1	A	2.6168633	10.764783	-0.38155365
PHE	87	1	A	4.310444	12.091999	-3.4729614
VAL	88	1	A	6.3291473	10.196443	-6.065811
TYR	89	1	A	7.9193573	11.512413	-9.268578
ARG	90	1	A	8.836479	8.868909	-11.854584
ALA	95	2	A	12.0891	7.8445597	-8.714043
PHE	96	2	A	11.91201	10.439253	-5.931999
GLY	97	2	A	9.3507	10.781139	-3.1757584
ALA	98	2	A	8.349869	12.074118	0.22362518
GLY	99	2	A	5.509384	11.169105	2.5211105
ILE	100	2	A	3.961258	11.332404	5.952202
PHE	101	2	A	3.0096588	7.9415436	7.369095
ALA	102	2	A	1.6317215	7.5568457	10.879627
GLU	103	2	A	2.4171753	4.0509577	12.1098175
GLY	104	2	A	1.8860931	3.012016	15.720097
GLY	105	2	A	-1.5928612	2.8468158	17.18747
LEU	106	2	A	-1.2956352	0.5479934	20.182781
GLY	107	2	A	-3.4421883	2.46548	22.628414
THR	108	2	A	-5.567959	1.2533486	25.52068
PHE	130	3	A	-4.5342827	3.938657	29.740135
SER	131	3	A	-1.6245041	4.0168114	27.288128
ARG	132	3	A	-0.9662628	5.407694	23.815052
LEU	133	3	A	1.9621773	5.15028	21.388634
LEU	134	3	A	1.9487953	7.245781	18.20271
VAL	135	3	A	4.7816505	7.2904034	15.659782
LEU	136	3	A	5.0606346	9.610406	12.6518135
ARG	137	3	A	7.577091	8.954512	9.913181
VAL	138	3	A	8.455711	11.441486	7.192299
PRO	139	3	A	10.525188	9.560851	4.6426315
PHE	140	3	A	12.399139	11.182862	1.7868118
SER	141	3	A	13.402382	8.515606	-0.7086029
ALA	142	3	A	14.838295	7.784752	-4.121437
ALA	143	3	A	14.899429	4.71229	-6.3673325
TYR	144	3	A	17.208347	4.137479	-9.333595
HIS	145	3	A	17.274158	1.5502317	-12.137932
VAL	146	3	A	20.981716	0.72472835	-11.925728
LEU	150	4	A	18.590698	-4.244693	-10.921944
THR	151	4	A	16.965118	-1.4131033	-8.999313
VAL	152	4	A	18.19421	-0.02722764	-5.6902237
GLY	153	4	A	16.376247	2.4009407	-3.4477463
ALA	154	4	A	16.683025	4.086753	-0.08501434
SER	155	4	A	14.889469	6.4542236	2.236786
VAL	156	4	A	15.745922	8.537419	5.266365
ASP	157	4	A	12.917896	9.602682	7.528702
ALA	158	4	A	12.367401	12.189106	10.216251
VAL	159	4	A	10.391037	10.5111265	12.968674
TRP	160	4	A	7.977272	11.755492	15.599487
THR	161	4	A	7.4328537	9.330741	18.458935
SER	162	4	A	4.7883644	10.177429	21.038261
LEU	163	4	A	3.566845	7.9556093	23.86636
ASN	164	4	A	2.1110153	8.288299	27.343708
LEU	165	4	A	0.47221375	5.843417	29.713844
GLY	166	4	A	-1.3050575	5.8504925	33.034615
THR	167	4	A	-0.43164825	2.870909	35.183685
LEU	168	4	A	0.36528015	1.6159961	38.676556
LEU	169	4	A	3.676197	0.019256353	39.603935
SER	198	5	A	1.1775208	0.33402658	47.02125
GLY	199	5	A	0.3597374	2.541497	44.066917
GLY	200	5	A	2.918888	4.2993336	41.91623
TYR	201	5	A	0.8734436	6.113536	39.288082
ILE	202	5	A	2.8382988	7.9208527	36.60199
ASP	203	5	A	0.9654236	10.042601	34.093353
PHE	204	5	A	2.9350967	11.048235	31.015537
SER	205	5	A	0.7733269	13.985529	29.90974
GLY	213	5	A	2.798626	13.442436	26.77436
VAL	214	5	A	6.4415474	12.735519	25.949123
GLN	215	5	A	7.505062	13.018036	22.330505
ALA	216	5	A	10.87088	13.059328	20.601639
TRP	217	5	A	12.225376	13.732255	17.136936
GLY	218	5	A	14.416275	10.987638	15.77512
ILE	219	5	A	15.954929	9.767288	12.551525
GLY	220	5	A	15.4904175	6.496669	10.718147
GLY	221	5	A	15.976078	5.072094	7.2619705
ARG	222	5	A	16.189873	2.0953386	4.941429
LEU	223	5	A	17.49408	0.77274776	1.644661
GLY	224	5	A	16.744965	-2.2425349	-0.49208832
LEU	225	5	A	16.904541	-3.6965535	-3.9617004
THR	226	5	A	14.834019	-5.642812	-6.453865
TYR	227	5	A	16.17759	-7.9703293	-9.098549
GLN	228	5	A	14.11713	-9.070188	-12.097366
VAL	229	5	A	15.00938	-12.760765	-12.095131
ASP	232	6	A	7.455185	-12.798611	-14.443451
THR	233	6	A	9.460476	-13.24174	-11.253761
ARG	234	6	A	10.992226	-10.546322	-9.111038
ILE	235	6	A	12.87402	-10.8388815	-5.8650894
GLY	236	6	A	13.9325485	-8.20891	-3.414421
ALA	237	6	A	15.285683	-7.414919	-0.016181946
ALA	238	6	A	15.1007	-4.386113	2.213295
TYR	239	6	A	16.983528	-3.3903258	5.3237
GLN	240	6	A	15.573166	-1.0265915	7.9204636
ALA	241	6	A	18.25309	0.6035373	10.034443
LYS	242	6	A	17.740734	0.6966903	13.785488
THR	243	6	A	15.622715	3.802636	14.339539
HIS	244	6	A	17.345425	6.5655365	16.30407
VAL	245	6	A	14.612396	8.26753	18.344517
GLY	246	6	A	16.594437	10.199923	20.931324
ASP	247	6	A	15.106766	11.18499	24.294048
LEU	248	6	A	11.370411	11.214196	25.04591
THR	249	6	A	10.779633	14.345761	27.14415
GLY	250	6	A	7.4851418	15.348412	28.72932
GLN	251	6	A	5.80867	16.958654	31.724297
ALA	252	6	A	4.221981	14.248294	33.870667
THR	253	6	A	2.649475	13.923525	37.316395
LEU	254	6	A	3.6164513	10.912388	39.434746
SER	255	6	A	1.6073151	9.866642	42.45967
ALA	256	6	A	1.8685188	6.8742876	44.801407
VAL	257	6	A	-0.42053986	5.1998596	47.33334
ILE	264	7	A	-0.03312683	10.617481	47.07216
PRO	265	7	A	0.08842087	13.321977	44.35272
LEU	266	7	A	3.2353172	14.755114	42.69191
LYS	267	7	A	4.2929153	16.769278	39.629875
GLY	268	7	A	7.2446594	17.323334	37.28395
ASP	269	7	A	8.569302	16.59675	33.77405
VAL	270	7	A	10.024338	13.18007	32.877426
THR	271	7	A	12.712585	11.999384	30.43525
VAL	272	7	A	13.01012	8.590651	28.747234
ARG	273	7	A	16.331608	7.4091787	27.311737
ASN	274	7	A	17.036537	4.41136	25.054508
PHE	275	7	A	13.5266	3.7762973	23.733578
GLN	276	7	A	14.863705	2.0226638	20.641205
MET	277	7	A	13.148663	0.5498998	17.59644
PRO	278	7	A	14.881283	-2.600856	16.224148
ALA	279	7	A	16.581974	-2.952082	12.848785
GLN	280	7	A	14.729378	-5.069171	10.310951
LEU	281	7	A	15.5692215	-7.408231	7.440071
THR	282	7	A	13.110687	-8.401956	4.75045
VAL	283	7	A	13.405071	-10.611302	1.6816559
GLY	284	7	A	10.512207	-11.56092	-0.58641815
ILE	285	7	A	9.33728	-12.95179	-3.9245605
SER	286	7	A	6.5812836	-12.029438	-6.376129
HIS	287	7	A	5.3783073	-13.892013	-9.449516
GLN	288	7	A	2.809105	-13.174558	-12.140297
PHE	289	7	A	0.90045166	-16.301086	-13.187744
LEU	293	8	A	-3.1790543	-13.254546	-10.767532
SER	294	8	A	0.05381775	-12.444805	-8.960922
VAL	295	8	A	1.3674545	-13.769452	-5.671135
SER	296	8	A	3.8730469	-12.437947	-3.1601028
ALA	297	8	A	5.6422157	-13.966292	-0.17975616
ASP	298	8	A	7.991806	-12.197881	2.2053223
TYR	299	8	A	10.161575	-13.197429	5.1266937
GLN	300	8	A	10.816017	-10.6421175	7.80558
ARG	301	8	A	13.125652	-10.573832	10.795628
VAL	302	8	A	12.842472	-7.9332733	13.5182495
PHE	303	8	A	16.060207	-7.8692856	15.552383
TRP	304	8	A	14.613384	-7.03776	18.964767
SER	305	8	A	17.69846	-8.877489	20.221893
SER	306	8	A	19.836372	-5.8223047	19.5033
VAL	307	8	A	17.841309	-3.6297657	21.882553
MET	308	8	A	20.009861	-4.759015	24.78389
LYS	309	8	A	20.487846	-1.5006726	26.673916
ASP	310	8	A	18.901154	0.1059854	29.71046
MET	311	8	A	15.702885	2.1118343	29.408398
ASN	312	8	A	15.540646	4.4905624	32.359055
VAL	313	8	A	12.700504	6.8077335	33.35002
GLY	314	8	A	13.856106	10.075437	34.913643
PHE	315	8	A	11.889397	12.395511	37.18573
VAL	316	8	A	12.7596245	16.08408	37.681206
LEU	326	9	A	14.274876	3.7039945	37.35281
SER	327	9	A	16.118652	1.4662778	34.90754
LEU	328	9	A	14.093262	-1.0673983	32.943363
PRO	329	9	A	15.989979	-4.1561756	31.703941
GLN	330	9	A	15.608284	-4.868289	27.993359
ASN	331	9	A	16.158627	-8.458962	26.89825
TYR	332	9	A	13.971413	-9.619004	24.033974
ARG	333	9	A	14.406296	-12.010795	21.121666
ASP	334	9	A	14.198921	-11.531237	17.360592
ILE	335	9	A	10.714264	-11.810062	15.903637
SER	336	9	A	10.090263	-13.516917	12.577721
VAL	337	9	A	7.0347557	-12.922647	10.458477
PHE	338	9	A	6.09182	-14.599982	7.2059937
GLY	339	9	A	3.5540924	-13.13445	4.8289337
ILE	340	9	A	1.6917496	-14.120139	1.7024155
GLY	341	9	A	-0.8101387	-12.328174	-0.4838028
ALA	342	9	A	-2.387352	-12.318631	-3.9183197
GLU	343	9	A	-3.5971184	-9.580442	-6.244034
TYR	344	9	A	-6.395155	-10.557263	-8.585442
ARG	345	9	A	-7.093788	-8.225331	-11.498413
TYR	346	9	A	-10.7862015	-9.090097	-11.833046
TRP	350	10	A	-11.69796	-3.8310883	-10.064232
THR	351	10	A	-8.757143	-5.4658575	-8.316391
PHE	352	10	A	-9.135841	-7.8564234	-5.4182816
ARG	353	10	A	-6.4723873	-8.667228	-2.8795547
GLY	354	10	A	-6.244175	-11.172941	-0.09251404
GLY	355	10	A	-3.4669075	-12.573496	2.0205154
PHE	356	10	A	-2.401844	-14.077275	5.3280716
HIS	357	10	A	0.14684296	-12.754021	7.821762
TYR	358	10	A	1.9804535	-14.896834	10.408833
ALA	359	10	A	4.262081	-13.686431	13.222061
GLN	360	10	A	5.959442	-15.525432	16.101654
THR	378	11	A	-1.9219589	-14.124198	12.812504
SER	379	11	A	-4.2867966	-12.086457	10.69334
LEU	380	11	A	-6.47221	-12.466586	7.643898
THR	381	11	A	-6.0097866	-9.805813	5.041847
GLY	382	11	A	-8.180237	-8.3861265	2.2882996
GLY	383	11	A	-8.617916	-5.387314	0.032730103
VAL	384	11	A	-10.373693	-4.0030766	-3.0192642
SER	385	11	A	-9.315788	-1.3084934	-5.4781265
TYR	386	11	A	-11.623039	0.5062916	-7.858223
ALA	387	11	A	-10.194675	2.452831	-10.774857
ILE	388	11	A	-12.380711	5.547477	-11.16581
ASN	391	12	A	-4.8943405	7.8962965	-13.226227
ASP	392	12	A	-7.489235	7.697853	-10.42067
VAL	393	12	A	-7.912285	4.8439875	-7.9415283
ILE	394	12	A	-9.566536	4.366518	-4.5264053
ASP	395	12	A	-8.252087	1.4790423	-2.477539
PHE	396	12	A	-9.58234	-0.07133746	0.71388245
ALA	397	12	A	-7.7613297	-2.7483685	2.6945038
LEU	398	12	A	-8.2712555	-4.4295177	6.0248566
SER	399	12	A	-6.3716507	-6.7596483	8.325523
VAL	400	12	A	-8.108845	-8.931438	10.899857
ALA	401	12	A	-6.0901337	-10.556714	13.662216
LEU	402	12	A	-7.0548325	-13.99455	14.958748
GLN	424	13	A	-7.663721	-6.2851048	16.187618
VAL	425	13	A	-8.683907	-4.6705933	12.908924
ASN	426	13	A	-6.4525547	-2.5549438	10.680382
ALA	427	13	A	-8.410442	-0.64399123	8.0466385
VAL	428	13	A	-6.7940483	1.5739977	5.418045
ILE	429	13	A	-8.281128	3.6767213	2.644432
ALA	430	13	A	-6.2760277	5.5817823	0.06668854
TYR	431	13	A	-6.905195	7.769246	-2.9563675
GLN	432	13	A	-4.210102	8.009288	-5.627899
LYS	433	13	A	-3.9717827	10.038478	-8.82296
ARG	434	13	A	-1.0457115	10.139119	-11.248032
PHE	435	13	A	-0.18284607	12.910133	-13.704933
