Res	Num	Strand	Z-coord
LEU	4	0	A	-10.281296	-23.909798	-10.4841
ILE	5	0	A	-7.864853	-26.656921	-9.486649
PRO	6	0	A	-8.010292	-26.895432	-5.6544952
ASN	7	0	A	-5.1880035	-26.347092	-3.2082748
ALA	8	0	A	-4.473503	-27.481789	0.32183075
LYS	9	0	A	-2.3016815	-26.862396	3.341301
PHE	10	0	A	-1.6033173	-27.71141	6.9516983
THR	11	0	A	-1.3313904	-25.03447	9.625778
SER	12	0	A	-0.32091522	-25.18956	13.289261
GLY	15	1	A	-4.85524	-27.934738	11.210739
PHE	16	1	A	-5.7871017	-29.224228	7.769104
GLU	17	1	A	-7.090576	-26.654938	5.291565
PHE	18	1	A	-8.738998	-27.173767	1.9039001
LEU	19	1	A	-9.382797	-24.546204	-0.78528595
LEU	20	1	A	-11.899208	-25.077248	-3.5952759
PRO	21	1	A	-12.189766	-21.965317	-5.8050995
TYR	22	1	A	-14.943848	-21.324669	-8.361725
TYR	23	1	A	-14.71611	-18.684242	-11.107437
TRP	24	1	A	-17.833038	-17.012123	-12.528824
ASN	25	1	A	-16.955147	-14.509216	-15.290825
ILE	26	1	A	-20.06052	-12.314346	-15.463135
ASN	29	2	A	-15.374046	-6.2139435	-17.246239
PHE	30	2	A	-16.829773	-8.149887	-14.299408
ASP	31	2	A	-15.387543	-11.119919	-12.396912
ALA	32	2	A	-16.334213	-13.151184	-9.363129
THR	33	2	A	-14.781151	-15.930756	-7.3281403
ILE	34	2	A	-16.50412	-18.032166	-4.697815
THR	35	2	A	-14.276268	-20.208107	-2.5809174
PRO	36	2	A	-15.1996155	-22.696686	0.086006165
HIS	37	2	A	-12.300453	-22.85804	2.5142517
TYR	38	2	A	-12.448006	-25.78978	4.901932
MET	39	2	A	-10.527397	-25.584007	8.169876
GLY	43	3	A	-15.016396	-24.542755	10.477127
LEU	44	3	A	-16.177315	-23.841873	6.9283752
GLN	45	3	A	-15.350319	-20.40863	5.5130615
TRP	46	3	A	-16.679161	-18.769745	2.3534088
GLN	47	3	A	-14.46447	-16.346779	0.45866394
ASN	48	3	A	-16.073807	-14.097443	-2.132431
GLU	49	3	A	-14.14064	-11.805595	-4.472168
PHE	50	3	A	-15.718575	-9.455025	-7.017914
ARG	51	3	A	-13.574951	-7.521408	-9.516632
TYR	52	3	A	-14.770935	-4.706848	-11.751282
LEU	53	3	A	-13.4410095	-2.2838516	-14.362915
SER	58	4	A	-10.986969	-0.34957886	-11.520142
GLY	59	4	A	-11.744278	-2.1078568	-8.251106
THR	60	4	A	-12.119637	-5.205002	-6.0955353
MET	61	4	A	-14.659622	-6.053543	-3.3953934
ALA	62	4	A	-14.431404	-9.001808	-1.0071411
LEU	63	4	A	-16.492874	-10.752441	1.6519928
ASP	64	4	A	-15.208145	-13.544258	3.8835754
TRP	65	4	A	-17.75776	-15.347748	6.0380554
LEU	66	4	A	-17.172256	-18.07183	8.6445465
ARG	84	5	A	-16.023834	-14.343651	11.699753
TRP	85	5	A	-16.299622	-11.93557	8.785095
LEU	86	5	A	-14.251366	-9.562508	6.632553
TYR	87	5	A	-15.323517	-6.906006	4.1427994
TYR	88	5	A	-12.929367	-5.232498	1.707901
TRP	89	5	A	-13.294304	-2.6065521	-0.99653625
GLY	90	5	A	-10.476578	-1.1791077	-3.0893478
HIS	91	5	A	-10.973404	1.2784271	-5.935997
SER	92	5	A	-8.732452	3.4883575	-8.044525
GLY	93	5	A	-9.431107	5.622368	-11.080948
VAL	98	6	A	-10.295036	15.502869	-14.157883
TRP	99	6	A	-12.240883	13.268223	-11.767441
ARG	100	6	A	-10.326996	11.232681	-9.187637
PHE	101	6	A	-11.700951	8.342873	-7.126648
ASN	102	6	A	-9.904106	6.24086	-4.5135956
ILE	103	6	A	-11.212433	3.6958466	-1.998352
ASN	104	6	A	-9.251823	1.7391357	0.60363007
TYR	105	6	A	-11.772736	0.13320923	2.947075
THR	106	6	A	-11.25544	-2.8572235	5.2291565
ARG	107	6	A	-13.444122	-3.961853	8.131561
VAL	108	6	A	-13.285698	-7.112175	10.257553
SER	109	6	A	-15.506531	-8.742386	12.878311
ALA	129	7	A	-7.5868683	-1.7445679	9.361755
THR	130	7	A	-7.795761	1.2869873	7.0782776
GLN	131	7	A	-11.096924	2.8213882	5.936981
ILE	132	7	A	-10.5566635	5.6454926	3.4380035
PHE	133	7	A	-12.790001	7.197876	0.7726822
THR	134	7	A	-11.572441	9.9233055	-1.5786362
ALA	135	7	A	-13.248932	11.873375	-4.367264
GLY	136	7	A	-11.754776	14.927532	-6.024475
TYR	137	7	A	-11.4339905	17.248573	-8.99176
ALA	138	7	A	-8.169853	18.311058	-10.630066
ASN	141	8	A	-4.325363	25.109386	-12.300262
TRP	142	8	A	-6.058632	23.794132	-9.192062
ASN	143	8	A	-7.5293655	20.760643	-7.43602
ALA	144	8	A	-9.8563385	19.863556	-4.576088
THR	145	8	A	-10.308075	16.6193	-2.6490097
LEU	146	8	A	-12.997635	15.397984	-0.25798798
SER	147	8	A	-12.090027	12.47908	2.0044098
SER	148	8	A	-13.307945	10.224537	4.7935944
LYS	149	8	A	-10.535728	8.695217	6.897499
GLN	150	8	A	-11.350037	6.2152023	9.653732
PHE	151	8	A	-9.480103	3.3135147	11.247063
GLN	152	8	A	-10.353699	0.074279785	13.03891
ARG	164	9	A	-11.209816	10.180946	12.521591
ALA	165	9	A	-11.128708	12.721367	9.68364
GLN	166	9	A	-14.74559	13.08783	8.69738
PRO	167	9	A	-14.716232	14.833435	6.4690475
GLN	168	9	A	-11.467682	16.314304	5.1833954
LEU	169	9	A	-11.294228	18.918388	2.4372253
ASP	170	9	A	-7.964203	19.641182	0.73127747
MET	171	9	A	-7.583885	22.383282	-1.8753891
ASN	172	9	A	-4.6498947	23.560051	-3.9762115
TYR	173	9	A	-4.2388535	26.50579	-6.323021
TYR	174	9	A	-1.1278	27.03889	-8.437576
LYS	175	9	A	0.039138794	29.959557	-10.554123
ASP	182	10	A	5.61055	31.187767	-8.621231
MET	183	10	A	2.6535645	31.152737	-6.240593
HIS	184	10	A	0.83425903	28.327957	-4.49765
VAL	185	10	A	-2.062027	28.395271	-2.0462189
TYR	186	10	A	-3.0265198	25.359066	0.0051956177
GLY	187	10	A	-6.15152	25.055874	2.1402206
GLN	188	10	A	-7.796295	22.480274	4.410721
ALA	189	10	A	-11.016357	22.018326	6.3859863
ALA	190	10	A	-11.275475	18.99842	8.695129
LYS	191	10	A	-13.558548	17.571022	11.388054
PHE	192	10	A	-11.824448	15.372829	13.97953
THR	193	10	A	-13.905411	13.115112	16.23935
GLU	201	11	A	-13.779007	17.060764	19.131989
ALA	202	11	A	-12.401657	19.689556	16.773483
SER	203	11	A	-12.966019	21.609802	13.566521
ARG	204	11	A	-9.703064	22.752625	12.005402
PHE	205	11	A	-9.359528	25.301235	9.216415
HIS	206	11	A	-6.0515213	26.05632	7.5312195
ILE	207	11	A	-4.856613	28.444485	4.8517456
GLU	208	11	A	-1.2725983	28.536839	3.6318512
PRO	209	11	A	-0.12911987	30.8978	0.85194397
THR	210	11	A	3.359726	30.536407	-0.6053314
VAL	211	11	A	5.3854523	32.863644	-2.8096008
ASN	212	11	A	8.513687	31.4887	-4.457596
LEU	213	11	A	11.443436	33.118366	-6.2707825
PRO	214	11	A	13.190109	30.388401	-8.324852
LEU	215	11	A	16.505463	31.081379	-10.055237
SER	221	12	A	20.048973	26.824585	-8.6819
ILE	222	12	A	18.755516	28.925308	-5.7860184
ASN	223	12	A	15.229164	29.349308	-4.4305115
THR	224	12	A	13.792328	31.853859	-1.9690857
GLU	225	12	A	10.477989	31.020203	-0.32976532
ALA	226	12	A	8.060783	33.012035	1.7927628
LYS	227	12	A	5.1791763	31.134777	3.3915558
LEU	228	12	A	2.2953186	32.00378	5.6837616
LEU	229	12	A	0.8061447	29.353413	7.982773
ALA	230	12	A	-2.635437	30.389381	9.230667
THR	231	12	A	-4.7520905	28.006607	11.301132
HIS	232	12	A	-7.9974213	28.316772	13.2513275
TYR	233	12	A	-9.1714325	25.723576	15.75975
GLN	234	12	A	-12.6545105	25.186192	17.13832
GLN	235	12	A	-12.187134	22.653355	19.936066
ASP	236	12	A	-15.196976	21.274498	21.797958
ASP	252	13	A	-12.168228	26.618702	22.697433
SER	253	13	A	-10.948387	28.891102	19.916367
VAL	254	13	A	-7.3177185	28.944874	18.836655
ASN	255	13	A	-5.5696564	31.122452	16.27916
ARG	256	13	A	-2.0816803	30.316048	15.042709
VAL	257	13	A	-0.33648682	32.46198	12.443779
LEU	258	13	A	3.3113098	31.755154	11.680672
PRO	259	13	A	5.4029083	33.186638	8.862297
GLN	260	13	A	8.108978	30.956463	7.3947144
PHE	261	13	A	11.242813	32.069256	5.591385
LYS	262	13	A	13.327316	29.566494	3.6475372
VAL	263	13	A	16.303848	29.98856	1.334549
ASP	264	13	A	17.70131	26.938046	-0.43623352
GLY	265	13	A	20.671532	26.749825	-2.808899
LYS	266	13	A	22.467575	23.985668	-4.6973724
VAL	267	13	A	25.51815	23.871506	-7.002777
VAL	268	13	A	26.876434	21.142582	-9.308624
PHE	269	13	A	30.620956	20.807877	-9.933716
ASP	270	13	A	31.982468	18.002174	-12.1076355
ARG	271	13	A	35.20356	16.567162	-13.53183
THR	280	14	A	32.725723	11.574619	-14.553558
GLN	281	14	A	32.645416	12.495258	-10.881821
THR	282	14	A	30.198227	15.173214	-9.766258
LEU	283	14	A	30.278992	17.187786	-6.550949
GLU	284	14	A	26.98542	18.737064	-5.4495087
PRO	285	14	A	26.879547	21.010632	-2.3749084
ARG	286	14	A	23.532982	22.148598	-0.9800339
ALA	287	14	A	22.632965	24.633717	1.7654724
GLN	288	14	A	19.307816	25.727566	3.237175
TYR	289	14	A	18.424232	28.291973	5.8780365
LEU	290	14	A	15.071037	28.005737	7.6128387
TYR	291	14	A	13.36779	30.378212	10.041916
VAL	292	14	A	9.990967	30.037151	11.760742
SER	329	15	A	10.001717	26.897614	15.528061
ALA	330	15	A	12.904114	26.831097	13.097961
ASN	331	15	A	16.212868	28.667606	13.073624
GLN	332	15	A	18.618675	26.353	11.345657
VAL	333	15	A	20.961159	25.588612	8.464737
SER	334	15	A	20.787323	22.232964	6.699959
THR	335	15	A	23.837448	21.433704	4.5846863
GLY	336	15	A	24.553825	18.446297	2.3703918
LEU	337	15	A	27.077538	17.086063	-0.10279846
THR	338	15	A	26.282333	14.674183	-2.9359283
SER	339	15	A	28.932068	13.011974	-5.0840454
ARG	340	15	A	28.009323	10.981056	-8.158813
ILE	341	15	A	29.916946	8.833817	-10.653412
TYR	342	15	A	28.850006	8.2807045	-14.256485
ASP	343	15	A	30.515984	5.8726807	-16.68837
VAL	347	16	A	25.008675	5.5601807	-16.393234
GLU	348	16	A	24.97731	6.617424	-12.739975
ARG	349	16	A	27.009506	3.7936287	-11.216743
PHE	350	16	A	27.938354	5.163227	-7.7942657
ASN	351	16	A	26.377014	7.7565536	-5.5106583
VAL	352	16	A	26.954407	9.01033	-1.9609146
SER	353	16	A	25.252235	11.708256	0.10495758
VAL	354	16	A	26.083038	13.121349	3.5324554
GLY	355	16	A	24.128967	15.932152	5.164032
GLN	356	16	A	23.670715	17.702381	8.477203
ILE	357	16	A	21.49356	20.151104	10.434402
TYR	358	16	A	22.952988	22.994057	12.499374
TYR	359	16	A	20.545181	24.567783	14.99527
PHE	360	16	A	21.100769	28.174889	16.066452
SER	361	16	A	18.374657	27.838818	18.673904
ARG	362	16	A	16.269821	25.07026	20.217072
SER	363	16	A	13.222771	23.870949	18.299973
ARG	364	16	A	10.047943	24.355377	20.33728
LEU	380	17	A	22.741753	17.937225	16.066452
VAL	381	17	A	21.34816	15.8862915	13.195999
TRP	382	17	A	23.361832	13.919647	10.654625
ALA	383	17	A	22.194878	11.637791	7.855324
GLY	384	17	A	23.65409	9.806786	4.893814
ASP	385	17	A	22.825768	7.3869476	2.1114502
THR	386	17	A	24.718376	5.547058	-0.60330963
PHE	387	17	A	24.121513	3.5931892	-3.7996826
TRP	388	17	A	26.445953	1.4672852	-5.9205933
ARG	389	17	A	25.814331	-0.35298157	-9.181595
ILE	390	17	A	28.551056	-2.9724884	-8.935013
GLN	393	18	A	23.020737	-7.579254	-12.124573
LEU	394	18	A	24.457985	-6.602104	-8.744019
GLY	395	18	A	23.326202	-3.6288834	-6.6976852
LEU	396	18	A	24.113289	-2.2401428	-3.2615204
LYS	397	18	A	22.613655	0.5728607	-1.1948395
GLY	398	18	A	22.199478	1.7779007	2.3691711
GLY	399	18	A	21.669083	4.651539	4.781357
ALA	400	18	A	22.261398	5.8511124	8.332214
GLN	401	18	A	20.978485	8.554913	10.679085
TYR	402	18	A	22.401955	10.28101	13.750626
ASP	403	18	A	20.870834	12.493172	16.431046
THR	410	19	A	19.387787	6.1021767	15.583313
LEU	411	19	A	18.566742	4.3667145	12.300735
GLY	412	19	A	20.636978	2.4219742	9.813797
ASN	413	19	A	20.077324	-0.11893463	7.069916
ALA	414	19	A	21.759155	-1.6976318	4.087738
ILE	415	19	A	20.631462	-3.9864655	1.3047256
MET	416	19	A	22.43747	-5.822983	-1.490181
GLU	417	19	A	20.700478	-7.540886	-4.3910065
TYR	418	19	A	21.69168	-9.757431	-7.296028
ARG	419	19	A	19.239334	-10.54335	-10.094597
LYS	420	19	A	19.70446	-11.955856	-13.607269
ARG	424	20	A	17.801247	-16.040398	-10.412621
MET	425	20	A	17.829994	-13.692749	-7.4212646
ILE	426	20	A	19.732605	-13.201981	-4.1587524
GLN	427	20	A	19.130028	-10.496063	-1.542984
LEU	428	20	A	20.935715	-9.6362	1.7090073
ASN	429	20	A	19.827827	-6.909363	4.095642
TYR	430	20	A	20.260078	-5.5181885	7.582382
ARG	431	20	A	18.031876	-3.1244965	9.485001
TYR	432	20	A	18.80214	-1.2906799	12.70993
ALA	433	20	A	16.828873	1.1511383	14.827866
ILE	454	21	A	15.328644	-3.2828903	15.540985
SER	455	21	A	18.319855	-5.4092636	14.524979
GLN	456	21	A	17.203842	-7.6968384	11.7504425
VAL	457	21	A	19.326263	-9.645035	9.271698
GLY	458	21	A	17.59349	-10.95694	6.1874237
THR	459	21	A	18.215279	-13.187248	3.209694
THR	460	21	A	15.995087	-14.058762	0.269516
ALA	461	21	A	16.73191	-16.173294	-2.794281
SER	462	21	A	15.228203	-17.79425	-5.8681946
TRP	463	21	A	17.425095	-20.115051	-7.894806
ARG	468	22	A	12.782051	-28.099266	-14.372406
TRP	469	22	A	13.262413	-27.603783	-10.642944
ALA	470	22	A	13.329193	-24.29918	-8.766884
ILE	471	22	A	13.911751	-23.368942	-5.133423
VAL	472	22	A	13.07341	-20.248032	-3.1162186
GLY	473	22	A	14.0996475	-19.228912	0.39349365
ALA	474	22	A	13.611855	-16.400848	2.8752594
TYR	475	22	A	15.124374	-16.155075	6.33934
TYR	476	22	A	14.793991	-13.170181	8.663147
TYR	477	22	A	16.599045	-13.212509	11.987213
ASP	478	22	A	16.38398	-11.019722	15.080887
GLN	483	23	A	15.555191	-15.9015045	17.117477
PRO	484	23	A	13.90889	-16.180527	13.68486
ALA	485	23	A	11.294785	-13.53199	12.905258
SER	486	23	A	10.252289	-15.211678	9.662895
GLN	487	23	A	11.284058	-18.21283	7.5730286
LEU	488	23	A	10.165688	-19.576523	4.2108
VAL	489	23	A	11.403442	-22.536484	2.1569977
GLY	490	23	A	9.96286	-23.516785	-1.2130585
LEU	491	23	A	10.204597	-25.857101	-4.189743
GLN	492	23	A	8.711029	-25.556435	-7.677803
TYR	493	23	A	8.30014	-28.069458	-10.493439
ASN	494	23	A	7.934738	-27.215172	-14.141037
VAL	500	24	A	3.5911865	-26.848938	-9.225555
ASN	501	24	A	4.4873505	-25.217796	-5.888214
LEU	502	24	A	5.301819	-26.728912	-2.4931946
GLY	503	24	A	6.1174316	-24.55857	0.5120697
TYR	504	24	A	6.903351	-24.274582	4.2104263
GLU	505	24	A	6.596756	-21.132431	6.3355255
ARG	506	24	A	7.2898865	-20.324524	9.984436
LYS	507	24	A	6.6947556	-16.824837	11.339905
ILE	508	24	A	6.391144	-14.932434	14.608925
THR	509	24	A	2.6534958	-14.432266	15.011124
GLY	510	24	A	2.1140594	-13.590271	18.66388
LYS	519	25	A	4.37088	-17.350006	19.51973
TYR	520	25	A	5.161377	-18.968689	16.159561
ASP	521	25	A	2.9698105	-20.556503	13.4891205
ASN	522	25	A	3.603218	-23.220566	10.871735
LYS	523	25	A	2.2520142	-23.583893	7.351059
ILE	524	25	A	3.0032349	-26.283684	4.806999
GLY	525	25	A	0.9222717	-26.477585	1.6608582
PHE	526	25	A	0.5203705	-27.13414	-2.0360413
ASN	527	25	A	-1.0372849	-25.316864	-4.9614563
