Res	Num	Strand	Z-coord
LYS	3	0	A	-10.129692	-12.013889	-13.726353
PHE	4	0	A	-7.8187847	-12.353981	-10.700378
SER	5	0	A	-5.797081	-9.381981	-9.345943
VAL	6	0	A	-3.7161999	-8.654915	-6.323269
GLU	7	0	A	-4.329056	-5.270466	-4.721874
ALA	8	0	A	-2.1374435	-3.3080826	-2.2750206
GLY	9	0	A	-3.3733768	-0.22239304	-0.4875145
ALA	10	0	A	-2.215372	2.3194656	2.0413399
GLY	11	0	A	-4.1027775	4.7713165	4.192581
PHE	12	0	A	-6.3881817	5.110344	7.1448555
GLY	17	1	A	-1.3593464	1.0458755	7.880699
GLY	18	1	A	-2.0893593	-0.8156395	4.690876
GLN	19	1	A	-3.8186474	-3.7662582	3.1072083
LEU	20	1	A	-3.140154	-6.650276	0.7367058
ALA	21	1	A	-6.0017967	-8.335255	-1.0803986
VAL	22	1	A	-6.905798	-10.712345	-3.8556519
VAL	23	1	A	-9.883736	-9.750759	-6.028843
ALA	24	1	A	-11.814589	-11.950493	-8.408615
GLU	25	1	A	-14.130166	-10.324753	-10.91444
PRO	32	2	A	-20.69216	-7.8859024	-12.676678
LEU	33	2	A	-20.10178	-9.585106	-9.276588
GLY	34	2	A	-16.725538	-9.334785	-7.6063576
VAL	35	2	A	-15.19612	-10.828285	-4.469204
ARG	36	2	A	-12.267681	-9.382595	-2.505951
LEU	37	2	A	-10.355944	-11.104549	0.35054016
GLY	38	2	A	-7.939556	-8.823509	2.1109924
VAL	39	2	A	-5.743639	-8.4124565	5.134701
GLY	40	2	A	-5.0045223	-5.1163826	6.844715
PHE	41	2	A	-2.3642578	-4.0198784	9.337269
ALA	42	2	A	-2.645008	-0.5948448	10.969517
THR	43	2	A	-1.4207478	1.2241364	14.021999
SER	44	2	A	-3.971819	1.9742508	16.653683
SER	69	3	A	5.441124	3.5726547	25.909504
GLU	70	3	A	1.9913654	2.9045029	24.447437
TRP	71	3	A	1.5249138	0.8255005	21.330265
GLY	72	3	A	-1.536417	-0.644928	19.528828
GLN	73	3	A	-2.415285	-2.4870338	16.360126
ASN	74	3	A	-5.308857	-3.9519272	14.317623
VAL	75	3	A	-5.022787	-6.9026337	12.007603
THR	76	3	A	-8.200947	-7.2300873	9.948391
LEU	77	3	A	-9.324127	-10.1116295	7.7594833
SER	78	3	A	-12.076111	-9.104847	5.452286
LEU	79	3	A	-14.352764	-10.482891	2.7262459
ASP	80	3	A	-16.28655	-8.140694	0.40035248
VAL	81	3	A	-18.891586	-8.7998085	-2.2372513
LEU	82	3	A	-18.600203	-6.080761	-4.9181824
TYR	83	3	A	-21.137096	-5.1807404	-7.5863724
LYS	84	3	A	-20.174507	-3.1414642	-10.706879
GLU	93	4	A	-15.335769	2.071762	-12.31274
VAL	94	4	A	-17.21615	2.3995895	-8.93581
ALA	95	4	A	-18.18478	-0.7858696	-7.0683746
PRO	96	4	A	-20.428875	-0.6261711	-4.012554
TYR	97	4	A	-19.492193	-3.3978157	-1.6180115
PHE	98	4	A	-20.610073	-4.935711	1.6192741
GLY	99	4	A	-18.810703	-7.4478874	3.7593613
VAL	100	4	A	-17.837437	-9.289795	6.890747
ARG	101	4	A	-14.610188	-8.668186	8.948307
TYR	102	4	A	-12.533493	-10.376724	11.61385
ASN	103	4	A	-10.222595	-8.12904	13.608982
PHE	104	4	A	-7.302347	-8.876904	15.883991
PHE	105	4	A	-6.7955666	-5.9319687	18.212345
SER	106	4	A	-3.9057236	-5.6059494	20.637493
GLY	107	4	A	-1.8560276	-3.0489197	22.522099
GLY	108	4	A	-0.797699	-1.7545929	25.90414
TYR	109	4	A	2.3418922	-0.17481232	27.337498
THR	110	4	A	5.916233	-0.99474335	28.256153
ASP	111	4	A	7.929962	0.32510376	31.114567
LYS	119	5	A	7.536934	-4.7921104	32.83617
ALA	120	5	A	4.8324966	-4.807472	30.124378
GLN	121	5	A	1.07728	-4.945282	29.979435
THR	122	5	A	-0.9519634	-6.066658	26.967793
ILE	123	5	A	-4.6371136	-6.2740364	26.181232
SER	124	5	A	-6.3466415	-8.120518	23.266865
SER	125	5	A	-9.760063	-8.48262	21.628819
ASN	126	5	A	-10.860849	-10.513561	18.62106
GLN	127	5	A	-13.969233	-9.124706	17.015278
LEU	128	5	A	-16.4488	-9.923878	14.339001
GLY	129	5	A	-17.37629	-6.919052	12.162212
LEU	130	5	A	-19.655075	-5.784046	9.328403
GLY	131	5	A	-19.128632	-3.0940018	6.789379
LEU	132	5	A	-20.04121	-1.1504898	3.7235107
GLY	133	5	A	-18.079517	0.8487396	1.1754646
VAL	134	5	A	-17.25308	1.9463806	-2.3334007
ARG	135	5	A	-14.255516	0.8891678	-4.413452
ALA	136	5	A	-13.132673	3.100708	-7.3151436
ALA	137	5	A	-10.808029	1.6953278	-9.994686
TYR	138	5	A	-9.080883	3.6033478	-12.810432
SER	145	6	A	-5.161577	0.28590393	-12.107658
LEU	146	6	A	-5.321865	2.97921	-9.510635
VAL	147	6	A	-7.723301	1.9755859	-6.726818
GLY	148	6	A	-9.535593	4.1813507	-4.2150764
ASP	149	6	A	-11.432001	2.7497177	-1.2836075
LEU	150	6	A	-13.744386	4.3924637	1.2495728
GLY	151	6	A	-15.770447	2.382225	3.7510185
VAL	152	6	A	-17.104881	2.120346	7.3064537
ASP	153	6	A	-17.028936	-0.99819565	9.483147
TYR	154	6	A	-18.770088	-1.743309	12.716862
TYR	155	6	A	-17.376642	-4.1912117	15.321247
PHE	156	6	A	-19.28872	-6.0173683	18.048122
GLN	157	6	A	-17.75996	-5.875744	21.510227
ALA	158	6	A	-16.019733	-9.075958	22.482716
CYS	159	6	A	-14.018877	-10.417587	25.421017
PHE	160	6	A	-10.726749	-8.771641	26.45197
THR	161	6	A	-7.5825005	-10.671951	27.449009
ARG	162	6	A	-4.911064	-8.980297	29.630764
VAL	163	6	A	-1.3016815	-10.235798	29.99139
GLU	164	6	A	1.107872	-8.654713	32.49956
GLU	165	6	A	4.7975883	-9.660156	32.462315
VAL	196	7	A	-13.986259	2.424057	11.80418
LEU	197	7	A	-13.5804	4.792984	8.861263
LYS	198	7	A	-11.557707	3.192955	6.063408
LEU	199	7	A	-9.8498535	5.419243	3.5063438
ARG	200	7	A	-7.16337	3.872116	1.2279549
LEU	201	7	A	-5.2433968	4.568802	-2.0254517
GLY	202	7	A	-3.5481148	1.7049332	-3.7864838
ALA	203	7	A	-3.0503426	-0.24361038	-6.9762077
ALA	204	7	A	-4.2358704	-3.5377502	-8.431969
TYR	205	7	A	-2.2095776	-5.741802	-10.744812
