Res	Num	Strand	Z-coord
ALA	1039	0	A	-13.738817	6.5326643	-11.271414
GLY	1040	0	A	-13.658692	4.3714447	-8.109846
ALA	1041	0	A	-15.124505	3.8226223	-4.6305904
TRP	1042	0	A	-14.046392	1.395122	-1.9578953
ALA	1043	0	A	-14.422722	0.22970009	1.6242523
ARG	1044	0	A	-12.256775	-1.7567358	4.011608
ILE	1045	0	A	-12.839619	-3.4791603	7.3224907
MET	1046	0	A	-9.961525	-4.6614857	9.513502
SER	1047	0	A	-10.542328	-6.4845743	12.754244
GLY	1048	0	A	-7.605397	-7.7083254	14.843325
THR	1049	0	A	-6.0126934	-8.535115	18.200926
GLY	1050	0	A	-2.4417286	-8.362668	19.499615
SER	1051	0	A	-0.41521835	-8.688151	22.713226
ALA	1052	0	A	2.7042809	-7.2248917	24.225525
PHE	1056	1	A	-0.9070301	-5.9542913	27.570004
SER	1057	1	A	-3.3897762	-7.0069456	24.923386
ASP	1058	1	A	-5.583847	-5.080971	22.509527
ASN	1059	1	A	-8.357483	-5.5588493	19.998114
TYR	1060	1	A	-9.763185	-3.2730417	17.357872
THR	1061	1	A	-12.242619	-2.9047108	14.518953
HIS	1062	1	A	-11.143075	-0.43047428	11.873787
VAL	1063	1	A	-13.599182	0.6809597	9.187823
GLN	1064	1	A	-12.577265	2.784235	6.1901207
VAL	1065	1	A	-13.949041	4.188986	2.9672995
GLY	1066	1	A	-12.589559	6.1753283	0.03153038
VAL	1067	1	A	-13.064619	7.544546	-3.4621525
ASP	1068	1	A	-10.6745205	8.343568	-6.320881
LYS	1069	1	A	-9.941121	9.127355	-9.970659
LYS	1070	1	A	-7.6071663	6.9074078	-12.06744
HIS	1071	1	A	-5.2323513	8.612908	-14.560055
ASP	1077	2	A	-2.1449013	3.9763565	-13.714533
LEU	1078	2	A	-2.3395653	6.8241997	-11.18918
PHE	1079	2	A	-5.2315235	6.2861176	-8.766279
THR	1080	2	A	-5.5583763	9.351375	-6.45335
GLY	1081	2	A	-8.180331	9.86806	-3.7857304
PHE	1082	2	A	-9.486385	10.7369795	-0.34402275
THR	1083	2	A	-10.232307	8.394123	2.5221348
VAL	1084	2	A	-11.9772	8.509668	5.892934
THR	1085	2	A	-11.492859	6.0228944	8.7478
HIS	1086	2	A	-13.148792	5.049341	12.040282
THR	1087	2	A	-11.5078125	2.834652	14.66942
ASP	1088	2	A	-13.163091	1.2925673	17.726528
SER	1089	2	A	-10.358983	0.018590927	19.908827
SER	1090	2	A	-9.93582	-1.426486	23.400248
ALA	1091	2	A	-6.9063416	-2.5727282	25.358553
SER	1092	2	A	-5.9326973	-3.9194708	28.76091
SER	1097	3	A	-8.165563	-1.062108	30.991909
GLY	1098	3	A	-9.150702	1.4071383	28.299047
LYS	1099	3	A	-11.09658	2.2146091	25.157093
THR	1100	3	A	-10.549743	4.5391674	22.198528
LYS	1101	3	A	-12.898475	5.7119884	19.46785
SER	1102	3	A	-10.882666	7.246584	16.629929
VAL	1103	3	A	-11.679729	9.072954	13.362749
GLY	1104	3	A	-9.360595	9.832766	10.441363
ALA	1105	3	A	-9.000484	11.398871	7.02676
GLY	1106	3	A	-6.2934475	11.212233	4.372529
LEU	1107	3	A	-5.109495	11.670179	0.78687
TYR	1108	3	A	-3.4765892	8.954676	-1.3294983
ALA	1109	3	A	-1.6502018	8.478923	-4.6376514
SER	1110	3	A	-1.1673145	4.9583473	-5.976137
ALA	1111	3	A	0.9964676	4.521038	-9.058786
MET	1112	3	A	0.48969078	1.1894522	-10.768108
TYR	1118	4	A	4.2169037	0.10313702	-8.051214
ILE	1119	4	A	4.6029644	3.0455828	-5.7003765
ASP	1120	4	A	1.9738731	4.027158	-3.1325836
LEU	1121	4	A	1.957056	7.335026	-1.198431
ILE	1122	4	A	-0.560482	8.090281	1.5741167
GLY	1123	4	A	-0.8659992	10.967622	4.0748234
LYS	1124	4	A	-3.4791336	10.800238	6.8531294
TYR	1125	4	A	-4.578785	12.538182	10.077297
VAL	1126	4	A	-6.021471	10.596354	13.025945
HIS	1127	4	A	-7.9318	11.871769	16.048698
HIS	1128	4	A	-8.142913	9.5834465	19.068396
ASP	1129	4	A	-10.3196945	10.080536	22.05944
ASN	1130	4	A	-9.441074	8.163457	24.679329
GLU	1131	4	A	-10.386288	6.4764657	27.968431
TYR	1132	4	A	-7.9244175	5.071684	30.509005
THR	1133	4	A	-8.474867	3.4699202	33.929325
ARG	1142	5	A	-9.3479805	9.537432	32.725
ASP	1143	5	A	-11.077344	10.842645	29.59696
TYR	1144	5	A	-8.6801815	12.557543	27.183552
SER	1145	5	A	-7.8232994	13.06636	23.529661
THR	1146	5	A	-4.7754993	12.701924	21.272938
HIS	1147	5	A	-3.895546	12.882633	17.568174
SER	1148	5	A	-1.3163109	11.986601	14.940762
TRP	1149	5	A	-0.08324623	12.755923	11.436152
TYR	1150	5	A	1.209755	9.905423	9.3129015
ALA	1151	5	A	2.9478855	9.864061	5.9338703
GLY	1152	5	A	3.540205	6.511696	4.2407
ALA	1153	5	A	5.4603386	5.2825756	1.210556
GLU	1154	5	A	5.391115	1.8081303	-0.3440218
ALA	1155	5	A	7.3283787	0.5105238	-3.3302765
GLY	1156	5	A	7.1577244	-3.0011082	-4.7814445
TYR	1157	5	A	7.5943775	-5.0127325	-7.9617176
ARG	1158	5	A	5.531023	-7.8939333	-9.2890625
TYR	1159	5	A	7.54101	-10.278909	-11.444315
HIS	1160	5	A	5.5207634	-12.965337	-13.251047
VAL	1161	5	A	7.25218	-16.348022	-13.412626
ASP	1164	6	A	-0.4692669	-17.837307	-13.5916195
ALA	1165	6	A	2.2049046	-17.079575	-10.934834
TRP	1166	6	A	4.185961	-14.061784	-9.696459
ILE	1167	6	A	6.579487	-12.979205	-6.9803143
GLU	1168	6	A	6.413557	-9.475509	-5.462969
PRO	1169	6	A	9.098551	-8.057614	-3.1491604
GLN	1170	6	A	7.7812767	-5.0709963	-1.1568108
ALA	1171	6	A	9.134352	-2.2608728	0.98463535
GLU	1172	6	A	7.201071	0.36806202	2.9293394
LEU	1173	6	A	8.254879	3.1030474	5.3209677
VAL	1174	6	A	5.829233	5.011009	7.5491147
TYR	1175	6	A	6.8247375	8.149559	9.459195
GLY	1176	6	A	4.548218	9.836175	11.985815
SER	1177	6	A	4.126528	12.81552	14.289401
VAL	1178	6	A	2.0719776	11.5736885	17.197014
SER	1179	6	A	1.2132549	13.883633	20.038046
GLY	1180	6	A	0.18160057	11.556369	22.8575
LYS	1181	6	A	0.47125244	11.563668	26.63287
GLN	1182	6	A	2.951542	10.769491	29.411636
LYS	1195	7	A	1.1487007	15.731344	30.698076
ASP	1196	7	A	1.279829	15.663948	26.891808
LYS	1197	7	A	4.300394	14.139259	25.107836
ASP	1198	7	A	5.0746174	14.429802	21.375652
TYR	1199	7	A	7.02124	11.7432165	19.483154
ASN	1200	7	A	7.865206	10.45055	16.034737
PRO	1201	7	A	7.298193	6.794205	15.214888
LEU	1202	7	A	9.25358	5.4244165	12.279099
ILE	1203	7	A	7.8698406	2.1098552	11.077982
GLY	1204	7	A	9.617044	0.09024906	8.35877
ARG	1205	7	A	8.512245	-2.9983044	6.4416895
THR	1206	7	A	10.114264	-5.2806473	3.9043894
GLY	1207	7	A	8.677443	-8.561767	2.663045
VAL	1208	7	A	7.6830463	-10.70012	-0.28305054
ASP	1209	7	A	4.3025017	-11.907727	-1.5045872
VAL	1210	7	A	3.6948757	-14.770869	-3.921133
GLY	1211	7	A	0.43710136	-15.450124	-5.7680397
LYS	1212	7	A	-1.225523	-17.770966	-8.2739105
SER	1213	7	A	-4.4730396	-17.056347	-10.171152
PHE	1214	7	A	-7.495082	-18.93888	-11.541395
LYS	1220	8	A	-10.545149	-14.010037	-11.541315
VAL	1221	8	A	-9.209376	-15.226443	-8.122843
THR	1222	8	A	-5.587593	-14.876981	-6.9816647
ALA	1223	8	A	-4.56691	-16.878628	-3.920372
ARG	1224	8	A	-1.6093235	-15.223874	-2.2233143
ALA	1225	8	A	0.7308979	-15.488194	0.7506027
GLY	1226	8	A	3.5781307	-13.385158	2.1145744
LEU	1227	8	A	6.4437847	-13.217532	4.573552
GLY	1228	8	A	8.232714	-10.112027	5.8134823
TYR	1229	8	A	9.905268	-8.275498	8.666451
GLN	1230	8	A	8.599749	-5.149667	10.376928
PHE	1231	8	A	10.383184	-2.6560326	12.627822
ASP	1232	8	A	9.413073	0.48134422	14.445148
LEU	1233	8	A	11.467585	3.1532207	16.122253
LEU	1234	8	A	9.514818	5.4129868	18.458624
ALA	1235	8	A	11.692926	8.534504	18.628645
ASP	1255	9	A	10.631247	-3.5906935	18.300657
SER	1256	9	A	10.859335	-6.158119	15.462799
ARG	1257	9	A	8.338829	-8.789111	14.219254
MET	1258	9	A	8.143997	-11.483829	11.591442
LEU	1259	9	A	5.08148	-11.037229	9.3913765
MET	1260	9	A	3.009224	-13.925208	8.0207205
SER	1261	9	A	-0.024085999	-13.409783	5.7575455
VAL	1262	9	A	-2.4076424	-15.338841	3.4874897
GLY	1263	9	A	-5.2750454	-14.08846	1.3023787
LEU	1264	9	A	-7.271494	-13.632714	-1.9066029
ASN	1265	9	A	-7.8900223	-11.07974	-4.6545124
ALA	1266	9	A	-11.27614	-11.7569475	-6.2299824
GLU	1267	9	A	-12.278878	-10.086587	-9.512016
ILE	1268	9	A	-15.913628	-10.1538725	-10.786463
ASN	1271	10	A	-16.51778	-3.3095856	-12.027439
VAL	1272	10	A	-16.383636	-5.2909746	-8.783733
ARG	1273	10	A	-13.254486	-6.4967794	-6.917097
PHE	1274	10	A	-12.787582	-7.7433424	-3.3347015
GLY	1275	10	A	-9.873247	-9.088119	-1.3272762
LEU	1276	10	A	-9.50099	-10.803544	1.9990215
GLU	1277	10	A	-6.3206005	-11.210963	4.0937195
PHE	1278	10	A	-5.4682827	-13.060523	7.346573
PHE	1278	10	A	-5.464102	-13.039748	7.3466635
GLU	1279	10	A	-2.3345737	-11.891791	9.22494
LYS	1280	10	A	-0.3094616	-12.858005	12.282938
SER	1281	10	A	3.1805992	-12.047347	13.590732
ALA	1282	10	A	5.8787403	-13.602866	15.778302
ASP	1289	11	A	-2.1792889	-12.688365	17.254412
ASN	1290	11	A	-5.0065155	-12.312068	14.73629
ALA	1291	11	A	-6.1336403	-9.931392	12.058962
VAL	1292	11	A	-8.612569	-9.968028	9.244087
ASN	1293	11	A	-8.767864	-7.5288324	6.3747253
ALA	1294	11	A	-11.438019	-7.2641726	3.6865492
ASN	1295	11	A	-11.395462	-4.7234774	0.7343054
PHE	1296	11	A	-14.2847395	-4.065419	-1.6273556
PHE	1296	11	A	-14.327229	-4.0418825	-1.5974426
ARG	1297	11	A	-13.948178	-1.9844246	-4.816988
TYR	1298	11	A	-16.7111	-0.71083355	-7.098776
SER	1299	11	A	-14.7852335	0.65730095	-10.111162
PHE	1300	11	A	-16.778934	2.5971174	-12.733835
