Res	Num	Strand	Z-coord
ARG	140	0	A	5.0892525	15.929237	-11.572197
GLY	141	0	A	2.9339333	17.301777	-8.754852
TYR	142	0	A	-0.49644852	17.639122	-7.144104
ILE	143	0	A	-2.84367	18.792244	-4.43808
GLU	144	0	A	-5.071789	16.44265	-2.5043945
GLY	145	0	A	-7.605606	17.769093	-0.024902344
GLY	146	0	A	-10.420319	16.414158	2.0856628
VAL	147	0	A	-12.778692	16.960728	4.9435425
SER	148	0	A	-14.488262	14.13818	6.886368
SER	149	0	A	-16.592102	13.312756	9.931213
SER	152	1	A	-11.313404	15.730633	10.262634
TYR	153	1	A	-9.407326	17.084068	7.261734
ARG	154	1	A	-6.36977	16.29316	5.2032623
SER	155	1	A	-4.209408	18.341187	2.873993
LYS	156	1	A	-1.2103767	17.44012	0.78930664
PHE	157	1	A	0.93649673	19.39191	-1.6712646
ASN	158	1	A	3.6270828	17.769035	-3.7450714
LEU	159	1	A	5.9409943	19.093552	-6.430603
SER	160	1	A	8.848797	17.25319	-8.043274
GLY	161	1	A	11.104267	17.346844	-11.092155
PRO	162	1	A	14.404064	18.643032	-12.473892
ILE	163	1	A	16.48468	21.212234	-10.628853
GLN	164	1	A	19.248188	21.146313	-13.247368
LEU	167	2	A	21.979702	16.187862	-13.302841
LEU	168	2	A	19.885159	17.029797	-10.244308
TYR	169	2	A	16.245014	16.319874	-9.511536
GLY	170	2	A	14.132984	17.132462	-6.4697876
SER	171	2	A	10.832214	16.859455	-4.6674957
VAL	172	2	A	8.924717	18.34048	-1.7773132
THR	173	2	A	5.835064	17.09098	0.005004883
LEU	174	2	A	3.883831	18.802193	2.7521515
LEU	175	2	A	1.0632362	17.042385	4.545639
ARG	176	2	A	-1.4055672	17.957409	7.2312927
GLN	177	2	A	-3.622982	15.0327835	8.263184
VAL	178	2	A	-6.0719185	15.328304	11.139496
GLY	194	3	A	-9.239147	9.814621	20.567139
GLY	195	3	A	-7.701721	11.270851	17.388672
THR	196	3	A	-4.401684	12.323772	15.851257
ARG	197	3	A	-3.0740547	15.441273	14.1410675
ALA	198	3	A	0.17023468	15.333588	12.146118
SER	199	3	A	2.1109047	17.883278	10.135773
ILE	200	3	A	4.793667	16.408611	7.873337
GLY	201	3	A	7.53598	17.714554	5.589798
ASN	202	3	A	9.677929	15.752487	3.2053375
VAL	203	3	A	12.3732605	16.783627	0.7036896
LYS	204	3	A	14.335823	14.659191	-1.8126678
LEU	205	3	A	17.432835	15.332272	-3.8705597
ARG	206	3	A	18.549686	12.897408	-6.5559387
LEU	207	3	A	21.870136	13.353123	-8.329536
ALA	208	3	A	21.736958	11.226063	-11.469521
PRO	213	4	A	26.552212	4.5657845	-14.077812
TRP	214	4	A	25.914913	6.0333977	-10.585609
GLU	215	4	A	23.24184	7.94804	-8.652794
MET	216	4	A	23.017963	9.399601	-5.189331
GLY	217	4	A	20.02055	10.219635	-3.0557709
PHE	218	4	A	19.196701	12.47784	-0.18611145
ALA	219	4	A	15.962051	12.550816	1.7896118
ALA	220	4	A	15.052311	14.575596	4.8366394
SER	221	4	A	11.759884	14.579571	6.742111
ARG	222	4	A	10.035076	15.952557	9.792862
GLU	223	4	A	6.8171844	14.648197	11.276749
CYS	224	4	A	5.0330353	16.08743	14.283646
THR	225	4	A	1.9415092	14.262142	15.419907
ARG	226	4	A	-0.108226776	15.068199	18.509323
ALA	227	4	A	-2.5552864	12.492207	19.73494
THR	228	4	A	-5.0152626	12.373337	22.610535
TYR	253	5	A	-1.734623	14.127205	25.666931
MET	254	5	A	1.189846	12.936867	23.693375
ARG	255	5	A	3.1890526	14.568577	20.981049
ARG	256	5	A	5.894432	12.979923	18.928513
CYS	257	5	A	8.494526	14.366978	16.528656
THR	258	5	A	10.488525	12.120644	14.231659
ASP	259	5	A	13.277096	13.465076	12.011368
SER	260	5	A	14.777901	11.205158	9.373352
GLN	261	5	A	17.691975	11.541283	6.97641
THR	262	5	A	18.626621	9.006424	4.328598
LEU	263	5	A	21.68079	9.056408	2.098999
SER	264	5	A	21.537052	6.6451607	-0.8280945
GLY	265	5	A	23.989727	5.4446144	-3.487915
LYS	266	5	A	23.87875	3.1940956	-6.51091
TYR	267	5	A	26.299831	1.9325333	-9.150848
THR	268	5	A	25.40549	-0.19009018	-12.161095
VAL	273	6	A	24.420025	-3.4494514	-9.181641
PHE	274	6	A	25.88924	-2.1687431	-5.9521027
ASN	275	6	A	23.69897	-0.12955093	-3.544754
LEU	276	6	A	24.83089	1.714962	-0.4405365
ILE	277	6	A	22.497852	3.1777382	2.2082062
SER	278	6	A	22.96178	5.2312584	5.3264313
ALA	279	6	A	19.964893	6.457592	7.3043976
TRP	280	6	A	19.456944	8.285656	10.577591
GLN	281	6	A	16.326832	8.829033	12.603424
GLN	282	6	A	15.732872	10.683414	15.83223
GLN	283	6	A	12.478046	10.621899	17.73996
HIS	284	6	A	11.336231	12.2135315	20.930573
TYR	285	6	A	7.823719	12.229092	22.277206
SER	286	6	A	6.106018	13.385159	25.38855
ARG	287	6	A	3.3588066	11.099598	26.660126
THR	288	6	A	1.1646347	11.564037	29.703857
PHE	289	6	A	-2.2262573	10.2279625	30.59645
ILE	295	7	A	-1.2270546	10.275509	36.299164
VAL	296	7	A	1.4112244	8.4742775	34.221436
ASN	297	7	A	4.1287766	10.422253	32.488586
MET	298	7	A	6.4794044	8.545811	30.185638
PRO	299	7	A	8.509472	10.601402	27.687363
GLN	300	7	A	11.12925	8.801903	25.632812
ARG	301	7	A	13.90453	9.523823	23.10698
TRP	302	7	A	15.113949	7.359852	20.267578
ASN	303	7	A	18.154629	7.57111	18.067581
GLN	304	7	A	18.79818	4.8556366	15.52887
ASP	305	7	A	21.02174	4.7644386	12.455444
VAL	306	7	A	21.42551	2.048298	9.860367
GLN	307	7	A	23.99458	1.5552673	7.1185455
GLU	308	7	A	23.751118	-1.1899757	4.5406647
LEU	309	7	A	25.903584	-2.0744514	1.5544891
ARG	310	7	A	24.994183	-4.79488	-0.94699097
ALA	311	7	A	26.007244	-6.3100166	-4.329956
ALA	312	7	A	23.47778	-8.131969	-6.507904
THR	313	7	A	23.4939	-9.628658	-9.967072
ASP	321	8	A	21.192348	-15.031406	-9.254448
MET	322	8	A	23.004131	-13.658405	-6.213852
VAL	323	8	A	22.829556	-11.018452	-3.4588318
PHE	324	8	A	25.414005	-10.216625	-0.8152771
GLY	325	8	A	25.096684	-7.661976	1.9624939
LEU	326	8	A	26.619846	-5.9699135	4.9828796
TYR	327	8	A	24.196644	-4.3757744	7.3861084
ARG	328	8	A	24.769642	-2.436798	10.58548
GLN	329	8	A	22.140583	-0.8669472	12.857361
ASN	330	8	A	22.647205	0.9907875	16.091568
THR	331	8	A	19.798077	2.1666641	18.33989
ARG	332	8	A	19.853668	4.1735687	21.57167
GLU	333	8	A	16.796516	4.821224	23.649963
LYS	334	8	A	16.12218	6.725479	26.867752
LEU	335	8	A	12.9746895	6.5364723	29.02533
ASN	336	8	A	11.782028	8.502712	32.04741
SER	337	8	A	8.800156	7.1375313	33.87137
ALA	338	8	A	6.7932816	8.792194	36.554962
TYR	339	8	A	3.6933975	7.109623	37.918045
ASP	340	8	A	2.0686493	9.411533	40.527878
LEU	347	9	A	7.160927	5.0177994	40.988617
SER	348	9	A	9.8666115	6.927845	39.11766
SER	349	9	A	12.652691	5.6865807	36.84311
THR	350	9	A	15.197556	6.5687447	34.14673
GLY	351	9	A	16.746532	4.079769	31.75705
TYR	352	9	A	19.183311	4.213352	28.880783
THR	353	9	A	19.276985	1.0339699	26.858246
THR	354	9	A	20.919743	0.31512833	23.527924
ALA	355	9	A	21.261982	-2.3075294	20.783249
GLU	356	9	A	23.86076	-2.552353	17.957123
THR	357	9	A	24.220783	-5.157688	15.15094
LEU	358	9	A	26.68945	-6.0855904	12.434296
ALA	359	9	A	25.490726	-8.667225	9.943375
ALA	360	9	A	26.710102	-10.222553	6.684662
TYR	361	9	A	24.208576	-12.038822	4.5003357
SER	362	9	A	23.850231	-13.703991	1.1302795
ASP	363	9	A	21.097507	-15.249233	-0.93899536
LEU	364	9	A	21.669788	-17.48724	-3.9463806
THR	365	9	A	19.374027	-18.966007	-6.605789
TRP	366	9	A	20.136978	-21.79739	-9.000923
HIS	367	9	A	18.075577	-22.32294	-12.117912
LEU	368	9	A	18.613247	-26.00394	-12.79599
PHE	372	10	A	12.805748	-25.437725	-11.861282
ASP	373	10	A	14.842976	-23.419292	-9.324844
ILE	374	10	A	16.305264	-24.176449	-5.90213
GLY	375	10	A	17.352985	-21.250546	-3.6999207
GLY	376	10	A	18.696606	-20.55923	-0.25453186
GLY	377	10	A	20.334354	-17.882969	1.8737793
VAL	378	10	A	22.060535	-17.428677	5.186722
ARG	379	10	A	22.594692	-14.473705	7.5378265
PHE	380	10	A	25.288586	-14.141956	10.158463
SER	381	10	A	24.485027	-11.517277	12.770233
HIS	382	10	A	26.303944	-10.260593	15.873489
ASP	383	10	A	23.97121	-8.417034	18.234573
LYS	384	10	A	25.139439	-6.311924	21.20253
SER	385	10	A	22.940739	-4.7320595	23.885178
SER	386	10	A	23.22781	-2.7354088	27.054718
THR	387	10	A	20.771893	-1.3678246	29.6147
GLN	388	10	A	21.395939	1.0096474	32.49797
TYR	389	10	A	18.63898	2.2015343	34.809753
HIS	390	10	A	17.796093	3.5169945	38.2408
GLY	391	10	A	14.504856	4.271	40.02179
SER	392	10	A	12.43148	4.1980247	43.194977
PHE	398	11	A	16.57283	0.15690994	42.744385
GLY	399	11	A	18.664032	0.0925827	39.59633
ASP	400	11	A	21.208866	-1.946991	37.690964
GLN	401	11	A	23.332882	-2.0054207	34.52539
GLY	402	11	A	24.547085	-4.5962334	32.03888
LYS	403	11	A	26.155766	-5.2625465	28.656647
SER	404	11	A	25.742802	-8.3783455	26.572296
ASN	405	11	A	26.115406	-9.957539	23.14943
ASP	406	11	A	25.113712	-12.920544	21.121796
ASP	407	11	A	25.046482	-14.041668	17.503403
GLN	408	11	A	22.532772	-15.841595	15.376862
VAL	409	11	A	22.427326	-17.524899	12.023163
LEU	410	11	A	19.128735	-17.513966	10.1441345
GLY	411	11	A	18.474976	-19.134022	6.762451
GLN	412	11	A	16.106205	-19.810825	3.9051666
LEU	413	11	A	15.486225	-22.611439	1.4828949
SER	414	11	A	13.107685	-22.541477	-1.4253387
ALA	415	11	A	12.046448	-24.516308	-4.4415894
GLY	416	11	A	9.791004	-23.747936	-7.3435135
TYR	417	11	A	8.6313095	-25.786388	-10.254669
MET	418	11	A	6.735264	-23.96671	-12.988564
LEU	419	11	A	3.8161125	-26.299053	-13.72403
ASP	422	12	A	2.226654	-19.068447	-15.810257
TRP	423	12	A	1.339283	-21.401737	-12.90506
ARG	424	12	A	4.09568	-22.161724	-10.405815
VAL	425	12	A	4.2680473	-24.102009	-7.1548615
TYR	426	12	A	6.83337	-23.239346	-4.4944763
THR	427	12	A	8.076569	-24.303852	-1.1322021
ARG	428	12	A	9.924194	-22.499058	1.6266174
VAL	429	12	A	11.694641	-22.954906	4.874405
ALA	430	12	A	12.441166	-19.626957	6.499405
GLN	431	12	A	13.618168	-18.511425	9.8563385
GLY	432	12	A	12.905346	-15.223576	11.738129
TYR	433	12	A	13.984364	-13.976933	15.184814
LYS	434	12	A	13.939274	-11.138798	17.744568
PRO	435	12	A	17.32489	-10.628246	19.264984
SER	436	12	A	18.418278	-11.2802925	22.797806
GLY	437	12	A	18.702015	-8.088886	24.774261
PHE	451	13	A	16.717258	-12.481449	27.867737
VAL	452	13	A	17.670643	-14.771435	24.970932
ALA	453	13	A	16.497314	-14.524624	21.361221
GLU	454	13	A	13.024731	-15.565487	20.326279
LYS	455	13	A	13.314209	-17.907116	17.37854
SER	456	13	A	10.673275	-18.495884	14.719681
ILE	457	13	A	10.770603	-21.061413	11.9183655
ASN	458	13	A	8.251781	-21.447025	9.091309
TYR	459	13	A	7.533428	-24.13692	6.514267
GLU	460	13	A	5.3461037	-22.995228	3.5892944
LEU	461	13	A	3.827755	-24.674374	0.54434204
GLY	462	13	A	2.1035538	-22.388638	-1.9481812
THR	463	13	A	1.1273918	-21.716808	-5.526703
ARG	464	13	A	0.6962013	-18.69579	-7.8363647
ARG	464	13	A	0.6705742	-18.66454	-7.8098297
TYR	465	13	A	-1.1548805	-18.39352	-11.146774
GLU	466	13	A	-0.64024353	-15.189648	-13.169342
THR	471	14	A	-3.8355827	-13.372356	-10.415344
LEU	472	14	A	-4.4960136	-16.229084	-8.000534
GLN	473	14	A	-2.2719688	-17.041508	-5.045685
ALA	474	14	A	-2.7789116	-19.543423	-2.2239532
ALA	475	14	A	-0.5181732	-21.050472	0.4348755
THR	476	14	A	-0.4190941	-23.387814	3.4311523
PHE	477	14	A	1.9615059	-22.95985	6.339905
TYR	478	14	A	3.1952553	-23.737995	9.81015
THR	479	14	A	5.339142	-21.489887	12.018723
HIS	480	14	A	6.8477554	-22.478825	15.315964
THR	481	14	A	8.027573	-19.721554	17.634018
LYS	482	14	A	10.013916	-20.41811	20.794983
ASP	483	14	A	11.75655	-18.7477	23.748001
MET	484	14	A	9.073303	-16.102802	23.299973
GLN	485	14	A	9.508846	-12.849476	25.12912
LEU	486	14	A	6.3767204	-12.229847	27.274063
ALA	499	15	A	8.912865	-18.341007	28.564697
GLY	500	15	A	6.6354675	-19.355885	25.728394
LYS	501	15	A	6.0760803	-21.466007	22.663422
ALA	502	15	A	3.496109	-21.085094	19.93541
ASP	503	15	A	2.3893356	-22.903446	16.8107
ALA	504	15	A	0.6605644	-21.042957	14.0251465
THR	505	15	A	-0.6998825	-23.000751	11.094299
GLY	506	15	A	-3.2533302	-22.070385	8.436905
VAL	507	15	A	-4.1301613	-21.413395	4.787506
GLU	508	15	A	-4.4561577	-18.158451	2.7539825
LEU	509	15	A	-6.0235863	-17.365078	-0.60450745
GLU	510	15	A	-5.7786636	-14.065563	-2.4950256
ALA	511	15	A	-7.3030167	-13.680622	-5.993225
LYS	512	15	A	-7.918728	-10.793133	-8.426788
TRP	513	15	A	-9.871719	-10.745258	-11.725784
SER	520	16	A	-11.51362	-5.5329475	-11.223175
TRP	521	16	A	-12.769802	-7.865055	-8.496635
ASP	522	16	A	-10.552547	-8.709682	-5.4764557
ILE	523	16	A	-11.246044	-11.559727	-3.1019592
ASN	524	16	A	-9.323837	-12.93343	-0.13664246
GLY	525	16	A	-9.586964	-15.244907	2.8332367
ASN	526	16	A	-7.425537	-16.911274	5.4360657
VAL	527	16	A	-8.086338	-19.450687	8.189072
ILE	528	16	A	-5.5098534	-19.778515	10.961594
ARG	529	16	A	-5.1061783	-21.52731	14.294617
SER	530	16	A	-2.3565788	-20.060009	16.434265
GLU	531	16	A	-2.0581818	-21.450748	19.953186
PHE	532	16	A	0.5604744	-21.70824	22.635284
THR	533	16	A	1.9859695	-25.20287	22.92479
VAL	544	17	A	-2.2567863	-16.42603	20.676575
PRO	545	17	A	-3.6370163	-12.909397	20.987381
PHE	546	17	A	-4.4022408	-10.533268	18.103546
VAL	547	17	A	-4.7805977	-13.340221	15.53598
PRO	548	17	A	-8.227917	-13.65897	14.054657
ARG	549	17	A	-9.278969	-17.303844	13.628571
TYR	550	17	A	-10.340408	-16.55859	10.114136
GLY	551	17	A	-10.611195	-13.471516	7.9418945
ALA	552	17	A	-11.846519	-12.778576	4.4485626
GLY	553	17	A	-12.608221	-9.775944	2.2607422
SER	554	17	A	-13.62158	-8.7266655	-1.2333221
SER	555	17	A	-13.910484	-5.5604515	-3.3059692
VAL	556	17	A	-15.125736	-4.544941	-6.7292786
ASN	557	17	A	-14.142227	-1.2638168	-8.341675
GLY	558	17	A	-14.365938	0.05438614	-11.8871155
MET	568	18	A	-15.419783	5.370327	-10.652405
PRO	569	18	A	-17.282343	3.488144	-7.9757233
ARG	570	18	A	-15.660196	1.1917305	-5.4563446
LEU	571	18	A	-17.333311	-1.2233543	-3.0598297
ALA	572	18	A	-15.338116	-3.106186	-0.43704224
VAL	573	18	A	-16.276165	-5.593891	2.254242
ASN	574	18	A	-14.077232	-6.933071	5.0779724
LEU	575	18	A	-14.667152	-9.695667	7.629181
VAL	576	18	A	-12.4090805	-10.155186	10.684387
GLY	577	18	A	-12.852104	-13.320744	12.780716
PRO	578	18	A	-12.82291	-13.760632	16.56897
HIS	579	18	A	-9.67197	-12.992962	18.498413
TYR	580	18	A	-8.371338	-12.363926	22.038147
PHE	581	18	A	-6.258751	-9.527317	23.440552
LEU	587	19	A	-10.892258	-10.750698	26.633041
ARG	588	19	A	-12.456223	-11.750378	23.288834
GLN	589	19	A	-13.665081	-9.645855	20.393127
GLY	590	19	A	-15.514774	-11.9306755	18.057678
THR	591	19	A	-16.612217	-11.49564	14.547562
TYR	592	19	A	-17.39125	-8.270649	12.748306
ALA	593	19	A	-17.620457	-7.1282463	9.151962
THR	594	19	A	-17.629234	-3.7021294	7.518173
LEU	595	19	A	-18.695688	-2.3662071	4.120056
ASP	596	19	A	-16.721617	0.55968857	2.7286835
SER	597	19	A	-17.542648	2.4224472	-0.4662323
SER	598	19	A	-16.61899	5.4068794	-2.589798
LEU	599	19	A	-17.516333	7.1547356	-5.807068
GLY	600	19	A	-14.902658	9.121944	-7.7899323
TRP	601	19	A	-15.675489	11.691296	-10.479713
ARG	606	20	A	-6.914791	17.336872	-14.135651
MET	607	20	A	-9.344547	17.477081	-11.235939
ASN	608	20	A	-10.928925	14.440437	-9.668915
ILE	609	20	A	-13.450426	14.89151	-6.8305206
SER	610	20	A	-14.724747	11.937622	-4.7933655
VAL	611	20	A	-17.05949	11.056423	-1.9109344
TYR	612	20	A	-16.654327	8.030724	0.3189392
VAL	613	20	A	-18.358938	6.515873	3.2850647
ASP	614	20	A	-16.428211	3.743	4.9004517
ASN	615	20	A	-17.910183	1.4053192	7.480316
LEU	616	20	A	-21.336197	2.193386	6.1023407
PHE	617	20	A	-23.367435	0.38084793	8.751923
ASP	618	20	A	-21.633186	2.0566406	11.75235
ARG	619	20	A	-20.580296	-1.314621	13.153488
ARG	620	20	A	-18.580574	-1.0419693	16.376617
TYR	621	20	A	-15.893032	-3.312271	17.732254
ARG	622	20	A	-12.903515	-3.403759	20.00772
THR	623	20	A	-9.487511	-2.3561745	18.900772
TYR	624	20	A	-7.686737	-3.3355598	22.07988
GLY	625	20	A	-8.270531	-4.204815	25.707275
TYR	626	20	A	-6.598236	-5.0384254	28.963303
VAL	633	21	A	-11.502972	-1.8882599	29.61113
ALA	634	21	A	-11.332233	-1.5546684	25.865082
GLN	635	21	A	-10.577141	0.9397812	23.102875
VAL	636	21	A	-13.12233	0.99835587	20.292862
ASN	637	21	A	-13.348274	1.9051704	16.63237
MET	638	21	A	-14.425056	5.404953	15.632568
GLY	639	21	A	-17.415665	4.1674805	13.725021
ARG	640	21	A	-18.470486	5.3362656	10.311249
THR	641	21	A	-16.754772	8.197739	8.528809
VAL	642	21	A	-18.126385	9.955128	5.444565
GLY	643	21	A	-15.916943	12.325512	3.4937897
ILE	644	21	A	-15.152697	14.355934	0.4007721
ASN	645	21	A	-11.663187	14.261425	-1.1496887
THR	646	21	A	-10.46106	16.206936	-4.191025
ARG	647	21	A	-7.2237206	16.10051	-6.187744
ILE	648	21	A	-6.0827293	18.569633	-8.799988
ASP	649	21	A	-2.8268852	17.41829	-10.369186
PHE	650	21	A	-0.20578384	19.620403	-11.88607
