Res	Num	Strand	Z-coord
ASN	184	0	A	0.46505165	18.788177	-14.504501
TRP	185	0	A	-1.4323101	19.97598	-11.415585
GLY	186	0	A	-4.6056633	19.010475	-9.587355
VAL	187	0	A	-6.807808	19.177298	-6.547366
ARG	188	0	A	-8.390894	16.337421	-4.6643667
LEU	189	0	A	-11.216257	16.766413	-2.189929
ASN	190	0	A	-12.838623	14.157677	-0.047961235
SER	191	0	A	-15.53018	13.871412	2.580388
GLY	192	0	A	-16.89564	11.230268	4.839938
PHE	193	0	A	-19.873041	10.646774	6.814023
ALA	194	0	A	-20.160032	7.873064	9.426427
GLY	198	1	A	-18.071222	10.535513	12.735513
VAL	199	1	A	-17.364767	13.078589	10.062287
SER	200	1	A	-14.255701	13.393114	7.8702745
TYR	201	1	A	-12.791042	15.610959	5.096528
GLY	202	1	A	-9.598759	16.57042	3.4207659
ALA	203	1	A	-7.970772	18.26549	0.5586176
SER	204	1	A	-4.8934193	17.841621	-1.3997221
VAL	205	1	A	-3.0471325	19.991098	-3.8750086
PHE	206	1	A	-0.26355553	18.68386	-6.1312017
GLY	207	1	A	1.7136898	19.201578	-9.277572
LYS	208	1	A	4.777132	19.161152	-11.440333
ASN	211	2	A	11.932697	18.493238	-13.078771
PHE	212	2	A	10.053297	19.066782	-10.007419
ASP	213	2	A	6.937192	18.105165	-8.075377
GLY	214	2	A	5.17383	18.604961	-4.8064833
LEU	215	2	A	2.018053	18.00905	-2.8066816
PHE	216	2	A	0.27000237	19.061049	0.30420017
SER	217	2	A	-2.4931412	16.884096	1.8681993
TYR	218	2	A	-4.5419292	17.675632	4.9465704
ASN	219	2	A	-6.990221	15.145814	6.3591776
ARG	220	2	A	-9.301632	15.222752	9.265031
ASN	221	2	A	-11.504124	12.637348	10.879273
ASP	222	2	A	-13.668589	13.7480135	13.772424
GLU	223	2	A	-14.971266	10.648529	15.51188
LEU	246	3	A	-10.797142	11.123123	18.78862
ASP	247	3	A	-10.16564	14.038158	16.549217
LYS	248	3	A	-7.621149	12.671291	14.092214
ARG	249	3	A	-5.5804386	14.919638	11.772912
SER	250	3	A	-2.832533	14.267223	9.316949
TYR	251	3	A	-0.8567543	16.15632	6.859235
LEU	252	3	A	1.7438374	15.511219	4.270236
ALA	253	3	A	4.124614	17.8663	2.6300364
LYS	254	3	A	6.3518915	16.622702	-0.12748432
ILE	255	3	A	8.637415	18.096258	-2.67068
GLY	256	3	A	10.6704445	16.168718	-5.1693296
THR	257	3	A	12.910833	16.29471	-8.158818
THR	258	3	A	13.3939905	13.7422	-10.885924
PHE	259	3	A	16.434423	14.290052	-13.08426
ASP	263	4	A	17.185265	7.6443973	-13.391661
HIS	264	4	A	17.598562	9.943343	-10.375123
ARG	265	4	A	15.160799	11.225609	-7.736779
ILE	266	4	A	15.348023	13.211487	-4.486308
VAL	267	4	A	12.2536545	13.624163	-2.343257
LEU	268	4	A	11.836461	15.637442	0.8315439
SER	269	4	A	8.821347	14.904993	2.8984537
HIS	270	4	A	7.199127	15.897921	6.2158594
MET	271	4	A	4.337266	14.054885	7.670903
LYS	272	4	A	2.3537312	14.518472	10.800561
ASP	273	4	A	-0.3904209	12.242149	12.239034
GLN	274	4	A	-2.2011395	13.383949	15.336724
HIS	275	4	A	-4.9154987	12.2399235	17.69447
ARG	276	4	A	-6.5654736	14.497158	20.276817
GLY	277	4	A	-9.370691	14.208231	22.70543
ILE	278	4	A	-10.401701	13.3506565	26.208168
ARG	279	4	A	-8.78615	10.003028	26.789913
ALA	302	5	A	-7.9339733	14.257318	30.518112
TYR	303	5	A	-7.1806545	16.030107	27.256943
ARG	304	5	A	-4.4562244	14.336505	25.24952
GLU	305	5	A	-2.578926	14.668371	21.97673
THR	306	5	A	-0.5263519	11.824565	20.62843
THR	307	5	A	1.4581966	12.487402	17.47876
GLN	308	5	A	3.6635447	10.804041	14.938306
SER	309	5	A	5.896267	12.959851	12.731687
ASN	310	5	A	8.332399	12.090474	10.086171
THR	311	5	A	10.655303	14.296843	8.056663
ASN	312	5	A	12.290584	12.128241	5.4267664
LEU	313	5	A	14.943848	12.671957	2.798871
ALA	314	5	A	14.923691	10.030903	0.15395832
TYR	315	5	A	17.157953	9.32061	-2.769496
THR	316	5	A	16.89901	6.7612095	-5.537801
GLY	317	5	A	19.43956	6.4200287	-8.394135
LYS	318	5	A	19.16728	3.8295217	-11.149616
GLU	324	6	A	22.065239	-1.1243966	-10.797277
LYS	325	6	A	20.225443	0.699947	-8.145811
LEU	326	6	A	20.68057	2.666602	-4.9954576
ASP	327	6	A	18.063972	3.543301	-2.355319
ALA	328	6	A	18.71652	5.681918	0.5105238
ASN	329	6	A	16.656784	7.310641	3.2021894
ALA	330	6	A	17.588348	9.534748	6.1592207
TYR	331	6	A	14.788694	10.45953	8.480563
VAL	332	6	A	13.704583	11.71867	11.867803
LEU	333	6	A	10.710448	10.1725	13.4994135
GLU	334	6	A	9.04467	11.802342	16.493912
LYS	335	6	A	6.629899	10.221092	18.739197
GLU	336	6	A	4.8184137	12.373436	21.170692
ARG	337	6	A	2.3956547	12.252406	24.078789
TYR	338	6	A	1.0184441	15.484627	25.415909
SER	339	6	A	-1.3994026	15.59984	28.308674
ASN	355	7	A	3.18184	17.117727	30.504059
HIS	356	7	A	4.8121443	15.986132	27.446548
THR	357	7	A	6.8510513	12.986677	26.595535
ARG	358	7	A	9.000846	12.431968	23.566917
ILE	359	7	A	10.689611	9.768354	21.558754
THR	360	7	A	12.980444	10.787801	18.745834
THR	361	7	A	14.212932	8.333001	16.21537
ARG	362	7	A	16.956867	9.341373	13.746018
GLY	363	7	A	17.751156	6.8262186	11.096066
ALA	364	7	A	19.38072	6.287088	7.798173
ASN	365	7	A	19.489805	3.4223163	5.3801966
PHE	366	7	A	21.634148	2.7514668	2.3030386
ASN	367	7	A	20.893242	0.019152187	-0.13619137
PHE	368	7	A	22.84636	-0.9772428	-3.2018938
ASP	369	7	A	22.031881	-3.4564207	-5.8819685
SER	370	7	A	24.923117	-4.675879	-8.002619
ARG	371	7	A	24.56045	-6.9505672	-10.941427
LEU	372	7	A	27.323814	-9.554022	-11.028925
GLN	375	8	A	21.35277	-13.955725	-13.447638
THR	376	8	A	22.8539	-12.798772	-10.24071
LEU	377	8	A	22.09916	-9.693727	-8.2492075
LEU	378	8	A	24.07713	-8.63884	-5.254405
LYS	379	8	A	22.366444	-6.4821367	-2.6687021
TYR	380	8	A	24.379341	-4.9363236	0.12369251
GLY	381	8	A	23.93703	-1.9503537	2.3717737
ILE	382	8	A	23.90583	-0.52335405	5.8623114
ASN	383	8	A	21.189415	0.42258576	8.435988
TYR	384	8	A	21.453081	3.0024848	11.137368
ARG	385	8	A	18.994785	4.0183854	13.840375
HIS	386	8	A	19.274933	6.1085744	16.98006
GLN	387	8	A	16.443937	6.442117	19.436699
GLU	388	8	A	16.23597	8.76138	22.30442
ILE	389	8	A	13.533535	9.085205	24.886848
LYS	390	8	A	13.011525	12.462632	26.565594
SER	435	9	A	19.893414	10.933495	31.616661
ASN	436	9	A	17.769665	10.359446	28.549675
PRO	437	9	A	17.884216	6.6299825	27.542667
THR	438	9	A	19.170303	5.9490395	24.061836
LYS	439	9	A	19.4888	3.0273967	21.808441
THR	440	9	A	21.657204	2.7266145	18.780998
ASP	441	9	A	21.160587	0.028059028	16.218658
THR	442	9	A	23.287971	-0.5570123	13.244042
GLY	443	9	A	23.705507	-3.254507	10.620786
VAL	444	9	A	25.601957	-4.081363	7.4584856
TYR	445	9	A	24.291025	-6.731086	5.154147
ILE	446	9	A	24.817017	-8.58359	1.8709822
GLU	447	9	A	22.497255	-10.6975765	-0.15844059
ALA	448	9	A	23.065067	-12.593666	-3.3220015
ILE	449	9	A	20.130947	-13.47373	-5.527301
HIS	450	9	A	20.872635	-16.093584	-8.087078
ASP	451	9	A	18.668217	-17.339844	-10.917049
ASP	454	10	A	13.62937	-22.139349	-12.942877
PHE	455	10	A	14.998859	-21.709219	-9.415795
THR	456	10	A	15.813419	-18.428814	-7.723236
LEU	457	10	A	18.211075	-18.76485	-4.808549
THR	458	10	A	18.891436	-16.13491	-2.1725187
GLY	459	10	A	21.742455	-16.151299	0.3115778
GLY	460	10	A	22.370934	-13.3782425	2.7359934
LEU	461	10	A	24.015368	-12.207386	5.855256
ARG	462	10	A	23.580322	-9.414076	8.315637
TYR	463	10	A	25.739616	-8.261021	11.034265
ASP	464	10	A	23.721962	-6.324602	13.6617365
ARG	465	10	A	24.824732	-4.4938326	16.735779
PHE	466	10	A	23.080328	-2.4268515	19.246117
LYS	467	10	A	23.894596	-0.30839965	22.104439
VAL	468	10	A	21.55743	0.47513917	24.936207
LYS	469	10	A	22.109198	3.2857838	27.3158
THR	470	10	A	19.424152	3.19177	29.978474
HIS	471	10	A	18.373417	6.109898	32.15727
VAL	476	11	A	25.392963	-2.5329432	27.287998
SER	477	11	A	25.955208	-3.775382	23.746342
SER	478	11	A	25.963978	-6.97915	21.814053
SER	479	11	A	26.150595	-7.9454484	18.19991
ASN	480	11	A	24.899834	-10.796782	16.007149
LEU	481	11	A	25.662819	-12.533767	12.797212
ASN	482	11	A	22.375904	-13.533171	11.056901
PRO	483	11	A	22.330067	-15.790218	7.9322195
SER	484	11	A	19.390415	-16.319227	5.627082
PHE	485	11	A	18.637522	-18.724436	2.7870321
GLY	486	11	A	15.74422	-18.749575	0.40065098
VAL	487	11	A	14.623107	-20.851175	-2.5347853
ILE	488	11	A	11.890688	-20.18073	-5.021737
TRP	489	11	A	11.107136	-22.750103	-7.682103
GLN	490	11	A	8.919064	-21.88423	-10.61341
HIS	494	12	A	1.2813511	-20.682734	-13.037225
TRP	495	12	A	3.2496767	-22.132885	-10.1560335
SER	496	12	A	5.794323	-21.271643	-7.5320807
PHE	497	12	A	6.950923	-23.109545	-4.425748
SER	498	12	A	9.102106	-21.661768	-1.7002821
ALA	499	12	A	11.135885	-22.198008	1.3490973
SER	500	12	A	13.349116	-19.974638	3.413436
HIS	501	12	A	15.396186	-20.270958	6.58043
ASN	502	12	A	15.972467	-16.839922	8.003352
TYR	503	12	A	17.774036	-15.662989	11.06318
ALA	504	12	A	17.268406	-12.212294	12.498765
SER	505	12	A	17.869213	-10.352396	15.718202
ARG	506	12	A	16.037445	-7.697543	17.644516
ILE	522	13	A	15.374893	2.893806	38.31849
ILE	523	13	A	15.25021	0.8184018	35.20293
SER	524	13	A	18.525038	-0.5304127	33.91672
ILE	525	13	A	19.980503	-3.4283137	31.85083
ALA	526	13	A	21.90302	-6.4790964	33.03793
ASP	527	13	A	25.502226	-7.0801544	32.02584
GLY	528	13	A	25.276993	-9.773066	29.418041
THR	529	13	A	21.90775	-9.036559	27.981297
LYS	530	13	A	21.57079	-9.595291	24.372807
ALA	531	13	A	19.345282	-9.371372	21.395988
GLU	532	13	A	16.4373	-11.69635	20.673595
ARG	533	13	A	17.20561	-13.996082	17.87516
ALA	534	13	A	14.731322	-15.595744	15.588536
ARG	535	13	A	15.038096	-18.712652	13.479974
ASN	536	13	A	12.203416	-18.671146	11.008054
THR	537	13	A	11.684347	-21.51267	8.54218
GLU	538	13	A	8.904216	-21.609592	6.1243315
ILE	539	13	A	7.333124	-23.116297	2.9898558
GLY	540	13	A	4.8189287	-21.77051	0.52343464
PHE	541	13	A	3.174553	-22.096415	-2.851121
ASN	542	13	A	1.5361214	-19.742947	-5.304467
TYR	543	13	A	-0.9318714	-20.730604	-7.926318
ASN	544	13	A	-2.290182	-18.16888	-10.447335
THR	547	14	A	-8.771763	-16.56572	-13.481394
PHE	548	14	A	-8.0307865	-18.630112	-10.406201
ALA	549	14	A	-5.3967953	-17.940351	-7.7606316
ALA	550	14	A	-4.2377586	-19.52799	-4.5172644
ASN	551	14	A	-1.3602657	-19.2772	-2.116107
GLY	552	14	A	-0.34144402	-21.06402	1.0358019
SER	553	14	A	2.2623005	-20.65283	3.697524
TYR	554	14	A	3.4269133	-22.733671	6.58957
PHE	555	14	A	5.9267063	-21.321424	9.0177355
TRP	556	14	A	7.902218	-22.250164	12.14792
GLN	557	14	A	9.47393	-19.644978	14.426881
THR	558	14	A	11.8767	-19.960175	17.377861
ILE	559	14	A	13.097561	-16.89439	19.130726
LYS	560	14	A	15.861863	-17.107569	21.739262
TYR	583	15	A	12.204056	-18.099697	24.400848
ILE	584	15	A	9.220493	-18.010824	22.055695
LYS	585	15	A	7.801421	-20.430157	19.546417
ASN	586	15	A	5.2395325	-19.912813	16.870995
HIS	587	15	A	3.9311724	-21.97171	13.940549
GLY	588	15	A	0.92630386	-22.0057	11.771546
TYR	589	15	A	-0.4712925	-21.517042	8.271981
GLU	590	15	A	-2.1793842	-19.214373	5.937299
LEU	591	15	A	-4.150488	-20.06229	2.776246
GLY	592	15	A	-5.778721	-17.767776	0.27051258
ALA	593	15	A	-7.808943	-18.325243	-2.8801146
SER	594	15	A	-9.405827	-16.119493	-5.4586782
TYR	595	15	A	-11.675379	-16.28257	-8.532625
ARG	596	15	A	-11.98712	-13.489505	-11.143153
GLY	599	16	A	-16.6696	-8.2258215	-13.283889
LEU	600	16	A	-17.14311	-10.840761	-10.562372
THR	601	16	A	-14.411276	-11.242653	-7.920883
ALA	602	16	A	-14.495302	-13.990946	-5.2007627
LYS	603	16	A	-11.892857	-14.286311	-2.3665056
VAL	604	16	A	-11.30554	-16.394077	0.7404547
GLY	605	16	A	-8.601601	-16.879316	3.3192015
VAL	606	16	A	-7.9009266	-18.404493	6.6818743
SER	607	16	A	-4.9944496	-18.165623	9.1060915
HIS	608	16	A	-4.1562004	-19.833675	12.309102
SER	609	16	A	-1.1611633	-19.422216	14.528626
LYS	610	16	A	0.089574814	-20.29538	18.00991
PRO	611	16	A	2.4760456	-17.887524	19.759567
ARG	612	16	A	3.9599876	-19.341608	22.94638
PHE	613	16	A	6.3041344	-17.74214	25.523087
TYR	614	16	A	8.405763	-19.966875	27.608864
THR	635	17	A	-9.58481	-16.491974	11.370999
TRP	636	17	A	-11.570248	-16.696737	8.149167
THR	637	17	A	-12.17185	-13.881605	5.7195063
ALA	638	17	A	-14.032267	-13.725846	2.3983545
SER	639	17	A	-15.582243	-11.419895	-0.015879631
LEU	640	17	A	-17.764502	-11.402744	-3.121911
ALA	641	17	A	-18.060549	-8.449092	-5.449502
TYR	642	17	A	-19.503023	-7.6537013	-8.821335
ARG	643	17	A	-18.44491	-4.6155367	-10.895377
PHE	644	17	A	-21.092104	-3.540927	-13.434094
ASN	648	18	A	-19.497454	1.9206748	-13.225782
LEU	649	18	A	-20.572008	0.46822342	-9.932362
GLU	650	18	A	-19.192812	-2.3218422	-7.8298607
ILE	651	18	A	-21.28425	-3.7691092	-5.0237246
GLY	652	18	A	-20.078455	-6.550948	-2.7687674
TRP	653	18	A	-20.103369	-8.312694	0.5199213
ARG	654	18	A	-17.220957	-8.996156	2.9142733
GLY	655	18	A	-17.038916	-11.2946825	5.8756647
ARG	656	18	A	-14.526705	-11.944128	8.606462
TYR	657	18	A	-15.304949	-14.765513	11.05211
VAL	658	18	A	-12.996733	-15.580215	13.922227
GLN	659	18	A	-13.343836	-18.757792	15.767556
LYS	660	18	A	-13.406593	-19.173042	19.472286
ALA	661	18	A	-9.868015	-19.141375	20.964317
ARG	682	19	A	-12.1982975	-15.688896	23.851273
LYS	683	19	A	-15.443167	-15.938084	22.03532
GLY	684	19	A	-15.887354	-16.305914	18.320824
PHE	685	19	A	-17.891241	-13.989523	16.083126
GLY	686	19	A	-18.64511	-12.881953	12.559297
VAL	687	19	A	-18.79619	-9.50672	10.997117
ASN	688	19	A	-20.506124	-8.863546	7.7180605
ASP	689	19	A	-20.233618	-5.6665463	5.623479
VAL	690	19	A	-21.736982	-4.650888	2.2687006
PHE	691	19	A	-20.310183	-1.8497593	0.12951756
ALA	692	19	A	-20.659746	-0.061007537	-3.140626
ASN	693	19	A	-18.253897	2.0015473	-5.105918
TRP	694	19	A	-19.547537	4.23868	-7.835472
LYS	695	19	A	-17.784594	6.1797905	-10.537829
THR	701	20	A	-11.606848	11.095049	-10.544587
LEU	702	20	A	-14.932791	10.7582245	-8.712975
ASN	703	20	A	-15.794722	7.9540205	-6.2540445
VAL	704	20	A	-18.953772	7.7959423	-4.294162
ASN	705	20	A	-18.664644	5.215881	-1.5904379
LEU	706	20	A	-21.473776	3.6302211	0.40771198
SER	707	20	A	-20.8808	0.9268434	3.0273333
VAL	708	20	A	-22.634874	-0.68966854	6.025714
ASN	709	20	A	-20.013685	-2.4277244	8.242745
ASN	710	20	A	-21.164282	-4.985914	10.826116
VAL	711	20	A	-24.685686	-5.265052	9.209405
PHE	712	20	A	-26.053003	-7.5037737	11.935182
ASN	713	20	A	-24.816034	-5.204741	14.667481
LYS	714	20	A	-22.789324	-7.9088492	16.301643
PHE	715	20	A	-21.549425	-7.327664	19.833607
TYR	716	20	A	-18.001165	-8.691625	20.315369
GLY	729	21	A	-15.965681	-4.139463	18.10424
VAL	730	21	A	-17.641356	-1.1885206	16.63903
GLY	731	21	A	-21.306646	-1.8408486	16.286346
ARG	732	21	A	-22.982634	-1.3902042	12.986756
ASP	733	21	A	-21.925589	1.7061429	11.06598
VAL	734	21	A	-23.213938	3.1806128	7.8566103
ARG	735	21	A	-20.820883	5.338481	5.8374605
LEU	736	21	A	-20.757685	7.457569	2.758317
GLY	737	21	A	-17.367338	8.794434	1.409997
VAL	738	21	A	-16.633902	10.889365	-1.7620687
ASN	739	21	A	-13.294201	11.7766075	-3.3896818
TYR	740	21	A	-13.05031	14.020531	-6.3322897
LYS	741	21	A	-10.076197	15.046663	-8.468368
