Res	Num	Strand	Z-coord
GLU	44	0	A	-8.069679	-6.8390236	-3.2574139
GLU	45	0	A	-6.531007	-6.9233246	0.24059677
LEU	46	0	A	-4.1489	-4.9785957	2.4951324
LYS	47	0	A	-2.2695735	-7.2889786	4.848751
PRO	48	0	A	-0.22415662	-5.466194	7.444706
THR	49	0	A	2.5622919	-7.5882416	8.980545
ASP	53	1	A	5.315837	-3.599392	6.8671455
LEU	54	1	A	2.3857353	-3.7654266	4.401741
GLU	55	1	A	1.5516031	-6.496395	2.0166588
ILE	56	1	A	-0.6909411	-5.494911	-0.88846207
LEU	57	1	A	-2.5898697	-8.118309	-2.8357544
LEU	58	1	A	-3.792185	-7.05888	-6.3088646
LYS	69	2	A	0.0905664	-9.897446	-7.8102016
LYS	70	2	A	1.700196	-9.708397	-4.2950706
ILE	71	2	A	3.6777303	-6.5731163	-3.314865
ILE	72	2	A	5.356653	-6.2279854	0.086299896
ALA	73	2	A	5.7737675	-2.562584	1.1972427
GLU	74	2	A	8.5583725	-2.1228294	3.7015038
PHE	82	3	A	6.593544	2.5129395	2.4871025
LYS	83	3	A	9.231638	1.2685204	0.115688324
ILE	84	3	A	8.470292	-1.1307144	-2.7382526
ASN	90	4	A	9.5338125	2.5009804	-5.268341
LYS	91	4	A	7.3468227	4.316929	-2.7976723
VAL	92	4	A	3.7750146	3.7804222	-1.4858894
LEU	93	4	A	2.2216518	6.7011604	0.4108162
VAL	94	4	A	-0.9789536	6.52026	2.4192238
LEU	95	4	A	-2.7093117	9.847725	1.9693565
ASP	96	4	A	-5.7804766	9.468803	4.1730766
THR	97	4	A	-8.109993	6.7970505	5.5093193
ASP	98	4	A	-10.82994	6.296196	8.105259
TYR	102	5	A	-12.200103	4.5013275	2.4372368
LEU	103	5	A	-8.444059	4.706707	1.8608246
LEU	104	5	A	-6.393155	6.871319	-0.46610832
PHE	105	5	A	-2.8070624	6.054737	-1.5107594
CYS	106	5	A	-0.25447488	6.8478546	-4.2033577
MET	107	5	A	2.7430484	5.0806046	-5.625952
GLU	108	5	A	5.620282	6.9473343	-7.195734
