Res	Num	Strand	Z-coord
THR	10	0	A	17.509369	14.099771	-13.978218
VAL	11	0	A	16.798317	15.920334	-10.750368
ASP	12	0	A	12.940533	16.153908	-10.012827
ASP	12	0	A	12.892138	16.050728	-9.995033
PHE	13	0	A	11.613292	18.432783	-7.2575397
TYR	14	0	A	8.052258	17.140726	-6.367113
GLY	15	0	A	5.4242597	17.308847	-3.6547909
GLN	16	0	A	1.759161	17.713923	-2.4556026
LEU	17	0	A	-0.040242195	20.245907	-0.3226757
ARG	18	0	A	-3.2939577	18.943834	1.2762661
THR	19	0	A	-6.2303762	20.510014	3.2126713
GLU	20	0	A	-8.61476	17.92713	4.8448544
LEU	21	0	A	-11.64651	18.264658	7.200979
LYS	22	0	A	-12.745416	15.141735	9.140203
THR	30	1	A	-10.885896	18.520004	12.6461315
ILE	31	1	A	-8.988238	20.616632	10.045118
GLY	32	1	A	-5.3607664	20.025055	9.107836
SER	33	1	A	-4.887744	16.172073	9.178068
GLY	34	1	A	-3.8268576	16.587133	5.5122814
SER	35	1	A	-0.4350996	14.761953	4.9320736
SER	36	1	A	1.5873442	17.302603	2.91123
ARG	37	1	A	5.163176	16.55998	1.6857052
ALA	38	1	A	8.004768	17.711077	-0.5384197
GLY	39	1	A	11.143721	15.857446	-1.8726597
VAL	40	1	A	13.860144	15.493417	-4.528639
ASP	41	1	A	14.356644	12.41023	-6.7342854
ALA	42	1	A	17.713255	12.2417	-8.605574
ASN	43	1	A	18.363209	9.495406	-11.261341
TYR	44	1	A	21.435991	8.779216	-13.353437
THR	45	1	A	21.864258	6.108691	-16.042019
VAL	46	1	A	25.490387	4.7918224	-16.22274
LEU	50	2	A	23.139616	0.049737692	-14.520042
ALA	51	2	A	21.431244	3.1107867	-12.989918
LEU	52	2	A	21.667768	4.9642897	-9.635677
GLN	53	2	A	19.008713	6.844454	-7.5775127
GLY	54	2	A	19.165627	9.161269	-4.6047497
LYS	55	2	A	15.748631	10.336476	-3.0663013
VAL	56	2	A	14.775977	12.212978	0.04620552
GLU	57	2	A	11.228949	13.274177	1.1543674
PHE	58	2	A	10.287807	15.56735	3.9946766
ALA	59	2	A	6.9322963	16.210938	5.790888
TYR	67	3	A	11.341644	15.764686	9.483419
VAL	68	3	A	12.531363	13.042829	7.034319
ARG	69	3	A	9.7942095	10.694873	5.676939
ASN	70	3	A	11.995066	8.593662	3.2992115
HIS	71	3	A	15.751575	8.628503	2.4694614
ILE	72	3	A	16.887753	6.1999903	-0.21936607
LEU	73	3	A	19.940165	5.097286	-2.1999416
GLY	74	3	A	19.01115	2.8823042	-5.151907
VAL	75	3	A	20.907127	0.63843894	-7.5978565
LYS	76	3	A	19.14497	-0.7237947	-10.659126
LYS	81	4	A	16.71133	-3.0723693	-8.229067
PHE	82	4	A	18.123453	-2.8047569	-4.7222996
SER	83	4	A	17.06595	0.14130795	-2.4490643
PHE	84	4	A	18.619865	1.0535736	0.9247837
GLY	85	4	A	17.632717	3.3497553	3.8434277
LYS	86	4	A	14.406938	4.729892	5.516287
SER	120	5	A	16.799013	0.6420355	7.8882694
GLN	121	5	A	15.683937	-1.7027419	5.0879917
VAL	122	5	A	16.986301	-3.2765439	1.9648151
VAL	122	5	A	16.973843	-3.2672184	1.942133
LYS	123	5	A	14.157484	-3.6370966	-0.65704536
TYR	124	5	A	14.269705	-5.5897512	-3.8896694
VAL	125	5	A	12.170651	-5.2936773	-7.074625
TYR	126	5	A	12.304509	-7.448346	-10.235868
TRP	132	6	A	7.0933027	-9.077694	-10.779381
VAL	133	6	A	8.70499	-9.977582	-7.4867
LYS	134	6	A	9.090202	-7.586706	-4.5421314
ALA	135	6	A	10.879042	-8.256949	-1.3143482
GLY	136	6	A	12.287726	-6.5765	1.7706051
TYR	137	6	A	14.334263	-7.035612	4.962919
GLY	138	6	A	14.676028	-4.7320414	7.9340305
PHE	139	6	A	17.974804	-4.692663	9.998896
GLU	147	7	A	12.60541	-7.4286366	12.766718
LEU	148	7	A	11.009957	-7.557678	9.2380085
ALA	149	7	A	11.042332	-9.882308	6.305437
GLU	150	7	A	8.55032	-9.809673	3.341055
LEU	151	7	A	7.968685	-11.370219	-0.11945915
TYR	152	7	A	5.2182245	-10.754297	-2.7040997
VAL	153	7	A	4.724368	-11.929147	-6.3707867
GLY	154	7	A	2.229804	-10.832195	-9.055391
ALA	155	7	A	1.2512798	-10.78037	-12.712322
ALA	161	8	A	-4.17784	-8.444579	-12.179924
VAL	162	8	A	-3.242795	-10.802516	-9.265955
VAL	162	8	A	-3.2567463	-10.854389	-9.274235
HIS	163	8	A	-0.7909756	-10.876198	-6.367735
ALA	164	8	A	0.061351776	-12.889517	-3.2663097
GLY	165	8	A	2.5469513	-12.739406	-0.42894936
GLY	166	8	A	3.2686272	-11.6946535	3.07205
GLY	167	8	A	5.7743235	-11.7829485	5.86178
GLN	168	8	A	6.7367024	-11.475455	9.499186
ASN	169	8	A	7.236641	-8.402938	11.722872
ARG	170	8	A	8.513645	-8.629439	15.3971
ASP	171	8	A	8.678688	-5.9321203	18.038305
LYS	172	8	A	10.360353	-7.0818224	21.308088
ALA	173	8	A	8.997467	-4.155154	23.346884
PHE	174	8	A	5.656301	-3.181802	21.83135
LYS	175	8	A	3.392415	-0.8103838	23.83225
VAL	176	8	A	-0.0986433	-2.3346007	23.911573
GLY	177	8	A	-1.5098934	0.24395621	26.405294
SER	178	8	A	-1.6562223	1.0574856	30.160986
ASN	179	8	A	-3.1934195	-0.2907338	33.364624
THR	186	9	A	1.9840946	1.0043545	34.520615
THR	186	9	A	2.0015697	1.044541	34.505226
ASP	187	9	A	2.61971	0.49159348	30.732306
ILE	188	9	A	1.6389103	-2.9146378	29.27606
LYS	189	9	A	4.541553	-3.9926412	26.963713
ALA	190	9	A	5.02654	-7.3036795	25.190626
ASP	191	9	A	7.2688527	-9.154057	22.748583
VAL	192	9	A	4.7792335	-9.503642	19.797289
THR	193	9	A	5.195709	-11.100434	16.323107
ASN	194	9	A	2.6868906	-10.403782	13.437422
SER	195	9	A	2.7745008	-13.0714655	10.722601
TYR	196	9	A	0.5882025	-12.402418	7.625391
PHE	197	9	A	-0.42963696	-13.649082	4.14797
GLU	198	9	A	-2.7463236	-12.370712	1.4148235
VAL	199	9	A	-4.1781225	-12.947895	-2.0498447
VAL	199	9	A	-4.133521	-12.904872	-2.0559902
THR	200	9	A	-5.663083	-10.165521	-4.2692127
GLY	201	9	A	-7.4820642	-10.011231	-7.648695
GLU	202	9	A	-8.315925	-6.7761707	-9.540625
TYR	203	9	A	-10.476083	-6.8477163	-12.675867
LEU	209	10	A	-12.425988	-1.6139371	-11.603371
ILE	210	10	A	-13.408776	-4.3610086	-9.0709095
GLY	211	10	A	-11.056405	-5.7737074	-6.466074
VAL	212	10	A	-11.037477	-8.450279	-3.78026
THR	213	10	A	-8.388803	-9.134444	-1.093256
TYR	214	10	A	-8.210614	-11.974125	1.4346752
TYR	215	10	A	-5.8116026	-11.451636	4.4039593
ASN	216	10	A	-4.882556	-13.619964	7.4227276
ALA	217	10	A	-2.7133799	-12.5511265	10.3202305
GLU	218	10	A	-1.4882822	-14.201089	13.58024
LEU	219	10	A	-0.3683405	-12.193767	16.559435
ASP	220	10	A	1.6740837	-14.221179	19.171598
VAL	221	10	A	3.2840319	-13.08114	22.409872
LEU	226	11	A	-2.0351858	-15.828544	24.09413
VAL	227	11	A	-2.4259548	-16.130959	20.2424
ILE	228	11	A	-4.9228315	-13.969722	18.210184
ASP	229	11	A	-5.9272833	-14.931237	14.574327
GLU	230	11	A	-7.5020075	-12.419902	12.143526
ASP	231	11	A	-9.444892	-13.435469	8.980421
ALA	232	11	A	-10.271186	-10.483967	6.6091366
ILE	233	11	A	-12.088531	-9.816127	3.340086
SER	234	11	A	-12.14862	-6.504814	1.3481541
VAL	235	11	A	-14.502961	-6.053047	-1.7121067
ALA	236	11	A	-14.215529	-2.6515095	-3.461031
GLY	237	11	A	-14.595479	-0.8366442	-6.8022404
THR	238	11	A	-14.368911	2.3606234	-8.822062
TYR	239	11	A	-16.322811	3.700461	-11.775818
LYS	240	11	A	-15.384006	6.580264	-14.134861
VAL	241	11	A	-18.74416	8.357842	-14.623669
LYS	244	12	A	-12.975381	14.166621	-14.51251
THR	245	12	A	-15.1928625	12.287941	-12.16831
LYS	246	12	A	-14.856166	8.86291	-10.37517
LEU	247	12	A	-17.132996	7.2184143	-7.888735
TYR	248	12	A	-15.798276	4.582239	-5.445284
ALA	249	12	A	-17.079369	2.205375	-2.6720257
GLY	250	12	A	-15.9849615	-0.7320211	-0.48481178
TYR	251	12	A	-17.035831	-3.2821705	2.1359959
GLU	252	12	A	-14.53452	-4.6419373	4.6563854
TYR	253	12	A	-15.154319	-7.4521713	7.2360363
VAL	254	12	A	-12.615666	-8.70564	9.80522
MET	255	12	A	-13.037974	-11.559625	12.4930935
GLN	256	12	A	-10.670022	-11.687396	15.406488
GLU	257	12	A	-10.416066	-14.9208765	17.538862
ALA	258	12	A	-8.243779	-15.439155	20.65571
ASN	259	12	A	-7.1674414	-18.890001	21.912588
GLU	264	13	A	-14.970305	-10.197708	17.966997
ASP	265	13	A	-15.593211	-8.771144	14.449087
GLY	266	13	A	-15.680842	-5.391919	12.61487
THR	267	13	A	-17.402355	-3.9553635	9.510111
LEU	268	13	A	-16.337116	-0.82081676	7.528349
VAL	269	13	A	-18.262077	0.47603047	4.496519
TYR	270	13	A	-17.265907	3.6144063	2.4607754
LEU	271	13	A	-18.761803	5.5115805	-0.4886074
GLY	272	13	A	-17.135601	8.611722	-2.1299763
VAL	273	13	A	-16.487907	10.773895	-5.0824757
GLU	274	13	A	-13.231046	12.11295	-6.680235
TYR	275	13	A	-13.087214	15.126462	-9.006575
LYS	276	13	A	-9.918328	16.211916	-10.922308
PHE	277	13	A	-9.64191	19.925045	-11.74963
TRP	280	14	A	-2.0760508	19.225008	-10.555021
ALA	281	14	A	-5.404702	19.603874	-8.562128
ARG	282	14	A	-8.191031	17.3809	-7.1741123
VAL	283	14	A	-10.901265	17.23685	-4.5166874
TYR	284	14	A	-12.857493	14.430364	-2.886633
ALA	285	14	A	-15.668832	13.683912	-0.414793
GLU	286	14	A	-16.396244	10.4624195	1.45257
TYR	287	14	A	-18.803696	8.785865	3.883009
GLY	288	14	A	-17.635685	5.9805536	6.205023
TYR	289	14	A	-19.86713	3.6321456	8.3793545
GLY	290	14	A	-18.011585	1.5682075	11.050024
ASP	291	14	A	-19.346996	-1.0891385	13.56674
GLY	292	14	A	-17.284855	-3.3049252	15.833315
VAL	311	15	A	-17.063187	1.6605196	17.660784
ASP	312	15	A	-20.839767	1.4104626	17.693216
SER	313	15	A	-22.708775	2.2109244	14.458601
ALA	314	15	A	-20.434208	5.2490726	13.783579
ASN	315	15	A	-21.241604	7.720229	10.84054
ASN	316	15	A	-18.120167	9.551759	9.521311
PHE	317	15	A	-17.39431	12.079195	6.7656574
GLY	318	15	A	-14.259488	13.563997	5.1264935
ILE	319	15	A	-13.672923	16.203655	2.5178661
GLY	320	15	A	-10.211835	17.166346	0.99692726
ALA	321	15	A	-8.294913	18.983286	-1.6310749
ARG	322	15	A	-4.73899	18.49923	-2.9686222
TYR	323	15	A	-2.195136	20.462885	-4.97513
TYR	324	15	A	0.6031246	18.445862	-6.7632732
