Res	Num	Strand	Z-coord
GLY	137	0	A	-18.166655	-4.498125	-11.821773
THR	138	0	A	-18.966742	-6.810791	-8.978452
GLU	139	0	A	-16.754171	-9.042883	-6.8662066
ILE	140	0	A	-17.800947	-11.761576	-4.5346622
SER	141	0	A	-15.010965	-13.2753315	-2.4372234
ALA	142	0	A	-14.632669	-15.877863	0.33512306
GLY	143	0	A	-11.789194	-17.426619	2.190691
TRP	144	0	A	-10.787828	-19.795485	4.94681
GLY	145	0	A	-7.5538044	-20.386324	6.754429
TYR	149	1	A	-10.131456	-17.704412	9.825945
GLN	150	1	A	-13.149294	-16.836332	7.581501
ASN	151	1	A	-13.868486	-13.912153	5.270523
TYR	152	1	A	-16.872072	-13.100706	3.1098766
ASP	153	1	A	-16.8882	-9.96813	0.94586563
VAL	154	1	A	-19.142553	-8.40906	-1.7067547
SER	155	1	A	-18.426538	-5.1562862	-3.5086699
THR	156	1	A	-19.876177	-3.499281	-6.597519
GLN	157	1	A	-19.33256	-0.34360123	-8.544404
GLN	158	1	A	-22.068193	0.59152985	-10.991276
THR	164	2	A	-23.439898	9.142704	-11.604004
ARG	165	2	A	-21.65685	6.153883	-10.058624
VAL	166	2	A	-22.417173	4.119169	-6.9299746
THR	167	2	A	-19.93854	1.8602047	-4.9992657
LEU	168	2	A	-21.067625	-0.5199261	-2.2691045
LEU	169	2	A	-19.13318	-2.9405708	-0.11319256
GLY	170	2	A	-19.696966	-5.307741	2.7419767
ASP	171	2	A	-17.069605	-7.469286	4.49016
TYR	172	2	A	-17.080374	-9.96916	7.2950096
ALA	173	2	A	-13.750166	-11.365282	8.707813
HIS	174	2	A	-13.403536	-13.664244	11.768101
THR	175	2	A	-10.572157	-15.6086445	13.36825
HIS	176	2	A	-10.226431	-17.558054	16.610086
GLY	177	2	A	-6.585348	-16.57923	16.623985
TYR	178	2	A	-4.034706	-18.137705	18.921879
THR	188	3	A	-0.37119865	-13.055513	38.594193
GLN	189	3	A	-1.6765766	-15.502554	36.019764
ALA	190	3	A	-1.371891	-16.301943	32.30422
GLN	191	3	A	-4.5234547	-16.469118	30.188152
THR	192	3	A	-4.21085	-19.521349	27.837372
ASP	193	3	A	-7.2967777	-18.56785	25.807808
ASN	194	3	A	-7.000042	-18.144968	22.073303
ASP	195	3	A	-7.11565	-14.4536	21.33123
GLY	196	3	A	-9.268713	-13.818071	18.23735
PHE	197	3	A	-10.552652	-10.947027	16.083
LEU	198	3	A	-13.935965	-10.190016	14.518805
SER	199	3	A	-14.254831	-7.2978306	12.037678
LYS	200	3	A	-17.482843	-6.318182	10.1226635
THR	201	3	A	-17.367628	-3.4641514	7.5043488
LEU	202	3	A	-19.811945	-1.5437069	5.402817
TYR	203	3	A	-19.155294	1.1414967	2.7381115
GLY	204	3	A	-21.096529	3.2215538	0.30462933
ALA	205	3	A	-20.113462	6.014181	-2.0691457
LEU	206	3	A	-21.915083	8.184685	-4.677577
GLU	207	3	A	-19.973463	10.163527	-7.2858524
HIS	208	3	A	-21.516733	12.523926	-9.826267
ASN	209	3	A	-20.131357	14.563536	-12.6613655
PHE	210	3	A	-22.039015	17.825968	-12.966131
ALA	213	4	A	-14.835516	19.450073	-15.070791
TRP	214	4	A	-17.084257	19.646036	-11.967173
SER	215	4	A	-17.756716	16.613165	-9.860285
GLY	216	4	A	-19.28528	15.856298	-6.4736753
PHE	217	4	A	-19.131907	12.89608	-4.098115
VAL	218	4	A	-20.628527	11.720558	-0.81201506
ARG	219	4	A	-19.371302	8.664312	1.0649967
GLY	220	4	A	-19.961504	6.8765907	4.278185
TYR	221	4	A	-18.437109	3.8142338	5.957265
GLY	222	4	A	-17.912577	2.0816593	9.229517
TYR	223	4	A	-16.630922	-1.005003	10.951517
ASP	224	4	A	-17.098646	-2.771679	14.258085
ASN	225	4	A	-14.047922	-4.756727	15.500948
ARG	226	4	A	-13.94055	-6.982752	18.603586
THR	227	4	A	-10.478029	-8.176901	19.6886
ASN	228	4	A	-9.443178	-10.4893055	22.520292
TYR	229	4	A	-6.0568104	-10.095968	24.17215
ASP	230	4	A	-4.261732	-10.976469	27.471786
ALA	231	4	A	-3.912798	-8.529482	30.367527
TYR	232	4	A	-2.7388573	-7.943186	33.94047
TYR	233	4	A	-4.518938	-10.357946	36.217175
ASP	241	5	A	-9.224354	-8.4369335	28.2263
THR	242	5	A	-11.339212	-7.4942265	25.239647
ARG	243	5	A	-11.651812	-4.440422	23.007801
LYS	244	5	A	-14.712954	-3.2730026	21.053211
LEU	245	5	A	-13.917421	-0.5951557	18.51466
TYR	246	5	A	-16.657011	1.1486225	16.518387
SER	247	5	A	-15.788839	3.559763	13.788528
GLN	248	5	A	-17.690928	5.5274296	11.194578
SER	249	5	A	-16.65523	8.135242	8.611504
TRP	250	5	A	-18.66421	10.382259	6.3107586
ASP	251	5	A	-17.068632	12.589871	3.6184702
ALA	252	5	A	-18.612387	14.976337	0.94031334
GLY	253	5	A	-16.7913	16.973997	-1.6957898
LEU	254	5	A	-16.679426	19.128922	-4.782763
ARG	255	5	A	-13.828238	18.993023	-7.347927
TYR	256	5	A	-12.9876995	21.200954	-10.253632
ASN	257	5	A	-10.73488	19.39238	-12.680965
LYS	262	6	A	-7.564516	21.51131	-10.188972
SER	263	6	A	-9.383776	22.35443	-6.99073
GLN	264	6	A	-11.096029	20.35033	-4.2843404
LEU	265	6	A	-13.20479	21.266726	-1.3101268
ILE	266	6	A	-13.792341	18.389793	1.0027218
THR	267	6	A	-15.646296	17.982763	4.286724
SER	268	6	A	-15.080683	14.9432125	6.5519943
TYR	269	6	A	-16.53605	13.627159	9.820169
SER	270	6	A	-15.26367	10.654454	11.719013
HIS	271	6	A	-16.616095	9.220016	15.025
SER	272	6	A	-14.688303	6.468998	16.872913
LYS	273	6	A	-15.482328	4.6361904	20.166206
ASP	274	6	A	-12.781824	2.4041653	21.574028
TYR	275	6	A	-13.773554	0.27753448	24.624157
ASN	276	6	A	-11.5907955	-2.0174084	26.75954
TYR	277	6	A	-13.471785	-4.0356464	29.259552
THR	289	7	A	-12.397856	2.4245892	29.537125
LEU	290	7	A	-13.659246	4.368101	26.434574
ASP	291	7	A	-11.605158	6.487509	24.102722
GLU	292	7	A	-14.136206	8.364716	21.925247
MET	293	7	A	-13.388372	11.036601	19.351965
LYS	294	7	A	-15.387709	13.090358	16.87432
GLN	295	7	A	-13.1493435	14.701344	14.301403
TYR	296	7	A	-14.341764	17.215881	11.68004
THR	297	7	A	-12.019079	18.266006	8.859173
VAL	298	7	A	-12.458097	20.736511	5.971142
GLN	299	7	A	-9.747414	20.917238	3.2983341
TRP	300	7	A	-9.474022	23.212196	0.31859398
ALA	301	7	A	-6.667021	22.269049	-2.015347
ASN	302	7	A	-5.6486797	23.752544	-5.3535995
ASN	303	7	A	-3.0415363	22.897991	-8.011424
VAL	304	7	A	-2.0385857	24.861265	-11.095823
SER	310	8	A	3.1167088	22.996796	-10.832102
ILE	311	8	A	2.3242874	25.150318	-7.8238406
GLY	312	8	A	-0.14034271	24.026829	-5.2248983
ALA	313	8	A	-1.7472839	25.733927	-2.2145615
GLY	314	8	A	-4.5058765	25.115726	0.28877258
VAL	315	8	A	-6.0186615	25.6414	3.6434002
ASP	316	8	A	-7.402458	23.15083	6.1640835
TRP	317	8	A	-9.418455	23.182436	9.414917
GLN	318	8	A	-9.680378	20.319239	11.884043
LYS	319	8	A	-11.500944	20.063507	15.176748
GLN	320	8	A	-11.199564	17.097496	17.56853
THR	321	8	A	-13.468523	16.588814	20.53562
THR	322	8	A	-13.127863	13.66298	22.962496
THR	323	8	A	-15.471983	12.481481	25.688583
TYR	333	9	A	-10.946348	17.908728	25.448723
ASP	334	9	A	-11.530619	20.100258	22.489294
GLN	335	9	A	-8.723467	20.719685	20.002304
ARG	336	9	A	-8.803125	22.937555	16.881939
ASN	337	9	A	-6.2502995	23.47137	14.109404
THR	338	9	A	-6.0782185	25.840282	11.0814495
GLY	339	9	A	-3.3966274	25.217144	8.448891
ILE	340	9	A	-2.149681	26.849781	5.2625866
TYR	341	9	A	0.3135395	25.334099	2.8057537
LEU	342	9	A	2.190836	26.115238	-0.42431974
THR	343	9	A	4.0138035	23.577892	-2.7070537
GLY	344	9	A	6.1555347	23.998589	-5.8336277
LEU	345	9	A	7.7189903	21.667618	-8.450712
GLN	346	9	A	9.810586	22.487955	-11.52446
THR	352	10	A	14.47447	19.318268	-10.680395
PHE	353	10	A	13.3147135	21.372551	-7.6543465
GLU	354	10	A	10.598337	20.80797	-5.2461147
GLY	355	10	A	9.573649	22.694033	-2.109501
ALA	356	10	A	6.7400484	22.90092	0.39602184
ALA	357	10	A	6.0038204	25.023281	3.4467354
ARG	358	10	A	3.1348648	24.848167	5.8354454
SER	359	10	A	1.8940544	26.765045	8.891024
ASP	360	10	A	-0.45696068	25.476578	11.501701
ASP	361	10	A	-2.352686	27.485483	14.169323
ASN	362	10	A	-3.2826786	25.196377	17.099857
SER	363	10	A	-5.866688	26.16719	19.813673
GLY	366	11	A	-0.12609673	28.29114	19.007353
ARG	367	11	A	1.4700947	28.810715	15.584297
HIS	368	11	A	4.204458	26.637094	14.09531
GLY	369	11	A	5.7756405	26.39839	10.63583
THR	370	11	A	7.515213	23.587145	8.795467
TRP	371	11	A	9.118462	23.287392	5.3955765
GLN	372	11	A	10.971491	20.960382	3.07446
THR	373	11	A	12.951361	21.099123	-0.13395596
SER	374	11	A	14.5206785	18.688267	-2.656744
ALA	375	11	A	16.965273	19.432644	-5.509799
GLY	376	11	A	17.7244	16.711386	-8.081893
TRP	377	11	A	20.32335	16.440552	-10.872141
GLU	378	11	A	20.372267	13.971628	-13.744062
PHE	379	11	A	24.076588	14.088707	-14.271579
TYR	383	12	A	21.165459	8.576172	-13.379835
ARG	384	12	A	20.153605	11.0911	-10.677041
PHE	385	12	A	21.472618	12.584824	-7.4278955
ILE	386	12	A	18.742977	14.011749	-5.2221923
ALA	387	12	A	19.332829	15.967778	-1.9718204
SER	388	12	A	16.608162	16.875679	0.39622402
TYR	389	12	A	16.00525	18.574799	3.699667
GLY	390	12	A	13.042281	19.29303	5.8727646
THR	391	12	A	11.606529	20.07952	9.230951
SER	392	12	A	8.763292	18.649126	11.118868
TYR	393	12	A	6.899254	19.349762	14.355883
LYS	394	12	A	4.708271	17.214878	16.591658
GLU	413	13	A	8.971424	17.080902	19.348997
LYS	414	13	A	10.861073	18.921978	16.536446
SER	415	13	A	12.782136	17.184689	13.68833
LYS	416	13	A	15.461167	18.230701	11.300421
GLN	417	13	A	16.109583	15.747743	8.620853
TRP	418	13	A	18.302923	15.314877	5.5141764
GLU	419	13	A	18.762924	12.719388	2.800705
GLY	420	13	A	21.063972	12.198706	-0.1757102
ALA	421	13	A	20.082165	9.632759	-2.811408
PHE	422	13	A	21.359682	8.180153	-6.1273823
GLU	423	13	A	18.96639	6.4023705	-8.50281
GLY	424	13	A	19.674553	4.6896725	-11.751594
ASN	430	14	A	15.953133	0.13562775	-11.466512
TRP	431	14	A	17.915585	0.9186077	-8.309903
ARG	432	14	A	18.020054	3.5633373	-5.6425543
ILE	433	14	A	20.443737	4.0175743	-2.6630626
SER	434	14	A	20.164835	6.7687683	-0.03204298
GLY	435	14	A	21.54075	7.781889	3.3030148
TYR	436	14	A	19.496685	9.8114395	5.730508
ARG	437	14	A	19.852682	11.50823	9.128748
ASN	438	14	A	17.002253	12.581444	11.450569
ASP	439	14	A	17.626465	14.644826	14.568621
VAL	440	14	A	14.477186	14.7246	16.684162
SER	441	14	A	14.597498	17.14994	19.65293
ASP	442	14	A	12.648703	16.786386	22.930218
LEU	443	14	A	11.873554	13.212488	22.303596
ILE	444	14	A	8.8113	12.183394	24.313633
ASP	445	14	A	8.780401	8.964466	26.409367
TYR	446	14	A	6.6322346	7.3933964	29.13062
ASP	447	14	A	8.253904	6.7814617	32.485092
LEU	451	15	A	3.6627693	6.8730526	35.35334
LYS	452	15	A	4.0567284	10.206769	33.442192
TYR	453	15	A	5.287449	11.437959	30.064995
TYR	454	15	A	8.442698	13.472322	29.799965
ASN	455	15	A	10.805283	14.976628	27.28062
GLU	456	15	A	13.900931	12.728126	27.22097
GLY	457	15	A	16.371254	14.74788	25.154148
LYS	458	15	A	17.21406	14.172153	21.513348
ALA	459	15	A	17.201004	11.2177305	19.194794
ARG	460	15	A	19.67725	10.774133	16.399368
ILE	461	15	A	18.821512	8.472862	13.507847
LYS	462	15	A	21.141905	7.5757427	10.758297
GLY	463	15	A	20.094	5.1671047	8.012864
VAL	464	15	A	20.615917	3.6614208	4.5088987
GLU	465	15	A	17.803314	2.7401905	2.1790524
ALA	466	15	A	18.501167	0.5681057	-0.86535597
THR	467	15	A	16.000937	-0.6810627	-3.4654179
ALA	468	15	A	16.252155	-2.6488476	-6.79114
ASN	469	15	A	13.6727	-4.0291767	-9.186652
PHE	470	15	A	14.4993305	-6.0528355	-12.237017
THR	476	16	A	10.103512	-10.300016	-11.358756
HIS	477	16	A	12.32628	-9.215132	-8.431382
THR	478	16	A	11.474381	-6.4621925	-5.8795166
VAL	479	16	A	14.201283	-6.008787	-3.2873054
SER	480	16	A	14.904956	-3.6190891	-0.41133833
TYR	481	16	A	17.591198	-3.307085	2.2057943
ASP	482	16	A	17.338928	-0.9676113	5.243881
TYR	483	16	A	19.928919	-0.22821236	7.918377
VAL	484	16	A	18.846615	1.9995098	10.82732
ASP	485	16	A	20.886395	3.2330437	13.773609
ALA	486	16	A	18.315447	4.955044	16.0029
ARG	487	16	A	19.743668	6.1962643	19.279705
ASN	488	16	A	18.985735	8.43364	22.169811
ALA	489	16	A	21.796265	10.8788805	21.671581
ARG	497	17	A	11.9254	-2.393921	19.123116
ARG	498	17	A	13.631405	-1.1300373	16.007324
ALA	499	17	A	15.437769	-3.6808224	13.845886
LYS	500	17	A	19.021553	-2.5508957	12.888222
GLN	501	17	A	18.615898	-4.2958355	9.484964
GLN	502	17	A	15.917518	-5.5883236	7.188036
VAL	503	17	A	15.867825	-7.3843174	3.8620949
LYS	504	17	A	12.694151	-7.752615	1.831747
TYR	505	17	A	12.597189	-9.733274	-1.3546867
GLN	506	17	A	9.557809	-10.409159	-3.5216131
LEU	507	17	A	9.797648	-12.911135	-6.3792987
ASP	508	17	A	6.84534	-13.218439	-8.866579
TRP	509	17	A	6.326292	-15.439318	-11.916782
ASP	515	18	A	0.75201035	-16.9369	-10.720261
TRP	516	18	A	3.2542458	-17.501848	-7.9441957
GLY	517	18	A	4.8226433	-15.177664	-5.3815613
ILE	518	18	A	7.5852127	-15.85486	-2.857028
THR	519	18	A	8.123394	-13.301661	-0.077507496
TYR	520	18	A	11.332445	-13.417036	1.9328413
GLN	521	18	A	11.930588	-11.163397	4.921406
TYR	522	18	A	15.03402	-10.783426	7.1619215
LEU	523	18	A	14.315659	-8.984602	10.45393
GLY	524	18	A	17.4916	-7.981867	12.145428
THR	525	18	A	18.599348	-7.329691	15.688717
ARG	526	18	A	16.126648	-5.639124	17.945438
TYR	527	18	A	16.046265	-4.5341473	21.64643
ASP	528	18	A	12.984119	-4.694908	23.812513
VAL	539	19	A	16.725504	-7.95228	26.061722
LYS	540	19	A	18.194645	-8.333033	22.54604
MET	541	19	A	16.321587	-10.447805	20.026363
GLY	542	19	A	18.383598	-12.095961	17.225016
GLY	543	19	A	17.689562	-11.751619	13.513432
VAL	544	19	A	15.268488	-14.117556	11.744532
SER	545	19	A	14.32298	-15.138189	8.230328
LEU	546	19	A	10.7268	-15.683363	7.1997004
TRP	547	19	A	9.229022	-17.098108	4.0224876
ASP	548	19	A	5.683016	-16.926409	2.541772
LEU	549	19	A	4.4747314	-18.752768	-0.58571625
ALA	550	19	A	1.3692837	-17.693125	-2.5735626
VAL	551	19	A	-0.3436489	-19.062845	-5.680972
ALA	552	19	A	-3.3505592	-17.864153	-7.7660804
TYR	553	19	A	-5.117605	-19.710928	-10.640636
PRO	554	19	A	-7.821232	-18.247221	-12.98636
VAL	555	19	A	-10.181147	-21.19164	-13.057719
HIS	558	20	A	-14.736685	-14.79418	-13.76656
LEU	559	20	A	-13.303698	-17.18749	-11.039803
THR	560	20	A	-9.856319	-17.138407	-9.463838
VAL	561	20	A	-8.770527	-19.419024	-6.6121397
ARG	562	20	A	-5.8379326	-18.495363	-4.407401
GLY	563	20	A	-3.8641567	-20.231112	-1.7086859
LYS	564	20	A	-1.1734982	-18.932962	0.6918659
ILE	565	20	A	1.347353	-20.340433	3.242937
ALA	566	20	A	2.567936	-17.660341	5.59923
ASN	567	20	A	5.738718	-18.491144	7.529725
GLU	585	21	A	-0.65112495	-20.455675	8.570402
TYR	586	21	A	-2.6272793	-21.622892	5.515359
THR	587	21	A	-5.2521954	-19.650038	3.5874004
LEU	588	21	A	-7.5655518	-20.64652	0.72152615
SER	589	21	A	-9.69828	-18.022879	-1.0390091
GLY	590	21	A	-11.7964	-17.387873	-4.1175914
SER	591	21	A	-12.906488	-14.346731	-6.048165
TYR	592	21	A	-15.838648	-14.376173	-8.509367
THR	593	21	A	-15.959246	-11.249445	-10.616693
