Res	Num	Strand	Z-coord
TYR	1	0	A	9.043541	-8.971428	-14.674782
GLN	2	0	A	7.2207794	-11.705971	-12.721268
PHE	3	0	A	8.924133	-11.345398	-9.301842
GLU	4	0	A	9.699905	-8.532326	-6.986046
VAL	5	0	A	11.617325	-8.653435	-3.7650604
GLN	6	0	A	11.687019	-5.846916	-1.3555832
GLY	7	0	A	13.557053	-5.000038	1.8204422
GLN	8	0	A	13.127457	-2.2483292	4.3741913
SER	9	0	A	14.70961	-1.1274796	7.6192474
GLU	10	0	A	13.405052	1.4647903	10.02375
TYR	11	0	A	14.333885	3.223671	13.191761
VAL	12	0	A	11.611153	4.512192	15.487755
ASP	13	0	A	12.528366	7.224373	18.036484
PHE	21	1	A	14.324913	-1.2549438	15.132225
THR	22	1	A	12.111412	-2.6947556	12.365143
GLY	23	1	A	12.858696	-4.853897	9.3069
THR	24	1	A	10.584778	-6.1604385	6.5063705
ALA	25	1	A	11.379639	-8.499496	3.634285
GLN	26	1	A	8.651855	-9.510803	1.1657715
GLY	27	1	A	8.400528	-11.502365	-1.9721527
THR	28	1	A	5.851845	-11.2395935	-4.7243576
TYR	29	1	A	4.9538727	-13.6102295	-7.5645523
TYR	30	1	A	2.788231	-12.214401	-10.374535
PHE	31	1	A	0.81508636	-14.815155	-12.251198
LYS	32	1	A	1.4693451	-13.024345	-15.498222
ASN	33	1	A	4.340706	-10.970764	-16.87545
VAL	34	1	A	4.0655823	-7.378479	-15.651939
ASN	52	2	A	-0.40529633	-12.347275	-7.4811554
VAL	53	2	A	0.533638	-13.855705	-4.196419
SER	54	2	A	2.9091644	-12.413734	-1.7524948
VAL	55	2	A	4.7297897	-13.474991	1.3607407
ALA	56	2	A	6.3194046	-11.277512	4.0059586
TYR	57	2	A	8.283463	-11.315453	7.2267456
ASN	58	2	A	8.485191	-8.4787445	9.763824
TYR	59	2	A	10.738777	-7.9929886	12.755344
ILE	60	2	A	10.508774	-5.5329437	15.650681
LYS	61	2	A	13.266335	-5.2397614	18.256523
SER	72	3	A	8.346481	-9.568756	17.82782
HIS	73	3	A	8.197395	-11.487106	14.510372
THR	74	3	A	5.339653	-11.487122	11.968918
TYR	75	3	A	4.8397903	-13.792252	8.951439
GLY	76	3	A	2.2172775	-13.016853	6.4063416
VAL	77	3	A	0.81036377	-14.095139	3.1294098
LYS	78	3	A	-1.3956909	-12.130333	0.76795197
GLY	79	3	A	-3.1250534	-12.710266	-2.6140976
GLU	80	3	A	-4.870537	-10.32888	-5.007454
ALA	81	3	A	-7.150963	-11.323921	-7.8462067
TYR	82	3	A	-8.230629	-9.013786	-10.740814
LEU	83	3	A	-11.004715	-10.595848	-12.698647
VAL	90	4	A	-13.676422	-7.0327454	-10.362022
TYR	91	4	A	-11.045723	-7.4524765	-7.6320724
ALA	92	4	A	-10.6254425	-9.5403595	-4.489525
SER	93	4	A	-7.9325104	-9.797722	-1.8403091
ALA	94	4	A	-7.0569153	-12.052162	1.0370178
SER	95	4	A	-4.2994995	-11.8927	3.644867
TYR	96	4	A	-3.152382	-13.549171	6.8004837
ASN	97	4	A	-0.48355865	-12.597984	9.375984
HIS	98	4	A	0.7787628	-14.491997	12.279175
THR	99	4	A	2.8371735	-12.831123	15.029274
ILE	100	4	A	5.0142746	-14.291275	17.79467
ARG	114	5	A	-5.0922394	-11.498062	11.840324
TYR	115	5	A	-6.7899017	-11.833153	8.480431
ALA	116	5	A	-8.389595	-9.594795	5.9138412
LEU	117	5	A	-10.548744	-10.043579	2.8464813
GLU	118	5	A	-11.703232	-7.419632	0.33878326
ALA	119	5	A	-13.807198	-7.3638153	-2.722847
GLY	120	5	A	-14.3014145	-4.55056	-5.091652
ALA	121	5	A	-14.362015	-3.1152573	-8.5527115
MET	122	5	A	-12.551865	-0.8701782	-11.019325
LEU	123	5	A	-15.24614	1.7208405	-11.459488
ASN	126	6	A	-7.130081	2.5092316	-12.999954
PHE	127	6	A	-9.617928	3.3708496	-10.2790985
LEU	128	6	A	-10.169983	0.72353363	-7.710762
VAL	129	6	A	-12.75251	0.7550049	-4.9867325
ALA	130	6	A	-12.746857	-2.1208115	-2.4345322
VAL	131	6	A	-14.655487	-2.9103394	0.73612213
GLY	132	6	A	-13.858154	-5.7103806	3.1199722
TYR	133	6	A	-13.271294	-6.7270355	6.6675797
THR	134	6	A	-10.620888	-7.881981	9.052963
SER	135	6	A	-10.493927	-9.740845	12.331909
ALA	168	7	A	-13.656639	-4.222206	11.421791
VAL	169	7	A	-15.141937	-3.3115005	8.056412
THR	170	7	A	-12.755402	-1.6315842	5.67791
ALA	171	7	A	-12.98452	0.49266815	2.62249
ARG	172	7	A	-10.441109	1.7054214	0.27157593
THR	173	7	A	-9.687126	3.3278427	-3.0071793
LYS	174	7	A	-6.767967	3.5044937	-5.319252
TYR	175	7	A	-5.995758	5.616188	-8.390549
VAL	176	7	A	-3.0972137	5.972046	-10.758186
GLY	177	7	A	-3.1645203	8.228241	-13.759384
ALA	185	8	A	1.8225937	10.833206	-13.152565
ILE	186	8	A	-0.016578674	10.803528	-9.898453
GLY	187	8	A	-1.250679	8.1805725	-7.458336
PHE	188	8	A	-3.728424	8.370567	-4.621773
GLU	189	8	A	-4.776062	5.864525	-2.0034866
ALA	190	8	A	-7.3010178	6.301552	0.804512
PHE	191	8	A	-8.29792	3.919075	3.5810013
GLY	192	8	A	-11.012024	3.7481232	6.1437607
VAL	193	8	A	-11.299561	1.2625885	8.989906
PHE	194	8	A	-14.690308	1.245369	10.698364
ALA	199	9	A	-9.506622	5.4007263	11.578606
TYR	200	9	A	-8.6623	6.943962	8.231293
GLY	201	9	A	-5.679573	7.444145	6.0679092
MET	202	9	A	-4.4101334	8.815048	2.7516556
LYS	203	9	A	-1.2792816	8.777878	0.6395569
THR	204	9	A	-0.37100983	10.753159	-2.4464722
ASP	205	9	A	2.469757	10.06971	-4.859268
LEU	206	9	A	3.7997513	12.49202	-7.448555
PHE	207	9	A	5.577217	10.635719	-10.254631
VAL	208	9	A	7.683487	13.504486	-11.329933
LEU	212	10	A	11.081818	9.100449	-9.542694
SER	213	10	A	8.36499	9.704567	-7.0316544
VAL	214	10	A	7.8902054	11.839516	-4.0580215
GLY	215	10	A	4.9378357	11.52977	-1.7684402
ALA	216	10	A	3.145172	12.1850815	1.4373703
SER	217	10	A	0.6783447	10.531288	3.7536087
PHE	218	10	A	-1.5179977	11.156044	6.6813583
ALA	219	10	A	-3.5307999	9.062653	9.008263
ASP	220	10	A	-5.7945786	9.453201	11.9972
ASP	229	11	A	-3.673767	10.375404	17.467182
HIS	230	11	A	-2.1155472	11.54789	14.144482
VAL	231	11	A	0.49774933	10.205009	11.690971
TRP	232	11	A	2.1219864	12.008202	8.768074
GLY	233	11	A	4.931862	11.091377	6.4314957
GLY	234	11	A	6.9753647	11.8228	3.395195
HIS	235	11	A	8.2859955	9.203209	1.0820007
THR	236	11	A	10.62796	9.033714	-1.8103485
GLN	237	11	A	11.411858	6.3992844	-4.323723
TYR	238	11	A	13.752693	6.131401	-7.300194
PHE	239	11	A	14.2684555	3.3956223	-9.867134
ILE	240	11	A	17.979385	3.4201431	-10.726311
ALA	243	12	A	15.105515	-3.680313	-11.978355
VAL	244	12	A	16.32203	-1.778717	-8.976585
ALA	245	12	A	14.65538	0.85762787	-6.831993
VAL	246	12	A	15.632324	2.4631119	-3.5257874
GLY	247	12	A	13.705986	4.6492157	-1.2201843
ALA	248	12	A	13.281967	6.5590363	1.933136
ASP	249	12	A	10.5353775	7.2738953	4.4541397
PHE	250	12	A	10.176285	9.792992	7.2184143
VAL	251	12	A	7.143776	9.3945465	9.5102005
LYS	252	12	A	6.097252	11.36895	12.500023
ALA	253	12	A	3.3651886	10.535118	14.997559
ASN	254	12	A	1.888092	12.360237	17.940834
THR	263	13	A	7.5396957	9.75666	17.741306
GLN	264	13	A	9.606529	9.681328	14.508522
THR	265	13	A	10.501053	6.941345	12.065971
ILE	266	13	A	13.300484	7.158867	9.518486
GLY	267	13	A	13.368462	4.394287	6.9186935
LEU	268	13	A	15.178284	3.1416092	3.8761368
ASN	269	13	A	13.990219	0.59046173	1.4358978
ALA	270	13	A	14.993462	-1.2207565	-1.72995
LYS	271	13	A	13.481796	-3.4137115	-4.3614807
PHE	272	13	A	14.53138	-5.783745	-7.116417
ARG	273	13	A	12.550049	-6.966408	-9.9880295
PHE	274	13	A	13.027115	-9.973732	-12.182793
