Res	Num	Strand	Z-coord
SER	30	0	A	-6.3187256	-4.042568	-9.81625
SER	31	0	A	-3.3435307	-4.3313065	-7.470516
ILE	32	0	A	-3.4144077	-6.4651966	-4.3504696
SER	33	0	A	-0.6185074	-6.49339	-1.7989311
ILE	34	0	A	0.22098637	-7.8638134	1.6220207
GLY	35	0	A	2.922161	-6.3873205	3.8030815
TYR	36	0	A	4.633466	-5.8723307	7.1201115
ALA	37	0	A	3.2908878	-3.1812153	9.403786
GLN	38	0	A	5.1889324	-1.7414088	12.369831
SER	39	0	A	3.961007	0.9745798	14.730076
ARG	40	0	A	5.633254	3.4022832	17.093159
VAL	41	0	A	3.3658438	4.4630036	19.949505
ASP	49	1	A	7.000244	2.0461335	22.310673
LYS	50	1	A	8.599402	0.7490039	19.09283
ASN	51	1	A	7.360735	-2.8416634	19.485477
PRO	52	1	A	3.8785095	-3.2287922	17.948254
ARG	53	1	A	3.9032955	-5.2639847	14.713238
GLY	54	1	A	1.4186134	-6.7860336	12.306381
PHE	55	1	A	0.34784603	-6.646654	8.690609
ASN	56	1	A	-1.2471561	-4.521352	5.9862976
LEU	57	1	A	-3.4967422	-5.4717503	3.0591698
LYS	58	1	A	-3.9219265	-2.9099922	0.27121735
TYR	59	1	A	-6.2091465	-3.061266	-2.7502556
ARG	60	1	A	-5.927294	-0.6038165	-5.6406536
TYR	61	1	A	-8.161142	-0.08671141	-8.634794
GLU	62	1	A	-7.2524643	2.1675162	-11.514908
PHE	63	1	A	-10.2955475	3.924082	-13.072495
TRP	67	2	A	-6.277088	8.052168	-11.50342
GLY	68	2	A	-7.415062	5.337985	-9.145227
VAL	69	2	A	-8.5000515	4.4982963	-5.6305685
ILE	70	2	A	-6.719162	2.5269997	-2.9605694
GLY	71	2	A	-8.012932	0.9363618	0.23231888
SER	72	2	A	-5.9128227	-0.20338726	3.1797562
PHE	73	2	A	-6.417284	-2.3689632	6.2520638
ALA	74	2	A	-3.678522	-2.4541225	8.861912
GLN	75	2	A	-3.2626896	-4.1626387	12.1908
THR	76	2	A	-0.3948269	-4.0690813	14.670097
ARG	77	2	A	-0.14086723	-5.4661694	18.162945
ARG	78	2	A	2.0512218	-6.1250715	21.126438
ASP	91	3	A	1.7838001	-6.6468906	31.983662
GLY	92	3	A	0.38904572	-4.8009586	28.992897
ASP	93	3	A	-1.3818254	-5.570875	25.74408
PHE	94	3	A	-1.8336792	-3.257143	22.76733
LYS	95	3	A	-3.736971	-3.4946518	19.50927
TYR	96	3	A	-4.195547	-1.039238	16.668919
TYR	97	3	A	-6.061224	-1.2903295	13.497261
SER	98	3	A	-7.139242	0.9471917	10.743645
VAL	99	3	A	-9.198498	1.1551609	7.587557
THR	100	3	A	-8.223627	3.9596498	5.2138443
ALA	101	3	A	-8.82127	4.9081497	1.5814915
GLY	102	3	A	-8.020327	7.562413	-0.9605713
PRO	103	3	A	-6.951395	8.597776	-4.4616795
VAL	104	3	A	-3.8629665	7.1797223	-6.1495895
PHE	105	3	A	-2.0723305	9.107058	-8.919233
ARG	106	3	A	0.046869278	7.2901497	-11.459778
ILE	107	3	A	3.1355991	9.278309	-12.39883
TYR	110	4	A	6.7819166	2.589805	-12.545383
VAL	111	4	A	5.5772476	4.873822	-9.775472
SER	112	4	A	2.302187	6.0523415	-8.289503
LEU	113	4	A	1.6237783	8.231579	-5.2275467
TYR	114	4	A	-1.3539248	8.132908	-2.903637
GLY	115	4	A	-2.9990196	9.843854	0.07054329
LEU	116	4	A	-5.3150845	8.044439	2.5001106
LEU	117	4	A	-7.913618	8.976409	5.0974197
GLY	118	4	A	-9.981272	6.8189464	7.3921623
ALA	119	4	A	-10.2217655	5.522949	10.933903
GLY	120	4	A	-7.7676773	4.1241097	13.450596
HIS	121	4	A	-8.7754345	2.1807747	16.558144
GLY	122	4	A	-6.448702	1.5063887	19.465176
LYS	123	4	A	-6.8820477	-0.5840421	22.576435
ALA	124	4	A	-4.5403156	-0.91028786	25.546364
LYS	125	4	A	-4.9822674	-3.1884766	28.52602
PHE	126	4	A	-2.9289894	-3.5539036	31.680714
SER	127	4	A	-3.2380753	-6.4231234	34.141212
GLU	134	5	A	-7.893938	-1.7946229	33.234142
SER	135	5	A	-8.301157	-1.1361413	29.541649
ARG	136	5	A	-8.948803	1.8611636	27.328472
SER	137	5	A	-9.890976	2.0531259	23.680996
LYS	138	5	A	-10.346037	4.884974	21.212734
THR	139	5	A	-11.308001	5.4866705	17.593422
SER	140	5	A	-10.0235195	8.543949	15.763504
LEU	141	5	A	-9.107695	9.692877	12.276493
ALA	142	5	A	-6.1713696	8.003674	10.568262
TYR	143	5	A	-4.157732	9.698086	7.817873
GLY	144	5	A	-1.7384129	8.104046	5.3844185
ALA	145	5	A	0.50959206	8.66672	2.4070225
GLY	146	5	A	2.4587898	6.2258954	0.30039215
LEU	147	5	A	3.564806	4.9203587	-3.0049686
GLN	148	5	A	3.4327946	1.9654808	-5.2839184
PHE	149	5	A	6.3203506	0.8215728	-7.4587307
ASN	150	5	A	5.8228626	-1.5221071	-10.433426
ASN	154	6	A	2.2069721	-7.1642933	-13.12091
PHE	155	6	A	4.0587406	-6.7703047	-9.814556
VAL	156	6	A	3.6270638	-4.3089323	-6.9626427
ILE	157	6	A	5.8490086	-3.0782871	-4.189808
ASP	158	6	A	3.9179363	-0.908823	-1.7650528
ALA	159	6	A	5.1744995	1.4050856	0.9890404
SER	160	6	A	3.2906675	3.8367732	3.1785698
TYR	161	6	A	3.110529	5.7447214	6.448555
GLU	162	6	A	0.04024887	6.2898893	8.599541
TYR	163	6	A	-0.6414623	8.515378	11.619202
SER	164	6	A	-3.4783936	8.475296	14.13076
VAL	171	7	A	0.40929604	6.005279	16.698261
GLY	172	7	A	2.7089186	6.107329	13.691242
THR	173	7	A	2.6926165	3.0635867	11.4150505
TRP	174	7	A	5.0318766	2.1240816	8.575754
MET	175	7	A	3.999569	-0.43828535	5.9888573
LEU	176	7	A	5.979885	-2.32367	3.365364
GLY	177	7	A	4.3370514	-4.915428	1.145092
ALA	178	7	A	4.199547	-6.6264086	-2.2167377
GLY	179	7	A	1.7759285	-8.327445	-4.5380096
TYR	180	7	A	0.37126923	-8.37406	-8.032341
ARG	181	7	A	-1.3668041	-6.2114964	-10.582189
PHE	182	7	A	-3.7635498	-7.666956	-13.109286
