Res	Num	Strand	Z-coord
THR	20	0	A	4.3629274	-2.7101998	-5.9323616
TRP	21	0	A	5.580431	-0.015869617	-3.5500283
ASP	22	0	A	8.381963	-0.014378548	-0.95986104
GLU	23	0	A	7.5576115	0.84937406	2.6324081
GLY	24	0	A	11.134861	-0.0842917	3.5022168
ARG	25	0	A	11.617969	2.063231	6.5462475
ALA	26	0	A	13.315081	1.142591	9.821625
PRO	27	0	A	12.182769	-1.9836857	11.747572
GLY	28	0	A	10.638693	-2.23492	15.193548
GLY	32	1	A	8.013692	-4.4324274	13.725891
VAL	33	1	A	8.988228	-6.1014585	10.481351
LYS	34	1	A	12.275255	-5.008235	8.865743
SER	35	1	A	10.61835	-3.7770271	5.7023525
ALA	36	1	A	7.2908916	-3.7671099	3.9137607
THR	37	1	A	6.0240026	-3.635704	0.35319614
VAL	38	1	A	2.4861383	-2.9375315	-0.8122077
THR	39	1	A	0.9813783	-4.622023	-3.842722
ASP	43	2	A	-10.032647	-4.6843157	-6.6261196
GLU	44	2	A	-7.9717975	-5.799877	-3.6677656
VAL	45	2	A	-4.8243675	-4.5185385	-1.9756241
VAL	46	2	A	-2.1754174	-6.907256	-0.70087457
GLU	47	2	A	0.33720183	-5.9123297	1.9522213
THR	48	2	A	3.673997	-7.6350756	2.2281806
GLU	49	2	A	6.1588473	-7.3592095	5.0679197
VAL	50	2	A	9.647805	-8.868759	4.9148273
MET	62	3	A	-8.078386	-6.0664716	1.6479001
ALA	63	3	A	-10.833941	-5.045251	-0.7579045
TYR	64	3	A	-11.110767	-1.4007473	-1.8189363
LYS	65	3	A	-13.481346	0.8089248	-3.7854433
VAL	66	3	A	-12.773788	3.9963582	-5.6556983
ILE	67	3	A	-14.839359	6.954688	-4.476365
SER	68	3	A	-13.101076	9.630177	-6.495038
ILE	75	4	A	-7.314222	9.145278	-5.89549
GLU	76	4	A	-9.8293705	8.682694	-3.0921645
ILE	77	4	A	-10.561674	5.136292	-2.0091486
GLN	78	4	A	-12.409662	3.3682468	0.7833824
TYR	79	4	A	-11.521658	-0.078481436	2.0935116
LEU	80	4	A	-13.834119	-3.009629	2.718244
SER	88	5	A	-7.6421576	6.816227	2.295903
THR	89	5	A	-6.0549884	9.349689	-0.042101383
LEU	90	5	A	-3.5709424	8.781454	-2.8493643
LYS	91	5	A	-1.5078208	11.346944	-4.7518206
THR	97	6	A	6.403381	7.8006663	-6.250758
LEU	98	6	A	2.9773207	7.4635043	-4.682781
ILE	99	6	A	1.7803555	9.5974245	-1.8051486
TRP	100	6	A	-0.36126745	7.4878597	0.47102237
GLU	101	6	A	-2.2891963	9.3968115	3.096749
LYS	107	7	A	3.5436664	8.399169	3.4690642
THR	108	7	A	5.757243	8.492518	0.3938427
MET	109	7	A	5.9401245	5.1199565	-1.3611853
THR	110	7	A	8.561248	4.1940117	-3.9712715
ARG	111	7	A	7.6775084	1.8925734	-6.8808756
ILE	112	7	A	9.599883	-1.3451524	-7.2678146
