Res	Num	Strand	Z-coord
LYS	6	0	A	-6.6795034	-27.614704	-17.058311
LEU	7	0	A	-5.774189	-24.059708	-16.079996
GLN	8	0	A	-7.5246153	-20.775383	-16.593002
THR	9	0	A	-5.7172318	-17.479794	-16.091373
ILE	10	0	A	-7.5259433	-14.130226	-16.043137
ILE	11	0	A	-5.919472	-10.689766	-16.085499
GLY	12	0	A	-8.075382	-7.773281	-15.24498
PHE	14	0	A	-11.220807	-4.3508224	-10.025209
GLN	15	0	A	-12.77915	-1.2208557	-8.5458555
ILE	16	0	A	-13.194359	-0.54624176	-4.834703
THR	17	0	A	-16.671392	0.9760361	-4.2843885
ALA	18	0	A	-16.577026	1.2129364	-0.4730873
TRP	19	0	A	-13.940102	1.0369339	2.2368183
ASP	20	0	A	-15.048428	1.0706558	5.934104
ASP	20	0	A	-14.997871	1.1245499	5.871458
GLU	21	0	A	-12.13831	0.9892349	8.41606
THR	22	0	A	-12.10549	1.0635605	12.2070055
SER	23	0	A	-9.016323	1.167717	14.417867
TYR	24	0	A	-8.876466	-0.9556427	17.551476
PHE	25	0	A	-5.376602	0.022621155	18.661495
GLU	26	0	A	-3.530056	3.336975	18.11322
SER	27	0	A	-0.14519215	4.3503494	19.545986
ALA	31	1	A	1.1581783	2.8483963	14.43036
LYS	32	1	A	-2.2929516	1.2698746	14.558866
LEU	33	1	A	-4.2228956	-1.9363022	14.166957
THR	34	1	A	-7.44674	-1.7732544	12.191653
GLN	35	1	A	-10.222149	-3.7846527	10.585464
GLN	35	1	A	-10.253512	-3.787506	10.634097
ALA	36	1	A	-11.435864	-2.8709717	7.110791
VAL	37	1	A	-14.632853	-3.962616	5.363161
ILE	38	1	A	-14.379686	-3.4047012	1.6144485
THR	39	1	A	-16.635004	-3.9177322	-1.3911991
THR	39	1	A	-16.619856	-3.8194275	-1.4052334
GLN	40	1	A	-15.19931	-4.3151855	-4.9068003
SER	41	1	A	-16.690762	-4.7970963	-8.37363
TYR	42	1	A	-15.2942505	-6.9053574	-11.181891
GLN	47	2	A	-17.65993	-10.491367	-13.560183
GLY	48	2	A	-19.07334	-10.017418	-10.065162
HIS	49	2	A	-18.763987	-8.460274	-6.6607513
SER	50	2	A	-16.679184	-9.121452	-3.5276432
GLU	51	2	A	-17.109636	-8.266365	0.16193485
ILE	52	2	A	-13.707449	-8.3533745	1.8682499
ARG	53	2	A	-12.529658	-8.10347	5.4368773
ARG	53	2	A	-12.572596	-8.209618	5.4823294
TYR	54	2	A	-8.94567	-7.30954	6.227251
LEU	55	2	A	-7.0581994	-6.8939857	9.484042
MET	56	2	A	-4.286848	-4.3104095	9.035611
SER	57	2	A	-1.1085358	-3.5688248	10.968537
TYR	58	2	A	0.22785378	-0.06417847	10.246221
GLN	59	2	A	3.7581234	0.7556534	11.314963
ASN	63	3	A	3.3785744	1.3863525	5.629115
ALA	64	3	A	1.3108873	-1.5881958	6.63955
THR	65	3	A	0.71523666	-5.3048935	6.251564
PHE	66	3	A	-2.8049498	-6.6903877	5.8325787
VAL	67	3	A	-4.3974466	-10.106213	5.8597755
GLY	68	3	A	-7.911437	-11.359116	5.3089333
PHE	69	3	A	-10.603748	-13.002449	3.2851515
GLU	70	3	A	-12.355722	-11.923378	0.07799244
HIS	71	3	A	-15.828876	-13.400288	-0.56776714
PHE	72	3	A	-16.443039	-13.267841	-4.34027
THR	73	3	A	-19.805073	-13.951138	-5.957549
GLY	74	3	A	-20.169106	-13.946259	-9.712181
SER	75	3	A	-19.217924	-15.626152	-12.930968
LYS	80	4	A	-21.322994	-19.224812	-11.878599
GLY	81	4	A	-20.784006	-19.404186	-8.108906
SER	82	4	A	-18.679941	-18.02887	-5.2758403
PHE	83	4	A	-15.35406	-18.587002	-3.5312386
ILE	84	4	A	-13.11654	-17.246422	-0.7814598
LEU	85	4	A	-9.659982	-15.867233	-1.3965263
GLN	86	4	A	-7.13418	-15.708458	1.4183435
HIS	87	4	A	-4.946007	-12.614845	1.1433792
LYS	88	4	A	-1.4089699	-11.714851	2.3358002
GLY	89	4	A	-0.8324022	-8.036312	1.5924988
LEU	90	4	A	1.5442352	-5.1734543	1.8523016
PHE	91	4	A	1.0781412	-1.4300995	1.6894951
ALA	96	5	A	-1.1876564	-1.9489899	-1.8847804
SER	97	5	A	-0.33000088	-5.37603	-3.2626467
SER	98	5	A	-1.4118471	-8.841957	-2.3172345
GLU	99	5	A	-0.6683006	-12.511772	-2.8770247
GLU	99	5	A	-0.67039585	-12.519566	-2.9683805
PHE	100	5	A	-3.7441902	-14.695675	-2.5222592
GLU	101	5	A	-4.97309	-18.273441	-2.7336683
GLU	101	5	A	-4.9783335	-18.27478	-2.6930637
LEU	102	5	A	-8.424767	-19.78106	-3.1051092
VAL	103	5	A	-9.422485	-21.419239	0.2250843
GLU	104	5	A	-9.796593	-25.159142	-0.23792744
ARG	105	5	A	-13.349487	-26.373333	-0.23323917
SER	106	5	A	-14.687475	-22.779602	0.023801804
ALA	107	5	A	-16.05434	-22.643097	-3.5457268
THR	108	5	A	-19.695105	-23.10812	-4.5191345
GLY	109	5	A	-21.555992	-23.632736	-7.773753
ASP	110	5	A	-19.324963	-24.205498	-10.7991495
VAL	115	6	A	-7.5740805	-24.55804	-6.704477
GLY	116	6	A	-6.320962	-21.084263	-7.3947544
LYS	117	6	A	-3.7874613	-18.372658	-6.7069435
GLY	118	6	A	-3.0231638	-14.852627	-7.898896
HIS	119	6	A	-1.9455795	-11.4092865	-6.9869843
PHE	120	6	A	-3.005599	-7.779194	-7.2812557
VAL	121	6	A	-1.2737312	-4.386688	-7.329867
SER	122	6	A	-3.1943197	-1.1361542	-6.7905364
ASN	129	7	A	-4.845852	-4.825485	-11.658015
TYR	130	7	A	-5.0766897	-8.506214	-10.752785
GLN	131	7	A	-4.115799	-11.87294	-12.12944
ILE	132	7	A	-5.7502346	-15.139816	-10.987687
THR	133	7	A	-5.1500177	-18.705173	-12.126471
LEU	134	7	A	-7.746484	-21.407536	-11.446835
GLN	135	7	A	-6.7903914	-25.048702	-11.948212
ASP	136	7	A	-8.8509245	-28.259003	-11.852663
ASP	136	7	A	-8.776995	-28.30402	-11.88642
