Res	Num	Strand	Z-coord
GLU	10	0	B	12.736885	11.519733	-12.3995285
TRP	11	0	B	11.952248	14.513529	-10.159531
LYS	12	0	B	8.680759	15.008837	-8.178337
PHE	13	0	B	7.6560593	18.30567	-6.636795
THR	14	0	B	4.6896973	18.367172	-4.3170853
LEU	15	0	B	2.5211792	20.629961	-2.1520996
LYS	16	0	B	0.04864502	19.511007	0.43263245
ASN	17	0	B	-2.4073486	21.647734	2.4284134
ALA	18	0	B	-3.7966614	19.184721	4.9732285
TYR	19	0	B	-6.616089	19.555105	7.4699554
ILE	20	0	B	-7.205246	16.603476	9.774551
ASN	21	0	B	-9.750801	16.689503	12.572983
ARG	22	0	B	-10.705582	13.807236	14.857021
ASP	23	0	B	-13.670364	14.672146	17.035164
THR	32	1	B	-7.1431885	16.05143	17.862495
GLY	33	1	B	-5.6885376	17.085209	14.579338
SER	34	1	B	-3.9400177	19.977316	12.720009
TRP	35	1	B	-3.900879	22.182741	9.630867
SER	36	1	B	-0.58906555	22.211723	7.857155
GLN	37	1	B	1.121582	23.297646	4.616539
ALA	38	1	B	3.9798126	21.231743	3.1484528
ALA	39	1	B	6.4441986	21.42466	0.245224
SER	40	1	B	8.544548	18.43827	-0.90927887
LEU	41	1	B	11.005783	17.35444	-3.5228882
PHE	42	1	B	12.016617	13.784077	-4.6164093
TYR	43	1	B	14.851604	12.892424	-6.9343033
LYS	44	1	B	15.708614	9.593756	-8.573738
SER	45	1	B	18.599113	9.2957535	-10.875809
LYS	46	1	B	18.757553	7.2575593	-14.012672
MET	47	1	B	21.040955	4.250707	-13.697014
HIS	48	1	B	24.38269	5.19628	-15.129875
THR	60	2	B	25.44971	0.61070395	-13.065712
ILE	61	2	B	25.42443	3.3865771	-10.403976
GLY	62	2	B	22.841972	5.9329915	-9.313484
ALA	63	2	B	21.503029	7.887201	-6.4016953
ASP	64	2	B	18.265709	9.090057	-4.973465
ALA	65	2	B	17.397926	11.825043	-2.4613419
SER	66	2	B	14.410446	13.504246	-0.78528595
VAL	67	2	B	13.370884	16.495356	1.3076553
GLN	68	2	B	9.949066	17.17033	2.8607101
TYR	69	2	B	8.945419	20.151611	4.9624863
ALA	70	2	B	5.6828003	21.052357	6.672264
VAL	71	2	B	4.542038	24.080727	8.759834
ARG	72	2	B	1.737503	23.904934	11.301273
LEU	73	2	B	-0.9202881	26.600391	10.687988
SER	74	2	B	-3.597412	25.83856	13.208675
TYR	97	3	B	9.159084	19.528976	10.813881
LEU	98	3	B	11.704952	18.587168	8.212578
LYS	99	3	B	12.592674	15.143721	6.759735
TYR	100	3	B	15.430195	14.324137	4.351906
GLY	101	3	B	17.325615	11.270889	2.98069
ALA	102	3	B	19.62901	9.935202	0.28240967
THR	103	3	B	20.177559	6.600596	-1.3093567
LEU	104	3	B	23.155586	4.9308314	-3.1223526
LYS	105	3	B	22.207401	2.539774	-5.963478
LEU	106	3	B	24.267979	-0.23093176	-7.6898804
GLY	107	3	B	22.684235	-2.251412	-10.567688
LEU	112	4	B	19.48233	-3.4573586	-8.012955
LEU	113	4	B	21.23228	-3.0448987	-4.677864
SER	114	4	B	20.121254	0.04197359	-2.6254807
VAL	115	4	B	21.755394	1.4693584	0.4978943
GLY	116	4	B	20.32309	4.391867	2.5870361
TRP	138	5	B	16.795563	3.273522	6.297844
GLY	139	5	B	18.739452	0.124950886	5.3550873
THR	140	5	B	19.989254	-2.0583553	2.5315094
ASN	141	5	B	18.017872	-4.058817	0.028198242
LEU	142	5	B	18.493637	-6.2428517	-3.0830917
LYS	143	5	B	15.823925	-6.6611257	-5.8277054
SER	144	5	B	15.910866	-9.026076	-8.75042
GLN	145	5	B	13.698673	-10.218882	-11.672234
LEU	146	5	B	15.126011	-13.682999	-11.501579
LEU	150	6	B	9.722183	-14.8267	-10.38369
TYR	151	6	B	10.55798	-11.486664	-8.624985
ALA	152	6	B	12.576088	-11.61949	-5.3044586
GLU	153	6	B	13.703796	-9.002441	-2.8028564
ILE	154	6	B	15.698181	-9.292793	0.44088745
GLY	155	6	B	16.710701	-6.5188365	2.896347
ARG	156	6	B	17.835823	-5.434366	6.305153
VAL	157	6	B	15.971527	-2.366503	7.544136
GLU	158	6	B	17.593513	-0.7702098	10.581551
GLY	184	7	B	16.406372	-4.5302663	12.75462
LEU	185	7	B	13.997303	-6.068863	10.303146
ASN	186	7	B	15.434883	-8.827309	8.057892
TYR	187	7	B	13.024754	-9.730215	5.295784
ILE	188	7	B	12.416595	-11.74822	2.0567093
ASP	189	7	B	9.600807	-11.100346	-0.3894806
LEU	190	7	B	8.835678	-13.3421955	-3.4176865
ARG	191	7	B	6.30011	-12.481821	-6.208641
TYR	192	7	B	5.298172	-15.207363	-8.691292
GLN	193	7	B	3.096016	-14.806494	-11.7354355
PHE	194	7	B	1.4741364	-18.211847	-12.00901
SER	197	8	B	-4.772629	-14.112144	-14.348534
LEU	198	8	B	-3.0858917	-15.483408	-11.1972885
LYS	199	8	B	-0.2927475	-14.3310585	-9.031029
GLY	200	8	B	1.0142059	-14.9279175	-5.5324173
GLU	201	8	B	3.3144073	-13.319268	-2.932457
TYR	202	8	B	5.187752	-14.793564	-0.020729065
TYR	203	8	B	6.8594513	-12.565176	2.5851212
PHE	204	8	B	8.891911	-13.290152	5.6514435
GLY	205	8	B	9.940491	-10.637054	8.131935
ASN	206	8	B	12.201542	-11.169314	11.1731415
LEU	207	8	B	11.696182	-8.122345	13.3126335
GLU	208	8	B	14.574219	-8.811793	15.747963
TYR	211	9	B	8.152397	-10.888678	16.369068
ASN	212	9	B	8.384598	-12.918306	13.165607
LYS	213	9	B	5.806534	-12.545588	10.463959
HIS	214	9	B	4.7040863	-14.74823	7.5160675
TYR	215	9	B	2.3907013	-13.547144	4.7666397
VAL	216	9	B	0.9011688	-15.40737	1.7789841
GLY	217	9	B	-1.1845245	-13.39473	-0.6624527
LEU	218	9	B	-2.955986	-14.910669	-3.7782822
GLU	219	9	B	-4.749672	-12.693829	-6.2800064
HIS	220	9	B	-6.8500214	-13.782566	-9.222565
THR	221	9	B	-8.389351	-11.4807415	-11.875069
TRP	222	9	B	-11.308441	-12.8741455	-13.953987
ALA	228	10	B	-13.661026	-7.7793536	-14.1150055
LEU	229	10	B	-13.664902	-9.744303	-10.850922
THR	230	10	B	-10.76413	-9.502268	-8.447861
SER	231	10	B	-10.354752	-12.248228	-5.802002
LYS	232	10	B	-7.852028	-12.008741	-3.1154633
PHE	233	10	B	-6.870964	-14.402288	-0.32386017
LYS	234	10	B	-4.5839996	-13.199725	2.314148
TYR	235	10	B	-2.892807	-15.089638	5.2283325
PHE	236	10	B	-0.8123627	-13.525137	7.9461823
ASN	237	10	B	0.9347992	-15.307571	10.843468
ALA	238	10	B	2.6040573	-13.332157	13.720207
LYS	239	10	B	4.5572968	-14.880327	16.572529
ASP	248	11	B	0.2062378	-15.295345	18.890182
ALA	249	11	B	-2.042862	-14.300854	15.959961
GLU	250	11	B	-3.2791443	-15.314402	12.516342
ASN	251	11	B	-5.226883	-12.970736	10.141876
ILE	252	11	B	-7.146057	-14.653543	7.43248
GLY	253	11	B	-8.893768	-12.629745	4.734848
LEU	254	11	B	-10.943977	-12.860856	1.5567245
LEU	255	11	B	-11.820343	-9.961414	-0.7074585
GLU	256	11	B	-13.934486	-9.981155	-3.825264
THR	257	11	B	-14.134354	-6.822891	-5.8801804
VAL	258	11	B	-16.070305	-6.3189964	-9.134262
LYS	259	11	B	-15.59404	-3.4294086	-11.7558365
THR	264	12	B	-16.911148	-0.9032364	-8.2332
PHE	265	12	B	-18.547104	-3.2225184	-5.561409
PHE	265	12	B	-18.526665	-3.2432756	-5.701111
GLY	266	12	B	-16.533623	-5.179018	-2.9781494
LEU	267	12	B	-17.289093	-7.6247506	-0.18132019
GLY	268	12	B	-14.739624	-8.8966	2.26783
TYR	269	12	B	-14.335342	-11.047195	5.385109
GLN	270	12	B	-11.512665	-11.079508	7.8988724
GLN	271	12	B	-10.8007965	-13.012079	11.034973
ILE	272	12	B	-8.145866	-12.779167	13.697979
ILE	273	12	B	-7.2025757	-16.10619	15.421516
GLY	274	12	B	-5.0958405	-16.937716	18.42102
GLU	275	12	B	-4.420746	-15.731493	21.844547
SER	276	12	B	-3.4284515	-12.119658	20.91269
GLU	303	13	B	-12.300156	-10.196655	15.920372
LYS	304	13	B	-14.416229	-11.191599	12.907433
SER	305	13	B	-15.255325	-8.373451	10.397888
TYR	306	13	B	-17.615234	-7.9445066	7.358986
HIS	307	13	B	-16.549942	-5.3986835	4.725273
VAL	308	13	B	-18.570526	-3.7596707	1.9661407
MET	309	13	B	-17.494003	-1.2797198	-0.6733551
MET	309	13	B	-17.589249	-1.1685276	-0.63137054
TYR	310	13	B	-19.266525	0.7849407	-3.4202194
GLY	311	13	B	-17.309341	3.1162639	-5.8090134
TYR	312	13	B	-18.28569	5.3593793	-8.790092
ASP	313	13	B	-15.899681	6.921079	-11.223778
PHE	314	13	B	-17.792542	9.96348	-12.664108
ILE	318	14	B	-17.716675	15.16124	-14.425697
PRO	319	14	B	-14.127518	14.266258	-15.475342
GLY	320	14	B	-11.66716	13.893188	-12.67028
LEU	321	14	B	-14.385757	13.210789	-10.043373
ASN	322	14	B	-14.675537	9.873962	-8.137093
ALA	323	14	B	-16.228218	8.744116	-4.888817
MET	324	14	B	-15.94899	5.6496863	-2.701233
VAL	325	14	B	-17.95996	4.5263886	0.3256836
LYS	326	14	B	-16.82193	1.5593305	2.6192017
TYR	327	14	B	-18.631805	0.11651659	5.7159576
VAL	328	14	B	-17.175095	-2.4905133	8.189491
TYR	329	14	B	-18.77182	-4.249085	11.137512
GLY	330	14	B	-16.59784	-6.201586	13.600559
HIS	331	14	B	-17.689804	-8.438632	16.574928
ASP	332	14	B	-16.668465	-11.440861	18.693954
PHE	333	14	B	-13.85376	-9.490814	20.36346
ASN	341	15	B	-17.923515	-5.854424	22.013977
HIS	342	15	B	-18.769714	-4.742348	18.52
GLU	343	15	B	-17.8125	-1.8261962	16.304321
THR	344	15	B	-18.470215	-0.1648469	12.962402
GLU	345	15	B	-16.44609	2.1112185	10.691948
SER	346	15	B	-17.716019	4.007281	7.629814
ASN	347	15	B	-15.487129	5.8818946	5.1870575
VAL	348	15	B	-16.429886	8.358957	2.4032745
ILE	349	15	B	-13.562592	9.308422	-0.08961487
LEU	350	15	B	-14.125732	12.05369	-2.658165
ASN	351	15	B	-11.371834	12.820465	-5.299843
TYR	352	15	B	-11.492325	15.735615	-7.767311
GLY	361	16	B	-1.3977966	18.8386	-11.097725
PHE	362	16	B	-3.9106293	20.28369	-8.526482
ALA	363	16	B	-6.4061127	17.9585	-6.8675537
LEU	364	16	B	-8.801239	17.973877	-3.927147
GLN	365	16	B	-9.513557	15.079773	-1.5732346
TYR	366	16	B	-12.015518	14.792414	1.2123947
ILE	367	16	B	-12.20433	11.822216	3.5978317
ARG	368	16	B	-14.9038315	11.27409	6.2005005
ILE	369	16	B	-14.515167	8.614412	8.934113
ASP	370	16	B	-17.214897	7.611034	11.401398
TYR	371	16	B	-16.285492	5.0172305	14.072613
ASN	372	16	B	-18.613403	3.5866075	16.668423
VAL	373	16	B	-18.124527	0.90938616	19.34172
LYS	374	16	B	-20.283798	-0.45501852	22.151001
PHE	379	17	B	-15.567169	9.536701	16.809326
GLY	380	17	B	-15.996231	11.525591	13.54306
GLU	381	17	B	-12.95134	12.479523	11.539528
ASP	382	17	B	-12.611938	14.906183	8.646759
ARG	383	17	B	-9.5874405	15.064562	6.347191
LEU	384	17	B	-9.340408	17.694366	3.6296005
PHE	385	17	B	-6.4116516	17.968536	1.288765
VAL	386	17	B	-5.3621674	20.282219	-1.459732
ASN	387	17	B	-2.5998535	18.482502	-3.3451233
TYR	388	17	B	-0.24876404	19.629013	-6.0449142
THR	389	17	B	2.0076904	17.192657	-7.949684
LYS	390	17	B	4.456192	17.94558	-10.714043
LYS	391	17	B	6.590866	15.243401	-12.350044
PHE	392	17	B	9.522476	16.186108	-14.568512
