Res	Num	Strand	Z-coord
SER	8	0	A	-15.089625	9.895504	-12.565604
VAL	9	0	A	-17.870777	8.778904	-10.20979
GLU	10	0	A	-17.753246	5.311241	-8.475343
LEU	11	0	A	-19.795263	3.8334045	-5.570162
THR	12	0	A	-18.697744	0.6822243	-3.8466415
THR	13	0	A	-21.143953	-1.2489166	-1.7253342
ARG	14	0	A	-19.658024	-3.7327347	0.8373833
ASN	15	0	A	-21.257513	-6.310749	3.008562
PHE	16	0	A	-18.750154	-7.449749	5.645399
TYR	17	0	A	-18.683142	-10.160988	8.385582
PHE	18	0	A	-15.900392	-9.986683	10.988331
ASP	19	0	A	-15.506454	-12.536839	13.924103
ARG	20	0	A	-12.448772	-12.755978	16.299526
ASP	21	0	A	-13.058996	-15.79417	18.580353
ALA	31	1	A	-15.168195	-9.225155	18.87849
LYS	32	1	A	-17.751019	-9.888844	16.151012
ASP	33	1	A	-20.157972	-7.8978195	13.843262
TRP	34	1	A	-22.045969	-7.902851	10.535812
THR	35	1	A	-22.099314	-4.5315285	8.77936
GLN	36	1	A	-22.964573	-2.8336945	5.442976
GLY	37	1	A	-20.814623	-0.1041069	3.8333035
PHE	38	1	A	-21.000381	2.596859	1.0835266
ILE	39	1	A	-17.949247	4.3477325	-0.38360977
LEU	40	1	A	-18.355911	7.1858826	-2.877493
LYS	41	1	A	-15.390594	8.610291	-4.8362045
ALA	42	1	A	-15.873975	11.616604	-7.07942
ASN	43	1	A	-12.650488	12.916058	-8.641553
SER	44	1	A	-13.3029375	15.831078	-11.113973
GLY	45	1	A	-11.183818	16.18853	-14.173699
TYR	46	1	A	-8.609767	18.985489	-14.440943
THR	47	1	A	-9.218871	22.566956	-15.568836
GLY	52	2	A	-4.811899	22.328346	-13.927768
PHE	53	2	A	-7.201976	22.414803	-11.004935
GLY	54	2	A	-9.594234	19.841064	-9.598883
LEU	55	2	A	-11.665945	18.622932	-6.712118
ASP	56	2	A	-11.7922945	15.131256	-5.1503315
VAL	57	2	A	-14.624916	13.986298	-2.8890438
LEU	58	2	A	-14.860774	10.953403	-0.49949074
ALA	59	2	A	-18.264273	10.213352	0.9931011
THR	60	2	A	-18.611515	7.302101	3.3163414
ALA	61	2	A	-21.191002	5.6181297	5.4203606
GLY	62	2	A	-21.51039	2.4869995	7.5837326
PHE	63	2	A	-24.661175	0.7514	9.013138
LYS	64	2	A	-25.22559	-1.9123955	11.695564
LEU	65	2	A	-26.930313	-5.184082	10.74334
ASP	66	2	A	-26.178991	-7.417118	13.775028
ALA	67	2	A	-23.853378	-6.203491	16.596516
ASP	68	2	A	-24.055456	-6.9355316	20.236042
ALA	69	2	A	-22.358627	-4.407112	22.496346
GLU	70	2	A	-20.505974	-7.094864	24.381554
HIS	71	2	A	-18.579823	-7.94009	21.14756
TYR	90	3	A	-22.203453	6.6928444	10.816719
GLY	91	3	A	-20.50082	8.84893	7.9846554
GLU	92	3	A	-17.462944	11.084557	7.167618
ILE	93	3	A	-17.50007	13.522251	4.1275063
GLY	94	3	A	-13.8731985	14.398846	3.092928
VAL	95	3	A	-12.622467	16.728455	0.35772133
THR	96	3	A	-9.292371	17.14576	-1.4506702
ALA	97	3	A	-8.065049	19.973213	-3.6944351
LYS	98	3	A	-5.589859	19.205254	-6.5922375
ALA	99	3	A	-3.0922604	21.219933	-8.699111
LYS	100	3	A	-0.8809681	19.755096	-11.489205
GLU	105	4	A	0.85458183	17.111816	-8.58337
LEU	106	4	A	0.03990364	18.869629	-5.3160667
ARG	107	4	A	-2.885769	17.963188	-3.0291271
ILE	108	4	A	-4.4886284	19.378815	0.0979538
GLY	109	4	A	-7.2262983	17.823532	2.281622
ARG	131	5	A	-5.302908	15.258415	6.1053066
GLY	132	5	A	-2.3905964	17.31002	4.943983
ILE	133	5	A	-0.36374855	18.332176	1.9459839
SER	134	5	A	1.3031483	16.004791	-0.5393734
LEU	135	5	A	3.4987316	16.716942	-3.5354347
THR	136	5	A	4.249216	13.867527	-6.0759525
SER	137	5	A	6.342844	13.6966095	-9.314075
ASP	144	6	A	9.109701	8.272621	-9.0837
LEU	145	6	A	8.884384	10.570084	-5.968851
GLN	146	6	A	6.422983	11.496521	-3.12846
ALA	147	6	A	6.502907	13.783306	-0.08233261
ALA	148	6	A	3.82275	14.735794	2.4434185
TYR	149	6	A	3.1726418	16.747093	5.630371
LEU	150	6	A	0.300869	15.2355	7.664566
ASP	151	6	A	-1.1951447	16.679039	10.856743
GLY	180	7	A	2.207201	16.053741	13.020142
LEU	181	7	A	4.466339	14.0265465	10.719841
TYR	182	7	A	6.1778755	14.227531	7.323574
TYR	183	7	A	7.577221	11.600937	4.947754
LEU	184	7	A	9.563698	11.707817	1.7546425
GLY	185	7	A	11.2466755	9.395615	-0.7199478
GLY	186	7	A	10.199041	7.339184	-3.7555752
ASN	187	7	A	12.298401	5.3054466	-6.0724106
TYR	188	7	A	14.847355	5.1444016	-8.821579
GLN	189	7	A	14.883347	2.8447227	-11.774153
PHE	190	7	A	18.608372	1.8774185	-11.978197
ALA	193	8	A	16.114582	-5.5635567	-13.947655
LEU	194	8	A	16.90878	-3.5616455	-10.764784
LYS	195	8	A	14.918758	-0.87431717	-8.823223
LEU	196	8	A	16.009922	0.8625374	-5.574312
THR	197	8	A	13.928955	2.617691	-2.9482708
ALA	198	8	A	14.55875	5.173908	-0.1685772
PHE	199	8	A	12.265968	6.8164444	2.4184608
TYR	200	8	A	12.421825	8.997555	5.5312347
MET	201	8	A	9.494652	9.720669	7.938238
ASP	202	8	A	9.97117	12.12183	11.024059
VAL	203	8	A	7.068718	12.037586	13.557365
ASP	204	8	A	7.5515423	15.053444	15.904671
TYR	207	9	A	10.26585	8.797264	16.290745
ASN	208	9	A	12.082808	9.090107	12.982536
GLN	209	9	A	12.684269	6.311947	10.504078
THR	210	9	A	15.0084305	5.402912	7.5951595
MET	211	9	A	13.970112	2.8925972	4.998457
VAL	212	9	A	16.232422	1.6240883	2.2307873
GLY	213	9	A	15.644852	-1.156002	-0.28562927
ALA	214	9	A	16.098896	-2.8978462	-3.6029472
LEU	215	9	A	13.806957	-5.0653915	-5.797159
HIS	216	9	A	15.394726	-7.359268	-8.523507
GLN	217	9	A	13.614674	-9.162655	-11.469479
TYR	218	9	A	14.917984	-12.267471	-13.322237
LYS	219	9	A	12.83844	-14.200993	-15.9119
ILE	220	9	A	13.558075	-17.629044	-17.373672
THR	224	10	A	8.594633	-18.945602	-15.17366
ASN	225	10	A	9.629974	-15.923813	-13.068642
PHE	226	10	A	11.711058	-14.8808365	-9.844205
SER	227	10	A	12.26997	-11.787273	-7.6174564
SER	228	10	A	14.490971	-10.699142	-4.7938824
GLN	229	10	A	13.724575	-7.813202	-2.4012775
LEU	230	10	A	16.067703	-6.8303566	0.39200783
ARG	231	10	A	14.991081	-3.9598389	2.7569923
TYR	232	10	A	16.460892	-2.2621384	5.9346313
TYR	233	10	A	14.664566	-0.030967712	8.447931
ARG	234	10	A	16.35091	2.2175713	11.117191
SER	235	10	A	13.7229	3.3806953	13.651405
ARG	236	10	A	14.7382965	5.9947853	16.510319
ASP	247	11	A	15.907059	1.489975	19.097145
ASN	248	11	A	15.030983	-0.91719437	16.353912
ASP	249	11	A	16.841389	-2.16259	13.200562
LEU	250	11	A	14.836716	-4.381668	10.935783
TYR	251	11	A	16.093536	-6.5144386	7.9886284
HIS	252	11	A	13.327637	-7.954941	5.730053
ALA	253	11	A	14.146042	-10.298283	2.8333359
HIS	254	11	A	11.316265	-11.522591	0.5847664
PHE	255	11	A	11.666052	-13.917667	-2.423111
GLU	256	11	A	9.129955	-15.09824	-5.027258
LEU	257	11	A	9.089127	-17.934837	-7.597023
LYS	258	11	A	6.1483784	-17.903624	-10.051035
LYS	263	12	A	3.5491905	-18.752886	-6.75062
PHE	264	12	A	6.024105	-19.687193	-3.9711533
ILE	265	12	A	7.0918655	-17.101608	-1.5102158
PHE	266	12	A	9.547394	-16.902653	1.3584366
GLY	267	12	A	9.843758	-13.992752	3.7940712
THR	268	12	A	11.938723	-13.239048	6.8810062
PHE	269	12	A	11.996845	-10.423233	9.508648
GLN	270	12	A	15.189026	-10.019505	11.546024
HIS	271	12	A	14.862289	-7.504154	14.467892
HIS	272	12	A	17.912476	-6.064163	16.26432
GLY	273	12	A	18.137691	-3.427246	19.053005
ASP	274	12	A	16.351364	-2.8260727	22.412712
THR	275	12	A	12.704948	-2.3217392	21.22992
PRO	299	13	A	11.507589	-6.6116486	20.164429
LYS	300	13	A	14.507381	-8.861229	19.059284
GLU	301	13	A	12.18449	-11.216579	17.182964
LYS	302	13	A	13.451057	-13.444897	14.265301
ALA	303	13	A	10.55784	-14.69191	12.003731
TYR	304	13	A	10.042671	-16.81395	8.864035
SER	305	13	A	7.1457844	-17.061508	6.3950653
PHE	306	13	A	6.107296	-19.480667	3.6471882
ARG	307	13	A	3.436493	-18.900967	1.0717335
TYR	308	13	A	1.753603	-20.683495	-1.8356247
GLU	309	13	A	-0.6980305	-19.116882	-4.355709
TYR	310	13	A	-2.804781	-20.521193	-7.2279634
ASP	311	13	A	-4.4947634	-18.448202	-9.932432
PHE	312	13	A	-7.365389	-20.475334	-11.565241
VAL	316	14	A	-12.407789	-20.283789	-13.659693
PRO	317	14	A	-11.322751	-16.838953	-14.727846
GLY	318	14	A	-11.204306	-14.609837	-11.63085
LEU	319	14	A	-10.993595	-17.36495	-8.965992
CYS	320	14	A	-7.7435474	-17.222393	-6.9629316
PHE	321	14	A	-6.354369	-19.110144	-3.829134
MET	322	14	A	-3.685629	-18.633537	-1.0215206
THR	323	14	A	-2.2957	-20.172197	2.1633682
ARG	324	14	A	0.6839695	-19.234795	4.4229965
TYR	325	14	A	2.6369991	-20.513624	7.4862328
THR	326	14	A	4.3967686	-17.910162	9.59132
THR	327	14	A	6.565489	-18.73283	12.742802
GLY	328	14	A	8.491657	-16.214632	15.16206
HIS	329	14	A	11.168417	-16.512615	18.001083
ASN	330	14	A	13.97081	-15.097397	20.337463
ILE	331	14	A	11.014709	-12.687508	21.326534
TYR	332	14	A	11.81073	-10.346058	24.250202
GLU	343	15	A	4.3898277	-16.951317	17.733002
ARG	344	15	A	2.546112	-19.224562	15.130413
GLU	345	15	A	-0.03551674	-18.397053	12.325905
THR	346	15	A	-1.7635574	-20.256884	9.528545
ASP	347	15	A	-3.6110802	-18.172735	6.929783
PHE	348	15	A	-6.149782	-19.423065	4.3024864
ASP	349	15	A	-7.501973	-16.977295	1.724041
LEU	350	15	A	-9.968826	-17.469244	-1.1861916
GLY	351	15	A	-10.701241	-14.5592	-3.6263351
TYR	352	15	A	-13.235838	-14.56617	-6.5017147
THR	353	15	A	-13.21916	-11.195137	-8.339964
VAL	354	15	A	-15.020445	-10.548172	-11.730426
LEU	362	16	A	-17.962687	-7.758545	-8.190879
GLY	363	16	A	-15.899017	-9.202564	-5.2675953
LEU	364	16	A	-16.325815	-12.384949	-3.1543274
ARG	365	16	A	-13.80967	-13.368954	-0.5200825
ALA	366	16	A	-13.069038	-15.759388	2.3909702
ARG	367	16	A	-10.124211	-15.21566	4.738056
TYR	368	16	A	-9.426494	-17.40613	7.8162746
ALA	369	16	A	-6.5067186	-17.112904	10.272305
ILE	370	16	A	-5.290491	-19.43817	13.051575
TYR	371	16	A	-2.9045925	-17.408884	15.400379
ASP	372	16	A	-1.2088642	-18.725327	18.64972
VAL	384	17	A	-7.1393547	-15.927555	18.26139
ASN	385	17	A	-9.024297	-17.510382	15.272438
GLU	386	17	A	-10.311139	-14.770821	12.881275
THR	387	17	A	-12.757666	-14.953064	9.995022
ARG	388	17	A	-13.471064	-12.300087	7.2714634
ILE	389	17	A	-16.021877	-12.57653	4.47641
ASN	390	17	A	-16.96334	-9.721081	2.1916065
ILE	391	17	A	-19.169811	-8.90686	-0.7954674
ASP	392	17	A	-18.065048	-5.776119	-2.6565685
TYR	393	17	A	-19.786774	-4.3998947	-5.733944
THR	394	17	A	-19.003485	-1.0708885	-7.468025
TRP	395	17	A	-21.200832	1.2131538	-9.624749
LYS	396	17	A	-19.596962	3.5322495	-12.107068
PHE	397	17	A	-21.91919	6.409218	-12.867119
LYS	398	17	A	-19.300041	8.225685	-15.046356
