Res	Num	Strand	Z-coord
LYS	2	0	A	-21.823608	11.73699	-7.828437
GLN	3	0	A	-23.442818	8.27667	-7.908386
GLU	4	0	A	-23.072214	7.857584	-4.129218
THR	5	0	A	-23.89449	4.2280216	-3.452169
PRO	6	0	A	-23.849485	2.230917	-0.2114873
ILE	7	0	A	-21.565895	-0.76823616	-0.65541434
THR	8	0	A	-20.390076	-3.8856258	1.1143398
LEU	9	0	A	-16.588211	-4.261114	1.0275817
HIS	10	0	A	-14.148826	-7.1686783	1.2615585
VAL	11	0	A	-10.435662	-6.3670197	1.5443096
LYS	12	0	A	-8.069416	-9.315453	1.2794261
SER	13	0	A	-4.284218	-9.347929	1.5134234
VAL	14	0	A	-1.85573	-12.164022	0.91543007
ILE	15	0	A	1.4150162	-11.282785	2.601637
GLU	16	0	A	4.8704166	-12.881844	2.654438
GLU	22	1	A	-0.5199299	-14.8967705	5.9957857
VAL	23	1	A	-3.8916874	-14.161146	4.464957
ILE	24	1	A	-5.7755127	-11.334156	6.144578
GLU	25	1	A	-9.226517	-10.146837	5.1965294
PHE	26	1	A	-11.867349	-7.852461	6.4791756
ARG	27	1	A	-15.426895	-6.980587	5.702071
THR	28	1	A	-17.398394	-3.8572273	6.4135456
THR	29	1	A	-19.771235	-1.3962746	4.7560368
GLY	30	1	A	-19.117805	1.9322414	3.156578
PHE	31	1	A	-19.687395	4.092249	0.09180689
TYR	32	1	A	-18.817945	4.2242565	-3.5789614
TYR	33	1	A	-18.828688	7.642412	-5.272024
VAL	34	1	A	-17.285063	9.574972	-8.164521
VAL	39	2	A	-13.835633	6.538904	-8.262765
TYR	40	2	A	-13.616991	6.771452	-4.466474
LEU	41	2	A	-14.445187	4.193594	-1.8340123
SER	42	2	A	-14.9212	5.3059216	1.7828045
TYR	43	2	A	-15.214676	3.1652126	4.9079638
TYR	44	2	A	-13.888095	2.721445	8.431837
GLU	45	2	A	-11.5996685	0.06715393	9.79716
VAL	52	3	A	-9.520134	4.5926	11.220865
LYS	53	3	A	-11.302546	6.374449	8.367283
THR	54	3	A	-10.200552	5.13962	4.924011
ILE	55	3	A	-10.734002	6.76021	1.5242696
VAL	56	3	A	-9.467955	4.9663563	-1.5630865
LYS	57	3	A	-8.985634	7.0563183	-4.7291102
VAL	58	3	A	-8.452881	5.2835903	-8.014507
VAL	63	4	A	-4.2947197	4.3164425	-6.21414
LEU	64	4	A	-4.191166	6.542383	-3.1303396
VAL	65	4	A	-5.334301	5.135538	0.21919727
MET	66	4	A	-5.8905487	7.920492	2.7615085
ARG	67	4	A	-6.1439476	6.718828	6.3275814
SER	68	4	A	-6.9464397	9.022642	9.217611
LYS	72	5	A	-2.6986122	8.693552	9.626414
MET	73	5	A	-1.1038513	7.628874	6.3441486
ASN	74	5	A	-1.4943542	8.619123	2.7006693
GLN	75	5	A	-0.23576546	5.5044384	0.946228
ARG	76	5	A	0.33260155	6.17935	-2.7503328
PHE	77	5	A	0.5194626	3.136797	-5.024596
ALA	81	6	A	7.547024	3.251215	-8.920168
SER	82	6	A	8.281261	3.642477	-5.2306156
THR	83	6	A	6.7936287	6.2341366	-2.9057388
ILE	84	6	A	7.4622993	7.2932796	0.6820049
ALA	85	6	A	4.827793	8.432882	3.2033434
LYS	86	6	A	4.700533	9.003077	6.9619017
TYR	87	6	A	2.8059597	6.446348	9.05115
LYS	88	6	A	1.6998062	8.628099	11.93958
LEU	94	7	A	7.897869	6.347822	10.802268
GLU	95	7	A	8.4303665	6.624342	7.007163
LEU	96	7	A	7.2182045	3.6247005	4.9719925
LYS	97	7	A	8.258705	2.9098873	1.3864164
THR	98	7	A	5.795635	1.3968143	-1.0559597
SER	99	7	A	7.0581436	-0.15999222	-4.290082
THR	100	7	A	4.1621933	-1.0517368	-6.559723
LYS	101	7	A	4.453844	-3.8241882	-9.168016
SER	102	7	A	0.9494324	-3.7932777	-10.663745
ILE	103	7	A	-2.5309982	-2.3497372	-10.295091
GLN	104	7	A	-5.7334633	-3.672617	-11.896121
SER	105	7	A	-9.115385	-2.0560932	-11.421232
ASP	106	7	A	-12.616148	-2.571394	-12.752716
GLY	112	8	A	-15.816223	-3.4961624	-8.405539
ARG	113	8	A	-12.360291	-4.888588	-7.785659
ILE	114	8	A	-8.974159	-3.2506962	-7.243378
SER	115	8	A	-5.9123	-5.508938	-7.159067
ILE	116	8	A	-2.4934826	-4.2299995	-6.1452885
ALA	117	8	A	0.78294754	-6.158682	-5.9660463
TYR	118	8	A	3.3933487	-4.2994995	-3.9518204
ASP	119	8	A	6.364914	-4.491661	-1.6674013
MET	120	8	A	6.5530987	-2.5778675	1.644124
HIS	121	8	A	9.35149	-1.8672733	3.9958858
HIS	128	9	A	7.4651833	-7.7059994	2.5009975
LEU	129	9	A	5.4260216	-8.864058	-0.5308342
HIS	130	9	A	1.7046242	-7.94668	-0.54129124
ASN	131	9	A	-1.1541176	-8.767618	-2.8642588
MET	132	9	A	-4.2023506	-6.7475967	-1.8374577
THR	133	9	A	-7.6349106	-7.1118355	-3.4417305
ILE	134	9	A	-10.468641	-4.73543	-2.5698352
THR	135	9	A	-13.852311	-5.904873	-3.8335667
TYR	136	9	A	-17.278454	-4.4874268	-3.2297506
GLU	137	9	A	-20.910683	-4.9392185	-4.1636257
