Res	Num	Strand	Z-coord
LYS	191	0	A	-0.6924515	-18.039696	-12.634114
GLY	192	0	A	1.1135731	-17.887152	-9.306583
ASP	193	0	A	4.330387	-17.831707	-7.391939
VAL	194	0	A	5.960783	-19.672537	-4.5206976
SER	195	0	A	8.708952	-18.464628	-2.209241
ALA	196	0	A	11.066526	-19.506771	0.59942555
GLU	197	0	A	12.7587595	-16.918783	2.866075
TYR	198	0	A	15.481835	-17.52226	5.488227
GLY	199	0	A	16.573334	-14.746204	7.864498
TRP	201	1	A	16.76464	-15.39601	14.487948
ASN	202	1	A	15.993858	-18.685	12.618835
LYS	203	1	A	13.197977	-17.102514	10.539215
GLU	204	1	A	11.69354	-19.404522	7.887807
ARG	205	1	A	8.842844	-18.100271	5.687579
TYR	206	1	A	7.1857758	-20.208809	2.9138637
VAL	207	1	A	4.4225864	-18.697454	0.6827972
ALA	208	1	A	2.3310928	-19.988523	-2.2694354
ASP	209	1	A	-0.106723785	-17.817978	-4.234787
LEU	210	1	A	-1.9069633	-19.685612	-7.0654316
GLN	211	1	A	-4.8201923	-18.635231	-9.287005
SER	212	1	A	-6.628746	-19.960308	-12.353464
ILE	220	2	A	-15.506575	-18.868061	-12.931465
ARG	221	2	A	-12.028521	-18.193624	-11.392399
ALA	222	2	A	-10.315435	-19.02251	-8.07896
ARG	223	2	A	-7.2510242	-17.81197	-6.125392
ILE	224	2	A	-5.554405	-19.523384	-3.1354942
VAL	225	2	A	-2.8557014	-17.986797	-0.8855753
GLY	226	2	A	-1.243166	-20.131945	1.8342192
GLY	227	2	A	1.8267365	-19.779701	4.015376
TYR	228	2	A	3.7054787	-20.668922	7.1942525
GLN	229	2	A	6.305212	-18.751295	9.219652
ASN	230	2	A	8.416786	-19.821695	12.22028
ASN	231	2	A	10.977146	-17.554457	13.892693
ASP	232	2	A	12.739771	-16.592665	17.09766
ASN	239	3	A	9.175831	-17.952518	19.416529
SER	240	3	A	6.363037	-17.242863	16.94856
GLU	241	3	A	4.6658382	-19.751799	14.654196
LYS	242	3	A	2.0191956	-18.61713	12.156815
THR	243	3	A	-0.16611099	-20.26538	9.494723
PHE	244	3	A	-2.1761951	-18.21657	7.006866
PHE	245	3	A	-4.6027546	-19.212183	4.2404447
SER	246	3	A	-7.1690655	-17.388657	2.051915
GLY	247	3	A	-9.352407	-18.8872	-0.70471835
ILE	248	3	A	-11.653612	-16.907679	-3.0302548
VAL	249	3	A	-13.932817	-17.781858	-6.0051327
ASP	250	3	A	-14.666239	-15.030718	-8.558834
ALA	251	3	A	-17.608381	-15.845724	-10.844156
ASP	252	3	A	-19.113482	-13.595765	-13.518238
LEU	253	3	A	-22.80367	-14.499362	-13.370138
THR	257	4	A	-23.383036	-9.506639	-12.420607
THR	258	4	A	-20.135592	-10.419691	-10.575773
LEU	259	4	A	-19.961714	-12.605022	-7.4157295
SER	260	4	A	-16.971003	-13.124125	-5.0560474
ALA	261	4	A	-16.961878	-15.644856	-2.1539803
GLY	262	4	A	-14.15093	-16.727177	0.16360378
TYR	263	4	A	-12.64443	-18.043978	3.3708057
GLU	264	4	A	-9.719637	-16.742624	5.4673457
TYR	265	4	A	-7.852148	-18.645037	8.199564
GLN	266	4	A	-4.915119	-17.386038	10.29542
ARG	267	4	A	-3.3239803	-18.837894	13.423171
ILE	268	4	A	-0.4215641	-17.311022	15.391794
ASP	269	4	A	1.043293	-19.108555	18.349342
VAL	270	4	A	3.6333504	-17.232872	20.351482
ASN	271	4	A	5.762781	-18.78766	23.103516
THR	283	5	A	14.665406	5.02026	42.79327
ASP	284	5	A	17.28516	7.8267975	42.623
GLY	285	5	A	15.983089	9.013649	39.19753
SER	286	5	A	18.833675	7.5561028	37.092632
SER	287	5	A	17.5839	5.696663	33.93348
ASN	288	5	A	18.46921	2.0416431	33.054474
SER	289	5	A	19.847195	0.2907219	29.88836
TYR	290	5	A	19.674444	-3.4613018	29.134743
ASP	291	5	A	20.933367	-5.856697	26.421328
ARG	292	5	A	18.173075	-5.997161	23.716501
ALA	293	5	A	17.983595	-9.795403	24.343113
ARG	294	5	A	16.685791	-9.175039	27.914024
SER	295	5	A	13.157422	-10.549646	28.482185
THR	296	5	A	10.852851	-10.735083	31.563238
ALA	297	5	A	8.719688	-13.403316	29.765213
PRO	298	5	A	8.614336	-16.806784	31.549944
ASP	299	5	A	8.973461	-20.153017	29.751667
TRP	300	5	A	5.3533955	-21.011433	30.54153
ALA	301	5	A	4.133131	-17.725697	28.96783
TYR	302	5	A	2.1861858	-18.066158	25.676771
ASN	303	5	A	-0.30480003	-16.216982	23.457733
ASP	304	5	A	-2.2483788	-18.076424	20.801851
LYS	305	5	A	-4.844448	-16.652294	18.487415
GLU	306	5	A	-6.99671	-18.20482	15.725775
ILE	307	5	A	-8.854776	-16.200674	13.011726
ASN	308	5	A	-11.665754	-17.664576	10.823133
LYS	309	5	A	-13.572012	-15.469034	8.317045
VAL	310	5	A	-16.183199	-16.030973	5.5615177
PHE	311	5	A	-16.853586	-13.117941	3.1547036
MET	312	5	A	-18.86804	-12.493965	-0.036190987
THR	313	5	A	-19.075422	-9.5546465	-2.5172186
LEU	314	5	A	-21.881392	-9.184851	-5.12589
LYS	315	5	A	-21.727163	-6.47939	-7.8690586
GLN	316	5	A	-24.683504	-5.8435335	-10.255805
GLN	323	6	A	-23.5894	-0.26043892	-10.290675
ALA	324	6	A	-24.787706	-1.765358	-6.946328
THR	325	6	A	-22.39366	-3.4604053	-4.4432983
LEU	326	6	A	-23.15251	-5.767165	-1.4830837
ASN	327	6	A	-20.142881	-6.632601	0.75650644
ALA	328	6	A	-20.738111	-9.027818	3.690764
THR	329	6	A	-18.462511	-10.704911	6.23549
HIS	330	6	A	-18.66038	-12.996723	9.278087
SER	331	6	A	-15.403837	-12.777333	11.251759
GLU	332	6	A	-14.252424	-14.586515	14.385748
VAL	333	6	A	-11.035234	-14.468008	16.41991
GLU	334	6	A	-10.379431	-16.633028	19.521246
PHE	335	6	A	-7.3399487	-16.325016	21.81828
ASP	336	6	A	-5.9054947	-17.866066	24.911947
SER	337	6	A	-2.920435	-16.586542	26.753496
LYS	338	6	A	-1.0259266	-16.91419	30.002914
MET	339	6	A	1.5357819	-14.131797	30.527105
MET	340	6	A	3.5065098	-12.221193	33.211113
TYR	341	6	A	4.5235577	-8.475687	33.320084
VAL	342	6	A	6.904703	-6.355383	35.48245
ASP	343	6	A	5.9760895	-2.7071247	36.22469
ALA	344	6	A	8.276545	-1.1733923	38.914646
TYR	345	6	A	11.245636	1.1033335	39.79191
VAL	346	6	A	14.603217	-0.46849632	40.80993
VAL	367	7	A	5.7622128	-4.8736153	41.144474
GLY	368	7	A	4.0296803	-6.927002	38.395428
GLY	369	7	A	1.3379173	-9.440654	37.570408
THR	370	7	A	0.3293152	-12.727888	36.0147
GLY	371	7	A	-2.7585773	-13.333318	33.89995
TRP	372	7	A	-4.639982	-16.10253	32.15612
ASN	373	7	A	-6.821932	-14.313665	29.593584
SER	374	7	A	-9.073473	-15.867162	26.914621
GLY	375	7	A	-11.80821	-14.557614	24.662243
LYS	376	7	A	-13.791002	-14.403191	21.42851
ARG	377	7	A	-14.800814	-11.624852	18.992617
LYS	378	7	A	-17.633532	-12.04106	16.461618
VAL	379	7	A	-18.2861	-9.56588	13.616606
ASP	380	7	A	-21.309622	-9.814763	11.321007
ALA	381	7	A	-21.284399	-6.820853	8.988753
LEU	382	7	A	-22.782946	-5.915266	5.5790687
ASP	383	7	A	-22.320654	-2.817707	3.3397484
LEU	384	7	A	-24.76365	-2.1038532	0.48014736
PHE	385	7	A	-24.259855	0.8898668	-1.8679872
ALA	386	7	A	-25.039598	2.0977669	-5.3857765
ASP	387	7	A	-22.955168	4.4392185	-7.607459
GLY	388	7	A	-24.020418	6.1718082	-10.817497
SER	389	7	A	-24.700464	9.366566	-12.779816
TYR	390	7	A	-27.48326	11.9843025	-12.980763
HIS	397	8	A	-22.63672	14.495316	-11.7571335
ASN	398	8	A	-21.857668	11.32057	-9.780731
LEU	399	8	A	-24.159353	10.051741	-6.949582
MET	400	8	A	-23.369833	7.443632	-4.2839446
PHE	401	8	A	-25.883749	6.2611275	-1.6297216
GLY	402	8	A	-26.069296	3.2013416	0.5979552
GLY	403	8	A	-26.347712	1.6223373	4.0451417
SER	404	8	A	-24.234118	-0.27897358	6.5846663
TYR	405	8	A	-24.982134	-2.8226452	9.302731
SER	406	8	A	-22.535223	-4.2081604	11.891979
LYS	407	8	A	-22.884066	-6.429781	14.984252
GLN	408	8	A	-19.669657	-6.855064	16.982801
ASN	409	8	A	-19.457304	-8.993056	20.162844
ASN	410	8	A	-16.35639	-9.303492	22.441166
ARG	411	8	A	-16.42526	-11.839594	25.303482
TYR	412	8	A	-13.412664	-12.215946	27.645227
PHE	413	8	A	-12.390795	-14.508265	30.53594
SER	414	8	A	-9.678633	-13.671097	33.054977
SER	415	8	A	-7.804346	-15.201497	35.978954
TRP	416	8	A	-4.964342	-13.034162	37.38293
ALA	417	8	A	-2.7078934	-12.285622	40.38837
ASN	418	8	A	-0.3795395	-9.448992	41.521496
ILE	419	8	A	3.3702183	-10.004808	42.106274
SER	443	9	A	-14.612917	-15.554434	35.294933
LEU	444	9	A	-16.557291	-13.499672	32.718975
ALA	445	9	A	-14.471956	-10.263221	32.728928
GLN	446	9	A	-16.33047	-8.584835	29.80088
ASP	447	9	A	-19.226973	-9.188687	27.406101
ASP	448	9	A	-19.894403	-6.2886934	24.999815
THR	449	9	A	-22.130747	-6.0405407	21.927322
THR	450	9	A	-22.050589	-3.0457268	19.565645
HIS	451	9	A	-24.7483	-2.4691706	16.888676
MET	452	9	A	-23.773561	0.1692028	14.318161
LYS	453	9	A	-26.398108	1.0181293	11.584434
SER	454	9	A	-25.80779	3.727007	8.947599
LEU	455	9	A	-27.478212	5.366989	5.9108305
TYR	456	9	A	-25.04788	7.456747	3.8035955
ALA	457	9	A	-25.169516	9.599148	0.66613007
ALA	458	9	A	-22.536715	11.566027	-1.3071852
THR	459	9	A	-22.479136	13.42569	-4.6091213
ARG	460	9	A	-19.601995	14.804321	-6.6819477
VAL	461	9	A	-21.088995	17.947712	-8.317885
THR	462	9	A	-19.610727	19.300747	-11.600548
LEU	463	9	A	-19.6914	23.088875	-10.957777
LEU	467	10	A	-14.103979	22.440754	-10.559929
HIS	468	10	A	-15.844042	19.74722	-8.491507
LEU	469	10	A	-17.611212	19.93554	-5.142771
ILE	470	10	A	-18.089365	16.704561	-3.075131
LEU	471	10	A	-21.028471	16.908289	-0.6613445
GLY	472	10	A	-21.838923	13.949953	1.6685133
ALA	473	10	A	-23.395773	12.840578	4.9493
ARG	474	10	A	-23.512743	9.613489	7.008574
TYR	475	10	A	-26.291117	9.184704	9.612412
THR	476	10	A	-25.46123	6.534321	12.258218
ASN	477	10	A	-27.53287	4.770237	14.923044
TRP	478	10	A	-24.932215	3.333765	17.355886
ARG	479	10	A	-25.528875	1.0673008	20.415
VAL	480	10	A	-23.447508	-0.8226156	23.014704
ASP	481	10	A	-24.688505	-3.4004574	25.51301
MET	487	11	A	-25.745424	3.478674	25.576454
GLU	488	11	A	-27.465445	4.3947563	22.248528
LYS	489	11	A	-26.43522	7.4831963	20.1535
ASN	490	11	A	-27.622023	8.912052	16.795782
HIS	491	11	A	-25.186693	11.216616	14.872023
THR	492	11	A	-25.010317	12.788216	11.356476
THR	493	11	A	-21.430277	13.272125	10.048485
PRO	494	11	A	-21.15537	15.771011	7.167276
TYR	495	11	A	-18.561804	15.769896	4.3246675
ALA	496	11	A	-17.788774	18.895042	2.1983361
GLY	497	11	A	-14.879179	19.042416	-0.28199482
LEU	498	11	A	-13.728132	21.137226	-3.234807
VAL	499	11	A	-11.201845	20.230038	-5.9652023
PHE	500	11	A	-9.8901005	22.790852	-8.476884
ASP	501	11	A	-7.7888355	21.728962	-11.503105
ILE	502	11	A	-5.337034	24.621284	-12.323553
ASN	505	12	A	-1.0499611	18.21025	-13.87772
TRP	506	12	A	-1.8107662	20.422363	-10.782343
SER	507	12	A	-4.8593464	20.622078	-8.481939
THR	508	12	A	-5.808487	22.399002	-5.228714
TYR	509	12	A	-8.329317	21.192467	-2.684081
ALA	510	12	A	-10.190859	22.285847	0.44319725
SER	511	12	A	-12.310003	20.063328	2.7145834
TYR	512	12	A	-14.27743	19.776112	5.9620547
THR	513	12	A	-14.448263	16.15834	7.256977
SER	514	12	A	-15.752012	14.705151	10.555864
ILE	515	12	A	-16.148409	11.529911	12.678669
PHE	516	12	A	-17.79664	10.889444	16.070553
GLN	517	12	A	-16.648527	8.853598	19.084217
PRO	518	12	A	-19.31331	7.935108	21.753485
GLN	519	12	A	-18.140188	8.164154	25.365723
ASN	520	12	A	-19.184835	6.332493	28.567831
ASP	521	12	A	-19.621336	9.592344	30.620586
LEU	529	13	A	-22.679056	12.930025	27.374489
ALA	530	13	A	-22.856737	13.661812	23.589
PRO	531	13	A	-20.248556	11.881632	21.441753
ILE	532	13	A	-16.797075	13.420397	20.77216
THR	533	13	A	-16.54799	14.993155	17.25721
GLY	534	13	A	-13.20825	14.939379	15.418066
ASN	535	13	A	-13.362486	17.803436	12.872187
ASN	536	13	A	-10.687216	18.028152	10.139345
TYR	537	13	A	-10.12871	21.284225	8.156646
GLU	538	13	A	-7.7643375	20.846851	5.2102075
LEU	539	13	A	-6.253834	22.756226	2.3013024
GLY	540	13	A	-3.7991257	21.254757	-0.13892984
LEU	541	13	A	-2.1745758	20.800922	-3.5889597
LYS	542	13	A	-1.9505577	17.50812	-5.586404
SER	543	13	A	-0.10242653	16.696655	-8.813578
ASP	544	13	A	-0.570364	13.822802	-11.296597
TRP	545	13	A	1.9406967	12.857714	-14.074081
ARG	549	14	A	2.1685715	6.946167	-12.632347
LEU	550	14	A	3.8126793	9.745966	-10.5176
THR	551	14	A	1.8887749	11.819635	-7.934988
THR	552	14	A	2.649271	14.395981	-5.2442017
THR	553	14	A	0.45585823	15.66884	-2.3865242
LEU	554	14	A	0.87418747	18.645645	-0.025120974
ALA	555	14	A	-1.6603565	18.869152	2.821696
ILE	556	14	A	-2.1548576	21.512337	5.575383
PHE	557	14	A	-4.5996513	20.30035	8.247477
ARG	558	14	A	-6.2384605	21.422985	11.494776
ILE	559	14	A	-8.127222	18.991436	13.760353
GLU	560	14	A	-10.588057	20.123486	16.40439
GLN	561	14	A	-11.732241	17.380842	18.768726
ASP	562	14	A	-14.972639	18.675274	20.456934
ASN	563	14	A	-17.527182	17.670937	23.22092
VAL	564	14	A	-14.763765	15.833967	25.179228
ALA	565	14	A	-15.852728	14.843733	28.732769
GLN	566	14	A	-14.262045	16.703415	31.605894
SER	567	14	A	-14.981367	15.89299	35.27747
THR	568	14	A	-16.833189	18.627289	37.268127
GLY	569	14	A	-15.602041	17.31661	40.653923
THR	570	14	A	-19.218603	17.096106	41.901733
ALA	580	15	A	-20.693583	14.4011345	36.808292
TYR	581	15	A	-18.984835	15.354618	33.485214
LYS	582	15	A	-19.089933	18.471882	31.253979
ALA	583	15	A	-18.504995	18.551311	27.459795
VAL	584	15	A	-15.51956	20.809307	26.620344
ASP	585	15	A	-13.097963	21.429012	23.66309
GLY	586	15	A	-10.549482	18.574997	23.435123
THR	587	15	A	-7.286497	18.059128	21.493729
VAL	588	15	A	-6.2851315	20.563347	18.785324
SER	589	15	A	-3.8220387	19.160664	16.193924
LYS	590	15	A	-2.2422733	21.107822	13.315485
GLY	591	15	A	0.38295364	20.244263	10.71486
VAL	592	15	A	1.6446266	19.744408	7.1760607
GLU	593	15	A	2.229021	16.543346	5.128209
PHE	594	15	A	4.061569	16.23901	1.7817796
GLU	595	15	A	4.42132	12.981085	-0.21054983
LEU	596	15	A	5.894701	12.155542	-3.6638737
ASN	597	15	A	4.8881035	8.640438	-4.8804255
GLY	598	15	A	5.557289	6.9861507	-8.269971
ALA	599	15	A	8.079126	6.4498177	-11.07905
ILE	600	15	A	10.726742	9.191658	-11.578571
TRP	604	16	A	13.232015	4.206606	-10.886109
GLN	605	16	A	10.313696	4.0692863	-8.394739
LEU	606	16	A	10.552687	6.3915443	-5.3594713
THR	607	16	A	8.207048	7.1773663	-2.4437528
PHE	608	16	A	9.246233	10.2264	-0.3540311
GLY	609	16	A	7.291357	11.749477	2.5312521
ALA	610	16	A	7.749563	14.233944	5.364314
THR	611	16	A	5.5004387	15.613064	8.066721
ARG	612	16	A	5.5582294	18.049568	10.988203
TYR	613	16	A	2.6242943	18.588543	13.36732
ILE	614	16	A	1.6634312	19.88303	16.828001
ALA	615	16	A	-0.9171181	18.178062	19.088297
GLU	616	16	A	-1.9979191	19.714268	22.444712
PRO	625	17	A	4.816742	13.458225	23.5422
ASN	626	17	A	6.276514	9.904013	23.021364
LEU	627	17	A	5.333557	10.102175	19.221668
PRO	628	17	A	7.588064	12.090542	16.808647
ARG	629	17	A	6.2789516	15.506548	15.729134
THR	630	17	A	8.624983	15.505053	12.675139
THR	631	17	A	9.240308	12.433672	10.501217
VAL	632	17	A	10.729085	11.697565	7.039585
LYS	633	17	A	9.932501	8.301605	5.438443
MET	634	17	A	11.351843	7.371849	2.0152936
PHE	635	17	A	11.790077	4.1105995	0.018713951
THR	636	17	A	13.16851	3.5750313	-3.5098038
SER	637	17	A	13.55871	0.85297775	-6.201355
TYR	638	17	A	16.188063	1.1564074	-8.972046
ARG	639	17	A	16.503445	-1.335249	-11.87381
LEU	640	17	A	19.854965	-0.9199028	-13.717369
LEU	646	18	A	19.259155	-6.41625	-11.260689
THR	647	18	A	17.155523	-4.0865536	-9.018717
VAL	648	18	A	18.734734	-2.3203344	-5.9669275
GLY	649	18	A	17.122353	-0.10483074	-3.3579721
GLY	650	18	A	16.294973	0.567009	0.23814702
GLY	651	18	A	14.936582	3.373333	2.3845558
VAL	652	18	A	15.405191	5.6695004	5.405536
ASN	653	18	A	12.818382	6.327404	8.182474
TRP	654	18	A	13.819075	9.420193	10.22522
GLN	655	18	A	12.216352	10.816681	13.37967
ASN	656	18	A	13.1053	13.673462	15.731093
ARG	657	18	A	13.470485	13.587276	19.56099
VAL	658	18	A	10.60179	12.174692	21.685627
TYR	659	18	A	10.002806	12.155468	25.465532
THR	660	18	A	7.600443	11.213686	28.341276
ASP	661	18	A	7.3634987	12.5991745	31.869734
THR	662	18	A	6.683752	10.103361	34.67916
PHE	669	19	A	11.394024	11.357025	35.724964
ARG	670	19	A	11.563522	12.246347	31.991112
ALA	671	19	A	12.161963	9.424255	29.455746
GLU	672	19	A	14.250706	10.509766	26.43891
GLN	673	19	A	14.776828	9.117718	22.971369
GLY	674	19	A	16.817501	11.407684	20.751574
SER	675	19	A	16.719595	11.697653	16.926044
TYR	676	19	A	17.37563	8.547083	14.892722
ALA	677	19	A	17.149117	7.1000843	11.400803
LEU	678	19	A	16.578863	3.4381123	10.390578
VAL	679	19	A	18.11775	2.2829132	7.0743165
ASP	680	19	A	16.826487	-0.70539856	5.0139112
LEU	681	19	A	18.528355	-1.9726048	1.8115705
PHE	682	19	A	17.350803	-4.5767956	-0.7198973
THR	683	19	A	18.661379	-6.2150335	-3.9289255
ARG	684	19	A	16.821236	-8.514889	-6.349531
TYR	685	19	A	18.357643	-10.5331335	-9.181289
ASN	690	20	A	10.715083	-17.73126	-13.39225
PHE	691	20	A	13.363618	-17.657536	-10.58887
SER	692	20	A	14.584657	-14.603139	-8.613513
LEU	693	20	A	16.778055	-14.042659	-5.476783
GLN	694	20	A	16.073267	-11.100947	-3.1368184
GLY	695	20	A	18.382591	-10.0352955	-0.26900578
ASN	696	20	A	17.18754	-7.5286293	2.4161167
VAL	697	20	A	19.010513	-5.7674484	5.2977047
ASN	698	20	A	16.89391	-3.9747028	7.925045
ASN	699	20	A	18.290194	-1.4291534	10.4474125
LEU	700	20	A	21.700329	-1.4172401	8.624374
PHE	701	20	A	23.472553	0.7708082	11.236059
ASP	702	20	A	22.14081	-1.4656982	14.098828
LYS	703	20	A	20.426575	1.3859816	15.939773
THR	704	20	A	19.411175	0.69929886	19.583126
TYR	705	20	A	16.129864	2.5675888	20.074303
VAL	714	21	A	10.81558	-1.9421425	24.754307
TYR	715	21	A	13.687633	-2.126298	22.227411
GLY	716	21	A	13.23131	-1.8272343	18.50696
THR	717	21	A	14.35196	-4.4615726	16.002132
PRO	718	21	A	18.197796	-4.834325	15.793375
ARG	719	21	A	20.037384	-5.3216877	12.4675255
ASN	720	21	A	18.492641	-8.249662	10.540762
PHE	721	21	A	19.2639	-10.021444	7.2260833
SER	722	21	A	16.974293	-11.964083	4.883788
ILE	723	21	A	17.408022	-14.145733	1.6832952
THR	724	21	A	14.362826	-15.006026	-0.41267776
GLY	725	21	A	14.06048	-17.283451	-3.4977055
THR	726	21	A	10.892584	-16.867834	-5.618369
TYR	727	21	A	9.538255	-19.013283	-8.4899235
GLN	728	21	A	6.907383	-17.143385	-10.564165
