Res	Num	Strand	Z-coord
LYS	10	0	A	18.464025	6.20829	-14.236225
LEU	11	0	A	16.599646	8.026449	-11.507393
LEU	11	0	A	16.590195	8.0227585	-11.506382
ASP	12	0	A	12.886414	8.335026	-10.873913
LEU	13	0	A	11.95252	11.130875	-8.449787
TYR	14	0	A	8.362247	10.619564	-7.4080887
GLY	15	0	A	5.8647614	11.887836	-4.903179
LYS	16	0	A	2.345152	12.834112	-4.0480766
VAL	17	0	A	0.3475666	15.493315	-2.282627
ASP	18	0	A	-2.9007301	14.214104	-0.75722885
GLY	19	0	A	-5.277424	16.99142	0.31142044
LEU	20	0	A	-7.2057	14.860622	2.7388496
HIS	21	0	A	-9.934315	15.412838	5.3550415
TYR	22	0	A	-11.502224	12.934824	7.7834244
GLY	31	1	A	-10.096806	16.78317	10.815292
ASP	32	1	A	-7.339615	17.706747	8.382126
GLN	33	1	A	-5.185234	14.718279	7.348257
THR	34	1	A	-3.207859	16.320036	4.4393234
TYR	35	1	A	0.16100311	14.693693	3.771389
MET	36	1	A	2.8292866	14.349062	1.1055679
ARG	37	1	A	5.3318787	11.69285	0.14879608
LEU	38	1	A	8.615305	12.031887	-1.7288628
GLY	39	1	A	10.902227	9.317604	-2.9638863
PHE	40	1	A	13.403278	8.115059	-5.4744606
LYS	41	1	A	14.082029	4.8526516	-7.254879
GLY	42	1	A	17.503204	4.607464	-8.914818
GLU	43	1	A	19.012571	1.8697147	-11.035656
THR	44	1	A	22.507217	1.4495544	-12.504799
GLN	45	1	A	23.537544	-1.125145	-15.079617
VAL	46	1	A	26.823595	-2.6557617	-13.8859215
LEU	50	2	A	24.169525	-7.249893	-12.797371
THR	51	2	A	22.103542	-4.170231	-11.961292
GLY	52	2	A	22.393631	-2.0719376	-8.779045
TYR	53	2	A	19.492962	-0.19591904	-7.282196
GLY	54	2	A	18.368069	1.9978943	-4.4318123
GLN	55	2	A	15.033686	3.2513237	-3.2554207
TRP	56	2	A	13.93186	5.731848	-0.6107483
GLU	57	2	A	10.461679	6.9819756	0.2767372
TYR	58	2	A	9.5854225	9.553482	2.9412727
GLN	59	2	A	6.312248	10.865566	4.3504066
ILE	60	2	A	5.868862	14.405138	5.6217804
GLN	61	2	A	2.6022968	15.320307	7.279995
ASN	70	3	A	5.924206	14.911644	11.730579
SER	71	3	A	7.840227	12.907249	9.155037
TRP	72	3	A	9.320877	9.482437	8.680326
THR	73	3	A	11.140425	7.1220455	6.376133
ARG	74	3	A	8.867172	4.505707	4.7989655
VAL	75	3	A	11.617203	2.6238403	2.9382286
ALA	76	3	A	15.36829	3.0317478	2.3821678
PHE	77	3	A	17.277805	0.18367767	0.79142
ALA	78	3	A	20.054832	-0.73360443	-1.6205444
GLY	79	3	A	20.275017	-3.867405	-3.713997
LEU	80	3	A	21.710125	-5.9388733	-6.542595
LYS	81	3	A	19.811687	-7.866562	-9.188232
PHE	82	3	A	21.720707	-10.748405	-10.861492
GLY	86	4	A	17.463753	-13.186348	-8.325703
SER	87	4	A	17.860683	-10.002811	-6.2905807
PHE	88	4	A	19.196125	-9.085793	-2.8648949
ASP	89	4	A	18.485542	-5.9250984	-0.9520912
TYR	90	4	A	19.067188	-4.5858116	2.5536613
GLY	91	4	A	17.62839	-1.6862755	4.532139
ARG	92	4	A	14.241377	-0.4171028	5.655693
GLY	125	5	A	10.420401	-2.4060745	9.175875
ASN	126	5	A	14.1256275	-1.9207344	9.772394
GLY	127	5	A	17.001604	-4.1726913	8.833046
PHE	128	5	A	15.479254	-6.5601883	6.280533
ALA	129	5	A	17.878342	-8.61586	4.169441
THR	130	5	A	15.682724	-9.872395	1.3394852
TYR	131	5	A	16.354473	-12.409756	-1.4331932
ARG	132	5	A	13.785734	-12.4763565	-4.266464
ASN	133	5	A	13.399479	-14.629585	-7.3653755
SER	134	5	A	10.832064	-14.011547	-10.126106
ASP	135	5	A	9.778681	-16.760857	-12.585716
VAL	140	6	A	8.6667	-21.34729	-14.348621
ASP	141	6	A	6.789425	-18.280548	-15.603302
GLY	142	6	A	4.6859055	-16.678886	-12.834423
LEU	143	6	A	6.172817	-18.510605	-9.85326
ASN	144	6	A	7.8682556	-15.988113	-7.482525
PHE	145	6	A	9.411884	-16.557358	-4.076023
ALA	146	6	A	11.298557	-14.638924	-1.437664
VAL	147	6	A	13.381355	-15.42984	1.636776
GLN	148	6	A	14.003483	-12.762867	4.218651
TYR	149	6	A	15.925528	-12.161636	7.4440002
GLN	150	6	A	15.357134	-9.32325	9.903818
GLY	151	6	A	18.003061	-8.436562	12.501913
LYS	152	6	A	17.04146	-7.505146	16.067472
ASN	153	6	A	15.7904415	-3.9343948	16.551416
GLY	154	6	A	15.762353	-3.6551018	20.330475
SER	155	6	A	15.511616	-1.1928978	23.17086
ARG	166	7	A	12.720154	1.8897629	20.149084
THR	167	7	A	9.586184	1.2994347	22.196426
GLU	168	7	A	8.406704	-2.2806015	22.752304
LEU	169	7	A	5.5119247	-2.2228088	20.260595
ARG	170	7	A	8.025368	-1.5209923	17.450665
GLN	171	7	A	10.807514	-3.908802	18.522617
ASN	172	7	A	11.762661	-7.273758	17.13449
GLY	173	7	A	14.329861	-9.97287	17.680882
ASP	174	7	A	16.068714	-11.853279	14.88043
GLY	175	7	A	13.502781	-13.092636	12.356171
VAL	176	7	A	13.080927	-15.258957	9.254498
GLY	177	7	A	10.279943	-15.456532	6.717413
GLY	178	7	A	9.371811	-16.44756	3.1730652
SER	179	7	A	6.7130623	-16.062935	0.53037643
ILE	180	7	A	5.5961285	-17.88733	-2.599659
THR	181	7	A	3.174549	-16.537315	-5.186058
TYR	182	7	A	1.9300385	-18.155071	-8.370831
GLY	187	8	A	-6.2765656	-13.1436	-13.88575
PHE	188	8	A	-5.9349174	-15.59919	-10.968548
GLY	189	8	A	-3.1698723	-15.568298	-8.372921
ILE	190	8	A	-2.4965057	-17.600449	-5.2295265
GLY	191	8	A	0.05678749	-16.996933	-2.5074997
THR	192	8	A	1.3698616	-17.967445	0.8906784
ALA	193	8	A	3.7804775	-16.434853	3.3773727
VAL	194	8	A	5.182501	-17.441238	6.775917
VAL	194	8	A	5.2395363	-17.447128	6.7397213
SER	195	8	A	7.3086185	-15.500519	9.255611
SER	196	8	A	8.8696	-16.24083	12.652893
SER	197	8	A	10.596823	-13.573879	14.781628
ALA	214	9	A	5.988447	-13.844727	17.010708
GLU	215	9	A	4.728592	-15.992691	14.131018
THR	216	9	A	2.5064583	-15.464394	11.13534
TYR	217	9	A	0.9043484	-17.734138	8.524099
THR	218	9	A	-0.8521881	-16.226326	5.4892426
GLY	219	9	A	-2.771473	-17.41219	2.4602737
GLY	220	9	A	-4.121578	-15.206879	-0.289196
LEU	221	9	A	-6.141884	-15.364059	-3.4947815
LYS	222	9	A	-6.824604	-12.732967	-6.1212883
TYR	223	9	A	-8.545559	-12.185036	-9.417858
ASP	224	9	A	-7.326988	-9.262241	-11.522228
ASN	227	10	A	-11.7691345	-4.5180206	-15.030544
ILE	228	10	A	-12.562756	-6.5457764	-11.925858
TYR	229	10	A	-10.3785515	-6.837799	-8.839676
LEU	230	10	A	-11.182636	-9.41304	-6.1463776
ALA	231	10	A	-8.863266	-10.4146805	-3.34655
ALA	232	10	A	-8.825638	-12.119785	0.0100746155
GLN	233	10	A	-6.178158	-12.839371	2.6224136
TYR	234	10	A	-6.385311	-14.921341	5.7882004
THR	235	10	A	-3.590973	-14.727104	8.359776
GLN	236	10	A	-3.1938019	-16.575325	11.639845
GLN	236	10	A	-3.197281	-16.606884	11.63847
THR	237	10	A	-0.77415466	-15.014328	14.077213
TYR	238	10	A	0.80355835	-15.886131	17.41392
ASN	239	10	A	2.1676579	-13.102821	19.682188
ALA	240	10	A	2.3491402	-10.808563	16.612228
THR	241	10	A	-0.9255676	-8.838272	16.22823
ARG	242	10	A	-1.001358	-5.6767845	18.31485
VAL	243	10	A	-3.789112	-5.1479874	20.852377
GLY	247	11	A	0.8991375	-5.497963	23.683851
TRP	248	11	A	-0.08773422	-8.41444	21.461565
ALA	249	11	A	-2.7089005	-11.109131	21.013031
ASN	250	11	A	-1.6056671	-14.59005	22.06607
LYS	251	11	A	-3.3921928	-15.725319	18.890266
LYS	251	11	A	-3.3470306	-15.691818	18.878962
ALA	252	11	A	-5.213936	-13.74913	16.247723
GLN	253	11	A	-7.1145477	-14.585152	13.071907
ASN	254	11	A	-7.1728706	-11.852913	10.441135
PHE	255	11	A	-9.375469	-11.7684555	7.350992
GLU	256	11	A	-9.566692	-9.131683	4.61866
VAL	257	11	A	-11.627495	-9.283947	1.450016
VAL	258	11	A	-12.173973	-6.7021866	-1.2756958
ALA	259	11	A	-14.059853	-6.259697	-4.5585556
GLN	260	11	A	-13.466316	-3.4301453	-7.029789
TYR	261	11	A	-14.537773	-2.510151	-10.547184
GLN	262	11	A	-12.837101	-0.06125641	-12.944412
ARG	268	12	A	-13.341904	2.7205906	-9.34959
PRO	269	12	A	-15.870518	1.720623	-6.682049
SER	270	12	A	-14.627087	-0.4870453	-3.856388
VAL	271	12	A	-16.312977	-2.6686363	-1.2273102
VAL	271	12	A	-16.288395	-2.6389885	-1.2136459
ALA	272	12	A	-14.369446	-4.4635468	1.5126038
TYR	273	12	A	-14.625011	-6.242569	4.841198
LEU	274	12	A	-11.856636	-6.559864	7.4411983
GLN	275	12	A	-11.760017	-8.36409	10.777927
SER	276	12	A	-9.100212	-9.22649	13.332241
LYS	277	12	A	-10.134926	-11.682507	16.037315
GLY	278	12	A	-7.9088554	-11.812695	19.09877
LYS	279	12	A	-7.864258	-14.912273	21.28261
GLN	288	13	A	-12.100586	-9.929626	21.531862
ASP	289	13	A	-12.570274	-8.29512	18.148584
LEU	290	13	A	-9.540085	-6.0772705	17.483
LEU	291	13	A	-10.796215	-4.744255	14.162247
LYS	292	13	A	-14.124336	-5.105797	12.347668
TYR	293	13	A	-15.420506	-2.9223366	9.569717
VAL	294	13	A	-17.06855	-2.7311096	6.2145042
ASP	295	13	A	-15.487915	-0.24236679	3.819645
VAL	296	13	A	-17.29681	1.3840103	0.92404556
VAL	296	13	A	-17.330345	1.4015446	0.9396019
GLY	297	13	A	-15.666546	3.986599	-1.2755051
ALA	298	13	A	-14.668369	5.07098	-4.7366257
THR	299	13	A	-11.7099	6.652363	-6.5139503
TYR	300	13	A	-12.145069	8.7413025	-9.648209
TYR	301	13	A	-8.9072	8.786724	-11.684547
PHE	302	13	A	-8.6525345	11.958523	-13.80954
ASN	305	14	A	-1.2486115	12.032358	-12.105347
MET	306	14	A	-4.5293846	13.190283	-10.502941
SER	307	14	A	-7.347191	11.492458	-8.593067
THR	308	14	A	-10.013287	12.118988	-5.9994164
TYR	309	14	A	-11.764286	9.758795	-3.604496
VAL	310	14	A	-14.299793	9.127451	-0.9336624
ASP	311	14	A	-13.912323	6.302326	1.565033
TYR	312	14	A	-16.364998	5.25667	4.249668
LYS	313	14	A	-15.239086	3.0977364	7.1634407
ILE	314	14	A	-18.410332	1.6109123	8.682922
ASN	315	14	A	-17.040867	0.48298645	12.029755
LEU	316	14	A	-18.712032	-2.5714645	13.458706
ILE	333	15	A	-14.839432	7.6542397	9.431141
VAL	334	15	A	-15.519119	9.344778	6.103054
ALA	335	15	A	-12.441059	10.404104	4.1433144
LEU	336	15	A	-12.336689	12.863222	1.2411652
GLY	337	15	A	-9.087002	13.135887	-0.7215195
LEU	338	15	A	-7.687378	15.048834	-3.7006874
VAL	339	15	A	-4.3567123	13.648354	-4.91066
TYR	340	15	A	-1.6850662	15.045078	-7.23724
GLN	341	15	A	1.176939	12.638226	-7.9407463
