Res	Num	Strand	Z-coord
VAL	6	0	A	-9.41811	5.5933204	-9.834995
GLU	7	0	A	-9.20649	2.7399583	-7.3456345
ILE	8	0	A	-11.084583	2.1425977	-4.1576977
GLU	9	0	A	-9.641573	-0.51421165	-1.8235397
ALA	10	0	A	-10.260542	-2.2346992	1.5153046
PHE	11	0	A	-7.2348714	-3.6327257	3.4040508
GLY	12	0	A	-6.1884284	-5.4200506	6.5015965
LYS	13	0	A	-2.5535278	-5.7629185	7.756439
ARG	14	0	A	-0.9178786	-7.43322	10.717758
TYR	15	0	A	2.4973097	-6.5805416	12.267414
PHE	16	0	A	5.2588205	-9.167446	12.048401
ASP	27	1	A	-3.8644247	-5.4066563	13.180832
LEU	28	1	A	-4.766709	-2.4010572	10.968079
TYR	29	1	A	-8.0056305	-2.365449	8.988878
GLY	30	1	A	-8.91666	0.3151579	6.5041676
GLY	31	1	A	-9.480354	1.6637044	3.0859451
SER	32	1	A	-7.827251	3.6299658	0.35779
ILE	33	1	A	-8.600206	5.8482776	-2.6037483
GLY	34	1	A	-6.0523305	6.087871	-5.3613186
TYR	35	1	A	-5.5877204	7.9447255	-8.621941
PHE	36	1	A	-3.439402	6.935631	-11.596931
LEU	37	1	A	-1.1786175	9.861917	-12.567089
ASP	40	2	A	2.077094	3.0126357	-13.796265
VAL	41	2	A	2.099365	5.6586537	-11.044395
GLU	42	2	A	-0.7192979	5.881856	-8.547886
LEU	43	2	A	-1.1528764	8.383341	-5.7071724
LEU	43	2	A	-1.0708475	8.350685	-5.6703777
ALA	44	2	A	-3.2157912	6.9198775	-2.8103867
LEU	45	2	A	-4.6813765	8.261961	0.36232948
SER	46	2	A	-5.353336	5.594923	3.009966
TYR	47	2	A	-6.970795	5.4800878	6.383253
GLY	48	2	A	-6.8835063	2.6208153	8.877445
GLU	49	2	A	-7.776468	1.8313293	12.466898
TYR	50	2	A	-5.7604337	-0.35191345	14.851206
HIS	51	2	A	-7.4428363	-3.3688946	16.542942
HIS	65	3	A	-6.8269362	2.5749245	20.069359
GLY	66	3	A	-5.740662	4.5703425	17.142166
ASN	67	3	A	-5.4207416	5.2284384	13.498554
LEU	68	3	A	-3.08703	5.7801085	10.628439
THR	69	3	A	-3.5334706	8.144851	7.6667423
SER	70	3	A	-1.1546788	7.763687	4.774189
LEU	71	3	A	-0.2809577	9.305307	1.4280319
ASP	72	3	A	1.7458311	7.0268474	-0.8017273
ALA	73	3	A	3.1314664	6.928706	-4.3166256
ILE	74	3	A	2.9293773	3.5132408	-5.905937
TYR	75	3	A	4.8393893	2.3869047	-8.958805
HIS	76	3	A	3.3261323	-0.57509804	-10.82925
ARG	85	4	A	1.141712	-5.9764223	-11.391235
PRO	86	4	A	3.749137	-6.1292048	-8.79044
TYR	87	4	A	4.4644356	-2.7775555	-7.154438
VAL	88	4	A	6.7331944	-0.73509216	-4.960863
SER	89	4	A	5.6244297	2.2339544	-2.8653507
ALA	90	4	A	6.8276772	5.0040727	-0.6011448
GLY	91	4	A	5.0094357	7.6766796	1.3561954
LEU	92	4	A	4.4076138	9.4690075	4.574831
ALA	93	4	A	2.0117671	8.589072	7.363224
HIS	94	4	A	0.5602312	10.141209	10.431576
GLN	95	4	A	-0.30532122	7.9013376	13.363514
ASN	96	4	A	-2.573083	8.82003	16.285522
ILE	97	4	A	-2.489923	6.388358	19.188158
THR	98	4	A	-4.2222	6.3631887	22.5508
ASN	99	4	A	-2.9780707	3.9656615	25.151928
GLY	106	5	A	-1.8687468	8.935977	26.99401
ARG	107	5	A	-2.0345936	9.9771	23.460552
GLN	108	5	A	0.60916877	10.331463	20.857773
GLN	109	5	A	0.74121356	11.618348	17.33252
MET	110	5	A	3.675955	10.77152	15.099146
THR	111	5	A	4.790064	11.2216	11.455364
MET	112	5	A	6.576007	8.219	9.852751
ALA	113	5	A	8.015665	7.2931266	6.46418
ASN	114	5	A	6.6248693	4.3048644	4.5968113
ILE	115	5	A	8.173056	1.9387255	2.1731129
GLY	116	5	A	6.480502	-1.0827494	0.6709404
ALA	117	5	A	6.1062117	-3.6342173	-2.004116
GLY	118	5	A	3.4187143	-6.0525236	-3.0980206
LEU	119	5	A	1.4768174	-7.9902496	-5.69841
LYS	120	5	A	-1.813139	-6.7436657	-7.223797
TYR	121	5	A	-3.6299944	-9.246614	-9.372219
TYR	122	5	A	-6.348143	-7.8195915	-11.606792
PHE	123	5	A	-8.5504055	-10.8651905	-12.171818
ASN	126	6	A	-11.863691	-3.8190994	-12.766003
PHE	127	6	A	-11.346125	-5.983797	-9.680996
PHE	128	6	A	-8.032272	-6.869157	-7.9318542
ALA	129	6	A	-6.773517	-8.68104	-4.8971615
LYS	130	6	A	-3.461584	-7.526457	-3.3003864
ALA	131	6	A	-0.8348732	-9.0270195	-0.96992683
SER	132	6	A	1.5073469	-6.4609146	0.62288475
LEU	133	6	A	4.588876	-5.8922586	2.8073444
ASP	134	6	A	4.9729	-2.4563675	4.3290386
GLY	135	6	A	7.666682	-0.91171074	6.648348
GLN	136	6	A	7.033267	2.1817179	8.726259
TYR	137	6	A	9.972635	4.1284866	10.043071
GLU	149	7	A	7.7495556	-1.6620445	12.143288
TRP	150	7	A	6.706199	-4.1089077	9.376471
MET	151	7	A	3.3854666	-5.5152473	8.391205
ALA	152	7	A	1.9805772	-8.037479	5.995144
GLY	153	7	A	-1.4316907	-7.581112	4.504755
LEU	154	7	A	-4.1163898	-8.287113	2.0066738
GLY	155	7	A	-6.499416	-5.9573183	0.1911354
VAL	156	7	A	-9.157755	-5.9457073	-2.4656925
GLY	157	7	A	-10.3156395	-3.1960278	-4.7823696
PHE	158	7	A	-12.111294	-1.8758345	-7.76696
ASN	159	7	A	-10.668598	0.24789047	-10.597424
PHE	160	7	A	-12.912556	2.4656844	-12.643322
