Res	Num	Strand	Z-coord
GLY	227	0	A	10.504565	5.219714	-9.959836
TRP	228	0	A	9.240075	4.5827894	-6.4523344
ASP	229	0	A	6.263756	5.0879393	-4.211356
TRP	230	0	A	7.0149307	5.552472	-0.5139055
ILE	231	0	A	4.8027925	6.133361	2.4899912
SER	232	0	A	5.3826246	6.50002	6.2162213
ALA	233	0	A	2.9060268	6.978984	9.063932
ALA	240	1	A	5.1320763	3.5136929	13.057107
LEU	241	1	A	4.672724	2.327527	9.472151
MET	242	1	A	6.9044647	2.629139	6.423069
ALA	243	1	A	6.425565	1.0121899	3.036336
PHE	244	1	A	7.570979	1.3339148	-0.5202255
GLN	245	1	A	7.531288	-0.24822521	-3.953412
ILE	246	1	A	9.881204	0.06611538	-6.9030046
ARG	247	1	A	8.0141	0.40156078	-10.216229
ILE	254	2	A	10.548451	-4.619842	-9.173612
TRP	255	2	A	10.534417	-4.73551	-5.342782
ALA	256	2	A	8.420784	-3.851859	-2.359748
TYR	257	2	A	8.8070965	-3.58173	1.3905344
ALA	258	2	A	7.000181	-2.65658	4.600695
ALA	259	2	A	7.606757	-2.54257	8.276251
LEU	260	2	A	5.1483507	-1.911993	11.116106
ARG	261	2	A	6.454447	-1.3315945	14.610774
ARG	268	3	A	6.793501	-6.8756895	11.681468
LEU	269	3	A	8.474267	-7.081901	8.267044
PHE	270	3	A	6.7628727	-7.703123	4.9406433
THR	271	3	A	8.31051	-9.342977	1.8817616
PRO	272	3	A	7.7277155	-8.018603	-1.6294918
ASP	273	3	A	4.955779	-10.627126	-2.098359
ASP	273	3	A	4.878393	-10.509528	-2.2441788
GLN	274	3	A	2.9956193	-9.1793165	0.85008717
VAL	275	3	A	3.0169039	-5.476322	-0.14679909
SER	276	3	A	0.9697447	-3.9766755	-2.9219046
PHE	277	3	A	-0.50179386	-0.60956097	-4.0502787
HIS	278	3	A	-4.0321445	-0.024738312	-5.3110533
PRO	279	3	A	-4.9988537	3.5060215	-6.504012
ILE	280	3	A	-8.375482	4.8996	-5.3281507
ARG	281	3	A	-8.108169	8.242421	-7.2024145
THR	282	3	A	-5.702732	9.915446	-9.6452875
TRP	283	3	A	-4.7735834	13.543931	-10.176887
TYR	292	4	A	-0.4582119	10.447469	-9.770297
PRO	293	4	A	-2.3099365	8.07301	-7.4723463
VAL	294	4	A	-2.8468647	10.716943	-4.814534
ALA	295	4	A	-5.3309765	8.453931	-2.9826193
THR	296	4	A	-4.525465	4.823331	-2.65561
ARG	297	4	A	-4.9994965	1.6140356	-0.67633915
VAL	298	4	A	-1.822844	-0.17172909	0.4524126
LEU	299	4	A	-1.953227	-3.8251896	1.5136576
GLU	304	5	A	-5.4228487	-2.4878893	4.3637476
TRP	305	5	A	-4.2079835	1.1179876	4.7568045
GLN	306	5	A	-6.0296774	3.9205914	3.0058432
ILE	307	5	A	-4.1900277	7.0754633	2.1013613
THR	308	5	A	-6.0155287	10.399411	1.6413946
PRO	309	5	A	-4.0690155	13.495965	0.47788334
LEU	310	5	A	-4.2396917	16.8362	2.361824
MET	311	5	A	-4.474704	18.342804	-1.0244951
ASP	312	5	A	-4.020702	16.999603	-4.5043993
ASP	313	5	A	-1.3925905	19.28685	-5.9155416
GLN	314	5	A	1.7080555	18.400475	-3.8679752
GLU	315	5	A	4.005578	18.167755	-6.9147005
LEU	316	5	A	7.56581	19.454418	-6.5671473
ASP	317	5	A	9.507615	20.17545	-9.762366
SER	318	5	A	13.234851	20.51271	-8.889985
ALA	324	6	A	13.286725	15.681485	-10.817975
VAL	325	6	A	9.495935	15.92027	-10.519359
TYR	326	6	A	8.380944	14.401475	-7.1573477
TRP	327	6	A	5.0301704	14.334968	-5.46506
GLU	328	6	A	5.7856026	15.167676	-1.801528
GLY	329	6	A	2.4132137	15.120906	-0.075829506
ALA	330	6	A	1.1324463	15.129296	3.4152842
VAL	331	6	A	-1.4548166	12.350141	3.7702608
THR	332	6	A	-3.8477776	10.868863	6.376372
THR	332	6	A	-3.8200092	10.839524	6.3409724
PHE	333	6	A	-4.1124487	7.0999002	6.9816575
THR	334	6	A	-6.9812136	4.837699	7.952966
ARG	335	6	A	-6.431245	1.1795893	8.91337
ASP	336	6	A	-8.900778	-1.5312843	8.062382
ALA	340	7	A	-5.0091934	5.5589724	12.259804
GLY	341	7	A	-2.5795174	8.43785	11.786198
ARG	342	7	A	-0.7532029	10.938586	9.559249
GLY	343	7	A	2.3368878	10.98315	7.442138
TYR	344	7	A	3.722558	11.496879	3.9393935
MET	345	7	A	3.7025027	9.84998	0.5547142
GLU	346	7	A	6.3957644	10.399308	-2.0005436
LEU	347	7	A	5.9006643	9.399163	-5.6080503
