Res	Num	Strand	Z-coord
SER	2	0	A	-6.9779162	-4.316471	-9.310582
LEU	3	0	A	-9.842257	-4.127846	-6.8144994
ALA	4	0	A	-9.093142	-5.985634	-3.5613286
ILE	5	0	A	-10.713401	-7.068722	-0.30548918
SER	6	0	A	-8.406639	-8.164196	2.5065558
VAL	7	0	A	-9.293596	-9.70451	5.8891654
ALA	8	0	A	-6.653749	-10.04258	8.688163
ASN	9	0	A	-7.2219253	-12.249554	11.718614
ASP	32	1	A	-2.2169585	-7.862789	19.696495
TYR	33	1	A	-3.6643977	-7.396549	16.175945
THR	34	1	A	-7.103557	-8.901615	16.357983
ALA	35	1	A	-8.863325	-7.953388	13.088534
GLY	36	1	A	-8.327862	-6.096298	9.847592
LEU	37	1	A	-10.661423	-5.121784	6.9872184
PHE	38	1	A	-9.350733	-3.377674	3.8683236
LEU	39	1	A	-10.943325	-2.4661827	0.5211319
GLY	40	1	A	-8.7251625	-0.95993423	-2.138747
TYR	41	1	A	-8.566223	0.01846695	-5.806139
SER	42	1	A	-5.4402666	0.38624954	-7.939693
HIS	43	1	A	-5.497338	2.043419	-11.346944
ASP	44	1	A	-2.6239514	1.7341461	-13.853538
LEU	45	1	A	-1.8086333	5.170189	-15.231042
SER	49	2	A	2.7285895	3.264248	-12.519013
GLN	50	2	A	-0.3601489	2.9131126	-10.316206
LEU	51	2	A	-2.506648	5.17992	-8.234463
SER	52	2	A	-4.32996	3.4155731	-5.373834
PHE	53	2	A	-7.209831	4.335697	-3.062679
HIS	54	2	A	-8.262102	2.420704	0.051754348
ILE	55	2	A	-10.370234	2.4597206	3.2024758
ALA	56	2	A	-9.484522	0.20632172	6.1500716
GLN	57	2	A	-10.122288	-0.5682297	9.828748
ASP	58	2	A	-7.6100717	-2.319725	12.064258
ILE	59	2	A	-8.4057045	-3.4206429	15.635358
TYR	60	2	A	-5.804569	-4.0002937	18.393347
SER	61	2	A	-6.3533664	-5.927231	21.61868
SER	80	3	A	-7.803784	0.41994095	20.191608
ALA	81	3	A	-8.715519	0.8031082	16.523018
PHE	82	3	A	-7.2824445	2.6523323	13.548669
LEU	83	3	A	-9.729028	3.722824	10.783978
HIS	84	3	A	-8.018864	5.1197014	7.6969066
THR	85	3	A	-8.295454	6.0705757	4.0653796
GLY	86	3	A	-5.7021403	7.255398	1.6373419
LEU	87	3	A	-4.045439	7.483486	-1.7393662
GLU	88	3	A	-0.7344794	6.0698624	-2.949023
TRP	89	3	A	1.5619798	6.306118	-5.9926105
ASN	90	3	A	3.295652	2.955906	-6.8494744
SER	91	3	A	5.866854	3.0922813	-9.649381
LEU	92	3	A	8.713097	1.3050423	-11.397099
ALA	93	3	A	11.1606045	4.219692	-11.798466
LEU	97	4	A	13.945627	0.4369545	-8.845405
ARG	98	4	A	10.407692	0.48176193	-7.4393935
TYR	99	4	A	9.120501	3.3536034	-5.271627
ARG	100	4	A	5.8787208	4.2065163	-3.4614904
LEU	101	4	A	4.595487	7.423748	-1.9374806
GLY	102	4	A	1.3475423	7.670292	0.013279311
THR	103	4	A	-0.73857737	9.723858	2.428819
ASP	104	4	A	-3.5170693	8.536083	4.7956824
ILE	105	4	A	-5.941456	10.458843	6.9034667
GLY	106	4	A	-7.404844	8.683102	9.854848
VAL	107	4	A	-8.222929	8.319286	13.527471
ILE	108	4	A	-7.1735682	6.092552	16.424816
GLY	109	4	A	-9.725695	6.221649	19.253122
ARG	140	5	A	-6.4098716	11.346954	17.990875
TYR	141	5	A	-7.071136	12.328819	14.385268
GLY	142	5	A	-4.1077642	12.482418	12.102931
TYR	143	5	A	-2.2767415	11.661793	8.93481
THR	144	5	A	0.39579725	9.200737	7.864982
ALA	145	5	A	3.005177	10.0562935	5.2040076
LYS	146	5	A	4.4532475	6.872673	3.709102
GLY	147	5	A	7.306934	6.035019	1.3754429
MET	148	5	A	9.151661	2.9704971	0.1267494
VAL	149	5	A	12.093964	2.3386116	-2.165531
SER	150	5	A	13.176245	-1.1056252	-3.3150365
LEU	151	5	A	15.909708	-2.3630486	-5.5972743
THR	152	5	A	14.603947	-5.079632	-7.8868394
PRO	153	5	A	17.307453	-7.4561768	-9.204348
ALA	154	5	A	15.61594	-10.553555	-10.614139
ILE	155	5	A	16.397675	-13.108168	-13.27001
ASN	161	6	A	11.107584	-14.958826	-12.440947
VAL	162	6	A	13.136259	-15.053329	-9.163542
GLY	163	6	A	14.125841	-11.875105	-7.34098
PHE	164	6	A	15.728693	-10.270367	-4.2608747
TYR	165	6	A	14.186064	-7.0181007	-3.1135004
PRO	166	6	A	16.096655	-4.9969673	-0.52402174
GLU	167	6	A	14.051819	-2.0008278	0.56731164
VAL	168	6	A	13.845993	1.0528412	2.8511536
SER	169	6	A	10.51046	2.358303	4.155153
ALA	170	6	A	9.466854	5.415638	6.0836635
VAL	171	6	A	6.2725005	6.5133553	7.8527236
GLY	172	6	A	5.70375	9.835186	9.614907
GLN	177	7	A	6.4362864	7.159832	12.781947
TYR	178	7	A	9.214994	4.742962	11.864518
LEU	179	7	A	12.099415	3.9818344	9.520921
GLY	180	7	A	12.295225	0.42150497	8.190005
TYR	181	7	A	14.767427	-1.6703758	6.17353
GLY	182	7	A	14.325306	-5.183983	4.9388976
ALA	183	7	A	14.22781	-7.510895	2.0253766
THR	184	7	A	11.841373	-9.913158	0.31214273
VAL	185	7	A	12.687933	-12.852303	-1.9506975
ALA	186	7	A	10.070578	-13.988272	-4.448076
LEU	187	7	A	9.480978	-16.387709	-7.2656507
GLY	188	7	A	6.597013	-16.158985	-9.730675
ASN	189	7	A	5.6030707	-15.829758	-13.397741
ILE	216	8	A	-0.6330838	-15.448845	-12.184544
TYR	217	8	A	1.3557372	-16.85906	-9.2909155
LYS	218	8	A	3.8549314	-15.678776	-6.6858935
VAL	219	8	A	5.4855523	-17.143076	-3.567765
PHE	220	8	A	7.4918113	-14.929358	-1.2350432
ALA	221	8	A	9.271879	-14.590021	2.083522
GLY	222	8	A	10.58086	-11.339741	3.6586678
VAL	223	8	A	11.57106	-9.547253	6.87429
GLU	224	8	A	11.750061	-5.864937	7.675449
ARG	225	8	A	13.321224	-4.305355	10.756608
ARG	226	8	A	11.788185	-1.0370216	11.85208
GLU	227	8	A	13.027628	1.6079369	14.250373
VAL	228	8	A	9.917707	2.9801865	15.879025
ASP	229	8	A	9.559004	6.607189	16.962929
ASP	247	9	A	6.819135	0.9908447	27.273441
ILE	248	9	A	7.2470813	0.64242935	23.473263
ASN	249	9	A	10.150423	-1.3325462	22.029331
LYS	250	9	A	12.049141	0.7985039	19.576324
THR	251	9	A	13.1317425	-2.1120148	17.341255
VAL	252	9	A	10.3935795	-4.21653	15.76533
ASP	253	9	A	10.796564	-6.94738	13.105578
GLU	254	9	A	8.0346985	-8.080196	10.7540655
TYR	255	9	A	8.125322	-11.432428	8.918107
ARG	256	9	A	5.8230863	-12.2653885	5.9904246
VAL	257	9	A	5.579538	-15.544071	4.1159167
GLY	258	9	A	2.8930583	-16.011536	1.5011982
ALA	259	9	A	1.5479007	-16.700516	-1.9793059
THR	260	9	A	-0.8751254	-15.603243	-4.6872725
ILE	261	9	A	-2.5722556	-17.84116	-7.242419
GLY	262	9	A	-4.9968624	-16.53553	-9.803796
PRO	265	10	A	-9.662502	-11.897137	-13.593651
VAL	266	10	A	-9.452368	-13.356897	-10.061409
ALA	267	10	A	-6.592906	-14.007767	-7.638529
PHE	268	10	A	-6.394004	-15.365091	-4.1008525
SER	269	10	A	-3.6082149	-14.520748	-1.6487566
LEU	270	10	A	-2.554974	-15.700283	1.8120626
SER	271	10	A	0.17082357	-14.106569	3.963569
LEU	272	10	A	1.4686236	-15.663525	7.217487
ASN	273	10	A	2.8134341	-12.880554	9.373286
LYS	274	10	A	4.731033	-12.299246	12.596721
VAL	275	10	A	5.4889913	-9.045872	14.359023
THR	276	10	A	8.101833	-9.124947	17.165077
SER	277	10	A	7.229324	-7.7240143	20.6021
GLU	278	10	A	6.1335454	-4.0634804	20.258854
PHE	279	10	A	6.5417867	-3.2613335	23.967976
ARG	280	10	A	8.733641	-4.3511925	26.82808
TYR	285	11	A	2.4797835	-12.190773	17.755915
SER	286	11	A	1.3409457	-13.979385	14.583312
TYR	287	11	A	-1.625884	-13.476135	12.278474
ILE	288	11	A	-2.7236748	-14.009344	8.69876
ASN	289	11	A	-4.2755094	-12.00738	5.9628425
GLY	290	11	A	-6.3284936	-13.5323105	3.125417
ASP	291	11	A	-7.1063995	-11.466148	0.053541534
ILE	292	11	A	-9.387238	-11.689365	-2.971791
THR	293	11	A	-8.20658	-9.469082	-5.7944098
PHE	294	11	A	-9.969286	-8.764202	-9.069214
PHE	295	11	A	-7.312235	-7.8078957	-11.604804
