Res	Num	Strand	Z-coord
LEU	161	0	A	6.1927347	-17.88912	-10.442303
LYS	162	0	A	9.27636	-19.458218	-8.87299
GLU	163	0	A	10.691872	-16.878017	-6.43684
VAL	164	0	A	13.283862	-17.550554	-3.675724
GLN	165	0	A	14.510873	-14.560099	-1.5573883
PHE	166	0	A	17.337654	-14.011276	1.0375099
LYS	167	0	A	17.900087	-11.168662	3.4880447
ALA	168	0	A	20.728853	-10.24278	5.874138
GLY	169	0	A	21.03499	-6.9638586	7.751522
LEU	173	1	A	18.740839	-9.946364	10.742985
PHE	174	1	A	18.339813	-13.156475	8.629673
GLN	175	1	A	15.457667	-14.120853	6.3237762
THR	176	1	A	14.812877	-16.838242	3.7370605
GLY	177	1	A	11.569285	-16.582104	1.7368279
PHE	178	1	A	9.942016	-18.412888	-1.1747627
ASP	179	1	A	6.8974147	-17.678457	-3.3842316
PHE	180	1	A	5.683879	-20.409801	-5.8149414
SER	181	1	A	2.5785723	-20.390942	-8.08688
ASP	182	1	A	1.3272312	-22.320354	-11.194233
SER	183	1	A	-1.6086252	-24.117168	-12.925747
LEU	184	1	A	-2.0484974	-27.877724	-12.318531
VAL	189	2	A	-8.769602	-24.01565	-14.21825
TYR	190	2	A	-6.8102055	-25.366526	-11.120995
SER	191	2	A	-3.9855433	-23.195961	-9.7721405
TYR	192	2	A	-2.0539966	-22.98867	-6.4949493
ARG	193	2	A	0.23088354	-20.617714	-4.5581512
LEU	194	2	A	2.6304092	-21.322197	-1.6989746
THR	195	2	A	4.440054	-18.487923	0.07480621
GLY	196	2	A	6.7390776	-19.060173	3.0399628
LEU	197	2	A	9.341838	-17.364008	5.214737
ALA	198	2	A	11.71018	-17.87161	8.112659
ARG	199	2	A	13.00466	-14.721287	9.920059
SER	200	2	A	15.386878	-14.155043	12.844559
ALA	201	2	A	16.718895	-10.912273	14.326401
GLU	210	3	A	12.408228	-11.805715	17.210674
GLN	211	3	A	11.460109	-15.002584	15.327492
ARG	212	3	A	8.860827	-15.777897	12.627983
TYR	213	3	A	8.002409	-18.890726	10.596775
ALA	214	3	A	5.0396156	-18.366138	8.216419
ILE	215	3	A	3.5292363	-20.3656	5.328377
ALA	216	3	A	0.5295034	-19.51949	3.1470032
PRO	217	3	A	-1.1176507	-22.366875	1.0579948
ALA	218	3	A	-3.634417	-21.081718	-1.5387421
PHE	219	3	A	-5.7085705	-22.821672	-4.26429
THR	220	3	A	-7.9115677	-21.318266	-7.0231094
TRP	221	3	A	-10.602443	-23.127335	-8.962173
ARG	222	3	A	-11.592927	-21.114845	-12.038361
ASN	228	4	A	-13.778361	-18.16121	-8.986866
PHE	229	4	A	-13.401502	-20.193705	-5.779461
THR	230	4	A	-10.167181	-19.541489	-3.9337273
PHE	231	4	A	-9.048841	-21.46115	-0.8264847
LEU	232	4	A	-6.9353504	-19.17116	1.4041824
SER	233	4	A	-4.9457474	-20.319962	4.457752
TYR	234	4	A	-2.2804143	-18.732721	6.7231064
PHE	235	4	A	-0.07206863	-20.411812	9.408192
GLN	236	4	A	2.462907	-18.564896	11.537048
ASN	237	4	A	4.5554714	-19.349796	14.599106
GLU	238	4	A	6.51955	-16.772532	16.493221
PRO	239	4	A	8.492365	-18.29933	19.501745
GLU	240	4	A	9.661585	-14.701247	20.305187
THR	274	5	A	9.411779	-14.178286	26.828175
TYR	275	5	A	6.533247	-13.374304	24.39298
SER	276	5	A	5.116508	-15.757346	21.793003
ARG	277	5	A	2.2216382	-15.888128	19.21736
ASN	278	5	A	0.7277189	-18.615236	17.07898
GLU	279	5	A	-1.7875885	-18.15538	14.173279
LYS	280	5	A	-3.8087173	-20.63288	12.077972
MET	281	5	A	-6.446464	-19.65308	9.476841
VAL	282	5	A	-8.545679	-21.334742	6.7644043
GLY	283	5	A	-11.198928	-19.894135	4.4812775
TYR	284	5	A	-12.18846	-18.836021	0.9914055
SER	285	5	A	-13.191143	-16.082148	-1.407692
PHE	286	5	A	-16.058939	-16.960281	-3.7868805
ASP	287	5	A	-17.580416	-15.017586	-6.6540947
HIS	288	5	A	-19.944416	-16.007618	-9.412987
GLU	289	5	A	-21.378342	-13.845403	-12.185581
PHE	290	5	A	-24.8531	-15.156742	-13.303581
THR	293	6	A	-27.551777	-7.989397	-13.802227
PHE	294	6	A	-26.46134	-10.379797	-10.927074
THR	295	6	A	-23.18537	-11.302296	-9.218716
VAL	296	6	A	-22.90617	-13.169691	-5.8719177
ARG	297	6	A	-19.865599	-13.012085	-3.444313
GLN	298	6	A	-19.022472	-14.875799	-0.29283142
ASN	299	6	A	-16.040344	-14.566402	2.0165787
LEU	300	6	A	-15.532202	-16.936493	4.9525185
ARG	301	6	A	-12.688828	-17.582127	7.4216003
PHE	302	6	A	-12.066379	-19.754482	10.504265
ALA	303	6	A	-9.042282	-18.642256	12.608948
GLU	304	6	A	-7.4277253	-19.689367	15.883125
ASN	305	6	A	-4.902649	-17.354477	17.567154
LYS	306	6	A	-2.6731637	-17.913254	20.646267
THR	307	6	A	-0.36882943	-15.677227	22.698677
SER	308	6	A	1.6219184	-16.056463	25.93339
GLN	309	6	A	4.041696	-13.772516	27.680344
ASN	310	6	A	6.1456275	-13.400418	30.87648
SER	311	6	A	6.8466754	-9.693759	30.867983
VAL	312	6	A	8.377216	-7.3775086	33.51015
TYR	313	6	A	7.88208	-3.8227205	32.267334
GLY	314	6	A	8.24682	-0.1995678	33.381985
TYR	315	6	A	5.7709484	1.9803257	35.254917
GLY	316	6	A	7.7101936	5.2813816	35.419296
VAL	317	6	A	10.065315	6.9109974	37.940575
CYS	318	6	A	9.25548	7.0451736	41.7156
TYR	340	7	A	14.714922	4.963026	40.152706
LEU	341	7	A	12.265402	3.0137672	37.92737
ALA	342	7	A	9.215716	1.2792358	39.335915
ARG	343	7	A	8.3749075	-1.9361181	37.38753
LYS	344	7	A	5.339466	-4.3756	37.262054
TYR	345	7	A	4.7215753	-7.7095027	35.54329
VAL	346	7	A	2.1744688	-9.721695	33.442104
VAL	347	7	A	2.0448456	-13.51211	32.938446
ASP	348	7	A	-0.43002424	-14.41709	30.151924
ASP	349	7	A	-1.8919897	-17.383741	28.235214
GLU	350	7	A	-4.6876254	-16.851377	25.610167
LYS	351	7	A	-6.478544	-18.954247	23.047443
LEU	352	7	A	-9.044454	-17.393183	20.692541
GLN	353	7	A	-11.295552	-18.743729	17.954998
ASN	354	7	A	-12.798178	-16.466825	15.331127
PHE	355	7	A	-15.262838	-17.103544	12.500374
SER	356	7	A	-16.593903	-14.748263	9.757442
VAL	357	7	A	-18.960785	-15.069484	6.762558
ASP	358	7	A	-19.893208	-12.13308	4.5202827
THR	359	7	A	-22.475105	-12.953274	1.7392807
GLN	360	7	A	-23.308226	-10.417457	-0.99015427
LEU	361	7	A	-25.676363	-10.101084	-3.9314575
GLN	362	7	A	-24.746164	-7.4343004	-6.51289
SER	363	7	A	-27.621462	-6.225562	-8.7859
LYS	364	7	A	-26.868292	-3.9404736	-11.78511
PHE	365	7	A	-29.816355	-2.3385553	-13.68462
ASP	371	8	A	-27.64555	3.3362904	-13.850094
HIS	372	8	A	-27.656204	1.3600407	-10.534786
THR	373	8	A	-25.32098	-0.97506905	-8.670803
LEU	374	8	A	-27.339766	-2.3455334	-5.756283
LEU	375	8	A	-25.547611	-4.292137	-3.0319557
THR	376	8	A	-27.499475	-6.3775644	-0.5235367
GLY	377	8	A	-25.536552	-8.415926	2.0386086
VAL	378	8	A	-25.54399	-10.441148	5.3078117
ASP	379	8	A	-22.424397	-10.371698	7.5193214
PHE	380	8	A	-21.82357	-12.632953	10.521954
MET	381	8	A	-18.829622	-12.853159	12.870235
MET	381	8	A	-18.823738	-12.805006	12.894375
ARG	382	8	A	-18.217402	-14.670891	16.212494
MET	383	8	A	-15.130927	-14.433786	18.449106
ARG	384	8	A	-14.223888	-16.32907	21.619558
ASN	385	8	A	-11.0756445	-15.465296	23.693209
ASP	386	8	A	-10.026367	-17.439028	26.813633
ILE	387	8	A	-7.6027765	-15.401733	29.023535
ASN	388	8	A	-5.54875	-17.12637	31.77588
ALA	389	8	A	-3.345612	-14.388584	33.23439
TRP	390	8	A	-1.5887401	-13.111299	36.442265
PHE	391	8	A	-0.7250046	-9.461998	37.135666
GLY	392	8	A	1.9375813	-7.9414144	39.34732
GLY	432	9	A	-3.2626696	-11.599786	41.506016
PRO	433	9	A	-5.008025	-13.703502	38.82417
TYR	434	9	A	-7.0456467	-12.542329	35.77437
ARG	435	9	A	-9.061469	-15.403067	34.24965
ILE	436	9	A	-11.725598	-14.2710905	31.729118
LEU	437	9	A	-13.737311	-15.8561945	28.910769
ASN	438	9	A	-14.765389	-13.119937	26.383575
LYS	439	9	A	-17.497995	-13.752033	23.752865
GLN	440	9	A	-18.574415	-11.484372	20.873892
LYS	441	9	A	-20.925629	-12.057674	17.949123
GLN	442	9	A	-22.334337	-9.694082	15.342606
THR	443	9	A	-24.898153	-9.9979725	12.544033
GLY	444	9	A	-25.339407	-7.215563	10.055935
VAL	445	9	A	-27.749695	-6.7400093	7.1464043
TYR	446	9	A	-26.870564	-3.9210453	4.790951
VAL	447	9	A	-28.015335	-2.2080183	1.5632172
GLN	448	9	A	-26.02252	0.13464355	-0.7224655
ASP	449	9	A	-26.790743	1.853054	-4.0652657
GLN	450	9	A	-24.24784	3.5167446	-6.368412
ALA	451	9	A	-26.583725	5.436569	-8.72784
GLN	452	9	A	-24.939655	7.153286	-11.703892
LEU	457	10	A	-22.595123	9.563343	-8.845894
VAL	458	10	A	-24.700083	9.136635	-5.682781
THR	459	10	A	-23.703827	6.561304	-2.9814224
LEU	460	10	A	-26.371227	5.8169155	-0.3616104
GLY	461	10	A	-26.505758	2.9596214	2.079811
GLY	462	10	A	-27.495926	1.7069683	5.501175
ARG	463	10	A	-26.644201	-1.1730509	7.890938
TYR	464	10	A	-28.380056	-2.8282871	10.821327
ASP	465	10	A	-26.259148	-4.7088623	13.387211
TRP	466	10	A	-27.091784	-6.9852533	16.272942
ALA	467	10	A	-23.777369	-6.958393	18.310287
ASP	468	10	A	-23.837233	-9.185265	21.45847
GLN	469	10	A	-21.016542	-9.587157	24.07183
GLU	470	10	A	-20.694923	-11.880824	27.117968
SER	471	10	A	-17.755787	-11.809886	29.637562
LEU	472	10	A	-17.204165	-14.537063	32.260094
ASN	473	10	A	-14.860676	-13.589275	35.12674
ARG	474	10	A	-13.841951	-17.155455	36.246536
ASP	480	11	A	-21.514956	-9.248873	32.20539
LYS	481	11	A	-23.792278	-9.241831	29.091446
ARG	482	11	A	-24.923496	-6.6395435	26.593918
ASP	483	11	A	-26.905157	-6.9029846	23.341202
ASP	484	11	A	-26.610723	-3.82683	21.13228
LYS	485	11	A	-28.83958	-2.9193878	18.13168
GLN	486	11	A	-27.416462	-0.2192154	15.992321
PHE	487	11	A	-28.177933	1.5486584	12.701649
THR	488	11	A	-25.539972	3.3583183	10.598591
TRP	489	11	A	-25.833002	5.0401287	7.215912
ARG	490	11	A	-23.573917	6.832678	4.6619377
GLY	491	11	A	-24.668314	9.352268	1.9898071
GLY	492	11	A	-22.339684	10.720854	-0.6792526
VAL	493	11	A	-22.005726	12.518181	-4.057495
ASN	494	11	A	-19.059835	12.61924	-6.5685577
TYR	495	11	A	-19.193491	14.920462	-9.607403
GLY	500	12	A	-10.206201	13.80901	-14.094769
VAL	501	12	A	-11.099911	16.400024	-11.405518
THR	502	12	A	-13.704196	14.893574	-9.021351
PRO	503	12	A	-15.082884	17.014189	-6.1258698
TYR	504	12	A	-17.05711	14.973227	-3.5409622
PHE	505	12	A	-18.96667	15.215216	-0.25065613
SER	506	12	A	-20.130602	12.582924	2.273632
TYR	507	12	A	-21.73454	12.052874	5.645336
SER	508	12	A	-20.69251	8.7456455	7.335846
GLU	509	12	A	-21.33006	6.887995	10.6263275
SER	510	12	A	-19.82406	4.2870464	12.9599495
PHE	511	12	A	-20.543858	2.6235256	16.304222
GLU	512	12	A	-18.37356	0.6909256	18.787352
SER	527	13	A	-19.57286	5.0679665	21.389538
LYS	528	13	A	-20.468813	6.582943	17.98872
GLY	529	13	A	-18.657173	8.289148	15.104641
LYS	530	13	A	-20.256617	10.958143	12.865284
GLN	531	13	A	-18.218878	12.397614	9.960197
TYR	532	13	A	-18.585638	15.176348	7.367386
GLU	533	13	A	-16.01633	15.339941	4.5553703
VAL	534	13	A	-15.492463	17.41517	1.4078865
GLY	535	13	A	-12.65796	16.76745	-1.0216484
VAL	536	13	A	-11.401039	16.623117	-4.602066
LYS	537	13	A	-9.825246	13.596365	-6.2486115
TYR	538	13	A	-7.613695	14.181726	-9.325005
VAL	539	13	A	-7.502585	10.907404	-11.253979
VAL	546	14	A	-3.2825718	10.447882	-8.493774
VAL	547	14	A	-3.7177925	13.561129	-6.330242
THR	548	14	A	-6.382821	13.8050785	-3.5774918
GLY	549	14	A	-7.456413	16.471874	-1.125145
ALA	550	14	A	-9.929008	16.09557	1.7480888
VAL	551	14	A	-11.102809	18.262259	4.6678085
TYR	552	14	A	-13.175872	16.598227	7.429764
ASN	553	14	A	-14.912658	16.941504	10.768696
LEU	554	14	A	-14.989753	13.615042	12.694321
THR	555	14	A	-16.69589	13.406603	16.108158
LYS	556	14	A	-16.675901	10.536631	18.651693
THR	557	14	A	-19.683165	10.728628	21.029837
ASN	558	14	A	-20.384157	8.632536	24.2033
ASN	559	14	A	-16.694757	8.469181	24.974771
LEU	560	14	A	-15.828384	7.1770306	28.497484
MET	561	14	A	-14.428074	9.807945	30.976524
VAL	571	15	A	-18.797314	7.5444584	33.346786
GLU	572	15	A	-20.117182	7.7561626	29.715694
GLY	573	15	A	-21.110441	11.010748	27.86221
GLY	574	15	A	-17.68124	12.316677	26.768883
GLU	575	15	A	-16.799982	13.7062	23.327639
ILE	576	15	A	-13.648464	13.905508	21.107437
ARG	577	15	A	-13.494027	15.894606	17.838905
ALA	578	15	A	-10.931538	15.690744	14.988033
ARG	579	15	A	-10.834009	18.243082	12.123154
GLY	580	15	A	-8.133691	18.097876	9.520935
VAL	581	15	A	-6.795941	18.489336	5.9768257
GLU	582	15	A	-5.250987	15.535551	4.084278
ILE	583	15	A	-3.2747633	15.591412	0.86496735
GLU	584	15	A	-1.8426609	12.627014	-1.0593376
ALA	585	15	A	0.06391138	12.809225	-4.3526535
LYS	586	15	A	1.3781939	9.9385605	-6.5270996
ALA	587	15	A	2.796757	10.545002	-10.031437
ALA	588	15	A	5.122397	9.177076	-12.702782
LEU	589	15	A	7.044978	12.430223	-13.456665
SER	592	16	A	12.552868	7.095619	-14.902645
VAL	593	16	A	11.241296	9.345633	-12.031597
ASN	594	16	A	8.462739	8.270405	-9.590637
VAL	595	16	A	7.0688567	10.269999	-6.6540985
VAL	596	16	A	4.8497086	9.431726	-3.6631622
GLY	597	16	A	4.013277	11.81164	-0.8207016
SER	598	16	A	1.5123222	13.168602	1.7052269
TYR	599	16	A	0.64984494	15.976843	4.1338196
THR	600	16	A	-1.7273066	15.876183	7.12516
TYR	601	16	A	-3.060237	18.579603	9.436787
THR	602	16	A	-4.8457003	17.044378	12.495491
ASP	603	16	A	-6.7055125	19.2446	14.992771
ALA	604	16	A	-7.86822	16.752321	17.681091
GLU	605	16	A	-9.489656	17.90724	20.94635
TYR	606	16	A	-11.580804	16.821077	23.937334
THR	607	16	A	-14.810821	18.829927	23.509962
THR	608	16	A	-16.50508	17.08238	26.525457
LYS	622	17	A	-0.8189394	18.63843	14.461666
HIS	623	17	A	1.5271323	18.145475	11.487198
MET	624	17	A	2.8399868	15.05299	9.615078
ALA	625	17	A	4.3315425	14.732397	6.112564
SER	626	17	A	6.335238	12.417271	3.8522415
LEU	627	17	A	7.9345875	12.531727	0.39350128
TRP	628	17	A	9.630959	9.790337	-1.5871506
ALA	629	17	A	11.315158	9.761938	-5.0135956
ASP	630	17	A	13.067125	7.104412	-7.1203346
TYR	631	17	A	15.210191	7.2192173	-10.305607
THR	632	17	A	15.645886	4.2170544	-12.569649
PHE	633	17	A	18.399603	4.0869293	-15.256138
LEU	641	18	A	19.757595	0.5431671	-11.439373
THR	642	18	A	17.191801	2.1979008	-9.159153
LEU	643	18	A	18.186956	4.8225727	-6.6483955
GLY	644	18	A	15.614884	5.98287	-4.0984993
THR	645	18	A	15.354617	8.214781	-1.0774956
GLY	646	18	A	12.503448	9.52445	1.0693817
GLY	647	18	A	11.864634	11.574343	4.2050056
ARG	648	18	A	9.126071	11.151901	6.8590355
TYR	649	18	A	8.3531275	14.115332	9.174866
THR	650	18	A	6.273755	13.90757	12.425331
GLY	651	18	A	5.4433284	17.137957	14.208042
SER	652	18	A	5.274529	17.514212	17.9771
SER	653	18	A	2.6131628	15.599821	19.954252
TYR	654	18	A	1.4957855	15.597605	23.631752
GLY	655	18	A	2.8912785	12.8555355	25.860138
PHE	661	19	A	4.5490284	17.758928	28.458334
LYS	662	19	A	5.2968245	17.487974	24.691324
VAL	663	19	A	7.255047	15.064751	22.531046
GLY	664	19	A	9.533842	16.807192	20.038515
SER	665	19	A	9.24374	16.633993	16.24747
TYR	666	19	A	11.613117	14.534084	14.055347
THR	667	19	A	12.434504	13.833818	10.375397
VAL	668	19	A	13.585069	10.320869	9.411304
VAL	669	19	A	15.2821245	9.590551	6.014923
ASP	670	19	A	15.198009	6.2419567	4.13332
ALA	671	19	A	17.201738	5.262928	1.0188599
LEU	672	19	A	17.593716	2.2899494	-1.3050003
VAL	673	19	A	19.795328	1.0926266	-4.1827087
ARG	674	19	A	18.267668	-1.6871834	-6.376087
TYR	675	19	A	19.847002	-3.4609213	-9.407707
ASP	676	19	A	17.909723	-5.6336746	-11.894093
LEU	677	19	A	20.019083	-8.7047615	-12.812973
MET	682	20	A	18.740456	-13.204557	-14.800594
ALA	683	20	A	15.5883875	-11.19282	-15.641239
GLY	684	20	A	13.138707	-10.834101	-12.749477
SER	685	20	A	16.016994	-11.350775	-10.2618065
ASN	686	20	A	17.361713	-8.3376465	-8.293304
VAL	687	20	A	19.739147	-7.3497553	-5.414768
ALA	688	20	A	19.043446	-4.392606	-3.1502304
LEU	689	20	A	20.289284	-2.462885	-0.14828873
HIS	690	20	A	17.82875	-0.644187	2.076706
VAL	691	20	A	18.794464	1.915987	4.680973
ASN	692	20	A	16.148655	3.0506535	7.1754494
ASN	693	20	A	16.79328	6.0982	9.374603
LEU	694	20	A	19.92944	6.92288	7.2299995
PHE	695	20	A	21.146463	9.763073	9.5574
ASP	696	20	A	20.667862	7.412245	12.64864
ARG	697	20	A	18.58122	10.116844	14.473953
GLU	698	20	A	17.763641	9.545164	18.194988
TYR	699	20	A	14.128172	10.317074	18.920687
VAL	700	20	A	11.156952	9.399044	21.07781
ALA	701	20	A	8.498349	8.02681	18.658222
SER	702	20	A	5.7214103	9.007244	21.1799
CYS	703	20	A	4.487273	8.829252	24.806175
PHE	704	20	A	0.9109884	7.8143406	25.705137
GLY	708	21	A	4.87982	5.184122	28.715075
CYS	709	21	A	7.491997	6.350853	26.142328
PHE	710	21	A	8.9939995	4.540785	23.180582
TRP	711	21	A	12.393783	5.1311626	21.540274
GLY	712	21	A	12.237575	5.464527	17.772156
ALA	713	21	A	13.896408	2.9483643	15.481689
GLU	714	21	A	17.658142	3.2734509	15.123344
ARG	715	21	A	19.324518	3.175726	11.659405
GLN	716	21	A	18.74877	-0.15666485	9.910614
VAL	717	21	A	20.798992	-1.4308977	6.9030914
VAL	718	21	A	19.50007	-4.531745	4.9781876
ALA	719	21	A	20.6906	-6.4634123	1.903614
THR	720	21	A	18.06407	-8.430062	-0.10839081
ALA	721	21	A	18.60265	-10.900809	-2.9828682
THR	722	21	A	15.3816595	-12.098215	-4.6870804
