Res	Num	Strand	Z-coord
GLY	16	0	A	19.842117	-4.1956444	2.630869
LYS	17	0	A	18.777008	-1.0870056	4.5033712
TRP	18	0	A	16.97431	1.9452767	3.0705776
TYR	19	0	A	15.41399	5.079896	4.5838337
ASN	20	0	A	12.084051	6.397954	3.3077793
LEU	21	0	A	12.603132	10.117202	2.763731
ALA	22	0	A	9.611093	11.12036	0.6690788
ILE	23	0	A	6.215374	9.779818	-0.35376358
GLY	24	0	A	3.2584596	10.7047	-2.5141811
SER	25	0	A	-0.036710262	8.973182	-3.1566448
THR	26	0	A	-3.4785872	9.049928	-4.6945457
SER	40	1	A	11.285746	5.190394	8.444828
THR	41	1	A	13.636963	2.3095646	7.826232
LEU	42	1	A	13.083487	-0.5235305	5.362056
VAL	43	1	A	15.183321	-3.6786957	5.1723394
LEU	44	1	A	14.91152	-6.006207	2.1611252
GLY	45	1	A	16.20029	-9.548731	2.4499102
ILE	53	2	A	11.518116	-11.002718	-0.691864
SER	54	2	A	11.27256	-10.260141	3.0051527
MET	55	2	A	10.245878	-6.626839	3.644721
THR	56	2	A	10.61314	-5.1021075	7.1180143
SER	57	2	A	9.624886	-1.4828453	7.8497076
THR	58	2	A	10.20149	0.31350207	11.143309
ARG	59	2	A	8.81675	3.695588	12.118189
GLU	66	3	A	6.217412	-0.0033159256	15.08133
GLU	67	3	A	7.479047	-2.7819777	12.85421
THR	68	3	A	5.5155535	-3.9068558	9.815424
SER	69	3	A	6.6610675	-7.041258	8.048229
GLY	70	3	A	5.554644	-8.531485	4.743269
ALA	71	3	A	6.5429983	-11.10543	2.128007
TYR	72	3	A	6.604234	-9.872937	-1.4594097
GLU	73	3	A	6.6270537	-12.259558	-4.393957
PHE	81	4	A	6.9904494	-7.484682	-6.9786167
LEU	82	4	A	3.5795112	-8.696652	-5.851288
TYR	83	4	A	2.1017613	-8.287475	-2.3863735
HIS	84	4	A	-1.2567339	-10.029436	-2.0152721
LYS	85	4	A	-3.427249	-9.646994	1.0998135
ASN	89	5	A	-8.905745	-9.181387	-1.1928787
ILE	90	5	A	-6.2632747	-6.5392365	-1.8372059
THR	91	5	A	-3.301712	-6.763039	-4.1875725
MET	92	5	A	-0.3778777	-4.3749146	-4.29562
GLU	93	5	A	2.1697469	-4.4298897	-7.0886593
SER	94	5	A	5.432839	-2.542264	-6.7050037
TYR	95	5	A	7.866282	-1.3412056	-9.345455
VAL	96	5	A	11.487671	-0.19943333	-8.968767
VAL	97	5	A	11.336828	2.6173677	-11.5127125
HIS	98	5	A	14.725222	4.20786	-10.779318
THR	99	5	A	17.679949	3.2125578	-8.564175
ASN	100	5	A	21.473282	3.28891	-8.51433
TYR	104	6	A	18.719393	6.0658464	-3.8853703
ALA	105	6	A	15.666441	4.138541	-5.097103
ILE	106	6	A	12.160631	5.135616	-6.207697
PHE	107	6	A	9.387707	2.5401149	-5.8624516
LEU	108	6	A	5.902927	2.8789597	-7.3207455
THR	109	6	A	3.1195836	0.7531066	-5.8586445
LYS	110	6	A	-0.306664	0.21591806	-7.435108
LYS	111	6	A	-3.0560393	-0.98185205	-5.107477
PHE	112	6	A	-6.069468	-2.9235559	-6.372757
THR	119	7	A	-4.43886	3.8193417	-6.304468
ILE	120	7	A	-0.7913766	4.6516066	-6.818224
THR	121	7	A	1.8205247	5.4398956	-4.195095
ALA	122	7	A	5.4170394	6.557952	-4.786865
LYS	123	7	A	8.239515	6.293064	-2.247202
LEU	124	7	A	11.752453	7.718354	-2.2977886
TYR	125	7	A	14.457386	5.837058	-0.42590714
GLY	126	7	A	18.079662	6.6311502	0.34343338
ARG	127	7	A	20.885263	4.454172	1.6666899
ALA	128	7	A	21.260708	7.277034	4.177952
PRO	129	7	A	18.585785	9.441779	5.876707
GLN	130	7	A	19.3866	12.298295	3.5145912
LEU	131	7	A	20.050106	12.827298	-0.18554497
ARG	132	7	A	20.693825	15.8429	-2.3925247
GLU	133	7	A	17.795156	18.207485	-3.1673145
THR	134	7	A	18.125177	17.222038	-6.8316784
LEU	135	7	A	16.973097	13.698628	-5.9860477
LEU	136	7	A	13.977402	15.145598	-4.135998
GLN	137	7	A	13.2116165	17.000523	-7.354788
ASP	138	7	A	13.698406	13.856713	-9.468985
PHE	139	7	A	11.255737	12.101293	-7.162218
ARG	140	7	A	8.702284	14.918494	-7.4804707
VAL	141	7	A	8.651926	14.724629	-11.263796
VAL	142	7	A	8.516289	10.938707	-11.271515
ALA	143	7	A	5.535641	10.975117	-8.898371
GLN	144	7	A	3.75905	13.696745	-10.886299
GLY	145	7	A	4.4197135	11.795677	-14.110611
VAL	146	7	A	2.4296498	8.845527	-12.833645
GLY	147	7	A	-0.53497744	10.981272	-11.801493
ILE	148	7	A	0.18699598	12.074249	-8.230499
PRO	149	7	A	-0.70367956	15.720578	-7.741745
GLU	150	7	A	2.023004	18.01221	-6.4615993
ASP	151	7	A	-0.08048582	18.704002	-3.3791142
SER	152	7	A	-0.026604176	14.996539	-2.4843807
ILE	153	7	A	3.7636838	14.7011175	-2.1870365
PHE	154	7	A	5.5185575	14.997361	1.2038574
