Res	Num	Strand	Z-coord
GLU	8	0	A	-2.4426575	7.4093294	1.7145939
MET	9	0	A	-5.367737	4.981061	1.9672508
GLU	10	0	A	-8.586395	6.4291515	0.5071564
SER	11	0	A	-10.734543	3.3560152	-0.09410477
GLU	12	0	A	-11.168945	-0.20476198	1.0822487
LYS	13	0	A	-13.457497	-3.1359396	0.23151779
VAL	38	1	A	0.17997742	5.786112	4.857033
THR	39	1	A	2.333847	3.368905	2.8411617
GLU	40	1	A	5.898239	4.3493996	1.9704342
VAL	41	1	A	7.7229004	2.1632404	-0.57761574
GLN	42	1	A	11.34544	2.3277187	-1.7693024
PHE	48	2	A	11.936951	-3.4083738	-1.6809483
THR	49	2	A	11.469864	-1.5784152	1.604248
TRP	50	2	A	7.754425	-1.3972058	2.3633232
SER	51	2	A	6.4436493	0.6979456	5.3143425
GLN	52	2	A	2.9762726	1.2002878	6.7490273
HIS	53	2	A	2.519577	4.1626396	9.066341
TYR	54	2	A	-0.6192398	4.266097	11.16827
HIS	58	3	A	3.2098694	3.13305	14.891827
THR	59	3	A	5.055168	1.6842408	11.899818
MET	60	3	A	5.49794	-1.7334051	10.285282
THR	61	3	A	8.36145	-2.2403479	7.7969112
ASN	62	3	A	9.069107	-5.2196584	5.5270653
LYS	63	3	A	12.187584	-5.6212554	3.3750267
PHE	64	3	A	12.170456	-8.254007	0.59928894
THR	65	3	A	13.811058	-9.210016	-2.6794968
VAL	66	3	A	11.589279	-10.316942	-5.6111393
GLY	67	3	A	12.380905	-14.046479	-6.1655273
LYS	68	3	A	13.974655	-14.551047	-2.7185802
GLU	69	3	A	12.169811	-16.346615	0.15927315
SER	70	3	A	11.393524	-13.98299	2.9969482
ALA	82	4	A	6.678711	-16.25275	1.3752651
THR	83	4	A	8.2939	-15.459389	-1.9750595
VAL	84	4	A	7.2418365	-12.299799	-3.7750683
GLN	85	4	A	6.922058	-12.6290045	-7.578533
LEU	91	5	A	3.8808136	-8.010252	-6.8033905
VAL	92	5	A	2.293251	-11.347168	-5.823288
VAL	93	5	A	2.629074	-13.263325	-2.5706367
HIS	99	6	A	-3.0789185	-14.620684	-1.7118587
GLN	100	6	A	-1.9013824	-11.0515995	-1.9155273
THR	101	6	A	-1.1628113	-8.561481	-4.6462746
SER	102	6	A	0.0657959	-5.005749	-4.8683033
GLU	103	6	A	-0.06947327	-2.9464908	-8.025173
LEU	109	7	A	-1.3921661	1.825634	-5.0483284
VAL	110	7	A	-3.927948	-1.0222964	-5.1090336
GLU	111	7	A	-3.5200043	-3.9270191	-2.694807
VAL	112	7	A	-5.735527	-7.068724	-2.816822
SER	113	7	A	-5.751602	-9.940035	-0.300766
THR	114	7	A	-7.8983765	-13.034213	-0.71393967
TYR	120	8	A	-10.124512	-7.373991	0.686882
GLU	121	8	A	-8.997452	-4.4331856	-1.4247513
ARG	122	8	A	-7.2196045	-1.226038	-0.41453552
VAL	123	8	A	-6.6701202	1.7586479	-2.6990623
SER	124	8	A	-4.156685	4.4127655	-1.6890583
LYS	125	8	A	-3.5929718	7.7517223	-3.436264
ARG	126	8	A	-0.07889557	8.894995	-4.1902027
LEU	127	8	A	1.3457642	11.710794	-2.0201817
