Res	Num	Strand	Z-coord
ASN	14	0	A	11.8681345	-11.238335	-13.538339
GLY	15	0	A	14.233338	-9.886654	-10.964656
SER	16	0	A	15.221507	-6.529278	-9.536499
ILE	17	0	A	17.03222	-4.8114433	-6.7097635
LEU	18	0	A	16.096136	-1.5289803	-5.1475306
PHE	19	0	A	18.897936	0.31687164	-3.4453926
ARG	20	0	A	17.440186	2.6258812	-0.8487463
THR	21	0	A	19.257381	5.173191	1.2303479
GLY	22	0	A	17.163933	6.647934	4.074627
TYR	23	0	A	17.22311	9.345032	6.6961946
LEU	24	0	A	14.447873	9.950165	9.222879
THR	25	0	A	14.6968	12.330391	12.15446
ARG	26	0	A	12.122022	13.618237	14.696582
ASP	27	0	A	13.011709	16.613441	16.917023
THR	35	1	A	15.116072	10.072178	17.048883
SER	36	1	A	17.553766	9.961975	14.094144
SER	37	1	A	17.943787	6.959667	11.834957
VAL	38	1	A	20.234238	6.733509	8.768157
ALA	39	1	A	20.729727	3.557312	6.692755
GLN	40	1	A	21.378735	1.9099236	3.2775354
SER	41	1	A	19.432991	-1.11203	2.006192
ALA	42	1	A	19.419142	-3.386551	-0.94729424
ILE	43	1	A	16.00775	-5.0171432	-1.4598212
VAL	44	1	A	15.803468	-7.9497185	-3.7693806
SER	45	1	A	12.791189	-9.3862	-5.617873
ILE	46	1	A	13.120291	-12.488792	-7.8904705
GLU	47	1	A	10.115589	-14.248032	-9.455119
SER	48	1	A	10.611634	-17.229	-11.755925
GLY	49	1	A	8.192589	-17.683178	-14.496615
PHE	50	1	A	5.757989	-20.659481	-14.4089
THR	51	1	A	6.4737015	-23.933254	-16.046333
GLY	56	2	A	2.2941818	-24.306194	-13.789235
PHE	57	2	A	4.950573	-24.123089	-11.046531
GLY	58	2	A	7.592681	-21.575924	-10.025538
VAL	59	2	A	9.381698	-20.007679	-7.11887
GLY	60	2	A	10.00904	-16.571072	-5.605134
VAL	61	2	A	12.704245	-14.999672	-3.4146857
VAL	62	2	A	12.41605	-11.74448	-1.4430542
GLY	63	2	A	14.997271	-10.322243	0.84877086
ASP	64	2	A	17.157211	-7.43565	1.8173013
GLY	65	2	A	20.483881	-6.625309	3.3373613
SER	66	2	A	21.21844	-3.3322716	5.0265455
PHE	67	2	A	23.699005	-1.3831558	7.147024
LYS	68	2	A	23.336567	1.6157417	9.378979
ILE	69	2	A	25.098782	4.9032784	8.422634
GLY	70	2	A	26.589703	6.513241	11.530084
GLU	71	2	A	26.361225	5.3418274	15.060239
ASN	72	2	A	22.57411	5.7635994	15.190171
LYS	73	2	A	22.52209	5.891365	18.942335
ASN	74	2	A	18.873121	7.1536293	18.953247
TRP	92	3	A	21.24783	-7.0121155	9.003363
ALA	93	3	A	19.642397	-9.329033	6.5429955
ARG	94	3	A	16.072395	-10.616341	6.184785
GLY	95	3	A	13.717387	-12.502239	3.790493
GLY	96	3	A	12.99057	-15.971752	2.3760335
GLY	97	3	A	11.434942	-17.82352	-0.5401726
SER	98	3	A	8.171708	-19.075344	-1.8279247
VAL	99	3	A	6.796686	-21.65067	-4.1438127
LYS	100	3	A	3.8500633	-20.990017	-6.4514494
ALA	101	3	A	1.4128246	-22.855175	-8.553949
ARG	102	3	A	-0.96001434	-21.629276	-11.2164545
THR	107	4	A	-2.2925224	-18.551952	-8.353
VAL	108	4	A	-1.355133	-19.992046	-4.942113
ARG	109	4	A	1.8396091	-18.807194	-3.2665467
TYR	110	4	A	3.2855034	-20.435398	-0.19198465
GLY	111	4	A	6.123911	-18.884441	1.7685744
THR	133	5	A	4.8195734	-16.095127	5.776803
GLY	134	5	A	1.903162	-18.294697	4.7470226
THR	135	5	A	-0.32621384	-19.037235	1.7929556
LEU	136	5	A	-2.1617527	-16.672749	-0.5492251
LEU	137	5	A	-4.4894085	-17.619663	-3.2415094
THR	138	5	A	-5.2689495	-15.03273	-5.928544
SER	139	5	A	-7.990917	-15.556038	-8.47584
GLU	146	6	A	-9.658707	-10.140213	-8.148513
VAL	147	6	A	-10.510731	-12.475212	-5.271762
VAL	148	6	A	-8.062498	-13.425739	-2.5605574
ALA	149	6	A	-7.9203224	-15.85812	0.32181
GLY	150	6	A	-4.9337597	-16.439838	2.6034553
LYS	151	6	A	-3.6233883	-17.690418	5.8047414
PHE	152	6	A	-0.44314003	-16.257412	7.505645
THR	153	6	A	1.4323368	-17.489475	10.488715
ARG	174	7	A	-2.878378	-17.047611	12.559691
ALA	175	7	A	-4.2092133	-14.425545	10.259634
ILE	176	7	A	-6.9364815	-15.524567	7.808087
VAL	177	7	A	-7.7451763	-12.995537	5.0535326
TRP	178	7	A	-10.215864	-12.805363	2.1899729
GLY	179	7	A	-11.678579	-10.184563	-0.09301233
ALA	180	7	A	-12.459307	-8.998566	-3.5669951
LYS	181	7	A	-11.817444	-5.9517975	-5.6989527
TYR	182	7	A	-13.799744	-5.074875	-8.801957
LYS	183	7	A	-13.434982	-2.5384789	-11.63646
PHE	184	7	A	-17.036255	-1.7616844	-12.77423
ASN	187	8	A	-14.5137825	5.4627686	-13.713323
LEU	188	8	A	-15.744659	3.1964684	-10.8352785
ASN	189	8	A	-14.315689	0.5317459	-8.633296
ALA	190	8	A	-14.888176	-0.9530411	-5.2544127
SER	191	8	A	-13.416248	-3.4202347	-2.723186
TYR	192	8	A	-14.2108	-5.3168755	0.42614317
TYR	193	8	A	-11.7240925	-7.333973	2.4679294
GLY	194	8	A	-11.816847	-9.2393875	5.763215
LEU	195	8	A	-9.232796	-10.273685	8.31633
ASP	196	8	A	-9.629736	-12.703068	11.187826
SER	197	8	A	-6.539915	-12.945274	13.322158
LYS	198	8	A	-6.737467	-15.459091	16.103153
LEU	201	9	A	-8.8134365	-8.914974	16.116722
GLU	202	9	A	-11.359444	-9.041943	13.340859
ARG	203	9	A	-11.2288475	-6.3995514	10.703943
HIS	204	9	A	-13.168701	-5.4538307	7.623088
TYR	205	9	A	-12.363598	-2.8137283	4.982496
ALA	206	9	A	-14.522259	-1.4288177	2.1647024
ASN	207	9	A	-13.740932	1.1765175	-0.5310521
VAL	208	9	A	-15.508152	2.8384209	-3.3913665
ASN	209	9	A	-13.733135	5.104782	-5.8217516
PHE	210	9	A	-15.517189	7.1338005	-8.523014
LYS	211	9	A	-13.83009	9.331177	-11.074049
GLN	212	9	A	-15.933975	11.921955	-12.808513
PRO	213	9	A	-14.495632	13.429733	-16.072262
LEU	214	9	A	-14.792046	17.187325	-16.516373
SER	218	10	A	-9.909046	17.609283	-15.613664
SER	219	10	A	-11.688295	15.484657	-13.237227
LEU	220	10	A	-13.153023	14.984688	-9.911054
THR	221	10	A	-12.443977	11.853863	-7.9867907
TYR	222	10	A	-14.454212	10.819954	-4.94641
ASP	223	10	A	-13.398087	8.192379	-2.4934182
PHE	224	10	A	-15.224773	6.533119	0.45774412
SER	225	10	A	-13.090015	4.241108	2.536335
GLY	226	10	A	-13.497009	2.6044693	5.9518833
TYR	227	10	A	-12.51115	-0.038661957	8.520134
HIS	228	10	A	-14.445633	-1.8638916	11.15447
THR	229	10	A	-12.2448845	-3.5223427	13.8287525
LYS	230	10	A	-13.125748	-5.66621	16.762222
PHE	231	10	A	-10.226442	-6.1581383	19.076706
LYS	258	11	A	-13.184555	-2.9412117	22.003723
THR	259	11	A	-14.560028	-1.7514267	18.696672
ASN	260	11	A	-13.456017	0.96248245	16.286633
ASN	261	11	A	-15.08667	2.2146378	13.158995
ILE	262	11	A	-12.976475	4.642952	11.039797
TRP	263	11	A	-14.169533	6.0488358	7.736652
ALA	264	11	A	-13.214539	8.832382	5.344144
ILE	265	11	A	-14.525681	10.664509	2.3410125
SER	266	11	A	-12.296675	12.547337	-0.11063862
GLY	267	11	A	-12.845795	14.621838	-3.2018552
THR	268	11	A	-9.958853	15.557495	-5.548689
TYR	269	11	A	-10.27648	18.0619	-8.318759
ALA	270	11	A	-7.5103893	17.810968	-10.870392
SER	275	12	A	-4.677387	19.055891	-7.9360104
VAL	276	12	A	-6.5404167	19.89272	-4.6976786
MET	277	12	A	-8.053743	17.400633	-2.3183122
LEU	278	12	A	-10.4426365	17.836212	0.64451885
ALA	279	12	A	-10.937899	14.889954	3.0068488
TYR	280	12	A	-12.789925	14.156834	6.236514
GLN	281	12	A	-12.137871	11.197716	8.487314
GLN	282	12	A	-13.838043	10.1031	11.705099
ASN	283	12	A	-13.472893	7.415806	14.332894
THR	284	12	A	-16.333195	6.0322304	16.45964
GLY	285	12	A	-16.518013	3.2699203	19.140781
ASN	286	12	A	-14.595642	2.7815666	22.34946
GLU	316	13	A	-11.143421	11.641373	16.549007
LYS	317	13	A	-12.506075	13.67268	13.693782
SER	318	13	A	-10.202967	15.287098	11.109142
ALA	319	13	A	-10.181086	17.444881	7.9827538
GLN	320	13	A	-7.568701	17.9283	5.357383
ILE	321	13	A	-6.7327023	20.160934	2.4748685
GLN	322	13	A	-3.9616375	19.029902	0.07610178
TYR	323	13	A	-2.431816	20.718922	-2.890688
ASN	324	13	A	-0.27248383	18.886002	-5.557577
VAL	325	13	A	1.7009659	20.365364	-8.406713
ASP	326	13	A	3.2942028	18.516829	-11.319027
PHE	327	13	A	6.26692	20.645796	-12.455664
GLY	335	14	A	9.465943	14.395538	-12.966266
LEU	336	14	A	9.500284	17.084503	-10.198633
ASN	337	14	A	6.3505554	17.070934	-7.972393
TRP	338	14	A	5.346466	19.005745	-4.8301163
THR	339	14	A	2.6442585	18.09365	-2.3160253
THR	340	14	A	1.5863628	20.369026	0.53697705
ALA	341	14	A	-1.1388645	19.506283	2.9978168
PHE	342	14	A	-2.7154179	20.629253	6.2532806
VAL	343	14	A	-4.6659546	18.204191	8.499919
TYR	344	14	A	-6.509489	19.221424	11.716229
GLY	345	14	A	-7.851923	16.65131	14.165837
TRP	346	14	A	-10.098917	17.09126	17.176834
ASP	347	14	A	-12.550556	15.404362	19.569778
ILE	348	14	A	-9.788647	12.967571	20.620914
LYS	349	14	A	-10.628086	11.098316	23.809074
VAL	350	14	A	-7.6991177	10.361233	26.096027
THR	354	15	A	-10.260317	14.699192	28.353268
ASP	355	15	A	-12.749523	14.274742	25.57928
ASP	356	15	A	-11.379585	17.238876	23.603622
ALA	357	15	A	-7.7110023	16.813965	22.571365
GLN	358	15	A	-6.5202885	17.97252	19.147444
GLU	359	15	A	-3.6434765	17.72782	16.771763
ARG	360	15	A	-2.4745579	19.262056	13.567229
GLU	361	15	A	0.026212692	18.615337	10.8953705
PHE	362	15	A	1.5685043	20.706861	8.13088
PHE	363	15	A	3.222867	18.406578	5.521939
ASN	364	15	A	5.438365	19.146095	2.502365
GLN	365	15	A	7.0147047	16.73309	0.11185551
VAL	366	15	A	9.10515	17.36454	-2.8966875
LYS	367	15	A	9.893592	14.443386	-5.1175632
TYR	368	15	A	12.08588	14.104305	-8.223704
THR	369	15	A	12.055444	10.987377	-10.489722
SER	379	16	A	14.01287	9.0383835	-7.270961
LEU	380	16	A	14.62321	11.411449	-4.4179735
ARG	381	16	A	11.809337	12.240692	-1.8452778
ILE	382	16	A	12.374036	14.973618	0.70108604
ARG	383	16	A	9.549155	15.451683	3.1399775
ASN	384	16	A	8.835294	17.445011	6.272573
SER	385	16	A	6.06761	17.46867	8.910321
TYR	386	16	A	5.5239897	20.201895	11.416059
TYR	387	16	A	3.2735271	18.526405	13.993076
ARG	388	16	A	1.585659	19.909956	17.082779
ALA	389	16	A	-0.9218273	18.492296	19.556557
SER	390	16	A	-2.6434765	19.471958	22.787556
THR	401	17	A	7.557701	17.207586	16.429405
ASN	402	17	A	9.416795	18.48649	13.461426
GLU	403	17	A	10.087275	15.456707	11.278847
TRP	404	17	A	12.261132	15.160049	8.193561
ARG	405	17	A	12.479519	12.131943	5.858178
ILE	406	17	A	14.699753	11.74617	2.9167318
PHE	407	17	A	14.859494	8.6628	0.6342976
LEU	408	17	A	16.979523	7.974716	-2.3765078
ASP	409	17	A	15.636356	4.886898	-4.3191094
ILE	410	17	A	17.71302	3.47604	-7.1336765
PRO	411	17	A	15.926023	0.5879593	-8.958474
VAL	412	17	A	18.007978	-1.8800049	-10.996792
LYS	413	17	A	16.613127	-4.621624	-13.331029
LEU	414	17	A	18.492971	-7.857788	-13.071685
PHE	415	17	A	16.368177	-9.5501175	-15.825671
