Res	Num	Strand	Z-coord
ARG	8	0	A	-17.76993	4.4044724	-13.588762
ALA	9	0	A	-18.717718	2.2029114	-10.67925
SER	10	0	A	-18.481977	-1.3268719	-9.358439
LEU	11	0	A	-19.767664	-3.4107227	-6.5012436
ALA	12	0	A	-17.286833	-5.610302	-4.6221485
LEU	13	0	A	-18.506721	-8.640228	-2.667593
ARG	14	0	A	-16.244448	-9.961994	0.063150406
ASN	15	0	A	-16.718245	-12.865888	2.4348717
PHE	16	0	A	-13.983782	-12.942021	5.0882454
TYR	17	0	A	-13.32822	-15.616245	7.7326355
MET	18	0	A	-10.588648	-15.40958	10.341587
ASN	19	0	A	-9.438802	-18.016724	12.843761
ARG	20	0	A	-6.9526243	-17.467316	15.645214
ASP	21	0	A	-5.2994328	-19.802574	18.17313
SER	31	1	A	-11.196433	-16.616335	18.667252
GLU	32	1	A	-13.104843	-16.253876	15.3985405
GLU	33	1	A	-14.575975	-13.740791	12.958126
TRP	34	1	A	-16.894592	-14.0786915	9.958675
ALA	35	1	A	-18.416044	-11.28088	7.904146
GLN	36	1	A	-19.868366	-10.255095	4.5598392
GLY	37	1	A	-18.910446	-6.9544563	2.999836
PHE	38	1	A	-20.427412	-5.002178	0.17460442
LEU	39	1	A	-18.475903	-2.2002773	-1.4166222
PHE	40	1	A	-19.89466	0.35875893	-3.8214073
ASP	41	1	A	-16.99637	2.136015	-5.533436
TYR	42	1	A	-17.968758	5.1156616	-7.681967
ARG	43	1	A	-15.581097	7.357525	-9.646332
SER	44	1	A	-16.91549	10.351612	-11.592017
GLY	45	1	A	-15.200071	11.850666	-14.60231
TYR	46	1	A	-14.279665	15.561466	-14.631396
THR	47	1	A	-16.270819	18.692837	-15.393581
GLY	52	2	A	-11.73161	20.004559	-13.663803
VAL	53	2	A	-13.873415	18.936172	-10.718765
GLY	54	2	A	-14.82934	15.384182	-9.771268
LEU	55	2	A	-16.33142	13.169296	-7.0799427
ASP	56	2	A	-15.476978	9.686211	-5.7803516
LEU	57	2	A	-17.8097	7.7734375	-3.496544
LEU	58	2	A	-17.177628	4.7343903	-1.3282986
GLY	59	2	A	-20.260035	2.9544487	-0.019563675
LYS	60	2	A	-19.517357	0.18342209	2.4554138
LEU	61	2	A	-21.84156	-2.28648	4.1369762
GLY	62	2	A	-20.56574	-4.8536453	6.6426735
VAL	63	2	A	-22.537516	-7.5817146	8.408031
ARG	64	2	A	-21.148155	-9.957895	11.052921
LEU	65	2	A	-21.489998	-13.666067	10.175339
TYR	89	3	A	-21.62975	-1.7071075	9.575287
ALA	90	3	A	-22.525913	1.084261	7.149191
ARG	91	3	A	-20.480173	3.9159431	5.766617
LEU	92	3	A	-20.339792	6.4757996	2.9732647
ASP	93	3	A	-17.083822	8.251045	2.1003876
ALA	94	3	A	-16.98663	11.139893	-0.35197258
THR	95	3	A	-13.932854	12.609386	-2.028326
ALA	96	3	A	-13.833492	15.815895	-4.0405807
LYS	97	3	A	-11.168139	15.77486	-6.731209
LEU	98	3	A	-9.648026	18.741108	-8.556647
ARG	99	3	A	-7.5162363	18.36766	-11.628314
GLU	104	4	A	-4.4723835	16.601799	-8.701166
LEU	105	4	A	-5.98254	17.600388	-5.3535156
LYS	106	4	A	-8.21697	15.209316	-3.4115677
VAL	107	4	A	-10.251234	16.370117	-0.41208076
GLY	108	4	A	-12.316758	14.144928	1.8527813
GLN	130	5	A	-10.018373	12.283829	6.1030293
GLY	131	5	A	-7.9194393	15.137409	4.802122
ALA	132	5	A	-6.425232	16.601955	1.6431694
LEU	133	5	A	-3.7623653	15.156174	-0.6147785
LEU	134	5	A	-2.029561	16.914242	-3.4849339
THR	135	5	A	-0.058858633	15.015461	-6.0937996
SER	136	5	A	1.8492049	16.716465	-8.88078
SER	143	6	A	6.1749015	13.038853	-8.729686
LEU	144	6	A	5.545821	15.281181	-5.7641754
ASN	145	6	A	2.9712503	14.893856	-3.066763
LEU	146	6	A	1.8706434	16.891827	-0.059051514
GLY	147	6	A	-0.9291487	16.050411	2.3630772
ARG	148	6	A	-2.647266	16.507118	5.7049465
LEU	149	6	A	-4.9292603	14.005096	7.4253387
THR	150	6	A	-7.211605	14.736416	10.378407
ARG	180	7	A	-3.012837	16.165485	12.278404
PHE	181	7	A	-0.7471552	13.944122	10.24736
ASP	182	7	A	1.3879282	15.808552	7.718832
LEU	183	7	A	3.0108778	14.301754	4.673998
ALA	184	7	A	5.2318535	15.329304	1.7906609
GLY	185	7	A	7.1762924	13.358116	-0.7287712
LEU	186	7	A	9.008343	12.977085	-3.9820194
ASP	187	7	A	9.431744	9.965633	-6.283148
TYR	188	7	A	11.970088	10.211018	-9.082278
ARG	189	7	A	12.528781	8.077419	-12.168022
ILE	190	7	A	16.313353	7.886608	-12.238347
ASP	193	8	A	14.449684	0.463562	-14.254173
TRP	194	8	A	15.388032	2.7044334	-11.2817135
THR	195	8	A	13.354661	4.857109	-8.934833
GLY	196	8	A	14.371786	6.7853966	-5.8290615
SER	197	8	A	11.941819	8.139305	-3.2466202
TYR	198	8	A	11.961787	10.483448	-0.26675224
HIS	199	8	A	8.954748	10.831791	2.0500355
TYR	200	8	A	8.276199	12.724915	5.2566605
GLY	201	8	A	5.4745665	11.931431	7.6753693
GLU	202	8	A	4.5538406	13.49728	10.985626
LEU	203	8	A	1.8705399	12.567219	13.484619
GLU	204	8	A	1.8415697	15.944412	15.194477
VAL	206	9	A	4.054991	12.408936	18.49133
TYR	207	9	A	6.6770415	11.472214	15.869415
ALA	208	9	A	8.185931	12.435333	12.527374
GLN	209	9	A	9.601622	9.832764	10.15913
HIS	210	9	A	11.988469	10.338284	7.2401752
PHE	211	9	A	11.985984	7.6951866	4.504032
LEU	212	9	A	14.480886	7.11631	1.6920948
GLY	213	9	A	14.103171	4.30777	-0.79455376
LEU	214	9	A	15.520737	2.8721447	-4.0051403
LYS	215	9	A	13.972052	0.30111694	-6.330021
GLY	216	9	A	15.780563	-1.275217	-9.276701
ARG	217	9	A	15.4807005	-4.07827	-11.864032
ILE	218	9	A	18.140873	-5.66461	-14.065118
SER	224	10	A	14.933629	-10.359116	-13.797884
LEU	225	10	A	16.458202	-9.381683	-10.478326
GLU	226	10	A	14.653373	-6.7385902	-8.433229
SER	227	10	A	15.880067	-4.8393784	-5.397888
ASP	228	10	A	13.978005	-2.7159214	-2.9276943
LEU	229	10	A	15.935164	-0.7953415	-0.30737495
ARG	230	10	A	14.411626	1.258543	2.4776192
LEU	231	10	A	15.938922	3.4489403	5.16934
ALA	232	10	A	13.778812	5.283081	7.6767216
LEU	233	10	A	14.555582	7.578388	10.615299
SER	234	10	A	11.945453	8.27747	13.281437
ARG	235	10	A	12.105602	10.5778885	16.28189
ASP	236	10	A	9.51429	11.974243	18.677681
ILE	245	11	A	11.31895	7.790226	20.269768
ASP	246	11	A	14.472493	6.9684944	18.326042
ASN	247	11	A	14.161236	4.4195786	15.535542
ARG	248	11	A	16.48426	3.817028	12.611324
SER	249	11	A	15.162424	1.1847191	10.316116
PHE	250	11	A	16.611397	-0.7318306	7.414549
SER	251	11	A	14.441436	-3.059349	5.376547
GLY	252	11	A	15.3116865	-4.4294415	1.9695263
SER	253	11	A	14.687562	-7.2142296	-0.5143337
LEU	254	11	A	16.17314	-8.982048	-3.4700546
THR	255	11	A	13.826828	-10.9018345	-5.758356
TYR	256	11	A	14.805256	-13.299809	-8.532793
ARG	257	11	A	11.769697	-13.526781	-10.832171
GLY	261	12	A	5.9428873	-17.79504	-13.086743
GLN	262	12	A	8.327619	-18.487957	-10.2148905
ALA	263	12	A	9.928418	-15.991778	-7.8278112
PHE	264	12	A	12.577294	-16.359772	-5.1428986
GLY	265	12	A	13.022311	-13.6144905	-2.5976448
LEU	266	12	A	15.424885	-12.728392	0.1511898
GLY	267	12	A	14.560172	-10.003105	2.6174698
TYR	268	12	A	16.56303	-8.434406	5.4142094
GLN	269	12	A	15.568459	-5.996155	8.1068325
ARG	270	12	A	17.135609	-4.272999	11.077229
MET	271	12	A	15.879825	-1.9479294	13.789242
SER	272	12	A	18.422134	0.35757828	15.448448
GLY	273	12	A	18.174894	2.981573	18.172874
ASP	274	12	A	16.22806	2.7476044	21.418816
HIS	275	12	A	12.836472	1.9784584	19.808777
ALA	299	13	A	13.776697	-2.2641602	19.108017
GLY	300	13	A	17.14197	-3.7751637	18.167923
GLU	301	13	A	15.685198	-6.593029	16.079433
SER	302	13	A	17.365349	-8.032047	12.9683
SER	303	13	A	15.431609	-10.4057045	10.698845
TRP	304	13	A	15.838382	-12.494169	7.5232983
GLN	305	13	A	13.191791	-13.648163	5.0859356
LEU	306	13	A	13.0453005	-16.313332	2.3887444
ARG	307	13	A	10.071415	-16.300564	0.07660866
TYR	308	13	A	8.870277	-18.394316	-2.843132
ASP	309	13	A	6.0391903	-17.551031	-5.2532864
CYS	310	13	A	4.578676	-19.714947	-8.002212
ASP	311	13	A	2.0223851	-18.882706	-10.697286
PHE	312	13	A	0.56792045	-22.04964	-12.179578
VAL	317	14	A	-3.482843	-23.828663	-14.350808
PRO	318	14	A	-4.288587	-20.1204	-14.755551
GLY	319	14	A	-5.9065514	-18.49821	-11.731423
LEU	320	14	A	-3.924096	-20.69748	-9.349145
SER	321	14	A	-1.0704212	-19.111017	-7.436777
LEU	322	14	A	0.8553605	-20.033201	-4.3233566
MET	323	14	A	3.2128217	-18.189915	-1.9534626
THR	324	14	A	5.2573557	-19.26144	1.0623837
ARG	325	14	A	7.650691	-17.25668	3.2034073
TYR	326	14	A	9.673289	-17.705435	6.344124
PHE	327	14	A	10.983084	-14.948565	8.618813
SER	328	14	A	13.451757	-15.30081	11.472729
GLY	329	14	A	14.261358	-12.548485	13.972019
HIS	330	14	A	16.85546	-12.045481	16.714264
GLY	331	14	A	18.371206	-9.318254	18.868042
ALA	332	14	A	14.940228	-7.9469795	19.715862
LYS	333	14	A	14.784075	-5.787861	22.842003
ARG	341	15	A	14.048691	-14.336521	19.156845
GLU	342	15	A	10.925766	-15.01849	17.0955
TRP	343	15	A	9.861765	-16.48482	13.753624
GLU	344	15	A	6.8915377	-16.771122	11.385387
ARG	345	15	A	5.9038434	-18.979515	8.440205
ASP	346	15	A	3.1423516	-17.800041	6.1247673
SER	347	15	A	1.5661845	-19.80583	3.3446503
ASP	348	15	A	-0.86674404	-18.380062	0.83496284
LEU	349	15	A	-3.0247574	-20.224295	-1.6875553
ARG	350	15	A	-5.2232428	-18.484585	-4.222183
TYR	351	15	A	-7.5669336	-19.50674	-6.9882927
VAL	352	15	A	-9.722488	-17.462395	-9.351407
GLY	362	16	A	-11.6830225	-15.528973	-5.9430866
LEU	363	16	A	-10.710516	-17.873505	-3.1421833
VAL	364	16	A	-7.7864227	-16.875431	-0.9623604
TRP	365	16	A	-6.4040785	-18.82822	1.9784336
ARG	366	16	A	-3.734651	-17.252022	4.1874294
ASN	367	16	A	-2.2662702	-19.398357	6.9393425
ALA	368	16	A	0.34080052	-18.39494	9.513531
THR	369	16	A	2.401014	-19.78778	12.346382
TYR	370	16	A	4.0443993	-17.307178	14.722107
ARG	371	16	A	6.3811703	-18.165419	17.570854
SER	372	16	A	8.053908	-15.630741	19.855309
ALA	373	16	A	10.21381	-15.631811	22.992855
ILE	378	17	A	-0.21434546	-17.6145	17.48893
ASP	379	17	A	-1.6174331	-19.79434	14.690102
GLU	380	17	A	-3.9670606	-18.076344	12.26054
ASN	381	17	A	-6.1076746	-18.656563	9.180733
ARG	382	17	A	-7.745495	-16.063549	6.962229
LEU	383	17	A	-10.150248	-16.956951	4.1748257
TYR	384	17	A	-11.4377365	-14.611255	1.5139885
LEU	385	17	A	-14.139593	-15.160791	-1.0458393
THR	386	17	A	-14.177601	-12.202673	-3.4337673
TYR	387	17	A	-16.287853	-11.117857	-6.3514614
GLU	388	17	A	-16.071543	-7.8504868	-8.317623
LEU	389	17	A	-19.141167	-6.685232	-10.278408
PRO	390	17	A	-18.9005	-3.71167	-12.695145
LEU	391	17	A	-22.08763	-1.6143951	-12.6622305
PHE	392	17	A	-21.279171	0.98581123	-15.3146
