Res	Num	Strand	Z-coord
GLY	19	0	A	-1.965992	-2.5488327	-9.360715
THR	20	0	A	-1.6842728	-5.004341	-6.494195
TRP	21	0	A	1.4986153	-5.3676596	-4.479993
TYR	22	0	A	2.6276245	-7.533252	-1.5785446
TYR	22	0	A	2.6845093	-7.4624233	-1.5672016
ASN	23	0	A	5.498171	-6.9517813	0.8866768
SER	27	1	A	0.7742176	-7.2863483	3.5505886
THR	28	1	A	-1.3448162	-6.2437716	0.52412224
PHE	29	1	A	-1.2853947	-2.7730577	-1.1499062
ILE	30	1	A	-3.7869492	-2.0409386	-3.9245214
VAL	31	1	A	-3.180647	1.3217866	-5.578869
THR	32	1	A	-4.15609	3.43941	-8.52808
GLY	37	2	A	0.28352928	12.363771	-9.362128
ALA	38	2	A	-2.3477287	10.980627	-7.021721
LEU	39	2	A	-2.078617	7.587805	-5.3304787
THR	40	2	A	-5.32543	6.091215	-4.0071564
GLY	41	2	A	-6.1411724	2.6078284	-2.757166
THR	42	2	A	-6.250931	0.26540208	0.19345856
TYR	43	2	A	-3.7657337	-1.3952072	2.4469852
GLU	44	2	A	-4.1142807	-4.6212587	4.422516
TYR	54	3	A	-7.5408573	0.6489394	5.2492275
VAL	55	3	A	-7.696224	3.6876566	3.0055447
LEU	56	3	A	-4.481735	4.9774265	1.6647911
THR	57	3	A	-3.6369152	8.151277	-0.12047386
GLY	58	3	A	-0.3724575	9.513243	-1.4456139
ARG	59	3	A	1.5226955	11.145973	-4.2631187
TYR	60	3	A	4.0955734	10.15213	-6.848893
THR	71	4	A	10.100326	7.158205	-9.456078
ALA	72	4	A	9.696974	8.864727	-6.0997086
LEU	73	4	A	6.457241	8.31066	-4.2116623
GLY	74	4	A	4.9081097	8.112996	-0.7596874
TRP	75	4	A	1.6136742	7.2527933	0.87971115
THR	76	4	A	-0.102212906	7.224783	4.234083
VAL	77	4	A	-2.409256	4.8896904	6.0607834
ALA	78	4	A	-4.225115	6.0070667	9.222828
TRP	79	4	A	-5.025856	2.74696	11.006432
SER	88	5	A	-1.7049637	5.313654	14.646389
ALA	89	5	A	-0.5971012	6.160942	11.132971
THR	90	5	A	2.168604	4.922722	8.829641
THR	91	5	A	3.8249512	6.732766	5.9886894
TRP	92	5	A	5.866228	4.9633636	3.3670235
SER	93	5	A	8.46179	6.9312057	1.4463253
GLY	94	5	A	10.342657	5.3512764	-1.4139824
GLN	95	5	A	10.6095705	4.739296	-5.108736
TYR	96	5	A	9.073505	2.6294038	-7.795395
VAL	97	5	A	11.445426	0.63453937	-9.927161
ARG	103	6	A	9.384399	-3.1736844	-7.088276
ILE	104	6	A	8.4760895	-0.4475367	-4.698822
ASN	105	6	A	11.287041	0.0054323673	-2.1714897
THR	106	6	A	10.323254	1.956445	0.9195938
GLN	107	6	A	11.169477	3.1566374	4.3524666
TRP	108	6	A	8.308084	3.8933413	6.720413
LEU	109	6	A	7.430729	5.738497	9.892542
LEU	110	6	A	4.5948076	4.4658537	12.109802
THR	111	6	A	3.5217953	7.0750856	14.654236
LEU	124	7	A	8.591793	3.0747483	14.785858
VAL	125	7	A	10.819086	2.9875681	11.697706
GLY	126	7	A	11.232195	0.1912911	9.192989
HIS	127	7	A	11.509005	-0.7874105	5.5857353
ASP	128	7	A	9.22658	-2.6307762	3.2449455
THR	129	7	A	9.839834	-4.044121	-0.19872856
PHE	130	7	A	6.7631836	-4.4537773	-2.4031563
THR	131	7	A	6.5462685	-6.8579836	-5.321682
LYS	132	7	A	3.9149895	-6.298835	-7.970169
VAL	133	7	A	1.5943279	-9.201644	-8.63056
