Res	Num	Strand	Z-coord
ASP	28	0	A	15.934862	-2.0951653	-12.921051
PHE	29	0	A	17.468864	0.40958786	-10.509884
THR	30	0	A	15.092815	2.7434196	-8.704552
LEU	31	0	A	15.260317	5.6172104	-6.227436
ASP	32	0	A	11.840843	6.6469765	-4.9835205
TYR	33	0	A	10.939081	9.522682	-2.6912422
VAL	34	0	A	7.9324856	10.169727	-0.46887589
GLY	35	0	A	7.4965305	13.326942	1.5642815
GLU	36	0	A	4.5674934	14.001259	3.9021873
VAL	37	0	A	3.7450275	17.334522	5.596348
ALA	38	0	A	1.1086311	17.748528	8.31242
GLY	39	0	A	-0.09754753	20.720451	10.313091
ASN	40	0	A	-2.9299774	20.98172	12.815792
LEU	41	0	A	-5.6320534	23.497597	11.946522
HIS	42	0	A	-8.0985985	22.827648	14.748096
ARG	52	1	A	5.6168556	18.36621	11.004429
TYR	53	1	A	7.462963	16.77208	8.152325
SER	54	1	A	8.421982	13.192421	7.5404167
ASP	55	1	A	9.892263	11.481117	4.4923973
GLN	56	1	A	11.348742	8.330311	2.942196
PHE	57	1	A	13.8991375	7.425499	0.30960464
ALA	58	1	A	13.814444	3.9472198	-1.2116814
LEU	59	1	A	16.78886	2.5604439	-3.1412468
GLY	60	1	A	16.022816	-0.5404701	-5.182102
ALA	61	1	A	17.585875	-3.1676102	-7.399475
HIS	62	1	A	15.346901	-5.488821	-9.411743
LEU	63	1	A	17.071276	-8.370155	-11.147102
ASP	64	1	A	15.73704	-10.507719	-13.969803
LEU	65	1	A	17.704384	-13.641518	-13.016613
ASP	73	2	A	11.525272	-16.949604	-14.374722
ALA	74	2	A	13.552364	-16.043335	-11.341961
GLU	75	2	A	13.779558	-12.55961	-9.823803
PHE	76	2	A	15.919109	-10.942844	-7.1521835
LYS	77	2	A	14.988197	-7.748682	-5.362156
LEU	78	2	A	17.079527	-5.548826	-3.0983315
ALA	79	2	A	15.493839	-2.5527	-1.3591194
ILE	80	2	A	17.012276	-0.18320465	1.1794395
THR	81	2	A	15.131012	2.677147	2.844822
GLU	82	2	A	15.914436	5.6340256	5.052761
ARG	83	2	A	13.221487	7.7191315	6.701351
SER	84	2	A	13.492788	11.097313	8.447552
GLY	85	2	A	11.315298	13.479084	10.377117
ARG	86	2	A	8.586235	13.939198	12.951748
THR	113	3	A	16.793812	5.2590294	10.181721
TRP	114	3	A	18.304905	3.0226746	7.4992332
ARG	115	3	A	16.694569	-0.37501526	6.9776344
LEU	116	3	A	17.125431	-3.4224777	4.819042
THR	117	3	A	13.596199	-3.3301086	3.5077553
GLN	118	3	A	13.618313	-6.0324287	0.82149124
MET	119	3	A	16.012272	-8.822395	-0.08343887
TRP	120	3	A	14.424503	-11.740957	-1.8184319
ILE	121	3	A	14.660538	-14.257893	-4.615204
LYS	122	3	A	11.569096	-15.58243	-6.3708076
GLN	123	3	A	10.874405	-18.370829	-8.871811
LYS	124	3	A	7.7517223	-19.517405	-10.720699
TYR	125	3	A	7.083435	-23.063334	-11.965454
ALA	129	4	A	1.15028	-21.680185	-11.732613
LEU	130	4	A	3.3423672	-22.0141	-8.620766
ASP	131	4	A	5.1666718	-19.001274	-7.2353935
VAL	132	4	A	7.8975725	-19.444885	-4.599663
LYS	133	4	A	9.432774	-16.419357	-2.8516045
PHE	134	4	A	12.09078	-16.420177	-0.11810684
GLY	135	4	A	14.182625	-13.863953	1.7563896
ARG	136	4	A	13.390186	-10.666792	3.6356773
GLN	175	5	A	12.016987	-10.343262	8.278103
TRP	176	5	A	13.00223	-13.769356	7.0533943
ALA	177	5	A	10.039246	-15.129452	5.138439
LEU	178	5	A	8.770708	-17.804136	2.788906
ARG	179	5	A	5.6767864	-17.213627	0.6574669
VAL	180	5	A	4.0794277	-19.870136	-1.5834236
LYS	181	5	A	1.5063286	-18.878422	-4.1929665
TYR	182	5	A	-0.71115875	-20.955843	-6.4471855
ASN	183	5	A	-2.2683315	-19.21828	-9.4413185
ILE	184	5	A	-5.4004307	-21.286747	-10.05204
ALA	187	6	A	-7.813345	-13.940966	-12.065563
PHE	188	6	A	-7.773073	-16.046535	-8.879604
PHE	189	6	A	-5.013792	-17.164347	-6.5437202
VAL	190	6	A	-4.390169	-18.630959	-3.0979195
GLN	191	6	A	-1.306881	-18.199669	-0.9285164
VAL	192	6	A	0.18006516	-18.956854	2.4573326
GLY	193	6	A	3.3654213	-17.74564	4.103649
ALA	194	6	A	5.6162453	-18.138542	7.1157646
PHE	195	6	A	7.284088	-15.023071	8.550076
GLU	196	6	A	9.872305	-14.926479	11.280155
GLN	197	6	A	8.24283	-12.898861	14.052837
LYS	216	7	A	9.447111	-15.1920185	19.402615
GLY	217	7	A	7.565769	-17.360275	16.92435
ALA	218	7	A	6.159128	-17.24737	13.403561
ILE	219	7	A	3.3333168	-15.466721	11.640568
MET	220	7	A	1.407999	-17.59996	9.218075
PRO	221	7	A	-0.89946747	-15.638741	6.896702
MET	222	7	A	-3.2557755	-17.280094	4.363003
GLU	223	7	A	-5.1544323	-15.550369	1.5844536
ALA	224	7	A	-7.43791	-15.903347	-1.3939323
VAL	225	7	A	-7.324938	-13.107189	-3.9691696
TRP	226	7	A	-10.007313	-12.809544	-6.663418
SER	227	7	A	-9.478096	-10.272217	-9.487713
PRO	228	7	A	-12.576471	-10.482193	-11.671368
GLY	235	8	A	-11.674551	-5.3504677	-9.327061
GLU	236	8	A	-9.728783	-7.1861725	-6.6342087
TYR	237	8	A	-11.180016	-9.022667	-3.640915
ARG	238	8	A	-9.0592785	-10.472559	-0.8270912
LEU	239	8	A	-10.037167	-12.754822	2.018177
GLY	240	8	A	-7.4210873	-13.793591	4.573719
TYR	241	8	A	-6.530575	-15.202152	7.976322
TYR	242	8	A	-3.329996	-14.949806	10.046856
TYR	243	8	A	-1.9799671	-17.067265	12.8833885
SER	244	8	A	0.9314995	-16.107094	15.087635
THR	245	8	A	2.8661003	-18.655382	17.095654
ALA	246	8	A	4.4093914	-16.193502	19.554943
LYS	247	8	A	3.218176	-15.625889	23.148205
ALA	248	8	A	0.8451042	-12.690151	23.637486
HIS	270	9	A	-1.745575	-17.085436	25.31895
SER	271	9	A	0.2615204	-19.244942	22.94672
SER	272	9	A	-0.9763603	-17.341442	19.874233
LYS	273	9	A	-2.7829056	-14.444649	18.190746
HIS	274	9	A	-5.091213	-14.737785	15.158436
GLY	275	9	A	-7.45372	-12.73682	12.934559
TRP	276	9	A	-9.165333	-12.2366905	9.564068
TRP	277	9	A	-9.337994	-9.59803	6.857601
VAL	278	9	A	-11.150364	-8.492077	3.7360497
VAL	279	9	A	-9.905626	-6.1251793	1.0707436
ALA	280	9	A	-12.112455	-5.075653	-1.7728615
GLN	281	9	A	-11.417917	-2.6364136	-4.597698
GLN	282	9	A	-13.586622	-2.1523857	-7.6524086
GLN	283	9	A	-13.707327	0.18016815	-10.616901
VAL	284	9	A	-17.380457	0.9732437	-11.185909
THR	285	9	A	-17.346039	3.558941	-14.032635
ALA	286	9	A	-15.299067	4.278618	-17.147404
HIS	287	9	A	-15.327295	8.047611	-17.755356
ARG	293	10	A	-10.573343	7.2784424	-15.941906
GLY	294	10	A	-13.67193	6.9298706	-13.744595
LEU	295	10	A	-14.862223	6.042549	-10.226646
SER	296	10	A	-13.270739	3.342804	-8.05463
LEU	297	10	A	-14.689911	2.1678658	-4.718563
PHE	298	10	A	-12.730013	0.5076065	-1.9325981
ALA	299	10	A	-13.241713	-1.1335678	1.446537
ASN	300	10	A	-11.2232	-2.831192	4.1678886
PHE	301	10	A	-12.441832	-4.805992	7.169071
THR	302	10	A	-10.322552	-6.3266373	9.851757
VAL	303	10	A	-11.040909	-8.54229	12.863888
HIS	304	10	A	-8.724018	-9.58614	15.721615
ASP	305	10	A	-8.679806	-11.913458	18.69843
ASP	312	11	A	-10.927498	-5.2423515	18.340954
ASN	313	11	A	-12.054314	-4.7501183	14.74696
TYR	314	11	A	-11.698719	-2.0972977	12.020504
GLN	315	11	A	-13.639805	-0.91587067	8.988377
GLN	316	11	A	-12.838392	1.4070892	6.152729
VAL	317	11	A	-14.791777	2.6340103	3.1654015
GLY	318	11	A	-13.777994	5.1335373	0.49238205
LEU	319	11	A	-13.550632	6.0902634	-3.1718025
VAL	320	11	A	-11.197035	7.5830956	-5.708908
TYR	321	11	A	-11.99626	9.267609	-8.993748
ASP	332	12	A	-7.2941647	11.87624	-8.9048195
ILE	333	12	A	-9.730019	12.709141	-6.1171074
GLY	334	12	A	-9.747334	10.557224	-2.995655
PHE	335	12	A	-12.074238	10.215935	-0.03308487
GLY	336	12	A	-11.962683	7.6640778	2.7722054
VAL	337	12	A	-13.551243	6.98983	6.1545067
ALA	338	12	A	-12.210331	4.5298157	8.70332
ARG	339	12	A	-13.470047	3.292488	12.035389
ILE	340	12	A	-11.049934	1.7736893	14.544567
HIS	341	12	A	-12.662266	0.079689026	17.521832
GLU	374	13	A	-11.289581	6.411213	16.683468
TYR	375	13	A	-12.474346	7.6272163	13.297359
ASN	376	13	A	-10.32048	8.907776	10.441631
ALA	377	13	A	-11.224203	10.62204	7.2070503
GLU	378	13	A	-9.201557	11.991749	4.3102455
LEU	379	13	A	-10.11377	13.958122	1.2198143
TYR	380	13	A	-7.303213	14.52549	-1.2755089
TYR	381	13	A	-6.497816	15.804394	-4.7619286
GLY	382	13	A	-3.5683937	14.361034	-6.7145615
PHE	383	13	A	-1.8989086	16.583168	-9.313961
HIS	384	13	A	-0.12722397	14.502106	-11.907337
VAL	385	13	A	2.7395172	16.943607	-12.449436
TRP	388	14	A	7.8854456	11.06134	-12.135571
LEU	389	14	A	6.137706	13.529072	-9.824188
THR	390	14	A	2.756588	13.550091	-8.076569
VAL	391	14	A	1.7324181	16.162956	-5.526947
ARG	392	14	A	-1.3619461	15.606667	-3.3905907
PRO	393	14	A	-2.7219925	18.106407	-0.90213394
ASN	394	14	A	-5.167425	16.548569	1.5152016
LEU	395	14	A	-7.5262413	17.310646	4.3708763
GLN	396	14	A	-7.733345	14.913582	7.3020287
TYR	397	14	A	-10.348476	14.693874	10.044987
ILE	398	14	A	-9.991371	12.662437	13.221844
LYS	399	14	A	-12.770081	11.900345	15.697933
ALA	410	15	A	-8.765717	17.249008	14.901012
LEU	411	15	A	-8.625351	19.018898	11.53001
VAL	412	15	A	-5.2947865	18.435844	9.824604
ALA	413	15	A	-3.8259258	19.847702	6.618557
GLY	414	15	A	-1.5262699	17.522884	4.715679
LEU	415	15	A	0.65024185	17.58876	1.6102867
LYS	416	15	A	1.9118938	14.322315	0.17307663
ILE	417	15	A	4.6311817	14.120476	-2.456379
GLN	418	15	A	5.693987	11.075211	-4.472088
SER	419	15	A	8.6136055	11.035767	-6.854538
SER	420	15	A	10.850647	8.570862	-8.692741
