Res	Num	Strand	Z-coord
ALA	7	0	B	10.894047	-10.602993	-12.370991
THR	8	0	B	11.895205	-10.172348	-8.718304
TYR	9	0	B	12.503574	-6.771858	-7.1821175
GLN	10	0	B	13.718489	-5.660736	-3.722393
PHE	11	0	B	12.144871	-2.5954971	-2.0795631
ASP	12	0	B	14.412624	0.3860817	-1.7642937
PRO	13	0	B	13.948391	1.3600311	1.8585949
SER	14	0	B	14.788694	5.0320587	1.2391472
HIS	15	0	B	11.703444	5.281662	-1.0555611
THR	16	0	B	9.324253	2.7591934	0.62327766
TYR	17	0	B	7.1298246	4.010437	3.4299603
LYS	34	1	B	4.582131	7.416794	8.621498
PHE	35	1	B	6.872338	4.5002365	9.53924
ASP	36	1	B	10.45354	5.205723	8.483301
LYS	37	1	B	11.825668	1.5941963	8.181486
SER	38	1	B	10.453798	-1.0297279	5.732254
SER	39	1	B	11.908667	-3.8068771	3.622242
GLY	40	1	B	10.799494	-6.6568604	1.3551159
THR	41	1	B	10.324377	-8.168579	-2.0426483
VAL	42	1	B	7.987122	-7.899288	-5.037281
THR	43	1	B	7.5309944	-10.417107	-7.7855377
LEU	44	1	B	5.8360295	-9.356041	-10.987446
ASP	45	1	B	4.948598	-11.271992	-14.224892
LYS	49	2	B	-0.8981118	-10.679638	-15.068085
THR	50	2	B	0.25563812	-11.734226	-11.60183
GLY	51	2	B	2.6837173	-10.847012	-8.911598
THR	52	2	B	3.17947	-10.770367	-5.1205063
VAL	53	2	B	4.3096037	-8.501156	-2.3158913
ASP	54	2	B	6.040338	-9.39608	0.98516655
VAL	55	2	B	6.8634124	-6.3503113	3.0809402
THR	56	2	B	7.791494	-5.750698	6.6781807
THR	57	2	B	7.6611505	-2.4523315	8.635794
ASP	58	2	B	9.388673	-1.7798767	12.033581
ILE	59	2	B	6.890098	-0.36460495	14.504055
ALA	60	2	B	9.656393	1.4831161	16.364935
SER	61	2	B	10.19884	3.614418	13.272036
ILE	62	2	B	6.8919263	5.4657593	13.641233
HIS	63	2	B	6.9475975	9.207752	13.284254
ALA	87	3	B	4.040183	-5.4964027	10.897568
ASN	88	3	B	4.0395455	-7.765667	7.8257427
TYR	89	3	B	1.9503703	-7.6673584	4.7065086
LYS	90	3	B	1.7626021	-10.375561	2.0571594
GLY	91	3	B	-0.53077984	-10.308113	-0.942482
THR	92	3	B	-1.185916	-11.087906	-4.6011963
ILE	93	3	B	-1.1059127	-8.398403	-7.2503204
LYS	94	3	B	-4.168829	-8.123085	-9.477459
VAL	101	4	B	-4.3895946	-2.2932053	-9.889931
SER	102	4	B	-4.5758185	-3.8743172	-6.4584465
VAL	103	4	B	-2.9363103	-6.195629	-4.0164948
VAL	104	4	B	-5.178521	-8.618572	-2.0961533
GLY	105	4	B	-3.6600785	-10.13044	0.9703598
ASN	106	4	B	-3.2009559	-10.119244	4.6783237
LEU	107	4	B	-1.6870027	-7.7383957	7.1955833
THR	108	4	B	-0.22623634	-8.933861	10.489338
LYS	114	5	B	-6.534065	-9.769268	8.963455
PRO	115	5	B	-7.3988557	-9.343002	5.2895775
LEU	116	5	B	-6.2448335	-6.1525726	3.627552
THR	117	5	B	-6.510527	-4.9622993	0.030824661
LEU	118	5	B	-4.3441234	-2.0910645	-1.2559166
LYS	119	5	B	-5.4804015	-0.21443939	-4.3621826
ILE	120	5	B	-2.6404376	0.86484146	-6.6951866
ASP	121	5	B	-3.335258	4.4375153	-7.8780785
SER	122	5	B	-0.15372515	4.73114	-9.945496
PHE	123	5	B	2.4497905	2.3499146	-11.311573
LYS	124	5	B	5.59925	3.2463722	-13.267841
CYS	125	5	B	8.729414	1.4635925	-14.237255
MET	126	5	B	11.945635	3.0457916	-15.513348
VAL	135	6	B	12.855907	0.29732132	-10.743202
CYS	136	6	B	9.120933	0.018871307	-10.355106
GLY	137	6	B	7.238487	2.4940186	-8.247623
VAL	138	6	B	3.739049	2.7554398	-6.916931
ASP	139	6	B	1.3879824	4.9194565	-4.9609375
ALA	140	6	B	-1.238975	2.8647614	-3.1947784
VAL	141	6	B	-4.0291724	3.2626991	-0.7012787
GLY	142	6	B	-5.7718015	1.1056061	1.839468
GLU	143	6	B	-7.9615073	1.4664955	4.8562946
PHE	144	6	B	-8.712725	-0.6916313	7.8659344
THR	163	7	B	-7.226708	4.256199	9.603054
LYS	164	7	B	-6.069159	5.118904	6.1473503
LEU	165	7	B	-2.8400817	3.9894028	4.579338
LEU	166	7	B	-1.0118151	5.957424	1.8997421
ILE	167	7	B	1.829284	3.8442879	0.55970573
THR	168	7	B	4.9140844	4.940357	-1.2822495
ALA	169	7	B	7.0556393	2.092163	-2.658184
GLU	170	7	B	9.938189	1.6590157	-5.0802155
ALA	171	7	B	11.500168	-1.7093163	-5.8192215
VAL	172	7	B	14.631746	-2.399456	-7.863983
LYS	173	7	B	14.952135	-5.4963837	-10.070297
GLN	174	7	B	17.605825	-7.9447746	-8.712074
