Res	Num	Strand	Z-coord
SER	136	0	A	-5.8832016	-17.844406	-17.10625
SER	137	0	A	-3.7791748	-18.86833	-14.044018
GLY	138	0	A	-0.5477066	-18.21097	-12.119499
PHE	139	0	A	1.6885338	-18.443735	-9.036163
ARG	140	0	A	3.980896	-16.204044	-6.979122
VAL	141	0	A	6.463608	-17.074238	-4.2526474
PHE	142	0	A	8.642326	-14.687391	-2.2029572
GLY	143	0	A	11.440826	-14.591499	0.37041473
THR	144	0	A	12.661125	-11.828726	2.6813564
GLY	145	0	A	15.2666855	-11.171288	5.375513
GLY	146	0	A	16.379326	-8.443956	7.776781
HIS	150	1	A	16.652779	-11.187223	12.753048
SER	151	1	A	13.686615	-11.630672	10.43788
LEU	152	1	A	12.845787	-14.434105	8.041422
GLY	153	1	A	9.85178	-14.117199	5.6931076
LEU	154	1	A	8.312557	-16.471426	3.1142635
GLY	155	1	A	5.0712547	-16.59948	1.1345978
ALA	156	1	A	3.056942	-17.964891	-1.7966003
SER	157	1	A	-0.059417725	-17.150848	-3.771103
ALA	158	1	A	-2.12957	-18.994028	-6.3659134
PHE	159	1	A	-4.582733	-17.21225	-8.618416
GLY	160	1	A	-6.8345795	-18.111048	-11.54343
ARG	161	1	A	-9.699249	-16.860117	-13.687527
ASP	166	2	A	-11.763763	-15.453098	-10.434063
GLY	167	2	A	-9.969162	-16.484348	-7.2593346
ILE	168	2	A	-6.8797874	-15.925009	-5.1459007
VAL	169	2	A	-5.3058624	-17.886452	-2.3203297
ALA	170	2	A	-2.3417587	-16.409584	-0.45741653
TRP	171	2	A	-0.16984177	-17.368809	2.4573212
SER	172	2	A	2.712799	-15.611776	4.1648445
SER	173	2	A	4.7391243	-16.492264	7.207115
ARG	174	2	A	7.347191	-14.398367	8.983437
ASP	175	2	A	9.628323	-14.802458	11.984104
ARG	176	2	A	11.410667	-12.071764	13.891714
GLY	177	2	A	13.671463	-12.122902	16.92436
ASP	190	3	A	10.117218	-13.276379	19.320469
GLU	191	3	A	7.207283	-13.396942	16.898472
SER	192	3	A	5.900833	-16.13618	14.59565
ILE	193	3	A	3.4973335	-14.432964	12.17775
ASN	194	3	A	1.1379547	-16.363972	9.888355
ASN	195	3	A	-1.4022217	-14.6602955	7.643385
MET	196	3	A	-3.5633774	-16.2994	5.0055428
LEU	197	3	A	-6.223194	-15.049681	2.618145
ALA	198	3	A	-8.66745	-16.389484	0.011928558
LYS	199	3	A	-10.837807	-14.241646	-2.2339325
GLY	200	3	A	-13.255791	-15.2527275	-4.9925423
THR	201	3	A	-15.705566	-13.359747	-7.1989365
TRP	202	3	A	-18.30478	-14.549698	-9.621906
ALA	207	4	A	-25.021873	-7.050307	-13.79607
GLN	208	4	A	-24.900114	-9.4237175	-10.844376
SER	209	4	A	-21.668846	-9.971504	-8.928604
LEU	210	4	A	-20.819504	-11.940891	-5.68116
SER	211	4	A	-17.520065	-11.760788	-3.7079277
GLY	212	4	A	-16.208397	-13.882498	-0.8374386
LEU	213	4	A	-13.174511	-12.844236	1.2839794
VAL	214	4	A	-11.668697	-14.696653	4.2795143
ARG	215	4	A	-8.589409	-13.824562	6.3229637
TYR	216	4	A	-6.7867203	-15.519632	9.137058
TYR	217	4	A	-4.0026283	-13.8341675	11.123161
ASN	218	4	A	-1.8715096	-15.425545	13.799817
ASN	219	4	A	1.0588837	-14.054264	15.77477
ASP	220	4	A	2.6993713	-16.083044	18.53782
ALA	221	4	A	4.9099426	-13.760384	20.568254
ARG	222	4	A	7.319477	-13.864723	23.479698
VAL	240	5	A	4.947384	-13.116095	28.371117
ASP	241	5	A	3.5627213	-15.504219	25.77545
ARG	242	5	A	0.958271	-13.565598	23.851233
SER	243	5	A	-1.1990395	-14.940111	21.046146
THR	244	5	A	-2.7852097	-12.587233	18.543594
ILE	245	5	A	-5.4756393	-13.986752	16.237246
GLN	246	5	A	-7.7220535	-12.058849	13.823139
ARG	247	5	A	-10.405964	-13.696568	11.665903
ASP	248	5	A	-12.371624	-12.079941	8.8997
ALA	249	5	A	-15.155972	-13.029913	6.5495644
GLN	250	5	A	-17.016937	-10.826252	4.116474
LEU	251	5	A	-19.623344	-11.684383	1.5619812
SER	252	5	A	-20.434525	-8.840164	-0.83159256
TYR	253	5	A	-22.886436	-8.488977	-3.6895638
LYS	254	5	A	-22.752394	-5.9194503	-6.5080986
LEU	255	5	A	-25.71043	-4.9478927	-8.7163315
ALA	256	5	A	-24.711407	-2.6206384	-11.570045
ASN	264	6	A	-24.864689	0.7430301	-9.20293
ALA	265	6	A	-25.533163	-0.73378944	-5.757065
ASP	266	6	A	-23.798952	-3.0821471	-3.3768005
ALA	267	6	A	-24.428154	-4.886727	-0.1248703
LYS	268	6	A	-21.87762	-6.3385158	2.261015
ILE	269	6	A	-22.154919	-8.476125	5.374773
TYR	270	6	A	-19.059685	-9.0282	7.4896183
TRP	271	6	A	-17.569847	-10.559729	10.607166
SER	272	6	A	-14.264965	-9.760653	12.358547
GLU	273	6	A	-12.745419	-11.247116	15.500602
VAL	274	6	A	-9.576828	-10.441853	17.436222
ARG	275	6	A	-8.4199295	-12.555885	20.339731
ILE	276	6	A	-5.4040146	-11.533775	22.370789
ASN	277	6	A	-4.350998	-14.128798	24.945026
ALA	278	6	A	-1.3438644	-14.203777	27.323168
GLN	279	6	A	-0.11826706	-17.458282	29.0198
ARG	288	7	A	-9.182262	-10.150795	25.428455
GLU	289	7	A	-11.730602	-10.875689	22.733664
GLN	290	7	A	-13.338882	-8.429589	20.340057
ILE	291	7	A	-15.93837	-9.1753235	17.721472
THR	292	7	A	-17.268913	-6.5644326	15.337031
LYS	293	7	A	-19.875412	-7.5725875	12.773447
GLY	294	7	A	-22.448336	-5.9081316	10.559702
ALA	295	7	A	-24.075745	-5.0683646	7.249777
ARG	296	7	A	-23.898438	-2.268303	4.6745205
LEU	297	7	A	-26.203678	-1.1581964	1.8074341
GLU	298	7	A	-25.194378	1.4699082	-0.70560074
ASN	299	7	A	-25.918106	2.7264018	-4.224243
ARG	300	7	A	-24.375767	5.196982	-6.7119675
SER	301	7	A	-26.48238	7.3313613	-9.055649
THR	302	7	A	-25.139112	10.068779	-11.351444
LEU	303	7	A	-27.994541	12.617941	-11.739357
SER	310	8	A	-23.704178	16.973295	-12.811062
HIS	311	8	A	-24.54097	15.192596	-9.529125
LEU	312	8	A	-22.718834	12.053736	-8.499821
LEU	313	8	A	-24.894636	10.757168	-5.6909523
THR	314	8	A	-23.486723	8.122454	-3.3946877
TYR	315	8	A	-25.597717	7.2707973	-0.39369965
GLY	316	8	A	-26.241016	4.362457	1.9426403
GLY	317	8	A	-26.832554	3.0176196	5.416973
GLU	318	8	A	-25.279613	0.47967553	7.724558
TYR	319	8	A	-25.741154	-1.4647918	10.983337
TYR	320	8	A	-22.859804	-2.94213	12.959707
ARG	321	8	A	-22.03326	-4.272605	16.421032
GLN	322	8	A	-18.865486	-4.3222284	18.440128
GLU	323	8	A	-18.400723	-6.653098	21.404652
GLN	324	8	A	-15.553169	-7.1684628	23.736507
GLY	325	8	A	-15.231087	-9.40073	26.735777
ALA	344	9	A	-19.498665	-4.5687675	26.814163
LYS	345	9	A	-21.365067	-4.1223154	23.524097
ILE	346	9	A	-22.040766	-1.2174568	21.176277
ASP	347	9	A	-24.475386	-0.97483635	18.276585
PHE	348	9	A	-24.121284	1.6315098	15.5471325
SER	349	9	A	-26.746254	2.640965	13.087992
SER	350	9	A	-26.352734	5.2880807	10.391777
GLY	351	9	A	-27.091988	6.557059	6.950157
TRP	352	9	A	-25.32956	8.966888	4.6574364
LEU	353	9	A	-25.94418	10.896534	1.4557495
GLN	354	9	A	-23.060009	12.419979	-0.55475044
ASP	355	9	A	-22.874603	14.677835	-3.6122665
GLU	356	9	A	-19.856403	15.012217	-5.8564568
ILE	357	9	A	-20.76389	17.852316	-8.208828
THR	358	9	A	-19.044151	18.613382	-11.516644
LEU	359	9	A	-20.032066	21.878996	-13.191856
ILE	364	10	A	-15.393902	24.02558	-10.4297905
THR	365	10	A	-16.065182	20.802702	-8.484745
LEU	366	10	A	-18.118637	20.560522	-5.2857704
LEU	367	10	A	-18.095467	17.973759	-2.488779
GLY	368	10	A	-21.206924	17.865095	-0.28408813
GLY	369	10	A	-23.003668	15.568413	2.1162186
THR	370	10	A	-24.409382	14.588327	5.4944
ARG	371	10	A	-24.618595	11.535	7.7616673
TYR	372	10	A	-26.822601	10.366577	10.585234
ASP	373	10	A	-25.073471	8.421854	13.376663
SER	374	10	A	-26.803596	6.5116277	16.135218
TYR	375	10	A	-25.315643	4.384131	18.86548
ARG	376	10	A	-26.199411	2.5618005	22.064774
GLY	377	10	A	-23.339998	1.3358369	24.205698
SER	378	10	A	-24.362951	-1.1605096	26.86506
ALA	387	11	A	-25.736578	9.545248	21.4431
ASP	388	11	A	-26.768501	10.413525	17.92107
LYS	389	11	A	-25.121782	12.989122	15.652037
TRP	390	11	A	-25.303028	14.639158	12.233709
SER	391	11	A	-21.916143	15.229506	10.652992
SER	392	11	A	-21.660664	17.185253	7.4259434
ARG	393	11	A	-19.043526	18.322016	4.935055
ALA	394	11	A	-18.714268	21.03103	2.2758331
GLY	395	11	A	-15.72525	21.348288	-0.044311523
MET	396	11	A	-14.789696	22.963507	-3.3154793
THR	397	11	A	-11.99995	22.907486	-5.885845
ILE	398	11	A	-11.255058	25.497168	-8.606415
TRP	403	12	A	-1.5065079	23.847996	-14.270428
LEU	404	12	A	-3.1633987	25.420319	-11.201214
MET	405	12	A	-5.540352	24.069407	-8.57156
LEU	406	12	A	-7.177536	25.737581	-5.529354
PHE	407	12	A	-9.380402	24.027994	-2.9461174
GLY	408	12	A	-11.278584	24.656675	0.27445984
SER	409	12	A	-12.706333	22.153572	2.6887875
TYR	410	12	A	-15.05851	22.244814	5.631901
ALA	411	12	A	-15.767647	18.92499	7.3675995
GLN	412	12	A	-17.13733	17.413986	10.595737
ALA	413	12	A	-16.366768	14.203863	12.413958
PHE	414	12	A	-17.108234	12.471891	15.726174
ARG	415	12	A	-16.302036	9.368044	17.651188
ALA	416	12	A	-18.186417	7.237763	20.132568
PRO	417	12	A	-16.47686	6.6350503	23.383852
THR	418	12	A	-14.574821	3.3807282	23.35405
MET	419	12	A	-16.206284	0.51349854	25.291162
GLY	420	12	A	-13.170448	0.7628374	27.625088
GLU	421	12	A	-13.835327	4.496593	27.992245
MET	422	12	A	-17.474895	3.8239503	28.819458
TYR	423	12	A	-17.17561	0.8384719	31.106564
ASN	424	12	A	-13.682541	0.2535696	32.595257
ASP	425	12	A	-13.859249	-0.92057395	36.260044
SER	426	12	A	-10.430077	-2.1905432	37.26084
LYS	427	12	A	-8.095009	-1.0202804	39.99621
HIS	428	12	A	-6.1636734	1.9919457	38.782333
PHE	429	12	A	-3.384655	2.1594095	41.332176
ASN	437	13	A	-8.290337	3.8942342	43.245148
TYR	438	13	A	-10.875778	2.3493304	40.893764
TRP	439	13	A	-12.040436	3.259749	37.395824
VAL	440	13	A	-15.7201	4.336437	37.546364
PRO	441	13	A	-17.99673	4.27214	34.473175
ASN	442	13	A	-19.20964	7.7577653	33.62458
PRO	443	13	A	-22.869785	7.6367803	32.573177
ASN	444	13	A	-22.466324	11.157707	31.085442
LEU	445	13	A	-19.65321	10.61343	28.54271
ARG	446	13	A	-20.612003	12.315186	25.306698
PRO	447	13	A	-19.116287	11.749254	21.834198
GLU	448	13	A	-15.916904	13.536974	20.87894
THR	449	13	A	-16.41286	15.736029	17.803871
ASN	450	13	A	-14.384991	17.927752	15.43189
GLU	451	13	A	-14.8165245	20.50685	12.724659
THR	452	13	A	-11.797516	21.258944	10.574734
GLN	453	13	A	-11.0587845	23.768229	7.825598
GLU	454	13	A	-8.490505	23.145048	5.139143
TYR	455	13	A	-7.3468704	25.314264	2.2137966
GLY	456	13	A	-4.578583	24.866873	-0.2994423
PHE	457	13	A	-3.3594093	24.938585	-3.8688087
GLY	458	13	A	-1.8603134	22.610502	-6.4720116
LEU	459	13	A	0.465477	22.894083	-9.455692
ARG	460	13	A	0.7059326	20.308966	-12.276691
PHE	461	13	A	3.1078072	20.634861	-15.226261
ALA	470	14	A	6.7321396	16.362055	-14.892246
LEU	471	14	A	6.2034836	18.487614	-11.793827
GLU	472	14	A	3.365303	17.964108	-9.336086
PHE	473	14	A	3.0444336	20.065386	-6.205879
LYS	474	14	A	0.30158997	20.22024	-3.5744705
ALA	475	14	A	0.10397339	22.181177	-0.28446007
SER	476	14	A	-2.5781288	22.780424	2.3141136
TYR	477	14	A	-3.171135	24.507748	5.61504
PHE	478	14	A	-5.4581146	22.791342	8.094351
ASP	479	14	A	-7.253132	24.142126	11.147442
THR	480	14	A	-9.325863	21.951775	13.424313
LYS	481	14	A	-11.53957	22.55143	16.488539
ALA	482	14	A	-11.919098	19.429735	18.700678
LYS	483	14	A	-14.779846	19.557901	21.181408
ASP	484	14	A	-15.741901	17.272333	24.08186
TYR	485	14	A	-12.484894	15.36566	23.608078
ILE	486	14	A	-12.501072	12.299616	25.804142
SER	487	14	A	-9.757919	12.255735	28.391296
THR	488	14	A	-9.065353	10.709848	31.82425
THR	489	14	A	-9.318691	12.394627	35.288185
VAL	490	14	A	-8.098602	11.155134	38.700382
ASP	491	14	A	-9.900684	12.225121	41.86788
PHE	492	14	A	-7.351658	11.3133545	44.55442
ALA	493	14	A	-9.57209	12.173538	47.50755
ALA	494	14	A	-12.536564	10.20969	46.110313
ALA	495	14	A	-10.476391	7.1308475	45.11148
MET	498	15	A	-12.94096	8.390068	35.007305
SER	499	15	A	-13.235462	9.2778015	31.334164
TYR	500	15	A	-14.717667	12.71213	30.735222
ASN	501	15	A	-15.2144165	15.257214	27.964922
VAL	502	15	A	-12.848667	18.25245	27.744247
PRO	503	15	A	-14.470657	21.359232	26.170628
ASN	504	15	A	-12.089508	22.530115	23.391384
ALA	505	15	A	-8.80883	21.90609	21.56309
LYS	506	15	A	-7.2149124	23.4144	18.446001
ILE	507	15	A	-5.108433	21.315533	16.06635
TRP	508	15	A	-3.4165573	23.080486	13.130777
GLY	509	15	A	-0.73106384	22.530771	10.481655
TRP	510	15	A	0.623436	22.262415	6.939808
ASP	511	15	A	1.0686531	19.44901	4.405838
VAL	512	15	A	3.194065	19.753775	1.2500267
MET	513	15	A	3.9048042	17.103838	-1.3790188
THR	514	15	A	5.989868	17.321737	-4.605858
LYS	515	15	A	7.1265945	14.922827	-7.258251
TYR	516	15	A	9.647419	15.834036	-9.963589
THR	517	15	A	9.904449	13.279781	-12.793003
SER	522	16	A	12.4822235	11.077152	-10.057285
LEU	523	16	A	12.240715	12.866026	-6.6968956
ASP	524	16	A	9.336807	12.978909	-4.1760063
VAL	525	16	A	9.515858	15.277611	-1.1908207
ALA	526	16	A	6.885399	15.589073	1.5826111
TYR	527	16	A	6.7085037	17.920132	4.5464096
ASN	528	16	A	4.3746796	18.057411	7.5288677
ARG	529	16	A	3.6338425	20.390648	10.39336
THR	530	16	A	1.0921326	19.228407	12.9826355
ARG	531	16	A	0.4776268	21.169306	16.156876
GLY	532	16	A	-2.213913	21.272455	18.839447
LYS	533	16	A	-3.0141144	22.433369	22.343834
THR	548	17	A	9.286411	16.267984	9.186806
VAL	549	17	A	10.507118	16.091248	5.5942116
THR	550	17	A	10.752373	12.758282	3.747429
SER	551	17	A	12.41275	12.542093	0.36548996
THR	552	17	A	12.693581	9.73069	-2.219305
LEU	553	17	A	15.257736	9.764219	-5.065075
ASN	554	17	A	14.787758	7.0890403	-7.7086525
ILE	555	17	A	17.426712	6.706921	-10.447956
SER	563	18	A	17.482674	1.0774817	-10.254639
VAL	564	18	A	19.244781	2.6619139	-7.317566
GLY	565	18	A	17.558678	4.9315915	-4.810627
TRP	566	18	A	17.778374	6.952934	-1.618103
VAL	567	18	A	15.268723	7.5987353	1.1664867
GLY	568	18	A	15.809631	10.58597	3.4571533
THR	569	18	A	13.796707	11.445639	6.552004
PHE	570	18	A	14.549576	14.582659	8.50045
ALA	571	18	A	12.556137	15.52627	11.603226
ASP	572	18	A	12.68309	18.505892	13.875473
ARG	573	18	A	13.3337555	18.079042	17.578703
SER	574	18	A	10.309761	17.444332	19.799486
GLN	584	19	A	14.148666	14.110216	21.585741
PRO	585	19	A	16.758652	15.824678	19.399698
GLY	586	19	A	16.100853	16.137583	15.661407
TYR	587	19	A	17.859566	13.98563	13.130211
GLY	588	19	A	18.302765	12.80674	9.576397
VAL	589	19	A	18.055511	9.160929	8.597935
ASN	590	19	A	19.064537	7.9499145	5.190855
ASP	591	19	A	18.15506	4.7168183	3.3900204
PHE	592	19	A	19.611252	3.3553824	0.18701363
TYR	593	19	A	18.257584	0.6787305	-2.0761108
VAL	594	19	A	19.265488	-1.3793778	-5.121311
SER	595	19	A	16.464317	-2.9579978	-7.122448
TYR	596	19	A	16.551437	-5.3370385	-10.0580635
GLY	604	20	A	9.012653	-11.921249	-13.342747
MET	605	20	A	11.838913	-12.323236	-10.807724
THR	606	20	A	12.196289	-9.189131	-8.73579
THR	607	20	A	14.851433	-8.669687	-6.0602036
THR	608	20	A	15.588234	-5.5234504	-4.098629
LEU	609	20	A	18.260857	-4.7105527	-1.5307903
VAL	610	20	A	17.840942	-2.0382295	1.1654224
LEU	611	20	A	20.456932	-0.49974108	3.4452991
GLY	612	20	A	18.408806	1.246418	6.1920204
ASN	613	20	A	19.876312	3.8393579	8.583538
ALA	614	20	A	23.092125	3.7341008	6.5259037
PHE	615	20	A	24.99562	6.3911004	8.477924
ASP	616	20	A	24.191093	4.6053042	11.770599
LYS	617	20	A	22.246063	7.6255774	13.149622
GLU	618	20	A	21.047691	7.23607	16.723017
TYR	619	20	A	17.55848	8.654085	16.978361
ILE	625	21	A	11.845444	4.720548	21.986559
PRO	626	21	A	15.0282135	4.1039057	19.985945
GLN	627	21	A	14.548134	3.4810681	16.293407
ASP	628	21	A	16.300919	0.7951231	14.284824
GLY	629	21	A	20.067688	0.73187923	14.3135605
ARG	630	21	A	21.462029	-0.021977425	10.884777
ASN	631	21	A	19.405441	-2.6799436	9.157255
GLY	632	21	A	20.224136	-4.882404	6.1563816
LYS	633	21	A	17.019073	-5.912352	4.331562
ILE	634	21	A	16.583855	-8.20739	1.2985058
PHE	635	21	A	13.471588	-9.041916	-0.68496704
VAL	636	21	A	13.249634	-11.700436	-3.4530067
SER	637	21	A	10.161537	-12.644674	-5.48917
TYR	638	21	A	9.355499	-14.917778	-8.437344
GLN	639	21	A	6.116104	-14.911787	-10.460072
