Res	Num	Strand	Z-coord
LEU	819	0	X	-15.171555	0.642643	-11.88829
ARG	820	0	X	-13.938879	-1.7743778	-9.265137
VAL	821	0	X	-15.68605	-2.804988	-6.057831
ILE	822	0	X	-13.260529	-4.1328173	-3.4015808
ALA	823	0	X	-13.598658	-6.1051493	-0.13659668
GLN	824	0	X	-10.482075	-6.4758244	2.044693
THR	825	0	X	-9.181623	-7.7580976	5.3711243
GLN	826	0	X	-6.012533	-6.152031	6.7570496
GLN	827	0	X	-4.4318733	-7.895668	9.824875
ASP	828	0	X	-1.7903862	-6.0709734	11.959854
GLY	829	0	X	0.55467606	-7.422571	14.604385
GLY	830	0	X	3.50729	-5.8844337	16.374466
THR	831	0	X	5.3379326	-4.8844185	19.509476
TRP	832	0	X	6.1674194	-1.290041	20.494415
GLY	839	1	X	3.1046982	-3.2400093	24.393448
LYS	840	1	X	1.5369797	-5.5314627	21.862015
MET	841	1	X	-0.87438583	-4.364073	19.191986
ARG	842	1	X	-3.088417	-6.6849556	17.181229
GLY	843	1	X	-5.59445	-5.4700165	14.692154
SER	844	1	X	-8.149998	-6.4686584	12.133835
THR	845	1	X	-9.873808	-4.174181	9.633972
GLN	846	1	X	-12.609253	-5.05068	7.142105
THR	847	1	X	-13.043812	-2.5954056	4.314163
VAL	848	1	X	-15.404638	-2.3357658	1.413269
GLY	849	1	X	-14.526354	0.19052887	-1.2774353
ILE	850	1	X	-14.944023	1.3595142	-4.8170166
ALA	851	1	X	-12.519838	2.844717	-7.2615814
ALA	852	1	X	-13.126081	4.212578	-10.754501
LYS	853	1	X	-11.777927	6.3060436	-13.613419
THR	854	1	X	-13.681477	9.550421	-13.157822
THR	858	2	X	-8.389883	10.871019	-12.955704
THR	859	2	X	-9.091843	8.047432	-10.558472
ALA	860	2	X	-11.162149	8.169794	-7.374466
ALA	861	2	X	-11.738867	5.8487034	-4.4959106
ALA	862	2	X	-13.939083	5.7737923	-1.5108032
THR	863	2	X	-13.693527	3.1097012	1.1809082
LEU	864	2	X	-15.469112	2.3402004	4.3812103
GLY	865	2	X	-13.583942	0.58968353	7.102661
MET	866	2	X	-14.556469	-1.0463562	10.339188
GLY	867	2	X	-11.721144	-1.918644	12.6766205
ARG	868	2	X	-11.106102	-3.8090258	15.816193
SER	869	2	X	-7.6852055	-3.6366968	17.375671
THR	870	2	X	-6.095825	-4.308592	20.77536
TRP	871	2	X	-3.184227	-3.046197	22.813171
SER	872	2	X	-1.4733391	-4.7699814	25.807419
ASN	877	3	X	-5.0263557	-3.670167	28.022156
ALA	878	3	X	-7.2734528	-1.8891411	25.569122
LYS	879	3	X	-9.619694	-2.6111374	22.732666
THR	880	3	X	-10.250378	-0.040117264	19.988327
ASP	881	3	X	-13.262558	-0.08724022	17.726944
SER	882	3	X	-13.2039795	2.1353436	14.74382
ILE	883	3	X	-15.240143	3.3594494	11.871048
SER	884	3	X	-13.573353	5.223936	9.101303
LEU	885	3	X	-14.236719	6.604599	5.706253
PHE	886	3	X	-11.262173	6.861624	3.345108
ALA	887	3	X	-11.16119	8.83947	0.10824585
GLY	888	3	X	-8.500212	9.2938175	-2.5463104
ILE	889	3	X	-8.026958	11.051548	-5.848175
ARG	890	3	X	-5.1344376	10.393127	-8.245163
HIS	891	3	X	-4.414356	12.704433	-11.138718
TYR	898	4	X	0.8351021	11.462309	-10.907562
LEU	899	4	X	-0.387928	13.253881	-7.8458557
LYS	900	4	X	-2.6013222	11.756033	-5.1338043
GLY	901	4	X	-4.857559	13.48889	-2.5765839
LEU	902	4	X	-6.0357018	11.365671	0.3752594
PHE	903	4	X	-8.555843	12.146252	3.1270905
SER	904	4	X	-10.015821	10.093239	5.9576263
TYR	905	4	X	-12.393763	10.675659	8.819687
GLY	906	4	X	-12.8248825	8.083963	11.4622345
ARG	907	4	X	-14.153109	7.7050705	14.917252
TYR	908	4	X	-12.687393	5.454378	17.54866
LYS	909	4	X	-13.608488	4.006445	20.897781
ASN	910	4	X	-10.944096	2.7304955	23.300995
SER	911	4	X	-11.986385	0.45511055	26.126358
ILE	912	4	X	-9.305496	0.16647911	28.741058
SER	913	4	X	-9.091911	-2.0979786	31.686646
ARG	914	4	X	-6.1255913	-1.7593613	34.025543
SER	915	4	X	-5.1694717	-3.8096418	37.025513
THR	916	4	X	-4.9264793	-1.2693615	39.766495
GLU	920	5	X	-9.105267	-4.760441	41.21016
HIS	921	5	X	-9.485228	-3.166853	37.794815
ALA	922	5	X	-10.440941	0.26229668	36.4619
GLU	923	5	X	-12.535496	0.33810616	33.293808
GLY	924	5	X	-12.360905	3.3892517	31.02243
SER	925	5	X	-13.946991	4.3987236	27.779724
VAL	926	5	X	-12.889715	7.177019	25.449722
ASN	927	5	X	-13.928652	8.380207	22.080597
GLY	928	5	X	-11.928032	10.219837	19.549759
THR	929	5	X	-11.801743	11.389013	15.96669
LEU	930	5	X	-8.8637085	10.975416	13.69455
MET	931	5	X	-8.517357	12.7285385	10.364044
GLN	932	5	X	-5.863657	12.23675	7.798233
LEU	933	5	X	-4.8995476	14.402979	4.8631287
GLY	934	5	X	-2.3598213	13.213293	2.3394928
ALA	935	5	X	-0.52446747	14.530783	-0.6358795
LEU	936	5	X	1.7287254	12.26948	-2.6313934
GLY	937	5	X	3.5303383	12.63084	-5.932007
GLY	938	5	X	4.7568703	9.652124	-7.9432373
VAL	939	5	X	6.968113	9.055105	-11.009674
ASP	948	6	X	7.8994293	-1.3064709	-13.415253
LEU	949	6	X	9.572212	0.9260826	-10.719025
THR	950	6	X	7.343151	3.6812286	-9.189423
VAL	951	6	X	8.801476	6.2189217	-6.74881
GLU	952	6	X	6.34317	7.8304157	-4.436264
GLY	953	6	X	6.585243	10.450628	-1.7256165
GLY	954	6	X	4.7222176	13.055567	0.276886
LEU	955	6	X	3.1363945	14.030619	3.5095978
ARG	956	6	X	0.25058365	12.850281	5.6756134
TYR	957	6	X	-1.1991043	15.077898	8.383301
ASP	958	6	X	-2.98003	13.273226	11.252167
LEU	959	6	X	-5.342144	15.344618	13.316391
LEU	960	6	X	-6.5585327	13.500994	16.41246
LYS	961	6	X	-9.220766	15.024485	18.627075
GLN	962	6	X	-9.864334	12.798113	21.676437
ASP	963	6	X	-12.630383	13.447485	24.254639
ALA	964	6	X	-12.401184	13.644388	27.99231
PHE	965	6	X	-13.098717	10.449263	29.90892
ALA	966	6	X	-13.160488	8.98505	33.397858
GLU	967	6	X	-12.695244	5.4343395	34.68315
LYS	968	6	X	-15.463161	3.7008018	36.686325
TRP	974	7	X	-8.513851	8.279842	36.71158
SER	975	7	X	-10.0026245	10.978931	34.56624
GLY	976	7	X	-8.453922	12.599651	31.54567
ASN	977	7	X	-9.06131	15.768713	29.56253
SER	978	7	X	-9.605328	16.142065	25.849854
LEU	979	7	X	-6.7115097	16.257528	23.588852
THR	980	7	X	-6.081917	17.681913	20.098846
GLU	981	7	X	-2.8642883	16.609503	18.363174
GLY	982	7	X	-1.708416	17.199385	14.799362
THR	983	7	X	1.2255745	15.302713	13.276154
LEU	984	7	X	2.9214592	15.689585	9.894226
VAL	985	7	X	4.4528427	12.505556	8.511429
GLY	986	7	X	6.9557953	12.294468	5.6905823
LEU	987	7	X	6.6911354	9.260435	3.4414978
ALA	988	7	X	8.813187	7.9663773	0.6099396
GLY	989	7	X	8.762959	4.6689796	-1.1141205
LEU	990	7	X	9.591183	2.3082218	-3.9562836
LYS	991	7	X	7.3894463	-0.21558571	-5.7375183
LEU	992	7	X	8.910725	-2.7627773	-8.11673
SER	993	7	X	6.0353203	-4.33749	-10.068649
GLN	994	7	X	6.9690285	-7.340022	-12.265289
PRO	995	7	X	4.081398	-8.74443	-14.31459
LEU	996	7	X	4.097637	-12.552862	-14.418198
ALA	1000	8	X	-0.9058075	-11.462002	-12.492447
VAL	1001	8	X	1.6799278	-9.141712	-11.079224
LEU	1002	8	X	4.023197	-9.405569	-8.114136
PHE	1003	8	X	5.565769	-6.3278503	-6.4208374
ALA	1004	8	X	8.227512	-5.656597	-3.870758
THR	1005	8	X	8.016182	-2.4276638	-1.7725983
ALA	1006	8	X	10.57954	-0.5796757	0.31056213
GLY	1007	8	X	9.685711	2.6143932	2.162384
VAL	1008	8	X	10.567257	5.218567	4.713501
GLU	1009	8	X	8.241993	6.957447	7.1704865
ARG	1010	8	X	8.861359	9.339275	10.041931
ARG	1042	9	X	10.829258	3.465166	10.090988
LEU	1043	9	X	11.836262	1.2702026	7.196823
VAL	1044	9	X	9.047054	-0.7790699	5.6977844
ALA	1045	9	X	9.624287	-3.6866446	3.3019867
GLY	1046	9	X	6.7676506	-5.570116	1.6485443
LEU	1047	9	X	5.410267	-8.0344925	-0.87353516
GLY	1048	9	X	2.4150505	-8.23746	-3.0546722
ALA	1049	9	X	0.47945023	-9.80167	-5.8665314
ASP	1050	9	X	-2.7188492	-8.795989	-7.762512
VAL	1051	9	X	-4.317436	-11.664651	-9.756622
ASN	1058	10	X	-9.47678	-10.129637	-9.03447
GLY	1059	10	X	-7.684908	-11.144459	-5.8446045
LEU	1060	10	X	-5.0365906	-9.435698	-3.7983093
ALA	1061	10	X	-2.281128	-10.344085	-1.3171997
ARG	1062	10	X	0.02399826	-7.920789	0.49699402
TYR	1063	10	X	2.416996	-8.444719	3.35643
SER	1064	10	X	4.5579453	-5.7136974	4.928177
TYR	1065	10	X	6.978016	-5.3037167	7.8497467
ALA	1066	10	X	7.668537	-1.8952904	9.475098
GLY	1067	10	X	10.716515	-1.4147549	11.76857
ASN	1073	11	X	4.829239	-4.370346	12.968353
HIS	1074	11	X	3.6529694	-7.138466	10.651077
SER	1075	11	X	0.8986244	-5.8928623	8.265305
GLY	1076	11	X	-0.9708557	-8.336055	6.008606
ARG	1077	11	X	-3.8628426	-7.9202576	3.5524292
VAL	1078	11	X	-6.167162	-10.072029	1.4107666
GLY	1079	11	X	-8.588749	-8.460391	-1.0307312
VAL	1080	11	X	-11.204649	-9.775495	-3.4255219
GLY	1081	11	X	-12.363743	-7.4379635	-6.1810455
TYR	1082	11	X	-14.911228	-7.040146	-8.939041
ARG	1083	11	X	-14.405909	-4.881997	-12.025131
PHE	1084	11	X	-17.673203	-4.001361	-13.82515
