Res	Num	Strand	Z-coord
GLY	25	0	X	-8.072334	11.216465	-12.304777
LEU	26	0	X	-10.464546	9.296146	-10.055125
ILE	27	0	X	-13.62543	9.831795	-8.083234
LYS	28	0	X	-13.30428	7.2637024	-5.3073845
LEU	29	0	X	-15.917185	6.1060104	-2.8420644
ASP	30	0	X	-15.007445	3.820591	0.06715131
LEU	31	0	X	-17.16118	2.4239616	2.8047705
LYS	32	0	X	-15.440047	0.5576687	5.6357145
THR	33	0	X	-16.39564	-1.1109409	8.845638
GLU	40	1	X	-15.811024	-6.5456924	8.649462
PHE	41	1	X	-16.639795	-5.1941795	5.1837378
THR	42	1	X	-14.978106	-2.8595924	2.6892014
SER	43	1	X	-16.704525	-1.7966595	-0.46574068
SER	44	1	X	-15.219753	0.54086685	-3.0125184
GLY	45	1	X	-16.253496	2.3446083	-6.1873226
SER	46	1	X	-14.041033	4.168392	-8.66439
ALA	47	1	X	-14.850217	6.355671	-11.624701
ASN	55	2	X	-15.347279	0.04736519	-11.142734
GLY	56	2	X	-16.617016	-1.5966778	-7.9923544
SER	57	2	X	-15.515369	-4.075535	-5.3348646
LEU	58	2	X	-16.634457	-5.675022	-2.1433525
GLU	59	2	X	-14.574297	-7.4716377	0.44996047
THR	60	2	X	-16.030643	-9.408152	3.3580287
LYS	61	2	X	-13.780159	-10.453011	6.213236
TYR	62	2	X	-14.573259	-12.716114	9.182949
ARG	63	2	X	-11.944925	-13.028219	11.986677
TRP	64	2	X	-12.119421	-15.993906	14.456651
GLY	68	3	X	-5.8685646	-16.908195	14.509466
LEU	69	3	X	-8.167889	-17.446215	11.515319
THR	70	3	X	-9.399115	-14.966896	8.961123
PHE	71	3	X	-11.6733055	-15.824926	6.074848
THR	72	3	X	-11.96051	-13.234758	3.3650475
GLU	73	3	X	-14.108004	-12.896982	0.28110886
LYS	74	3	X	-13.562955	-10.631346	-2.6420765
TRP	75	3	X	-15.800606	-9.730761	-5.573801
TRP	75	3	X	-15.835308	-9.613235	-5.4700947
ASN	76	3	X	-15.329408	-7.0154686	-8.196846
THR	77	3	X	-17.374325	-5.711891	-11.135763
THR	80	4	X	-13.755149	-11.855143	-10.507352
LEU	81	4	X	-14.425341	-13.705507	-7.2506847
GLY	82	4	X	-11.932629	-14.803432	-4.601961
THR	83	4	X	-11.566135	-16.428692	-1.2011919
GLU	84	4	X	-8.650601	-16.290768	1.2357898
ILE	85	4	X	-8.14847	-18.28574	4.42199
THR	86	4	X	-5.305168	-17.270634	6.7710166
VAL	87	4	X	-3.914402	-18.901237	9.937916
GLU	88	4	X	-1.5145531	-16.805584	12.007381
GLY	94	5	X	4.8845043	-16.155651	14.318657
LEU	95	5	X	4.056381	-18.55989	11.521093
LYS	96	5	X	1.4423771	-17.44245	8.927441
LEU	97	5	X	-0.1852169	-19.68188	6.2782974
THR	98	5	X	-2.545538	-18.403265	3.5938454
PHE	99	5	X	-4.57481	-20.303923	1.051403
ASP	100	5	X	-5.9625664	-18.16755	-1.7235255
SER	101	5	X	-8.3704605	-19.070274	-4.5882683
SER	102	5	X	-9.481231	-16.833172	-7.4582014
PHE	103	5	X	-12.120587	-17.508827	-10.193487
SER	104	5	X	-13.025393	-15.494243	-13.310968
LYS	109	6	X	-9.603745	-18.888363	-15.624578
LYS	110	6	X	-8.898851	-19.77427	-12.013828
ASN	111	6	X	-5.8254147	-19.049961	-9.8765955
ALA	112	6	X	-4.694149	-20.649551	-6.5653915
LYS	113	6	X	-1.9581566	-19.472267	-4.1982613
ILE	114	6	X	-0.26494408	-20.535042	-1.0046272
LYS	115	6	X	1.7620583	-17.999214	0.9671478
THR	116	6	X	3.8677902	-18.95503	3.9859161
GLY	117	6	X	5.5643253	-16.522598	6.326084
TYR	118	6	X	7.750448	-16.958744	9.33814
LYS	119	6	X	8.825443	-14.081469	11.507911
HIS	122	7	X	15.910809	-10.39679	13.473351
ILE	123	7	X	14.374451	-12.568018	10.6560335
ASN	124	7	X	11.464363	-12.266172	8.282691
LEU	125	7	X	11.040581	-15.116205	5.794237
GLY	126	7	X	8.467323	-15.797316	3.0555878
CYS	127	7	X	7.696903	-18.290722	0.3191862
ASP	128	7	X	4.7105293	-17.755661	-1.9620676
VAL	129	7	X	3.641468	-20.412682	-4.468957
ASP	130	7	X	1.5186653	-19.47582	-7.4820337
PHE	131	7	X	-0.23718262	-22.487087	-9.034243
SER	137	8	X	6.0736084	-19.971394	-9.694967
ILE	138	8	X	7.665085	-19.548512	-6.3211107
ARG	139	8	X	8.626419	-16.267859	-4.7426786
GLY	140	8	X	11.07283	-16.498394	-1.8330488
ALA	141	8	X	12.132034	-13.588615	0.40149784
LEU	142	8	X	14.366737	-13.259081	3.4811249
VAL	143	8	X	15.126553	-10.142122	5.5031986
LEU	144	8	X	17.785797	-10.081087	8.2250185
GLY	145	8	X	17.94622	-7.3879814	10.926308
GLY	148	9	X	18.471153	-1.0351791	13.041664
TRP	149	9	X	20.204262	-2.3568287	9.873891
LEU	150	9	X	18.315926	-4.459099	7.388838
ALA	151	9	X	19.426693	-6.6246853	4.4841785
GLY	152	9	X	17.038841	-8.550625	2.2246342
TYR	153	9	X	17.014515	-10.866333	-0.77801895
GLN	154	9	X	14.006737	-11.683592	-2.9663944
MET	155	9	X	13.722504	-14.1602745	-5.8958893
ASN	156	9	X	11.0296135	-15.575972	-8.221371
PHE	157	9	X	11.350666	-18.948961	-9.971404
GLU	158	9	X	9.105587	-19.765175	-12.9781685
ARG	163	10	X	14.404739	-20.078629	-14.618597
VAL	164	10	X	14.797829	-17.326689	-12.052139
THR	165	10	X	12.930981	-14.322361	-13.514374
GLN	166	10	X	13.621445	-12.0424385	-10.560226
SER	167	10	X	16.525795	-11.439928	-8.246517
ASN	168	10	X	16.383598	-8.409815	-5.9233084
PHE	169	10	X	18.593513	-7.134676	-3.0902004
ALA	170	10	X	17.712673	-4.3956547	-0.5100498
VAL	171	10	X	19.755005	-2.7704582	2.2515373
GLY	172	10	X	18.429173	-0.22618675	4.748165
TYR	173	10	X	18.438885	1.3512115	8.154686
LYS	174	10	X	15.272182	1.8568268	10.102949
GLN	179	11	X	14.370651	5.2108803	7.308876
LEU	180	11	X	16.955223	4.5880623	4.6059074
HIS	181	11	X	16.155525	2.0080223	1.9059353
THR	182	11	X	18.161716	0.98833656	-1.1232071
ASN	183	11	X	17.484138	-1.7666492	-3.6713924
VAL	184	11	X	18.69371	-3.0753899	-6.9833097
ASN	185	11	X	16.278702	-5.1579723	-9.03379
ASP	186	11	X	17.874676	-7.6671524	-11.434042
GLU	189	12	X	17.030125	-1.0112228	-11.537798
PHE	190	12	X	18.456764	1.0248756	-8.677271
GLY	191	12	X	16.268929	2.7179985	-6.0269957
GLY	192	12	X	16.89381	4.680565	-2.8567753
SER	193	12	X	14.690056	6.485512	-0.408823
ILE	194	12	X	14.94875	8.459122	2.8062668
TYR	195	12	X	11.919121	8.813732	5.115465
GLN	196	12	X	11.899666	11.29575	8.052362
LYS	197	12	X	9.344818	11.860783	10.7451515
VAL	198	12	X	10.509293	15.441177	11.255041
LEU	202	13	X	5.5813236	16.635204	9.37732
GLU	203	13	X	6.818018	13.58099	7.469099
THR	204	13	X	9.163315	13.956379	4.4946213
ALA	205	13	X	10.469246	11.641624	1.8015938
VAL	206	13	X	13.051941	11.684044	-0.9882822
ASN	207	13	X	13.087715	8.960266	-3.7019243
LEU	208	13	X	15.904373	8.256783	-6.208787
ALA	209	13	X	15.782814	5.8636093	-9.145554
TRP	210	13	X	18.03629	5.0731506	-12.089125
ARG	218	14	X	14.576698	10.237091	-11.545201
PHE	219	14	X	13.869331	11.829849	-8.170389
GLY	220	14	X	10.966099	13.004772	-6.1158075
ILE	221	14	X	10.565746	14.949665	-2.8896828
ALA	222	14	X	7.2997665	14.683903	-0.8832512
ALA	223	14	X	5.7975025	15.805531	2.4214888
LYS	224	14	X	2.7760258	15.149185	4.5212173
TYR	225	14	X	1.634098	17.842766	7.009447
GLN	226	14	X	-1.0833588	17.055614	9.589221
VAL	227	14	X	-2.4365234	20.635326	10.025892
ALA	231	15	X	-7.0073566	18.183647	8.260286
CYS	232	15	X	-3.9563637	16.915184	6.3623652
PHE	233	15	X	-1.9458408	18.473934	3.461316
SER	234	15	X	0.32458115	16.57817	1.0235062
ALA	235	15	X	2.7364426	18.06422	-1.5388527
LYS	236	15	X	5.151474	16.29831	-3.8709269
VAL	237	15	X	7.414566	17.17323	-6.810877
ASN	238	15	X	9.59301	15.160202	-9.233687
ASN	239	15	X	12.25956	16.060741	-11.773525
LEU	242	16	X	5.1712246	16.96268	-11.963951
ILE	243	16	X	3.5762787	18.59177	-8.887132
GLY	244	16	X	1.0045013	16.70301	-6.8167324
LEU	245	16	X	-1.1410942	18.444149	-4.2024584
GLY	246	16	X	-3.5803795	16.774471	-1.8396459
TYR	247	16	X	-5.877392	17.957848	0.953496
THR	248	16	X	-7.809164	15.643761	3.2834024
GLN	249	16	X	-10.476831	16.944424	5.6239834
THR	250	16	X	-12.6528	15.092606	8.157918
LEU	251	16	X	-16.088627	16.702953	7.5578146
GLY	254	17	X	-15.964185	8.796101	10.156626
ILE	255	17	X	-16.117464	10.910992	6.9980106
LYS	256	17	X	-13.045917	12.172813	5.175318
LEU	257	17	X	-12.979597	14.029171	1.9013307
THR	258	17	X	-9.813145	14.259888	-0.16137505
LEU	259	17	X	-9.1316595	16.60841	-3.0617266
SER	260	17	X	-6.0243034	16.272205	-5.1978683
ALA	261	17	X	-4.464123	17.97274	-8.192412
LEU	262	17	X	-1.6760769	16.824146	-10.51136
LEU	263	17	X	0.040561676	19.647583	-12.345057
LYS	274	18	X	-5.473032	15.888317	-13.334448
LEU	275	18	X	-7.971575	16.40998	-10.497689
GLY	276	18	X	-9.239828	13.809029	-8.022232
LEU	277	18	X	-11.875786	13.359856	-5.3162804
GLY	278	18	X	-11.99239	10.718182	-2.622178
LEU	279	18	X	-14.6093645	10.190582	0.041153193
GLU	280	18	X	-14.091883	7.651268	2.7649827
PHE	281	18	X	-16.768646	6.54974	5.1531954
GLN	282	18	X	-15.827372	4.535454	8.245067
ALA	283	18	X	-18.565655	2.9592743	10.3643265
