Res	Num	Strand	Z-coord
TRP	24	0	A	8.979476	9.935738	-7.192933
TYR	25	0	A	10.650675	6.5158434	-6.6284103
ALA	26	0	A	10.311356	5.1356225	-3.1084764
MET	27	0	A	13.815357	4.2821956	-1.8813431
ALA	28	0	A	13.057751	3.1533873	1.6865524
LYS	29	0	A	10.067591	2.7175286	3.9347918
LYS	30	0	A	9.039366	2.2359312	7.5625896
ASP	39	1	A	8.45752	-2.928651	-3.1493447
ASN	40	1	A	8.733411	-1.6117818	-6.7243824
ILE	41	1	A	6.9731092	1.49248	-5.406266
VAL	42	1	A	6.631174	4.474808	-7.7314854
ALA	43	1	A	4.199787	7.353117	-7.2310743
GLU	44	1	A	3.2991695	10.172473	-9.661736
PHE	45	1	A	1.8487206	13.308863	-8.117676
SER	46	1	A	-0.16157866	15.9048395	-10.014299
MET	53	2	A	-3.3337967	17.379866	-5.550972
SER	54	2	A	-3.7220798	13.713822	-6.4358225
ALA	55	2	A	-1.4107566	10.80828	-6.984872
THR	56	2	A	-1.1416264	7.4036694	-8.56038
ALA	57	2	A	1.1879473	4.7912664	-7.0636463
LYS	58	2	A	2.100473	1.274257	-8.215094
GLY	59	2	A	3.8002815	-1.345978	-6.056118
ARG	60	2	A	3.9024506	-5.071576	-5.3291836
VAL	61	2	A	1.613513	-6.232668	-2.5187027
VAL	69	3	A	-0.06868696	-8.632935	-7.0849037
CYS	70	3	A	0.88424635	-5.3009644	-8.649423
ALA	71	3	A	-1.4314823	-2.8010914	-7.005252
ASP	72	3	A	-2.5300841	0.26441503	-8.953847
MET	73	3	A	-3.46635	2.8704083	-6.430238
VAL	74	3	A	-5.0797048	6.2850533	-6.5222406
GLY	75	3	A	-5.1065817	8.957174	-3.885811
THR	76	3	A	-6.6878643	12.37519	-3.5416324
PHE	77	3	A	-5.442829	14.909071	-1.0418425
PHE	86	4	A	-3.0210176	16.617592	4.0395527
LYS	87	4	A	-5.835634	14.120943	4.3793106
MET	88	4	A	-5.3587027	11.365287	1.8501892
LYS	89	4	A	-8.222383	9.320169	0.50566435
TYR	90	4	A	-7.04601	6.2691984	-1.3797734
TRP	91	4	A	-8.421383	3.329081	-3.3170464
GLY	100	5	A	-8.787193	4.1862955	3.2800045
ASN	101	5	A	-8.133941	7.680995	4.56961
ASP	102	5	A	-4.7335796	8.485817	6.076667
ASP	103	5	A	-2.98169	11.61842	7.294079
HIS	104	5	A	-0.27763796	12.471934	4.6970253
TRP	105	5	A	2.4763021	14.725561	5.970975
ILE	106	5	A	5.460826	16.034813	4.028368
ILE	107	5	A	8.114951	16.196518	6.734379
ASP	108	5	A	10.854736	17.504986	4.4432635
THR	109	5	A	11.69397	17.803728	0.75584555
ASP	110	5	A	13.952719	19.872488	-1.4813282
TYR	114	6	A	14.365046	13.842015	-1.9185064
ALA	115	6	A	11.214294	13.795029	0.10439968
VAL	116	6	A	10.363182	12.32827	3.530954
GLN	117	6	A	6.693762	11.47967	4.0535097
TYR	118	6	A	4.9722223	10.411983	7.300832
SER	119	6	A	1.6192284	9.125193	8.459291
CYS	120	6	A	0.4491315	8.2233925	11.937921
ARG	121	6	A	-2.5396192	5.9191923	11.81018
LEU	122	6	A	-2.9661813	5.362384	15.54852
ASP	131	7	A	1.1330423	2.6805613	14.225455
SER	132	7	A	3.0010204	4.758157	11.59303
TYR	133	7	A	4.3732147	4.511304	8.110381
SER	134	7	A	7.009527	6.5901623	6.347205
PHE	135	7	A	8.39293	6.683113	2.8416357
VAL	136	7	A	11.667324	8.186029	1.6674502
PHE	137	7	A	11.358646	9.203157	-1.986634
ALA	138	7	A	13.961725	10.167617	-4.5850515
ARG	139	7	A	13.605251	11.885626	-7.9321394
ASP	140	7	A	16.502985	9.815519	-9.310612
PRO	141	7	A	15.878693	6.0671406	-9.43269
HIS	142	7	A	19.547087	5.5162153	-8.634546
GLY	143	7	A	19.10333	7.1181297	-5.230851
PHE	144	7	A	20.912449	9.794227	-3.3468502
SER	145	7	A	24.334894	11.209097	-2.7157829
PRO	146	7	A	25.897526	10.612282	0.7076378
GLU	147	7	A	25.211887	14.213608	1.5733235
VAL	148	7	A	21.487682	13.825195	0.9711844
GLN	149	7	A	21.665579	10.457817	2.8290174
LYS	150	7	A	22.77712	12.424621	5.8425574
ILE	151	7	A	19.793077	14.752128	5.6564693
VAL	152	7	A	17.356318	11.848339	5.318799
ARG	153	7	A	18.939697	10.036316	8.253516
GLN	154	7	A	18.465782	13.071279	10.424532
ARG	155	7	A	14.800348	13.342384	9.506514
GLN	156	7	A	14.393465	9.634601	10.312905
GLU	157	7	A	15.828873	10.259045	13.774394
GLU	158	7	A	13.545446	13.241024	14.265159
LEU	159	7	A	10.443893	11.141975	13.644821
CYS	160	7	A	11.673	8.600151	16.193937
LEU	161	7	A	12.121298	6.088604	13.414896
ALA	162	7	A	15.871494	5.580001	13.243526
ARG	163	7	A	16.87002	2.1430995	12.02301
GLN	164	7	A	13.286886	1.1628139	11.301107
TYR	165	7	A	13.412058	1.7155364	7.5786734
ARG	166	7	A	14.331209	-0.83004737	4.9597616
ILE	167	7	A	15.364161	-0.39649606	1.3294637
ILE	168	7	A	12.770294	-0.7003591	-1.3862426
