Res	Num	Strand	Z-coord
GLY	35	0	A	14.9342575	-9.657927	-1.7222004
LEU	36	0	A	15.496548	-6.2602634	-0.11598015
TRP	37	0	A	13.814953	-3.0138092	-1.1182327
TYR	38	0	A	13.756748	0.4821062	0.4167099
VAL	39	0	A	10.591246	2.5623074	0.5023098
VAL	40	0	A	12.081375	5.882921	-0.733469
SER	41	0	A	8.979549	7.8813543	-1.8144379
SER	41	0	A	8.983549	7.867733	-1.765625
MET	42	0	A	5.2307515	7.8739343	-0.9784546
ALA	43	0	A	2.1165643	9.742049	-2.159109
SER	44	0	A	-1.3292623	9.362214	-0.5797653
ASP	45	0	A	-4.6237826	11.071997	0.22330093
SER	59	1	A	12.020721	1.8410015	5.6944084
THR	60	1	A	12.78327	-1.6207428	4.3171387
ARG	61	1	A	10.708162	-4.4206505	2.7338715
ALA	62	1	A	12.501434	-7.8117924	2.623951
ILE	63	1	A	10.518332	-10.177231	0.4607048
ARG	64	1	A	10.311029	-13.910908	-0.099925995
GLY	70	2	A	1.9650159	-14.533537	-2.7785244
LEU	71	2	A	4.7317166	-12.672573	-0.95264053
HIS	72	2	A	5.9359565	-12.734898	2.6339226
VAL	73	2	A	7.167646	-9.258154	3.4812336
HIS	74	2	A	9.471752	-8.532305	6.4537964
MET	75	2	A	9.045681	-4.758745	7.1047173
GLU	76	2	A	11.587254	-2.829403	9.21344
VAL	86	3	A	6.1375346	-6.0193977	11.063471
ASP	87	3	A	5.5641265	-9.072102	8.891994
ALA	88	3	A	2.811338	-9.100679	6.2780113
GLU	89	3	A	1.4796996	-11.76322	3.8915825
TYR	90	3	A	0.60433245	-10.361347	0.42253113
LEU	91	3	A	-2.1006103	-12.680517	-0.857502
LYS	92	3	A	-2.589356	-13.126247	-4.584881
VAL	93	3	A	-5.862723	-11.723782	-5.952694
HIS	98	4	A	-2.1466851	-8.207796	-7.664654
PHE	99	4	A	-2.4413323	-8.639368	-3.9047775
ARG	100	4	A	-4.4808574	-7.9967594	-0.7350502
VAL	101	4	A	-2.8495765	-7.5978985	2.6819496
GLY	105	5	A	-5.7618437	-3.2675285	5.745928
TYR	106	5	A	-4.655888	-3.1585007	2.09383
LEU	107	5	A	-7.7040005	-4.107914	0.0047416687
ASP	108	5	A	-5.895556	-3.990841	-3.3532486
VAL	109	5	A	-2.1649117	-3.7693844	-4.1582108
ARG	110	5	A	-0.86343145	-3.622713	-7.7439003
ILE	111	5	A	2.7931352	-3.7610703	-8.846085
VAL	112	5	A	2.4406352	-1.0533409	-11.516998
ASP	113	5	A	6.0107055	-0.9399357	-12.828533
THR	114	5	A	9.2643585	-2.6342373	-11.921299
ASP	115	5	A	12.560434	-3.5116901	-13.530743
PHE	119	6	A	12.866997	0.02504921	-8.551525
ALA	120	6	A	9.157171	-0.7215786	-8.265133
VAL	121	6	A	6.0450606	1.4168396	-8.154915
LEU	122	6	A	3.21178	0.03867531	-5.993534
TYR	123	6	A	-0.4258237	1.0971928	-6.0513687
ILE	124	6	A	-2.3814845	0.51646614	-2.8359241
TYR	125	6	A	-6.09506	0.9409447	-2.0370445
LYS	126	6	A	-6.5664797	0.63514805	1.7125511
GLU	127	6	A	-8.915367	0.87714577	4.668659
SER	133	7	A	-7.5949373	5.9240866	0.6714058
THR	134	7	A	-5.099405	5.58597	-2.1727104
MET	135	7	A	-1.3882966	5.213464	-1.6786251
MET	135	7	A	-1.3534465	5.1436396	-1.526537
VAL	136	7	A	1.5662198	5.0039062	-4.053154
GLN	137	7	A	4.9537463	3.7751198	-2.9105873
LEU	138	7	A	8.317001	3.8744526	-4.652874
TYR	139	7	A	10.585003	0.9230871	-3.8361607
SER	140	7	A	14.320477	1.1340866	-4.6041985
ARG	141	7	A	16.923702	-1.6888828	-4.371643
THR	142	7	A	19.173595	0.81150436	-2.4678154
GLN	143	7	A	18.72044	4.0218525	-0.38617325
ASP	144	7	A	19.513344	6.104561	-3.4950562
VAL	145	7	A	16.666878	6.6889896	-5.944008
SER	146	7	A	17.793869	6.5644636	-9.587372
PRO	147	7	A	16.40469	9.247867	-11.963867
GLN	148	7	A	14.550278	6.366297	-13.825405
ALA	149	7	A	12.931747	5.2322855	-10.539009
LEU	150	7	A	11.921272	8.817008	-9.678139
LYS	151	7	A	10.583218	9.494109	-13.217258
SER	152	7	A	8.3271885	6.3620167	-13.139107
PHE	153	7	A	6.927219	7.3932085	-9.710194
GLN	154	7	A	6.5132413	11.169752	-10.518139
ASP	155	7	A	4.8132796	10.413316	-13.877705
PHE	156	7	A	2.4418244	7.933159	-12.186192
TYR	157	7	A	1.0743957	9.372655	-8.831486
PRO	158	7	A	-0.4574685	12.633257	-10.427784
THR	159	7	A	-2.447785	10.428425	-12.892834
LEU	160	7	A	-4.385877	9.251121	-9.72995
GLY	161	7	A	-5.39792	12.829322	-8.795376
LEU	162	7	A	-2.7040114	13.049094	-6.0792046
PRO	163	7	A	-1.0321603	16.502588	-6.032879
LYS	164	7	A	2.6865363	17.090656	-5.1955185
ASP	165	7	A	1.6513209	18.395004	-1.700695
MET	166	7	A	0.5388379	14.759862	-0.9426918
MET	167	7	A	4.00007	13.373889	-1.8847713
VAL	168	7	A	7.108357	12.9216385	0.33767128
