Res	Num	Strand	Z-coord
GLU	11	0	A	-8.010371	-6.7938943	2.8144174
LYS	12	0	A	-5.7614775	-9.8588295	2.8673024
SER	13	0	A	-2.1478682	-10.833113	3.3514202
GLU	14	0	A	-0.30712032	-14.047082	2.5331702
ASN	39	1	A	-4.2429686	1.6483102	5.444947
LEU	40	1	A	-1.9528265	3.0898275	2.8233533
ILE	41	1	A	-2.3333998	6.745036	1.8666234
VAL	42	1	A	-0.38577175	7.924177	-1.1919918
LYS	51	2	A	4.3506107	10.622342	0.43459624
MET	52	2	A	3.2366877	7.1525393	1.4915414
ARG	53	2	A	1.583518	6.951309	4.919171
SER	54	2	A	0.6052332	3.693921	6.6289344
GLU	55	2	A	-1.8640661	3.829687	9.534942
THR	61	3	A	4.601969	5.4372616	9.572504
GLU	62	3	A	5.391822	7.5545654	6.5451508
SER	64	3	A	8.389626	11.3098135	1.5180268
PHE	65	3	A	10.476803	10.693408	-1.578532
LYS	66	3	A	11.107076	11.445346	-5.2415676
LEU	67	3	A	11.260162	8.748279	-7.919226
GLY	68	3	A	14.737556	7.520752	-8.756499
GLU	69	3	A	16.351355	9.27837	-5.7789907
LYS	70	3	A	17.886515	7.092128	-3.0426593
PHE	71	3	A	16.655416	7.9176702	0.45614755
ALA	82	4	A	18.543139	2.577622	2.0075233
SER	83	4	A	15.499259	2.8349323	-0.2533518
LEU	84	4	A	14.760609	3.6382551	-3.8812091
ILE	85	4	A	11.366318	3.8742895	-5.526759
THR	86	4	A	10.679777	4.028343	-9.274086
MET	92	5	A	5.837922	0.8120003	-8.371952
LYS	93	5	A	9.229446	-0.7206416	-7.549049
HIS	94	5	A	10.379044	-0.05784321	-3.9987538
GLU	95	5	A	13.668339	-1.5876105	-2.7621655
GLN	96	5	A	14.887979	-1.5266166	0.85794175
ASP	97	5	A	18.505703	-2.490399	1.6131203
THR	103	6	A	13.523661	-6.3210745	0.34659094
TYR	104	6	A	11.838918	-5.8930717	-3.0440173
ILE	105	6	A	8.305802	-4.5115876	-3.0014865
GLU	106	6	A	6.209779	-4.222845	-6.183123
ARG	107	6	A	2.8619804	-2.4331515	-6.1282134
VAL	108	6	A	0.37968922	-2.7583244	-8.982658
LEU	114	7	A	-3.7585497	-2.57067	-5.2049985
LYS	115	7	A	-1.5178175	-5.631066	-4.8866906
ALA	116	7	A	1.7849379	-5.3332157	-3.025018
THR	117	7	A	4.2172365	-8.184399	-3.6327403
VAL	118	7	A	7.033701	-8.356009	-1.0830696
LYS	119	7	A	10.095945	-10.482141	-1.7513001
CYS	125	8	A	4.2787943	-12.326401	0.16926497
VAL	126	8	A	1.2209139	-10.734788	-1.4204507
ARG	127	8	A	-0.87528896	-8.070965	0.35693377
THR	128	8	A	-4.106267	-7.0139217	-1.3231745
TYR	129	8	A	-5.744424	-3.6483822	-0.71275395
SER	130	8	A	-9.0825815	-2.1400685	-1.7730517
LYS	131	8	A	-9.540238	1.4959507	-2.7740157
VAL	132	8	A	-11.3266535	3.620472	-0.15023595
