Res	Num	Strand	Z-coord
MET	34	0	A	-1.4663401	-15.458591	1.0422726
THR	35	0	A	-1.7981405	-15.809727	4.794998
ASN	36	0	A	-0.1752119	-13.879406	7.6082544
LYS	37	0	A	-0.656888	-14.0780525	11.342913
MET	38	0	A	1.1701593	-11.733082	13.717725
LYS	39	0	A	1.2325907	-11.1439705	17.478611
SER	40	0	A	1.7900066	-7.8434258	19.258713
THR	41	0	A	4.9860506	-7.713688	21.31111
LYS	42	0	A	3.7065153	-4.8148384	23.44343
GLY	43	0	A	0.31355286	-5.966362	24.763176
ALA	44	0	A	-3.0838947	-4.9050255	23.404324
LEU	45	0	A	-3.1372213	-2.369091	20.555408
THR	46	0	A	-4.404087	1.1409645	21.303288
PHE	47	0	A	-6.3585396	1.0937767	18.037098
SER	48	0	A	-8.402864	-1.1112862	15.694365
PRO	49	0	A	-6.3479233	-4.1281548	14.550207
TYR	50	0	A	-8.240253	-3.8428726	11.216291
LEU	51	0	A	-6.1623535	-0.7409477	10.44935
LEU	52	0	A	-3.16926	-3.0421638	9.843702
SER	53	0	A	-4.7040367	-5.6803474	7.5066204
HIS	54	0	A	-3.5202332	-3.8656425	4.395199
VAL	55	0	A	-0.13607597	-3.4660149	6.1168957
MET	56	0	A	0.36876106	-7.1066933	7.1025543
PHE	60	0	A	3.288288	-8.724823	0.0037498474
TYR	61	0	A	2.5091457	-7.939602	-3.661972
HIS	62	0	A	4.532983	-10.994762	-4.8287487
PHE	63	0	A	1.4919624	-13.195553	-4.2827263
GLY	64	0	A	-0.90896034	-11.67506	-6.8002796
THR	65	0	A	-2.071581	-13.39539	-9.973667
TYR	66	0	A	-1.2737036	-11.611126	-13.197998
PRO	67	0	A	-3.165142	-11.940464	-16.505028
SER	68	0	A	-2.1102676	-14.421337	-19.215645
GLY	69	0	A	0.7203522	-12.625126	-21.07248
TYR	70	0	A	1.9373846	-10.652561	-18.04932
GLU	71	0	A	4.35137	-11.446362	-15.221279
ASN	72	0	A	3.9221315	-10.183258	-11.624203
PRO	73	0	A	6.7346115	-7.602997	-11.428818
PHE	74	0	A	7.038453	-7.876629	-7.6408978
LEU	75	0	A	7.3836813	-11.674084	-7.9058704
HIS	76	0	A	9.933435	-11.120609	-10.702774
ALA	77	0	A	12.056356	-8.605549	-8.736614
ILE	78	0	A	12.937738	-11.100613	-5.941284
ASN	79	0	A	15.595459	-12.510822	-8.294369
ASN	80	0	A	16.92807	-9.054958	-9.289608
GLY	81	0	A	17.493732	-6.3587646	-6.639763
GLY	82	0	A	13.897374	-6.460354	-5.3900795
TYR	83	0	A	11.686582	-3.449932	-4.675789
THR	84	0	A	10.510037	-1.1772346	-1.8894119
ASN	85	0	A	7.0372343	0.29988098	-1.3147202
THR	86	0	A	6.291673	3.604042	0.38694763
ARG	87	0	A	2.6628036	4.638981	0.8375263
VAL	96	1	A	-2.598669	9.957306	8.001972
LEU	97	1	A	-0.53985405	6.7735214	7.740299
HIS	98	1	A	2.9915113	6.882393	6.36458
VAL	99	1	A	3.9521656	3.2908173	5.6434155
SER	100	1	A	7.234275	1.8854294	4.303295
PHE	101	1	A	7.737182	-1.7058449	3.1473541
SER	102	1	A	11.185446	-3.3622093	2.935295
TYR	103	1	A	12.033444	-6.9514656	1.9279518
ARG	104	1	A	14.8513565	-9.463226	2.1445465
ILE	111	2	A	10.842001	-11.364162	4.9159374
GLY	112	2	A	8.961488	-8.129715	5.489853
ASP	113	2	A	10.126041	-5.292267	7.713581
PHE	114	2	A	7.406273	-2.6608887	7.710039
LYS	115	2	A	7.4096036	0.7283287	9.379977
VAL	116	2	A	4.2340846	2.7562752	9.941222
VAL	117	2	A	3.7742405	6.289795	11.314187
GLY	118	2	A	0.16959095	7.2800064	12.046276
THR	119	2	A	-0.7191677	10.859791	12.99367
GLY	120	2	A	-3.774603	13.118462	13.201681
PHE	121	2	A	-6.5871964	10.734547	14.119205
PRO	122	2	A	-8.996342	12.679264	16.382748
GLU	123	2	A	-9.750614	11.227894	19.840229
ASP	124	2	A	-13.224834	10.294327	18.559566
SER	125	2	A	-11.687412	8.662121	15.475207
VAL	126	2	A	-13.251261	5.3739357	14.4126215
ILE	127	2	A	-9.896559	3.5960808	14.8863735
PHE	128	2	A	-10.0114975	4.038151	18.690222
THR	129	2	A	-13.559959	2.6878548	19.014658
ASP	130	2	A	-13.75415	-0.9508629	17.748554
LYS	131	2	A	-16.70414	-0.19121552	15.415035
ILE	132	2	A	-14.734161	-1.4489708	12.376594
ILE	133	2	A	-15.991325	-4.9874	11.667524
ARG	134	2	A	-14.17548	-5.536331	8.3418045
SER	135	2	A	-12.1701355	-4.0163956	5.518261
ASN	136	2	A	-13.574871	-4.103733	1.9954185
ALA	137	2	A	-12.134113	-4.8416595	-1.4350128
THR	138	2	A	-10.044123	-2.4587517	-3.5102615
VAL	139	2	A	-8.873621	-2.0535393	-7.082962
GLU	140	2	A	-5.474846	-0.3646431	-7.305523
HIS	141	2	A	-4.5097237	1.4926758	-10.470596
LEU	142	2	A	-0.8616581	0.87452316	-11.380131
HIS	143	2	A	1.3190117	2.617157	-13.919495
PRO	144	2	A	5.1028376	3.1885414	-14.346672
MET	145	2	A	6.6489563	6.673435	-14.137917
VAL	149	3	A	9.087332	3.1245384	-10.504944
LEU	150	3	A	5.4663773	1.9726143	-10.339176
VAL	151	3	A	2.9048681	4.45417	-9.039242
GLY	152	3	A	-0.19364929	3.0649529	-7.331667
SER	153	3	A	-3.5067148	4.619915	-6.323427
PHE	154	3	A	-6.4727173	3.0826035	-4.4525948
ALA	155	3	A	-9.391651	4.15464	-2.2565956
ARG	156	3	A	-10.327536	1.7211723	0.5113239
THR	157	3	A	-13.101675	1.36026	3.089367
PHE	158	3	A	-13.882002	-0.33338928	6.399584
SER	159	3	A	-17.473053	-1.2859764	7.1915665
SER	172	4	A	2.0246353	4.419552	-3.35421
HIS	173	4	A	5.4808235	4.613415	-4.8307686
MET	174	4	A	7.1585646	1.2948189	-5.5713463
HIS	175	4	A	10.843687	1.8969536	-6.1713142
PHE	176	4	A	12.521571	-1.040699	-7.8777122
LYS	177	4	A	16.242912	-1.675518	-7.806801
SER	178	4	A	16.86075	-3.4113274	-11.161133
ALA	179	4	A	14.197454	-2.2716942	-13.726246
ILE	180	4	A	10.577106	-3.520359	-13.793873
HIS	181	4	A	9.424593	-6.514698	-15.876095
PRO	182	4	A	8.752024	-5.9491386	-19.63509
SER	183	4	A	5.2147007	-4.8654366	-18.67627
ILE	184	4	A	6.3100433	-1.9988441	-18.685745
LEU	185	4	A	4.968794	-0.85842896	-21.01432
GLY	188	4	A	0.6532736	0.7884636	-22.912895
GLY	189	4	A	-1.6800623	1.6116982	-20.032997
PRO	190	4	A	-2.3438768	0.8356018	-16.374832
MET	191	4	A	-2.5216875	-2.5111961	-14.643215
PHE	192	4	A	-5.305546	-3.0140228	-12.083786
ALA	193	4	A	-4.9720917	-5.026081	-8.854923
PHE	194	4	A	-8.152693	-6.3252373	-7.2081795
ARG	195	4	A	-7.618082	-7.2087135	-3.5550194
ARG	196	4	A	-9.732031	-8.528622	-0.72992325
VAL	197	4	A	-9.016981	-9.844341	2.788784
GLU	198	4	A	-10.45409	-12.220913	5.330061
ILE	208	5	A	-5.3463306	-12.173351	7.3544846
VAL	209	5	A	-6.116583	-14.24609	4.3063526
GLU	210	5	A	-5.5467014	-12.00211	1.3112469
TYR	211	5	A	-6.4137497	-12.553738	-2.348154
GLN	212	5	A	-4.7984943	-10.484272	-5.121107
HIS	213	5	A	-5.7159195	-10.610264	-8.821304
