Res	Num	Strand	Z-coord
ILE	17	0	A	-27.25813	13.564407	-11.275523
PRO	18	0	A	-27.428509	10.845535	-8.655339
VAL	19	0	A	-25.902874	7.6407776	-10.012088
GLY	20	0	A	-25.57624	5.1828575	-7.1067696
ALA	21	0	A	-23.369669	4.4256973	-4.12731
ARG	22	0	A	-20.169476	2.8213272	-3.0039082
ALA	23	0	A	-18.900772	0.59210205	-0.21414018
GLU	24	0	A	-15.447885	1.3528442	1.1417298
VAL	25	0	A	-12.925389	0.22048187	3.6198096
GLY	26	0	A	-9.625717	1.8875542	4.6912956
THR	27	0	A	-7.554539	3.5067635	7.429902
TYR	30	1	A	-15.634897	1.2947464	6.81201
GLY	31	1	A	-18.845081	2.6253395	5.266142
GLY	32	1	A	-19.738367	4.126198	1.9575472
ALA	33	1	A	-21.073517	7.0705643	0.019838333
LEU	34	1	A	-23.778732	8.388458	-2.2301123
LEU	35	1	A	-22.507954	9.33728	-5.684082
TRP	36	1	A	-23.358757	12.016731	-8.246151
GLN	37	1	A	-21.916119	12.802437	-11.732206
ALA	38	1	A	-22.49821	16.006775	-13.686822
VAL	42	2	A	-16.971956	16.317604	-12.289927
GLY	43	2	A	-18.712528	14.154808	-9.673817
LEU	44	2	A	-19.596907	14.207294	-6.014613
ALA	45	2	A	-19.376997	11.845486	-3.1039305
LEU	46	2	A	-21.086927	12.1185875	0.2286334
GLY	47	2	A	-20.159466	9.3953285	2.7247
TYR	48	2	A	-19.363255	8.057037	6.1653566
ASN	49	2	A	-16.441933	6.0754166	7.4617453
GLY	50	2	A	-16.206846	4.7091827	10.913374
GLY	51	2	A	-16.513388	1.7776222	13.243362
ASP	52	2	A	-14.962273	0.24838257	16.368124
ILE	53	2	A	-12.131348	-1.6747894	14.647469
SER	54	2	A	-8.947977	-3.3517838	15.716421
TRP	55	2	A	-6.7411327	-2.329605	12.848275
SER	56	2	A	-3.9534044	-4.6321487	14.093241
ASP	57	2	A	-3.5294247	-6.940056	17.039865
ASP	58	2	A	-0.5763273	-8.927788	18.093834
LEU	59	2	A	1.3359709	-7.8062363	14.938631
LYS	65	3	A	4.1507597	-6.0322723	18.633627
TYR	66	3	A	1.7186317	-3.3385162	17.297218
ASP	67	3	A	-1.8532248	-2.9154816	18.311426
MET	68	3	A	-4.095559	-0.25100708	16.983253
ASP	69	3	A	-7.729876	0.27687836	17.72446
MET	70	3	A	-9.995	2.9207993	16.245804
ASP	71	3	A	-13.323591	4.2606544	17.136614
ASN	72	3	A	-14.313364	6.6148643	14.324949
LYS	73	3	A	-17.233433	8.760544	13.158623
LEU	74	3	A	-16.332409	10.611008	9.952034
ALA	75	3	A	-18.823353	12.049225	7.3780413
TYR	76	3	A	-17.511353	13.744999	4.2603073
LEU	77	3	A	-18.49818	15.636768	1.1749978
ASN	78	3	A	-16.122032	15.985352	-1.7412425
ALA	79	3	A	-16.005186	16.835121	-5.372409
GLU	80	3	A	-14.150414	14.355049	-7.648362
ILE	81	3	A	-12.400451	16.064323	-10.620057
GLY	94	4	A	-9.601702	7.050972	-13.942612
LEU	95	4	A	-7.49485	9.651955	-12.169434
TYR	96	4	A	-9.056801	12.215569	-9.982398
VAL	97	4	A	-8.493149	14.845585	-7.3908825
ALA	98	4	A	-10.862933	14.90839	-4.4526825
ALA	99	4	A	-11.666658	18.075668	-2.5341566
GLY	100	4	A	-14.133076	18.922802	0.15323997
ALA	101	4	A	-14.666491	18.707718	3.927731
ALA	102	4	A	-15.644947	16.334755	6.723445
TYR	103	4	A	-17.179705	16.227825	10.12875
VAL	104	4	A	-14.391237	14.406746	12.058834
ASP	105	4	A	-14.713545	12.638641	15.379829
ASN	106	4	A	-12.036867	9.950512	15.465643
GLN	107	4	A	-10.086851	8.273167	18.23883
TYR	108	4	A	-6.99772	6.028187	17.91206
ASP	109	4	A	-5.31987	3.779789	20.461044
LEU	110	4	A	-1.8177261	2.676323	19.623024
THR	111	4	A	0.31347752	0.26226807	21.519743
LYS	112	4	A	3.8250265	-0.71315765	20.803982
ASN	113	4	A	5.093072	-3.5398636	22.88377
VAL	114	4	A	8.840663	-3.527214	22.422043
VAL	134	5	A	8.739121	-1.9195938	27.406494
SER	135	5	A	5.1855345	-0.9866104	26.306702
ILE	136	5	A	4.40639	2.401348	24.886421
ALA	137	5	A	0.8280401	3.6521149	24.448418
GLY	138	5	A	-0.7453823	6.549122	22.604633
ASN	139	5	A	-4.2612257	7.9561005	22.54397
LEU	140	5	A	-5.007547	10.350449	19.692179
LYS	141	5	A	-8.388907	12.153103	19.513567
TYR	142	5	A	-9.352275	14.216286	16.387068
ASP	143	5	A	-12.420665	16.434845	16.526752
ASN	144	5	A	-13.359207	18.90903	13.870308
ASP	145	5	A	-16.828209	19.891144	12.573797
ILE	146	5	A	-15.488372	21.146145	9.315007
ALA	147	5	A	-12.130573	19.691929	8.251948
PRO	148	5	A	-10.898263	20.503128	4.758651
TYR	149	5	A	-9.966368	17.469482	2.6285439
ILE	150	5	A	-7.754834	16.868908	-0.3707118
GLY	151	5	A	-7.064628	13.543015	-2.023511
PHE	152	5	A	-6.0353446	11.680122	-5.1683493
GLY	153	5	A	-7.723322	8.584267	-6.51647
PHE	154	5	A	-7.9014635	6.0600395	-9.272259
ALA	155	5	A	-11.404082	4.835678	-10.329107
ASN	161	6	A	-23.060638	-0.9673157	-13.500727
TRP	162	6	A	-20.126781	-1.0754395	-11.194712
GLY	163	6	A	-16.47755	-0.20097351	-10.663025
VAL	164	6	A	-13.678871	-0.09630585	-8.086983
PHE	165	6	A	-11.514685	2.6538582	-6.7338743
GLY	166	6	A	-8.616837	3.5543823	-4.491039
GLU	167	6	A	-7.9338055	6.895714	-2.824002
VAL	168	6	A	-5.328986	8.5832405	-0.5719943
GLY	169	6	A	-5.6900663	11.989635	0.9950094
ALA	170	6	A	-5.7070193	13.906818	4.1661415
TYR	171	6	A	-8.003762	15.919117	6.343292
TYR	172	6	A	-6.720319	19.229408	7.775675
SER	173	6	A	-8.175486	18.253109	11.143062
GLY	174	6	A	-5.8864613	20.321033	13.372391
ASN	175	6	A	-3.5411978	18.767262	15.975391
PRO	176	6	A	-5.2462406	15.961426	17.873455
LYS	177	6	A	-5.5643325	15.821365	21.614944
VAL	178	6	A	-2.7182932	13.403332	22.43602
SER	179	6	A	-1.5131226	11.314079	25.376595
LEU	180	6	A	1.6252909	9.197529	25.385122
ALA	181	6	A	2.7532644	6.797348	28.080885
SER	182	6	A	4.9695044	3.7790565	28.812487
ASN	183	6	A	5.150882	1.1842041	31.56866
LEU	215	7	A	-5.0279574	13.299549	9.314955
PRO	216	7	A	-3.955182	11.007446	6.474662
VAL	217	7	A	-6.208585	8.428005	4.98256
GLY	218	7	A	-6.203125	5.649845	2.4184127
LYS	219	7	A	-9.128403	3.5710373	1.1945944
VAL	220	7	A	-10.47946	1.2843246	-1.4626073
GLY	221	7	A	-13.910846	0.103378296	-2.449698
VAL	222	7	A	-16.558575	-0.7477646	-4.964725
ASN	223	7	A	-18.952963	1.500618	-6.7528925
PHE	224	7	A	-22.487804	0.48203278	-7.780815
TYR	225	7	A	-24.451008	2.3725395	-10.355223
