Res	Num	Strand	Z-coord
ASP	354	0	A	20.189716	16.717712	-12.604223
ARG	355	0	A	18.565365	14.766392	-9.763472
ILE	356	0	A	15.298477	13.449577	-8.340586
SER	357	0	A	13.797386	13.753281	-4.860956
ILE	358	0	A	11.026123	11.831123	-3.111969
VAL	359	0	A	7.8965607	13.648121	-1.9612122
PRO	360	0	A	7.21595	13.35582	0.86681175
ASP	361	0	A	10.7523	12.54628	2.101982
LEU	362	0	A	9.589561	11.83139	5.6675386
THR	363	0	A	6.144623	10.402531	6.4533367
ILE	364	0	A	4.1047935	7.6283417	8.081947
ALA	365	0	A	1.7643242	4.7793236	7.188476
ARG	366	0	A	-0.37090683	2.929657	9.742777
ILE	367	0	A	-1.1510086	-0.7534256	10.22732
GLY	368	0	A	-4.8362274	-1.6695938	10.177687
GLY	369	0	A	-7.539959	-4.097164	9.132431
ILE	374	1	A	-9.576109	0.7127762	11.894344
PRO	375	1	A	-8.484203	0.57432556	8.230574
LYS	376	1	A	-4.8700485	0.7627106	7.073913
VAL	377	1	A	-3.4494934	4.1975746	6.2931423
PRO	378	1	A	-1.2836494	4.0938797	3.1626806
ALA	379	1	A	1.460598	6.4991074	2.1128235
GLN	380	1	A	1.7663727	7.8489532	-1.438139
PHE	381	1	A	5.174328	8.83271	-2.8229885
GLU	382	1	A	6.230541	10.548401	-6.0583935
ALA	383	1	A	9.643539	10.932201	-7.684332
MET	384	1	A	10.180943	14.605484	-8.546511
GLY	385	1	A	12.809715	15.729237	-11.047361
TRP	386	1	A	14.942986	18.855904	-10.802519
LEU	387	1	A	17.506287	20.970127	-12.65126
ILE	400	2	A	14.027664	24.36058	-11.280375
ALA	401	2	A	11.186295	21.843235	-10.871546
LEU	402	2	A	10.549328	19.330238	-13.671785
GLY	403	2	A	7.570732	17.563671	-12.114721
ALA	404	2	A	6.8233757	13.950806	-11.231783
PHE	405	2	A	8.56604	11.190868	-13.201897
PRO	406	2	A	7.5211906	7.553604	-13.61606
ALA	407	2	A	9.792381	5.2935944	-11.553011
SER	408	2	A	10.529579	1.8984642	-10.030399
TRP	409	2	A	9.779709	1.7426643	-6.305681
ALA	410	2	A	11.250122	-0.38861465	-3.5338078
THR	411	2	A	11.428833	-0.46216583	0.26663017
ASP	412	2	A	14.264652	-1.5011711	2.5741587
ASN	413	2	A	15.325897	-1.2249832	6.2172384
PHE	414	2	A	16.334435	2.2807274	7.2950277
ASP	415	2	A	19.325466	1.0718918	9.332963
GLU	416	2	A	21.102833	-2.00169	10.757926
GLU	417	2	A	18.691284	-2.1933098	13.702743
ALA	418	2	A	15.659733	-2.2815666	11.407609
GLU	419	2	A	17.416607	-4.9189835	9.281637
LYS	420	2	A	18.013596	-7.140732	12.323229
MET	421	2	A	14.2810135	-6.896122	13.065892
GLN	422	2	A	13.5670395	-7.500227	9.371491
ASP	423	2	A	11.173294	-4.5322647	9.282646
ALA	424	2	A	11.151302	-4.400013	5.4564877
LYS	425	2	A	9.912483	-8.005594	5.4808683
TYR	426	2	A	6.860962	-7.450611	7.713567
ALA	427	2	A	6.074539	-3.7197952	7.407261
GLY	428	2	A	4.355179	-3.8033905	4.0032206
SER	429	2	A	5.1370163	-3.0930176	0.3627863
ILE	430	2	A	5.1548386	-0.3188095	-2.2371464
ASP	431	2	A	3.7842064	-0.71126556	-5.7748966
ASP	432	2	A	4.90361	0.65938187	-9.151573
THR	433	2	A	2.8778343	3.858303	-8.63961
GLY	434	2	A	4.7529984	4.738243	-5.454067
LEU	435	2	A	1.8554802	3.6984024	-3.2262936
PHE	436	2	A	2.9259758	2.0342789	0.02762413
GLY	455	3	A	8.93222	-0.7563324	10.791193
ASN	456	3	A	11.634689	1.8433304	10.316991
LEU	457	3	A	11.814621	1.9105453	6.5184917
LYS	458	3	A	13.500153	3.6360626	3.6078596
VAL	459	3	A	11.702763	4.241844	0.29349136
ILE	460	3	A	13.880779	4.1716385	-2.8274212
ALA	461	3	A	12.79274	5.5285645	-6.210577
THR	462	3	A	14.688187	5.2255173	-9.499577
VAL	463	3	A	13.794167	7.1360855	-12.686464
LEU	470	4	A	18.79599	9.102722	-10.777674
SER	471	4	A	17.850357	7.677086	-7.3758125
ALA	472	4	A	16.330471	9.243	-4.2480373
GLU	473	4	A	15.343651	8.012352	-0.7829199
ALA	474	4	A	12.528576	8.795105	1.6444931
HIS	475	4	A	12.2183	7.9578094	5.3447742
LEU	476	4	A	9.045319	5.9583015	6.0810385
TYR	477	4	A	7.6705704	5.0313377	9.50192
ALA	478	4	A	5.2578697	2.1064415	9.15581
