Res	Num	Strand	Z-coord
SER	28	0	A	18.781559	-3.6784275	-16.272709
PHE	29	0	A	19.349365	-1.0422657	-13.620941
LYS	30	0	A	17.254646	1.846205	-12.331638
LEU	31	0	A	18.235409	4.511341	-9.829077
GLY	32	0	A	15.315006	6.6208305	-8.6350975
GLY	33	0	A	13.606701	7.884613	-5.538406
ARG	34	0	A	10.867939	9.971074	-4.042825
LEU	35	0	A	10.820152	13.074827	-1.8823142
LEU	35	0	A	10.832569	13.061616	-1.8828502
GLN	36	0	A	7.6743546	13.953365	0.039114475
ALA	37	0	A	8.027683	17.304298	1.8002648
ASP	38	0	A	5.1785545	18.029615	4.227328
TYR	39	0	A	4.098465	21.073841	6.206473
SER	40	0	A	1.0432739	20.88127	8.448872
ARG	41	0	A	-0.8348198	22.64604	11.231274
PHE	42	0	A	-3.4481773	21.046692	13.433647
ALA	53	1	A	0.84641457	22.605185	16.643097
ASP	54	1	A	2.8044586	22.230051	13.435169
ALA	55	1	A	5.1057205	19.82357	11.652832
ALA	56	1	A	7.7108765	20.313612	8.941919
TYR	57	1	A	9.247742	17.037466	7.8470006
PHE	58	1	A	9.89875	14.63477	4.992966
ARG	59	1	A	7.2184753	11.957018	5.0443273
ARG	60	1	A	9.488617	9.823182	2.8423657
ALA	61	1	A	12.85173	10.457411	1.2157083
PHE	62	1	A	13.629753	7.2133675	-0.5939746
ILE	63	1	A	16.645287	6.360037	-2.6467319
GLU	64	1	A	15.64259	3.44825	-4.885032
LEU	65	1	A	17.974953	0.9703257	-6.59619
GLY	66	1	A	16.53344	-1.8874109	-8.586651
GLY	67	1	A	17.672352	-4.090825	-11.396673
THR	68	1	A	17.526463	-7.3237457	-13.325465
ALA	69	1	A	20.206646	-9.928534	-13.984098
TRP	73	2	A	16.318008	-12.310892	-11.1853695
LYS	74	2	A	15.257324	-8.89098	-9.926987
TYR	75	2	A	16.200172	-6.875434	-6.865989
GLN	76	2	A	14.802757	-3.7269018	-5.3405576
ILE	77	2	A	16.359512	-1.7626283	-2.4954696
ASN	78	2	A	14.535397	1.3193486	-1.2826991
PHE	79	2	A	16.047375	3.065016	1.6940198
ASP	80	2	A	14.357445	5.940817	3.5008302
TYR	92	3	A	15.78693	2.085787	7.1938176
PHE	93	3	A	14.286327	-0.114299536	4.4923787
ASP	94	3	A	11.045284	0.5067837	2.700478
GLU	95	3	A	11.988819	-2.5865648	0.67586184
ALA	96	3	A	14.960072	-4.8861904	0.22611856
SER	97	3	A	13.793167	-7.7358913	-1.9431186
VAL	98	3	A	14.776009	-10.271687	-4.583408
THR	99	3	A	12.160103	-11.529656	-7.0229163
TYR	100	3	A	12.417629	-14.536116	-9.309507
ASN	107	4	A	6.403614	-14.330683	-9.162764
LEU	108	4	A	8.3713875	-15.480896	-6.1327662
LYS	109	4	A	9.399635	-12.61216	-3.870274
PHE	110	4	A	11.863121	-12.773344	-0.976604
GLY	111	4	A	13.387402	-10.458443	1.5866666
ARG	112	4	A	12.070133	-7.4532604	3.4932523
MET	150	5	A	11.957771	-11.382973	6.250315
MET	150	5	A	11.95834	-11.381202	6.253403
GLY	151	5	A	9.385269	-13.099607	4.1039968
ALA	152	5	A	8.510853	-15.156336	1.0592084
GLN	153	5	A	5.5319386	-14.420803	-1.1747928
VAL	154	5	A	4.0311584	-16.01431	-4.2770667
ASN	155	5	A	1.8038158	-13.917059	-6.5212502
SER	156	5	A	0.16051102	-14.05784	-9.925499
THR	157	5	A	-2.491106	-12.59828	-12.143679
LEU	158	5	A	-5.0796394	-15.210077	-13.142841
MET	161	6	A	-9.403578	-11.08395	-14.515877
ALA	162	6	A	-7.9060783	-11.638187	-11.080656
TYR	163	6	A	-4.8267727	-11.286414	-8.88505
LEU	164	6	A	-3.7093773	-13.476746	-5.975473
SER	165	6	A	-0.88233566	-13.128351	-3.4816098
SER	165	6	A	-0.8892002	-13.090216	-3.4743705
ALA	166	6	A	0.0074005127	-15.244701	-0.47125006
GLY	167	6	A	2.9978771	-15.109224	1.8064237
VAL	168	6	A	4.701063	-15.995321	5.0405602
SER	169	6	A	6.862892	-13.639677	7.053372
SER	169	6	A	6.857605	-13.636005	7.056771
ALA	170	6	A	8.930416	-13.563862	10.217106
LYS	171	6	A	8.39476	-10.320771	12.136223
ASP	172	6	A	10.856846	-8.663803	14.515114
ALA	173	6	A	9.586983	-9.868006	17.885578
VAL	181	7	A	6.5076523	-14.037556	15.336494
LYS	182	7	A	5.329014	-15.824669	12.194038
GLN	183	7	A	2.6603737	-14.301275	9.981886
PHE	184	7	A	0.5267544	-15.494646	7.0741334
ASN	185	7	A	-1.0638332	-13.238054	4.4495893
PHE	186	7	A	-3.5199585	-13.827349	1.649447
ARG	187	7	A	-5.0212917	-11.372454	-0.82548857
GLY	188	7	A	-7.3346252	-12.182168	-3.7113452
VAL	189	7	A	-8.904295	-9.72031	-6.1068053
PHE	190	7	A	-11.449422	-10.181814	-8.872231
ALA	191	7	A	-11.041166	-7.303032	-11.31912
VAL	199	8	A	-12.030472	-0.5229757	-13.177168
LEU	200	8	A	-14.346649	-2.9671285	-11.412722
HIS	201	8	A	-12.540377	-4.496855	-8.481518
VAL	202	8	A	-13.575937	-6.612255	-5.5161824
VAL	202	8	A	-13.586893	-6.633507	-5.518494
GLY	203	8	A	-11.107023	-8.208614	-3.1445346
VAL	204	8	A	-10.594932	-10.115473	0.0796628
VAL	204	8	A	-10.598014	-10.133736	0.07224703
ASN	205	8	A	-7.686716	-9.984543	2.502627
TYR	206	8	A	-6.636799	-12.22624	5.3689218
ALA	207	8	A	-3.7715664	-11.903562	7.829062
TYR	208	8	A	-2.843464	-14.084938	10.78256
ARG	209	8	A	0.016834259	-14.015816	13.257221
ASP	210	8	A	0.980484	-16.306845	16.132374
LEU	211	8	A	1.7850151	-14.423574	19.338028
ASP	212	8	A	2.2747593	-17.449179	21.61493
ASP	213	8	A	4.6160564	-16.667791	24.522247
THR	214	8	A	5.5150642	-13.295717	22.998878
ALA	215	8	A	5.6676197	-9.905821	24.689789
PHE	216	8	A	4.3357067	-7.233572	22.348831
SER	252	9	A	1.5006847	-6.9444456	26.808834
PRO	253	9	A	3.3904724	-9.762171	28.55661
ALA	254	9	A	4.4538536	-13.062981	27.030663
GLY	255	9	A	1.4943161	-15.410257	27.340816
SER	256	9	A	-1.1628437	-12.700094	27.309326
TYR	257	9	A	-2.3129063	-13.270943	23.709042
LYS	258	9	A	-2.2651997	-16.387648	21.539455
ASP	259	9	A	-2.9528809	-15.113705	18.050629
ASP	260	9	A	-4.272766	-12.226828	16.026318
SER	261	9	A	-6.4137936	-12.339708	12.875984
SER	261	9	A	-6.316902	-12.284267	12.843212
VAL	262	9	A	-7.7034893	-9.7293215	10.4312935
TRP	263	9	A	-10.136154	-10.101471	7.5382714
GLY	264	9	A	-10.555489	-7.354761	4.960583
LEU	265	9	A	-12.70217	-6.4645967	1.9636579
GLU	266	9	A	-11.868301	-4.1288986	-0.9471469
GLY	267	9	A	-14.023337	-2.5460374	-3.6077018
ALA	268	9	A	-13.247886	-0.13652682	-6.4167027
TRP	269	9	A	-14.980652	1.2690544	-9.475107
ALA	270	9	A	-13.582449	3.7332852	-11.989386
SER	275	10	A	-13.282138	6.667982	-9.099585
ALA	276	10	A	-14.810374	5.25772	-5.935121
GLN	277	10	A	-13.02286	2.8664854	-3.6134143
ALA	278	10	A	-13.6358385	1.4694698	-0.15866423
GLU	279	10	A	-12.253612	-1.0559919	2.3061147
TYR	280	10	A	-13.505259	-2.6882188	5.5055356
LEU	281	10	A	-11.522993	-4.7419024	7.995457
ALA	282	10	A	-12.049782	-6.47217	11.310421
ARG	283	10	A	-9.456551	-7.6391754	13.817722
LYS	284	10	A	-9.619068	-10.144312	16.642326
LEU	285	10	A	-6.6359463	-10.268255	18.976528
LYS	286	10	A	-7.3059845	-13.427141	20.96524
ILE	295	11	A	-9.410358	-7.0582275	21.755901
LYS	296	11	A	-11.486515	-6.377205	18.661633
ALA	297	11	A	-11.446406	-3.5408318	16.186
LYS	298	11	A	-13.367136	-2.7285235	13.037739
GLY	299	11	A	-12.767345	0.004463911	10.512953
TYR	300	11	A	-13.549677	1.1983697	7.0340104
TYR	301	11	A	-13.017788	4.018338	4.6058755
ALA	302	11	A	-14.641148	5.190832	1.4185052
GLN	303	11	A	-13.079819	7.549021	-1.1025271
LEU	304	11	A	-14.372441	9.49867	-4.0672164
ALA	305	11	A	-11.888098	11.041988	-6.4853606
TYR	306	11	A	-12.337158	13.036071	-9.660759
THR	307	11	A	-9.704443	14.367476	-12.020949
LEU	308	11	A	-11.089153	17.782263	-12.963337
ALA	334	12	A	-3.640131	17.66082	-13.938171
TRP	335	12	A	-5.9586887	18.641874	-11.097452
GLU	336	12	A	-7.648533	16.06286	-8.906939
VAL	337	12	A	-10.110334	16.498682	-6.03192
VAL	337	12	A	-10.113955	16.509062	-6.0414147
PHE	338	12	A	-10.775503	13.789658	-3.4534926
TYR	339	12	A	-12.814781	13.069892	-0.37306166
ARG	340	12	A	-12.127683	10.177598	1.9746804
TYR	341	12	A	-14.260188	9.210258	4.9684796
ASP	342	12	A	-12.741307	6.942829	7.660012
ASN	343	12	A	-14.551407	5.2309895	10.535109
ILE	344	12	A	-12.93528	3.110998	13.255341
LYS	345	12	A	-14.075926	1.3782527	16.432735
VAL	346	12	A	-11.946401	-0.28153157	19.109386
GLU	347	12	A	-13.450968	-2.7681167	21.548557
THR	363	13	A	-13.589922	4.0693884	21.523952
LYS	364	13	A	-14.432588	5.427636	18.087166
ALA	365	13	A	-13.155075	7.8951664	15.550457
LYS	366	13	A	-14.402191	9.2730255	12.263889
ALA	367	13	A	-12.285981	11.34044	9.914688
HIS	368	13	A	-12.916878	13.3827	6.78007
ASN	369	13	A	-10.143717	14.164916	4.3560414
LEU	370	13	A	-10.878185	16.679792	1.5907674
GLY	371	13	A	-8.192858	17.863434	-0.75913
VAL	372	13	A	-6.620598	18.644316	-4.0875363
VAL	372	13	A	-6.627405	18.614033	-4.088348
ASN	373	13	A	-3.6901264	17.099789	-5.9530377
TRP	374	13	A	-1.9238129	19.132273	-8.622871
TYR	375	13	A	0.12996101	16.870789	-10.863697
VAL	376	13	A	2.3888779	19.576485	-12.285511
ALA	379	14	A	7.640209	14.071451	-11.620762
VAL	380	14	A	6.0892487	16.758902	-9.419748
LYS	381	14	A	2.8658752	16.600515	-7.389734
ILE	382	14	A	1.7254925	19.335514	-5.0350814
SER	383	14	A	-1.1218224	18.630383	-2.6299586
SER	383	14	A	-1.1380043	18.672369	-2.6610885
ALA	384	14	A	-3.2557678	20.406416	-0.04620695
ALA	385	14	A	-5.825283	18.768097	2.1976418
TYR	386	14	A	-8.197525	19.609316	5.0309567
TYR	386	14	A	-8.152592	19.607086	5.0353036
VAL	387	14	A	-8.627962	16.908121	7.659497
LYS	388	14	A	-11.195866	16.707413	10.472532
ALA	389	14	A	-11.557744	14.014223	13.124344
LYS	390	14	A	-14.269941	13.345882	15.694611
THR	391	14	A	-13.90716	10.873377	18.55056
ASP	392	14	A	-16.081173	9.032176	21.051994
ASP	401	15	A	-13.663714	15.391479	20.970337
ASP	402	15	A	-12.722793	16.738594	17.567741
GLY	403	15	A	-9.8594475	18.40681	15.777832
ASP	404	15	A	-8.843601	19.964687	12.480835
GLY	405	15	A	-5.7120476	19.995668	10.417728
PHE	406	15	A	-4.325184	21.136168	7.1095376
PHE	406	15	A	-4.344219	21.057386	7.1012273
VAL	407	15	A	-1.4334888	19.45938	5.316958
THR	408	15	A	0.4877262	20.522303	2.2295136
THR	408	15	A	0.4478855	20.473024	2.2116761
ARG	409	15	A	2.9760323	18.328836	0.37579775
LEU	410	15	A	5.4975224	18.832277	-2.394424
GLN	411	15	A	6.401758	15.483628	-3.9423432
TYR	412	15	A	9.222134	14.934744	-6.4050584
VAL	413	15	A	9.600056	11.523183	-8.0337925
