Res	Num	Strand	Z-coord
ASP	70	0	A	20.368896	6.714588	-14.760887
VAL	71	0	A	18.580006	8.891666	-12.232262
ASN	72	0	A	15.081203	10.316395	-12.143677
LEU	73	0	A	13.598806	12.853851	-9.715958
TYR	74	0	A	9.885069	12.666416	-8.841354
GLY	75	0	A	7.7023163	13.824406	-5.9808884
PHE	76	0	A	5.4580994	16.653118	-4.913574
VAL	77	0	A	5.121372	19.85455	-3.0151596
ARG	78	0	A	2.2063713	19.484524	-0.67365265
GLY	79	0	A	0.5992737	21.917606	1.7564087
ASP	80	0	A	-2.1152115	20.857388	4.140106
ALA	81	0	A	-4.534935	22.286007	6.6221313
ASN	82	0	A	-6.7399445	20.379696	9.027939
TYR	83	0	A	-9.709976	21.805576	10.914825
ILE	84	0	A	-10.236687	19.63174	13.931335
ILE	85	0	A	-13.9412155	19.663235	14.7608795
GLU	86	0	A	-13.534325	17.294895	17.626816
THR	102	1	A	-9.467575	19.29942	20.886536
HIS	103	1	A	-12.397465	21.358906	19.469543
ASP	104	1	A	-12.37973	23.905315	16.642532
LYS	105	1	A	-8.720009	24.000973	15.913528
LEU	106	1	A	-6.883606	24.791836	12.6970825
ARG	107	1	A	-3.4568825	23.261341	11.99411
ALA	108	1	A	-1.3493729	23.339077	8.884781
THR	109	1	A	1.9946938	22.079609	7.6020813
ALA	110	1	A	4.202362	21.575603	4.5367126
LYS	111	1	A	5.830452	18.413067	6.0005493
THR	112	1	A	4.2074585	15.844967	3.7118835
THR	113	1	A	6.284027	17.339298	0.89073944
ARG	114	1	A	7.9566	14.448093	-0.92411804
LEU	115	1	A	11.063801	13.74094	-3.0235977
GLY	116	1	A	12.158508	10.594307	-4.7379684
LEU	117	1	A	15.067759	9.326416	-6.77137
ASP	118	1	A	14.796143	6.2688866	-9.070213
PHE	119	1	A	17.975443	4.548832	-10.11087
ASN	120	1	A	18.759285	2.1059265	-12.876396
LYS	127	2	A	18.567112	-5.487007	-13.850662
VAL	128	2	A	20.016699	-3.4004784	-11.136444
GLY	129	2	A	18.51524	-0.36968613	-9.6041565
GLY	130	2	A	16.99478	1.2194557	-6.5966797
LYS	131	2	A	14.867451	3.9246788	-5.0612564
ILE	132	2	A	15.274555	6.5358925	-2.3498611
GLU	133	2	A	12.038273	8.268375	-1.4234848
VAL	134	2	A	11.795267	10.783588	1.3902893
ASP	135	2	A	9.495815	13.248028	3.0697784
PHE	136	2	A	9.600851	15.744015	5.931732
ALA	137	2	A	7.296694	13.847103	8.245956
GLY	138	2	A	10.068043	12.474148	10.512283
SER	146	3	A	12.591946	16.535458	9.498779
LEU	147	3	A	13.620302	14.534252	6.4561462
ARG	148	3	A	13.172783	10.760891	6.872635
ILE	149	3	A	13.223249	7.6224747	4.7473297
ARG	150	3	A	10.013557	6.4230156	3.1890259
HIS	151	3	A	11.6358795	3.9256248	0.75465393
ALA	152	3	A	15.329226	3.0225792	0.4844513
TYR	153	3	A	15.959631	-0.15250397	-1.4480896
LEU	154	3	A	17.897251	-1.8074455	-4.2501907
THR	155	3	A	16.708242	-4.346588	-6.742264
TYR	156	3	A	18.648527	-7.062649	-8.51265
ASN	157	3	A	16.559309	-9.05563	-11.002556
ASN	158	4	A	13.866383	-10.685345	-8.793846
TRP	159	4	A	15.429396	-9.624096	-5.503357
LEU	160	4	A	14.713934	-6.545292	-3.4482574
PHE	161	4	A	16.85156	-5.538227	-0.41344452
GLY	162	4	A	16.054668	-2.647007	1.8838806
GLN	163	4	A	13.189045	-0.53966904	3.2154999
VAL	190	5	A	10.264107	-1.829937	6.7725067
PRO	191	5	A	13.737747	-3.2231178	5.977524
GLN	192	5	A	13.261082	-6.4773064	4.118698
VAL	193	5	A	14.6598	-9.100338	1.7131348
ARG	194	5	A	12.106689	-10.026104	-0.9389267
TYR	195	5	A	11.971344	-12.46236	-3.8491821
ASN	196	5	A	9.508003	-12.451443	-6.73378
TYR	197	5	A	8.523085	-15.779278	-8.4802475
LYS	198	5	A	6.4973755	-15.248257	-11.627571
LEU	199	5	A	3.7915192	-17.951977	-11.548798
THR	203	6	A	0.066524506	-14.146389	-11.439026
GLN	204	6	A	3.0044098	-13.191025	-9.132713
LEU	205	6	A	4.2746086	-14.703278	-5.898468
PHE	206	6	A	6.41045	-12.594215	-3.5270615
VAL	207	6	A	8.120434	-13.954502	-0.41682434
SER	208	6	A	9.890743	-11.746124	2.1045532
ALA	209	6	A	11.810291	-11.72781	5.3542633
GLU	210	6	A	11.081388	-8.440292	7.1394043
SER	222	7	A	10.09852	-5.1568375	26.086014
ILE	223	7	A	9.647228	-6.9550056	22.856934
LYS	224	7	A	12.564156	-8.7673	21.205292
TYR	225	7	A	12.927422	-10.398182	17.844269
SER	226	7	A	15.5692005	-12.995182	17.021423
LEU	227	7	A	14.080099	-13.694019	13.605286
PRO	228	7	A	12.596359	-11.8241005	10.716934
ALA	229	7	A	8.844601	-11.748329	10.165802
LEU	230	7	A	8.07011	-13.970509	7.132141
THR	231	7	A	5.4668007	-13.011463	4.5531616
ALA	232	7	A	4.0194054	-14.259705	1.2942505
LYS	233	7	A	1.8064117	-12.601681	-1.2663574
ILE	234	7	A	0.10597229	-13.676884	-4.482628
THR	235	7	A	-1.1641312	-11.059147	-6.8839417
GLN	236	7	A	-3.6998367	-11.849216	-9.631416
GLY	237	7	A	-4.7897034	-9.615597	-12.533295
TYR	238	7	A	-8.307438	-10.431744	-13.875038
GLY	243	8	A	-9.182007	-6.318775	-11.755829
SER	244	8	A	-6.1782837	-6.617668	-9.516655
ALA	245	8	A	-6.472122	-8.926239	-6.4600677
SER	246	8	A	-4.0242157	-10.096516	-3.7796936
ALA	247	8	A	-3.79599	-12.592083	-0.95597076
ARG	248	8	A	-1.201828	-12.386921	1.8236694
VAL	249	8	A	0.1256218	-14.280632	4.838684
LEU	250	8	A	2.2840538	-13.199871	7.7817535
VAL	251	8	A	4.09182	-15.245789	10.417862
GLU	252	8	A	6.399288	-13.729111	13.064102
ASN	253	8	A	7.90547	-14.777607	16.344086
TYR	254	8	A	8.875494	-12.56245	19.271545
LYS	255	8	A	9.751251	-12.671585	22.879242
SER	256	8	A	8.2499485	-10.715176	25.775345
GLN	257	8	A	11.001701	-9.955479	28.264832
ASP	261	9	A	8.330503	-16.388512	26.765549
ASP	262	9	A	8.033432	-16.369144	23.047348
LYS	263	9	A	4.9846992	-16.2757	20.848663
THR	264	9	A	4.0161285	-16.447178	17.243103
GLY	265	9	A	2.0332375	-13.629528	15.678024
TRP	266	9	A	0.35108185	-14.086216	12.302429
GLY	267	9	A	-2.1143951	-12.775745	9.761185
VAL	268	9	A	-4.014267	-13.414848	6.5659485
ALA	269	9	A	-5.375534	-10.856224	4.126404
VAL	270	9	A	-7.2001686	-10.513569	0.8413849
GLY	271	9	A	-8.084183	-7.548481	-1.3613281
THR	272	9	A	-9.065063	-6.283993	-4.7444
ASP	273	9	A	-9.590363	-3.1665611	-6.7708817
PHE	274	9	A	-11.673309	-3.0389442	-9.953209
LYS	275	9	A	-12.222771	-0.48611832	-12.725548
VAL	276	9	A	-15.943626	-0.6651573	-13.3452
MET	280	10	A	-15.547901	4.523739	-11.653908
LYS	281	10	A	-13.257858	2.398674	-9.5590515
MET	282	10	A	-13.956287	0.22746658	-6.4777145
PHE	283	10	A	-11.863228	-1.0805511	-3.5894547
ALA	284	10	A	-12.171173	-3.7660675	-0.9016113
ASP	285	10	A	-9.540989	-5.2994156	1.3640137
ALA	286	10	A	-9.55336	-7.1157036	4.668976
SER	287	10	A	-7.0966263	-8.6961975	7.1130066
TYR	288	10	A	-7.3521805	-11.095875	10.033279
VAL	289	10	A	-4.4259567	-10.602627	12.450333
VAL	290	10	A	-3.271637	-12.126602	15.788208
GLU	314	11	A	-6.948345	-10.46767	17.609375
PHE	315	11	A	-8.731445	-8.378197	15.019531
VAL	316	11	A	-10.2752075	-8.007557	11.642075
ALA	317	11	A	-9.444992	-5.004921	9.503479
VAL	318	11	A	-11.625114	-3.8920517	6.5930023
GLN	319	11	A	-11.512199	-1.1256676	4.061264
VAL	320	11	A	-13.953651	-0.4219017	1.1908875
GLY	321	11	A	-14.781136	2.4872017	-1.074585
GLY	322	11	A	-15.247025	3.9048958	-4.5423203
THR	323	11	A	-13.668419	6.6571884	-6.6166306
TYR	324	11	A	-15.795387	8.475468	-9.2009735
LYS	325	11	A	-14.800632	11.012157	-11.864395
ILE	326	11	A	-17.550442	13.540745	-11.5791855
ASN	329	12	A	-10.737293	17.23685	-13.672958
LEU	330	12	A	-12.822693	16.45161	-10.539215
ARG	331	12	A	-12.927959	13.2216835	-8.668114
SER	332	12	A	-14.43174	12.077595	-5.4236374
THR	333	12	A	-13.864681	9.137447	-3.1352005
LEU	334	12	A	-16.298416	7.771557	-0.54798126
ALA	335	12	A	-14.987698	5.1431007	1.872055
TYR	336	12	A	-15.123779	3.2614632	5.1184998
GLY	337	12	A	-12.467987	1.5913582	7.1681824
ALA	338	12	A	-12.474785	-0.23271942	10.462997
GLN	339	12	A	-10.805695	-2.5498543	12.866989
PHE	340	12	A	-12.858952	-4.81583	15.090378
SER	341	12	A	-10.913433	-6.4446144	17.874023
ASP	342	12	A	-12.133324	-9.532669	19.643524
GLU	356	13	A	-12.842747	-2.8208733	20.599365
LYS	357	13	A	-13.531433	-0.8976288	17.418869
VAL	358	13	A	-12.095749	1.913002	15.426941
GLN	359	13	A	-13.901737	3.3810997	12.412842
GLN	360	13	A	-13.451382	6.0411224	9.77269
ALA	361	13	A	-15.854515	7.1506844	7.0721283
TRP	362	13	A	-14.663876	9.785534	4.740906
ILE	363	13	A	-15.470127	11.664616	1.597641
ASN	364	13	A	-13.171139	13.828976	-0.50805664
PHE	365	13	A	-13.26506	15.95863	-3.6160736
ILE	366	13	A	-10.126411	16.602482	-5.5958176
TYR	367	13	A	-9.95134	19.165264	-8.382515
THR	368	13	A	-7.1926155	19.126644	-11.010239
PRO	372	14	A	0.40190887	18.8391	-12.103073
ILE	373	14	A	-1.9650116	20.368496	-9.523827
ASP	374	14	A	-4.493679	18.7617	-7.1972504
LEU	375	14	A	-6.6094093	20.802135	-4.7789764
GLY	376	14	A	-8.597496	18.734562	-2.379776
VAL	377	14	A	-11.04071	18.858883	0.45687103
GLU	378	14	A	-12.012733	15.944637	2.7146454
TYR	379	14	A	-14.352791	15.256779	5.608032
VAL	380	14	A	-13.3460045	12.496563	7.9921265
ASN	381	14	A	-15.605518	11.076031	10.604477
GLY	382	14	A	-13.627071	9.004818	13.066742
LYS	383	14	A	-14.484077	7.1384354	16.197037
ARG	384	14	A	-13.073704	4.6051636	18.582626
ASP	385	14	A	-14.789909	2.538807	21.265045
TYR	392	15	A	-13.637402	9.115894	21.520096
LYS	393	15	A	-14.0525055	11.014286	18.286514
ASP	394	15	A	-11.6615715	12.254818	15.686295
ASN	395	15	A	-13.755875	14.352844	13.276825
ARG	396	15	A	-11.969429	16.684406	10.97554
VAL	397	15	A	-11.824963	18.513088	7.69606
GLY	398	15	A	-8.734108	18.516521	5.5
LEU	399	15	A	-7.5705757	20.848003	2.7579803
MET	400	15	A	-4.663048	20.084217	0.45679474
ALA	401	15	A	-2.746933	21.650738	-2.377777
LYS	402	15	A	-0.2871666	19.479336	-4.2655563
TYR	403	15	A	2.0726814	20.06631	-7.156296
SER	404	15	A	3.5184212	16.902157	-8.73246
