Res	Num	Strand	Z-coord
THR	151	0	A	-7.05781	3.903802	-9.76754
ALA	152	0	A	-7.841754	1.0510607	-7.475952
GLN	153	0	A	-4.944479	-0.4825182	-5.536747
VAL	154	0	A	-4.7037745	-3.7442818	-3.5622444
ASN	155	0	A	-1.8304234	-4.233139	-1.099041
LEU	156	0	A	-0.8068433	-7.4075613	0.7140255
ASN	157	0	A	2.1278968	-7.0453024	3.1431217
PHE	158	0	A	4.1053867	-9.94313	4.7039814
LYS	165	1	A	0.451128	-8.840213	8.157845
GLU	166	1	A	-1.7569408	-6.4034433	6.2928677
SER	167	1	A	-4.290757	-6.265033	3.5187588
SER	168	1	A	-5.654936	-3.0666304	1.9338512
LEU	169	1	A	-7.791298	-1.5574322	-0.7897873
ASP	170	1	A	-7.364894	2.0780687	-1.7966614
TRP	171	1	A	-9.302178	4.009715	-4.525955
LEU	172	1	A	-8.453105	7.4294405	-6.032295
ALA	173	1	A	-11.179166	9.195665	-7.9891243
PRO	174	1	A	-10.641918	12.34976	-10.04377
TRP	175	1	A	-13.606969	14.75175	-9.613544
TYR	176	1	A	-12.198657	17.440006	-11.845665
SER	180	2	A	-2.9805756	21.724651	-15.252445
PHE	181	2	A	-5.248086	21.03894	-12.210953
LEU	182	2	A	-6.6731606	17.824951	-10.796314
PHE	183	2	A	-8.966668	17.494999	-7.755394
PHE	184	2	A	-9.390689	13.985596	-6.339916
SER	185	2	A	-10.804658	11.891453	-3.5186234
GLN	186	2	A	-9.052657	8.853306	-2.0041656
LEU	187	2	A	-10.882968	6.217412	0.13721085
GLY	188	2	A	-9.0861845	3.35295	1.847969
ILE	189	2	A	-9.730808	0.3661461	4.023554
ARG	190	2	A	-7.3006334	-1.9786291	5.7033386
ASN	191	2	A	-6.86121	-4.7191916	8.234919
ASN	196	3	A	-9.74685	-2.2036772	10.664803
THR	197	3	A	-9.091271	1.367393	9.555225
LEU	198	3	A	-11.007836	3.5838966	7.116268
ASN	199	3	A	-9.109388	6.41241	5.406021
LEU	200	3	A	-10.961875	9.254915	3.668497
GLY	201	3	A	-8.961778	12.03727	1.9011345
VAL	202	3	A	-9.054562	14.785431	-0.68507385
GLY	203	3	A	-6.1180716	16.149933	-2.658989
ILE	204	3	A	-5.164611	18.563087	-5.4378242
ARG	205	3	A	-2.3394756	18.246912	-8.000366
THR	206	3	A	-1.1080303	20.959316	-10.33392
LEU	207	3	A	1.3906193	20.685482	-13.209351
LEU	212	4	A	3.6621366	18.097683	-10.410236
TYR	213	4	A	2.9437406	19.684586	-7.016182
GLY	214	4	A	0.21221542	18.291435	-4.7725563
LEU	215	4	A	-1.4630213	18.820496	-1.3980217
ASN	216	4	A	-3.7699575	16.39162	0.35328293
THR	217	4	A	-5.581912	15.828921	3.7022476
PHE	218	4	A	-6.9739695	12.741708	5.2924347
TYR	219	4	A	-9.219811	11.713549	8.09782
ASP	220	4	A	-7.973771	8.280621	9.340433
ASN	221	4	A	-10.304886	6.1909266	11.549833
ASP	222	4	A	-9.23782	3.0159626	13.320068
LEU	223	4	A	-12.756206	1.5469809	13.688353
ASN	227	5	A	-8.622346	6.117099	17.175753
HIS	228	5	A	-8.946304	9.297247	15.134638
ARG	229	5	A	-6.2860203	11.072954	13.177591
ILE	230	5	A	-5.9456663	13.937388	10.758539
GLY	231	5	A	-3.1907883	13.970941	8.129812
LEU	232	5	A	-1.6218667	16.571484	5.7560673
GLY	233	5	A	0.5458307	15.641314	2.7860813
ALA	234	5	A	2.5543237	17.4844	0.09867668
GLU	235	5	A	3.8991647	16.129852	-3.2427216
ALA	236	5	A	6.6593704	17.151915	-5.634922
TRP	237	5	A	6.8785124	14.696238	-8.566784
TYR	240	6	A	10.362455	8.776405	-12.701717
LEU	241	6	A	10.621868	10.587428	-9.37368
GLN	242	6	A	8.057131	11.027034	-6.6677933
LEU	243	6	A	8.814264	13.000423	-3.4893036
ALA	244	6	A	6.356467	13.287922	-0.6005249
ALA	245	6	A	6.1463065	14.709915	2.9525833
ASN	246	6	A	3.3827212	13.677908	5.3783264
GLY	247	6	A	2.2376604	14.857505	8.828836
TYR	248	6	A	-0.02481556	12.832634	11.159166
PHE	249	6	A	-1.9275527	14.434032	14.045784
ARG	250	6	A	-4.1151953	12.956098	16.833935
LEU	251	6	A	-7.759164	14.023423	17.164476
ASN	252	6	A	-8.619798	11.981408	20.224834
GLY	253	6	A	-6.942873	11.422771	23.604034
TRP	254	6	A	-6.0000706	8.551125	25.927883
HIS	255	6	A	-8.6713915	5.8129025	26.206738
GLU	265	7	A	-3.594472	4.3213005	23.852879
ARG	266	7	A	-3.9886703	7.164679	21.390217
PRO	267	7	A	-2.6027732	8.264696	18.044065
ALA	268	7	A	1.0909052	9.174536	18.093388
THR	269	7	A	1.9233491	12.455608	16.377274
GLY	270	7	A	4.607545	12.346712	13.720032
GLY	271	7	A	5.5038996	12.643184	10.0651455
ASP	272	7	A	7.525181	11.191887	7.2195625
LEU	273	7	A	9.624278	11.937416	4.1252537
ARG	274	7	A	9.355986	9.587746	1.1405277
ALA	275	7	A	11.0582	9.128584	-2.231861
ASN	276	7	A	9.970139	6.692936	-4.9761963
ALA	277	7	A	12.317727	6.5307903	-8.024059
TYR	278	7	A	12.2947445	4.3432217	-11.211788
GLN	284	8	A	10.000245	-1.6554422	-14.278168
LEU	285	8	A	12.765009	-1.25354	-11.586494
GLY	286	8	A	11.930338	0.96048164	-8.611305
GLY	287	8	A	13.689053	2.1138992	-5.4785767
LYS	288	8	A	12.32016	3.6206055	-2.3096619
LEU	289	8	A	13.752445	5.608158	0.6822071
MET	290	8	A	11.8397	7.019335	3.657938
TYR	291	8	A	12.467567	8.588997	7.036312
GLU	292	8	A	9.6877165	8.519844	9.750963
GLN	293	8	A	9.645901	10.134747	13.1860485
TYR	294	8	A	6.936634	10.112124	15.84939
THR	295	8	A	6.8387203	11.8987875	19.292747
GLY	296	8	A	5.9048195	10.126619	22.55327
GLU	297	8	A	7.1888895	8.097984	25.474922
ARG	298	8	A	6.0285664	4.6450624	24.434938
VAL	299	8	A	5.2186365	4.7455063	20.707085
GLN	308	9	A	10.064823	3.2511969	22.133957
ARG	309	9	A	10.602128	6.8802867	23.171993
ASN	310	9	A	10.243416	9.355566	20.223991
PRO	311	9	A	11.23726	6.672582	17.67683
TYR	312	9	A	12.362005	7.0686245	14.077137
ALA	313	9	A	12.68244	4.618962	11.208376
VAL	314	9	A	14.6360035	4.691193	7.983427
THR	315	9	A	13.301068	2.5212998	5.1381416
ALA	316	9	A	15.136909	1.2459154	2.0650082
GLY	317	9	A	13.216364	-0.77760315	-0.55268097
ILE	318	9	A	13.401814	-2.2739	-4.0430565
ASN	319	9	A	10.446558	-3.2152805	-6.249565
TYR	320	9	A	9.731999	-4.6645994	-9.655792
THR	321	9	A	6.6981473	-4.0338573	-11.898594
LEU	325	10	A	-1.0821776	-4.3911333	-13.064331
LEU	326	10	A	1.4553077	-5.951582	-10.703373
THR	327	10	A	4.2774305	-4.8202524	-8.397217
VAL	328	10	A	6.409847	-6.8916883	-6.0324783
GLY	329	10	A	8.795618	-5.268466	-3.5206528
VAL	330	10	A	10.99033	-5.8215923	-0.4737091
ASP	331	10	A	11.729019	-3.2216406	2.3015575
GLN	332	10	A	14.110497	-2.9540186	5.193266
ARG	333	10	A	12.948824	-0.7116699	8.078272
MET	334	10	A	15.414129	0.20827007	10.897314
GLY	335	10	A	15.402517	2.3317738	14.048935
LYS	339	11	A	15.009987	-2.4205532	15.863722
HIS	340	11	A	14.58573	-3.9079666	12.432508
GLU	341	11	A	11.937282	-5.179391	10.067686
THR	342	11	A	11.90015	-6.8324327	6.71603
GLN	343	11	A	8.671784	-6.485938	4.7830753
TRP	344	11	A	7.5155754	-8.053384	1.5204754
ASN	345	11	A	4.8193746	-6.299406	-0.6010361
LEU	346	11	A	2.4847836	-7.619422	-3.3055038
GLN	347	11	A	0.5706744	-4.812993	-4.9881897
MET	348	11	A	-2.1220098	-4.704219	-7.6864624
ASN	349	11	A	-3.0926676	-1.6129065	-9.66927
TYR	350	11	A	-6.189864	-1.25698	-11.793392
