Res	Num	Strand	Z-coord
THR	212	0	A	-8.278246	0.17830276	-9.663739
ALA	213	0	A	-8.030762	-2.9765434	-7.5898523
GLU	214	0	A	-4.7659645	-3.4818516	-5.7566204
VAL	215	0	A	-3.3759747	-6.33449	-3.672182
ASN	216	0	A	-0.44901085	-5.6113377	-1.3914032
LEU	217	0	A	1.806591	-8.18255	0.25034142
GLN	218	0	A	4.452694	-6.973131	2.694521
SER	219	0	A	6.9810677	-8.223131	5.2165985
SER	219	0	A	7.002884	-8.254629	5.188637
GLY	225	1	A	0.49645138	-9.025522	6.1610413
SER	226	1	A	-1.7029438	-8.379534	3.153286
SER	227	1	A	-4.3550024	-5.990221	1.8675575
LEU	228	1	A	-6.8620296	-5.41951	-0.92326355
ASP	229	1	A	-8.099345	-1.9552631	-1.9019947
PHE	230	1	A	-10.340668	-0.5703163	-4.636837
LEU	231	1	A	-10.559676	2.9286175	-6.1249886
LEU	232	1	A	-14.005349	3.350481	-7.675889
PRO	233	1	A	-14.983807	6.4970245	-9.660412
PHE	234	1	A	-18.542368	7.773016	-9.425585
TYR	235	1	A	-18.017658	10.831761	-11.58198
LYS	239	2	A	-11.279116	18.037624	-15.553491
MET	240	2	A	-12.575412	16.233713	-12.457059
LEU	241	2	A	-12.825105	12.770147	-10.904862
ALA	242	2	A	-14.879436	11.964735	-7.796116
PHE	243	2	A	-14.239303	8.551373	-6.2905445
GLY	244	2	A	-14.735893	6.216238	-3.3911572
GLN	245	2	A	-11.954052	4.025282	-2.0004673
VAL	246	2	A	-12.647331	0.92492104	0.065906525
GLY	247	2	A	-10.414776	-1.826788	1.352045
ALA	248	2	A	-9.26857	-4.023512	4.177784
ARG	249	2	A	-6.0691543	-5.556341	5.4394417
ARG	249	2	A	-6.0714645	-5.5729847	5.423229
TYR	250	2	A	-4.7314262	-8.096266	7.8707047
THR	256	3	A	-8.60516	-3.1746464	9.691814
ALA	257	3	A	-11.027206	-1.8216286	7.086027
ASN	258	3	A	-11.083608	1.6130962	5.4353085
LEU	259	3	A	-13.648944	3.6646328	3.5133705
GLY	260	3	A	-13.013306	7.030588	1.8421669
ALA	261	3	A	-14.004912	9.455847	-0.87210274
GLY	262	3	A	-12.47143	12.465572	-2.5558758
GLN	263	3	A	-12.060887	14.533735	-5.675295
ARG	264	3	A	-9.14497	15.070038	-8.01915
PHE	265	3	A	-8.957916	18.137089	-10.263719
PHE	266	3	A	-6.868021	18.042316	-13.417996
MET	271	4	A	-3.5757465	17.670769	-10.293414
LEU	272	4	A	-4.9155054	18.870747	-6.9464436
GLY	273	4	A	-6.952658	16.524904	-4.772604
TYR	274	4	A	-8.4916315	16.038359	-1.3418541
ASN	275	4	A	-10.012856	13.001932	0.39164352
VAL	276	4	A	-11.651495	11.965082	3.6553211
PHE	277	4	A	-11.397745	8.518492	5.26783
ILE	278	4	A	-12.827404	6.5102406	8.132574
ASP	279	4	A	-10.374296	3.871233	9.418903
GLN	280	4	A	-11.633556	1.0044956	11.55286
ASP	281	4	A	-9.425365	-1.4898014	13.371269
ASN	286	5	A	-10.2078495	1.6207275	17.234306
THR	287	5	A	-11.656433	4.2810574	14.974018
ARG	288	5	A	-9.96063	7.132475	13.15609
LEU	289	5	A	-10.845888	9.994036	10.825233
GLY	290	5	A	-8.408037	10.712816	7.9881134
ILE	291	5	A	-8.081072	13.767048	5.773594
GLY	292	5	A	-5.737858	13.988142	2.7938786
GLY	293	5	A	-4.4377394	16.395262	0.18803978
GLU	294	5	A	-2.7386618	15.682219	-3.134262
TYR	295	5	A	-0.4745226	17.474073	-5.5746956
TRP	296	5	A	0.5706978	15.259608	-8.496929
TYR	299	6	A	6.2296143	11.09982	-12.679746
PHE	300	6	A	5.658745	12.808965	-9.34691
LYS	301	6	A	3.0304737	12.261469	-6.6564674
LYS	301	6	A	3.0276775	12.265554	-6.660143
SER	302	6	A	2.980568	14.303844	-3.4612465
SER	303	6	A	0.44042778	13.807216	-0.6598835
VAL	304	6	A	-0.17736626	15.0266	2.8668938
VAL	304	6	A	-0.1724205	15.02874	2.8611526
ASN	305	6	A	-2.3738499	13.160793	5.323576
GLY	306	6	A	-3.794672	13.940054	8.753
TYR	307	6	A	-4.771467	11.221135	11.223236
PHE	308	6	A	-7.404078	12.057806	13.827972
ARG	309	6	A	-8.514097	9.763586	16.65345
MET	310	6	A	-12.293812	9.109827	16.900074
SER	311	6	A	-12.284775	6.5401154	19.691544
GLY	312	6	A	-10.979444	6.728033	23.242004
TRP	313	6	A	-8.860558	4.774584	25.703938
HIS	314	6	A	-9.900132	1.1726589	26.258904
TYR	322	7	A	-2.3882914	-1.385273	28.917515
ASP	323	7	A	-5.135725	0.77889824	27.480629
GLU	324	7	A	-4.83766	1.6690483	23.813828
ARG	325	7	A	-6.2235174	4.2621517	21.371902
PRO	326	7	A	-5.2908926	5.8009243	17.991135
ALA	327	7	A	-2.3076477	8.194523	17.997063
ASN	328	7	A	-2.9868002	11.518547	16.27179
GLY	329	7	A	-0.42407703	12.49178	13.630005
PHE	330	7	A	0.34334946	13.322094	10.011665
ASP	331	7	A	2.572544	12.282243	7.1428127
ILE	332	7	A	3.956192	13.731892	3.929943
ARG	333	7	A	4.582573	11.386072	0.9964371
PHE	334	7	A	6.5268135	11.6823635	-2.2555847
ASN	335	7	A	6.8036537	9.066906	-4.972397
GLY	336	7	A	8.822861	9.919643	-8.043411
TYR	337	7	A	9.598608	7.965336	-11.193973
ALA	343	8	A	9.801601	1.4840832	-14.180746
LEU	344	8	A	12.231834	2.8527718	-11.564926
GLY	345	8	A	10.695259	4.7150784	-8.649151
ALA	346	8	A	11.802687	6.2343044	-5.3612823
LYS	347	8	A	9.824642	6.909849	-2.1893082
LEU	348	8	A	10.256641	9.527782	0.52420425
LEU	348	8	A	10.256544	9.53113	0.5187454
ILE	349	8	A	7.9951973	9.750656	3.5540714
TYR	350	8	A	8.078678	11.848471	6.682993
GLU	351	8	A	5.668272	10.781923	9.410229
GLN	352	8	A	4.9921875	12.189898	12.881874
TYR	353	8	A	2.757904	10.92183	15.686214
TYR	354	8	A	1.923729	12.206948	19.148632
GLY	355	8	A	1.5250587	10.701474	22.618958
GLN	367	9	A	8.154648	6.176174	22.335335
SER	368	9	A	7.129833	9.771971	23.016785
ASN	369	9	A	5.986477	11.729032	19.941597
PRO	370	9	A	7.9152184	9.601816	17.458767
GLY	371	9	A	8.726173	10.703823	13.91811
ALA	372	9	A	10.3943615	8.800213	11.076462
ALA	373	9	A	11.758453	9.287264	7.574667
THR	374	9	A	11.3503	6.5515137	4.9722385
VAL	375	9	A	13.404783	6.161602	1.8294525
GLY	376	9	A	12.569859	3.4315548	-0.64398575
VAL	377	9	A	13.126778	2.1847095	-4.1639442
VAL	377	9	A	13.137915	2.14052	-4.1445274
ASN	378	9	A	10.713137	0.12613106	-6.2468987
TYR	379	9	A	10.57979	-1.5527592	-9.633405
THR	380	9	A	7.540701	-1.9074802	-11.918322
LEU	384	10	A	0.52370167	-5.3437653	-13.197145
VAL	385	10	A	3.2684288	-5.621359	-10.55123
VAL	385	10	A	3.2751045	-5.6293736	-10.55352
THR	386	10	A	5.5030365	-3.3924599	-8.425389
MET	387	10	A	8.173914	-4.630333	-6.0146675
GLY	388	10	A	10.056892	-2.5257015	-3.4984741
ILE	389	10	A	12.190937	-2.114376	-0.41626358
ASP	390	10	A	11.644894	0.64375114	2.1430855
TYR	391	10	A	14.105942	1.7504215	4.799568
ARG	392	10	A	12.831997	3.7302341	7.756359
HIS	393	10	A	14.792061	5.595175	10.414188
GLY	394	10	A	13.028816	7.215975	13.38446
THR	395	10	A	13.380695	8.6827545	16.875603
GLU	398	11	A	14.698484	3.0723324	15.47364
ASN	399	11	A	15.183456	1.4748173	12.055649
ASP	400	11	A	13.22744	-1.0651188	10.053478
LEU	401	11	A	12.944134	-2.5383587	6.5582066
LEU	402	11	A	9.805546	-3.3006916	4.5790405
TYR	403	11	A	9.769413	-5.585825	1.54142
SER	404	11	A	6.566307	-5.3094387	-0.46356964
MET	405	11	A	4.868862	-6.39353	-3.6567574
GLN	406	11	A	1.7089977	-4.9607906	-5.2177963
PHE	407	11	A	-0.54983807	-6.495428	-7.8192625
ARG	408	11	A	-2.3866253	-3.7201443	-9.618782
TYR	409	11	A	-5.411076	-4.262333	-11.822518
