Res	Num	Strand	Z-coord
GLY	8	0	A	4.336481	2.6088982	-8.874228
LYS	9	0	A	3.8994846	5.130924	-6.0724792
TRP	10	0	A	0.56127834	5.762951	-4.36763
THR	11	0	A	-0.79928875	7.9900627	-1.6180077
ASN	12	0	A	-3.8819666	7.381077	0.48298264
ASN	13	0	A	-6.507413	9.494572	2.1997185
SER	16	1	A	0.5214224	7.5157356	3.6968117
ILE	17	1	A	2.7516413	6.6375923	0.7527714
MET	18	1	A	3.5241718	3.2471771	-0.69127274
THR	19	1	A	5.8018694	2.191471	-3.4888458
ILE	20	1	A	5.180108	-1.0818329	-5.293949
ARG	21	1	A	7.8456583	-2.7018166	-7.467613
GLY	27	2	A	0.9193382	-11.422749	-9.5933
GLU	28	2	A	3.3557043	-11.21838	-6.672159
PHE	29	2	A	4.8166723	-7.8641586	-5.710289
THR	30	2	A	6.9363747	-6.2835197	-3.0482235
GLY	31	2	A	7.356427	-2.6926918	-2.0000763
THR	32	2	A	7.5493574	-0.2651024	0.86917114
TYR	33	2	A	4.9988966	1.5560036	2.9539146
LEU	34	2	A	5.487199	4.8606415	4.79208
SER	47	3	A	8.346923	-0.77495575	6.229889
PRO	48	3	A	8.227615	-3.6158981	3.7037163
LEU	49	3	A	5.136796	-5.034046	2.046648
LEU	50	3	A	4.524722	-8.264267	0.14004326
GLY	51	3	A	1.3852739	-9.2043	-1.767849
ILE	52	3	A	-0.3732977	-10.784016	-4.7092705
GLN	53	3	A	-2.705058	-9.33849	-7.33173
PHE	62	4	A	-5.2292204	-7.9579926	-4.5961113
GLY	63	4	A	-3.918336	-8.301701	-1.0652637
PHE	64	4	A	-0.7267237	-7.377201	0.72002983
THR	65	4	A	0.88554287	-7.5778313	4.148407
VAL	66	4	A	2.8777056	-4.7738	5.748913
THR	74	5	A	1.0821791	-6.282631	11.193226
THR	75	5	A	-1.4522715	-4.860264	8.711586
VAL	76	5	A	-3.1011343	-6.5919876	5.793434
PHE	77	5	A	-4.836768	-4.696598	2.9907265
THR	78	5	A	-7.1587076	-6.0739784	0.34085846
GLY	79	5	A	-8.966716	-4.288929	-2.4432697
GLN	80	5	A	-9.453141	-3.696972	-6.1214504
CYS	81	5	A	-7.794774	-1.441246	-8.690775
PHE	82	5	A	-10.401273	0.4580841	-10.702164
VAL	90	6	A	-7.951833	4.195305	-7.72081
LEU	91	6	A	-7.2219896	1.4548912	-5.213152
LYS	92	6	A	-10.229533	0.8671837	-2.9899216
THR	93	6	A	-9.04449	-1.0567131	0.07765579
MET	94	6	A	-9.964807	-2.2778816	3.4772797
MET	94	6	A	-10.052609	-2.347805	3.4714127
TRP	95	6	A	-7.5012712	-3.371315	6.107502
LEU	96	6	A	-7.0110064	-5.303135	9.316334
LEU	97	6	A	-4.3363867	-4.171467	11.7848015
ARG	98	6	A	-3.2334108	-6.9191704	14.180908
ARG	112	7	A	-8.574605	-3.120388	14.175705
VAL	113	7	A	-10.387387	-2.5846977	10.870388
GLY	114	7	A	-10.554585	0.33589172	8.477978
TYR	115	7	A	-10.471543	1.5774536	4.9027634
ASN	116	7	A	-8.138436	3.4337997	2.6031036
ASN	117	7	A	-8.450055	4.9048653	-0.8684368
PHE	118	7	A	-5.2150164	5.2554398	-2.863371
THR	119	7	A	-4.408736	7.330372	-5.931282
