5	4	54	53	-17.548951950111654	4.974921226501465	0	1
6	5	53	52	-15.635190315659157	4.909526348114014	0	1
7	6	52	51	-38.78374771961976	4.911839962005615	0	1
8	7	51	50	24.708397269597143	4.9697394371032715	0	1
9	8	50	49	4.319573664552639	5.185363292694092	0	1
10	9	49	48	9.561976829198422	4.44563102722168	0	1
49	48	74	73	-1.6875625454540086	4.20780086517334	1	2
50	49	72	71	46.024004025242256	5.473762512207031	1	2
51	50	72	71	-23.860652925205983	4.419978141784668	1	2
52	51	71	70	-18.958805745357473	5.08336877822876	1	2
53	52	70	69	-26.89562494297847	4.551016330718994	1	2
54	53	69	68	-10.598460433427936	5.54136323928833	1	2
55	54	68	67	-9.496532839814062	4.451321601867676	1	2
56	55	67	66	5.741248911416074	5.158079624176025	1	2
57	56	66	65	-4.0962031066045075	4.424189567565918	1	2
65	64	98	97	-22.035919632743344	4.862085819244385	2	3
66	65	97	96	-4.374149586973362	4.8577423095703125	2	3
67	66	96	95	-15.031969555492424	5.013815879821777	2	3
68	67	95	94	-23.720607216944423	4.422029972076416	2	3
69	68	94	93	-3.998329539667556	5.66853666305542	2	3
70	69	93	92	8.148885846124001	4.442407608032227	2	3
71	70	92	91	33.09219452876021	4.853257656097412	2	3
72	71	90	89	-40.09564206022078	4.6110734939575195	2	3
93	92	117	116	54.237905567157895	4.755358695983887	3	4
94	93	116	115	37.01000301139602	5.048238754272461	3	4
95	94	115	114	-25.534934669672747	4.226369857788086	3	4
96	95	113	112	32.39891769458835	5.5171380043029785	3	4
97	96	113	112	-29.3256232597813	4.223995208740234	3	4
98	97	112	111	-10.084636371052095	5.174559593200684	3	4
112	111	143	142	-17.840839856625735	5.217770576477051	4	5
113	112	142	141	-34.69295222765097	4.526219844818115	4	5
114	113	140	139	37.75653123762914	5.5115647315979	4	5
115	114	140	139	-12.704548940522038	3.9869184494018555	4	5
116	115	138	137	30.328087420770046	5.428404331207275	4	5
117	116	138	137	-41.8120819012201	4.069097995758057	4	5
118	117	136	135	45.26292287071329	5.651529788970947	4	5
119	118	136	135	-39.01369636358568	4.199086666107178	4	5
120	119	135	134	-34.17739705095599	5.485885143280029	4	5
123	122	134	133	56.80585832597305	5.425784111022949	4	5
125	124	131	130	-25.97468602894242	3.7157061100006104	4	5
138	137	159	158	-85.07637328757474	5.436778545379639	5	6
139	138	159	158	-50.11996946162029	4.966517448425293	5	6
140	139	158	157	41.86616317000497	4.481750965118408	5	6
141	140	157	156	-12.774196252047824	5.675947189331055	5	6
142	141	156	155	15.513629115283473	4.027528285980225	5	6
143	142	154	153	71.17646706399168	5.675589084625244	5	6
144	143	154	153	1.844755668640612	4.636574745178223	5	6
145	144	152	151	-69.53210203172806	5.339382648468018	5	6
146	145	153	152	-19.442769934915503	5.039424896240234	5	6
147	146	152	151	-33.95994860618674	4.477856636047363	5	6
152	151	182	181	-70.96176208446376	5.738133907318115	6	7
153	152	182	181	-22.425604852596084	5.215416431427002	6	7
154	153	181	180	-8.766324689437734	4.380047798156738	6	7
155	154	180	179	-11.538511055693768	5.0000691413879395	6	7
156	155	179	178	-5.450154019090048	4.522397518157959	6	7
157	156	178	177	-21.696408818037575	5.437112808227539	6	7
158	157	177	176	-21.055904544698105	4.801639556884766	6	7
159	158	176	175	-17.043246555253766	5.021803855895996	6	7
160	159	175	174	-19.109048441915686	4.5699334144592285	6	7
161	160	174	173	-43.74342392427994	5.034796237945557	6	7
162	161	173	172	-32.8144163657721	4.509833335876465	6	7
174	173	195	194	39.48610930235239	5.6749725341796875	7	8
175	174	195	194	-27.540050108734043	4.032780170440674	7	8
176	175	194	193	-13.977314913466865	5.209476470947266	7	8
177	176	193	192	-17.468886307687168	4.4728169441223145	7	8
178	177	192	191	-12.609978937963838	5.162040710449219	7	8
179	178	191	190	-11.902235620022012	4.157098293304443	7	8
180	179	190	189	-0.8827730010693727	5.512458324432373	7	8
181	180	189	188	-6.58547188550485	4.3065080642700195	7	8
182	181	188	187	-13.205813514130067	5.123363971710205	7	8
186	185	225	224	-29.731877986020027	4.691032409667969	8	9
187	186	224	223	-21.58388392754413	4.823764801025391	8	9
188	187	223	222	-12.208187672303241	4.776504039764404	8	9
189	188	222	221	-4.763786860716565	4.965761661529541	8	9
190	189	221	220	-0.47438451943613036	4.842334270477295	8	9
191	190	220	219	-13.118255525199087	4.541073799133301	8	9
192	191	219	218	-10.969866066454546	5.030879497528076	8	9
193	192	218	217	-24.582051185748455	4.8355817794799805	8	9
194	193	217	216	-2.250450999389641	4.765140056610107	8	9
195	194	216	215	-14.313180163161748	4.220308780670166	8	9
218	217	245	244	-45.721652017450786	5.559223175048828	9	10
219	218	245	244	1.621331429582702	5.315007209777832	9	10
220	219	244	243	-4.869764447491608	4.398517608642578	9	10
221	220	243	242	-10.556347834924113	5.320251941680908	9	10
222	221	242	241	-11.716999296575048	4.562158107757568	9	10
223	222	241	240	-8.048126135245736	5.098996162414551	9	10
224	223	240	239	-8.640237057578823	4.134636878967285	9	10
225	224	239	238	4.554204252827906	5.193857192993164	9	10
226	225	238	237	-21.850399501550683	4.587457180023193	9	10
236	235	275	274	19.477711562370843	4.432026386260986	10	11
237	236	274	273	-10.623180312110934	5.230626583099365	10	11
238	237	273	272	-3.529349609025055	3.9183807373046875	10	11
239	238	271	270	60.07261700374485	5.669700622558594	10	11
240	239	271	270	-2.1676087676134665	4.23159646987915	10	11
241	240	270	269	-10.884030799394708	5.184848308563232	10	11
242	241	269	268	-22.792090804278835	4.823187351226807	10	11
243	242	268	267	-12.885711556492078	4.951722145080566	10	11
244	243	267	266	-4.001594212976191	4.61211633682251	10	11
245	244	266	265	-8.744352400822232	5.075456619262695	10	11
266	265	293	292	-10.439764594420195	5.444370746612549	11	12
267	266	292	291	1.2155995739825247	4.420679092407227	11	12
268	267	291	290	-5.286497789511803	5.361616134643555	11	12
269	268	290	289	-8.263451802067394	4.415278434753418	11	12
270	269	289	288	0.6718742315396402	5.32838249206543	11	12
271	270	288	287	3.2251005831772512	4.727228164672852	11	12
272	271	287	286	-3.996567533241829	5.287477493286133	11	12
273	272	286	285	8.30523719208807	4.108428001403809	11	12
274	273	284	283	50.02341961226086	5.5018792152404785	11	12
275	274	284	283	-17.4038222862458	4.753325462341309	11	12
276	275	283	282	-20.77235772672608	5.605166912078857	11	12
277	276	282	281	-50.43594657261318	4.235089302062988	11	12
282	281	313	312	-12.361815969056648	4.67154598236084	12	13
283	282	312	311	-12.353981996301954	5.428609371185303	12	13
284	283	311	310	-8.703254265037135	4.692922115325928	12	13
285	284	310	309	-8.063851874381257	5.188425540924072	12	13
286	285	309	308	-11.97849876015691	4.459855079650879	12	13
287	286	308	307	-21.12105850084734	5.099218845367432	12	13
288	287	307	306	-3.392647074166854	4.741754055023193	12	13
289	288	306	305	-3.1990502659284994	5.204331874847412	12	13
290	289	305	304	1.700090126426054	4.00287389755249	12	13
291	290	303	302	66.74937316701426	5.548806190490723	12	13
292	291	303	302	-1.9603559780738344	4.6655473709106445	12	13
293	292	302	301	-3.9391871229067474	5.071407794952393	12	13
302	301	333	332	14.635176851203019	4.950153827667236	13	14
303	302	332	331	9.359154232391928	4.4914703369140625	13	14
304	303	331	330	-5.537438867876203	5.224392890930176	13	14
305	304	330	329	5.578896969956403	3.970337152481079	13	14
306	305	329	328	-2.965806094140713	5.401115894317627	13	14
307	306	328	327	-17.117028016112442	4.307642936706543	13	14
308	307	327	326	-3.8433507064450643	5.071570873260498	13	14
309	308	326	325	-7.3523100994402615	4.4558939933776855	13	14
310	309	325	324	-2.6060990590607758	5.235268592834473	13	14
311	310	324	323	-19.160167982272146	4.517581462860107	13	14
312	311	323	322	-11.783355669624095	5.073541164398193	13	14
313	312	322	321	-12.923231606578714	4.305750846862793	13	14
314	313	321	320	-17.20505062153623	5.0005669593811035	13	14
315	314	320	319	-53.4467277892897	4.378198146820068	13	14
319	318	357	356	-28.126633108917567	4.954990386962891	14	15
320	319	356	355	-27.82352743198544	4.819856643676758	14	15
321	320	355	354	-29.709889234542032	5.124537944793701	14	15
322	321	354	353	-24.741358591521603	4.606049537658691	14	15
323	322	353	352	-22.955340589503386	4.941826343536377	14	15
324	323	352	351	-3.5077196578780216	4.755629539489746	14	15
325	324	351	350	-5.28257991341776	5.022670269012451	14	15
326	325	350	349	-1.6389789795934506	4.68559455871582	14	15
327	326	349	348	1.6899746767201107	4.966701507568359	14	15
328	327	348	347	-9.014664916507613	4.7929229736328125	14	15
329	328	347	346	-13.423850277390068	5.045109748840332	14	15
330	329	346	345	-37.22998174063318	4.323948383331299	14	15
331	330	344	343	69.47554172549876	5.3553385734558105	14	15
332	331	344	343	-9.808566962755643	4.122227191925049	14	15
346	345	380	379	-23.001380037821445	5.233799934387207	15	16
347	346	379	378	42.01937015935065	5.621153831481934	15	16
348	347	379	378	-22.753934025382737	4.3394880294799805	15	16
349	348	378	377	-6.758119648831221	5.545763969421387	15	16
350	349	377	376	-10.297936343451427	4.698398590087891	15	16
351	350	376	375	-9.233869053103026	5.287712574005127	15	16
352	351	375	374	-19.10392683165214	4.393698692321777	15	16
353	352	373	372	24.178791849628144	5.508828639984131	15	16
354	353	373	372	-33.617523900720066	4.067924499511719	15	16
355	354	372	371	-12.42226012726968	5.477386474609375	15	16
356	355	371	370	-21.12447154376379	4.3893818855285645	15	16
357	356	370	369	-21.905631337126252	5.193856716156006	15	16
370	369	410	409	-13.397060041434427	5.728488445281982	16	17
371	370	409	408	-29.715662967667395	4.394639015197754	16	17
372	371	408	407	-10.895907548928886	5.439733982086182	16	17
373	372	407	406	-33.02468646015925	4.293496608734131	16	17
374	373	405	404	37.50288983140336	5.648378849029541	16	17
375	374	405	404	-20.279412804741668	4.51381254196167	16	17
376	375	404	403	-16.225600620613907	5.10805606842041	16	17
377	376	403	402	-23.3666609737484	4.710999965667725	16	17
405	404	15	14	-65.89114241358811	5.403397560119629	17	0
406	405	15	14	-42.54925694441238	5.480549335479736	17	0
407	406	14	13	32.14871866577977	4.696441650390625	17	0
408	407	12	11	7.837357616079906	5.585518836975098	17	0
409	408	12	11	-17.859420025654195	3.7451279163360596	17	0
410	409	11	10	-2.3059777575054095	5.509371280670166	17	0
411	410	10	9	10.154882920225349	4.197722434997559	17	0
412	411	9	8	-8.24682133296929	5.428463935852051	17	0
413	412	8	7	-3.58982136196981	4.093422889709473	17	0
5	4	54	53	-17.548951950111654	4.974921226501465	0	1
6	5	53	52	-15.635190315659157	4.909526348114014	0	1
7	6	52	51	-38.78374771961976	4.911839962005615	0	1
8	7	51	50	24.708397269597143	4.9697394371032715	0	1
9	8	50	49	4.319573664552639	5.185363292694092	0	1
10	9	49	48	9.561976829198422	4.44563102722168	0	1
49	48	74	73	-1.6875625454540086	4.20780086517334	1	2
50	49	72	71	46.024004025242256	5.473762512207031	1	2
51	50	72	71	-23.860652925205983	4.419978141784668	1	2
52	51	71	70	-18.958805745357473	5.08336877822876	1	2
53	52	70	69	-26.89562494297847	4.551016330718994	1	2
54	53	69	68	-10.598460433427936	5.54136323928833	1	2
55	54	68	67	-9.496532839814062	4.451321601867676	1	2
56	55	67	66	5.741248911416074	5.158079624176025	1	2
57	56	66	65	-4.0962031066045075	4.424189567565918	1	2
65	64	98	97	-22.035919632743344	4.862085819244385	2	3
66	65	97	96	-4.374149586973362	4.8577423095703125	2	3
67	66	96	95	-15.031969555492424	5.013815879821777	2	3
68	67	95	94	-23.720607216944423	4.422029972076416	2	3
69	68	94	93	-3.998329539667556	5.66853666305542	2	3
70	69	93	92	8.148885846124001	4.442407608032227	2	3
71	70	92	91	33.09219452876021	4.853257656097412	2	3
72	71	90	89	-40.09564206022078	4.6110734939575195	2	3
93	92	117	116	54.237905567157895	4.755358695983887	3	4
94	93	116	115	37.01000301139602	5.048238754272461	3	4
95	94	115	114	-25.534934669672747	4.226369857788086	3	4
96	95	113	112	32.39891769458835	5.5171380043029785	3	4
97	96	113	112	-29.3256232597813	4.223995208740234	3	4
98	97	112	111	-10.084636371052095	5.174559593200684	3	4
112	111	143	142	-17.840839856625735	5.217770576477051	4	5
113	112	142	141	-34.69295222765097	4.526219844818115	4	5
114	113	140	139	37.75653123762914	5.5115647315979	4	5
115	114	140	139	-12.704548940522038	3.9869184494018555	4	5
116	115	138	137	30.328087420770046	5.428404331207275	4	5
117	116	138	137	-41.8120819012201	4.069097995758057	4	5
118	117	136	135	45.26292287071329	5.651529788970947	4	5
119	118	136	135	-39.01369636358568	4.199086666107178	4	5
120	119	135	134	-34.17739705095599	5.485885143280029	4	5
123	122	134	133	56.80585832597305	5.425784111022949	4	5
125	124	131	130	-25.97468602894242	3.7157061100006104	4	5
138	137	159	158	-85.07637328757474	5.436778545379639	5	6
139	138	159	158	-50.11996946162029	4.966517448425293	5	6
140	139	158	157	41.86616317000497	4.481750965118408	5	6
141	140	157	156	-12.774196252047824	5.675947189331055	5	6
142	141	156	155	15.513629115283473	4.027528285980225	5	6
143	142	154	153	71.17646706399168	5.675589084625244	5	6
144	143	154	153	1.844755668640612	4.636574745178223	5	6
145	144	152	151	-69.53210203172806	5.339382648468018	5	6
146	145	153	152	-19.442769934915503	5.039424896240234	5	6
147	146	152	151	-33.95994860618674	4.477856636047363	5	6
152	151	182	181	-70.96176208446376	5.738133907318115	6	7
153	152	182	181	-22.425604852596084	5.215416431427002	6	7
154	153	181	180	-8.766324689437734	4.380047798156738	6	7
155	154	180	179	-11.538511055693768	5.0000691413879395	6	7
156	155	179	178	-5.450154019090048	4.522397518157959	6	7
157	156	178	177	-21.696408818037575	5.437112808227539	6	7
158	157	177	176	-21.055904544698105	4.801639556884766	6	7
159	158	176	175	-17.043246555253766	5.021803855895996	6	7
160	159	175	174	-19.109048441915686	4.5699334144592285	6	7
161	160	174	173	-43.74342392427994	5.034796237945557	6	7
162	161	173	172	-32.8144163657721	4.509833335876465	6	7
174	173	195	194	39.48610930235239	5.6749725341796875	7	8
175	174	195	194	-27.540050108734043	4.032780170440674	7	8
176	175	194	193	-13.977314913466865	5.209476470947266	7	8
177	176	193	192	-17.468886307687168	4.4728169441223145	7	8
178	177	192	191	-12.609978937963838	5.162040710449219	7	8
179	178	191	190	-11.902235620022012	4.157098293304443	7	8
180	179	190	189	-0.8827730010693727	5.512458324432373	7	8
181	180	189	188	-6.58547188550485	4.3065080642700195	7	8
182	181	188	187	-13.205813514130067	5.123363971710205	7	8
186	185	225	224	-29.731877986020027	4.691032409667969	8	9
187	186	224	223	-21.58388392754413	4.823764801025391	8	9
188	187	223	222	-12.208187672303241	4.776504039764404	8	9
189	188	222	221	-4.763786860716565	4.965761661529541	8	9
190	189	221	220	-0.47438451943613036	4.842334270477295	8	9
191	190	220	219	-13.118255525199087	4.541073799133301	8	9
192	191	219	218	-10.969866066454546	5.030879497528076	8	9
193	192	218	217	-24.582051185748455	4.8355817794799805	8	9
194	193	217	216	-2.250450999389641	4.765140056610107	8	9
195	194	216	215	-14.313180163161748	4.220308780670166	8	9
218	217	245	244	-45.721652017450786	5.559223175048828	9	10
219	218	245	244	1.621331429582702	5.315007209777832	9	10
220	219	244	243	-4.869764447491608	4.398517608642578	9	10
221	220	243	242	-10.556347834924113	5.320251941680908	9	10
222	221	242	241	-11.716999296575048	4.562158107757568	9	10
223	222	241	240	-8.048126135245736	5.098996162414551	9	10
224	223	240	239	-8.640237057578823	4.134636878967285	9	10
225	224	239	238	4.554204252827906	5.193857192993164	9	10
226	225	238	237	-21.850399501550683	4.587457180023193	9	10
236	235	275	274	19.477711562370843	4.432026386260986	10	11
237	236	274	273	-10.623180312110934	5.230626583099365	10	11
238	237	273	272	-3.529349609025055	3.9183807373046875	10	11
239	238	271	270	60.07261700374485	5.669700622558594	10	11
240	239	271	270	-2.1676087676134665	4.23159646987915	10	11
241	240	270	269	-10.884030799394708	5.184848308563232	10	11
242	241	269	268	-22.792090804278835	4.823187351226807	10	11
243	242	268	267	-12.885711556492078	4.951722145080566	10	11
244	243	267	266	-4.001594212976191	4.61211633682251	10	11
245	244	266	265	-8.744352400822232	5.075456619262695	10	11
266	265	293	292	-10.439764594420195	5.444370746612549	11	12
267	266	292	291	1.2155995739825247	4.420679092407227	11	12
268	267	291	290	-5.286497789511803	5.361616134643555	11	12
269	268	290	289	-8.263451802067394	4.415278434753418	11	12
270	269	289	288	0.6718742315396402	5.32838249206543	11	12
271	270	288	287	3.2251005831772512	4.727228164672852	11	12
272	271	287	286	-3.996567533241829	5.287477493286133	11	12
273	272	286	285	8.30523719208807	4.108428001403809	11	12
274	273	284	283	50.02341961226086	5.5018792152404785	11	12
275	274	284	283	-17.4038222862458	4.753325462341309	11	12
276	275	283	282	-20.77235772672608	5.605166912078857	11	12
277	276	282	281	-50.43594657261318	4.235089302062988	11	12
282	281	313	312	-12.361815969056648	4.67154598236084	12	13
283	282	312	311	-12.353981996301954	5.428609371185303	12	13
284	283	311	310	-8.703254265037135	4.692922115325928	12	13
285	284	310	309	-8.063851874381257	5.188425540924072	12	13
286	285	309	308	-11.97849876015691	4.459855079650879	12	13
287	286	308	307	-21.12105850084734	5.099218845367432	12	13
288	287	307	306	-3.392647074166854	4.741754055023193	12	13
289	288	306	305	-3.1990502659284994	5.204331874847412	12	13
290	289	305	304	1.700090126426054	4.00287389755249	12	13
291	290	303	302	66.74937316701426	5.548806190490723	12	13
292	291	303	302	-1.9603559780738344	4.6655473709106445	12	13
293	292	302	301	-3.9391871229067474	5.071407794952393	12	13
302	301	333	332	14.635176851203019	4.950153827667236	13	14
303	302	332	331	9.359154232391928	4.4914703369140625	13	14
304	303	331	330	-5.537438867876203	5.224392890930176	13	14
305	304	330	329	5.578896969956403	3.970337152481079	13	14
306	305	329	328	-2.965806094140713	5.401115894317627	13	14
307	306	328	327	-17.117028016112442	4.307642936706543	13	14
308	307	327	326	-3.8433507064450643	5.071570873260498	13	14
309	308	326	325	-7.3523100994402615	4.4558939933776855	13	14
310	309	325	324	-2.6060990590607758	5.235268592834473	13	14
311	310	324	323	-19.160167982272146	4.517581462860107	13	14
312	311	323	322	-11.783355669624095	5.073541164398193	13	14
313	312	322	321	-12.923231606578714	4.305750846862793	13	14
314	313	321	320	-17.20505062153623	5.0005669593811035	13	14
315	314	320	319	-53.4467277892897	4.378198146820068	13	14
319	318	357	356	-28.126633108917567	4.954990386962891	14	15
320	319	356	355	-27.82352743198544	4.819856643676758	14	15
321	320	355	354	-29.709889234542032	5.124537944793701	14	15
322	321	354	353	-24.741358591521603	4.606049537658691	14	15
323	322	353	352	-22.955340589503386	4.941826343536377	14	15
324	323	352	351	-3.5077196578780216	4.755629539489746	14	15
325	324	351	350	-5.28257991341776	5.022670269012451	14	15
326	325	350	349	-1.6389789795934506	4.68559455871582	14	15
327	326	349	348	1.6899746767201107	4.966701507568359	14	15
328	327	348	347	-9.014664916507613	4.7929229736328125	14	15
329	328	347	346	-13.423850277390068	5.045109748840332	14	15
330	329	346	345	-37.22998174063318	4.323948383331299	14	15
331	330	344	343	69.47554172549876	5.3553385734558105	14	15
332	331	344	343	-9.808566962755643	4.122227191925049	14	15
346	345	380	379	-23.001380037821445	5.233799934387207	15	16
347	346	379	378	42.01937015935065	5.621153831481934	15	16
348	347	379	378	-22.753934025382737	4.3394880294799805	15	16
349	348	378	377	-6.758119648831221	5.545763969421387	15	16
350	349	377	376	-10.297936343451427	4.698398590087891	15	16
351	350	376	375	-9.233869053103026	5.287712574005127	15	16
352	351	375	374	-19.10392683165214	4.393698692321777	15	16
353	352	373	372	24.178791849628144	5.508828639984131	15	16
354	353	373	372	-33.617523900720066	4.067924499511719	15	16
355	354	372	371	-12.42226012726968	5.477386474609375	15	16
356	355	371	370	-21.12447154376379	4.3893818855285645	15	16
357	356	370	369	-21.905631337126252	5.193856716156006	15	16
370	369	410	409	-13.397060041434427	5.728488445281982	16	17
371	370	409	408	-29.715662967667395	4.394639015197754	16	17
372	371	408	407	-10.895907548928886	5.439733982086182	16	17
373	372	407	406	-33.02468646015925	4.293496608734131	16	17
374	373	405	404	37.50288983140336	5.648378849029541	16	17
375	374	405	404	-20.279412804741668	4.51381254196167	16	17
376	375	404	403	-16.225600620613907	5.10805606842041	16	17
377	376	403	402	-23.3666609737484	4.710999965667725	16	17
405	404	15	14	-65.89114241358811	5.403397560119629	17	0
406	405	15	14	-42.54925694441238	5.480549335479736	17	0
407	406	14	13	32.14871866577977	4.696441650390625	17	0
408	407	12	11	7.837357616079906	5.585518836975098	17	0
409	408	12	11	-17.859420025654195	3.7451279163360596	17	0
410	409	11	10	-2.3059777575054095	5.509371280670166	17	0
411	410	10	9	10.154882920225349	4.197722434997559	17	0
412	411	9	8	-8.24682133296929	5.428463935852051	17	0
413	412	8	7	-3.58982136196981	4.093422889709473	17	0
5	4	54	53	-17.548951950111654	4.974921226501465	0	1
6	5	53	52	-15.635190315659157	4.909526348114014	0	1
7	6	52	51	-38.78374771961976	4.911839962005615	0	1
8	7	51	50	24.708397269597143	4.9697394371032715	0	1
9	8	50	49	4.319573664552639	5.185363292694092	0	1
10	9	49	48	9.561976829198422	4.44563102722168	0	1
49	48	74	73	-1.6875625454540086	4.20780086517334	1	2
50	49	72	71	46.024004025242256	5.473762512207031	1	2
51	50	72	71	-23.860652925205983	4.419978141784668	1	2
52	51	71	70	-18.958805745357473	5.08336877822876	1	2
53	52	70	69	-26.89562494297847	4.551016330718994	1	2
54	53	69	68	-10.598460433427936	5.54136323928833	1	2
55	54	68	67	-9.496532839814062	4.451321601867676	1	2
56	55	67	66	5.741248911416074	5.158079624176025	1	2
57	56	66	65	-4.0962031066045075	4.424189567565918	1	2
65	64	98	97	-22.035919632743344	4.862085819244385	2	3
66	65	97	96	-4.374149586973362	4.8577423095703125	2	3
67	66	96	95	-15.031969555492424	5.013815879821777	2	3
68	67	95	94	-23.720607216944423	4.422029972076416	2	3
69	68	94	93	-3.998329539667556	5.66853666305542	2	3
70	69	93	92	8.148885846124001	4.442407608032227	2	3
71	70	92	91	33.09219452876021	4.853257656097412	2	3
72	71	90	89	-40.09564206022078	4.6110734939575195	2	3
93	92	117	116	54.237905567157895	4.755358695983887	3	4
94	93	116	115	37.01000301139602	5.048238754272461	3	4
95	94	115	114	-25.534934669672747	4.226369857788086	3	4
96	95	113	112	32.39891769458835	5.5171380043029785	3	4
97	96	113	112	-29.3256232597813	4.223995208740234	3	4
98	97	112	111	-10.084636371052095	5.174559593200684	3	4
112	111	143	142	-17.840839856625735	5.217770576477051	4	5
113	112	142	141	-34.69295222765097	4.526219844818115	4	5
114	113	140	139	37.75653123762914	5.5115647315979	4	5
115	114	140	139	-12.704548940522038	3.9869184494018555	4	5
116	115	138	137	30.328087420770046	5.428404331207275	4	5
117	116	138	137	-41.8120819012201	4.069097995758057	4	5
118	117	136	135	45.26292287071329	5.651529788970947	4	5
119	118	136	135	-39.01369636358568	4.199086666107178	4	5
120	119	135	134	-34.17739705095599	5.485885143280029	4	5
123	122	134	133	56.80585832597305	5.425784111022949	4	5
125	124	131	130	-25.97468602894242	3.7157061100006104	4	5
138	137	159	158	-85.07637328757474	5.436778545379639	5	6
139	138	159	158	-50.11996946162029	4.966517448425293	5	6
140	139	158	157	41.86616317000497	4.481750965118408	5	6
141	140	157	156	-12.774196252047824	5.675947189331055	5	6
142	141	156	155	15.513629115283473	4.027528285980225	5	6
143	142	154	153	71.17646706399168	5.675589084625244	5	6
144	143	154	153	1.844755668640612	4.636574745178223	5	6
145	144	152	151	-69.53210203172806	5.339382648468018	5	6
146	145	153	152	-19.442769934915503	5.039424896240234	5	6
147	146	152	151	-33.95994860618674	4.477856636047363	5	6
152	151	182	181	-70.96176208446376	5.738133907318115	6	7
153	152	182	181	-22.425604852596084	5.215416431427002	6	7
154	153	181	180	-8.766324689437734	4.380047798156738	6	7
155	154	180	179	-11.538511055693768	5.0000691413879395	6	7
156	155	179	178	-5.450154019090048	4.522397518157959	6	7
157	156	178	177	-21.696408818037575	5.437112808227539	6	7
158	157	177	176	-21.055904544698105	4.801639556884766	6	7
159	158	176	175	-17.043246555253766	5.021803855895996	6	7
160	159	175	174	-19.109048441915686	4.5699334144592285	6	7
161	160	174	173	-43.74342392427994	5.034796237945557	6	7
162	161	173	172	-32.8144163657721	4.509833335876465	6	7
174	173	195	194	39.48610930235239	5.6749725341796875	7	8
175	174	195	194	-27.540050108734043	4.032780170440674	7	8
176	175	194	193	-13.977314913466865	5.209476470947266	7	8
177	176	193	192	-17.468886307687168	4.4728169441223145	7	8
178	177	192	191	-12.609978937963838	5.162040710449219	7	8
179	178	191	190	-11.902235620022012	4.157098293304443	7	8
180	179	190	189	-0.8827730010693727	5.512458324432373	7	8
181	180	189	188	-6.58547188550485	4.3065080642700195	7	8
182	181	188	187	-13.205813514130067	5.123363971710205	7	8
186	185	225	224	-29.731877986020027	4.691032409667969	8	9
187	186	224	223	-21.58388392754413	4.823764801025391	8	9
188	187	223	222	-12.208187672303241	4.776504039764404	8	9
189	188	222	221	-4.763786860716565	4.965761661529541	8	9
190	189	221	220	-0.47438451943613036	4.842334270477295	8	9
191	190	220	219	-13.118255525199087	4.541073799133301	8	9
192	191	219	218	-10.969866066454546	5.030879497528076	8	9
193	192	218	217	-24.582051185748455	4.8355817794799805	8	9
194	193	217	216	-2.250450999389641	4.765140056610107	8	9
195	194	216	215	-14.313180163161748	4.220308780670166	8	9
218	217	245	244	-45.721652017450786	5.559223175048828	9	10
219	218	245	244	1.621331429582702	5.315007209777832	9	10
220	219	244	243	-4.869764447491608	4.398517608642578	9	10
221	220	243	242	-10.556347834924113	5.320251941680908	9	10
222	221	242	241	-11.716999296575048	4.562158107757568	9	10
223	222	241	240	-8.048126135245736	5.098996162414551	9	10
224	223	240	239	-8.640237057578823	4.134636878967285	9	10
225	224	239	238	4.554204252827906	5.193857192993164	9	10
226	225	238	237	-21.850399501550683	4.587457180023193	9	10
236	235	275	274	19.477711562370843	4.432026386260986	10	11
237	236	274	273	-10.623180312110934	5.230626583099365	10	11
238	237	273	272	-3.529349609025055	3.9183807373046875	10	11
239	238	271	270	60.07261700374485	5.669700622558594	10	11
240	239	271	270	-2.1676087676134665	4.23159646987915	10	11
241	240	270	269	-10.884030799394708	5.184848308563232	10	11
242	241	269	268	-22.792090804278835	4.823187351226807	10	11
243	242	268	267	-12.885711556492078	4.951722145080566	10	11
244	243	267	266	-4.001594212976191	4.61211633682251	10	11
245	244	266	265	-8.744352400822232	5.075456619262695	10	11
266	265	293	292	-10.439764594420195	5.444370746612549	11	12
267	266	292	291	1.2155995739825247	4.420679092407227	11	12
268	267	291	290	-5.286497789511803	5.361616134643555	11	12
269	268	290	289	-8.263451802067394	4.415278434753418	11	12
270	269	289	288	0.6718742315396402	5.32838249206543	11	12
271	270	288	287	3.2251005831772512	4.727228164672852	11	12
272	271	287	286	-3.996567533241829	5.287477493286133	11	12
273	272	286	285	8.30523719208807	4.108428001403809	11	12
274	273	284	283	50.02341961226086	5.5018792152404785	11	12
275	274	284	283	-17.4038222862458	4.753325462341309	11	12
276	275	283	282	-20.77235772672608	5.605166912078857	11	12
277	276	282	281	-50.43594657261318	4.235089302062988	11	12
282	281	313	312	-12.361815969056648	4.67154598236084	12	13
283	282	312	311	-12.353981996301954	5.428609371185303	12	13
284	283	311	310	-8.703254265037135	4.692922115325928	12	13
285	284	310	309	-8.063851874381257	5.188425540924072	12	13
286	285	309	308	-11.97849876015691	4.459855079650879	12	13
287	286	308	307	-21.12105850084734	5.099218845367432	12	13
288	287	307	306	-3.392647074166854	4.741754055023193	12	13
289	288	306	305	-3.1990502659284994	5.204331874847412	12	13
290	289	305	304	1.700090126426054	4.00287389755249	12	13
291	290	303	302	66.74937316701426	5.548806190490723	12	13
292	291	303	302	-1.9603559780738344	4.6655473709106445	12	13
293	292	302	301	-3.9391871229067474	5.071407794952393	12	13
302	301	333	332	14.635176851203019	4.950153827667236	13	14
303	302	332	331	9.359154232391928	4.4914703369140625	13	14
304	303	331	330	-5.537438867876203	5.224392890930176	13	14
305	304	330	329	5.578896969956403	3.970337152481079	13	14
306	305	329	328	-2.965806094140713	5.401115894317627	13	14
307	306	328	327	-17.117028016112442	4.307642936706543	13	14
308	307	327	326	-3.8433507064450643	5.071570873260498	13	14
309	308	326	325	-7.3523100994402615	4.4558939933776855	13	14
310	309	325	324	-2.6060990590607758	5.235268592834473	13	14
311	310	324	323	-19.160167982272146	4.517581462860107	13	14
312	311	323	322	-11.783355669624095	5.073541164398193	13	14
313	312	322	321	-12.923231606578714	4.305750846862793	13	14
314	313	321	320	-17.20505062153623	5.0005669593811035	13	14
315	314	320	319	-53.4467277892897	4.378198146820068	13	14
319	318	357	356	-28.126633108917567	4.954990386962891	14	15
320	319	356	355	-27.82352743198544	4.819856643676758	14	15
321	320	355	354	-29.709889234542032	5.124537944793701	14	15
322	321	354	353	-24.741358591521603	4.606049537658691	14	15
323	322	353	352	-22.955340589503386	4.941826343536377	14	15
324	323	352	351	-3.5077196578780216	4.755629539489746	14	15
325	324	351	350	-5.28257991341776	5.022670269012451	14	15
326	325	350	349	-1.6389789795934506	4.68559455871582	14	15
327	326	349	348	1.6899746767201107	4.966701507568359	14	15
328	327	348	347	-9.014664916507613	4.7929229736328125	14	15
329	328	347	346	-13.423850277390068	5.045109748840332	14	15
330	329	346	345	-37.22998174063318	4.323948383331299	14	15
331	330	344	343	69.47554172549876	5.3553385734558105	14	15
332	331	344	343	-9.808566962755643	4.122227191925049	14	15
346	345	380	379	-23.001380037821445	5.233799934387207	15	16
347	346	379	378	42.01937015935065	5.621153831481934	15	16
348	347	379	378	-22.753934025382737	4.3394880294799805	15	16
349	348	378	377	-6.758119648831221	5.545763969421387	15	16
350	349	377	376	-10.297936343451427	4.698398590087891	15	16
351	350	376	375	-9.233869053103026	5.287712574005127	15	16
352	351	375	374	-19.10392683165214	4.393698692321777	15	16
353	352	373	372	24.178791849628144	5.508828639984131	15	16
354	353	373	372	-33.617523900720066	4.067924499511719	15	16
355	354	372	371	-12.42226012726968	5.477386474609375	15	16
356	355	371	370	-21.12447154376379	4.3893818855285645	15	16
357	356	370	369	-21.905631337126252	5.193856716156006	15	16
370	369	410	409	-13.397060041434427	5.728488445281982	16	17
371	370	409	408	-29.715662967667395	4.394639015197754	16	17
372	371	408	407	-10.895907548928886	5.439733982086182	16	17
373	372	407	406	-33.02468646015925	4.293496608734131	16	17
374	373	405	404	37.50288983140336	5.648378849029541	16	17
375	374	405	404	-20.279412804741668	4.51381254196167	16	17
376	375	404	403	-16.225600620613907	5.10805606842041	16	17
377	376	403	402	-23.3666609737484	4.710999965667725	16	17
405	404	15	14	-65.89114241358811	5.403397560119629	17	0
406	405	15	14	-42.54925694441238	5.480549335479736	17	0
407	406	14	13	32.14871866577977	4.696441650390625	17	0
408	407	12	11	7.837357616079906	5.585518836975098	17	0
409	408	12	11	-17.859420025654195	3.7451279163360596	17	0
410	409	11	10	-2.3059777575054095	5.509371280670166	17	0
411	410	10	9	10.154882920225349	4.197722434997559	17	0
412	411	9	8	-8.24682133296929	5.428463935852051	17	0
413	412	8	7	-3.58982136196981	4.093422889709473	17	0
5	4	54	53	-17.548951950111654	4.974921226501465	0	1
6	5	53	52	-15.635190315659157	4.909526348114014	0	1
7	6	52	51	-38.78374771961976	4.911839962005615	0	1
8	7	51	50	24.708397269597143	4.9697394371032715	0	1
9	8	50	49	4.319573664552639	5.185363292694092	0	1
10	9	49	48	9.561976829198422	4.44563102722168	0	1
49	48	74	73	-1.6875625454540086	4.20780086517334	1	2
50	49	72	71	46.024004025242256	5.473762512207031	1	2
51	50	72	71	-23.860652925205983	4.419978141784668	1	2
52	51	71	70	-18.958805745357473	5.08336877822876	1	2
53	52	70	69	-26.89562494297847	4.551016330718994	1	2
54	53	69	68	-10.598460433427936	5.54136323928833	1	2
55	54	68	67	-9.496532839814062	4.451321601867676	1	2
56	55	67	66	5.741248911416074	5.158079624176025	1	2
57	56	66	65	-4.0962031066045075	4.424189567565918	1	2
65	64	98	97	-22.035919632743344	4.862085819244385	2	3
66	65	97	96	-4.374149586973362	4.8577423095703125	2	3
67	66	96	95	-15.031969555492424	5.013815879821777	2	3
68	67	95	94	-23.720607216944423	4.422029972076416	2	3
69	68	94	93	-3.998329539667556	5.66853666305542	2	3
70	69	93	92	8.148885846124001	4.442407608032227	2	3
71	70	92	91	33.09219452876021	4.853257656097412	2	3
72	71	90	89	-40.09564206022078	4.6110734939575195	2	3
93	92	117	116	54.237905567157895	4.755358695983887	3	4
94	93	116	115	37.01000301139602	5.048238754272461	3	4
95	94	115	114	-25.534934669672747	4.226369857788086	3	4
96	95	113	112	32.39891769458835	5.5171380043029785	3	4
97	96	113	112	-29.3256232597813	4.223995208740234	3	4
98	97	112	111	-10.084636371052095	5.174559593200684	3	4
112	111	143	142	-17.840839856625735	5.217770576477051	4	5
113	112	142	141	-34.69295222765097	4.526219844818115	4	5
114	113	140	139	37.75653123762914	5.5115647315979	4	5
115	114	140	139	-12.704548940522038	3.9869184494018555	4	5
116	115	138	137	30.328087420770046	5.428404331207275	4	5
117	116	138	137	-41.8120819012201	4.069097995758057	4	5
118	117	136	135	45.26292287071329	5.651529788970947	4	5
119	118	136	135	-39.01369636358568	4.199086666107178	4	5
120	119	135	134	-34.17739705095599	5.485885143280029	4	5
123	122	134	133	56.80585832597305	5.425784111022949	4	5
125	124	131	130	-25.97468602894242	3.7157061100006104	4	5
138	137	159	158	-85.07637328757474	5.436778545379639	5	6
139	138	159	158	-50.11996946162029	4.966517448425293	5	6
140	139	158	157	41.86616317000497	4.481750965118408	5	6
141	140	157	156	-12.774196252047824	5.675947189331055	5	6
142	141	156	155	15.513629115283473	4.027528285980225	5	6
143	142	154	153	71.17646706399168	5.675589084625244	5	6
144	143	154	153	1.844755668640612	4.636574745178223	5	6
145	144	152	151	-69.53210203172806	5.339382648468018	5	6
146	145	153	152	-19.442769934915503	5.039424896240234	5	6
147	146	152	151	-33.95994860618674	4.477856636047363	5	6
152	151	182	181	-70.96176208446376	5.738133907318115	6	7
153	152	182	181	-22.425604852596084	5.215416431427002	6	7
154	153	181	180	-8.766324689437734	4.380047798156738	6	7
155	154	180	179	-11.538511055693768	5.0000691413879395	6	7
156	155	179	178	-5.450154019090048	4.522397518157959	6	7
157	156	178	177	-21.696408818037575	5.437112808227539	6	7
158	157	177	176	-21.055904544698105	4.801639556884766	6	7
159	158	176	175	-17.043246555253766	5.021803855895996	6	7
160	159	175	174	-19.109048441915686	4.5699334144592285	6	7
161	160	174	173	-43.74342392427994	5.034796237945557	6	7
162	161	173	172	-32.8144163657721	4.509833335876465	6	7
174	173	195	194	39.48610930235239	5.6749725341796875	7	8
175	174	195	194	-27.540050108734043	4.032780170440674	7	8
176	175	194	193	-13.977314913466865	5.209476470947266	7	8
177	176	193	192	-17.468886307687168	4.4728169441223145	7	8
178	177	192	191	-12.609978937963838	5.162040710449219	7	8
179	178	191	190	-11.902235620022012	4.157098293304443	7	8
180	179	190	189	-0.8827730010693727	5.512458324432373	7	8
181	180	189	188	-6.58547188550485	4.3065080642700195	7	8
182	181	188	187	-13.205813514130067	5.123363971710205	7	8
186	185	225	224	-29.731877986020027	4.691032409667969	8	9
187	186	224	223	-21.58388392754413	4.823764801025391	8	9
188	187	223	222	-12.208187672303241	4.776504039764404	8	9
189	188	222	221	-4.763786860716565	4.965761661529541	8	9
190	189	221	220	-0.47438451943613036	4.842334270477295	8	9
191	190	220	219	-13.118255525199087	4.541073799133301	8	9
192	191	219	218	-10.969866066454546	5.030879497528076	8	9
193	192	218	217	-24.582051185748455	4.8355817794799805	8	9
194	193	217	216	-2.250450999389641	4.765140056610107	8	9
195	194	216	215	-14.313180163161748	4.220308780670166	8	9
218	217	245	244	-45.721652017450786	5.559223175048828	9	10
219	218	245	244	1.621331429582702	5.315007209777832	9	10
220	219	244	243	-4.869764447491608	4.398517608642578	9	10
221	220	243	242	-10.556347834924113	5.320251941680908	9	10
222	221	242	241	-11.716999296575048	4.562158107757568	9	10
223	222	241	240	-8.048126135245736	5.098996162414551	9	10
224	223	240	239	-8.640237057578823	4.134636878967285	9	10
225	224	239	238	4.554204252827906	5.193857192993164	9	10
226	225	238	237	-21.850399501550683	4.587457180023193	9	10
236	235	275	274	19.477711562370843	4.432026386260986	10	11
237	236	274	273	-10.623180312110934	5.230626583099365	10	11
238	237	273	272	-3.529349609025055	3.9183807373046875	10	11
239	238	271	270	60.07261700374485	5.669700622558594	10	11
240	239	271	270	-2.1676087676134665	4.23159646987915	10	11
241	240	270	269	-10.884030799394708	5.184848308563232	10	11
242	241	269	268	-22.792090804278835	4.823187351226807	10	11
243	242	268	267	-12.885711556492078	4.951722145080566	10	11
244	243	267	266	-4.001594212976191	4.61211633682251	10	11
245	244	266	265	-8.744352400822232	5.075456619262695	10	11
266	265	293	292	-10.439764594420195	5.444370746612549	11	12
267	266	292	291	1.2155995739825247	4.420679092407227	11	12
268	267	291	290	-5.286497789511803	5.361616134643555	11	12
269	268	290	289	-8.263451802067394	4.415278434753418	11	12
270	269	289	288	0.6718742315396402	5.32838249206543	11	12
271	270	288	287	3.2251005831772512	4.727228164672852	11	12
272	271	287	286	-3.996567533241829	5.287477493286133	11	12
273	272	286	285	8.30523719208807	4.108428001403809	11	12
274	273	284	283	50.02341961226086	5.5018792152404785	11	12
275	274	284	283	-17.4038222862458	4.753325462341309	11	12
276	275	283	282	-20.77235772672608	5.605166912078857	11	12
277	276	282	281	-50.43594657261318	4.235089302062988	11	12
282	281	313	312	-12.361815969056648	4.67154598236084	12	13
283	282	312	311	-12.353981996301954	5.428609371185303	12	13
284	283	311	310	-8.703254265037135	4.692922115325928	12	13
285	284	310	309	-8.063851874381257	5.188425540924072	12	13
286	285	309	308	-11.97849876015691	4.459855079650879	12	13
287	286	308	307	-21.12105850084734	5.099218845367432	12	13
288	287	307	306	-3.392647074166854	4.741754055023193	12	13
289	288	306	305	-3.1990502659284994	5.204331874847412	12	13
290	289	305	304	1.700090126426054	4.00287389755249	12	13
291	290	303	302	66.74937316701426	5.548806190490723	12	13
292	291	303	302	-1.9603559780738344	4.6655473709106445	12	13
293	292	302	301	-3.9391871229067474	5.071407794952393	12	13
302	301	333	332	14.635176851203019	4.950153827667236	13	14
303	302	332	331	9.359154232391928	4.4914703369140625	13	14
304	303	331	330	-5.537438867876203	5.224392890930176	13	14
305	304	330	329	5.578896969956403	3.970337152481079	13	14
306	305	329	328	-2.965806094140713	5.401115894317627	13	14
307	306	328	327	-17.117028016112442	4.307642936706543	13	14
308	307	327	326	-3.8433507064450643	5.071570873260498	13	14
309	308	326	325	-7.3523100994402615	4.4558939933776855	13	14
310	309	325	324	-2.6060990590607758	5.235268592834473	13	14
311	310	324	323	-19.160167982272146	4.517581462860107	13	14
312	311	323	322	-11.783355669624095	5.073541164398193	13	14
313	312	322	321	-12.923231606578714	4.305750846862793	13	14
314	313	321	320	-17.20505062153623	5.0005669593811035	13	14
315	314	320	319	-53.4467277892897	4.378198146820068	13	14
319	318	357	356	-28.126633108917567	4.954990386962891	14	15
320	319	356	355	-27.82352743198544	4.819856643676758	14	15
321	320	355	354	-29.709889234542032	5.124537944793701	14	15
322	321	354	353	-24.741358591521603	4.606049537658691	14	15
323	322	353	352	-22.955340589503386	4.941826343536377	14	15
324	323	352	351	-3.5077196578780216	4.755629539489746	14	15
325	324	351	350	-5.28257991341776	5.022670269012451	14	15
326	325	350	349	-1.6389789795934506	4.68559455871582	14	15
327	326	349	348	1.6899746767201107	4.966701507568359	14	15
328	327	348	347	-9.014664916507613	4.7929229736328125	14	15
329	328	347	346	-13.423850277390068	5.045109748840332	14	15
330	329	346	345	-37.22998174063318	4.323948383331299	14	15
331	330	344	343	69.47554172549876	5.3553385734558105	14	15
332	331	344	343	-9.808566962755643	4.122227191925049	14	15
346	345	380	379	-23.001380037821445	5.233799934387207	15	16
347	346	379	378	42.01937015935065	5.621153831481934	15	16
348	347	379	378	-22.753934025382737	4.3394880294799805	15	16
349	348	378	377	-6.758119648831221	5.545763969421387	15	16
350	349	377	376	-10.297936343451427	4.698398590087891	15	16
351	350	376	375	-9.233869053103026	5.287712574005127	15	16
352	351	375	374	-19.10392683165214	4.393698692321777	15	16
353	352	373	372	24.178791849628144	5.508828639984131	15	16
354	353	373	372	-33.617523900720066	4.067924499511719	15	16
355	354	372	371	-12.42226012726968	5.477386474609375	15	16
356	355	371	370	-21.12447154376379	4.3893818855285645	15	16
357	356	370	369	-21.905631337126252	5.193856716156006	15	16
370	369	410	409	-13.397060041434427	5.728488445281982	16	17
371	370	409	408	-29.715662967667395	4.394639015197754	16	17
372	371	408	407	-10.895907548928886	5.439733982086182	16	17
373	372	407	406	-33.02468646015925	4.293496608734131	16	17
374	373	405	404	37.50288983140336	5.648378849029541	16	17
375	374	405	404	-20.279412804741668	4.51381254196167	16	17
376	375	404	403	-16.225600620613907	5.10805606842041	16	17
377	376	403	402	-23.3666609737484	4.710999965667725	16	17
405	404	15	14	-65.89114241358811	5.403397560119629	17	0
406	405	15	14	-42.54925694441238	5.480549335479736	17	0
407	406	14	13	32.14871866577977	4.696441650390625	17	0
408	407	12	11	7.837357616079906	5.585518836975098	17	0
409	408	12	11	-17.859420025654195	3.7451279163360596	17	0
410	409	11	10	-2.3059777575054095	5.509371280670166	17	0
411	410	10	9	10.154882920225349	4.197722434997559	17	0
412	411	9	8	-8.24682133296929	5.428463935852051	17	0
413	412	8	7	-3.58982136196981	4.093422889709473	17	0
5	4	54	53	-17.548951950111654	4.974921226501465	0	1
6	5	53	52	-15.635190315659157	4.909526348114014	0	1
7	6	52	51	-38.78374771961976	4.911839962005615	0	1
8	7	51	50	24.708397269597143	4.9697394371032715	0	1
9	8	50	49	4.319573664552639	5.185363292694092	0	1
10	9	49	48	9.561976829198422	4.44563102722168	0	1
49	48	74	73	-1.6875625454540086	4.20780086517334	1	2
50	49	72	71	46.024004025242256	5.473762512207031	1	2
51	50	72	71	-23.860652925205983	4.419978141784668	1	2
52	51	71	70	-18.958805745357473	5.08336877822876	1	2
53	52	70	69	-26.89562494297847	4.551016330718994	1	2
54	53	69	68	-10.598460433427936	5.54136323928833	1	2
55	54	68	67	-9.496532839814062	4.451321601867676	1	2
56	55	67	66	5.741248911416074	5.158079624176025	1	2
57	56	66	65	-4.0962031066045075	4.424189567565918	1	2
65	64	98	97	-22.035919632743344	4.862085819244385	2	3
66	65	97	96	-4.374149586973362	4.8577423095703125	2	3
67	66	96	95	-15.031969555492424	5.013815879821777	2	3
68	67	95	94	-23.720607216944423	4.422029972076416	2	3
69	68	94	93	-3.998329539667556	5.66853666305542	2	3
70	69	93	92	8.148885846124001	4.442407608032227	2	3
71	70	92	91	33.09219452876021	4.853257656097412	2	3
72	71	90	89	-40.09564206022078	4.6110734939575195	2	3
93	92	117	116	54.237905567157895	4.755358695983887	3	4
94	93	116	115	37.01000301139602	5.048238754272461	3	4
95	94	115	114	-25.534934669672747	4.226369857788086	3	4
96	95	113	112	32.39891769458835	5.5171380043029785	3	4
97	96	113	112	-29.3256232597813	4.223995208740234	3	4
98	97	112	111	-10.084636371052095	5.174559593200684	3	4
112	111	143	142	-17.840839856625735	5.217770576477051	4	5
113	112	142	141	-34.69295222765097	4.526219844818115	4	5
114	113	140	139	37.75653123762914	5.5115647315979	4	5
115	114	140	139	-12.704548940522038	3.9869184494018555	4	5
116	115	138	137	30.328087420770046	5.428404331207275	4	5
117	116	138	137	-41.8120819012201	4.069097995758057	4	5
118	117	136	135	45.26292287071329	5.651529788970947	4	5
119	118	136	135	-39.01369636358568	4.199086666107178	4	5
120	119	135	134	-34.17739705095599	5.485885143280029	4	5
123	122	134	133	56.80585832597305	5.425784111022949	4	5
125	124	131	130	-25.97468602894242	3.7157061100006104	4	5
138	137	159	158	-85.07637328757474	5.436778545379639	5	6
139	138	159	158	-50.11996946162029	4.966517448425293	5	6
140	139	158	157	41.86616317000497	4.481750965118408	5	6
141	140	157	156	-12.774196252047824	5.675947189331055	5	6
142	141	156	155	15.513629115283473	4.027528285980225	5	6
143	142	154	153	71.17646706399168	5.675589084625244	5	6
144	143	154	153	1.844755668640612	4.636574745178223	5	6
145	144	152	151	-69.53210203172806	5.339382648468018	5	6
146	145	153	152	-19.442769934915503	5.039424896240234	5	6
147	146	152	151	-33.95994860618674	4.477856636047363	5	6
152	151	182	181	-70.96176208446376	5.738133907318115	6	7
153	152	182	181	-22.425604852596084	5.215416431427002	6	7
154	153	181	180	-8.766324689437734	4.380047798156738	6	7
155	154	180	179	-11.538511055693768	5.0000691413879395	6	7
156	155	179	178	-5.450154019090048	4.522397518157959	6	7
157	156	178	177	-21.696408818037575	5.437112808227539	6	7
158	157	177	176	-21.055904544698105	4.801639556884766	6	7
159	158	176	175	-17.043246555253766	5.021803855895996	6	7
160	159	175	174	-19.109048441915686	4.5699334144592285	6	7
161	160	174	173	-43.74342392427994	5.034796237945557	6	7
162	161	173	172	-32.8144163657721	4.509833335876465	6	7
174	173	195	194	39.48610930235239	5.6749725341796875	7	8
175	174	195	194	-27.540050108734043	4.032780170440674	7	8
176	175	194	193	-13.977314913466865	5.209476470947266	7	8
177	176	193	192	-17.468886307687168	4.4728169441223145	7	8
178	177	192	191	-12.609978937963838	5.162040710449219	7	8
179	178	191	190	-11.902235620022012	4.157098293304443	7	8
180	179	190	189	-0.8827730010693727	5.512458324432373	7	8
181	180	189	188	-6.58547188550485	4.3065080642700195	7	8
182	181	188	187	-13.205813514130067	5.123363971710205	7	8
186	185	225	224	-29.731877986020027	4.691032409667969	8	9
187	186	224	223	-21.58388392754413	4.823764801025391	8	9
188	187	223	222	-12.208187672303241	4.776504039764404	8	9
189	188	222	221	-4.763786860716565	4.965761661529541	8	9
190	189	221	220	-0.47438451943613036	4.842334270477295	8	9
191	190	220	219	-13.118255525199087	4.541073799133301	8	9
192	191	219	218	-10.969866066454546	5.030879497528076	8	9
193	192	218	217	-24.582051185748455	4.8355817794799805	8	9
194	193	217	216	-2.250450999389641	4.765140056610107	8	9
195	194	216	215	-14.313180163161748	4.220308780670166	8	9
218	217	245	244	-45.721652017450786	5.559223175048828	9	10
219	218	245	244	1.621331429582702	5.315007209777832	9	10
220	219	244	243	-4.869764447491608	4.398517608642578	9	10
221	220	243	242	-10.556347834924113	5.320251941680908	9	10
222	221	242	241	-11.716999296575048	4.562158107757568	9	10
223	222	241	240	-8.048126135245736	5.098996162414551	9	10
224	223	240	239	-8.640237057578823	4.134636878967285	9	10
225	224	239	238	4.554204252827906	5.193857192993164	9	10
226	225	238	237	-21.850399501550683	4.587457180023193	9	10
236	235	275	274	19.477711562370843	4.432026386260986	10	11
237	236	274	273	-10.623180312110934	5.230626583099365	10	11
238	237	273	272	-3.529349609025055	3.9183807373046875	10	11
239	238	271	270	60.07261700374485	5.669700622558594	10	11
240	239	271	270	-2.1676087676134665	4.23159646987915	10	11
241	240	270	269	-10.884030799394708	5.184848308563232	10	11
242	241	269	268	-22.792090804278835	4.823187351226807	10	11
243	242	268	267	-12.885711556492078	4.951722145080566	10	11
244	243	267	266	-4.001594212976191	4.61211633682251	10	11
245	244	266	265	-8.744352400822232	5.075456619262695	10	11
266	265	293	292	-10.439764594420195	5.444370746612549	11	12
267	266	292	291	1.2155995739825247	4.420679092407227	11	12
268	267	291	290	-5.286497789511803	5.361616134643555	11	12
269	268	290	289	-8.263451802067394	4.415278434753418	11	12
270	269	289	288	0.6718742315396402	5.32838249206543	11	12
271	270	288	287	3.2251005831772512	4.727228164672852	11	12
272	271	287	286	-3.996567533241829	5.287477493286133	11	12
273	272	286	285	8.30523719208807	4.108428001403809	11	12
274	273	284	283	50.02341961226086	5.5018792152404785	11	12
275	274	284	283	-17.4038222862458	4.753325462341309	11	12
276	275	283	282	-20.77235772672608	5.605166912078857	11	12
277	276	282	281	-50.43594657261318	4.235089302062988	11	12
282	281	313	312	-12.361815969056648	4.67154598236084	12	13
283	282	312	311	-12.353981996301954	5.428609371185303	12	13
284	283	311	310	-8.703254265037135	4.692922115325928	12	13
285	284	310	309	-8.063851874381257	5.188425540924072	12	13
286	285	309	308	-11.97849876015691	4.459855079650879	12	13
287	286	308	307	-21.12105850084734	5.099218845367432	12	13
288	287	307	306	-3.392647074166854	4.741754055023193	12	13
289	288	306	305	-3.1990502659284994	5.204331874847412	12	13
290	289	305	304	1.700090126426054	4.00287389755249	12	13
291	290	303	302	66.74937316701426	5.548806190490723	12	13
292	291	303	302	-1.9603559780738344	4.6655473709106445	12	13
293	292	302	301	-3.9391871229067474	5.071407794952393	12	13
302	301	333	332	14.635176851203019	4.950153827667236	13	14
303	302	332	331	9.359154232391928	4.4914703369140625	13	14
304	303	331	330	-5.537438867876203	5.224392890930176	13	14
305	304	330	329	5.578896969956403	3.970337152481079	13	14
306	305	329	328	-2.965806094140713	5.401115894317627	13	14
307	306	328	327	-17.117028016112442	4.307642936706543	13	14
308	307	327	326	-3.8433507064450643	5.071570873260498	13	14
309	308	326	325	-7.3523100994402615	4.4558939933776855	13	14
310	309	325	324	-2.6060990590607758	5.235268592834473	13	14
311	310	324	323	-19.160167982272146	4.517581462860107	13	14
312	311	323	322	-11.783355669624095	5.073541164398193	13	14
313	312	322	321	-12.923231606578714	4.305750846862793	13	14
314	313	321	320	-17.20505062153623	5.0005669593811035	13	14
315	314	320	319	-53.4467277892897	4.378198146820068	13	14
319	318	357	356	-28.126633108917567	4.954990386962891	14	15
320	319	356	355	-27.82352743198544	4.819856643676758	14	15
321	320	355	354	-29.709889234542032	5.124537944793701	14	15
322	321	354	353	-24.741358591521603	4.606049537658691	14	15
323	322	353	352	-22.955340589503386	4.941826343536377	14	15
324	323	352	351	-3.5077196578780216	4.755629539489746	14	15
325	324	351	350	-5.28257991341776	5.022670269012451	14	15
326	325	350	349	-1.6389789795934506	4.68559455871582	14	15
327	326	349	348	1.6899746767201107	4.966701507568359	14	15
328	327	348	347	-9.014664916507613	4.7929229736328125	14	15
329	328	347	346	-13.423850277390068	5.045109748840332	14	15
330	329	346	345	-37.22998174063318	4.323948383331299	14	15
331	330	344	343	69.47554172549876	5.3553385734558105	14	15
332	331	344	343	-9.808566962755643	4.122227191925049	14	15
346	345	380	379	-23.001380037821445	5.233799934387207	15	16
347	346	379	378	42.01937015935065	5.621153831481934	15	16
348	347	379	378	-22.753934025382737	4.3394880294799805	15	16
349	348	378	377	-6.758119648831221	5.545763969421387	15	16
350	349	377	376	-10.297936343451427	4.698398590087891	15	16
351	350	376	375	-9.233869053103026	5.287712574005127	15	16
352	351	375	374	-19.10392683165214	4.393698692321777	15	16
353	352	373	372	24.178791849628144	5.508828639984131	15	16
354	353	373	372	-33.617523900720066	4.067924499511719	15	16
355	354	372	371	-12.42226012726968	5.477386474609375	15	16
356	355	371	370	-21.12447154376379	4.3893818855285645	15	16
357	356	370	369	-21.905631337126252	5.193856716156006	15	16
370	369	410	409	-13.397060041434427	5.728488445281982	16	17
371	370	409	408	-29.715662967667395	4.394639015197754	16	17
372	371	408	407	-10.895907548928886	5.439733982086182	16	17
373	372	407	406	-33.02468646015925	4.293496608734131	16	17
374	373	405	404	37.50288983140336	5.648378849029541	16	17
375	374	405	404	-20.279412804741668	4.51381254196167	16	17
376	375	404	403	-16.225600620613907	5.10805606842041	16	17
377	376	403	402	-23.3666609737484	4.710999965667725	16	17
405	404	15	14	-65.89114241358811	5.403397560119629	17	0
406	405	15	14	-42.54925694441238	5.480549335479736	17	0
407	406	14	13	32.14871866577977	4.696441650390625	17	0
408	407	12	11	7.837357616079906	5.585518836975098	17	0
409	408	12	11	-17.859420025654195	3.7451279163360596	17	0
410	409	11	10	-2.3059777575054095	5.509371280670166	17	0
411	410	10	9	10.154882920225349	4.197722434997559	17	0
412	411	9	8	-8.24682133296929	5.428463935852051	17	0
413	412	8	7	-3.58982136196981	4.093422889709473	17	0
