label	fa_atr	fa_rep	fa_sol	fa_intra_atr_xover4	fa_intra_rep_xover4	fa_intra_sol_xover4	lk_ball	lk_ball_iso	lk_ball_bridge	lk_ball_bridge_uncpl	fa_elec	fa_intra_elec	pro_close	hbond_sr_bb	hbond_lr_bb	hbond_bb_sc	hbond_sc	dslf_fa13	omega	fa_dun	fa_dun_dev	fa_dun_rot	fa_dun_semi	p_aa_pp	yhh_planarity	hxl_tors	ref	rama_prepro	total	BSA	SASA
MET_1	-3.46357	5.27453	0.89625	-0.92184	0.28775	0.43728	0.12232	1.2008	0	0	-0.29105	0.85687	0	0	0	0	0	0	-0.2176	15.7206	9.0083	6.71226	0	0	0	0	1.4633	0	37.0862	138.081	123.919
ASN_2	-1.71998	0.26136	2.15814	-0.16128	0.00262	0.22713	0.51525	2.48184	0	0	-0.18902	-0.15266	0	0	0	0	0	0	-0.02056	4.8619	0.99871	0	3.8632	-0.57338	0	0	-0.3009	1.40444	13.6568	64.2012	119.799
ASP_3	-3.12122	0.92107	3.18642	-0.08713	0.01366	0.24732	1.7019	3.73096	0	0	-0.20479	-0.19856	0	0	0	0	0	0	0.19676	6.80232	0.00687	0	6.79545	-0.9769	0	0	-1.6204	3.9636	21.3573	105.234	79.7664
LEU_4	-6.27741	2.7557	3.18887	-0.53099	0.3676	0.12051	2.64052	5.21479	0.01072	0.03015	-1.47965	0.26075	0	0	0	0	0	0	-0.10036	2.17853	1.54145	0.63709	0	-0.08817	0	0	1.3223	4.12108	15.9135	169.603	40.3969
THR_5	-3.2597	0.5179	2.0506	-0.18352	0.2607	0.06851	0.75872	3.35737	0	0	0.04781	-0.53898	0	0	0	0	0	0	-0.12427	0.82707	0.69738	0.12969	0	0.18275	0	5.03958	-0.9333	1.69384	10.5921	89.5282	84.4718
LEU_6	-9.04693	9.47168	1.92727	-0.50904	0.43936	0.1128	2.82754	5.44144	0.01072	0.03015	-1.71932	0.2278	0	0	0	0	0	0	-0.07926	1.44816	0.52869	0.91947	0	-0.59718	0	0	1.3223	-0.19986	12.5558	209.488	0.512343
SER_7	-3.44213	1.25742	4.03671	-0.05519	0.0276	0.07588	2.48735	4.90602	0.07514	0.61628	-1.43016	-0.12083	0.08132	0	0	-1.60733	0	0	-0.1256	4.0243	1.3646	2.6597	0	0.87092	0	4.04	-0.539	2.97546	22.1785	127.67	34.3301
PRO_8	-5.25119	1.53319	2.34589	-0.15024	0.01962	0.10401	1.00817	3.14457	0	0	-0.44512	0.13888	0.1572	0	0	0	0	0	-0.07851	1.11549	0.77986	0.33563	0	-0.63677	0	0	-4.6787	3.31182	2.75381	187.345	11.6548
ILE_9	-9.35695	2.6208	2.81568	-0.56253	0.60214	0.1452	2.81563	6.9947	0.00022	0.0008	-2.193	0.34605	0	0	0	0	0	0	-0.0802	1.96086	1.176	0.78486	0	0.49156	0	0	1.8006	0.16823	10.5307	207	0
ALA_10	-6.77475	5.55253	2.80196	-0.01722	0	0	2.97965	6.48372	0	0	-1.96193	-0.36866	0	0	0	0	0	0	0.04974	0	0	0	0	-0.63137	0	0	2.2619	0.70784	11.0834	153	0
ILE_11	-7.00962	21.3563	3.8583	-0.4594	2.29586	0.07852	2.73122	6.41075	0.04112	0.13741	-2.74366	0.25193	0	0	0	0	0	0	-0.13997	2.3719	1.42509	0.94681	0	-0.65397	0	0	1.8006	0.40051	33.0997	178.559	28.4409
ILE_12	-8.96714	4.55579	3.30346	-0.58291	1.56419	0.12835	3.06643	7.29247	0.0439	0.21921	-2.26884	-0.00858	0	0	0	0	0	0	0.01671	3.89136	1.51809	2.37328	0	-1.2755	0	0	1.8006	-0.75457	15.9163	207	0
HIS_13	-5.71719	0.45188	5.52353	-0.47681	0.02977	0.61905	3.66334	6.95935	0.04112	0.13741	-3.46491	0.01427	0	0	0	0	-0.9215	0	-0.05882	5.6745	1.08014	0	4.59436	-0.03774	0	0	0.8406	-0.65014	18.3022	188.061	52.9385
THR_14	-6.66199	8.77358	5.04944	-0.16467	0.231	0.05455	2.987	7.01937	0.02069	0.05205	-1.15838	-0.39579	0.00391	0	0	-0.88949	0	0	0.06843	1.54431	0.17783	1.36648	0	0.01457	0	5.01448	-0.9333	2.68299	24.8571	168.481	5.51853
PRO_15	-6.70688	7.55378	2.96349	-0.06993	0.00052	0.04299	2.00596	4.06703	0.07791	0.23728	-1.41902	0.64303	0.00403	0	0	0	0	0	-0.20663	0.84595	0.62339	0.22255	0	1.54466	0	0	-4.6787	3.21199	10.9634	194.901	4.09875
TYR_16	-11.0894	11.5624	3.85841	-0.72782	0.14348	0.48501	3.24062	7.71558	0.03571	0.23796	-1.83885	-0.31041	0	0	0	0	0	0	-0.04485	9.77687	5.87589	0	3.90097	0.36703	0	0	1.7379	1.49867	36.4252	248	0
LYS_17	-5.24198	0.44251	6.65703	-0.60518	0.47926	0.53118	2.43723	6.95455	0.12396	0.51992	-0.72435	0.29832	0	0	0	0	0	0	0.13703	3.79566	0.38877	3.40689	0	-0.22887	0	0	-0.8895	0.6678	19.1502	182.245	69.7545
GLU_18	-4.76413	0.35807	5.3792	-0.34517	0.16474	0.43333	2.258	6.00719	0.01648	0.1297	-1.52427	-0.31092	0	0	0	0	0	0	0.04057	4.66062	0.12407	0	4.53655	0.48221	0	0	-1.6358	0.54235	16.5528	155.827	67.1733
LYS_19	-2.67754	0.38943	2.34876	-0.86935	6.4249	0.98636	1.36608	3.14424	0.00569	0.02531	0.08798	0.83712	0	0	0	0	0	0	-0.09724	11.4932	7.8123	3.68094	0	-0.02062	0	0	-0.8895	0.72903	34.7771	108.759	143.241
PHE_20	-2.68014	0.32235	2.80635	-0.84151	1.35403	0.40567	0.82501	3.27844	0	0	0.13681	0.21862	0	0	0	0	0	0	-0.21758	6.84549	1.03134	0	5.81415	0.33521	0	0	1.9602	0.21918	21.8136	69.9745	167.026
SER_21	-6.17514	1.16433	5.47067	-0.03497	0.00935	0.02433	2.87901	6.49006	0	0	-0.6213	-0.76776	0	0	0	0	0	0	0.06529	1.66743	0.3878	1.27962	0	-0.45833	0	4.04	-0.539	-0.20681	14.6746	160.67	1.32975
VAL_22	-5.66904	3.40015	2.2115	-0.28266	0.46618	0.06164	2.06267	4.90259	0.00569	0.02531	-0.83764	0.08947	0.0441	0	0	0	0	0	-0.11633	0.2113	0.14015	0.07115	0	-0.67968	0	0	2.7371	1.37413	10.2178	139.922	42.0776
PRO_23	-6.04276	6.41378	3.15972	-0.16151	0.00397	0.11243	1.39808	3.49674	0	0	-0.71326	0.14379	0.14656	0	0	0	0	0	0.07342	1.62449	0.89606	0.72843	0	-1.31892	0	0	-4.6787	1.37804	6.66036	189.682	9.31799
ARG_24	-3.04185	2.33583	3.21315	-1.31625	1.18444	1.1729	1.34261	3.42431	0	0	-0.22775	0.4438	0	0	0	0	0	0	-0.09356	17.4939	14.606	2.88794	0	-0.09259	0	0	-0.1423	-0.32078	42.8699	92.8557	172.144
GLN_25	-5.13785	2.48004	4.91044	-0.29954	0.07147	0.2723	2.74421	5.82768	0.02112	0.07211	-0.29484	-0.90694	0.00534	0	0	0	0	0	0.24244	6.0706	1.22754	0	4.84306	-0.00476	0	0	-0.1077	2.9172	24.9539	155.186	61.8138
PRO_26	-5.34968	6.00064	3.66536	-0.07677	0.00267	0.04572	1.46027	4.30229	0.01148	0.13158	0.3026	0.60709	0.08066	0	0	0	0	0	-0.31078	2.30268	1.71317	0.58952	0	-0.58034	0	0	-4.6787	2.66313	12.8826	175.942	23.0578
ASN_27	-2.29262	0.1612	2.12469	-0.23093	0.64553	0.32261	0.65114	2.94421	0	0	0.48515	-0.89596	0	0	0	0	0	0	-0.02532	6.79731	0.35696	0	6.44035	0.06616	0	0	-0.3009	-0.08996	17.1596	83.9246	100.075
LEU_28	-4.00358	0.86445	3.6412	-0.48889	0.43441	0.10478	2.11569	4.79339	0	0	-1.25297	0.2783	0	0	0	-0.03075	0	0	0.04966	2.13157	1.40815	0.72342	0	-0.29787	0	0	1.3223	0.61825	12.4115	106.583	103.417
VAL_29	-6.68877	5.17355	2.93528	-0.29753	0.39389	0.07141	2.56377	5.92363	0.02112	0.07211	0.76453	-0.04345	0	0	0	0	0	0	0.17834	2.10318	2.07636	0.02682	0	0.41941	0	0	2.7371	2.87771	21.3085	182	0
GLU_30	-4.33004	1.50326	6.16835	-0.36923	0.161	0.54572	2.71192	6.51337	0.04058	0.25516	-0.41267	-0.33369	0	0	0	0	-0.44846	0	-0.12859	7.04509	0.87952	0	6.16557	-0.11588	0	0	-1.6358	2.92837	27.1436	136.164	86.836
ASP_31	-6.05383	5.96094	6.99299	-0.11801	0.04267	0.37918	3.86338	8.0198	0.06839	0.48022	-2.58097	0.091	0	0	0	0	-0.70999	0	0.30175	3.30133	0.4633	0	2.83802	0.1985	0	0	-1.6204	1.11491	23.0332	165.275	19.7246
GLY_32	-4.08235	1.70248	3.1241	-0.0001	0	0	2.32183	5.09529	0.0031	0.01197	-1.08982	-0.43607	0	0	0	0	0	0	-0.01738	0	0	0	0	0.39336	0	0	1.435	2.75959	11.221	163.392	0.60815
VAL_33	-5.74616	6.3617	3.09834	-0.23179	0.30411	0.03906	2.72674	6.23794	0.06839	0.48022	-2.25577	0.34046	0	0	0	0	0	0	0.03932	1.69903	0.55514	1.14389	0	0.82896	0	0	2.7371	2.99064	21.4173	147.865	34.1345
GLY_34	-3.91401	2.31599	3.13826	-0.00093	0	0	2.52383	4.79621	0.01383	0.15281	-1.73513	-0.31443	0	0	0	0	0	0	-0.01923	0	0	0	0	0.81759	0	0	1.435	1.9439	11.1537	162.975	1.02469
ILE_35	-6.91482	1.78241	3.67033	-0.48249	2.8761	0.09369	2.47827	6.29689	0.00459	0.01263	-1.92169	0.16894	0	0	0	0	0	0	-0.06025	1.227	0.73029	0.49672	0	-1.14191	0	0	1.8006	1.00638	12.1237	165.233	41.7666
VAL_36	-7.80745	13.0864	2.3904	-0.27349	0.37577	0.06289	3.01911	5.95826	0.01794	0.05319	-2.4708	-0.09178	0	0	0	0	0	0	-0.06173	5.70592	5.48191	0.224	0	-0.96224	0	0	2.7371	-0.83624	26.6092	182	0
GLU_37	-5.98203	1.19706	5.49314	-0.2668	0.05515	0.28961	4.2337	7.21443	0.00459	0.01253	-4.20189	-0.27678	0	0	0	0	-0.9215	0	-0.00543	4.5625	0.53855	0	4.02395	0.55497	0	0	-1.6358	-0.41364	14.4763	175.008	47.9917
LEU_38	-7.94084	2.19285	1.28357	-0.43475	0.10527	0.07142	1.40265	4.92342	0.02786	0.17131	-1.15913	0.17018	0	0	0	0	0	0	-0.09731	17.2708	16.0424	1.22839	0	-0.34949	0	0	1.3223	-0.2697	35.9612	207.567	2.4326
LEU_39	-8.24253	29.762	4.38769	-0.51286	0.48637	0.11492	2.93106	7.57222	0.00022	0.0008	-2.39559	0.32154	2.44008	0	0	0	0	0	0.06424	8.64572	8.11891	0.52681	0	-0.51383	0	0	1.3223	1.6907	56.7207	186.685	23.3151
PRO_40	-3.43799	6.72232	1.5086	-0.12092	0.00536	0.08503	0.80252	1.91642	7e-05	0.00239	0.74104	0.28778	2.59371	0	0	0	0	0	0.0001	3.73139	3.23015	0.50124	0	-1.11852	0	0	-4.6787	4.5467	17.3187	108.404	90.5957
PRO_41	-2.67837	2.62988	0.90278	-0.12806	0.18218	0.08538	0.49877	1.45973	0.04137	0.48823	0.58534	0.45133	0.25503	0	0	0	0	0	0.0671	45.0048	44.9935	0.01127	0	0.8819	0	0	-4.6787	4.98212	96.0355	84.0645	114.936
TYR_42	-8.26371	1.99483	3.25546	-0.66365	0.05565	0.41354	3.25123	6.05076	7e-05	0.00239	-2.04915	-0.21388	0	0	0	0	0	0	0.01638	5.97133	3.20714	0	2.76419	-0.06737	0	0	1.7379	2.21473	19.6778	197.265	50.7347
ASN_43	-6.46718	3.56807	4.45169	-0.36098	0.21162	0.72168	1.69661	6.10093	0	0	-0.60099	-1.70599	0	0	0	0	0	0	0.05691	5.36603	2.30129	0	3.06474	-0.99298	0	0	-0.3009	1.69137	18.8019	153.348	30.6524
SER_44	-4.21039	2.65766	4.50332	-0.05549	0.01307	0.08005	3.09189	6.25093	0.04137	0.48823	-0.44385	-0.85802	0.31653	0	0	0	0	0	0.03013	2.14602	0.54869	1.59733	0	0.39612	0	4.04	-0.539	4.95888	25.0535	132.793	29.2065
PRO_45	-4.07648	1.75299	1.98656	-0.07884	0.00178	0.04716	1.08331	2.89826	0	0	0.04431	0.62669	0.3854	0	0	0	0	0	-0.28681	2.29387	1.68148	0.61238	0	-0.7365	0	0	-4.6787	2.96753	6.52441	135.716	63.2841
GLU_46	-4.04241	0.70814	4.2826	-0.23498	0.20297	0.469	1.88448	5.17336	0	0	-0.49891	-0.63049	0	0	0	0	0	0	0.08796	11.3682	5.74132	0	5.62687	-0.47856	0	0	-1.6358	-0.43947	27.5843	121.898	101.102
ALA_47	-4.80064	0.84606	2.79624	-0.02522	0.00405	0	2.94551	5.67436	0	0	-1.05527	-0.39057	0	0	0	0	0	0	-0.17096	0	0	0	0	-0.17953	0	0	2.2619	-0.57887	7.32707	139.422	13.5783
VAL_48	-6.71874	1.75031	1.75368	-0.31153	0.33998	0.07206	2.44785	5.44096	0.04273	0.26443	-2.10885	-0.36303	0	0	0	0	0	0	-0.09031	0.14429	0.00069	0.1436	0	0.05809	0	0	2.7371	0.42275	6.02605	176.781	5.21924
ARG_49	-5.04834	0.1776	4.84172	-0.84473	0.69603	0.57379	2.73156	6.2437	0	0	-1.49002	0.49581	0	0	0	0	0	0	-0.02637	5.00817	1.8699	3.13827	0	0.45484	0	0	-0.1423	2.15959	20.8392	106.991	158.009
GLY_50	-3.61089	1.95271	3.78248	-6e-05	0	0	2.09831	5.09483	0.09773	0.46248	-1.80117	-0.38774	0	0	0	0	0	0	-0.38012	0	0	0	0	-2.42271	0	0	1.435	0.55954	6.88039	151.607	12.3931
LEU_51	-8.39236	5.3786	2.28534	-0.739	2.24514	0.27755	2.6284	6.3014	0	0	-0.6517	0.17418	0	0	0	0	0	0	-0.07142	30.1362	26.5209	3.61533	0	-0.50132	0	0	1.3223	-1.06643	69.4632	210	0
GLU_52	-4.41123	0.69039	5.18862	-0.59998	0.89842	1.51216	1.39793	6.30544	0.04273	0.26443	-0.65013	-0.94268	0	0	0	0	0	0	-0.26008	17.2174	8.25573	0	8.9617	-0.34352	0	0	-1.6358	1.01339	42.9049	133.247	89.7526
GLN_53	-5.16338	2.54686	5.39023	-0.54428	0.24783	0.54776	2.45867	6.74779	0	0	0.76973	-0.28227	0	0	0	0	0	0	0.00451	6.19761	0.03987	0	6.15774	0.46583	0	0	-0.1077	2.44773	27.9245	137.602	79.3981
PHE_54	-6.40866	0.80381	3.45123	-0.63016	0.13174	0.37535	2.43968	5.53481	0.10071	0.48988	0.02226	0.30237	0	0	0	0	0	0	0.2186	5.51703	2.68263	0	2.83439	-0.15539	0	0	1.9602	0.95278	20.6233	186.009	50.9913
SER_55	-4.11085	0.66806	5.11704	-0.04052	0.0223	0.05071	2.72567	6.07727	0.03251	0.50571	-0.70377	-0.03095	0	0	0	0	0	0	-0.04888	0.80664	0.1488	0.65784	0	-0.02586	0	4.04	-0.539	-0.42927	14.9234	131.828	30.1719
HIS_56	-8.04373	2.08899	6.99472	-0.38507	0.00968	0.39981	2.69912	8.96536	0.0271	0.22932	-1.73916	-0.2462	0	0	0	0	0	0	0.31858	2.93817	0.50055	0	2.43761	-0.1905	0	0	0.8406	-0.37667	17.4683	218.748	22.2522
LEU_57	-8.25235	4.67708	2.44572	-0.46373	0.30851	0.08035	3.23843	6.36168	0.01393	0.08793	-2.23517	0.28315	0	0	0	0	0	0	0.0012	10.6584	8.54482	2.1136	0	0.56546	0	0	1.3223	0.26401	30.0153	210	0
TRP_58	-12.3768	3.65153	6.16821	-0.75692	0.11054	0.12573	3.78343	9.78842	0	0	-3.27565	-0.31407	0	0	0	0	-0.00863	0	-0.05439	6.4016	2.43408	0	3.96752	0.17463	0	0	3.7077	0.75531	24.2823	269.553	0.446804
LEU_59	-7.49659	1.0117	1.48367	-0.46425	0.31931	0.09825	2.85105	5.28575	0	0	-1.6781	0.05854	0	0	0	0	0	0	0.34434	2.12938	0.83455	1.29484	0	-0.34891	0	0	1.3223	0.19052	7.23635	209.392	0.60815
ILE_60	-7.67972	1.55841	3.60438	-0.47597	0.7208	0.10773	3.54037	6.50295	0	0	-3.42119	-0.07961	0	0	0	0	0	0	-0.04698	1.17551	0.74947	0.42604	0	-0.74461	0	0	1.8006	-0.11803	7.62014	206.488	0.512343
PHE_61	-10.2358	3.2707	3.49612	-0.95432	0.52428	0.4709	2.48126	8.1997	0.00961	0.03191	-2.74958	-0.13833	0	0	0	0	0	0	-0.08604	2.97913	0.01838	0	2.96075	0.32297	0	0	1.9602	1.6066	14.1684	211.506	25.494
GLN_62	-5.78473	1.61657	3.50432	-0.34179	0.03883	0.1778	1.77869	4.84168	0.02353	0.29639	-0.45601	-0.13618	0	0	0	0	0	0	-0.07199	9.28381	4.2133	0	5.07051	0.44203	0	0	-0.1077	1.56501	25.9541	177.764	39.2358
MET_63	-8.37342	27.9327	3.94521	-0.24475	0.04205	0.08176	2.36111	5.85337	0.00961	0.03191	-0.6589	-0.06455	0	0	0	0	0	0	13.5973	5.04111	3.218	1.82311	0	1.74465	0	0	1.4633	2.92616	60.7297	213.589	48.4113
VAL_64	-2.26622	0.07798	0.67844	-0.26527	0.20297	0.04672	0.58013	1.59172	0	0	-0.0628	-0.39763	0	0	0	0	0	0	0.00068	2.78479	1.61546	1.16933	0	3.27128	0	0	2.7371	10.6131	22.3777	44.0749	137.925
GLY_65	-4.15367	0.45326	3.75291	-0.00024	0	0	2.51783	5.79312	0	0	-1.16493	-0.21716	0	0	0	0	0	0	-0.09086	0	0	0	0	0.6006	0	0	1.435	7.48103	16.4069	161.951	2.04937
VAL_66	-5.17871	1.35862	3.91332	-0.27531	0.84988	0.04932	2.84513	6.23397	0.05381	0.54757	-0.79723	0.43312	0	0	0	0	0	0	0.09235	19.8733	19.8044	0.06889	0	-0.00762	0	0	2.7371	1.89878	54.5006	139.981	42.0192
PHE_67	-9.33406	1.53538	3.22606	-0.6742	0.29954	0.40407	3.5144	6.87362	0	0	-0.41736	-0.16281	0	0	0	0	0	0	-0.19196	6.06243	2.2616	0	3.80083	0.37699	0	0	1.9602	2.48248	22.0172	237	0
ALA_68	-5.0967	1.40508	2.44693	-0.0258	0.00465	0	1.81545	5.38994	0	0	-0.8571	-0.41255	0	0	0	0	0	0	-0.09468	0	0	0	0	0.14623	0	0	2.2619	0.0766	7.05996	150.663	2.33679
SER_69	-4.39058	1.19475	5.5659	-0.03292	0.01903	0.04879	3.50555	6.71176	0.00491	0.08637	-1.6853	-0.1602	0	0	0	0	0	0	-0.05129	0.54671	0.00796	0.53875	0	-0.52833	0	4.04	-0.539	0.82251	15.7054	131.122	30.8782
ARG_70	-4.99914	0.99841	5.30662	-0.6595	0.80815	0.40291	2.50888	5.86392	0.12562	0.72283	-0.66132	0.03933	0	0	0	0	-0.63031	0	-0.1264	10.8445	7.4287	3.41578	0	-0.34154	0	0	-0.1423	1.40141	32.3065	201.344	63.6557
ALA_71	-2.9987	0.25671	2.98174	-0.02034	0	0	1.7584	4.16843	0.03377	0.28799	-0.42991	-0.10444	0	0	0	0	0	0	0.05756	0	0	0	0	-0.19904	0	0	2.2619	1.93456	9.98863	111.328	41.6719
THR_72	-4.04415	1.80849	2.69733	-0.1235	0.10151	0.05402	1.28806	3.53605	0.04397	0.35012	0.15901	-0.21159	0	0	0	0	0	0	0.19839	0.84265	1e-05	0.84264	0	-0.11285	0	5.04292	-0.9333	2.15707	13.6968	127.517	46.4834
HIS_73	-1.86128	0.15012	1.69872	-0.42997	0.06082	0.53579	0.52192	2.26978	0	0	0.51009	-0.41506	0	0	0	0	0	0	0.14791	5.29558	0.29646	0	4.99912	-0.44802	0	0	0.8406	2.22529	16.3979	71.7914	169.209
ARG_74	-10.8765	23.0522	11.4142	-0.74782	0.77942	0.42235	5.86721	13.0533	0.10002	0.60185	-0.87369	0.12282	0.52625	0	0	0	0	0	0.06718	4.05137	1.05605	2.99532	0	-0.31542	0	0	-0.1423	4.56518	55.7189	252.543	12.4568
PRO_75	-3.76387	1.43118	1.37754	-0.07419	0.00078	0.04559	0.3446	1.60668	0	0	0.57256	0.65478	0.53176	0	0	0	0	0	0.0048	2.0243	1.55566	0.46864	0	-0.41282	0	0	-4.6787	2.80886	4.49813	155.744	43.2559
ASN_76	-7.34168	2.89934	6.40694	-0.16905	0.02209	0.27015	4.19731	8.22908	0.00126	0.01998	-1.78941	-0.73634	0.22412	0	0	-2.62037	0	0	-0.01205	4.56358	0.09979	0	4.46379	-1.0557	0	0	-0.3009	2.9934	20.3653	184	0
PRO_77	-5.44968	4.10633	2.79337	-0.15911	0.09564	0.10061	1.74726	3.70211	0	0	-1.12034	0.27787	0.22819	0	0	0	0	0	-0.13425	0.87349	0.57067	0.30282	0	-1.79554	0	0	-4.6787	5.10939	6.57014	170.564	28.4362
LEU_78	-7.48447	5.58669	1.02085	-0.50413	0.82873	0.10895	2.06765	4.7727	0	0	-2.25083	0.16451	0	0	0	0	0	0	0.04545	1.72631	0.16055	1.56577	0	-0.42031	0	0	1.3223	2.25745	10.9682	210	0
GLY_79	-4.51573	1.16439	3.71677	-0.00057	0	0	2.26983	5.60471	0	0	-1.58796	-0.27575	0	0	0	0	0	0	-0.03168	0	0	0	0	0.91863	0	0	1.435	1.11976	9.81741	162.975	1.02469
MET_80	-7.14199	23.5256	2.53347	-0.4695	3.43755	0.11665	0.79601	3.77452	0	0	-0.07958	-0.06136	0	0	0	0	0	0	0.11743	2.57497	0.63067	1.9443	0	0.01058	0	0	1.4633	1.40907	34.5817	257.392	4.60805
SER_81	-4.69732	0.72494	4.23251	-0.03595	0.00885	0.05198	2.95462	5.58079	0	0	-0.73286	0.109	0	0	0	0	0	0	-0.01141	0.12318	0.04474	0.07844	0	-0.45318	0	4.04	-0.539	2.44245	13.9218	151.187	10.8128
LYS_82	-6.58921	12.5042	6.30763	-0.81331	3.91959	0.83468	3.43313	7.0414	0.003	0.05905	-4.26247	-0.6578	0	0	0	0	-0.10423	0	-0.10919	20.481	14.1583	6.32272	0	0.50964	0	0	-0.8895	2.23915	64.3879	229.903	22.0967
VAL_83	-6.15587	8.36562	2.37541	-0.31164	0.37602	0.06337	2.49397	5.21203	0.00011	0.00029	-1.50182	-0.12324	0	0	0	0	0	0	-0.04579	0.33458	0.0024	0.33218	0	-0.39835	0	0	2.7371	0.09302	13.8494	176.877	5.12343
GLU_84	-6.17807	1.70911	6.94725	-0.45881	0.22166	0.58756	3.0652	8.23218	0.00922	0.14324	-0.57572	-0.99426	0	0	0	0	0	0	-0.08648	6.81729	1.17949	0	5.6378	0.08875	0	0	-1.6358	-0.24918	24.4604	183.097	39.9029
LEU_85	-7.89113	1.31163	2.5593	-0.667	1.05694	0.20629	1.88116	6.42489	0.00309	0.02769	-0.68241	0.22538	0	0	0	0	0	0	-0.01263	2.71301	1.88532	0.82769	0	-0.44755	0	0	1.3223	-0.28485	10.4591	194.155	15.8452
ARG_86	-5.18826	0.81084	4.49107	-0.44353	0.14427	0.23676	1.91584	5.69366	0.04058	0.25516	-0.8669	0.27306	0	0	0	0	0	0	-0.05295	3.3719	0.75007	2.62183	0	-0.15877	0	0	-0.1423	0.14104	13.8934	136.995	128.005
GLN_87	-5.88544	1.30601	5.40373	-0.54227	2.76153	0.53254	2.83824	6.86269	0.00051	0.00306	-1.88048	-0.14639	0	0	0	0	0	0	0.09161	10.9018	5.29111	0	5.6107	0.13594	0	0	-0.1077	2.07111	35.2483	129.803	87.1971
VAL_88	-5.1412	1.6085	-0.26944	-0.28575	0.23016	0.06517	0.34107	2.50381	0.03316	0.10435	-0.06919	-0.31334	0	0	0	0	0	0	0.02359	0.17088	0	0.17088	0	-0.41067	0	0	2.7371	1.98175	3.48083	158.447	23.5526
GLU_89	-6.50222	0.94458	6.66165	-0.33429	0.19586	0.43132	3.73642	7.71001	0.00954	0.03707	-3.53383	-0.14977	0	0	0	0	0	0	0.03803	5.27326	0.57719	0	4.69606	0.48824	0	0	-1.6358	0.03382	18.6771	175.685	47.3148
CYS_90	-3.40313	0.83555	1.08105	-0.04222	0.00038	0.01686	0.53113	1.84671	0.03316	0.10435	-0.35987	-0.32063	0	0	0	0	0	0	-0.13495	1.64829	0.74954	0.89876	0	0.14079	0	0	4.3148	0.21452	8.15508	87.9295	68.0705
ILE_91	-4.81101	1.51058	4.27841	-0.58571	1.45747	0.20929	2.51503	5.52973	0.00903	0.03401	-1.47241	-0.60947	0	0	0	0	0	0	0.14358	14.9142	7.68903	7.22517	0	1.54434	0	0	1.8006	2.45326	43.8351	119.614	87.3865
ASN_92	-1.8861	0.39469	2.17849	-0.19077	0.09796	0.36699	0.77514	2.67668	0	0	0.32592	-0.76709	0	0	0	0	0	0	-0.08585	6.15337	0.49135	0	5.66202	-1.71826	0	0	-0.3009	2.02957	16.2032	49.4207	134.579
GLY_93	-1.47562	0.16807	1.9914	-5e-05	0	0	0.40293	2.57475	0	0	0.13275	-0.40186	0	0	0	0	0	0	-0.04688	0	0	0	0	-1.77503	0	0	1.435	-0.64469	2.36077	102.314	61.6864
ASN_94	-5.0764	4.28959	5.01911	-0.17491	0.00302	0.25532	3.04274	6.57111	0.02114	0.06611	-1.45337	-0.70059	0	0	0	0	0	0	0.00687	3.94583	0.82324	0	3.12259	0.65553	0	0	-0.3009	-0.37324	19.7428	133.093	50.9066
ILE_95	-8.012	2.36586	1.59931	-0.4765	1.54602	0.09009	1.59006	5.2673	0.01104	0.12241	-1.37454	0.15045	0	0	0	0	0	0	-0.05025	1.74887	1.30594	0.44293	0	-1.22774	0	0	1.8006	-0.42701	6.47285	206.488	0.512343
PHE_96	-8.99112	5.20572	4.56556	-0.61289	0.06291	0.35401	3.32922	7.77576	0.02114	0.06611	-3.62425	0.13367	0	0	0	0	0	0	0.14419	3.21974	0.13108	0	3.08866	-0.17639	0	0	1.9602	-0.56324	16.0901	207.605	29.3948
LEU_97	-8.4748	5.21482	2.02342	-0.52949	0.759	0.14669	3.16647	6.22412	0.00111	0.0043	-2.29506	0.07422	0	0	0	0	0	0	0.27696	2.02511	0.59201	1.4331	0	-0.3034	0	0	1.3223	0.25479	11.9157	210	0
HIS_98	-8.64902	1.34245	7.46773	-0.45065	0.09358	0.45502	4.22913	9.85195	0	0	-4.65456	-0.40279	0	0	0	0	0	0	-0.0892	4.448	0.00363	0	4.44437	-0.2566	0	0	0.8406	1.18508	19.8587	201.498	39.5015
LEU_99	-9.14884	15.3512	3.12004	-0.4696	0.42447	0.07886	2.95038	7.1614	0	0	-1.71411	0.45531	0	0	0	0	0	0	0.12473	1.91348	1.56984	0.34365	0	0.92072	0	0	1.3223	2.78977	27.1936	210	0
GLY_100	-4.47876	3.14688	4.09988	-0.00027	0	0	2.5536	5.95237	0.01383	0.15281	-0.54572	-0.17425	0	0	0	0	0	0	0.07636	0	0	0	0	-2.08136	0	0	1.435	3.10607	13.2564	164	0
ALA_101	-3.02674	0.85816	1.67558	-0.02877	0.00727	0	0.81169	3.55331	0	0	-1.19343	-0.38385	0	0	0	0	0	0	-0.10102	0	0	0	0	0.73837	0	0	2.2619	1.59451	6.76698	128.042	24.958
VAL_102	-6.28649	4.44078	1.78434	-0.29273	0.31351	0.05053	2.1114	5.01717	0.01458	0.14355	-0.69689	0.20823	0	0	0	0	0	0	-0.12203	0.03922	0.01409	0.02512	0	0.22294	0	0	2.7371	1.93958	11.664	179.438	2.56172
ASP_103	-3.88646	3.57849	2.81778	-0.2309	0.07218	0.8113	1.43162	3.85719	0	0	0.69796	-1.95958	0	0	0	0	0	0	-0.10543	2.7895	0.00923	0	2.78028	-0.54173	0	0	-1.6204	2.32741	12.8284	129.444	55.5559
LEU_104	-6.72461	4.07224	1.67602	-0.52143	0.87953	0.11699	1.79246	4.45674	0.03564	0.23736	0.00429	0.32491	0	0	0	0	0	0	0.00831	3.17561	2.44591	0.7297	0	-0.49869	0	0	1.3223	0.33295	13.8662	203.852	6.14812
VAL_105	-5.15178	1.10165	3.47058	-0.32967	0.61941	0.06987	2.10362	5.5133	0.04124	0.21209	-1.09875	0.71107	0	0	0	0	0	0	0.0299	68.3902	67.1079	1.28235	0	1.18684	0	0	2.7371	-0.15895	147.838	135.297	46.7028
ASP_106	-5.57527	2.53268	6.99086	-0.17362	0.00295	0.52893	3.98577	8.00095	0	0	-2.82606	-0.73284	0	0	0	-0.88949	0	0	-0.18683	4.65934	0.14183	0	4.5175	-0.14683	0	0	-1.6204	0.40364	19.6131	142.651	42.3488
GLY_107	-2.82257	0.32795	2.96113	-5e-05	0	0	1.63931	4.12449	0	0	-1.49102	-0.36463	0	0	0	0	0	0	-0.34009	0	0	0	0	-2.33559	0	0	1.435	-0.64703	2.48689	136.954	27.0462
THR_108	-6.22282	6.45536	4.38789	-0.18165	0.35952	0.06243	3.56492	6.79995	0.02353	0.29639	-1.54082	-0.40892	0.56585	0	0	0	0	0	-0.19306	0.10498	0.01308	0.0919	0	0.07704	0	5.03502	-0.9333	1.72348	20.0807	163.309	10.6908
PRO_109	-5.8691	4.72383	3.06748	-0.14924	0.01805	0.10104	1.79473	3.65807	0.00829	0.02437	-1.50745	0.16466	0.64667	0	0	0	0	0	-0.03099	1.82077	1.26391	0.55687	0	0.06362	0	0	-4.6787	2.88567	8.56257	188.241	10.7592
ILE_110	-9.70201	2.0892	2.81921	-0.63752	1.87474	0.121	2.99751	7.44968	0.05569	0.46413	-2.78609	0.56528	0	0	0	0	0	0	-0.14854	1.83201	0.5971	1.23491	0	-1.01197	0	0	1.8006	-0.05659	9.55836	207	0
PHE_111	-10.3099	1.92635	2.89035	-0.60046	0.64791	0.29921	2.49434	6.81241	0.02921	0.19877	-1.31265	0.1466	0	0	0	-0.91262	0	0	0.24456	3.71967	0.09372	0	3.62594	0.04802	0	0	1.9602	-0.25496	11.7466	237	0
ASP_112	-6.85129	1.36707	8.62628	-0.12756	0.02042	0.37177	5.00336	9.77618	8e-05	0.00032	-3.60546	-0.85354	0	0	0	0	0	0	0.09022	4.45981	0.13553	0	4.32428	0.4599	0	0	-1.6204	1.29447	22.8714	185	0
ILE_113	-7.43565	3.64485	1.24948	-0.49783	1.73455	0.11502	1.8063	4.7741	0.08365	0.60858	-0.95843	-0.07805	0	0	0	0	0	0	0.03929	0.98052	0.64336	0.33716	0	-0.80253	0	0	1.8006	1.32154	9.36651	207	0
LYS_114	-9.19635	21.3121	10.2533	-0.36607	0.1016	0.19812	6.40868	10.817	0	1e-05	-3.89104	0.2127	0.01394	0	0	0	0	0	0.04393	3.34597	0.23793	3.10804	0	0.06365	0	0	-0.8895	2.84171	44.6157	250.147	1.85276
PRO_115	-6.30724	1.68847	3.39055	-0.18685	0.13319	0.14386	1.1802	3.89134	0.0862	0.44916	-0.84718	-0.16935	0.23593	0	0	0	0	0	-0.07245	3.79051	2.4814	1.30911	0	1.47592	0	0	-4.6787	4.10117	12.0952	199	0
TYR_116	-11.5649	2.95639	5.99932	-0.79777	1.48484	0.26108	3.44567	9.47389	0.03098	0.19729	-1.07202	-0.55062	0	0	0	0	0	0	0.1482	4.05616	0.04029	0	4.01587	0.23366	0	0	1.7379	1.73546	21.8317	248	0
ILE_117	-5.0701	0.48102	4.51015	-0.48898	1.71103	0.09983	2.41404	6.11697	0.07089	0.41001	-1.13815	0.14093	0	0	0	-0.00977	0	0	-0.11442	1.31797	0.80289	0.51508	0	-1.16932	0	0	1.8006	-0.37356	12.0271	130.118	76.8821
ALA_118	-4.12187	4.83141	2.35132	-0.0234	0.00011	0	1.91593	4.78648	0.05292	0.21686	0.00788	-0.35851	0	0	0	0	0	0	-0.12756	0	0	0	0	-0.60233	0	0	2.2619	-0.95972	10.2314	121.665	31.3349
TYR_119	-3.00787	0.68509	2.91933	-0.71946	0.75793	0.17536	1.521	4.03944	0.00078	0.00298	1.58241	-0.26105	0	0	0	0	0	0	-0.02804	7.27106	2.64258	0	4.62847	-0.18844	0	0	1.7379	2.54796	26.3074	113.913	134.087
ALA_120	-2.63733	0.72568	2.91603	-0.02437	0.00286	0	0.88181	3.82974	0.00172	0.03641	-0.14493	-0.35974	0	0	0	0	0	0	-0.12198	0	0	0	0	-0.07817	0	0	2.2619	2.35016	9.63979	97.5547	55.4453
ASP_121	-7.17689	0.84228	8.76941	-0.11637	0.00958	0.37911	5.15826	10.1998	0.01192	0.06864	-4.62199	0.28427	0	0	0	-0.00977	-0.60934	0	0.03685	3.41059	0.37384	0	3.03674	-0.22792	0	0	-1.6204	-0.39232	17.8063	185	0
SER_122	-5.58514	0.68736	5.4531	-0.03373	0.00436	0.04027	3.27236	6.28918	0.06243	0.26469	-0.48732	-0.09494	0	0	0	0	0	0	-0.0889	4.1354	3.27899	0.8564	0	0.62665	0	4.04	-0.539	0.16734	22.3495	143.56	18.4402
GLU_123	-6.60814	9.03641	7.57764	-0.61388	0.79087	0.97343	4.37489	8.35371	0	0	-1.91707	-1.14485	1.28	0	0	0	-0.15101	0	0.20611	5.3881	0.02378	0	5.36432	0.56064	0	0	-1.6358	3.42123	35.2804	180.835	42.1652
PRO_124	-3.95699	1.90756	2.31835	-0.07074	0.00218	0.04341	1.1054	2.63342	0	0	0.33043	0.631	1.3475	0	0	0	0	0	-0.1502	2.10207	1.95702	0.14506	0	1.59999	0	0	-4.6787	4.3976	11.6644	121.149	77.8505
ASN_125	-1.97269	0.15944	2.29098	-0.19662	0.00606	0.32231	0.73906	2.86621	0.02419	0.37122	-0.4321	-1.07832	0	0	0	0	0	0	-0.13561	9.94304	3.63765	0	6.3054	-0.7067	0	0	-0.3009	1.58042	23.423	52.4257	131.574
ALA_126	-3.96864	4.62549	1.61034	-0.02958	0.00936	0	1.44456	4.04922	0	0	-0.20349	-0.37441	0	0	0	0	0	0	-0.02905	0	0	0	0	0.6093	0	0	2.2619	3.18612	13.1911	145.19	7.81015
GLN_127	-2.88457	0.26705	3.61971	-0.57568	0.39143	0.41796	1.93799	4.34883	0.0142	0.15999	-0.92087	-0.25226	0	0	0	0	0	0	-0.0187	9.05814	3.7364	0	5.32174	0.47746	0	0	-0.1077	3.56334	28.5545	88.5092	128.491
SER_128	-2.67338	0.67974	2.21092	-0.02067	0.0123	0.01446	0.75731	3.06748	0	0	1.45874	-0.69001	0	0	0	0	0	0	0.2695	4.37055	1.62664	2.74391	0	-0.40808	0	4.04	-0.539	3.94664	20.8671	116.156	45.8437
SER_129	-1.22606	0.42649	1.04121	-0.03487	0.00633	0.03609	0.03434	1.24734	0	0	0.80267	-0.28658	0	0	0	0	0	0	22.9439	1.83618	0.05307	1.78312	0	0.38339	0	4.04	-0.539	5.43541	37.983	37.6047	124.395
VAL_130	-1.06585	0.02472	1.08992	-0.30522	1.74321	0.08008	0.45161	1.33161	0	0	0.50774	-1.46645	0	0	0	0	0	0	0.00361	6.13365	5.95901	0.17464	0	4.89464	0	0	2.7371	10.382	32.676	0	188.262
LYS_131	-3.1585	7.92581	2.80333	-0.69615	1.0378	0.50199	0.64917	3.18597	0	0	0.14195	0.24777	0	0	0	0	0	0	-0.12531	4.30557	0.03583	4.26973	0	0.18594	0	0	-0.8895	7.96402	28.3854	89.7481	162.252
MET_132	-5.20108	0.91266	4.50506	-0.27635	0.03121	0.07119	2.30213	5.69369	0.00623	0.04312	-1.21653	-0.18859	0	0	0	0	0	0	-0.00982	6.58554	4.34493	2.24061	0	-0.00828	0	0	1.4633	-0.31895	20.9801	213.086	48.9145
THR_133	-2.64486	1.17969	2.55352	-0.12503	0.03256	0.08323	1.48334	3.65816	0.05343	0.17116	-0.42658	-0.61918	0	0	0	0	0	0	0.13213	2.68227	0.72353	1.95874	0	0.12567	0	5.01144	-0.9333	-0.43399	14.6659	93.2338	80.7662
VAL_134	-3.38135	0.16365	0.24749	-0.27495	0.38406	0.06474	0.40258	2.36215	0	0	-0.24746	-0.20804	0	0	0	0	0	0	-0.00804	3.77382	3.4989	0.27492	0	-1.12139	0	0	2.7371	-0.53646	8.13175	140.616	41.3837
GLU_135	-4.11276	1.71314	3.4623	-0.28638	0.20334	0.31937	2.22417	4.93674	0.03435	0.10922	-2.02096	-0.31599	0	0	0	0	0	0	-0.03577	6.44524	1.30939	0	5.13585	0.18796	0	0	-1.6358	-0.54136	17.1321	130.758	92.2421
PHE_136	-7.33036	12.3563	2.79855	-0.62533	0.06275	0.40411	1.9345	5.50648	0.01166	0.17358	-0.01295	0.13983	0	0	0	0	0	0	-0.0046	6.80698	4.13688	0	2.6701	-0.20687	0	0	1.9602	-0.44339	30.3385	198.335	38.6651
THR_137	-5.86338	1.18469	6.25335	-0.1353	0.13878	0.08497	4.7026	8.43299	0	0	-2.439	-0.91394	0	0	0	0	0	0	0.09707	0.10313	0.04994	0.05319	0	-0.45035	0	5.0343	-0.9333	-0.33147	15.0683	140.342	33.6578
GLU_138	-3.33973	0.41652	4.09348	-0.54167	0.47404	1.04624	1.67381	4.70793	0.01162	0.17335	-0.60238	-0.74229	0	0	0	0	0	0	0.17206	9.28275	4.16844	0	5.11431	-0.32212	0	0	-1.6358	-0.19127	23.9593	110.809	112.191
GLN_139	-4.32172	0.293	4.27381	-1.00832	0.52407	1.40629	1.90952	5.47676	1e-05	0.00026	-0.92512	-0.93614	0	0	0	0	0	0	0.04323	7.59872	3.81585	0	3.78286	-0.38376	0	0	-0.1077	-0.31731	21.1243	126.683	90.3169
ALA_140	-7.0702	3.48527	4.53909	-0.01993	0	0	4.51297	9.05272	0.04008	0.24356	-1.18828	-0.32534	0	0	0	0	0	0	0.03237	0	0	0	0	0.35701	0	0	2.2619	1.09113	17.0124	153	0
LYS_141	-6.75386	2.19642	8.12318	-0.35626	0.0738	0.18174	3.94493	9.00292	0	0	-2.76282	0.44206	0	0	0	0	0	0	-0.11845	3.8123	0.2639	3.5484	0	-0.11675	0	0	-0.8895	1.6331	22.2251	151.743	100.257
SER_142	-3.9946	0.94379	5.02111	-0.03482	0.00375	0.05746	2.7868	6.24977	0.01018	0.14156	-1.59556	-0.73481	0	0	0	0	0	0	0.02711	1.17295	0.1344	1.03856	0	0.53837	0	4.04	-0.539	1.34311	16.6101	97.4437	64.5563
ALA_143	-5.93646	8.956	4.55552	-0.02185	0	0	3.89665	7.7447	0	0	-2.02935	-0.34029	0	0	0	0	0	0	0.04145	0	0	0	0	-0.34527	0	0	2.2619	0.7967	19.5797	150.438	2.56172
VAL_144	-7.03433	6.30232	4.21567	-0.29627	0.30312	0.06701	3.05042	7.56153	0	0	-1.97592	-0.10624	0	0	0	0	0	0	-0.14901	0.83811	0.49022	0.34789	0	-0.36537	0	0	2.7371	-0.07104	15.9152	176.874	5.12578
LYS_145	-4.35859	0.63336	5.79719	-1.35383	11.6525	1.67698	3.30056	6.85653	0.038	0.22782	-0.27245	0.77216	0	0	0	0	0	0	-0.07423	6.78131	1.86736	4.91394	0	-0.01615	0	0	-0.8895	-0.14577	37.4072	121.764	130.236
LYS_146	-4.57393	0.26196	5.91104	-0.56183	0.27433	0.50453	2.8492	6.42466	0.03382	0.26643	0.19182	0.16797	0	0	0	0	0	0	-0.04923	6.2417	2.09868	4.14301	0	-0.09306	0	0	-0.8895	-0.62476	22.5768	122.251	129.749
ARG_147	-9.27849	11.5492	9.27689	-0.73752	0.39545	0.55736	5.02891	11.1038	0.01016	0.1413	-1.79245	0.16435	0	0	0	0	0	0	-0.03494	7.10407	3.17338	3.93068	0	-0.04836	0	0	-0.1423	-0.95146	39.45	231.114	33.8862
GLU_148	-6.22118	0.27859	8.36093	-0.41636	0.04197	0.69792	4.61083	9.60741	0	0	-3.98613	-0.63551	0	0	0	-0.48877	0	0	-0.15291	11.3639	4.06053	0	7.30338	-0.35597	0	0	-1.6358	-0.51654	31.9163	170.518	52.4821
GLU_149	-3.47151	0.73369	5.08934	-0.43702	0.09597	1.15242	1.62513	5.63732	0	0	1.78095	-0.65114	0	0	0	0	0	0	0.12119	9.20932	3.07039	0	6.13893	-0.15008	0	0	-1.6358	0.5268	28.8359	106.869	116.131
LYS_150	-2.78473	0.48167	2.51694	-0.65062	2.40098	0.49836	0.79598	2.80495	0.03382	0.26643	0.16763	0.53321	0	0	0	0	0	0	0.10598	6.12027	1.28716	4.83311	0	0.08473	0	0	-0.8895	2.32004	20.9264	78.5909	173.409
ARG_151	-5.85424	1.32865	5.3177	-0.95442	0.7741	0.5095	2.28256	6.19168	0	0	-1.33554	0.51692	0.05649	0	0	0	0	0	0.33875	17.7672	11.2075	6.55974	0	-0.05765	0	0	-0.1423	5.22913	49.7358	167.882	97.1179
PRO_152	-3.39576	2.57985	2.36837	-0.18625	0.04748	0.13952	0.85542	2.834	0	0	-0.56399	-0.00772	0.06927	0	0	0	0	0	-0.03597	2.54586	1.47564	1.07021	0	-1.16798	0	0	-4.6787	2.8347	6.78395	113.104	85.8959
HIS_153	-5.93581	2.267	6.89328	-0.43349	0.07285	0.49077	3.10884	7.92035	0	0	-1.1429	-0.02935	0	0	0	-0.14655	0	0	-0.05578	4.67682	0.37978	0	4.29704	0.45012	0	0	0.8406	0.77667	24.4302	148.28	92.72
LEU_154	-6.39237	4.66183	3.33409	-0.9553	3.77407	0.51592	2.4503	5.60989	0	0	-0.68306	-0.12339	0	0	0	0	0	0	-0.13568	7.59511	0.69979	6.89531	0	-0.39135	0	0	1.3223	1.46046	29.6379	206.926	3.07406
SER_155	-4.43683	1.22274	4.44481	-0.02997	0.0027	0.04659	2.78801	5.89032	0	0	-0.42122	-0.62557	0	0	0	-0.34222	0	0	0.0888	5.68328	5.02281	0.66046	0	0.45642	0	4.04	-0.539	1.80761	25.7597	132.971	29.0293
ARG_156	-7.54021	4.02533	9.29288	-0.73257	0.93397	0.49448	3.04814	9.83617	0	0	-2.8915	0.42892	0	0	0	0	-0.70999	0	-0.07736	14.9261	12.4271	2.49898	0	-0.13623	0	0	-0.1423	1.71886	47.4007	173.653	91.3474
PHE_157	-10.5651	7.92291	4.51962	-0.98751	1.71925	0.5486	3.22888	8.05495	0	0	-1.4686	0.25139	0	0	0	0	0	0	0.10328	7.3331	0.09448	0	7.23862	0.32432	0	0	1.9602	0.49717	30.7756	235.463	1.53703
ILE_158	-6.22642	2.00751	2.68207	-0.50763	1.65378	0.11482	2.53795	5.3434	0	0	0.59811	-0.17558	0	0	0	0	0	0	0.43723	2.25478	1.68323	0.57155	0	0.84536	0	0	1.8006	2.11182	17.7326	203.959	3.04075
ARG_159	-8.25832	5.42479	7.93599	-0.49022	0.24972	0.28889	4.21358	9.4304	0	0	-0.16052	0.11827	0	0	0	-0.03075	-0.44846	0	-0.06183	6.09622	3.56457	2.53165	0	-0.28205	0	0	-0.1423	2.16639	32.146	188.66	76.3395
GLN_160	-8.46624	13.5433	5.35977	-0.40747	2.15283	0.41802	4.00212	7.73797	7e-05	0.0006	0.11966	-0.00554	0	0	0	0	0	0	0.1377	22.23	16.5835	0	5.64648	0.20021	0	0	-0.1077	1.74681	70.8921	206.883	10.1169
VAL_161	-4.85029	1.84435	0.96843	-0.31706	0.54892	0.07406	1.19736	3.63237	0	0	0.87396	-0.46087	0	0	0	0	0	0	-0.27836	2.09654	0.09596	2.00058	0	0.81625	0	0	2.7371	1.57847	12.5578	172.17	9.83033
LEU_162	-7.06715	11.2378	4.25464	-0.71511	9.49011	0.40025	2.18728	6.20788	0.00623	0.04312	-0.3435	-0.43333	0	0	0	0	0	0	0.00717	13.5958	0.3381	13.2577	0	0.23927	0	0	1.3223	2.8135	56.842	171.876	38.1238
GLU_163	-5.57255	3.34634	7.19195	-0.16058	0.07315	0.23497	4.10525	8.08232	0	0	-1.99179	-0.43551	0	0	0	0	0	0	14.9495	5.05113	1.15698	0	3.89415	0.71962	0	0	-1.6358	5.30219	44.3113	181.516	41.4838
ASP_164	-0.96076	0.86904	1.65036	-0.12943	0.02156	0.47626	0.39762	1.72202	0.00095	0.02202	-0.77921	-0.40103	0	0	0	0	0	0	-0.04607	6.01222	1.40639	0	4.60583	-0.3149	0	0	-1.6204	9.98133	22.9138	0.506496	184.494
ARG_165	-4.35724	27.1152	3.45015	-0.79279	0.91567	0.63068	1.46728	4.37793	0.00549	0.01831	-0.27985	-0.09755	0	0	0	0	0	0	0.45205	6.256	2.82172	3.43428	0	0.45292	0	0	-0.1423	10.1157	55.8437	147.451	117.549
ILE_166	-2.42731	0.0704	1.53401	-0.66144	4.32678	0.22636	0.11587	2.18724	0	0	0.56255	-0.82799	0	0	0	0	0	0	0.26837	3.67342	0.58429	3.08913	0	0.60445	0	0	1.8006	5.25295	20.3797	107.962	99.0385
TYR_167	-6.20539	26.7036	3.17135	-0.6255	0.04921	0.36583	1.69592	5.16625	0.00095	0.02202	-1.87173	-0.02856	0	0	0	0	0	0	0.09113	5.17996	2.19858	0	2.98138	0.03155	0	0	1.7379	2.15867	42.8231	141.91	106.09
GLY_168	-1.82312	0.12261	1.1103	-0.00074	0	0	0.29183	1.81154	0	0	-0.13508	-0.32165	0	0	0	0	0	0	-0.16269	0	0	0	0	1.77717	0	0	1.435	2.24719	6.35235	123.68	40.3199
MET_169	-6.76033	3.8193	3.27677	-0.70717	6.24185	0.15411	2.34601	4.8958	0	0	-1.51137	0.1892	0	0	0	0	0	0	-0.08369	3.56637	1.51156	2.05481	0	0.0464	0	0	1.4633	3.33717	23.8401	251.793	10.2069
SER_170	-3.74515	1.20545	3.74456	-0.03701	0.00408	0.02444	1.85465	4.6194	0.01648	0.1297	-0.7376	-0.62803	0	0	0	0	0	0	0.22591	0.89873	0.06855	0.83018	0	0.70327	0	4.04	-0.539	1.2721	13.9507	136.365	25.6348
LEU_171	-7.72084	5.29293	3.02389	-0.50592	0.86231	0.11613	2.90908	6.13367	0	0	-0.87558	0.12372	0	0	0	0	0	0	-0.08674	8.4734	5.66972	2.80368	0	-0.23504	0	0	1.3223	0.37259	27.6793	210	0
TYR_172	-8.75775	3.43907	5.61128	-0.49371	0.07185	0.21654	2.50538	7.58048	0	0	-0.45866	-0.06519	0	0	0	0	0	0	2.82907	3.32756	0.01982	0	3.30774	1.43904	0	0	1.7379	2.97165	25.2821	210.095	37.9051
GLU_173	-3.19511	1.84918	3.9231	-0.5294	3.12261	1.46112	1.34775	4.41822	0.04681	0.342	-0.85439	-1.64683	0	0	0	0	0	0	-0.17535	10.9949	5.24885	0	5.74602	-0.35564	0	0	-1.6358	3.21792	33.3259	112.117	110.883
PHE_174	-7.86911	2.73699	4.99995	-0.6478	0.09372	0.41541	3.30521	7.36609	0	0	-1.08097	0.2713	0	0	0	0	0	0	-0.0232	7.58301	4.1975	0	3.38552	0.10141	0	0	1.9602	1.01583	27.8111	220.69	16.3101
ASN_175	-4.21563	0.40653	5.46936	-0.18381	0.03483	0.31181	2.65874	6.55559	0	0	0.51731	-0.38498	0	0	0	0	0	0	-0.02133	5.8498	0.08069	0	5.76911	-1.11139	0	0	-0.3009	0.84248	22.2782	127.233	56.7669
VAL_176	-5.25359	1.1874	1.90169	-0.28776	0.42182	0.06146	2.4776	4.61707	0.01208	0.03784	-1.91985	0.0053	0	0	0	0	0	0	0.05627	3.87226	3.81733	0.05493	0	-0.4378	0	0	2.7371	0.16499	13.5262	181.488	0.512343
LYS_177	-4.89335	0.46158	4.85691	-0.34041	0.05791	0.18707	3.33338	6.09428	0	0	-3.95371	0.18332	0	0	0	0	0	0	-0.06881	4.92952	1.52148	3.40803	0	0.30666	0	0	-0.8895	-0.21242	14.9819	179.892	72.1078
TRP_178	-9.38343	2.30928	3.41	-1.34911	0.30494	1.02693	2.91412	7.14831	0.0324	0.32407	-0.3602	-0.75205	0	0	0	0	0	0	19.1005	6.10449	3.41314	0	2.69136	0.49974	0	0	3.7077	2.571	43.7131	229.634	40.3656
ALA_179	-1.76414	1.12273	1.19051	-0.02674	0.00123	0	0.70663	1.89541	0.0177	0.05561	-0.16903	-0.29138	0	0	0	0	0	0	0.20294	0	0	0	0	0.00699	0	0	2.2619	6.29095	11.5013	54.634	98.366
GLY_180	-1.79678	0.1121	1.98669	-0.00076	0	0	1.63538	2.69767	0.02212	0.07057	-0.93496	-0.31224	0	0	0	0	0	0	-0.16074	0	0	0	0	1.57221	0	0	1.435	5.63543	11.9617	148.676	15.3244
THR_181	-3.51064	1.04122	2.51436	-0.12815	0.02694	0.0912	1.17465	3.81181	0.04591	0.6694	-0.43697	-0.19177	0	0	0	0	0	0	0.05711	4.51806	1.49979	3.01827	0	-0.05385	0	4.99385	-0.9333	2.07254	20.2804	119.995	54.0048
VAL_182	-6.84269	11.1622	2.2173	-0.37948	0.6126	0.09474	2.92141	6.09244	0.02278	0.07974	-2.15551	0.09778	0	0	0	0	0	0	-0.12416	2.97307	0.50705	2.46602	0	-0.77557	0	0	2.7371	-0.54182	21.165	181.488	0.512343
ASN_183	-4.49309	1.14539	3.96414	-0.16902	0.03042	0.25022	2.47548	5.73807	0.0532	0.49725	-0.97156	-0.05343	0	0	0	0	0	0	0.06093	3.03623	0.39473	0	2.64149	0.18612	0	0	-0.3009	2.43132	16.917	127.56	56.4395
CYS_184	-3.31927	0.12671	2.61842	-0.04692	0.00559	0.02966	1.26537	3.47887	0.00123	0.00323	0.11738	-0.37917	0	0	0	0	0	0	-0.00647	12.4673	11.8978	0.56953	0	0.09449	0	0	4.3148	3.07525	36.3138	108.216	47.7844
VAL_185	-5.17528	2.44406	0.05194	-0.26677	0.2412	0.05324	0.73276	3.23678	0.02212	0.09577	-0.49252	-0.07798	0	0	0	0	0	0	-0.12346	1.10952	0.93316	0.17636	0	-0.84388	0	0	2.7371	-0.39204	4.46208	182	0
GLU_186	-3.62599	1.10536	5.95584	-0.87815	1.08009	2.37924	2.95838	6.34288	0.02001	0.10742	-2.37063	0.56383	0	0	0	0	0	0	0	31.7087	25.4444	0	6.26433	0	0	0	-1.6358	-0.5061	74.9138	133.474	89.5262
MET_187	-3.46207	5.45388	0.89943	-0.92206	0.30323	0.43832	0.12228	1.19919	0	0	-0.28984	0.85315	0	0	0	0	0	0	-0.21602	15.705	9.03552	6.66945	0	0	0	0	1.4633	0	37.2527	165.876	96.1241
ASN_188	-1.71757	0.26932	2.1571	-0.16015	0.00228	0.22512	0.51631	2.48009	0	0	-0.17379	-0.15335	0	0	0	0	0	0	-0.01231	4.8497	0.98689	0	3.86281	-0.57016	0	0	-0.3009	1.38697	13.6484	53.0876	130.912
ASP_189	-3.08868	0.8978	3.12327	-0.08794	0.01516	0.25056	1.58922	3.66914	0	0	-0.20241	-0.17229	0	0	0	0	0	0	0.16845	6.65474	0.01409	0	6.64065	-0.95663	0	0	-1.6204	4.0265	20.9212	111.151	73.8489
LEU_190	-6.23018	2.52352	3.20637	-0.53792	0.41702	0.12216	2.64024	5.22101	0.01298	0.03702	-1.46354	0.27668	0	0	0	0	0	0	-0.09228	2.10085	1.47581	0.62504	0	-0.07663	0	0	1.3223	4.25252	15.833	178.925	31.0754
THR_191	-3.2725	0.53498	2.04897	-0.18093	0.20549	0.06567	0.75491	3.36526	0	0	0.04678	-0.53073	0	0	0	0	0	0	-0.12284	0.85613	0.72769	0.12844	0	0.1446	0	5.04028	-0.9333	1.71863	10.5975	93.8147	80.1853
LEU_192	-9.0336	9.51167	1.95595	-0.51837	0.60222	0.11559	2.8517	5.46734	0.01298	0.03702	-1.66875	0.23739	0	0	0	0	0	0	-0.07709	1.3457	0.45772	0.88798	0	-0.59866	0	0	1.3223	-0.23862	12.6705	210	0
SER_193	-3.44954	1.18895	4.06648	-0.05561	0.03252	0.07634	2.53585	4.93418	0.06566	0.55041	-1.46868	-0.10422	0.13288	0	0	-1.65888	0	0	-0.1299	4.25064	1.54809	2.70255	0	0.85523	0	4.04	-0.539	2.97795	22.5519	133.598	28.402
PRO_194	-5.2339	1.4576	2.3463	-0.14908	0.02088	0.10352	1.00128	3.13353	0	0	-0.46109	0.14334	0.19198	0	0	0	0	0	-0.08596	0.96001	0.64475	0.31527	0	-0.70452	0	0	-4.6787	3.29626	2.30144	187.858	11.1424
ILE_195	-9.32855	2.58059	2.76768	-0.55826	0.52864	0.14512	2.79017	6.9363	2e-05	7e-05	-2.20128	0.32717	0	0	0	0	0	0	-0.08221	2.38598	1.60648	0.77951	0	0.48831	0	0	1.8006	0.14316	11.1095	207	0
ALA_196	-6.76525	5.53451	2.77112	-0.01713	0	0	2.95738	6.4606	0	0	-1.9412	-0.36771	0	0	0	0	0	0	0.06359	0	0	0	0	-0.64971	0	0	2.2619	0.6833	10.9914	153	0
ILE_197	-6.99433	21.4053	3.83131	-0.45723	2.0803	0.07876	2.70135	6.37912	0.03972	0.13111	-2.74087	0.24107	0	0	0	0	0	0	-0.14663	2.33236	1.40421	0.92816	0	-0.69153	0	0	1.8006	0.36134	32.6841	159.336	47.6644
ILE_198	-8.96057	4.20543	3.27767	-0.58731	1.78018	0.12788	3.11358	7.30945	0.04566	0.22638	-2.24776	0.00447	0	0	0	0	0	0	-0.00284	4.5814	2.20903	2.37238	0	-1.26585	0	0	1.8006	-0.7754	17.2144	207	0
HIS_199	-5.69678	0.4404	5.49488	-0.46442	0.02579	0.60217	3.64004	6.93103	0.03972	0.13111	-3.47326	0.00605	0	0	0	0	-0.92555	0	-0.09228	5.56741	1.02469	0	4.54272	-0.05551	0	0	0.8406	-0.66314	17.9157	152.287	88.7132
THR_200	-6.66879	8.98361	5.04726	-0.16559	0.24075	0.05526	2.99319	7.02043	0.02753	0.06952	-1.11365	-0.39965	0.02335	0	0	-0.85844	0	0	0.07783	1.59233	0.16424	1.42809	0	-0.01512	0	5.01284	-0.9333	2.65735	25.239	166.03	7.96994
PRO_201	-6.66788	7.79445	2.93587	-0.07063	0.00091	0.0436	1.99713	4.03195	0.07972	0.24665	-1.40045	0.64758	0.02737	0	0	0	0	0	-0.18445	1.14642	0.9459	0.20052	0	1.67661	0	0	-4.6787	3.25917	12.0318	194.901	4.09875
TYR_202	-11.1078	11.5543	3.85869	-0.72982	0.14472	0.48691	3.19892	7.7104	0.03941	0.25957	-1.85912	-0.30957	0	0	0	0	0	0	-0.04715	9.99135	6.07786	0	3.91349	0.35708	0	0	1.7379	1.57649	36.8536	248	0
LYS_203	-5.25027	0.40153	6.67121	-0.59577	0.44248	0.5212	2.48711	6.96146	0.11932	0.46265	-0.8905	0.28481	0	0	0	0	0	0	0.12112	3.87431	0.47302	3.40129	0	-0.23459	0	0	-0.8895	0.69162	19.0525	174.264	77.7358
GLU_204	-4.78213	0.39198	5.40196	-0.34627	0.16128	0.43103	2.28768	6.03062	0.01574	0.12448	-1.53577	-0.32507	0	0	0	0	0	0	0.06055	4.67974	0.09971	0	4.58003	0.46772	0	0	-1.6358	0.5374	16.6449	144.075	78.9253
LYS_205	-2.68633	0.37808	2.34486	-0.86296	7.49996	0.97485	1.34352	3.1368	0.00724	0.03215	0.10287	0.83393	0	0	0	0	0	0	-0.10455	11.7667	8.10879	3.65788	0	-0.04197	0	0	-0.8895	0.66418	36.2665	109.802	142.198
PHE_206	-2.68934	0.32627	2.83805	-0.84446	1.56094	0.40545	0.83481	3.30752	0	0	0.14056	0.21731	0	0	0	0	0	0	-0.19171	6.91711	1.0228	0	5.89431	0.31288	0	0	1.9602	0.11948	22.1322	90.3769	146.623
SER_207	-6.16891	1.28225	5.47197	-0.03523	0.01151	0.02386	2.88057	6.48932	0	0	-0.66336	-0.78563	0	0	0	0	0	0	0.02048	1.99929	0.66166	1.33762	0	-0.43964	0	4.04	-0.539	-0.26752	15.3192	159.567	2.4326
VAL_208	-5.68359	3.84671	2.18864	-0.28243	0.45592	0.06204	2.05071	4.88237	0.00724	0.03215	-0.79585	0.08592	0.02067	0	0	0	0	0	-0.1217	0.26801	0.1986	0.06941	0	-0.68147	0	0	2.7371	1.36623	10.7067	149.869	32.1311
PRO_209	-6.09539	6.8217	3.19236	-0.16256	0.00502	0.1131	1.43044	3.53096	0	0	-0.68299	0.13387	0.12761	0	0	0	0	0	0.09662	1.62333	0.88737	0.73596	0	-1.22686	0	0	-4.6787	1.41366	7.26549	190.29	8.70984
ARG_210	-3.04522	2.33272	3.23048	-1.32964	1.24829	1.18688	1.33951	3.44028	0	0	-0.25102	0.4575	0	0	0	0	0	0	-0.10225	18.1876	15.2904	2.89714	0	-0.08643	0	0	-0.1423	-0.19473	44.4592	92.9899	172.01
GLN_211	-5.13955	2.47517	4.93251	-0.29819	0.0681	0.26907	2.72544	5.84767	0.02397	0.08273	-0.22316	-0.90816	1e-05	0	0	0	0	0	0.23416	6.04945	1.2078	0	4.84165	-0.00069	0	0	-0.1077	3.01958	25.0998	159.161	57.8392
PRO_212	-5.4053	6.13701	3.70681	-0.07701	0.0028	0.04602	1.50271	4.34637	0.00947	0.10909	0.29378	0.61051	0.07032	0	0	0	0	0	-0.29267	2.32224	1.71472	0.60752	0	-0.47261	0	0	-4.6787	2.64881	13.2019	182.09	16.9097
ASN_213	-2.30222	0.15633	2.13745	-0.23133	0.66639	0.32173	0.67325	2.95835	0	0	0.48632	-0.90365	0	0	0	0	0	0	-0.04349	6.87672	0.40868	0	6.46804	0.05782	0	0	-0.3009	-0.09724	17.3323	96.4656	87.5344
LEU_214	-3.98736	0.80699	3.62592	-0.49396	0.51364	0.10767	2.1047	4.76795	0	0	-1.22399	0.28973	0	0	0	-0.03509	0	0	0.06946	2.12226	1.38804	0.73422	0	-0.29456	0	0	1.3223	0.62572	12.4436	121.504	88.4965
VAL_215	-6.72573	4.52326	2.96762	-0.29942	0.42833	0.07253	2.5816	5.96911	0.02397	0.08273	0.71744	-0.03964	0	0	0	0	0	0	0.17532	2.14554	2.11861	0.02693	0	0.42792	0	0	2.7371	2.87234	20.8056	182	0
GLU_216	-4.39189	1.77732	6.27716	-0.369	0.14331	0.54425	2.7473	6.62655	0.04159	0.26527	-0.45464	-0.32911	0	0	0	0	-0.46682	0	-0.12922	6.75196	0.6144	0	6.13756	-0.12411	0	0	-1.6358	2.91182	26.9379	144.373	78.6267
ASP_217	-6.04933	6.9135	7.0192	-0.11754	0.04037	0.37648	3.86009	8.02942	0.06853	0.48167	-2.66502	0.07514	0	0	0	0	-0.65436	0	0.22004	3.07847	0.31595	0	2.76252	0.2099	0	0	-1.6204	1.01421	23.3588	165.467	19.533
GLY_218	-4.08562	1.59351	3.13181	-0.00011	0	0	2.35232	5.11429	0.0041	0.01612	-1.17988	-0.44223	0	0	0	0	0	0	-0.01447	0	0	0	0	0.3802	0	0	1.435	2.60946	10.9145	163.488	0.512343
VAL_219	-5.76475	6.56708	3.12086	-0.23164	0.30994	0.03886	2.73981	6.26884	0.06853	0.48167	-2.25402	0.35873	0	0	0	0	0	0	0.01472	1.70375	0.56614	1.13761	0	0.86184	0	0	2.7371	2.91973	21.6448	135.02	46.98
GLY_220	-3.87756	2.41775	3.11637	-0.00094	0	0	2.48185	4.75151	0.01398	0.15628	-1.67281	-0.31357	0	0	0	0	0	0	0.00265	0	0	0	0	0.80833	0	0	1.435	1.90369	11.2225	159.435	4.56535
ILE_221	-6.77837	1.82363	3.60442	-0.47859	3.38108	0.09093	2.46169	6.17926	0.00605	0.0168	-1.91061	0.17081	0	0	0	0	0	0	-0.06181	1.38729	0.8826	0.50469	0	-1.11631	0	0	1.8006	0.98144	12.9456	145.243	61.7574
VAL_222	-7.7756	12.1763	2.36102	-0.27154	0.37114	0.06248	3.00897	5.91729	0.01923	0.05736	-2.45237	-0.08504	0	0	0	0	0	0	-0.07367	6.46588	6.23303	0.23285	0	-0.98215	0	0	2.7371	-0.8175	27.1848	182	0
GLU_223	-5.96382	1.18941	5.47897	-0.27513	0.06007	0.30045	4.23033	7.19861	0.00605	0.01679	-4.1845	-0.29004	0	0	0	0	-0.92555	0	-0.04151	4.31393	0.43201	0	3.88192	0.56062	0	0	-1.6358	-0.40147	13.9513	173.277	49.7227
LEU_224	-7.96445	2.43813	1.28248	-0.43892	0.1092	0.07252	1.39824	4.93399	0.02836	0.16814	-1.18065	0.17281	0	0	0	0	0	0	-0.10361	16.5137	15.2439	1.26982	0	-0.34684	0	0	1.3223	-0.21704	34.7021	205.743	4.25705
LEU_225	-8.23653	29.8165	4.40799	-0.50963	0.43619	0.11399	2.95243	7.5767	2e-05	7e-05	-2.41211	0.32396	1.93834	0	0	0	0	0	0.07081	8.77912	8.25391	0.52522	0	-0.50391	0	0	1.3223	1.73025	56.5856	176.691	33.3094
PRO_226	-3.4196	6.07115	1.49508	-0.12314	0.00509	0.0862	0.79289	1.90869	0.00023	0.00746	0.73731	0.28069	2.19714	0	0	0	0	0	1e-05	3.58461	3.07602	0.50858	0	-1.11808	0	0	-4.6787	4.55036	15.962	96.1945	102.806
PRO_227	-2.67502	2.17972	0.90796	-0.12614	0.19373	0.08395	0.50091	1.4619	0.04414	0.49663	0.5808	0.44764	0.37155	0	0	0	0	0	0.05109	50.9944	50.9823	0.01206	0	0.87615	0	0	-4.6787	4.9256	107.631	92.1986	106.801
TYR_228	-8.23613	1.90734	3.23497	-0.66359	0.05256	0.41343	3.2238	6.02743	0.00023	0.00746	-2.02645	-0.21992	0	0	0	0	0	0	0.02394	6.10803	3.34851	0	2.75951	-0.07057	0	0	1.7379	2.15161	19.7801	208.282	39.718
ASN_229	-6.43448	3.43613	4.44806	-0.36693	0.19326	0.73653	1.7027	6.09738	0	0	-0.59436	-1.68798	0	0	0	0	0	0	0.05845	5.00471	1.91815	0	3.08656	-0.99924	0	0	-0.3009	1.62477	17.9228	159.695	24.3049
SER_230	-4.21622	2.68482	4.49942	-0.0571	0.01381	0.0815	3.07438	6.25028	0.04414	0.49663	-0.45993	-0.84679	0.17602	0	0	0	0	0	0.04855	1.82545	0.28351	1.54194	0	0.36554	0	4.04	-0.539	4.8939	24.2009	132.25	29.7498
PRO_231	-4.12513	1.81896	1.99578	-0.08011	0.0027	0.04785	1.11414	2.92106	0	0	0.02973	0.63765	0.26004	0	0	0	0	0	-0.25823	2.56999	1.93963	0.63036	0	-0.66397	0	0	-4.6787	2.9296	7.09134	123.864	75.1361
GLU_232	-4.05161	0.70605	4.28499	-0.23462	0.18344	0.47053	1.90804	5.18212	0	0	-0.52783	-0.63047	0	0	0	0	0	0	0.06928	11.4444	5.83604	0	5.60832	-0.48723	0	0	-1.6358	-0.49241	27.6332	117.75	105.25
ALA_233	-4.85566	0.83577	2.79833	-0.02512	0.00366	0	2.95711	5.72306	0	0	-1.07988	-0.38848	0	0	0	0	0	0	-0.15787	0	0	0	0	-0.18094	0	0	2.2619	-0.57378	7.3181	142.496	10.5042
VAL_234	-6.76623	1.89327	1.77192	-0.31152	0.34253	0.07089	2.46969	5.49524	0.04837	0.30135	-2.1281	-0.34977	0	0	0	0	0	0	-0.08105	0.14843	0.0054	0.14303	0	0.04663	0	0	2.7371	0.46865	6.30584	175.052	6.94788
ARG_235	-5.10633	0.1776	4.89707	-0.85477	0.6938	0.58218	2.79045	6.31644	0	0	-1.5049	0.49157	0	0	0	0	0	0	-0.03504	5.2181	2.07822	3.13989	0	0.45612	0	0	-0.1423	2.19135	21.3895	134.583	130.417
GLY_236	-3.60369	1.90638	3.77793	-6e-05	0	0	2.18886	5.09002	0.09779	0.46823	-1.81674	-0.38869	0	0	0	0	0	0	-0.37249	0	0	0	0	-2.4232	0	0	1.435	0.56667	6.92602	150.393	13.6074
LEU_237	-8.40024	5.10346	2.27253	-0.74723	2.45226	0.28467	2.60435	6.301	0	0	-0.66038	0.18588	0	0	0	0	0	0	-0.09932	30.8924	27.2536	3.63878	0	-0.49465	0	0	1.3223	-1.04487	70.8645	210	0
GLU_238	-4.38006	0.65651	5.1443	-0.60469	0.75458	1.5251	1.43174	6.2587	0.04837	0.30135	-0.68366	-0.98325	0	0	0	0	0	0	-0.22357	17.6198	8.25138	0	9.36838	-0.33342	0	0	-1.6358	1.00749	43.5232	120.273	102.727
GLN_239	-5.15823	2.57051	5.36547	-0.55021	0.28773	0.55597	2.42864	6.73191	0	0	0.76217	-0.28787	0	0	0	0	0	0	0.00758	6.20616	0.06165	0	6.14451	0.45644	0	0	-0.1077	2.45352	27.9283	142.184	74.8157
PHE_240	-6.38669	0.87268	3.44492	-0.63198	0.13463	0.38196	2.40384	5.52423	0.09802	0.47037	0.02871	0.28508	0	0	0	0	0	0	0.18228	5.80049	2.9546	0	2.84588	-0.13549	0	0	1.9602	1.00142	21.2352	203.991	33.0088
SER_241	-4.13321	0.72178	5.15641	-0.0404	0.01964	0.04891	2.75029	6.12671	0.02968	0.43934	-0.70368	-0.02179	0	0	0	0	0	0	-0.01789	0.68446	0.03576	0.64871	0	-0.04444	0	4.04	-0.539	-0.43581	14.7655	124.908	37.0921
HIS_242	-8.01409	2.07061	6.90067	-0.39231	0.01174	0.40697	2.61555	8.8731	0.01468	0.14871	-1.70333	-0.23531	0	0	0	0	0	0	0.35001	2.8678	0.4109	0	2.4569	-0.19095	0	0	0.8406	-0.38726	17.045	215.771	25.2294
LEU_243	-8.26628	4.4477	2.4531	-0.46563	0.38641	0.08133	3.28321	6.36206	0.00282	0.01839	-2.21306	0.28292	0	0	0	0	0	0	-0.00725	10.9352	8.81247	2.12275	0	0.57564	0	0	1.3223	0.28059	30.4147	210	0
TRP_244	-12.424	3.64864	6.22149	-0.76304	0.13359	0.12159	3.79794	9.81681	0	0	-3.28785	-0.32421	0	0	0	0	-0.00656	0	-0.05148	6.98739	2.7697	0	4.21768	0.1949	0	0	3.7077	0.83327	25.5936	268.337	1.6633
LEU_245	-7.49555	1.04126	1.49293	-0.46174	0.26552	0.09762	2.83153	5.28476	0	0	-1.67155	0.05459	0	0	0	0	0	0	0.2877	1.88467	0.59077	1.29391	0	-0.3489	0	0	1.3223	0.25983	6.72964	210	0
ILE_246	-7.70126	1.73859	3.6204	-0.47314	0.61431	0.10813	3.5885	6.51135	0	0	-3.42629	-0.10605	0	0	0	0	0	0	-0.04926	0.88813	0.46272	0.42541	0	-0.75204	0	0	1.8006	-0.12803	7.12207	207	0
PHE_247	-10.2079	3.41872	3.54114	-0.96322	0.61589	0.47505	2.49335	8.23213	0.00816	0.02688	-2.77592	-0.11823	0	0	0	0	0	0	-0.08911	2.94601	0.00363	0	2.94238	0.30833	0	0	1.9602	1.57015	14.3877	205.3	31.7004
GLN_248	-5.84146	1.87646	3.5368	-0.34092	0.03797	0.17675	1.79979	4.90356	0.02852	0.35761	-0.48162	-0.13508	0	0	0	0	0	0	-0.06861	9.01984	3.9299	0	5.08994	0.4217	0	0	-0.1077	1.52393	25.7274	175.977	41.0232
MET_249	-8.34258	26.9122	3.92694	-0.24555	0.04166	0.08202	2.35056	5.82816	0.00816	0.02688	-0.63225	-0.06686	0	0	0	0	0	0	13.6272	5.18956	3.37012	1.81944	0	1.7397	0	0	1.4633	2.91079	60.0094	194.545	67.4549
VAL_250	-2.2367	0.09149	0.65939	-0.26566	0.21012	0.04681	0.57143	1.56685	0	0	-0.07386	-0.3981	0	0	0	0	0	0	0.00046	2.92208	1.74628	1.17579	0	3.28621	0	0	2.7371	10.6155	22.6552	32.7285	149.272
GLY_251	-4.11774	0.43475	3.70759	-0.00024	0	0	2.47941	5.72514	0	0	-1.08671	-0.22005	0	0	0	0	0	0	-0.10004	0	0	0	0	0.62643	0	0	1.435	7.49693	16.3805	160.318	3.68221
VAL_252	-5.11951	1.24889	3.92063	-0.27666	0.82403	0.0498	2.82556	6.19757	0.05587	0.56027	-0.80634	0.42502	0	0	0	0	0	0	0.07657	20.2391	20.1662	0.07293	0	0.00204	0	0	2.7371	1.83215	55.0312	126.84	55.1603
PHE_253	-9.28012	1.59648	3.2557	-0.65792	0.27163	0.39171	3.49293	6.855	0	0	-0.44246	-0.15514	0	0	0	0	0	0	-0.16741	5.93318	2.12826	0	3.80492	0.34937	0	0	1.9602	2.36115	21.6975	236.23	0.76969
ALA_254	-5.02833	1.23322	2.42187	-0.02577	0.00503	0	1.81134	5.3187	0	0	-0.87656	-0.4102	0	0	0	0	0	0	-0.11277	0	0	0	0	0.15683	0	0	2.2619	0.02895	6.78421	146.598	6.40223
SER_255	-4.39569	1.21068	5.58139	-0.03276	0.01671	0.04843	3.50673	6.72523	0.00463	0.08231	-1.71062	-0.16055	0	0	0	0	0	0	-0.05695	0.53009	0.00143	0.52866	0	-0.54051	0	4.04	-0.539	0.78035	15.6206	129.908	32.0922
ARG_256	-4.93271	0.89614	5.24006	-0.66321	0.87356	0.4037	2.48322	5.78749	0.11843	0.69227	-0.57498	0.04452	0	0	0	0	-0.60071	0	-0.1256	10.8909	7.47025	3.42064	0	-0.34183	0	0	-0.1423	1.3766	32.3164	174.488	90.5123
ALA_257	-2.99894	0.23663	2.97297	-0.02048	0	0	1.76135	4.16398	0.03443	0.29579	-0.48029	-0.10658	0	0	0	-0.00193	0	0	0.0499	0	0	0	0	-0.2092	0	0	2.2619	1.81896	9.7785	103.221	49.7795
THR_258	-4.02416	1.88208	2.68896	-0.1231	0.11051	0.05229	1.28966	3.52269	0.0457	0.36553	0.12229	-0.21521	0	0	0	0	0	0	0.20159	0.85995	0.00093	0.85902	0	-0.09164	0	5.04561	-0.9333	2.03948	13.6989	124.18	49.8203
HIS_259	-1.84779	0.14125	1.6825	-0.43108	0.06009	0.5384	0.51719	2.25854	0	0	0.49449	-0.40788	0	0	0	0	0	0	0.19573	5.23605	0.39333	0	4.84273	-0.44538	0	0	0.8406	2.1828	16.2516	75.2917	165.708
ARG_260	-10.833	21.8427	11.4126	-0.74245	0.69063	0.42101	5.92785	13.0402	0.10329	0.62732	-0.89526	0.13305	0.58828	0	0	-0.00193	0	0	0.06174	3.85594	0.88221	2.97373	0	-0.29731	0	0	-0.1423	4.5301	54.1783	247.944	17.0557
PRO_261	-3.73188	1.39211	1.3485	-0.07434	0.00075	0.04584	0.3224	1.57233	0	0	0.54969	0.65131	0.60042	0	0	0	0	0	0.09301	2.05117	1.55878	0.49239	0	-0.35237	0	0	-4.6787	2.78775	4.62918	151.066	47.9339
ASN_262	-7.34969	2.8966	6.37105	-0.17095	0.02082	0.27299	4.19022	8.2016	0.00138	0.02194	-1.8489	-0.75047	0.21802	0	0	-2.51995	0	0	0.00341	4.44977	0.1273	0	4.32247	-1.04353	0	0	-0.3009	2.94283	20.056	183.488	0.512343
PRO_263	-5.45044	4.32126	2.79637	-0.15773	0.07801	0.0992	1.74873	3.70548	0	0	-1.1133	0.28954	0.22051	0	0	0	0	0	-0.13963	0.89138	0.58803	0.30335	0	-1.80697	0	0	-4.6787	5.11809	6.81317	164.158	34.8417
LEU_264	-7.51136	5.57825	0.93033	-0.4982	0.79844	0.10599	2.00584	4.70296	0	0	-2.23723	0.14986	0	0	0	0	0	0	0.06063	1.7931	0.23898	1.55412	0	-0.43002	0	0	1.3223	2.26772	10.8317	210	0
GLY_265	-4.50518	1.28631	3.70318	-0.00056	0	0	2.27348	5.5946	0	0	-1.61386	-0.27506	0	0	0	0	0	0	-0.03361	0	0	0	0	0.90644	0	0	1.435	1.07206	9.84278	163.488	0.512343
MET_266	-7.0661	20.6477	2.50575	-0.46788	3.71479	0.11289	0.78703	3.75687	0	0	-0.07114	-0.05739	0	0	0	0	0	0	0.11932	2.60228	0.67156	1.93072	0	0.02474	0	0	1.4633	1.44173	32.1162	250.654	11.3456
SER_267	-4.65494	0.67427	4.19388	-0.03624	0.00972	0.0526	2.90962	5.52985	0	0	-0.77562	0.10907	0	0	0	0	0	0	0.0085	0.12661	0.04622	0.08039	0	-0.45747	0	4.04	-0.539	2.56257	13.88	152.532	9.46756
LYS_268	-6.48282	8.33783	6.21285	-0.82295	3.50875	0.84946	3.3793	6.93385	0.00172	0.03641	-4.19419	-0.64647	0	0	0	0	-0.15101	0	-0.04452	21.1188	14.7498	6.36905	0	0.51755	0	0	-0.8895	2.30231	61.0862	214.587	37.4129
VAL_269	-6.15962	8.98621	2.39665	-0.31161	0.39691	0.06266	2.50732	5.22274	8e-05	0.00021	-1.51887	-0.10286	0	0	0	0	0	0	-0.04831	0.38938	0.01951	0.36987	0	-0.3282	0	0	2.7371	0.14609	14.7653	178.926	3.07406
GLU_270	-6.21398	1.6416	6.99823	-0.45884	0.20047	0.58754	3.04409	8.29683	0.00306	0.05165	-0.54337	-1.00549	0	0	0	0	0	0	-0.08749	6.86764	1.20343	0	5.66421	0.08847	0	0	-1.6358	-0.21132	24.4909	161.992	61.0079
LEU_271	-7.94032	1.46332	2.5892	-0.67	1.28481	0.20239	1.91748	6.47714	0.00031	0.00235	-0.65487	0.25952	0	0	0	0	0	0	-0.05619	2.84813	2.02658	0.82155	0	-0.45731	0	0	1.3223	-0.30176	11.1346	197.804	12.1963
ARG_272	-5.14769	0.85956	4.47547	-0.44323	0.14072	0.23774	1.91421	5.68266	0.04159	0.26527	-0.88377	0.26731	0	0	0	0	0	0	-0.03173	3.21423	0.58091	2.63332	0	-0.16154	0	0	-0.1423	0.12221	13.6249	132.092	132.908
GLN_273	-5.9442	1.40225	5.50404	-0.54228	2.60568	0.53274	2.88021	6.97502	0.00018	0.00098	-1.8563	-0.13234	0	0	0	0	0	0	0.09711	11.2043	5.57302	0	5.63128	0.1315	0	0	-0.1077	2.06952	36.025	129.485	87.5152
VAL_274	-5.12627	1.48922	-0.25893	-0.28562	0.22447	0.06547	0.34104	2.51249	0.03386	0.10676	-0.06695	-0.32092	0	0	0	0	0	0	0.03711	0.17925	0.00841	0.17085	0	-0.41487	0	0	2.7371	1.97637	3.40883	159.406	22.5938
GLU_275	-6.55322	0.94476	6.73092	-0.33345	0.19221	0.42716	3.77057	7.78007	0.0089	0.03389	-3.52428	-0.15268	0	0	0	0	0	0	0.05015	5.16404	0.45149	0	4.71255	0.4906	0	0	-1.6358	0.0258	18.5837	175.91	47.0899
CYS_276	-3.40354	0.9404	1.06712	-0.04187	0.00014	0.01646	0.53293	1.83104	0.03386	0.10676	-0.36115	-0.3201	0	0	0	0	0	0	-0.12071	1.96274	1.05546	0.90728	0	0.13778	0	0	4.3148	0.21258	8.87195	94.5997	61.4003
ILE_277	-4.80775	1.79157	4.24961	-0.59463	1.65132	0.21337	2.51866	5.497	0.00873	0.03291	-1.46773	-0.62843	0	0	0	0	0	0	0.12393	14.6684	7.42071	7.24774	0	1.54109	0	0	1.8006	2.44667	43.7138	114.07	92.9298
ASN_278	-1.88632	0.3819	2.16408	-0.19187	0.10954	0.37017	0.78777	2.66012	0	0	0.30524	-0.73345	0	0	0	0	0	0	-0.09443	6.36785	0.61284	0	5.75502	-1.71867	0	0	-0.3009	2.00881	16.5977	31.5332	152.467
GLY_279	-1.47116	0.1573	1.99057	-5e-05	0	0	0.42006	2.57002	0	0	0.11282	-0.40318	0	0	0	0	0	0	-0.08475	0	0	0	0	-1.75298	0	0	1.435	-0.6709	2.30277	113.898	50.1018
ASN_280	-5.12065	5.52514	5.01726	-0.17458	0.00297	0.25278	3.05001	6.57988	0.02134	0.06672	-1.41144	-0.71088	0	0	0	0	0	0	0.0843	4.26182	1.12419	0	3.13763	0.57408	0	0	-0.3009	-0.38941	21.5903	129.526	54.4741
ILE_281	-8.0157	2.48447	1.59499	-0.47913	1.53165	0.0915	1.5867	5.25363	0.01008	0.11449	-1.38609	0.14419	0	0	0	0	0	0	-0.03439	1.72539	1.28436	0.44103	0	-1.22185	0	0	1.8006	-0.43283	6.49309	205.529	1.47149
PHE_282	-9.02944	6.23248	4.59156	-0.61727	0.06495	0.36023	3.34325	7.82002	0.02134	0.06672	-3.66219	0.14128	0	0	0	0	0	0	0.10556	3.25906	0.22354	0	3.03552	-0.17258	0	0	1.9602	-0.56935	17.1749	196.259	40.7412
LEU_283	-8.44496	5.01049	2.00179	-0.52624	0.73672	0.14634	3.15336	6.18806	0.00095	0.0037	-2.25704	0.06456	0	0	0	0	0	0	0.27373	1.99282	0.56136	1.43146	0	-0.29906	0	0	1.3223	0.26242	11.6227	210	0
HIS_284	-8.65509	1.3713	7.50732	-0.44454	0.11106	0.44585	4.28301	9.91001	0	0	-4.6734	-0.39916	0	0	0	0	0	0	-0.06402	4.66316	0.0039	0	4.65927	-0.25884	0	0	0.8406	1.23976	20.5402	192.947	48.0533
LEU_285	-9.13408	14.6443	3.10118	-0.47834	0.57292	0.08343	2.93244	7.15894	0	0	-1.64171	0.47574	0	0	0	0	0	0	0.1824	1.97994	1.66512	0.31482	0	1.0055	0	0	1.3223	2.91354	27.0984	210	0
GLY_286	-4.4611	3.12843	4.07939	-0.00028	0	0	2.54357	5.92951	0.01398	0.15628	-0.54454	-0.17117	0	0	0	0	0	0	0.07921	0	0	0	0	-2.07633	0	0	1.435	3.15455	13.2665	164	0
ALA_287	-3.05077	0.90501	1.66954	-0.02867	0.006	0	0.80674	3.57319	0	0	-1.21122	-0.37676	0	0	0	0	0	0	-0.12691	0	0	0	0	0.7366	0	0	2.2619	1.56639	6.73104	139.081	13.9191
VAL_288	-6.27367	4.77596	1.79149	-0.29309	0.32538	0.05088	2.10147	5.00715	0.01356	0.12521	-0.72532	0.2312	0	0	0	0	0	0	-0.10953	0.02497	0.0074	0.01757	0	0.26593	0	0	2.7371	2.04889	12.1225	181.488	0.512343
ASP_289	-3.88957	3.84555	2.80336	-0.23573	0.08351	0.82345	1.44015	3.84724	0	0	0.70575	-1.90665	0	0	0	0	0	0	-0.1119	2.75514	0.0413	0	2.71383	-0.55109	0	0	-1.6204	2.48551	13.2295	135.469	49.531
LEU_290	-6.73669	3.60697	1.68936	-0.51138	0.69272	0.11433	1.81458	4.47632	0.03935	0.25908	0.04167	0.31964	0	0	0	0	0	0	-0.00057	3.21835	2.46935	0.749	0	-0.49136	0	0	1.3223	0.38716	13.4602	202.57	7.43015
VAL_291	-5.18549	0.99137	3.48039	-0.32984	0.61124	0.06975	2.11468	5.53441	0.04153	0.21519	-1.12098	0.70656	0	0	0	0	0	0	0.03806	66.6929	65.406	1.28693	0	1.15348	0	0	2.7371	-0.18269	144.261	150.548	31.4518
ASP_292	-5.61733	2.46115	7.09238	-0.1734	0.00326	0.52936	4.0794	8.09652	0	0	-2.90701	-0.74136	0	0	0	-0.85844	0	0	-0.20418	4.68863	0.1475	0	4.54112	-0.1551	0	0	-1.6204	0.42405	19.7861	138.005	46.9947
GLY_293	-2.83002	0.34718	2.95195	-5e-05	0	0	1.65734	4.12716	0	0	-1.46894	-0.36491	0	0	0	0	0	0	-0.34834	0	0	0	0	-2.33087	0	0	1.435	-0.58054	2.59495	129.716	34.2838
THR_294	-6.19826	6.0999	4.42648	-0.18101	0.32931	0.06195	3.62433	6.81506	0.02852	0.35761	-1.55657	-0.42137	0.4474	0	0	0	0	0	-0.18892	0.09751	0.00806	0.08945	0	0.07313	0	5.03224	-0.9333	1.72331	19.7348	163.251	10.7492
PRO_295	-5.85589	4.51555	3.08028	-0.14964	0.01701	0.10158	1.79854	3.65971	0.00682	0.02034	-1.51763	0.1623	0.5146	0	0	0	0	0	-0.02769	1.65254	1.09652	0.55602	0	0.00138	0	0	-4.6787	2.8023	7.75594	181.835	17.1647
ILE_296	-9.67838	1.96178	2.76536	-0.62806	1.42471	0.12066	2.95902	7.37465	0.05211	0.44459	-2.77085	0.53681	0	0	0	0	0	0	-0.15092	1.95308	0.71047	1.24261	0	-0.98891	0	0	1.8006	-0.09037	9.03895	207	0
PHE_297	-10.2695	2.19459	2.90725	-0.59555	0.59377	0.29644	2.52202	6.8142	0.02351	0.15365	-1.34304	0.14378	0	0	0	-0.96149	0	0	0.23596	3.74506	0.13765	0	3.60741	0.04405	0	0	1.9602	-0.21051	11.9994	237	0
ASP_298	-6.86048	1.26162	8.71373	-0.12221	0.0196	0.35322	5.09858	9.83911	0.00187	0.00751	-3.78081	-0.86094	0	0	0	0	0	0	0.06369	4.51799	0.17083	0	4.34716	0.46657	0	0	-1.6204	1.29644	22.9131	185	0
ILE_299	-7.49603	3.58409	1.21733	-0.49299	1.33106	0.11451	1.77391	4.76372	0.08099	0.59767	-0.92242	-0.09313	0	0	0	0	0	0	0.02459	0.82451	0.48689	0.33761	0	-0.80686	0	0	1.8006	1.30126	8.42731	207	0
LYS_300	-9.31162	24.2892	10.317	-0.35827	0.0902	0.18825	6.51352	10.9051	0	0	-4.10772	0.21042	0.00109	0	0	0	0	0	0.04483	3.45704	0.35487	3.10216	0	0.06383	0	0	-0.8895	2.84819	47.7186	252	0
PRO_301	-6.35488	1.78747	3.424	-0.18623	0.11843	0.14362	1.19442	3.93142	0.08363	0.4346	-0.86208	-0.16795	0.15775	0	0	0	0	0	-0.07687	4.03675	2.7015	1.33526	0	1.50594	0	0	-4.6787	4.1367	12.6648	199	0
TYR_302	-11.528	3.04782	5.96141	-0.80712	1.50161	0.26755	3.43087	9.42483	0.02664	0.18762	-1.01511	-0.5602	0	0	0	0	0	0	0.0754	4.0278	0.04134	0	3.98646	0.24785	0	0	1.7379	1.80657	21.8612	248	0
ILE_303	-5.12228	0.4797	4.6027	-0.49003	1.76063	0.09989	2.43848	6.19087	0.07675	0.43295	-1.18667	0.14095	0	0	0	-0.04009	0	0	-0.11694	1.87929	1.3665	0.51279	0	-1.1588	0	0	1.8006	-0.32137	13.3459	156.264	50.7361
ALA_304	-4.08554	4.20385	2.37282	-0.02322	4e-05	0	1.90363	4.77362	0.04767	0.19618	-0.01785	-0.35621	0	0	0	0	0	0	-0.1459	0	0	0	0	-0.63258	0	0	2.2619	-0.93687	9.56157	130.97	22.0301
TYR_305	-2.99836	0.63204	2.89864	-0.7229	0.84084	0.17977	1.49447	4.01308	0.00044	0.00168	1.59392	-0.26336	0	0	0	0	0	0	-0.02491	7.31238	2.58767	0	4.72471	-0.20836	0	0	1.7379	2.5206	26.3203	102.931	145.069
ALA_306	-2.6705	0.77211	2.9421	-0.02435	0.0027	0	0.8985	3.86697	0.003	0.05905	-0.14632	-0.35772	0	0	0	0	0	0	-0.11868	0	0	0	0	-0.07593	0	0	2.2619	2.2989	9.71173	109.696	43.3036
ASP_307	-7.2698	0.97242	8.88836	-0.11389	0.00711	0.37145	5.23735	10.3307	0.0091	0.05165	-4.81348	0.31177	0	0	0	-0.04009	-0.63686	0	0.03939	3.51805	0.46125	0	3.0568	-0.22874	0	0	-1.6204	-0.40381	18.1284	185	0
SER_308	-5.61426	0.72483	5.47668	-0.03359	0.00361	0.04059	3.28516	6.31058	0.05951	0.24976	-0.50595	-0.07068	0	0	0	0	0	0	-0.09335	3.42904	2.54227	0.88677	0	0.61203	0	4.04	-0.539	0.14467	20.9487	148.042	13.9583
GLU_309	-6.66152	13.0304	7.69615	-0.61397	0.96825	0.97245	4.40865	8.47032	0	0	-2.02011	-1.13258	1.19327	0	0	0	-0.10423	0	0.22855	5.31687	0.0451	0	5.27177	0.58328	0	0	-1.6358	3.46301	39.4798	196.91	26.0903
PRO_310	-3.98081	1.94873	2.32848	-0.07028	0.00198	0.0431	1.12609	2.6532	0	0	0.33058	0.6317	1.26053	0	0	0	0	0	-0.14565	1.99457	1.85072	0.14385	0	1.57044	0	0	-4.6787	4.48723	11.4957	125.264	73.7361
ASN_311	-1.99506	0.15243	2.28463	-0.19742	0.00697	0.32481	0.73514	2.86436	0.02326	0.36228	-0.44054	-1.11333	0	0	0	0	0	0	-0.13397	10.4886	4.13214	0	6.35648	-0.73282	0	0	-0.3009	1.6402	24.4573	53.1829	130.817
ALA_312	-3.99423	5.2452	1.61879	-0.02979	0.01168	0	1.46727	4.07482	0	0	-0.17779	-0.37595	0	0	0	0	0	0	-0.03222	0	0	0	0	0.61187	0	0	2.2619	3.16695	13.8485	142.053	10.9467
GLN_313	-2.8658	0.26317	3.58036	-0.58061	0.39925	0.42596	1.90856	4.30581	0.01019	0.12268	-0.89971	-0.24312	0	0	0	0	0	0	-0.02132	8.94549	3.60232	0	5.34317	0.46583	0	0	-0.1077	3.49689	28.1514	95.2856	121.714
SER_314	-2.66799	0.65972	2.19881	-0.02047	0.01335	0.01435	0.76444	3.05042	0	0	1.45746	-0.70091	0	0	0	0	0	0	0.25322	4.58789	1.834	2.75389	0	-0.41009	0	4.04	-0.539	3.9303	21.2194	94.0887	67.9113
SER_315	-1.20612	0.38355	1.02685	-0.03489	0.00653	0.03633	0.02818	1.22992	0	0	0.80069	-0.28973	0	0	0	0	0	0	22.9101	1.81806	0.0364	1.78166	0	0.38241	0	4.04	-0.539	5.44418	37.8551	30.0374	131.963
VAL_316	-1.06367	0.02716	1.09576	-0.30512	1.76168	0.08006	0.46083	1.33832	0	0	0.52641	-1.47466	0	0	0	0	0	0	0.00203	5.92928	5.73737	0.19191	0	4.99381	0	0	2.7371	10.3868	32.4251	19.646	162.354
LYS_317	-3.16475	8.99371	2.78023	-0.68157	0.889	0.47731	0.63186	3.16958	0	0	0.15066	0.24964	0	0	0	0	0	0	-0.12506	4.35488	0.05372	4.30115	0	0.17826	0	0	-0.8895	7.94408	29.3132	108.742	143.258
MET_318	-5.17135	0.94614	4.47874	-0.28828	0.03558	0.07671	2.32406	5.65791	0.00565	0.03866	-1.25406	-0.19053	0	0	0	0	0	0	-0.00862	6.49421	4.27514	2.21906	0	-0.00568	0	0	1.4633	-0.31451	20.7821	189.564	72.436
THR_319	-2.63562	1.19291	2.53525	-0.12865	0.0388	0.08629	1.45644	3.63659	0.05242	0.16694	-0.42854	-0.65252	0	0	0	0	0	0	0.13278	2.69407	0.67282	2.02125	0	0.11787	0	5.01716	-0.9333	-0.419	14.624	88.3935	85.6065
VAL_320	-3.35573	0.15209	0.2404	-0.27736	0.40726	0.06641	0.40541	2.34086	0	0	-0.24175	-0.23372	0	0	0	0	0	0	0.01834	3.7647	3.50465	0.26005	0	-1.09781	0	0	2.7371	-0.53588	8.15501	138.719	43.2814
GLU_321	-4.10454	1.80383	3.47224	-0.29184	0.2091	0.3343	2.21399	4.94423	0.03375	0.10647	-2.05629	-0.33135	0	0	0	0	0	0	-0.03463	6.71498	1.6075	0	5.10749	0.20898	0	0	-1.6358	-0.52683	17.7756	125.151	97.8493
PHE_322	-7.30488	11.4161	2.74535	-0.62167	0.0571	0.39842	1.90408	5.44579	0.00915	0.14616	0.00886	0.13831	0	0	0	0	0	0	-0.02222	6.83203	4.15331	0	2.67872	-0.23247	0	0	1.9602	-0.44477	29.2676	196.957	40.0425
THR_323	-5.84662	1.16101	6.20822	-0.13431	0.14173	0.08346	4.67855	8.38572	0	0	-2.40636	-0.86666	0	0	0	0	0	0	0.08689	0.15867	0.10423	0.05444	0	-0.48763	0	5.03259	-0.9333	-0.37645	15.0442	125.126	48.8736
GLU_324	-3.32311	0.39075	4.0488	-0.53628	0.40376	1.0294	1.61759	4.66964	0.00915	0.14616	-0.60697	-0.74376	0	0	0	0	0	0	0.19475	9.17116	4.05723	0	5.11394	-0.3436	0	0	-1.6358	-0.26948	23.3933	79.0301	143.97
GLN_325	-4.33887	0.30607	4.26884	-1.00919	0.57885	1.42187	1.90723	5.47909	0.00055	0.01041	-0.90091	-0.98417	0	0	0	0	0	0	0.02362	7.64764	3.7863	0	3.86135	-0.37384	0	0	-0.1077	-0.34556	21.2316	106.246	110.754
ALA_326	-7.08269	3.69906	4.51223	-0.02002	0	0	4.50638	9.03703	0.03649	0.22063	-1.16809	-0.32457	0	0	0	0	0	0	0.0452	0	0	0	0	0.32967	0	0	2.2619	0.99631	17.0495	153	0
LYS_327	-6.7329	2.10439	8.03342	-0.35034	0.06919	0.17445	3.85591	8.92396	1e-05	3e-05	-2.71404	0.4199	0	0	0	0	0	0	-0.11838	3.78416	0.2584	3.52576	0	-0.12496	0	0	-0.8895	1.42606	21.6455	150.961	101.039
SER_328	-4.01322	0.92277	5.03191	-0.0363	0.00581	0.05969	2.78013	6.26635	0.0098	0.14129	-1.57232	-0.75965	0	0	0	0	0	0	0.05576	1.10566	0.11815	0.98752	0	0.53572	0	4.04	-0.539	1.29466	16.4347	87.8712	74.1288
ALA_329	-5.95436	7.82499	4.53971	-0.02183	0	0	3.85138	7.74901	0	0	-1.97827	-0.34063	0	0	0	0	0	0	0.04294	0	0	0	0	-0.37268	0	0	2.2619	0.85796	18.4601	149.414	3.5864
VAL_330	-7.07259	6.45205	4.22224	-0.29392	0.2637	0.06564	3.08786	7.59443	0	0	-1.99022	-0.09244	0	0	0	0	0	0	-0.1488	0.74169	0.46329	0.2784	0	-0.41112	0	0	2.7371	-0.02366	15.8737	177.644	4.35609
LYS_331	-4.34829	0.60481	5.7821	-1.36965	15.6013	1.70755	3.28585	6.83738	0.03451	0.2058	-0.26225	0.76528	0	0	0	0	0	0	-0.07164	6.78007	1.83244	4.94763	0	-0.03363	0	0	-0.8895	-0.1334	41.2763	114.849	137.151
LYS_332	-4.5685	0.25461	5.91245	-0.56531	0.28459	0.50545	2.85638	6.4274	0.0325	0.25898	0.19136	0.18136	0	0	0	0	0	0	-0.02983	6.29139	2.13374	4.15765	0	-0.09485	0	0	-0.8895	-0.64972	22.6902	92.6294	159.371
ARG_333	-9.27788	10.585	9.29308	-0.74049	0.39683	0.56326	5.03123	11.1251	0.00925	0.13087	-1.78541	0.16792	0	0	0	0	0	0	-0.0354	7.16292	3.25236	3.91056	0	-0.0477	0	0	-0.1423	-0.95893	38.6403	224.317	40.6827
GLU_334	-6.27482	0.30578	8.43802	-0.41368	0.04104	0.69296	4.67072	9.68449	0	0	-4.01585	-0.62808	0	0	0	-0.53016	0	0	-0.14526	11.3064	4.05105	0	7.2554	-0.35718	0	0	-1.6358	-0.56316	31.8819	176.147	46.8526
GLU_335	-3.44083	0.70234	5.04637	-0.44084	0.09934	1.16665	1.61022	5.59573	0	0	1.77376	-0.66827	0	0	0	0	0	0	0.10711	9.2265	3.12059	0	6.10591	-0.15041	0	0	-1.6358	0.48414	28.7025	92.8026	130.197
LYS_336	-2.77028	0.48792	2.50125	-0.64607	2.42645	0.4903	0.77799	2.78626	0.0325	0.25898	0.18236	0.52234	0	0	0	0	0	0	0.09552	6.15627	1.29842	4.85785	0	0.08789	0	0	-0.8895	2.32461	20.9811	78.2187	173.781
ARG_337	-5.85782	1.36691	5.3299	-0.93905	0.7521	0.5	2.27797	6.21446	0	0	-1.2991	0.49764	0.14101	0	0	0	0	0	0.33662	17.6665	11.0981	6.56845	0	-0.06413	0	0	-0.1423	5.23108	49.6783	175.121	89.8791
PRO_338	-3.39953	2.73402	2.36756	-0.18783	0.06619	0.14176	0.86387	2.83304	0	0	-0.55074	-0.0293	0.15958	0	0	0	0	0	-0.01963	2.677	1.62935	1.04766	0	-1.17066	0	0	-4.6787	2.82863	7.31227	118.32	80.6799
HIS_339	-5.93732	2.41125	6.88153	-0.43315	0.07599	0.48859	3.0869	7.90464	0	0	-1.16736	-0.03317	0	0	0	-0.11963	0	0	-0.04891	4.73873	0.43068	0	4.30805	0.43964	0	0	0.8406	0.76074	24.6278	138.844	102.156
LEU_340	-6.39988	4.48044	3.34305	-0.95554	4.55807	0.50948	2.47125	5.62725	0	0	-0.73239	-0.14047	0	0	0	0	0	0	-0.16589	7.53118	0.88228	6.6489	0	-0.39431	0	0	1.3223	1.46339	30.0491	208.463	1.53703
SER_341	-4.45172	1.22301	4.47331	-0.02969	0.00162	0.04659	2.79335	5.91225	0	0	-0.45473	-0.62892	0	0	0	-0.41053	0	0	0.10995	4.38771	3.74082	0.64689	0	0.44985	0	4.04	-0.539	1.92204	23.2328	123.974	38.0257
ARG_342	-7.56586	4.26794	9.37932	-0.7358	0.96969	0.49796	3.10882	9.9122	0	0	-3.0039	0.44084	0	0	0	0	-0.65436	0	-0.08154	15.3289	12.847	2.48188	0	-0.13355	0	0	-0.1423	1.84907	48.7663	165.475	99.5252
PHE_343	-10.47	8.55666	4.50916	-0.98445	1.35819	0.5421	3.18936	8.00636	0	0	-1.47685	0.23936	0	0	0	0	0	0	0.1524	7.15585	0.12772	0	7.02813	0.31214	0	0	1.9602	0.50735	30.7137	236.488	0.512343
ILE_344	-6.20915	1.93041	2.67554	-0.5085	1.77796	0.11478	2.56088	5.33515	0	0	0.57114	-0.16803	0	0	0	0	0	0	0.44635	2.3903	1.81848	0.57181	0	0.89815	0	0	1.8006	2.09676	18.1026	200.406	6.59385
ARG_345	-8.30741	5.9042	8.03472	-0.49452	0.26601	0.29257	4.2641	9.53529	0	0	-0.24201	0.12533	0	0	0	-0.03509	-0.46682	0	-0.06294	5.94162	3.40767	2.53394	0	-0.27997	0	0	-0.1423	2.1363	32.4107	194.419	70.5809
GLN_346	-8.41861	13.0481	5.38206	-0.41488	2.19397	0.42716	4.00957	7.74339	6e-05	0.00049	0.13881	-0.00489	0	0	0	0	0	0	0.12166	22.0619	16.3965	0	5.66543	0.20748	0	0	-0.1077	1.73992	70.1904	208.165	8.83483
VAL_347	-4.84622	1.82434	0.95739	-0.31777	0.55522	0.07418	1.1941	3.6216	0	0	0.86915	-0.46148	0	0	0	0	0	0	-0.29453	2.09506	0.07938	2.01567	0	0.82655	0	0	2.7371	1.65636	12.5861	171.721	10.2793
LEU_348	-7.10044	12.3833	4.28161	-0.71934	11.115	0.39995	2.21793	6.25367	0.00565	0.03866	-0.3638	-0.44116	0	0	0	0	0	0	-0.005	13.4378	0.22102	13.2168	0	0.22485	0	0	1.3223	2.79702	59.2858	188.985	21.0155
GLU_349	-5.56774	3.28508	7.18881	-0.16135	0.0825	0.23836	4.09661	8.07848	0	0	-1.97672	-0.42916	0	0	0	0	0	0	15.2394	5.24062	1.35458	0	3.88604	0.71378	0	0	-1.6358	5.20142	44.8349	180.982	42.0177
ASP_350	-1.97558	2.36481	1.94278	-0.09493	0.00259	0.28511	0.12291	1.98261	0.00129	0.02712	0.28218	-0.95471	0	0	0	0	0	0	-0.04612	7.83642	3.1314	0	4.70502	-0.31407	0	0	-1.6204	9.92242	27.6008	17.0878	167.912
ARG_351	-3.94828	2.51889	2.89298	-2.21505	7.09288	2.92629	0.88193	3.66694	0	0	0.43185	-0.66972	0	0	0	0	0	0	0.47015	12.5225	0.90086	11.6216	0	0.43801	0	0	-0.1423	10.0732	49.4626	118.75	146.25
ILE_352	-2.6527	0.18033	1.61202	-0.82931	3.48264	0.39624	0.42214	2.72193	0	0	0.40209	-0.61085	0	0	0	0	0	0	0.24667	11.6011	4.46234	7.13877	0	0.60106	0	0	1.8006	5.22773	36.2028	94.9362	112.064
TYR_353	-4.64742	0.49723	2.40668	-0.62114	0.0469	0.36366	1.5369	4.18659	0.00129	0.02712	-1.73869	-0.02969	0	0	0	0	0	0	0.08776	5.06511	2.09597	0	2.96914	0.04994	0	0	1.7379	2.19631	16.2316	139.26	108.74
GLY_354	-1.81353	0.11991	1.10586	-0.00077	0	0	0.28504	1.8004	0	0	-0.12455	-0.32445	0	0	0	0	0	0	-0.15746	0	0	0	0	1.76816	0	0	1.435	2.29263	6.38623	129.872	34.1277
MET_355	-6.76678	3.91109	3.23972	-0.72112	7.43952	0.16228	2.30988	4.87683	0	0	-1.45536	0.20182	0	0	0	0	0	0	-0.08825	3.52734	1.47308	2.05427	0	0.05032	0	0	1.4633	3.35622	25.0342	253.693	8.30699
SER_356	-3.73006	1.36157	3.68683	-0.03705	0.00525	0.02472	1.78697	4.56218	0.01574	0.12448	-0.7417	-0.62867	0	0	0	0	0	0	0.26239	0.94671	0.11672	0.83	0	0.70177	0	4.04	-0.539	1.28761	14.0765	141.682	20.3183
LEU_357	-7.71065	5.34056	3.00149	-0.50641	0.77885	0.11752	2.83087	6.09867	0	0	-0.88416	0.11441	0	0	0	0	0	0	-0.08016	8.33965	5.53068	2.80897	0	-0.23413	0	0	1.3223	0.38052	27.249	209.488	0.512343
TYR_358	-8.68188	3.48611	5.55207	-0.49067	0.06977	0.21444	2.42274	7.49786	0	0	-0.47399	-0.07311	0	0	0	0	0	0	1.80371	3.29515	0.01862	0	3.27653	1.46028	0	0	1.7379	2.8935	24.0091	213.831	34.1687
GLU_359	-3.18707	2.00489	3.90936	-0.52752	2.25697	1.44597	1.35679	4.40899	0.03453	0.25856	-0.77563	-1.65446	0	0	0	0	0	0	-0.12986	10.3026	4.52455	0	5.77801	-0.30248	0	0	-1.6358	2.77438	30.8427	116.459	106.541
PHE_360	-7.87422	2.98492	5.016	-0.64656	0.10114	0.41272	3.26648	7.38752	0	0	-1.08617	0.281	0	0	0	0	0	0	-0.03732	7.14929	3.73966	0	3.40963	0.13126	0	0	1.9602	0.67866	26.8742	223.57	13.4301
ASN_361	-4.20943	0.43946	5.47612	-0.183	0.03618	0.31233	2.66285	6.55803	0.00435	0.02238	0.53665	-0.37527	0	0	0	0	0	0	-0.01322	5.86081	0.08304	0	5.77776	-1.12271	0	0	-0.3009	0.88159	22.447	120.884	63.1162
VAL_362	-5.25457	1.07274	1.91351	-0.28927	0.458	0.06233	2.47478	4.62426	0.01049	0.03251	-1.87653	0.03444	0	0	0	0	0	0	0.06282	4.64834	4.60459	0.04375	0	-0.40292	0	0	2.7371	0.25487	15.2112	182	0
LYS_363	-4.5036	0.45917	4.83655	-0.33989	0.0585	0.18308	3.38254	6.08944	0.00435	0.02238	-3.93929	0.17395	0	0	0	0	0	0	-0.06265	4.9561	1.55088	3.40522	0	0.29404	0	0	-0.8895	-0.14618	15.5351	151.553	100.447
TRP_364	-8.7223	2.35255	2.51755	-1.34791	0.31446	1.02473	2.3638	6.18115	0.02219	0.2582	-0.59901	-0.75466	0	0	0	0	0	0	18.8184	6.30394	3.70027	0	2.60367	0.48714	0	0	3.7077	2.56284	41.7947	230.592	39.408
ALA_365	-1.77439	1.15105	1.18375	-0.0267	0.00105	0	0.69907	1.8884	0.01765	0.05584	-0.17191	-0.2915	0	0	0	0	0	0	0.20372	0	0	0	0	0.00632	0	0	2.2619	6.29199	11.4962	48.5925	104.407
GLY_366	-1.69998	0.12173	1.96654	-0.00079	0	0	1.59919	2.63687	0.02203	0.07072	-1.07198	-0.31322	0	0	0	0	0	0	-0.14755	0	0	0	0	1.50666	0	0	1.435	5.57608	11.7013	147.619	16.3809
THR_367	-3.53071	1.11365	2.50473	-0.12822	0.02476	0.09185	1.16295	3.81097	0.04201	0.6076	-0.52304	-0.24949	0	0	0	0	0	0	0.03749	4.36461	1.35093	3.01368	0	-0.08271	0	4.99483	-0.9333	2.00847	19.681	107.261	66.7394
VAL_368	-6.83849	10.347	2.21823	-0.38136	0.69815	0.0957	2.95035	6.09256	0.02299	0.08095	-2.14862	0.1144	0	0	0	0	0	0	-0.12373	3.02702	0.58152	2.4455	0	-0.77474	0	0	2.7371	-0.53724	20.6073	181.488	0.512343
ASN_369	-4.49668	1.45192	3.89296	-0.16958	0.03324	0.25158	2.38631	5.73277	0.05543	0.48935	-0.90723	-0.05	0	0	0	0	0	0	0.04048	3.00074	0.33264	0	2.6681	0.18868	0	0	-0.3009	2.50926	17.1091	116.332	67.6681
CYS_370	-3.3287	0.13193	2.60569	-0.04681	0.00516	0.02966	1.24855	3.46936	0.00094	0.00246	0.14818	-0.37762	0	0	0	0	0	0	-0.00513	11.6628	11.0866	0.57619	0	0.10615	0	0	4.3148	3.1458	34.7759	99.0034	56.9966
VAL_371	-5.18612	2.75772	0.07532	-0.26565	0.23831	0.05286	0.73665	3.25899	0.02512	0.10744	-0.48901	-0.07138	0	0	0	0	0	0	-0.12772	1.12382	0.95352	0.17029	0	-0.83137	0	0	2.7371	-0.39519	4.87071	180.176	1.82445
GLU_372	-3.64274	1.13301	5.98259	-0.87819	1.00744	2.38341	2.99629	6.36992	0.01926	0.10333	-2.32419	0.5817	0	0	0	0	0	0	0	31.4172	25.1448	0	6.27239	0	0	0	-1.6358	-0.50833	74.422	119.705	103.295