label	fa_atr	fa_rep	fa_sol	fa_intra_atr_xover4	fa_intra_rep_xover4	fa_intra_sol_xover4	lk_ball	lk_ball_iso	lk_ball_bridge	lk_ball_bridge_uncpl	fa_elec	fa_intra_elec	pro_close	hbond_sr_bb	hbond_lr_bb	hbond_bb_sc	hbond_sc	dslf_fa13	omega	fa_dun	fa_dun_dev	fa_dun_rot	fa_dun_semi	p_aa_pp	yhh_planarity	hxl_tors	ref	rama_prepro	total	BSA	SASA
LEU_1	-3.0612	0.35766	2.83638	-0.72859	1.63552	0.30297	1.22102	3.50028	0.01069	0.02221	-0.3044	1.02256	0	0	0	-0.24105	0	0	1.21489	0.95998	0.1331	0.82689	0	0	0	0	1.3223	0	11.0312	47.6474	162.353
TYR_2	-6.26731	1.55571	3.46262	-0.76779	0.09355	0.10808	0.21215	5.42072	0.00236	0.00692	-0.20404	-0.38535	0	0	0	0	0	0	-0.02719	3.07392	0.03582	0	3.03811	-0.05267	0	0	1.7379	-0.5121	10.5314	125.742	122.258
PHE_3	-9.75106	4.18557	4.765	-0.8808	0.13162	0.21943	2.03719	8.41866	0.01426	0.10485	-0.52465	-0.55119	0	0	0	0	0	0	-0.11977	3.53765	0.13899	0	3.39866	-0.28031	0	0	1.9602	-0.66965	16.1346	218.851	18.1487
GLN_4	-3.97636	1.30582	2.2999	-0.29413	0.12529	0.23162	0.32733	3.55261	0	0	1.01158	-0.35542	0	0	0	0	0	0	0.61163	10.2882	4.69663	0	5.59158	-0.24349	0	0	-0.1077	-0.02521	25.0399	102.631	114.369
GLY_5	-3.72905	2.0757	3.17266	-4e-05	0	0	1.99448	4.81026	0	0	-0.8359	-0.41903	0	0	0	0	0	0	0.06574	0	0	0	0	-0.78637	0	0	1.435	0.36458	8.14803	152.905	11.0952
LEU_6	-3.14145	0.86069	2.56391	-0.53556	2.26321	0.14564	0.41047	3.14635	0	0	1.16036	0.23765	0	0	0	0	0	0	-0.02522	0.72615	0.40218	0.32397	0	-0.39364	0	0	1.3223	-0.08709	9.37989	80.464	129.536
GLU_7	-2.78078	0.21035	3.065	-0.19062	0.06041	0.26507	0.73572	3.7472	0.00198	0.00794	-0.05497	-0.51298	0	0	0	0	0	0	0.02629	4.07951	0.02353	0	4.05598	0.16102	0	0	-1.6358	-0.31702	10.9478	89.582	133.418
GLU_8	-4.07926	0.77044	5.87441	-0.67581	0.26813	1.09777	2.64732	6.2983	0.09828	0.86783	-3.04955	-1.39667	0	0	0	-0.59483	0	0	0.77381	6.87181	1.99668	0	4.87513	0.32971	0	0	-1.6358	0.98673	22.3244	135.531	87.4685
GLY_9	-4.48511	0.59428	5.55562	-6e-05	0	0	2.83191	7.30758	0.00334	0.07872	-2.54612	-0.31186	0	0	0	0	0	0	-0.08153	0	0	0	0	1.14612	0	0	1.435	2.12709	13.655	155.895	8.10521
PHE_10	-9.08242	1.95662	6.26777	-0.78008	0.65752	0.26555	3.23157	9.45434	0.00022	0.00179	-1.80224	-0.0378	0	0	0	0	0	0	0.22351	4.57827	1.12554	0	3.45274	-0.89814	0	0	1.9602	2.86165	23.4366	209.189	27.8114
LEU_11	-3.30905	0.65116	3.19658	-0.50431	0.99432	0.12012	1.16717	4.34406	0.12575	0.89006	-0.12577	0.26549	0	0	0	0	0	0	0.15119	0.89761	0.13724	0.76037	0	-0.29284	0	0	1.3223	2.19468	12.9861	62.0653	147.935
GLU_12	-2.59565	0.27782	3.36817	-0.71494	0.40651	1.38043	0.90478	3.9307	0	0	0.45624	-0.38891	0	0	0	0	0	0	-0.08412	4.93197	0.27436	0	4.6576	-0.35021	0	0	-1.6358	0.20319	15.0221	81.45	141.55
ASP_13	-3.86838	1.39677	5.09542	-0.1246	0.01955	0.39253	1.80824	6.06969	0.03859	0.32856	-1.77329	-0.05589	0	0	0	0	0	0	-0.08923	4.35299	1.19979	0	3.1532	-0.67829	0	0	-1.6204	-0.99969	14.6456	85.4822	99.5178
SER_14	-5.28327	1.2934	5.4679	-0.03444	0.001	0.02091	3.23216	6.99489	0.07204	0.55723	-0.64162	-0.49335	0	0	0	0	0	0	1.74802	1.3384	0.7782	0.5602	0	0.01104	0	4.04	-0.539	-1.16851	17.9552	143.717	18.2834
ARG_15	-5.13752	0.33067	5.28477	-0.7827	0.3447	0.52305	3.28719	6.34926	0.00053	0.00899	-3.30857	0.12279	0	0	0	0	0	0	0.04989	6.40154	2.77092	3.63062	0	-0.3174	0	0	-0.1423	-0.7501	18.6663	105.791	159.209
ALA_16	-5.40406	1.38061	2.69212	-0.01983	0	0	3.28224	5.75155	0	0	-3.47071	-0.41726	0	0	0	0	0	0	0.00361	0	0	0	0	-0.92868	0	0	2.2619	-0.37821	4.75328	144.511	8.48923
SER_17	-5.08299	0.50834	4.74577	-0.04672	0.01735	0.06847	3.26722	6.18698	0.00131	0.01083	-1.77827	-0.51986	0	0	0	0	0	0	-0.00237	0.39952	0.26067	0.13885	0	-0.79958	0	4.04	-0.539	-0.42398	10.4525	135.279	26.7214
LEU_18	-6.66105	1.06891	4.08146	-0.61974	0.37503	0.18518	3.16048	6.48563	0.01353	0.04618	-2.59216	0.18226	0	0	0	0	0	0	0.68901	2.45438	1.47105	0.98333	0	-0.35179	0	0	1.3223	-0.35464	11.9394	172.845	37.1555
ALA_19	-4.50359	2.01851	3.71358	-0.02402	0	0	3.4516	5.93407	0	0	-2.53647	-0.31437	0	0	0	0	0	0	-0.07756	0	0	0	0	0.7507	0	0	2.2619	0.23433	10.9087	124.714	28.2864
LEU_20	-5.50633	1.22004	3.36934	-0.49369	1.60703	0.10117	3.23992	5.30676	0.01353	0.04618	-2.83032	0.10363	0	0	0	0	0	0	0.55512	1.60655	0.26686	1.3397	0	-0.43487	0	0	1.3223	0.09369	10.9266	159.214	50.7862
ARG_21	-8.08921	4.88998	7.37793	-0.63076	0.66398	0.35715	5.25699	9.81498	0.00856	0.02502	-4.07575	0.26021	0	0	0	-0.20266	0	0	1.59782	9.17258	5.79392	3.37867	0	0.01155	0	0	-0.1423	0.88116	36.3498	208.826	56.1742
ASN_22	-6.14366	1.94851	6.23938	-0.25238	0.02441	0.3795	4.60908	7.94904	0.01085	0.04617	-4.02137	-0.39451	0	0	0	0	-1.36339	0	0.32233	5.22151	0.69546	0	4.52605	0.29162	0	0	-0.3009	0.98462	20.7723	153.855	30.1452
PHE_23	-8.92393	2.68889	4.65684	-0.81898	0.07692	0.16672	3.35278	7.69552	0.00856	0.02502	-2.45639	-0.3929	0	0	0	0	0	0	0.44773	5.19758	1.66349	0	3.53409	-0.12768	0	0	1.9602	-0.07718	18.6773	233.227	3.7734
TYR_24	-8.61817	2.87155	5.94489	-0.82303	0.119	0.13321	4.17955	8.70794	0.0118	0.05549	-2.25365	-0.46355	0	0	0	0	0	0	0.32864	3.75545	0.11392	0	3.64153	-0.18551	0	0	1.7379	-0.43259	18.8244	205.452	42.5478
MET_25	-8.27464	2.69525	5.78979	-0.3274	0.11384	0.097	2.91345	7.19694	0.00144	0.01245	-1.99876	-0.1245	0	0	0	0	0	0	0.17034	4.65302	1.82633	2.82669	0	-0.00641	0	0	1.4633	0.0658	19.0939	237.508	24.4923
ASN_26	-5.44474	1.44647	5.47037	-0.18157	0.17292	0.28504	3.72244	6.65706	0	0	-2.21936	-0.75275	0	0	0	0	0	0	1.88888	7.75623	3.20721	0	4.54902	1.14676	0	0	-0.3009	0.65903	28.0621	125.113	58.887
ARG_27	-8.00368	4.27627	6.64846	-0.46686	0.39534	0.23965	4.30191	8.01632	0.03196	0.13029	-3.54002	0.3949	0	0	0	0	-0.741	0	0.03555	21.2147	18.5152	2.69945	0	-0.16802	0	0	-0.1423	0.93689	54.775	223.662	41.3383
ASP_28	-4.37324	1.07591	5.60052	-0.18448	0.08008	0.58375	2.94383	6.27219	0.01511	0.04348	-2.56722	-1.45202	0	0	0	0	0	0	-0.12948	3.24759	0.04808	0	3.19951	0.45665	0	0	-1.6204	0.85741	14.0973	117.207	67.7932
PHE_29	-5.51048	0.40038	2.89418	-0.52079	0.0252	0.17303	1.22577	4.21346	0.03079	0.10493	0.20087	-0.04493	0	0	0	0	0	0	0.33256	6.14427	3.24003	0	2.90424	-0.26313	0	0	1.9602	-0.06269	17.4479	187.028	49.9722
ARG_30	-2.70197	0.59481	2.56708	-1.01613	0.94991	0.86967	1.2542	2.56837	0.01511	0.04348	-0.12653	-0.21822	0	0	0	0	0	0	58.2719	10.5557	6.20711	4.34862	0	-0.1466	0	0	-0.1423	2.92097	86.8152	66.9969	198.003
LYS_31	-2.0676	0.89305	2.26781	-0.36888	0.12506	0.29431	0.64058	2.45505	0	0	-1.33665	-0.09173	0	0	0	0	0	0	-0.06525	3.05071	0	3.05071	0	-0.16947	0	0	-0.8895	4.22279	12.011	51.6412	200.359
SER_32	-2.41903	0.09487	3.09869	-0.0366	0.03414	0.0568	2.16605	3.54309	0.00049	0.00312	-1.27867	-0.353	0	0	0	0	0	0	0.61995	0.56485	0.44416	0.12068	0	-0.93191	0	4.04	-0.539	1.30898	10.5377	112.908	49.0921
GLU_33	-3.3292	0.45746	3.24617	-0.20073	0.03598	0.24781	1.61906	3.55981	0	0	-0.39811	-0.43981	0	0	0	-0.46267	0	0	0.29183	12.6458	8.04992	0	4.59592	0.2001	0	0	-1.6358	0.975	29.4586	137.954	85.0462
GLU_34	-4.42672	0.72431	4.42173	-0.27377	0.09234	0.31468	2.75344	5.19986	0	0	-1.78606	-0.21596	0	0	0	0	0	0	-0.1264	3.91125	0.20715	0	3.70411	-0.1014	0	0	-1.6358	2.38237	15.1451	156.271	66.7287
TRP_35	-7.24635	3.68968	4.57653	-0.76904	0.5147	0.18144	3.49077	7.11725	0.008	0.03979	-2.67944	-0.591	0	0	0	0	-0.80568	0	2.20841	5.07564	0.49875	0	4.57689	-0.0139	0	0	3.7077	2.08703	25.6672	154.816	115.184
ALA_36	-4.78462	0.36628	3.52595	-0.02199	0	0	2.99517	6.08065	0	0	-2.3046	-0.40772	0	0	0	0	0	0	-0.01854	0	0	0	0	-0.74261	0	0	2.2619	0.9755	7.92538	145.565	7.43485
GLN_37	-7.23361	1.71786	5.83209	-0.65434	0.22829	0.43728	4.12676	8.4772	0	0	-3.28985	-0.35872	0	0	0	0	-0.55771	0	-0.03791	4.82853	0.31546	0	4.51307	0.52006	0	0	-0.1077	0.37294	19.1297	177.346	39.6541
GLY_38	-4.78283	0.88358	3.53985	-0.00069	0	0	3.02944	5.84351	0	0	-2.75918	-0.32503	0	0	0	0	0	0	0.27935	0	0	0	0	1.46472	0	0	1.435	1.85803	10.4657	162.557	1.44319
PHE_39	-6.75919	1.39169	3.12347	-0.62362	0.28572	0.36516	3.16034	5.83969	0	0	-2.73465	0.02066	0	0	0	0	0	0	0.41823	2.95797	0.19005	0	2.76792	-0.08038	0	0	1.9602	1.70724	13.9905	173.722	63.2776
LEU_40	-6.62446	3.59532	3.37083	-0.66727	1.03692	0.31963	3.28595	6.19313	0	0	-2.44644	-0.04588	0	0	0	0	0	0	1.09506	3.93001	2.1965	1.73351	0	-0.04197	0	0	1.3223	0.61951	18.8727	162.85	47.1497
PHE_41	-6.06646	0.66896	3.61199	-0.80177	0.06304	0.20163	3.1972	6.24618	0.01508	0.04537	-2.39488	-0.48945	0	0	0	0	0	0	-0.17678	3.71647	0.34001	0	3.37646	-0.24254	0	0	1.9602	0.75773	14.0284	184.196	52.8038
ASP_42	-5.20886	1.70453	6.05999	-0.22317	0.1409	0.71447	4.22334	7.68464	0.04068	0.21546	-3.17005	-1.28556	0	0	0	0	-0.56003	0	-0.1036	2.84165	0.1295	0	2.71215	-0.66202	0	0	-1.6204	-0.2169	13.4167	149.805	35.1951
TYR_43	-9.94715	3.04798	5.66044	-0.87408	0.12022	0.20599	4.14121	9.14969	0.0153	0.04716	-2.21912	-0.44919	0	0	0	0	0	0	-0.07896	3.88823	0.58929	0	3.29894	-0.11157	0	0	1.7379	-0.43865	17.7836	230.696	17.3044
ARG_44	-7.1389	1.19889	8.6784	-0.69227	0.82662	0.40744	4.25941	9.59646	0.013	0.06143	-4.20402	-0.03151	0	0	0	0	-0.56003	0	0.08894	5.59491	1.40104	4.19387	0	0.00569	0	0	-0.1423	0.27955	23.8366	164.572	100.428
SER_45	-6.67681	0.62461	7.07551	-0.05009	0.13529	0.07379	4.77198	8.59225	0.0973	0.8326	-3.29899	-0.75201	0	0	0	-1.47289	0	0	3.24718	1.38644	1.19069	0.19575	0	-0.76223	0	4.04	-0.539	0.20903	18.9204	156.527	5.47335
GLY_46	-4.5748	2.32218	4.45343	-0.00024	0	0	2.32228	6.34993	0.08749	0.49849	-1.02997	-0.15263	0	0	0	0	0	0	-0.17542	0	0	0	0	-1.98905	0	0	1.435	0.48988	10.0366	153.753	10.2469
TYR_47	-9.5454	1.8896	5.49568	-0.57735	0.04892	0.27338	2.06967	8.47691	0.0282	0.27061	-1.35834	-0.18471	0	0	0	0	0	0	0.23753	2.96555	0.43933	0	2.52622	-0.34332	0	0	1.7379	0.46352	14.9139	205.406	42.5945
THR_48	-5.50215	0.65059	5.49449	-0.12551	0.05617	0.07654	3.95921	7.09354	0.076	0.50802	-1.93824	-0.84149	0	0	0	0	0	0	0.24086	0.67334	0.55968	0.11366	0	0.2614	0	5.03201	-0.9333	0.08882	15.5436	137.491	36.5093
GLU_49	-4.69572	0.61478	5.38064	-0.2566	0.07629	0.30724	1.57647	5.98848	0.04142	0.45677	-0.84705	-0.13621	0	0	0	-0.59483	0	0	0.00129	5.20708	0.14371	0	5.06337	0.02575	0	0	-1.6358	0.08704	16.8041	131.689	91.3115
GLY_50	-2.81499	2.29106	3.15357	-0.00066	0	0	1.67689	4.42993	0.06671	0.42485	-1.24936	-0.21463	0	0	0	0	0	0	-0.15763	0	0	0	0	-2.52159	0	0	1.435	-0.11358	6.40557	135.862	28.1378
THR_51	-2.49312	0.1349	2.04364	-0.15741	0.8068	0.09929	0.86014	3.10382	0.06309	0.33475	0.48451	-0.13679	0	0	0	0	0	0	3.65771	8.07992	6.01288	2.06704	0	0.18358	0	5.03461	-0.9333	0.35902	29.6051	72.4364	101.564
LEU_52	-4.56877	1.1094	1.59454	-0.62823	0.84396	0.18734	0.46051	3.95554	0.00929	0.08318	0.41128	0.2579	0	0	0	0	0	0	-0.16471	0.9814	0.07459	0.90681	0	-0.45676	0	0	1.3223	0.08226	6.46184	132.408	77.5918
GLY_53	-4.77782	0.88595	3.69356	-0.00048	0	0	2.85742	5.84752	0.00092	0.00253	-2.42028	-0.28905	0	0	0	0	0	0	-0.12129	0	0	0	0	1.07619	0	0	1.435	1.56295	9.75313	164	0
VAL_54	-5.29582	1.54035	3.20327	-0.24992	0.29792	0.04718	3.03025	5.5737	0.02352	0.36482	-1.69291	-0.09927	0	0	0	0	0	0	-0.13985	1.88349	1.11442	0.76908	0	-1.07722	0	0	2.7371	1.22516	13.2553	131.517	50.4834
GLY_55	-4.61095	1.74973	3.30089	-0.00105	0	0	2.59638	5.12739	0	0	-2.41054	-0.30436	0	0	0	0	0	0	0.0315	0	0	0	0	0.11935	0	0	1.435	0.51818	7.55154	164	0
LEU_56	-6.83556	1.19353	4.72323	-0.60372	0.47948	0.15917	3.16588	7.16259	0.0873	0.498	-2.26976	0.27082	0	0	0	-0.7579	0	0	2.10607	1.25199	0.25831	0.99368	0	-0.29238	0	0	1.3223	1.38775	14.3008	170.543	39.4575
ASP_57	-6.73794	1.67857	8.97669	-0.10542	0.01338	0.32799	5.17147	9.90347	0.13279	0.65272	-7.22023	0.29205	0	0	0	0	-0.66044	0	0.06155	2.9846	0.21021	0	2.77438	0.88802	0	0	-1.6204	0.79572	18.5192	173.518	11.4823
LEU_58	-6.48642	2.46405	3.13389	-0.48332	2.31942	0.08653	3.10569	5.73621	0.03821	0.20011	-2.27676	0.11484	0	0	0	0	0	0	0.49918	2.52044	1.21712	1.30331	0	-0.1776	0	0	1.3223	0.38967	15.0269	166.853	43.1467
LEU_59	-5.67884	0.88629	3.64552	-0.4822	1.96584	0.09581	3.37249	5.90839	0.0126	0.03737	-2.67428	0.1541	0	0	0	0	0	0	0.92371	9.13886	7.70929	1.42957	0	-0.30795	0	0	1.3223	0.44929	27.9082	173.201	36.7988
GLY_60	-3.70515	0.88937	3.86276	-0.0005	0	0	2.99835	5.12562	0.00061	0.00259	-2.9905	-0.35712	0	0	0	0	0	0	-0.04817	0	0	0	0	2.36655	0	0	1.435	2.88647	12.4659	154.935	9.06496
LYS_61	-7.24552	1.91057	6.47062	-0.48923	0.37387	0.24591	4.02344	7.50796	0.15097	0.58224	-2.92461	-0.23145	0	0	0	0	0	0	1.55303	7.40206	3.03631	4.36575	0	0.45238	0	0	-0.8895	2.5923	28.8871	242.508	9.49185
LEU_62	-5.77394	3.25749	3.9286	-0.55493	0.82488	0.11885	3.8568	6.36455	0.00061	0.00259	-3.24753	0.3061	0	0	0	0	0	0	-0.0669	1.32554	0.26579	1.05975	0	-0.1631	0	0	1.3223	-0.02741	12.8	140.305	69.6951
GLY_63	-3.96139	1.13639	3.68316	-0.00073	0	0	3.16361	5.36718	0	0	-2.83413	-0.34224	0	0	0	0	0	0	-0.06254	0	0	0	0	2.2909	0	0	1.435	2.69718	12.5724	158.362	5.63775
VAL_64	-4.11504	1.37166	3.05226	-0.39475	1.17906	0.10944	3.14243	5.10798	0	0	-2.0942	-0.43883	0	0	0	0	0	0	-0.19101	3.62916	2.12871	1.50045	0	-1.0831	0	0	2.7371	2.54714	18.1884	130.802	51.198
ARG_65	-4.20024	0.24645	3.12616	-0.60513	0.33468	0.30774	1.87046	4.36783	0.008	0.03979	-1.01083	0.78551	0	0	0	-0.46267	0	0	0.92459	15.6001	12.4678	3.13231	0	-0.09043	0	0	-0.1423	-0.66251	36.0373	136.728	128.272
LEU_66	-4.82423	2.37285	3.04857	-0.45923	0.34576	0.08875	1.87577	4.85726	0	0	-1.24794	0.15121	0	0	0	0	0	0	5.38555	2.49929	2.34508	0.1542	0	0.32199	0	0	1.3223	3.47252	21.7097	92.7328	117.267
ASP_67	-1.56813	0.15538	1.84922	-0.17154	0.04777	0.5315	0.76271	2.42102	0.00443	0.01521	-0.47615	-0.65967	0	0	0	0	0	0	0.03211	6.54132	1.69423	0	4.8471	-0.62851	0	0	-1.6204	3.98308	17.7607	46.4915	138.509
TYR_68	-5.38792	3.27072	4.56096	-0.7765	0.04656	0.15875	3.54245	6.31548	0.07082	0.55021	-2.37026	-0.43272	0	0	0	0	0	0	0.16022	3.2521	0.08604	0	3.16606	-0.02437	0	0	1.7379	-0.19371	17.7328	161.816	86.1837
ALA_69	-2.21994	0.4541	1.15357	-0.02467	0.00029	0	0.55003	2.33949	0.00443	0.01521	-0.41633	-0.41183	0	0	0	0	0	0	0.15858	0	0	0	0	0.26211	0	0	2.2619	0.45333	4.58028	87.7512	65.2488
ARG_70	-6.27236	3.77068	7.94748	-0.72131	0.55748	0.39665	4.75329	8.54919	0.06562	0.52496	-3.08938	0.34938	0	0	0	0	-0.01166	0	-0.05329	13.6509	9.76829	3.88262	0	-0.33087	0	0	-0.1423	0.95768	44.5531	209.454	55.5455
LEU_71	-3.15784	0.72758	1.59709	-0.58928	1.89816	0.1317	0.42682	3.1402	0.02621	0.09424	0.00757	0.18645	0	0	0	0	0	0	0.21804	21.6893	20.0068	1.68249	0	-0.23331	0	0	1.3223	0.58107	49.7555	95.7862	114.214
ASP_72	-5.38623	2.40412	7.47334	-0.10761	0.00476	0.30708	4.2731	8.58132	0.11089	0.466	-5.16853	-0.40851	0	0	0	0	-0.01166	0	-0.14501	4.12962	0.13312	0	3.9965	0.86225	0	0	-1.6204	0.47858	20.3727	176.548	8.45161
ALA_73	-2.76286	0.81428	1.69145	-0.02352	0	0	1.43619	3.31849	0.03307	0.20437	-2.06177	-0.28346	0	0	0	0	0	0	0.00753	0	0	0	0	0.23336	0	0	2.2619	0.28457	5.15361	108.429	44.571
THR_74	-6.38771	1.27538	5.23399	-0.17148	0.10752	0.06425	3.96632	7.81488	0	0	-1.87109	-0.6379	0	0	0	0	0	0	2.59066	0.69565	0.30921	0.38644	0	0.68195	0	5.02212	-0.9333	1.3902	19.5371	161.706	12.2945
ALA_75	-3.48604	0.47103	3.203	-0.02371	0	0	2.93084	4.8202	0	0	-2.78971	-0.24567	0	0	0	0	0	0	0.03078	0	0	0	0	0.19624	0	0	2.2619	0.76768	8.13653	114.997	38.0033
LYS_76	-9.43122	2.76655	10.9183	-0.46443	0.12128	0.32689	5.91278	12.018	0.01934	0.06491	-6.2419	-0.20027	0	0	0	-0.71498	-0.66044	0	0.15308	4.8306	0.92663	3.90397	0	0.28432	0	0	-0.8895	-0.52362	23.1203	233.846	18.1537
LEU_77	-5.75309	2.69326	3.22324	-0.44062	0.3133	0.07676	3.40501	5.43287	0	0	-3.01236	0.08748	0	0	0	0	0	0	1.65612	1.17575	0.21617	0.95958	0	-0.29114	0	0	1.3223	-0.23216	10.8325	148.869	61.1312
ARG_78	-9.19281	3.82822	7.15184	-0.6912	0.34508	0.32793	3.82384	8.91498	0.08535	0.51238	-3.04401	0.27763	0	0	0	-0.24105	0	0	-0.04766	9.19152	3.90667	5.28485	0	-0.14828	0	0	-0.1423	-0.16522	29.9778	227.394	37.6062
LEU_79	-4.87942	0.64538	4.05977	-0.59937	0.67789	0.14376	3.01033	5.74452	0	0	-1.44347	0.27997	0	0	0	0	0	0	0.37379	1.47317	0.54845	0.92472	0	-0.22964	0	0	1.3223	0.89766	12.9498	108.783	101.217
SER_80	-4.75534	1.0954	5.10756	-0.02005	0.00154	0.02718	3.30729	6.31733	0.12492	0.72446	-0.87677	-0.25909	0	0	0	0	0	0	-0.18486	0.54135	0.23825	0.30309	0	0.10598	0	4.04	-0.539	3.19004	18.4893	126.683	35.3169
ARG_81	-8.09612	1.62007	7.52283	-0.63991	0.45603	0.43469	2.91987	8.50769	0	0	-3.72395	-0.08581	0	0	0	-0.68451	0	0	0.21964	3.17943	0.82967	2.34977	0	-0.2005	0	0	-0.1423	3.31099	17.7776	154.388	110.612
SER_82	-4.78352	0.66246	6.30578	-0.03006	0.00532	0.02026	4.50784	7.28889	0.06758	0.43852	-1.46049	-0.68116	0	0	0	0	0	0	0.11148	0.88829	0.12871	0.75959	0	-0.20884	0	4.04	-0.539	0.85775	18.3794	146	15.9999
GLU_83	-5.71676	1.53707	6.54868	-0.24798	0.07611	0.2394	3.75433	7.13626	0.01244	0.05967	-3.2233	-0.17053	0	0	0	0	0	0	0.00624	4.23803	0.20305	0	4.03498	-0.24798	0	0	-1.6358	0.37588	16.9798	179.739	43.2612
LEU_84	-6.39891	1.79436	3.41261	-0.60666	0.87512	0.15294	3.06025	6.01038	0	0	-2.84365	0.31074	0	0	0	0	0	0	0.94176	1.11238	0.12292	0.98946	0	-0.29994	0	0	1.3223	0.43984	10.3959	153.293	56.7067
LYS_85	-6.10416	1.27083	4.75777	-0.30894	0.09523	0.14557	3.40546	6.44973	0.07835	0.24985	-3.56799	-0.13625	0	0	0	0	0	0	-0.06334	5.05053	2.07281	2.97773	0	0.40575	0	0	-0.8895	-0.16123	15.7282	181.819	70.1807
VAL_86	-4.74364	0.72135	2.44604	-0.27419	0.40786	0.06072	2.74695	5.22104	0	0	-2.48608	-0.30222	0	0	0	0	0	0	-0.15523	0.32461	0.00297	0.32164	0	-0.94192	0	0	2.7371	-0.12865	5.95834	123.127	58.8726
GLY_87	-3.74022	0.63047	3.73093	-0.00085	0	0	2.85339	5.31614	0	0	-2.33244	-0.35474	0	0	0	0	0	0	0.1622	0	0	0	0	-2.52734	0	0	1.435	2.67403	7.84658	148.88	15.12
GLY_88	-3.76513	0.26995	3.1814	-0.00026	0	0	2.09769	4.78917	0	0	-0.39751	-0.28058	0	0	0	0	0	0	0.31805	0	0	0	0	1.65943	0	0	1.435	3.40266	12.7099	154.217	9.78332
LEU_89	-8.26486	1.74263	4.03805	-0.45955	0.70363	0.08383	3.24304	7.36822	0.00046	0.00261	-1.80811	0.03138	0	0	0	0	0	0	0.32282	1.06024	0.06835	0.99189	0	0.1601	0	0	1.3223	0.87205	11.4791	202.827	7.17281
VAL_90	-3.02103	0.48461	0.96197	-0.29075	0.35447	0.07506	0.61179	2.30948	0	0	-0.17468	-0.82425	0.09885	0	0	0	0	0	0.23392	0.51285	0.01322	0.49963	0	0.38145	0	0	2.7371	2.65935	7.62303	127.478	54.5223
PRO_91	-5.31358	1.88764	2.32805	-0.13507	0.00182	0.09564	0.65199	2.74382	0	0	-0.42343	0.20184	0.10282	0	0	0	0	0	0.49693	0.57648	0.05647	0.52	0	-1.13933	0	0	-4.6787	1.95122	-0.07537	192.34	6.66046
LYS_92	-4.40001	0.56494	3.98053	-0.8737	13.5873	0.78706	2.17572	4.33158	0	0	0.85295	0.34201	0	0	0	0	0	0	-0.03363	7.40054	3.93236	3.46818	0	0.19981	0	0	-0.8895	1.19569	36.6219	132.279	119.721
LEU_93	-7.11996	3.26912	4.80427	-0.4484	0.41677	0.07681	3.20957	7.25873	0	0	-1.04932	0.04356	0.01873	0	0	0	0	0	0.32162	1.13676	0.1996	0.93715	0	0.40191	0	0	1.3223	4.11724	18.9165	186.986	23.0144
PRO_94	-5.94591	2.21203	1.78304	-0.07385	0	0.04529	0.79692	2.30711	0.02523	0.17854	0.38274	0.60101	0.05546	0	0	0	0	0	-0.37495	0.68033	0.18101	0.49933	0	-1.06876	0	0	-4.6787	2.644	0.2499	178.31	20.69
THR_95	-4.54338	1.30541	2.44308	-0.13449	0.10525	0.07264	0.88151	3.96006	0.01891	0.31294	-0.05724	-0.01951	0	0	0	0	0	0	0.18655	0.38132	0.22682	0.1545	0	-0.80363	0	5.04624	-0.9333	-0.13003	8.47363	170.22	3.77999
ILE_96	-7.75518	1.48342	2.55768	-0.62532	1.51262	0.19921	2.82283	5.6047	0	0	-1.65437	-0.62888	0	0	0	0	0	0	0.14173	7.53402	6.5499	0.98411	0	2.76187	0	0	1.8006	2.73083	26.0198	203.763	3.23677
GLN_97	-6.76899	2.12956	6.23148	-0.41089	0.23863	0.27714	3.19055	7.49598	0.02147	0.18638	-1.01778	-0.38297	3.48157	0	0	0	0	0	0.00785	9.92937	3.75061	0	6.17876	0.3311	0	0	-0.1077	5.93599	40.6981	178.529	38.4709
PRO_98	-5.53815	1.48825	3.55933	-0.18275	0.00126	0.12873	1.47926	3.69013	0	0	0.45791	0.11799	3.51412	0	0	0	0	0	1.8364	1.40923	0.01441	1.39482	0	-1.90552	0	0	-4.6787	2.36691	9.15364	193.589	5.41085
ASN_99	-5.56463	5.24933	6.1042	-0.25315	0.12004	0.41466	2.5112	7.28735	0.00044	0.00532	-1.08597	-0.85818	0	0	0	0	0	0	0.43116	2.8568	0.21432	0	2.64248	-0.35523	0	0	-0.3009	-0.60105	18.8182	138.095	45.9047
TYR_100	-3.90545	1.3997	3.56293	-0.55975	0.80514	0.23741	1.9288	4.28564	0.00331	0.00984	0.2587	-0.1889	0	0	0	0	0	0	-0.04402	6.24036	2.27525	0	3.96511	-0.20726	0	0	1.7379	-0.32188	21.4828	122.15	125.85
GLY_101	-2.78551	0.12603	2.86522	-5e-05	0	0	1.59841	3.82876	1e-05	0.00021	-1.55565	-0.4047	0	0	0	-0.73547	0	0	-0.06926	0	0	0	0	0.15869	0	0	1.435	1.28082	5.74252	142.207	21.793
ARG_102	-7.08734	8.91994	8.11813	-0.80241	0.75812	0.5525	4.83671	9.82369	0	0	-0.66001	0.66091	0	0	0	-0.19037	-0.80418	0	1.78522	7.16197	4.97568	2.18629	0	0.97251	0	0	-0.1423	3.63528	44.7003	213.106	51.8939
LEU_103	-6.78096	0.94551	1.31889	-0.70183	10.8241	0.21423	1.09039	4.4026	0	0	0.57856	0.29933	0	0	0	-0.01228	0	0	-0.05864	36.6841	34.6146	2.06951	0	-0.28935	0	0	1.3223	2.82141	89.3424	182.418	27.5825
PHE_104	-7.93748	2.04902	2.83195	-0.58352	0.1569	0.34254	1.01529	5.48183	0.00643	0.06062	0.20891	0.23515	0.09384	0	0	0	0	0	0.06823	4.58899	0.14253	0	4.44647	-0.22424	0	0	1.9602	3.27474	18.2184	221.167	15.8328
PRO_105	-3.61465	0.34212	2.26177	-0.20524	0.01911	0.15355	0.78513	2.80555	0	0	-0.51827	-0.04569	0.10873	0	0	0	0	0	0.07528	0.56141	0.07528	0.48613	0	-1.17492	0	0	-4.6787	2.27894	-0.28448	169.369	29.6307
GLN_106	-5.81562	2.67945	5.45096	-0.61723	0.43885	0.55708	3.38241	6.86504	0.0412	0.2484	-0.76133	0.02017	0	0	0	0	-0.80418	0	0.55453	7.86248	1.69624	0	6.16623	0.28687	0	0	-0.1077	-0.60388	27.54	187.209	29.7912
VAL_107	-6.69535	0.45796	4.22186	-0.27355	0.34541	0.05533	3.3604	7.24641	0	0	-1.33205	-0.09438	0	0	0	-0.76267	0	0	-0.08016	0.61589	0.26619	0.3497	0	-1.11543	0	0	2.7371	-0.66487	8.63778	180.718	1.28203
PHE_108	-9.3937	2.90388	2.53629	-0.55282	0.2044	0.2723	3.4222	6.5847	0.02311	0.07711	-2.70276	0.14071	0	0	0	0	0	0	0.05756	3.02971	0.00461	0	3.0251	-0.59282	0	0	1.9602	-0.80994	10.1898	234.766	2.23402
GLN_109	-6.24179	1.2703	6.40822	-0.53376	0.10401	0.52637	4.01001	8.07314	0.00686	0.11013	-3.83786	-0.61888	0	0	0	0	0	0	0.47767	3.64765	0.04149	0	3.60615	0.23595	0	0	-0.1077	-0.64457	16.5334	180.787	36.2126
GLY_110	-3.54025	1.00594	2.97663	-0.0014	0	0	2.60607	4.68698	0.01115	0.03639	-2.47766	-0.36271	0	0	0	0	0	0	-0.20878	0	0	0	0	-2.52409	0	0	1.435	1.21166	4.85494	153.049	10.9508
ALA_111	-3.77607	1.01945	2.05884	-0.02457	0.00084	0	2.67031	4.47583	0	0	-2.47913	-0.44454	0	0	0	0	0	0	0.04476	0	0	0	0	0.1169	0	0	2.2619	1.82413	7.74865	121.38	31.6202
LEU_112	-6.40593	1.68204	2.77449	-0.59895	0.57631	0.15146	2.8138	5.91314	0.02449	0.08489	-2.29504	0.27415	0	0	0	0	0	0	-0.06597	1.18953	0.13227	1.05726	0	-0.27278	0	0	1.3223	0.62756	8.98503	192.899	17.1013
LEU_113	-6.17542	2.4005	4.11498	-0.58169	0.33213	0.14866	3.26657	6.60456	0	0	-3.08028	0.26737	0	0	0	0	0	0	0.42537	1.37018	0.39278	0.9774	0	-0.44084	0	0	1.3223	0.1791	11.5237	147.897	62.1035
THR_114	-4.50013	0.60439	4.07359	-0.12706	0.08461	0.08704	3.14459	5.69313	0.03693	0.14456	-2.54557	-0.8698	0	0	0	0	0	0	1.33605	0.44156	4e-05	0.44152	0	-0.37601	0	5.03579	-0.9333	-0.32012	11.4518	114.387	59.6131
SER_115	-4.35527	0.82913	4.83641	-0.03369	0.00426	0.04412	3.6533	5.76318	0	0	-1.52226	-0.04835	0	0	0	0	0	0	-0.05825	0.75086	0.61621	0.13465	0	-0.39359	0	4.04	-0.539	0.79653	14.5182	140.89	21.1095
GLY_116	-3.02682	0.57915	3.2079	-0.00013	0	0	1.61357	4.1752	0.06758	0.43852	-1.00494	-0.3481	0	0	0	0	0	0	-0.39158	0	0	0	0	0.89867	0	0	1.435	3.4105	11.0545	155.381	8.61872
GLU_117	-4.64598	0.87736	7.25926	-0.43621	0.19552	0.94082	3.22515	7.3245	0.00846	0.02363	-1.44661	-0.5125	0	0	0	-0.68451	0	0	0.16466	5.31245	0.76123	0	4.55122	-0.58713	0	0	-1.6358	2.01649	22.712	143.718	79.282
LEU_118	-3.43589	2.4033	3.16282	-0.49533	1.85733	0.09739	1.59647	4.15654	0	0	-0.35561	0.15776	0	0	0	0	0	0	-0.0897	1.67873	0.27655	1.40218	0	-0.61845	0	0	1.3223	-0.58208	12.5343	93.8059	116.194
SER_119	-1.2095	0.33538	1.7103	-0.03276	0.00396	0.03612	0.39378	2.11247	0.00846	0.02363	0.68453	-0.13484	0	0	0	0	0	0	-0.21983	4.82862	4.0712	0.75742	0	0.23309	0	4.04	-0.539	-0.00323	17.0998	26.4684	135.532
GLY_120	-2.51458	0.27323	2.48208	-5e-05	0	0	1.79734	3.3589	0.0028	0.01153	-1.51071	-0.39902	0	0	0	0	0	0	-0.13991	0	0	0	0	-2.24985	0	0	1.435	-0.2224	2.32436	131.204	32.7961
LEU_121	-5.93327	6.4117	3.2515	-0.58961	0.71967	0.14921	2.37359	5.51144	0	0	-0.75249	0.3007	0	0	0	0	0	0	2.11187	1.07727	0.07182	1.00545	0	-0.2567	0	0	1.3223	-0.3229	16.4516	170.928	39.0722
SER_122	-3.7853	0.81228	4.26169	-0.03283	0.02386	0.02531	3.03005	5.38807	0.0028	0.01153	-2.43251	-0.83127	0	0	0	0	0	0	0.02194	3.3132	2.76438	0.54882	0	0.58441	0	4.04	-0.539	0.13019	17.3376	114.444	47.5558
LEU_123	-4.6449	0.5953	3.97948	-0.43665	0.13412	0.06879	3.28776	5.42055	0	0	-3.01293	0.06753	0	0	0	0	0	0	0.77886	23.2445	22.3337	0.91075	0	-0.0696	0	0	1.3223	-0.1031	53.8765	134.924	75.0759
ASN_124	-6.69706	1.74892	5.19915	-0.41402	0.05959	0.85107	3.37408	8.09216	0.06099	0.30944	-2.46067	-0.28065	0	0	0	0	0	0	0.30595	4.55431	0.0736	0	4.48071	0.77508	0	0	-0.3009	0.00525	19.737	172.227	11.7729
LEU_125	-5.05531	1.28501	3.59074	-0.5373	0.75747	0.11414	3.15224	5.85888	0	0	-2.73889	0.20479	0	0	0	0	0	0	0.2699	1.17624	0.12459	1.05164	0	-0.03315	0	0	1.3223	1.08961	11.6329	105.784	104.216
GLY_126	-4.03784	0.86132	3.48184	-0.00119	0	0	2.68222	5.19733	0	0	-2.34087	-0.33734	0	0	0	0	0	0	0.5677	0	0	0	0	0.11739	0	0	1.435	1.9364	9.56195	155.882	8.11844
ARG_127	-6.7487	1.87554	7.45241	-0.5536	0.37413	0.2917	4.26386	8.32548	0	0	-4.91327	0.51436	0	0	0	0	-0.61057	0	-0.0537	10.6557	7.44087	3.21481	0	-0.23958	0	0	-0.1423	1.62124	32.7684	160.247	104.753
LEU_128	-8.29641	1.69527	2.88284	-0.52182	0.95928	0.11844	3.1908	6.35028	0	0	-2.38861	0.13568	0	0	0	0	0	0	0.89121	2.22453	1.44001	0.78453	0	-0.44259	0	0	1.3223	0.23048	10.5762	210	0
THR_129	-4.97066	2.26383	3.7352	-0.12842	0.14916	0.07655	1.95847	5.26035	0.06869	0.39212	-1.25194	0.06208	0	0	0	0	0	0	-0.09759	0.27041	0.2188	0.0516	0	-1.14238	0	5.03258	-0.9333	0.47021	11.4858	130.963	43.0365
GLU_130	-5.03199	1.68106	4.52102	-0.18203	0.03239	0.25982	2.71111	5.6558	0.06869	0.39212	-1.50676	-0.46736	0	0	0	0	0	0	0.29839	6.16507	0.71025	0	5.45481	0.06705	0	0	-1.6358	1.53422	20.7279	139.396	83.6042
VAL_131	-5.75088	16.4641	1.89734	-0.24304	0.26369	0.04376	1.97823	4.98934	0	0	-1.19285	-0.11382	0	0	0	0	0	0	-0.09689	23.7518	22.303	1.44882	0	-0.67418	0	0	2.7371	0.45687	68.2624	167.496	14.5039
SER_132	-4.08045	3.7297	4.9391	-0.04624	0.02054	0.06149	2.83851	5.61301	0	0	-1.5103	-0.4221	0	0	0	-0.76267	0	0	80.6821	3.6681	1.97784	1.69027	0	0.60932	0	4.04	-0.539	2.41989	104.929	120.858	41.142
SER_133	-1.83226	0.57388	2.70302	-0.02607	0.04007	0.03716	1.86264	3.26834	0.00424	0.04302	-1.27336	-0.85447	0	0	0	0	0	0	0.69558	6.92421	5.39126	1.53295	0	-0.01681	0	4.04	-0.539	6.62907	29.2035	54.511	107.489
ASP_134	-3.50933	1.37148	3.38142	-0.12507	0.12097	0.38459	1.17672	4.17579	0.0043	0.04326	-0.29502	-1.7505	0	0	0	0	0	0	0.83115	10.1759	3.34005	0	6.83588	0.05486	0	0	-1.6204	5.1086	29.7047	141.167	43.8328
LEU_135	-8.12145	15.6245	2.17054	-0.53344	2.1465	0.13721	1.94368	6.29638	0	0	-1.48283	0.23133	0	0	0	0	0	0	1.27856	13.6102	12.8634	0.74682	0	-0.27841	0	0	1.3223	0.54262	48.498	209.488	0.512343
ALA_136	-5.13899	1.1181	3.05686	-0.02215	0	0	1.90288	5.70972	0.01867	0.12261	-2.33139	-0.37891	0	0	0	0	0	0	0.0307	0	0	0	0	-0.28175	0	0	2.2619	-0.54985	5.5184	151.463	1.53703
LEU_137	-8.17592	1.63584	2.28593	-0.63082	0.64861	0.17455	2.66775	6.39651	0.01443	0.06445	-1.55327	0.35619	0	0	0	0	0	0	0.06152	1.93227	1.38333	0.54894	0	-0.29552	0	0	1.3223	0.00939	8.84646	210	0
PHE_138	-6.79715	1.79744	4.08801	-0.8379	1.06122	0.20085	1.66037	6.07472	0.00937	0.16006	-0.40245	-0.05119	0	0	0	0	0	0	-0.0624	4.19604	0.05451	0	4.14153	0.04321	0	0	1.9602	0.82083	18.1173	179.356	57.6442
ASN_139	-6.34487	1.29978	5.94448	-0.22692	0.12405	0.35356	2.78983	8.1534	0.00969	0.16627	0.25777	-0.31819	0	0	0	-0.67619	0	0	-0.0018	10.194	5.55997	0	4.63399	0.18538	0	0	-0.3009	4.69226	36.4955	168.646	15.3538
ARG_140	-8.35427	2.766	9.0781	-0.55616	0.222	0.32275	3.82297	10.1943	0.00581	0.08744	-1.47818	0.50172	0	0	0	-0.5263	0	0	-0.0663	10.5447	7.54733	2.9974	0	0.41175	0	0	-0.1423	7.36437	44.7432	233.346	31.6541
ASN_141	-4.00926	0.61726	4.37937	-0.18159	0.03047	0.33015	1.22048	4.73034	0.0665	0.59173	-0.0473	-0.95232	0	0	0	0	-0.41305	0	-0.06006	3.6366	0.62737	0	3.00923	-1.55561	0	0	-0.3009	3.66006	15.3795	141.412	42.5877
ARG_142	-3.57952	1.06735	3.78695	-0.86605	1.33293	0.6687	1.34084	4.70548	0	0	0.47259	-0.18649	0	0	0	0	0	0	-0.01664	11.6093	7.37376	4.23554	0	-0.18609	0	0	-0.1423	0.78348	32.3998	103.488	161.512
ARG_143	-10.5203	1.20023	12.1405	-0.46632	0.1146	0.24474	5.2448	13.5127	0.07985	0.56456	-6.02635	0.35494	0	0	0	0	-1.92953	0	-0.25674	4.28885	1.46275	2.82609	0	-0.2774	0	0	-0.1423	0.90227	23.3179	264.041	0.959148
PHE_144	-9.41952	2.7696	2.78504	-0.64323	0.10937	0.42405	2.39087	6.42933	0	0	-0.8253	0.45653	0	0	0	-0.67619	0	0	0.15335	4.57903	1.32858	0	3.25045	0.05994	0	0	1.9602	1.55408	16.6862	224.19	12.8097
ALA_145	-1.84655	1.11066	1.80919	-0.02189	0	0	1.81184	2.95273	0	0	-0.04361	-0.33718	0	0	0	0	0	0	0.42419	0	0	0	0	-0.17074	0	0	2.2619	1.27624	9.22677	54.5503	98.4497
GLY_146	-2.4711	0.33097	2.95661	-0.00228	0	0	1.48096	4.03574	0	0	-0.54977	-0.39386	0	0	0	0	0	0	-0.10575	0	0	0	0	-1.12384	0	0	1.435	0.36117	5.95384	139.15	24.8498
ALA_147	-2.78445	0.25563	1.78552	-0.02968	0.01414	0	1.17344	3.31338	0	0	0.12423	-0.48755	0	0	0	0	0	0	0.08262	0	0	0	0	-0.09678	0	0	2.2619	1.30732	6.9197	118.107	34.8929
ALA_148	-4.78143	3.23213	2.13233	-0.02422	0	0	2.04619	5.13696	0	0	-2.22454	-0.17742	0	0	0	0	0	0	-0.12187	0	0	0	0	-0.25193	0	0	2.2619	1.38256	8.61065	144.803	8.19749
GLN_149	-4.01768	0.61009	2.58814	-0.37364	0.20052	0.49508	1.62365	3.82558	0	0	-1.41771	-0.59819	0	0	0	-0.36198	0	0	0.10203	12.1565	8.57004	0	3.58643	0.02154	0	0	-0.1077	0.2571	27.1598	125.526	91.4743
ALA_150	-4.62123	2.23582	2.93171	-0.01846	0	0	2.48129	5.45299	0	0	-0.8884	-0.33573	0	0	0	0	0	0	0.03279	0	0	0	0	-0.50569	0	0	2.2619	0.1614	9.18839	151.975	1.02469
ASP_151	-3.12739	1.63477	3.44698	-0.11693	0.00292	0.35398	1.41504	4.06055	6e-05	0.00024	-0.4167	-0.67924	0	0	0	-0.33976	0	0	0.7398	3.68253	0.03059	0	3.65194	-0.5628	0	0	-1.6204	0.00834	12.1645	106.22	78.7799
ARG_152	-8.50671	4.084	7.50497	-0.88776	0.66017	0.63592	2.80143	8.37988	0	0	-1.84305	-0.00696	0	0	0	-0.33976	0	0	1.30698	7.45592	5.26993	2.18599	0	-0.3437	0	0	-0.1423	-0.49328	27.7217	189.746	75.2539
PHE_153	-10.346	3.16287	4.34791	-0.74958	0.07957	0.12037	3.28574	8.57173	0	0	-2.31639	-0.56227	0	0	0	0	0	0	-0.16818	3.51155	0.04769	0	3.46386	-0.20762	0	0	1.9602	-0.09006	14.1114	236.553	0.446804
ASP_154	-5.53577	0.52191	7.81236	-0.11548	0.00648	0.3507	4.91408	8.76895	0	0	-2.64079	-0.24016	0	0	0	0	-0.57332	0	0.00995	4.18519	0.81359	0	3.3716	0.70382	0	0	-1.6204	0.21504	20.9478	148.934	36.0656
LEU_155	-7.44995	2.93035	2.70848	-0.7449	0.82977	0.32238	2.93846	6.45964	0	0	-2.76301	-0.15401	0	0	0	0	0	0	-0.01817	2.21393	0.52842	1.6855	0	0.6934	0	0	1.3223	0.80925	12.3118	208.176	1.82445
ALA_156	-4.07911	0.91578	2.95229	-0.02368	6e-05	0	2.67578	5.05163	0	0	-2.54684	-0.47751	0	0	0	0	0	0	0.01758	0	0	0	0	-0.61159	0	0	2.2619	0.84633	6.98262	118.962	34.038
GLY_157	-4.20614	0.72864	3.77083	-0.00127	0	0	2.88009	5.53419	0	0	-2.8648	-0.34732	0	0	0	0	0	0	0.21114	0	0	0	0	-0.80041	0	0	1.435	0.68157	7.02152	159.153	4.84658
LEU_158	-5.61658	4.71363	4.71143	-0.63948	1.49291	0.23932	3.1958	6.76222	0	0	-2.35844	-0.0803	0	0	0	0	0	0	-0.03046	3.13214	1.56108	1.57106	0	-0.11993	0	0	1.3223	1.40931	21.266	129.532	80.4685
ASP_159	-5.31531	0.44534	6.69684	-0.11343	0.00392	0.35351	4.41504	8.09262	0.02713	0.11535	-3.46202	-0.25174	0	0	0	0	-0.95291	0	2.06784	4.44156	0.49971	0	3.94185	0.76034	0	0	-1.6204	1.34816	21.4934	145.685	39.3148
TYR_160	-6.80849	0.76907	4.55717	-0.82143	0.1627	0.1627	2.97116	7.31979	0.03662	0.37354	-2.91654	-0.38525	0	0	0	0	0	0	0.27098	3.93921	0.22598	0	3.71323	-0.18686	0	0	1.7379	0.65324	15.7747	149.497	98.5028
ARG_161	-6.14036	0.35504	6.16775	-1.33148	1.47339	0.80126	3.52783	8.05225	0.03638	0.17253	-2.36255	0.64821	0	0	0	-0.81061	0	0	-0.02613	5.94899	1.18554	4.76345	0	0.25758	0	0	-0.1423	1.15556	23.7323	145.833	119.167
ILE_162	-5.36695	0.35694	2.59542	-0.51779	0.82287	0.10787	1.08908	4.59017	0.01462	0.04729	-0.21581	-0.19668	0	0	0	0	0	0	-0.10163	5.29936	3.66521	1.63415	0	-0.41731	0	0	1.8006	0.8879	16.0953	107.97	99.0305
ALA_163	-3.86472	2.07717	3.88674	-0.02132	0	0	2.58535	5.63786	0.01867	0.14226	-0.7531	-0.52617	0.0012	0	0	0	0	0	2.11039	0	0	0	0	-0.72887	0	0	2.2619	2.88375	15.7111	107.686	45.3143
PRO_164	-2.33501	1.92332	2.11164	-0.0716	0	0.04562	1.36014	2.6524	0.00095	0.00405	-0.41684	0.62108	0.00237	0	0	-0.81061	0	0	0.01169	3.43721	2.36323	1.07398	0	0.37132	0	0	-4.6787	3.04156	10.7078	73.1726	125.827
ASP_165	-4.55542	2.33996	4.81474	-0.12269	0.05118	0.38487	2.19718	5.82224	0.00095	0.00405	-0.73998	-0.27496	0	0	0	0	0	0	0.14572	3.23515	0.00014	0	3.23501	-0.51044	0	0	-1.6204	-0.60962	13.7977	116.765	68.2349
TRP_166	-8.83745	2.87458	5.36399	-0.83351	0.10577	0.37311	3.71047	9.02559	0	0	-3.18972	-0.26182	0	0	0	0	0	0	-0.03229	2.12622	0.00287	0	2.12334	0.00408	0	0	3.7077	-0.23499	16.0279	168.917	101.083
THR_167	-5.4092	0.9969	4.63661	-0.16484	0.15978	0.0573	3.37954	6.74592	0.00405	0.09496	-2.49492	-0.52812	0	0	0	0	0	0	0.16249	0.41981	0.01167	0.40814	0	-0.15545	0	5.04579	-0.9333	0.70178	13.1389	147.491	26.5086
GLY_168	-3.38316	0.63662	3.31143	-0.00085	0	0	2.61278	4.82896	0	0	-2.59856	-0.33661	0	0	0	0	0	0	-0.00864	0	0	0	0	1.68097	0	0	1.435	2.3182	10.4962	148.815	15.185
SER_169	-4.8209	1.89714	4.74651	-0.03332	0.00708	0.02299	3.90874	6.2303	0.08048	0.76981	-2.11493	-0.67431	0	0	0	0	0	0	1.385	1.02667	0.14201	0.88466	0	-0.0185	0	4.04	-0.539	2.10517	19.0456	146.497	15.503
TYR_170	-7.3345	1.37464	5.34377	-0.91856	0.37089	0.21176	3.96575	8.13983	0	0	-1.7896	-0.53861	0	0	0	0	0	0	0.1142	3.80292	0.39083	0	3.41209	-0.0841	0	0	1.7379	-0.26587	17.9333	165.105	82.8953
HIS_171	-9.79478	2.13684	7.85665	-0.41428	0.05428	0.43306	4.49764	10.6672	0.11409	0.76289	-4.07723	-0.24187	0	0	0	0	-0.95291	0	0.02332	3.3468	0.14047	0	3.20634	-0.43519	0	0	0.8406	-0.58377	17.5801	238.276	2.72443
TYR_172	-7.55611	1.67084	5.07278	-0.80591	0.12929	0.12689	3.83597	7.9325	0	0	-3.63995	-0.4812	0	0	0	0	-0.54579	0	-0.01086	3.4327	0.00238	0	3.43032	-0.05867	0	0	1.7379	-0.67964	13.5934	186.194	61.806
GLY_173	-4.21142	0.79355	3.16622	-0.00126	0	0	2.62949	5.21324	0	0	-2.65597	-0.37886	0	0	0	0	0	0	0.03185	0	0	0	0	1.40716	0	0	1.435	1.88216	9.31117	164	0
GLU_174	-7.54245	1.99347	6.9131	-0.32394	0.1529	0.42192	4.37472	8.69652	0.0041	0.03618	-3.20866	-0.40564	0	0	0	0	-0.54579	0	3.70418	4.74509	0.46883	0	4.27626	0.24378	0	0	-1.6358	3.68206	26.0508	182.824	40.1759
LEU_175	-10.0892	2.75353	3.3027	-0.62075	0.63325	0.1945	3.30113	8.05257	0	0	-2.4208	0.18746	0	0	0	0	0	0	1.219	0.90913	0.12858	0.78055	0	-0.22897	0	0	1.3223	1.84256	11.2676	210	0
GLU_176	-6.57891	3.00866	8.29019	-0.20459	0.0533	0.24795	3.5746	9.02349	0.00151	0.0245	-0.58143	-0.35132	0	0	0	0	-0.03725	0	0.09581	4.84632	0.28861	0	4.55771	0.00061	0	0	-1.6358	0.37628	25.0002	187.391	35.6093
GLN_177	-6.05189	0.60834	5.04188	-0.64509	0.21884	0.78203	2.86673	6.83293	0.01402	0.1561	-3.46314	-1.03986	0	0	0	-0.72151	0	0	0.06707	4.11083	0.75066	0	3.36016	0.2509	0	0	-0.1077	1.09813	14.1294	146.468	70.5316
VAL_178	-8.57741	2.77704	2.91348	-0.26973	0.32219	0.05385	2.77942	7.4511	0.02279	0.22007	-1.28383	-0.27875	0	0	0	0	0	0	0.52781	5.42676	5.39977	0.02699	0	-0.49367	0	0	2.7371	2.91479	22.6698	182	0
TYR_179	-9.98559	1.07396	4.36895	-1.08256	0.20351	0.63391	3.3978	7.8206	0.01891	0.31294	-1.71069	-0.30618	0	0	0	0	0	0	0.57797	2.66289	0.64116	0	2.02173	-0.44181	0	0	1.7379	1.82854	13.774	245.319	2.68083
ALA_180	-4.67513	1.36268	3.01712	-0.02417	0.0003	0	2.86923	5.37148	0	0	-2.58644	-0.38845	0	0	0	0	0	0	-0.01837	0	0	0	0	0.49906	0	0	2.2619	0.25373	7.94294	138.973	14.0272
GLN_181	-7.37803	0.80013	5.74446	-0.37776	0.15414	0.19792	4.08637	7.83667	0.02523	0.17854	-3.30888	-0.13486	0	0	0	-0.23501	-0.57803	0	0.41657	6.53339	1.09006	0	5.44333	0.28451	0	0	-0.1077	0.33146	21.0025	214.567	2.4326
HIS_182	-5.60544	1.61467	4.52919	-0.41164	0.01224	0.43184	3.80642	6.35651	0.00012	0.0022	-3.04575	-0.29319	0	0	0	0	0	0	-0.06262	3.03489	0.00058	0	3.03432	0.13567	0	0	0.8406	-0.13033	14.2503	150.961	90.0394
PHE_183	-9.62949	2.77797	4.10094	-0.83603	0.35083	0.16174	3.38402	7.64708	0	0	-2.29056	-0.69026	0	0	0	0	0	0	0.33489	4.60192	0.57351	0	4.02841	-0.21177	0	0	1.9602	-0.5926	15.6708	228.209	8.79103
LEU_184	-4.93301	1.50467	3.75724	-0.54929	0.75317	0.11948	3.34382	5.94837	0	0	-2.91462	0.24969	0	0	0	0	0	0	0.45663	1.45706	0.31479	1.14227	0	-0.2318	0	0	1.3223	-0.10564	11.6351	105.778	104.222
GLY_185	-3.50852	1.16858	3.24721	-0.00098	0	0	2.73156	4.80792	0	0	-2.32967	-0.33041	0	0	0	0	0	0	-0.07738	0	0	0	0	0.8903	0	0	1.435	1.91517	9.94878	154.279	9.7212
LEU_186	-5.16193	1.20619	3.18941	-0.58805	0.62802	0.14927	2.69501	5.25368	0	0	-2.03357	0.26593	0	0	0	0	0	0	0.66045	1.26882	0.2045	1.06432	0	-0.28601	0	0	1.3223	2.08616	11.9245	135.589	74.4114
LYS_187	-4.99836	0.80064	5.25858	-0.33029	0.11157	0.17811	3.33187	6.14013	0	0	-2.94516	-0.22374	0	0	0	0	0	0	-0.07083	4.11315	1.05121	3.06195	0	0.42483	0	0	-0.8895	0.35739	15.3715	174.894	77.1057
GLY_188	-4.38162	4.49555	3.69461	-0.00111	0	0	3.09115	5.39103	0	0	-3.06039	-0.33369	0	0	0	0	0	0	0.05332	0	0	0	0	0.90238	0	0	1.435	1.60294	12.8892	163.278	0.721597
ARG_189	-6.03003	4.35024	5.98465	-0.8319	0.91456	0.56078	2.02332	6.44054	0	0	-1.49061	-0.13848	0	0	0	0	0	0	1.48971	7.76411	3.70716	4.05695	0	-0.26922	0	0	-0.1423	1.48786	29.8773	163.775	101.225
ILE_190	-4.24554	1.1396	3.13619	-0.61267	2.91593	0.17275	2.46302	4.403	0	0	-2.20037	-0.09151	0	0	0	0	0	0	0.03091	4.94886	3.93707	1.01179	0	-0.20696	0	0	1.8006	-0.32687	18.2758	100.45	106.55
GLY_191	-2.18168	0.72544	1.16188	-0.00041	0	0	0.35416	2.05847	0	0	-0.29874	-0.26169	0	0	0	0	0	0	0.31798	0	0	0	0	1.00767	0	0	1.435	0.92576	5.24382	107.074	56.9256
ILE_192	-4.71062	2.20604	3.16633	-0.54123	1.60539	0.17083	1.43525	4.87081	0	0	-0.02057	-0.55144	0	0	0	0	0	0	3.19452	12.0179	11.377	0.64098	0	1.70218	0	0	1.8006	4.4461	42.8101	104.675	102.325
ALA_193	-1.92647	1.51839	1.57294	-0.02241	0	0	0.57745	2.63639	0	0	1.54113	-0.37398	0	0	0	0	0	0	4.44913	0	0	0	0	0.96139	0	0	2.2619	4.68902	17.8849	39.8553	113.145
ALA_194	-2.12053	0.48341	1.87034	-0.02513	0.00132	0	0.2657	2.74965	0	0	0.90233	-0.40969	0	0	0	0	0	0	0.68706	0	0	0	0	0.25299	0	0	2.2619	0.99606	7.91541	74.9201	78.0799
ASP_195	-6.24286	1.00647	8.08866	-0.0971	0.00293	0.2996	4.13924	9.37924	0	0	-5.76422	0.12246	0	0	0	-0.32806	0	0	-0.04089	5.33954	1.09926	0	4.24028	-0.47155	0	0	-1.6204	0.13261	19.2852	162.654	22.3456
SER_196	-4.21183	0.27573	4.32083	-0.04106	0.00505	0.06262	2.92997	5.46002	2e-05	0.0001	-2.24846	-0.49738	0	0	0	0	0	0	0.00924	0.41677	0.23739	0.17939	0	-0.74927	0	4.04	-0.539	0.19976	9.8499	130.073	31.9265
LEU_197	-6.58451	4.01992	3.12574	-0.58604	1.42152	0.13018	3.03233	5.80894	0	0	-2.23736	0.29347	0	0	0	0	0	0	-0.12645	4.16494	3.1793	0.98564	0	-0.32079	0	0	1.3223	-0.26947	17.3597	167.784	42.2155
GLU_198	-7.11507	3.61708	8.27354	-0.23211	0.30235	0.39079	4.73126	8.92642	0.03805	0.38849	-5.14892	-0.51869	0	0	0	0	-0.9777	0	0.15573	7.49701	3.38889	0	4.10812	0.14963	0	0	-1.6358	-0.12023	26.2189	197.694	25.3058
SER_199	-3.83985	0.65635	3.9338	-0.05131	0.05361	0.07025	3.03913	5.10958	0	0	-2.12291	-0.24954	0	0	0	0	0	0	1.23816	4.00939	3.35299	0.6564	0	-0.28649	0	4.04	-0.539	-0.21616	18.8544	135.34	26.6598
ASP_200	-5.50472	1.72865	7.49149	-0.20169	0.0662	0.64285	4.53863	8.29763	0.0267	0.37258	-4.84406	-1.32318	0	0	0	0	-1.32315	0	-0.09311	3.27249	0.64974	0	2.62275	-1.13974	0	0	-1.6204	0.28682	13.9465	163.294	21.7059
LEU_201	-4.92566	0.97305	3.80557	-0.45375	0.30831	0.09377	2.9402	5.44523	0	0	-2.20019	-0.02351	0	0	0	0	0	0	1.76455	1.48036	0.4333	1.04706	0	-0.07994	0	0	1.3223	0.31435	12.245	127.222	82.7775
ARG_202	-9.88088	2.30751	9.17979	-0.44015	0.15724	0.26407	4.83859	11.2785	0	0	-4.73737	-0.08848	0	0	0	-0.0592	-1.32315	0	1.08401	5.18602	1.85195	3.33407	0	-0.14944	0	0	-0.1423	0.4567	23.1174	234.015	30.9846
LEU_203	-4.27053	1.52288	3.37648	-0.46204	0.73433	0.08949	3.04888	4.95772	0	0	-2.97083	0.05746	0	0	0	0	0	0	0.18531	1.36739	0.29251	1.07488	0	-0.26684	0	0	1.3223	0.36197	10.4213	109.662	100.338
ALA_204	-4.11405	1.29797	2.76225	-0.0216	0	0	3.04884	4.94148	0	0	-2.5678	-0.38747	0	0	0	0	0	0	0.10145	0	0	0	0	-0.20187	0	0	2.2619	-0.12239	6.99873	142.176	10.8237
LEU_205	-4.8122	1.06461	3.99543	-0.6098	0.56838	0.16771	3.41788	5.59586	0	0	-2.82695	0.27039	0	0	0	0	0	0	0.07838	1.57882	0.55014	1.02868	0	-0.23866	0	0	1.3223	0.24982	11.4008	121.339	88.6613
SER_206	-5.63255	1.01324	5.49365	-0.03254	0.02248	0.02488	3.846	6.66055	0.00497	0.05613	-2.98186	-0.81018	0	0	0	0	-0.57803	0	0.09019	2.66285	1.98165	0.6812	0	0.45199	0	4.04	-0.539	0.24854	16.7042	161.392	0.60815
ARG_207	-5.1618	1.24469	6.36562	-0.5699	0.36931	0.26905	3.55299	7.45511	0.01377	0.05445	-4.01485	0.40117	0	0	0	0	0	0	-0.01425	22.5461	19.1087	3.43742	0	-0.30097	0	0	-0.1423	-0.13356	54.4807	111.658	153.342
ASP_208	-6.92404	1.56781	8.05775	-0.28268	0.01423	0.97378	3.96388	9.13251	0.01378	0.05448	-4.04728	-1.24915	0	0	0	-0.9444	0	0	0.03627	6.00778	1.10665	0	4.90112	0.07758	0	0	-1.6204	-0.0599	20.7798	175.27	9.7304
THR_209	-5.33542	0.44764	4.50231	-0.23845	0.4823	0.09161	2.07282	7.10296	0.00841	0.09541	-0.60141	-0.38963	0	0	0	0	0	0	0.32382	1.30122	0.25762	1.0436	0	-0.06277	0	5.03545	-0.9333	0.16638	15.3706	131.602	42.398
GLY_210	-1.68799	0.46213	1.34717	-0.00017	0	0	0.55769	2.21085	0	0	0.60307	-0.26252	0	0	0	0	0	0	-0.34042	0	0	0	0	-2.21426	0	0	1.435	0.25979	2.37034	103.501	60.4988
GLY_211	-1.9763	0.22353	2.26716	-4e-05	0	0	1.2276	3.01395	0	0	-0.7114	-0.40365	0	0	0	-0.72151	0	0	0.12764	0	0	0	0	0.40829	0	0	1.435	1.39154	6.28181	113.226	50.7741
ALA_212	-4.46402	4.08512	3.5073	-0.0282	0.03076	0	2.2237	5.96532	0	0	-0.62865	-0.58781	0	0	0	0	0	0	0.05842	0	0	0	0	0.36397	0	0	2.2619	2.34064	15.1285	126.418	26.5823
ARG_213	-5.32821	2.2845	4.22067	-0.45733	0.2303	0.25652	1.87455	5.69061	0	0	-1.96631	0.35632	0	0	0	-0.36198	0	0	0.80945	4.6953	2.13882	2.55648	0	-0.01983	0	0	-0.1423	2.25598	19.0935	155.282	109.718
GLY_214	-3.74564	5.45888	2.83196	-5e-05	0	0	2.4928	5.02092	0.02279	0.22007	-1.54803	-0.30024	0	0	0	0	0	0	1.05631	0	0	0	0	1.39092	0	0	1.435	2.25816	16.5939	164	0
GLY_215	-3.36771	6.69373	2.90449	-0.00011	0	0	1.47226	4.46494	0	0	0.3401	-0.25684	0	0	0	0	0	0	-0.09826	0	0	0	0	-1.20791	0	0	1.435	3.25084	15.6305	149.851	14.149
ARG_216	-4.19813	3.34902	4.92865	-0.86535	0.41891	0.55624	1.62434	5.56763	0	0	-1.98886	0.51525	0	0	0	0	-0.00048	0	-0.0121	6.80638	3.56476	3.24162	0	-0.05837	0	0	-0.1423	1.73024	25.0375	122.193	142.807
ILE_217	-8.5414	2.80716	4.31924	-0.46412	0.76395	0.09744	2.99305	7.28472	1e-05	3e-05	-1.61819	0.05312	0	0	0	-0.9444	0	0	0.36262	3.34904	2.726	0.62304	0	-0.49032	0	0	1.8006	-0.13767	14.9839	206.392	0.60815
ASP_218	-5.69137	0.83811	8.05904	-0.24525	0.04809	0.81077	4.26673	9.21043	0.00362	0.01957	-3.60308	-0.83084	0	0	0	-0.69414	-0.06022	0	0.206	7.86388	3.39201	0	4.47187	-1.28834	0	0	-1.6204	0.36815	25.5246	165.945	19.0554
ASN_219	-8.64744	1.50118	8.61559	-0.29392	0.01041	0.47403	4.52113	10.8522	0.00591	0.06392	-4.00108	-0.22998	0	0	0	-0.68821	0	0	0.85942	4.64785	0.61595	0	4.03189	0.64316	0	0	-0.3009	0.35414	23.0353	183.392	0.60815
ARG_220	-6.43003	1.42216	7.52643	-0.62941	0.21111	0.44855	4.51057	8.80856	0.03548	0.15791	-3.90614	0.04978	0	0	0	0	-0.06022	0	1.5896	8.52108	4.76617	3.75491	0	0.22951	0	0	-0.1423	0.23702	31.1008	125.992	139.008
SER_221	-4.9571	0.58093	4.16851	-0.04214	0.11365	0.06472	3.46849	5.70466	0.02764	0.26652	-2.51327	0.24041	0	0	0	0	0	0	3.63623	4.06759	2.83281	1.23477	0	0.74908	0	4.04	-0.539	0.17378	23.3183	152.167	9.8326
PHE_222	-7.39932	2.68351	4.06342	-0.79856	0.24718	0.0873	3.4669	7.20051	0.03345	0.1321	-2.90875	-0.59811	0	0	0	0	0	0	0.23995	4.54664	0.27595	0	4.2707	-0.34161	0	0	1.9602	-0.30481	16.8566	163.375	73.625
SER_223	-6.6917	2.14547	5.5443	-0.03548	0.01259	0.04735	4.35545	7.49741	0.00884	0.03713	-2.32484	-0.07771	0	0	0	-0.3239	0	0	0.02567	0.53317	0.45891	0.07426	0	-0.39913	0	4.04	-0.539	0.97423	15.363	161.488	0.512343
GLY_224	-4.12633	1.14089	3.18082	-0.00126	0	0	2.61314	5.29038	0	0	-2.71783	-0.34624	0	0	0	0	0	0	0.0661	0	0	0	0	0.53863	0	0	1.435	2.73129	9.80458	156.708	7.29216
SER_225	-4.32458	1.96052	4.3511	-0.04974	0.0141	0.07398	3.33671	5.66414	0.0295	0.45573	-2.13069	-0.64171	0	0	0	0	0	0	0.0134	0.28191	6e-05	0.28185	0	-0.64767	0	4.04	-0.539	1.04735	13.217	139.978	22.0215
LEU_226	-4.93073	2.94921	3.12598	-0.58191	6.69278	0.13384	3.25058	5.18017	0.01542	0.05975	-2.45186	0.30795	0	0	0	0	0	0	-0.10649	5.95087	4.92163	1.02924	0	-0.2393	0	0	1.3223	0.09213	26.7215	122.91	87.0897
THR_227	-5.85845	0.99318	4.69218	-0.18199	0.31344	0.06857	3.17625	7.05121	0.06886	0.87369	-2.43961	-0.55328	0	0	0	0	0	0	0.52805	0.23671	0.01674	0.21997	0	-0.10802	0	5.0399	-0.9333	0.49449	13.6986	155.626	18.3736
TYR_228	-6.39191	1.06796	3.52442	-0.76907	1.80238	0.17269	3.21795	6.20162	0.03814	0.12764	-2.66873	-0.24716	0	0	0	0	0	0	0.04383	4.42752	0.02474	0	4.40278	0.04483	0	0	1.7379	0.40801	17.1655	153.329	94.6706
ARG_229	-5.81193	0.49566	5.95525	-0.95312	0.50418	0.63282	3.80932	7.54707	2e-05	0.0001	-4.77111	0.37348	0	0	0	0	-0.9777	0	-0.1603	4.42039	0.9257	3.49469	0	0.35426	0	0	-0.1423	0.41073	16.1072	157.822	107.178
LEU_230	-6.70138	1.59618	4.28584	-0.49947	0.80912	0.09948	2.28503	6.35548	0.02272	0.06789	-1.90445	0.35238	0	0	0	0	0	0	0.27016	1.86351	1.34121	0.5223	0	-0.53354	0	0	1.3223	-0.30039	11.2544	174.354	35.6462
ARG_231	-3.1485	0.70002	3.77462	-0.78988	0.41009	0.55793	2.04104	4.31158	0	0	-2.17908	0.45949	0	0	0	-0.32806	0	0	-0.11384	2.49668	0	2.49668	0	-0.16626	0	0	-0.1423	-0.60935	9.77086	80.4578	184.542
ASN_232	-4.16648	0.57712	3.50133	-0.36355	0.20829	0.71666	2.08066	4.55015	0.00662	0.0331	-0.14612	-0.66854	0	0	0	0	-0.42367	0	0.1811	3.42724	0.05653	0	3.37071	-1.02714	0	0	-0.3009	-0.12308	11.49	117.294	66.7058
GLY_233	-3.08231	0.32683	3.34732	-6e-05	0	0	1.99548	4.33298	0	0	-1.88555	-0.36411	0	0	0	0	0	0	-0.31889	0	0	0	0	-2.49367	0	0	1.435	-0.73753	2.5555	143.025	20.9747
GLN_234	-6.46962	0.60269	5.0083	-0.28575	0.04777	0.22302	3.75882	6.44976	0	0	-1.59794	-0.26831	0	0	0	0	-0.42367	0	0.06059	5.27723	0.3189	0	4.95833	-0.11748	0	0	-0.1077	-1.14182	16.2931	173.108	43.8923
ALA_235	-4.89269	1.87929	3.02085	-0.02336	0	0	3.11538	5.67835	0	0	-2.0263	-0.40584	0	0	0	0	0	0	0.00283	0	0	0	0	-0.08618	0	0	2.2619	-0.05682	8.46741	150.181	2.81906
PHE_236	-5.59497	0.93587	2.87986	-0.61236	0.15631	0.36503	2.98282	5.21866	0	0	-3.07635	0.08299	0	0	0	0	0	0	0.97965	3.61094	0.85388	0	2.75706	-0.05208	0	0	1.9602	0.07137	13.5189	138.962	98.0382
GLY_237	-3.12004	0.5781	3.16301	-0.00094	0	0	2.72713	4.38849	0	0	-2.03725	-0.35028	0	0	0	0	0	0	-0.07413	0	0	0	0	1.40001	0	0	1.435	1.9074	10.0165	152.776	11.2239
LEU_238	-4.5803	0.89779	3.18345	-0.56817	0.47138	0.13462	3.10333	4.97508	0.00148	0.03025	-2.77142	0.18102	0	0	0	0	0	0	-0.06797	1.26441	0.17142	1.09299	0	-0.18506	0	0	1.3223	2.21493	10.8715	133.535	76.4651
GLY_239	-4.36729	0.60555	3.62732	-0.00118	0	0	3.10786	5.4407	0	0	-2.47715	-0.35492	0	0	0	0	0	0	-0.11763	0	0	0	0	1.37897	0	0	1.435	2.06494	10.3422	161.741	2.25863
TYR_240	-7.92318	1.65077	4.48489	-0.77738	0.08765	0.08249	3.39622	7.58134	0	0	-2.43391	-0.49077	0	0	0	0	0	0	2.29032	3.58765	0.12369	0	3.46396	-0.22977	0	0	1.7379	1.93929	18.5712	170.521	77.4789
GLN_241	-10.5532	4.21263	8.97341	-0.30178	0.04327	0.13759	5.84721	11.7971	0.02957	0.18934	-5.22635	-0.10599	0	0	0	-0.6613	0	0	0.81516	5.08139	0.71964	0	4.36175	-0.17548	0	0	-0.1077	0.7212	25.7974	217	0
ARG_242	-6.00738	1.59727	5.81058	-0.60645	1.40336	0.29462	3.24254	6.90248	0.03027	0.27556	-2.85936	0.62163	0	0	0	0	0	0	0.17914	17.5817	13.5748	4.00687	0	-0.31373	0	0	-0.1423	1.22552	46.8171	133.13	131.87
MET_243	-9.74591	2.39316	5.60549	-0.57894	0.14497	0.25878	3.37833	7.83261	0	0	-2.21647	-0.37362	0	0	0	0	0	0	0.18932	6.17165	2.43728	3.73437	0	0.34141	0	0	1.4633	0.44125	21.477	258.959	3.04075
SER_244	-3.6875	0.48202	5.08498	-0.03009	0.00138	0.01974	3.12765	5.84274	0.00476	0.03276	-2.47548	-0.58852	0	0	0	0	0	0	1.18295	0.98468	0.13334	0.85133	0	-0.27253	0	4.04	-0.539	-0.10806	14.0871	110.859	51.1414
GLY_245	-2.42813	0.18708	2.48858	-0.00054	0	0	1.01082	3.3805	0	0	-0.59025	-0.202	0	0	0	0	0	0	-0.14935	0	0	0	0	-2.51134	0	0	1.435	0.11848	2.73885	137.332	26.6677
ASP_246	-3.62785	2.31338	5.32312	-0.12325	0.03282	0.40961	2.65983	6.05359	0	0	-3.79439	0.08971	0	0	0	0	-0.00048	0	-0.01886	2.98277	0.11038	0	2.87239	-0.26653	0	0	-1.6204	-0.2078	13.188	105.878	79.1222
HIS_247	-9.00824	1.99277	8.15966	-0.41572	0.00184	0.51629	3.95616	10.9368	0.00673	0.05911	-2.32416	0.36681	0	0	0	-1.38236	0	0	0.09448	3.20219	0.00878	0	3.19341	-0.22249	0	0	0.8406	-0.1736	19.809	223.783	17.2165
GLY_248	-4.42367	1.06523	2.95317	-0.00027	0	0	0.96932	4.56223	0	0	-0.86071	-0.16599	0	0	0	0	0	0	0.72915	0	0	0	0	-1.18594	0	0	1.435	0.33922	5.41675	164	0
PHE_249	-8.89189	2.59178	2.20003	-0.79113	0.09201	0.17733	1.75774	5.30723	0	0	-0.41692	-0.5177	0.35935	0	0	0	0	0	-0.1578	3.25435	0.00064	0	3.25371	-0.19421	0	0	1.9602	2.92977	12.9145	229.825	7.17505
PRO_250	-6.50109	1.06442	1.79011	-0.22035	0.04407	0.16181	1.03883	2.6745	0	0	-0.48936	-0.09952	0.37781	0	0	-0.23501	0	0	0.03226	0.42307	0.23357	0.1895	0	0.57543	0	0	-4.6787	3.98789	0.36922	199	0
TYR_251	-8.96543	2.85766	3.90211	-0.78876	0.28605	0.4515	3.32321	6.45963	0.01584	0.09715	-1.56057	-0.42432	0	0	0	0	0	0	2.20595	3.11239	0.30174	0	2.81065	-0.58271	0	0	1.7379	1.77155	17.0115	236.804	11.1964
LEU_252	-7.34518	0.78082	2.1761	-0.48004	0.56453	0.08881	2.28496	5.52779	0.00931	0.03715	-1.37378	0.33476	0	0	0	0	0	0	2.05556	1.21134	0.6482	0.56313	0	-0.42391	0	0	1.3223	0.06915	8.05101	210	0
GLU_253	-4.99576	1.05347	4.88096	-0.21981	0.05757	0.28327	1.90847	6.09819	0.01894	0.10815	-1.38098	-0.38779	0	0	0	0	0	0	-0.17392	4.89478	0.27042	0	4.62436	0.00073	0	0	-1.6358	-0.17914	15.2261	160.568	62.4322
GLY_254	-2.17615	0.1267	2.02744	-6e-05	0	0	0.92627	2.7636	0.03832	0.2738	-0.7713	-0.38578	0	0	0	0	0	0	-0.19432	0	0	0	0	-2.44659	0	0	1.435	-0.60528	1.01166	140.913	23.0874
THR_255	-6.21802	1.34992	4.08167	-0.13286	0.16481	0.08993	2.43931	6.16469	0.01436	0.08886	-1.26564	-1.03732	0	0	0	0	0	0	2.82316	1.62116	1.43436	0.18679	0	-0.5462	0	5.01281	-0.9333	-1.27504	14.0635	167.31	6.68965
ASP_256	-5.50475	1.01475	6.37547	-0.10846	0.02369	0.31521	2.6426	7.2929	0.00332	0.01005	-2.3785	-0.0199	2.66904	0	0	0	0	0	-0.06621	2.86633	0.0036	0	2.86273	0.4949	0	0	-1.6204	2.91526	19.7917	158.394	26.6059
PRO_257	-6.31489	2.75971	2.18095	-0.22009	0.10326	0.16517	1.10055	2.41338	0	0	-0.92453	-0.242	2.80599	0	0	0	0	0	-0.06903	1.16606	0.46856	0.6975	0	-0.45401	0	0	-4.6787	3.20292	4.1608	193.718	5.28174
TYR_258	-7.27389	1.72795	3.54012	-0.83751	0.34308	0.40732	1.18351	5.46996	0.02653	0.37179	-0.55569	-0.37456	0	0	0	-0.0592	0	0	-0.05336	3.91618	0.17676	0	3.73942	0.49173	0	0	1.7379	1.45665	15.4347	215.32	32.6799
LEU_259	-7.9824	2.36996	2.77404	-0.43495	0.34215	0.07762	1.76418	5.72727	0.00924	0.12667	-1.36066	0.04974	0	0	0	0	0	0	0.05572	1.16883	0.28934	0.87949	0	-0.02248	0	0	1.3223	1.32925	8.48531	201.261	8.73903
VAL_260	-6.69398	2.30206	3.57404	-0.3003	0.62738	0.06737	2.15735	6.84628	0	0	-1.16353	0.30441	0	0	0	-0.3239	0	0	0.08932	12.1971	11.157	1.04004	0	-0.13779	0	0	2.7371	-0.24323	34.2367	158.05	23.9501
ASN_261	-9.11444	2.10633	7.08509	-0.18105	0.11099	0.30953	3.45224	9.83931	0.00884	0.03713	-1.16932	-0.38459	0	0	0	-0.24608	-0.5256	0	0.08141	5.30781	0.3572	0	4.95061	-0.9562	0	0	-0.3009	0.3802	21.1485	184	0
PHE_262	-6.79174	1.09864	4.48562	-0.86948	0.1064	0.21547	2.12618	6.44951	0.00924	0.12667	-1.16486	-0.4248	0	0	0	0	0	0	-0.1285	6.00559	2.3241	0	3.68149	-0.24433	0	0	1.9602	0.50167	19.4671	184.931	52.0691
GLY_263	-4.17651	0.56798	3.85697	-0.00031	0	0	2.01552	5.80924	0	0	-0.99264	-0.17672	0	0	0	0	0	0	0.10049	0	0	0	0	-1.69448	0	0	1.435	0.17749	6.92204	163.392	0.60815
GLN_264	-7.72701	0.66868	8.68942	-0.37635	0.15777	0.26189	3.49301	9.90443	0.05435	0.50698	-2.66101	-0.68415	0	0	0	-0.83859	-0.89871	0	-0.11502	5.84782	0.31323	0	5.53459	-0.3902	0	0	-0.1077	-0.16693	21.4665	203.908	13.0919
TYR_265	-6.80584	1.94355	3.79474	-0.92577	0.09511	0.3432	2.48044	6.14457	0.04971	0.44062	-2.39041	-0.1901	0	0	0	-1.51479	0	0	0.62676	3.16763	0.00041	0	3.16722	-0.4435	0	0	1.7379	1.08733	12.8088	211.513	36.487
ASN_266	-7.99485	2.05235	8.0687	-0.19976	0.01408	0.33478	4.72518	10.5177	0.00667	0.09216	-2.9899	-0.27586	0	0	0	-0.92652	-0.30912	0	0.4504	5.18362	0.00052	0	5.1831	0.35416	0	0	-0.3009	1.44445	25.4309	183.392	0.60815
ASP_267	-7.34761	1.38994	9.00037	-0.22021	0.08612	0.76453	4.42224	10.6754	0	0	-3.86398	-2.61262	0	0	0	-0.03986	-1.34706	0	0.31801	3.6905	0.34156	0	3.34894	-0.03657	0	0	-1.6204	0.02565	16.975	185	0
PHE_268	-10.9736	3.31175	6.04686	-0.64673	0.24258	0.37914	3.59744	9.50643	0.03321	0.29239	-1.26479	-0.5492	0	0	0	-0.37536	0	0	0.91155	3.25602	0.06128	0	3.19474	0.60522	0	0	1.9602	1.23876	20.8278	237	0
ALA_269	-6.04779	1.81433	4.44425	-0.02862	0.03468	0	1.53884	7.21367	0.01774	0.16163	-1.3944	-0.46132	0	0	0	0	0	0	2.37929	0	0	0	0	0.27777	0	0	2.2619	2.26595	14.4779	153	0
GLU_270	-8.0994	1.71237	9.30949	-0.41273	0.15377	0.71998	4.30394	9.861	0.0903	0.47731	-4.79553	-0.43732	0	0	0	-0.02503	-0.99552	0	0.19624	4.46118	0.21103	0	4.25015	0.14008	0	0	-1.6358	0.7082	20.1937	222.488	0.512343
ALA_271	-5.16099	0.82445	3.95354	-0.02484	0.0001	0	2.24598	6.59855	0	0	-1.47456	-0.22774	0	0	0	0	0	0	0.76007	0	0	0	0	-0.01785	0	0	2.2619	-0.3375	9.4011	152.106	0.893609
GLY_272	-3.16948	0.17944	3.42096	-5e-05	0	0	1.50328	4.65707	0	0	-0.36418	-0.39361	0	0	0	0	0	0	0.73574	0	0	0	0	-2.31823	0	0	1.435	-0.06953	5.61642	141.618	22.3821
GLU_273	-9.48574	1.53852	11.5892	-0.30132	0.14866	0.35025	5.40556	13.0378	0.01331	0.19394	-2.69023	-0.24098	0	0	0	-0.02503	0	0	1.55749	4.03846	0.02216	0	4.0163	0.07956	0	0	-1.6358	-0.29631	27.3159	223	0
SER_274	-5.02351	1.30743	5.55211	-0.03555	0.00093	0.0229	3.4284	6.68479	0	0	-2.44954	-0.55019	0	0	0	0	0	0	-0.02904	1.07881	0.53723	0.54157	0	0.26369	0	4.04	-0.539	-0.21254	14.6185	154.571	7.42927
SER_275	-6.0227	1.85714	6.11376	-0.04655	0.00812	0.06986	4.13857	7.56071	0.06278	0.48173	-2.71306	-0.54042	0	0	0	0	0	0	0.03423	0.41135	0.14984	0.26151	0	-0.66979	0	4.04	-0.539	-0.18913	14.4689	162	0
TRP_276	-6.19445	1.28784	3.30178	-0.81092	0.03047	0.26126	3.00869	5.72212	0	0	-2.58216	-0.17621	0	0	0	0	0	0	0.03399	2.71487	0.61593	0	2.09894	-0.32868	0	0	3.7077	-0.42994	12.2612	128.711	141.289
GLN_277	-8.93203	2.65735	6.60822	-0.39687	0.30142	0.26336	4.69605	8.97742	0.05198	0.64828	-3.93236	0.07427	0	0	0	0	-0.5256	0	1.87069	7.79105	1.30931	0	6.48174	0.04727	0	0	-0.1077	-0.16659	27.7173	206.137	10.8631
LEU_278	-4.21207	1.13335	3.39427	-0.5748	2.25844	0.12764	3.17263	5.01949	0	0	-2.82415	0.27763	0	0	0	0	0	0	0.28752	11.3811	9.18199	2.19912	0	-0.25491	0	0	1.3223	-0.21674	31.6728	96.3943	113.606
ARG_279	-7.76461	1.37305	7.9301	-0.53717	0.349	0.29055	4.63797	8.40024	0.01841	0.29745	-5.16435	0.52649	0	0	0	0	-1.31294	0	0.04794	5.88309	2.81641	3.06668	0	-0.37337	0	0	-0.1423	-0.27945	20.0632	183.575	81.4248
TYR_280	-7.70544	1.84024	5.18773	-0.85466	0.12239	0.2046	3.77709	7.67527	0.03458	0.24267	-2.39021	-0.51644	0	0	0	0	0	0	0.77316	3.5187	0.3773	0	3.1414	-0.12734	0	0	1.7379	-0.05312	16.9858	182.617	65.3831
ASP_281	-6.29224	1.86125	7.57498	-0.10983	0	0.32887	4.76778	9.11083	0.03458	0.24266	-5.67508	-0.09293	0	0	0	0	-1.31294	0	0.19624	5.49061	0.00363	0	5.48698	1.39881	0	0	-1.6204	0.31294	21.7067	154.83	30.1702
CYS_282	-6.26377	1.0959	3.60624	-0.06322	0.00072	0.04493	2.72488	5.25783	0.00034	0.00107	-2.31766	-0.44635	0	0	0	0	0	0	0.822	0.28569	0.00871	0.27699	0	-0.4334	0	0	4.3148	0.63121	9.5469	147.087	8.91301
ASP_283	-5.01748	0.65955	5.15909	-0.17231	0.0683	0.54199	3.39158	6.56608	0.02672	0.24564	-2.50451	-1.46166	0	0	0	-0.53718	0	0	-0.1108	3.58331	0.21533	0	3.36799	0.28313	0	0	-1.6204	0.34478	13.0292	135.503	49.4971
PHE_284	-9.36295	2.25025	4.36924	-0.6251	0.06841	0.35125	3.28969	7.50719	0.00034	0.00106	-3.67363	0.02259	0	0	0	0	0	0	-0.15946	2.83846	0.22119	0	2.61727	-0.03176	0	0	1.9602	0.25855	11.9028	192.645	44.355
ALA_285	-4.91173	4.57404	4.4857	-0.01695	0	0	2.89438	6.6175	0	0	-1.62916	-0.2714	2.35531	0	0	-0.53718	0	0	0.06695	0	0	0	0	0.50561	0	0	2.2619	4.81115	21.2061	116.213	36.7872
PRO_286	-3.82571	1.50702	2.02779	-0.13894	0.07409	0.08789	0.28684	2.28392	0	0	-0.49293	0.48029	2.42419	0	0	0	0	0	0.0342	0.64737	0.47873	0.16863	0	-0.80639	0	0	-4.6787	6.62947	7.18777	105.27	93.7298
LEU_287	-4.56604	2.25039	2.49189	-0.50621	0.82718	0.13432	1.85984	4.00403	0	0	0.12313	0.05222	0	0	0	0	0	0	1.93622	1.05813	0.60753	0.4506	0	0.36666	0	0	1.3223	3.1509	15.5631	99.6543	110.346
GLY_288	-2.13302	0.29429	1.9695	-9e-05	0	0	1.46148	2.74217	0	0	-0.69549	-0.28193	0	0	0	0	0	0	0.74197	0	0	0	0	-2.48819	0	0	1.435	3.10265	6.14833	108.272	55.7281
VAL_289	-5.13231	0.92884	3.78692	-0.30141	0.51962	0.07639	2.25549	5.72565	0	0	-1.83896	-0.74925	2.32902	0	0	0	0	0	0.20354	5.78557	5.29477	0.4908	0	0.42275	0	0	2.7371	4.82174	27.3563	108.461	73.5389
PRO_290	-4.41778	2.24558	2.16822	-0.19423	0.00664	0.14145	0.94416	3.17287	0	0	-0.0232	0.01579	2.34204	0	0	0	0	0	0.39958	1.15817	0.04646	1.1117	0	-1.564	0	0	-4.6787	2.11751	4.99226	130.231	68.7686
GLY_291	-3.68169	2.44327	2.97059	-7e-05	0	0	1.80175	4.58584	0.02798	0.23434	-1.38582	-0.3969	0	0	0	0	0	0	-0.2666	0	0	0	0	-2.46941	0	0	1.435	-1.16218	4.13609	140.876	23.1235
LEU_292	-7.37482	4.46207	3.4959	-0.56964	1.18879	0.13344	3.05073	6.28333	0	0	-2.45249	0.33778	0	0	0	0	0	0	0.10829	1.58749	0.8373	0.75019	0	-0.61131	0	0	1.3223	-0.59703	11.9523	171.3	38.6996
SER_293	-4.47027	1.65618	4.42228	-0.05038	0.01628	0.07191	3.04679	5.71597	0.01027	0.03503	-2.2914	-0.50694	0	0	0	0	0	0	0.14131	0.78992	0.39201	0.39791	0	-0.51291	0	4.04	-0.539	-0.33202	12.0329	127.796	34.2041
LEU_294	-5.43862	0.54964	3.27881	-0.63783	1.04115	0.24678	2.81692	5.28732	0	0	-2.57471	-0.09411	0	0	0	0	0	0	0.1367	6.69	4.84089	1.84911	0	0.30717	0	0	1.3223	0.23986	19.8614	148.347	61.6529
MET_295	-9.22092	3.00898	7.38984	-0.68889	0.32081	0.29328	3.2887	8.10759	0	0	-2.8441	-0.18177	0	0	0	0	0	0	0.40461	2.99108	0.05213	2.93894	0	-0.2302	0	0	1.4633	0.5045	17.5979	245.341	16.6594
THR_296	-5.64695	2.46698	4.82351	-0.12835	0.12389	0.05526	3.38074	6.43984	0.0348	0.47052	-2.72384	-0.9301	0	0	0	0	0	0	-0.02006	5.72744	4.77994	0.9475	0	-0.08058	0	5.04254	-0.9333	0.18419	24.014	143.906	30.0943
ARG_297	-10.2258	2.5798	8.26247	-0.56438	0.2074	0.37106	4.5591	9.41478	0.03357	0.35083	-2.80356	0.09935	0	0	0	0	-0.55692	0	0.13416	4.37872	1.17008	3.20863	0	-0.24672	0	0	-0.1423	0.08754	20.3178	233.641	31.3587
TYR_298	-6.75929	1.67498	4.44046	-0.78273	0.06466	0.11552	3.15993	6.70814	0.0352	0.31476	-2.54673	-0.50198	0	0	0	0	0	0	0.00013	3.21955	0.08324	0	3.13632	-0.21286	0	0	1.7379	-0.03195	13.8552	166.944	81.0559
PHE_299	-11.4976	4.89742	4.21866	-0.60887	0.12189	0.36687	2.99001	8.57729	0.0352	0.31476	-2.99724	0.09641	0	0	0	0	0	0	0.13227	4.57084	2.04119	0	2.52965	-0.32206	0	0	1.9602	-0.42685	17	237	0
SER_300	-3.77146	0.94658	3.71479	-0.03899	0.03324	0.05745	2.80437	4.84244	0.01226	0.11118	-2.62797	0.13149	0	0	0	0	0	0	-0.04914	0.89948	0.34506	0.55442	0	0.25947	0	4.04	-0.539	-0.17155	11.5541	113.715	48.2854
GLY_301	-3.95944	0.88462	3.71495	-0.00062	0	0	2.90481	5.0574	0	0	-3.64107	-0.3015	0	0	0	0	0	0	-0.11504	0	0	0	0	1.46267	0	0	1.435	2.21917	9.66097	163.392	0.60815
HIS_302	-5.57309	0.92254	5.78393	-0.8233	0.0598	1.06211	2.93827	7.22996	0	0	-1.47671	-0.18319	0	0	0	0	0	0	0.04245	2.59624	0.0758	0	2.52044	-0.56922	0	0	0.8406	2.21883	17.6654	152.355	88.6453
GLY_303	-2.93128	0.15882	3.16352	-5e-05	0	0	1.19137	4.26283	0.06063	0.36754	0.17164	-0.41766	0	0	0	0	0	0	0.19781	0	0	0	0	-2.1161	0	0	1.435	-0.41778	5.12629	127.352	36.6478
ALA_304	-6.14196	2.20243	2.77419	-0.02517	6e-05	0	1.75845	5.64076	0	0	-1.00927	-0.22827	0	0	0	0	0	0	-0.01534	0	0	0	0	0.04845	0	0	2.2619	-1.48062	5.78561	151.784	1.2163
LYS_305	-3.53971	0.60601	3.82277	-0.48069	0.25683	0.30181	1.81098	4.593	0.10089	0.37036	-1.71134	-0.25155	4.75235	0	0	0	0	0	0.06815	3.74811	0.27149	3.47662	0	0.25565	0	0	-0.8895	2.33818	19.9004	118.279	133.721
PRO_306	-5.43179	3.23647	3.11726	-0.20853	0.10245	0.15851	1.01049	3.33226	0	0	-1.21121	-0.09533	4.75996	0	0	0	0	0	0.16446	1.58337	0.72926	0.85411	0	-1.54494	0	0	-4.6787	2.48229	8.36039	184.529	14.4706
LYS_307	-3.90797	0.51194	5.47982	-0.49749	0.11721	0.33889	2.9059	6.11192	0.20894	0.89458	-1.48489	0.14014	0	0	0	0	0	0	0.32804	6.21205	1.53121	4.68084	0	0.04816	0	0	-0.8895	-1.02798	21.7018	177.53	74.4704
GLY_308	-0.72455	0.08496	0.90922	-5e-05	0	0	0.12434	1.17739	0	0	0.06534	-0.40869	0	0	0	0	0	0	-0.14812	0	0	0	0	-2.08217	0	0	1.435	-0.09504	0.33763	81.6393	82.3607
ALA_309	-2.50649	0.60676	1.96207	-0.02015	0	0	0.88757	3.14121	0	0	0.31743	-0.30825	0	0	0	0	0	0	0.02877	0	0	0	0	0.20472	0	0	2.2619	0.54717	7.1227	104.872	48.1276
ASP_310	-1.64177	0.14793	2.01489	-0.12081	0	0.33409	0.67337	2.58062	0	0	0.07079	-0.88389	0	0	0	0	0	0	0.28528	7.79033	2.39747	0	5.39287	0.73735	0	0	-1.6204	0.47103	18.6291	54.3823	130.618
GLY_311	-2.65487	0.37077	2.1367	-0.00045	0	0	0.76667	3.13806	0	0	0.35374	-0.18405	0	0	0	0	0	0	0.70609	0	0	0	0	-2.51159	0	0	1.435	0.48456	4.04062	133.55	30.4497
SER_312	-4.60743	0.68027	3.59353	-0.03917	0.02634	0.04425	2.15718	5.27887	0.06063	0.36754	-0.14493	0.29048	0	0	0	0	0	0	0.06851	1.51529	1.27026	0.24502	0	-0.53763	0	4.04	-0.539	2.11495	15.885	122.121	39.8794
ARG_313	-4.48513	0.63626	3.82348	-0.64232	0.51246	0.38768	2.02224	4.95543	0	0	-1.67118	0.07516	0	0	0	0	0	0	0.39444	4.23173	1.16429	3.06744	0	-0.18014	0	0	-0.1423	1.55953	15.7091	98.2929	166.707
GLU_314	-7.78442	1.26065	9.00052	-0.34923	0.17281	0.46314	5.13579	9.97199	0.0784	0.79225	-1.68083	-0.60634	0	0	0	0	-0.30912	0	0.03008	4.1425	0.09822	0	4.04428	0.23875	0	0	-1.6358	0.99999	24.0637	218.155	4.8454
TRP_315	-8.17583	1.65598	4.3319	-1.33706	0.19007	0.64855	3.24296	6.81802	0	0	-2.48063	-0.2906	0	0	0	0	0	0	0.05626	2.19304	0.00233	0	2.19071	-0.7389	0	0	3.7077	1.60128	13.6158	170.851	99.1494
GLU_316	-9.60223	2.20986	10.7251	-0.24663	0.0684	0.2386	6.96675	12.2899	0	0	-5.93331	-0.17059	0	0	0	-1.91501	0	0	0.75239	4.38371	0.26656	0	4.11715	-0.30991	0	0	-1.6358	1.13334	23.3383	223	0
ARG_317	-5.58513	1.40421	5.15352	-0.72073	0.85038	0.42099	3.03269	6.44182	0	0	-2.33213	0.41915	0	0	0	0	0	0	0.26577	15.3628	11.7129	3.64993	0	0.21805	0	0	-0.1423	0.79304	40.9449	136.324	128.676
ASP_318	-7.31155	0.85321	9.96047	-0.10915	0.01662	0.33341	6.43476	10.9145	0	0	-5.98527	0.13378	0	0	0	-0.83859	-0.55692	0	0.4943	2.96087	0.06522	0	2.89565	1.24933	0	0	-1.6204	0.28329	20.1735	183.975	1.02469
SER_319	-3.65072	0.80347	4.18095	-0.03324	0.00091	0.02108	3.03508	5.20852	0.06652	0.83433	-2.76452	-0.57308	0	0	0	0	0	0	1.75816	1.25295	0.4171	0.83585	0	-0.00981	0	4.04	-0.539	0.2325	15.117	124.705	37.2949
ASP_320	-5.6132	1.52811	7.42991	-0.22233	0.10445	0.70956	4.60624	8.13342	0.03064	0.24108	-4.5511	-1.01445	0	0	0	0	-0.49581	0	0.26694	5.59679	1.75648	0	3.84031	0.15502	0	0	-1.6204	0.39453	21.2762	173.181	11.8192
LEU_321	-5.03302	0.99857	3.94376	-0.53423	1.02439	0.10142	3.48134	5.82243	0	0	-2.42316	0.27249	0	0	0	0	0	0	0.42488	2.09422	0.90173	1.19249	0	-0.09341	0	0	1.3223	0.45784	13.954	132.939	77.0607
ARG_322	-7.08546	6.23408	6.71538	-0.5592	0.78586	0.33509	4.93609	8.2742	0.0024	0.01323	-4.18908	0.00349	0	0	0	0	-0.49581	0	0.99586	5.07049	1.44646	3.62403	0	-0.33389	0	0	-0.1423	-0.32199	25.3089	149.074	115.926
TYR_323	-7.89381	5.19731	4.0502	-0.72752	0.09089	0.04419	3.45012	7.57633	0.04298	0.31199	-2.82979	-0.46389	0	0	0	0	0	0	0.03251	3.34125	0.47965	0	2.8616	-0.3391	0	0	1.7379	-0.10264	16.8602	179.696	68.3041
VAL_324	-5.80787	1.11999	3.76572	-0.28423	0.37555	0.0623	2.92904	6.63201	0	0	-2.01511	-0.33892	0	0	0	-0.4096	0	0	0.02735	0.9495	0.70356	0.24594	0	-1.17706	0	0	2.7371	-0.10718	9.4081	113.067	68.9325
LEU_325	-6.48142	3.85716	3.89033	-0.52049	0.80419	0.11166	2.29104	6.07222	0.00246	0.01732	-0.11309	0.43998	0	0	0	0	0	0	1.0936	4.07465	3.07222	1.00243	0	-0.03822	0	0	1.3223	-0.39548	20.5029	169.233	40.7672
GLN_326	-4.89309	1.527	4.31531	-0.6807	0.19526	0.77984	1.27291	5.30669	0.04298	0.31199	-0.91914	-0.7055	0	0	0	-0.4096	0	0	-0.08464	3.32698	0.16525	0	3.16172	-0.1375	0	0	-0.1077	-0.43628	12.0318	127.568	89.4319
GLY_327	-2.08894	9.71371	2.10724	-0.00163	0	0	0.44214	2.69948	0.02375	0.14114	-0.01774	-0.36292	0	0	0	0	0	0	0.29307	0	0	0	0	-1.36157	0	0	1.435	-0.02407	12.9987	113.088	50.912
GLY_328	-1.40276	0.38496	1.89329	-0.0004	0	0	0.62224	2.33508	0	0	-0.02808	-0.20064	0	0	0	0	0	0	0.09773	0	0	0	0	-2.49908	0	0	1.435	0.3739	3.01125	101.669	62.3315
ALA_329	-1.41451	0.32391	1.00426	-0.02138	0	0	0.63985	1.85298	0.00047	0.00383	0.48572	-0.34498	0	0	0	0	0	0	-0.08589	0	0	0	0	-0.30548	0	0	2.2619	0.05152	4.45221	53.3339	99.6661
LEU_330	-4.28811	2.74001	2.64609	-0.66998	2.77043	0.19456	2.17757	4.30706	0.02712	0.16659	-1.27327	0.1825	0	0	0	0	0	0	0.2369	9.55355	5.87133	3.68222	0	0.12478	0	0	1.3223	1.93702	31.7087	128.018	81.9818
LYS_331	-4.80312	10.9346	4.60797	-0.65225	2.14652	0.58769	1.3264	5.75864	0	0	-0.51802	-0.69674	0	0	0	0	0	0	-0.05916	15.5722	10.3346	5.23754	0	0.4151	0	0	-0.8895	4.67735	53.9798	112.802	139.198
GLY_332	-2.49622	1.34348	2.29703	-7e-05	0	0	1.39369	3.48141	0	0	0.30986	-0.33125	0	0	0	0	0	0	0.47913	0	0	0	0	1.41279	0	0	1.435	4.57801	13.9029	130.312	33.6885
LEU_333	-7.16979	2.874	3.70284	-0.56345	7.63134	0.10337	3.05597	6.288	0.00957	0.04267	-1.80961	0.49477	0	0	0	0	0	0	-0.18956	3.0292	2.45253	0.57667	0	-0.19629	0	0	1.3223	1.64157	23.2961	191.801	18.1988
GLY_334	-4.15293	1.13178	3.8261	-0.00066	0	0	3.49431	5.70213	0	0	-2.27716	-0.3497	0	0	0	0	0	0	1.27873	0	0	0	0	2.54351	0	0	1.435	2.55557	15.1867	158.877	5.12343
LEU_335	-4.57587	0.84956	3.10745	-0.45338	0.24876	0.12573	3.06563	5.16384	0.00866	0.03455	-3.03972	-0.02562	0	0	0	0	0	0	0.01744	4.40085	1.79271	2.60814	0	-0.41781	0	0	1.3223	2.58864	16.8218	128.939	81.0613
VAL_336	-6.8836	4.67347	3.50682	-0.25691	0.25725	0.05139	3.09398	6.23707	0	0	-2.36022	-0.24749	0	0	0	0	0	0	-0.06485	0.51665	0.05296	0.46368	0	-1.20729	0	0	2.7371	-0.43775	10.1323	162.007	19.9931
TRP_337	-6.69881	1.04924	5.03903	-0.89072	0.32158	0.38655	3.60666	7.18564	0.05248	0.43231	-3.09275	-0.42739	0	0	0	0	-0.67741	0	0.2721	3.19971	0.05709	0	3.14262	-0.08385	0	0	3.7077	0.64596	17.2277	155.6	114.4
ARG_338	-8.4122	2.24802	7.6623	-0.7528	0.76252	0.49187	3.9959	9.05923	0.03064	0.24108	-3.39203	0.14612	0	0	0	0	-0.28208	0	-0.16475	5.41864	1.82736	3.59129	0	0.28385	0	0	-0.1423	1.07768	23.6904	215.916	49.084
ASN_339	-5.80769	0.6003	6.20546	-0.31511	0.05896	0.5146	3.84038	8.00984	0.05248	0.43231	-2.45568	-0.21957	0	0	0	0	-0.4645	0	0.13599	5.41951	1.26497	0	4.15454	1.03325	0	0	-0.3009	0.24401	22.4031	146.726	37.2742
ALA_340	-5.00803	0.75758	4.11796	-0.02272	0	0	3.31377	6.67007	0	0	-2.97329	-0.37643	0	0	0	0	0	0	0.2982	0	0	0	0	-0.40172	0	0	2.2619	0.1546	8.79188	152.278	0.721597
THR_341	-5.0755	1.59365	4.25003	-0.18356	0.28717	0.07032	2.89544	6.01473	0	0	-2.6562	-0.55714	0	0	0	0	0	0	-0.14427	0.38868	0.1561	0.23258	0	-0.07073	0	5.05032	-0.9333	0.19918	11.5175	141.953	32.047
TYR_342	-11.5514	15.203	7.2224	-0.85075	0.06755	0.21208	4.86836	10.6448	0.03064	0.328	-3.39096	-0.45569	0	0	0	0	-0.13642	0	-0.08345	3.4562	0.44307	0	3.01313	-0.1478	0	0	1.7379	0.3648	30.9755	248	0
ARG_343	-8.54429	1.64767	9.14043	-1.02424	1.47545	0.79315	4.56006	10.9179	0.00198	0.00463	-6.10913	0.06769	0	0	0	0	-0.80949	0	-0.05322	4.42987	1.89078	2.53909	0	0.00413	0	0	-0.1423	-0.00231	20.7879	188.623	76.3771
SER_344	-5.57534	1.71176	6.1028	-0.03185	0.01643	0.04161	4.14978	7.11953	0.0064	0.02892	-0.1891	0.02627	0	0	0	-1.00835	0	0	0.05568	1.76405	0.00592	1.75813	0	-0.38068	0	4.04	-0.539	-0.34021	18.7627	141.899	20.1009
ALA_345	-3.02689	0.34832	2.06601	-0.02425	0.00049	0	1.95378	3.86211	0	0	0.08653	-0.3804	0	0	0	0	0	0	0.16002	0	0	0	0	0.01066	0	0	2.2619	-0.54822	6.77004	93.7551	59.2449
PHE_346	-9.00774	4.27259	3.69682	-0.8963	0.26326	0.44421	1.35609	6.39984	0	0	-0.01998	-0.57858	0	0	0	0	0	0	1.77485	4.99623	1.62987	0	3.36636	-0.414	0	0	1.9602	-0.09808	19.1456	221.905	15.0953
SER_347	-3.5338	0.22384	4.3136	-0.03384	0.00967	0.05108	2.08771	5.004	0.06336	0.56552	0.44409	-0.28979	0	0	0	-0.38585	-0.13642	0	1.46746	0.4412	0.0043	0.4369	0	-0.47409	0	4.04	-0.539	0.54568	14.3056	136.927	25.0726
ARG_348	-4.22212	0.67851	3.23494	-0.61828	0.29305	0.36636	1.04587	3.73268	0.0649	0.55955	0.69731	0.52508	0	0	0	0	0	0	0.34569	4.09101	0.79817	3.29285	0	0.02539	0	0	-0.1423	0.13272	14.9014	134.622	130.378
ASP_349	-5.09389	0.20537	6.11902	-0.11311	0.0157	0.36583	3.52182	6.97394	0	0	-2.89373	-0.11832	0	0	0	-0.6225	0	0	0.77493	3.89981	0.76793	0	3.13188	0.13713	0	0	-1.6204	-0.51916	14.9322	149.027	35.9726
ILE_350	-8.81806	14.6882	4.54262	-0.53716	5.08557	0.09338	3.79283	7.75514	0.00198	0.00463	-2.71981	0.22714	0	0	0	0	0	0	2.96272	16.8959	15.5426	1.35332	0	0.02048	0	0	1.8006	0.02122	62.7133	204.996	2.00363
ASP_351	-4.81038	1.04594	6.64186	-0.10818	0.00208	0.33542	4.66035	7.64041	0.03064	0.328	-5.20558	0.49698	0	0	0	0	-0.80949	0	1.23829	6.23811	0.22766	0	6.01045	1.757	0	0	-1.6204	0.84087	24.94	135.887	49.113
GLU_352	-7.93469	1.61642	10.0188	-0.30417	0.20465	0.3467	5.89843	10.8452	0.00158	0.00551	-7.46882	-0.29893	0	0	0	0	-2.04838	0	0.63458	5.67137	0.71391	0	4.95745	-0.28976	0	0	-1.6358	0.92834	21.8623	222.488	0.512343
ASN_353	-6.05437	1.1708	5.98686	-0.19571	0.02515	0.28376	4.41635	7.53629	0	0	-3.18012	-0.76119	0	0	0	0	-1.14192	0	0.81501	3.75317	0.40733	0	3.34583	1.21745	0	0	-0.3009	0.68978	18.0136	152.071	31.9286
ARG_354	-10.3632	1.68926	9.42537	-0.56939	0.59679	0.33575	4.9351	10.3463	0.02538	0.17405	-4.34701	0.04623	0	0	0	0	-0.40867	0	0.52018	5.31319	1.69233	3.62086	0	-0.10983	0	0	-0.1423	-0.0903	22.6901	235.635	29.3646
LEU_355	-5.93984	1.89933	3.89527	-0.45606	1.05634	0.08002	3.37288	6.06716	0	0	-2.65464	0.08897	0	0	0	0	0	0	0.00125	3.75234	2.58043	1.17192	0	-0.09919	0	0	1.3223	-0.24432	15.8941	135.181	74.8186
TYR_356	-9.87639	3.73691	5.27782	-0.61223	0.15272	0.37281	4.32123	8.51489	0	0	-3.74665	-0.26228	0	0	0	-0.73547	-0.28208	0	1.55482	3.87356	1.03591	0	2.83766	-0.22762	0	0	1.7379	0.22626	17.8998	235.771	12.2289
LEU_357	-5.56693	3.39407	3.30827	-0.56813	2.68351	0.12925	3.35244	5.66326	0	0	-2.80534	0.27902	0	0	0	0	0	0	-0.11665	7.67955	6.71604	0.96352	0	-0.4508	0	0	1.3223	0.25388	26.2373	143.533	66.4666
THR_358	-4.72986	2.30676	3.86641	-0.13065	0.06527	0.0937	3.09412	5.75141	0	0	-2.41202	-0.87762	0	0	0	0	0	0	0.40687	0.82272	0.0033	0.81941	0	-0.35867	0	5.01818	-0.9333	-0.06967	12.7364	129.495	44.5055
TYR_359	-6.37658	0.90131	3.78047	-0.69902	0.07184	0.05741	3.12999	6.26579	0.04922	0.3239	-2.0446	-0.47731	0	0	0	0	0	0	-0.0335	3.3373	0.70903	0	2.62827	-0.43932	0	0	1.7379	0.42701	13.3491	193.907	54.0933
GLU_360	-3.42042	0.29437	3.34313	-0.49341	0.81519	0.69444	1.05958	4.147	0.03241	0.25993	0.03381	-1.08068	0	0	0	0	0	0	0.08165	8.84299	2.20648	0	6.63651	0.62295	0	0	-1.6358	0.73142	23.1716	111.695	111.305
LEU_361	-5.47904	2.09376	4.16834	-0.62695	0.37298	0.2059	3.01229	5.45809	0.01634	0.06013	-2.59195	0.16618	0.06538	0	0	0	0	0	0.52659	1.66256	0.51538	1.14718	0	-0.28065	0	0	1.3223	3.1441	14.9589	140.812	69.1875
PRO_362	-3.05166	1.48748	1.18899	-0.19442	0.05634	0.14772	0.40858	1.74265	0	0	-0.03869	-0.13465	0.07541	0	0	0	0	0	-0.0424	0.99423	0.1069	0.88733	0	-0.07594	0	0	-4.6787	3.25644	2.13561	81.205	117.795
LEU_363	-5.5798	0.54203	1.99323	-0.50669	0.91054	0.1165	1.18914	4.07622	0.07306	0.3575	-0.86462	0.17488	0	0	0	0	0	0	1.22572	2.35837	1.57159	0.78679	0	-0.39234	0	0	1.3223	1.2669	10.6213	145.086	64.9137
PHE_364	-5.13986	0.47977	3.08909	-1.09445	0.21138	1.14328	2.47815	5.20495	0.07306	0.3575	-2.15605	-0.3264	0	0	0	0	0	0	0	5.25242	0.36359	0	4.88882	0	0	0	1.9602	0.96501	17.7505	103.21	133.79