label	fa_atr	fa_rep	fa_sol	fa_intra_atr_xover4	fa_intra_rep_xover4	fa_intra_sol_xover4	lk_ball	lk_ball_iso	lk_ball_bridge	lk_ball_bridge_uncpl	fa_elec	fa_intra_elec	pro_close	hbond_sr_bb	hbond_lr_bb	hbond_bb_sc	hbond_sc	dslf_fa13	omega	fa_dun	fa_dun_dev	fa_dun_rot	fa_dun_semi	p_aa_pp	yhh_planarity	hxl_tors	ref	rama_prepro	total	BSA	SASA
MET_1	-1.31406	0.5352	2.42432	-0.31198	0.11678	0.09772	1.00183	2.58541	0	0	0.75147	0.837	0	0	0	0	0	0	3.52432	6.85936	3.02395	3.83541	0	0	0	0	1.4633	0	25.43	47.1619	214.838
VAL_2	-4.06612	1.18526	2.10125	-0.24572	0.16593	0.04555	1.06183	3.60953	0	0	-0.39339	0.68348	0	0	0	0	0	0	0.84742	2.14813	1.43889	0.70924	0	0.95938	0	0	2.7371	2.30021	15.288	105.112	76.8882
GLN_3	-3.8043	1.31554	2.96026	-0.76337	0.12642	0.74067	0.77077	4.36824	0	0	0.74848	-0.19968	0	0	0	0	0	0	0.03528	7.99478	0.2621	0	7.73268	0.10695	0	0	-0.1077	3.23753	25.5247	100.996	116.004
LEU_4	-4.37574	1.70578	2.70402	-0.66243	0.9638	0.31414	1.44502	4.48493	0.00799	0.03287	0.56564	-0.15853	0	0	0	-1.20127	0	0	-0.08491	3.87589	0.89869	2.9772	0	-0.33661	0	0	1.3223	1.89693	16.3757	99.1293	110.871
ALA_5	-3.52522	0.82648	1.673	-0.01972	0	0	1.36574	3.68472	0	0	0.20513	-0.30179	0	0	0	0	0	0	3.15958	0	0	0	0	0.17398	0	0	2.2619	3.7155	13.2193	114.636	38.3644
GLY_6	-3.33786	0.07106	3.83986	-0.00072	0	0	2.74449	5.17033	0.04281	0.32375	-1.84013	-0.31936	0	0	0	0	0	0	0.66324	0	0	0	0	-2.52934	0	0	1.435	5.08215	11.3453	150.167	13.8333
THR_7	-4.95413	1.23481	3.98731	-0.22687	0.13134	0.0946	2.46714	5.54878	0.06743	0.4635	-2.66673	-1.17276	0	0	0	0	-0.30549	0	1.22391	3.2352	1.69877	1.53643	0	-0.14351	0	2.65539	-0.9333	2.42596	16.3678	143.84	30.1603
TYR_8	-12.6521	7.45763	5.56395	-0.68428	0.13765	0.48573	4.42727	10.9661	0	0	-2.15016	-0.2781	0	0	0	0	0	0	0.5819	12.4272	7.78303	0	4.64415	-0.19248	0.00714	0.01429	1.7379	0.48959	40.7663	248	0
LYS_9	-5.15719	0.7077	5.34734	-0.45513	0.98637	0.16154	3.18873	6.46531	0.05508	0.47983	-2.11559	0.15367	0	0	0	0	0	0	-0.02025	11.0939	7.29261	3.80132	0	-0.12199	0	0	-0.8895	0.17068	31.1445	169.702	82.2981
LEU_10	-9.94007	6.37734	2.81273	-0.64266	0.65528	0.19175	2.03336	6.96067	0.11276	0.43961	0.2965	0.22956	0	0	0	0	0	0	1.78917	3.02656	2.53166	0.4949	0	-0.27054	0	0	1.3223	0.07328	18.4942	205.135	4.8652
GLU_11	-4.82993	1.99153	4.83697	-0.22651	0.07325	0.33068	1.66546	5.16714	0	0	0.06825	-0.40839	0	0	0	0	0	0	-0.00302	10.5477	6.03867	0	4.50899	-0.1382	0	0	-1.6358	0.94526	28.932	151.034	71.9663
LYS_12	-7.20922	2.29707	6.9467	-0.92876	1.36472	0.55549	4.27923	8.02634	0	0	-4.19857	0.32989	0	0	0	0	-0.68528	0	3.22887	19.6839	15.5776	4.10623	0	0.4712	0	0	-0.8895	1.99846	54.9544	178.427	73.5725
ASN_13	-8.49595	4.17677	5.30311	-0.1355	0.0399	0.17968	2.41829	7.41207	0	0	-1.19962	-0.28142	0	0	0	-0.65335	0	0	0.29662	10.3243	5.74762	0	4.57669	0.64426	0	0	-0.3009	1.4325	31.4851	179.135	4.8652
GLU_14	-6.0305	2.6275	7.4708	-0.20639	0.04842	0.29238	4.43523	8.44756	0	0	-2.62066	-0.51903	0	0	0	0	-0.68528	0	4.88954	9.01135	3.94732	0	5.06403	0.10717	0	0	-1.6358	0.26156	34.9052	164.183	58.8166
ASN_15	-7.4372	2.71099	6.21558	-0.31734	0.03041	0.64829	3.30754	8.66435	0.06398	0.47742	-0.96111	-0.4637	0	0	0	0	0	0	4.72616	8.2685	0.60898	0	7.65952	-0.86883	0	0	-0.3009	1.98923	35.0219	152.299	31.7007
PHE_16	-13.0797	8.67242	5.82426	-0.84648	0.23003	0.33654	3.64381	10.9891	0	0	-1.7289	-0.34398	0	0	0	0	0	0	0.61937	7.85192	3.37655	0	4.47537	0.19452	0	0	1.9602	2.81956	34.9945	232.78	4.22021
GLU_17	-6.70452	3.43415	6.62627	-0.26359	0.02415	0.33755	3.77033	8.28745	0	0	-4.07666	-0.33683	0	0	0	0	-0.13934	0	-0.09656	6.91811	0.00945	0	6.90866	-0.51569	0	0	-1.6358	0.76492	23.312	168.379	54.6214
GLU_18	-6.76547	1.70173	6.71479	-0.3731	0.04643	0.65912	3.2245	8.09135	0.06398	0.47742	-2.26632	-0.48785	0	0	0	0	0	0	2.7697	9.73144	4.44873	0	5.2827	-0.30557	0	0	-1.6358	-0.22806	31.1497	161.809	61.1905
TYR_19	-11.8086	7.70277	5.05984	-0.66986	0.02623	0.11709	4.26582	10.0258	0.01153	0.11214	-1.17413	-0.3654	0	0	0	0	0	0	0.08624	14.7215	1.4152	0	13.3063	-0.5136	0.02991	0.05982	1.7379	1.26915	45.4156	236.226	11.7743
LEU_20	-11.7922	5.95468	3.86588	-0.50553	0.34896	0.12421	3.71085	8.74534	0	0	-2.77184	0.28781	0	0	0	0	0	0	2.99075	1.2399	0.78418	0.45572	0	-0.38509	0	0	1.3223	1.55956	15.9355	210	0
ALA_21	-4.34373	0.9493	4.38809	-0.02012	0	0	2.75966	6.89348	0	0	-1.47378	-0.29982	0	0	0	0	0	0	2.07121	0	0	0	0	0.11216	0	0	2.2619	0.72889	14.0272	97.0344	55.9656
ALA_22	-4.40564	1.01523	3.12174	-0.02232	0	0	2.42063	5.22801	0.00621	0.07926	-1.43566	-0.35065	0	0	0	0	0	0	0.17635	0	0	0	0	-0.55757	0	0	2.2619	0.90523	8.44272	119.921	33.0791
LEU_23	-8.94037	5.39786	3.46804	-0.49742	0.53675	0.12301	2.46981	6.31695	0	0	-0.89781	0.20566	0	0	0	0	0	0	0.25095	4.43575	4.14819	0.28755	0	-0.40274	0	0	1.3223	0.17979	18.4043	191.864	18.1363
GLY_24	-1.93301	0.06804	2.26983	-6e-05	0	0	1.59563	3.06591	0	0	-0.95726	-0.32521	0	0	0	0	0	0	0.32916	0	0	0	0	-2.52418	0	0	1.435	0.98221	4.00605	98.1684	65.8316
VAL_25	-7.40791	4.55956	1.7278	-0.24995	0.18918	0.04746	2.25283	5.36178	0	0	-1.47788	0.18439	0.54286	0	0	0	0	0	-0.00109	0.70196	0.29315	0.40881	0	-0.22722	0	0	2.7371	4.0375	13.6803	171.419	10.5811
PRO_26	-3.58726	2.16611	2.47624	-0.16563	0.0139	0.11178	1.5157	3.35034	0	0	-2.01858	0.06176	1.05208	0	0	0	0	0	0.46156	1.11042	0.608	0.50242	0	-0.14268	0	0	-4.6787	3.01649	5.85395	113.425	85.5754
GLN_27	-5.25022	2.51431	5.37169	-0.92006	0.17791	1.14191	2.77468	6.67124	0	0	-1.12002	-0.77309	0	0	0	0	-0.43962	0	0.0295	19.0779	9.44967	0	9.62827	-0.10849	0	0	-0.1077	0.47616	48.5941	120.664	96.3356
ASP_28	-3.93125	0.75839	5.26846	-0.12429	0.00055	0.3953	1.95763	5.99625	0	0	-1.16877	-1.39687	0	0	0	0	-0.43962	0	2.54524	8.90107	0.82114	0	8.07993	-0.05161	0	0	-1.6204	0.03894	26.0301	91.0175	93.9825
SER_29	-4.80038	0.77826	5.5878	-0.02531	0	0.0579	3.06099	7.03674	0	0	-2.67052	-0.39821	0	0	0	0	0	0	1.99707	4.41443	2.81281	1.60163	0	0.52234	0	0.61646	-0.539	0.06604	20.119	132.293	29.7074
ILE_30	-11.7577	7.62545	4.46374	-0.47732	0.67238	0.09216	3.7017	9.91903	0	0	-2.13958	0.33032	0	0	0	0	0	0	-0.09136	57.5798	56.3802	1.19957	0	0.33154	0	0	1.8006	2.24499	131.876	207	0
LYS_31	-6.82617	3.03386	7.62174	-0.37979	0.16176	0.19142	3.88101	8.64352	0	0	-3.55527	-0.11003	0	0	0	0	-0.13934	0	6.82816	12.5326	7.24404	5.28854	0	-0.14896	0	0	-0.8895	1.61022	44.9878	170.904	81.0965
LYS_32	-4.54193	0.6113	4.67304	-0.54241	0.25733	0.46825	2.44134	5.74033	0	0	-0.97531	0.02075	0	0	0	0	0	0	1.06899	7.05521	4.53541	2.5198	0	-0.2034	0	0	-0.8895	-0.20657	22.0326	115.721	136.279
ALA_33	-5.54049	3.77089	2.49662	-0.01843	0.001	0	2.31843	6.21726	0	0	-0.77592	-0.27397	0	0	0	0	0	0	2.98131	0	0	0	0	0.41485	0	0	2.2619	1.26542	15.1189	148.839	4.16125
ASN_34	-6.81722	1.39104	4.70677	-0.22966	0.09685	0.36318	3.22568	7.11453	0.01153	0.11214	-2.78873	-0.82452	0	0	0	-0.65335	-0.24345	0	2.89426	15.6928	9.14145	0	6.55138	-1.15931	0	0	-0.3009	0.85672	39.1412	179.817	4.18258
SER_35	-4.34575	1.04421	4.90926	-0.02325	5e-05	0.02598	2.36008	6.20874	0	0	-0.50504	-0.55444	1.07266	0	0	0	0	0	3.26936	12.8658	10.1547	2.71107	0	-0.3764	0	0.60011	-0.539	2.52171	41.3998	126.682	35.3182
PRO_36	-5.38114	2.33707	2.88558	-0.14722	0.0024	0.10297	1.63949	3.55484	0	0	-0.07375	0.45647	2.01319	0	0	0	0	0	0.78715	0.56299	0.23522	0.32777	0	-1.13722	0	0	-4.6787	4.56721	8.05433	154.578	44.4223
GLY_37	-1.32039	0.13039	1.86389	-7e-05	0	0	0.47822	2.29272	0	0	-0.59062	-0.40465	0	0	0	0	0	0	6.40978	0	0	0	0	-2.10561	0	0	1.435	3.48336	11.672	104.755	59.2453
VAL_38	-5.73291	4.59156	2.35736	-0.28396	0.24117	0.06369	1.69842	5.1293	0.08922	0.54776	-0.65656	0.30074	0	0	0	0	0	0	5.39014	0.31848	0.02187	0.29661	0	0.4376	0	0	2.7371	2.65928	20.2069	160.666	21.3338
VAL_39	-4.15759	0.98339	2.69263	-0.28818	0.25752	0.0695	1.51221	4.3038	0	0	-1.15701	-0.17078	0	0	0	0	0	0	14.8365	0.45118	0.42014	0.03103	0	-0.07244	0	0	2.7371	2.39504	24.844	131.215	50.785
TYR_40	-9.52895	6.19795	2.50936	-0.46592	0.13066	0.2096	2.31536	6.01857	0.06242	0.51709	-0.73931	-0.33698	0	0	0	0	0	0	0.14815	3.28264	0.28654	0	2.9961	-0.6314	0.00337	0.00675	1.7379	1.0326	15.7525	234.335	13.6653
GLU_41	-5.74263	2.78923	6.48456	-0.29257	0.04318	0.42167	3.90372	7.26376	0.00715	0.024	-3.82926	-0.67824	0	0	0	0	-0.30549	0	4.28767	13.1283	6.62179	0	6.50647	0.43088	0	0	-1.6358	0.50923	39.9376	196.103	26.8965
ILE_42	-9.30876	5.74092	3.38774	-0.59121	0.7945	0.16203	3.82494	7.16406	0.03423	0.17741	-2.37956	-0.32752	0	0	0	0	0	0	2.91175	12.0657	8.00606	4.05959	0	-1.01901	0	0	1.8006	0.56862	37.072	207	0
ILE_43	-8.55171	2.82949	5.33087	-0.68198	0.82349	0.26662	3.99684	8.39621	0	0	-2.23137	-0.52251	0	0	0	0	0	0	2.91673	9.21811	4.56886	4.64924	0	-0.98107	0	0	1.8006	-0.87844	30.95	190.348	16.6523
VAL_44	-7.94137	3.81618	2.36099	-0.31659	0.33211	0.07327	3.27137	6.56006	0.00162	0.00479	-2.32657	-0.89452	0	0	0	0	0	0	2.78504	3.31702	0.05801	3.25901	0	-0.6662	0	0	2.7371	-0.20935	16.222	182	0
ASN_45	-9.60934	3.6085	7.84285	-0.17523	0.01996	0.29152	5.21604	11.1989	0	0	-2.90306	-0.6878	0	0	0	-1.20127	0	0	1.35789	4.21474	0.01583	0	4.19891	-1.38588	0	0	-0.3009	2.37189	24.0736	177.05	6.94971
GLY_46	-3.34713	1.51917	2.89732	-0.00014	0	0	1.83573	4.59514	0	0	0.009	-0.32195	0	0	0	0	0	0	3.49103	0	0	0	0	-2.00618	0	0	1.435	4.25782	14.3648	138.292	25.7079
ASN_47	-1.86444	0.12841	1.69315	-0.38215	0.14594	0.89226	0.92704	2.29812	0	0	0.08212	-1.32411	0	0	0	0	0	0	0.34763	10.7606	2.57597	0	8.18466	-0.94804	0	0	-0.3009	4.65698	27.8733	44.9962	139.004
LYS_48	-6.14823	2.01755	6.2547	-0.30852	0.13253	0.15763	3.5759	7.97808	0	0	-1.64862	-0.09846	0	0	0	0	0	0	3.47471	30.9704	27.6297	3.34068	0	0.91209	0	0	-0.8895	5.87774	83.2284	144.933	107.067
PHE_49	-9.77037	5.35367	1.55986	-0.50848	0.02106	0.31799	3.11202	6.56207	0	0	-0.37181	0.15435	0	0	0	0	0	0	1.37963	7.62929	4.20534	0	3.42396	-0.16414	0	0	1.9602	3.17974	28.0444	218.827	18.1729
THR_50	-5.69861	2.88505	4.37951	-0.16246	0.08404	0.06604	3.65609	6.38038	0	0	-2.33569	0.50067	0	0	0	0	0	0	1.29057	0.75717	0.0569	0.70026	0	0.63852	0	2.93796	-0.9333	0.76629	15.9694	148.766	25.2344
PHE_51	-8.43065	3.71055	2.39373	-0.79806	0.51416	0.26245	3.28171	6.11643	0	0	-1.8265	-0.05386	0	0	0	0	0	0	1.75316	10.0353	5.51735	0	4.51799	-0.39087	0	0	1.9602	1.61105	30.1742	224.789	12.2109
LYS_52	-6.91174	3.93877	6.09194	-0.47187	0.11908	0.27298	3.80629	7.12529	0.00723	0.02547	-2.87866	0.01791	0	0	0	0	0	0	1.20902	9.65943	6.82763	2.8318	0	0.18376	0	0	-0.8895	0.63022	31.595	186.401	65.5992
SER_53	-5.12866	0.86314	5.45708	-0.02757	0	0.05103	4.1999	6.67191	0.01108	0.09509	-3.01301	0.05146	0	0	0	0	-0.5938	0	0.79765	7.69288	6.46061	1.23228	0	0.26391	0	1.65696	-0.539	0.10015	26.3031	154.094	7.90595
SER_54	-3.0689	1.27733	3.27081	-0.03638	0.00467	0.07155	2.19786	4.28081	0	0	-1.83582	0.00506	0	0	0	0	0	0	1.02782	5.96558	2.34398	3.6216	0	-0.21541	0	0.60305	-0.539	1.15239	20.127	112.557	49.4426
SER_55	-2.61271	1.99657	2.25537	-0.03147	0.14388	0.03647	1.08892	3.14412	0.00183	0.02061	-0.01768	-1.11726	0	0	0	0	0	0	4.9417	19.1919	18.9351	0.25676	0	0.15977	0	0.67806	-0.539	3.90949	52.4425	125.136	36.8639
GLY_56	-1.55269	0.5967	1.46825	-0.00011	0	0	0.69758	2.06387	0	0	-0.74467	-0.3297	0	0	0	0	0	0	2.21043	0	0	0	0	-2.49649	0	0	1.435	3.42312	6.77129	103.478	60.5217
MET_57	-5.39166	1.79123	5.03933	-0.64992	0.50765	0.30345	2.56131	5.82698	0.00183	0.02061	-0.31372	0.13545	0	0	0	0	0	0	-0.06666	8.66907	3.19554	5.47353	0	0.11037	0	0	1.4633	0.24006	28.9177	188.866	73.1345
ASN_58	-1.39382	0.04205	1.4414	-0.17092	0.01993	0.28166	0.37437	1.96062	0.02645	0.08794	-0.1123	-0.43169	0	0	0	0	0	0	0.68249	4.41152	0.01756	0	4.39397	-0.94692	0	0	-0.3009	-0.17748	10.2059	49.5384	134.462
SER_59	-4.32286	0.67805	5.39216	-0.02907	0.02461	0.02786	4.12249	6.21203	0.0321	0.23885	-3.42017	0.07657	0	0	0	0	-0.7135	0	2.88913	3.87262	3.14146	0.73117	0	0.89494	0	1.39265	-0.539	0.46656	21.1687	151.082	10.9175
THR_60	-2.74036	0.39273	1.77077	-0.22363	0.49038	0.10511	0.40769	2.42576	0.06546	0.56705	0.21106	-1.18601	0	0	0	0	0	0	0.24255	0.95364	0.00761	0.94603	0	1.10646	0	2.47161	-0.9333	1.96435	9.04495	85.1409	88.8591
LEU_61	-6.87539	3.1114	2.78557	-0.72894	1.19374	0.28781	3.09489	5.55459	0.03893	0.47764	-1.3666	-0.16052	0	0	0	0	0	0	0.76325	1.63378	0.56318	1.0706	0	0.90032	0	0	1.3223	2.99479	16.6613	203.852	6.14812
ILE_62	-4.68256	1.58662	3.06122	-0.41057	0.19921	0.05875	1.71979	4.52625	0	0	-1.05733	0.10667	0	0	0	0	0	0	0.27986	8.05194	7.90082	0.15112	0	0.96928	0	0	1.8006	4.03343	28.2951	120.135	86.8645
VAL_63	-5.07527	2.31315	2.11636	-0.27107	0.20252	0.05613	1.29682	4.29502	0.0142	0.07101	0.99878	0.37424	0	0	0	0	0	0	1.09646	4.98023	4.77023	0.21	0	-0.246	0	0	2.7371	2.55145	22.4914	134.535	47.4648
ASN_64	-4.95149	2.21419	4.41514	-0.17858	0.02385	0.27987	2.12934	5.93376	0.10718	0.75238	0.04448	-0.88368	0	0	0	-0.5753	0	0	-0.00422	4.675	0.81663	0	3.85837	-1.55569	0	0	-0.3009	1.62165	18.422	95.214	88.786
GLU_65	-5.47697	1.43337	6.47504	-0.35229	0.31373	0.69127	4.02615	7.39667	0.01476	0.07314	0.09285	-0.86382	0	0	0	-0.68857	0	0	1.71027	6.6693	1.99126	0	4.67804	1.24407	0	0	-1.6358	4.47975	32.2722	144.296	78.7042
GLU_66	-4.69739	1.37873	3.71017	-0.18871	0.02014	0.18961	1.2249	4.40961	0.00552	0.02447	-0.41918	-0.14286	0	0	0	0	0	0	0.65073	6.90433	0.24304	0	6.66129	0.03163	0	0	-1.6358	2.69669	21.0669	145.726	77.2741
VAL_67	-5.30201	1.26458	3.54456	-0.29668	0.18115	0.07003	2.83319	5.52649	0	0	-2.65478	-0.14708	0	0	0	0	0	0	0.53235	15.5051	15.0204	0.4847	0	0.67065	0	0	2.7371	1.11128	41.081	152.532	29.468
GLU_68	-3.42194	0.84065	2.46026	-0.43011	0.15843	1.25182	0.76479	2.93424	0.02102	0.14376	-0.79528	-0.1668	0	0	0	0	0	0	0.0404	6.57054	0.6734	0	5.89714	0.18595	0	0	-1.6358	0.9902	16.4827	117.418	105.582
GLU_69	-5.20917	0.58265	5.87656	-0.32371	0.09856	0.41123	3.69282	6.2794	0.00949	0.20141	-3.90303	-0.29255	0	0	0	0	-1.3073	0	1.52794	4.80583	0.3047	0	4.50113	0.03216	0	0	-1.6358	1.71516	17.3675	194.325	28.6749
VAL_70	-4.40399	2.68243	1.85696	-0.37122	0.3648	0.09316	0.90946	3.45548	0	0	-0.15874	0.01655	0	0	0	0	0	0	-0.15069	1.32303	0.18975	1.13328	0	-0.90645	0	0	2.7371	1.54641	10.3173	99.8412	82.1588
LEU_71	-6.34279	1.94014	3.79382	-0.4662	0.64775	0.1286	2.42873	5.88909	0	0	-1.09475	-0.01706	0	0	0	0	0	0	0.59552	2.52297	0.35723	2.16574	0	0.07441	0	0	1.3223	-0.32484	13.6207	193.343	16.6567
GLY_72	-1.76443	0.18539	2.47619	-5e-05	0	0	1.24166	3.11436	0	0	-0.55131	-0.34813	0	0	0	0	0	0	0.87041	0	0	0	0	0.18145	0	0	1.435	2.13387	8.9744	108.607	55.3933
THR_73	-3.58004	1.10416	2.42599	-0.13216	0.01148	0.05004	1.01358	3.95341	0	0	0.12747	-1.2874	0	0	0	0	0	0	0.23167	15.7972	14.9061	0.89105	0	0.63995	0	3.52003	-0.9333	2.81688	41.5562	103.94	70.0599
VAL_74	-7.85409	6.36778	1.74576	-0.29148	0.46383	0.07302	1.78383	5.80997	0	0	0.2146	-0.53059	0	0	0	0	0	0	0.27114	18.718	17.0051	1.71292	0	0.70781	0	0	2.7371	0.67993	49.6147	182	0
ASN_75	-2.8471	0.20284	3.18763	-0.38324	0.0587	0.8796	1.77471	4.21132	0	0	-1.15406	-1.52166	0	0	0	0	0	0	2.22151	11.5108	3.96419	0	7.54658	-1.58067	0	0	-0.3009	1.28494	29.0551	63.3943	120.606
MET_76	-7.6328	3.7583	3.8922	-0.65798	0.44534	0.04661	2.68344	5.75126	0	0	-0.97068	0.17507	0	0	0	0	0	0	0.57432	13.7853	7.45453	6.33078	0	0.01915	0	0	1.4633	1.36401	38.4822	236.628	25.3716
ASN_77	-3.45725	1.74316	1.98038	-0.45258	0.32921	0.8377	0.8235	3.06231	0	0	-0.08847	-0.49115	0	0	0	0	0	0	1.96837	12.7447	1.56565	0	11.179	-0.73212	0	0	-0.3009	0.20389	30.9154	95.2103	88.7897
ILE_78	-6.83274	2.23914	3.07652	-0.65404	0.61448	0.20205	2.40749	5.57361	0	0	-1.91985	-0.43455	0	0	0	0	0	0	0.57467	3.95757	2.27261	1.68496	0	0.4544	0	0	1.8006	0.23884	15.2558	200.429	6.57053
LYS_79	-6.72338	1.86603	7.16521	-0.33	0.192	0.1928	3.68986	7.37248	0	0	-4.24195	-0.17752	0	0	0	0	-0.15668	0	3.30413	21.5209	18.8653	2.65559	0	0.1007	0	0	-0.8895	0.09086	54.4969	170.625	81.3748
SER_80	-4.90472	0.56017	4.80319	-0.02921	0.01842	0.02701	3.65328	6.28884	0.01167	0.03361	-2.80883	0.2117	0	0	0	0	-0.2234	0	0.07375	4.86426	2.1328	2.73146	0	-0.24833	0	1.646	-0.539	0.76804	19.0707	159.491	2.50881
PHE_81	-7.45439	2.61958	6.8159	-0.69768	0.75064	0.21128	4.25216	8.73461	0	0	-3.58254	-0.48451	0	0	0	0	0	0	0.05115	5.55916	0.58781	0	4.97135	-0.53913	0	0	1.9602	1.37166	25.1272	128.033	108.967
THR_82	-7.75227	3.11195	5.48306	-0.11819	0.07138	0.08128	3.77139	8.23083	0.0449	0.35902	-2.22814	-0.70276	0	0	0	-0.68857	0	0	0.61724	5.38846	5.02025	0.36821	0	0.3033	0	2.63969	-0.9333	0.32328	23.391	174	0
LYS_83	-7.76919	3.23117	7.95321	-0.68597	0.235	0.59904	4.76634	9.29614	0.00302	0.00802	-1.9092	-0.37535	0	0	0	0	0	0	2.98415	11.6546	7.57377	4.08087	0	-0.01743	0	0	-0.8895	1.54711	42.2858	170.721	81.2788
LEU_84	-7.42705	3.70662	1.38814	-0.74162	0.95898	0.16953	2.02839	4.98086	0.07395	0.42697	-0.28418	0.28526	0	0	0	-0.5753	0	0	0.04382	8.93006	6.87889	2.05117	0	-0.42688	0	0	1.3223	1.86446	25.6544	178.225	31.775
GLU_85	-3.84026	0.34714	3.88011	-0.34505	0.10938	0.41398	2.27511	4.72689	0.00302	0.00802	-1.76496	-0.59954	0	0	0	0	0	0	0.85975	10.8873	4.92597	0	5.96138	0.38665	0	0	-1.6358	2.2211	28.8202	95.5986	127.401
GLY_86	-2.18839	0.52103	2.21147	-0.00015	0	0	1.83249	3.31672	0	0	-0.20114	-0.35588	0	0	0	0	0	0	0.21053	0	0	0	0	-2.11322	0	0	1.435	4.48387	9.15232	112.129	51.8709
SER_87	-2.70195	1.20962	2.30428	-0.03997	0.0028	0.07637	0.65736	3.20303	0.08515	0.5503	-0.93759	-0.49607	0	0	0	0	0	0	4.27808	1.87061	1.24029	0.63032	0	0.46583	0	1.42307	-0.539	4.15971	17.4423	91.053	70.947
LYS_88	-6.95825	1.10849	6.01914	-0.97524	1.0016	1.19237	3.15681	7.8158	0	0	-2.08875	-0.67166	0	0	0	0	0	0	0.84643	13.4623	9.21566	4.24667	0	-0.01884	0	0	-0.8895	2.85344	39.3165	158.603	93.3971
LEU_89	-8.9311	3.15969	3.84218	-0.5301	0.42525	0.11729	3.21791	7.34605	0	0	-2.21044	0.12916	0	0	0	0	0	0	0.30842	3.56991	0.28676	3.28316	0	-0.54093	0	0	1.3223	0.81658	15.6121	208.206	1.79438
VAL_90	-7.49285	3.59554	4.86937	-0.21571	0.12606	0.03978	3.85726	7.67035	0	0	-2.3599	-0.19894	0	0	0	0	0	0	2.04063	1.97068	0.34665	1.62403	0	-0.65839	0	0	2.7371	-0.65344	17.2982	150.48	31.5197
VAL_91	-9.1972	5.12514	3.70055	-0.31648	0.35123	0.07657	3.07761	7.86193	0	0	-2.13332	-1.07403	0	0	0	0	0	0	0.82597	9.48928	6.34412	3.14517	0	-0.33454	0	0	2.7371	0.37906	30.0582	182	0
ASN_92	-5.57902	0.70432	5.71754	-0.2817	0.13165	0.45838	3.93311	7.50313	0	0	-1.18211	-0.78775	0	0	0	0	0	0	0.39899	2.62557	0.31047	0	2.31511	-0.96154	0	0	-0.3009	1.26927	16.2745	118.707	65.2929
SER_93	-5.90554	1.20755	5.54757	-0.03968	0.00564	0.05651	3.43311	7.33081	0	0	-0.99783	-0.49568	0	0	0	0	0	0	1.2923	16.7161	11.9637	4.75238	0	0.78205	0	1.72452	-0.539	1.145	47.9796	162	0
GLU_94	-6.24718	1.23456	6.47997	-0.37505	0.22623	0.51145	3.37857	7.09587	0.00495	0.02234	-3.16224	-0.52762	0	0	0	0	-0.15668	0	0.01126	8.68038	0.08115	0	8.59923	0.14819	0	0	-1.6358	0.40006	24.7696	172.728	50.2715
LEU_95	-9.10829	4.54046	3.53845	-0.62165	0.91059	0.17315	3.10031	7.24164	0	0	0.10125	0.14554	2.65576	0	0	0	0	0	-0.06299	5.44516	2.05664	3.38851	0	-0.25577	0	0	1.3223	2.62201	27.1931	207.342	2.65752
PRO_96	-3.22229	1.00424	2.22433	-0.08348	0.00016	0.04996	0.97075	2.16214	0	0	0.3934	0.57048	3.39157	0	0	0	0	0	0.75428	1.07395	0.36478	0.70917	0	-0.79479	0	0	-4.6787	3.15287	8.04282	120.781	78.2193
ASP_97	-4.13609	1.00605	6.22746	-0.22475	0.01424	0.75991	3.05072	6.47717	0	0	-1.70581	-1.89828	0	0	0	0	0	0	0.8114	7.23053	2.56069	0	4.66984	-0.16869	0	0	-1.6204	0.08908	23.1431	111.898	73.1022
GLY_98	-2.39788	0.32385	3.05173	-0.00012	0	0	1.65432	3.71975	0	0	-1.4919	-0.31165	0	0	0	0	0	0	0.26799	0	0	0	0	-2.45525	0	0	1.435	1.94732	5.74314	112.682	51.3185
ARG_99	-4.98084	1.6389	5.05663	-1.62849	1.24067	1.54664	2.12478	5.59367	0.00621	0.07926	-2.16027	0.29465	0	0	0	0	0	0	0.86572	55.0158	42.4617	12.5541	0	0.15394	0	0	-0.1423	3.27605	122.997	154.767	110.233
LYS_100	-4.02934	0.81912	2.98008	-0.45919	0.33099	0.26831	1.73974	3.81802	1e-05	0.0003	-0.72591	0.38702	0	0	0	0	0	0	-0.02337	4.11123	0.66759	3.44364	0	0.48164	0	0	-0.8895	1.77507	14.6955	106.274	145.726
GLY_101	-2.40368	0.16608	2.66318	-0.00131	0	0	1.58298	3.78782	0	0	-0.09989	-0.29903	0	0	0	0	0	0	0.7589	0	0	0	0	-1.70312	0	0	1.435	1.66784	7.55476	143.982	20.0178
THR_102	-3.49836	0.81642	2.73891	-0.11359	0.02815	0.09404	1.62374	4.1004	0.00689	0.11272	-0.76062	-0.03413	0	0	0	0	0	0	3.92236	3.70494	1.19732	2.50762	0	0.10734	0	2.32767	-0.9333	1.51066	19.4592	99.0031	74.9969
ARG_103	-11.0006	6.34129	8.27926	-0.44606	0.07931	0.23356	4.93359	10.4586	0	0	-2.50145	0.51361	0	0	0	0	-0.2234	0	0.27648	10.0495	7.59332	2.45614	0	-0.2141	0	0	-0.1423	0.19628	36.883	249.363	15.6372
THR_104	-5.35688	2.77014	4.41151	-0.21351	0.09534	0.08555	3.82792	6.52216	0	0	-1.9052	-1.1273	0	0	0	0	0	0	3.02971	1.70201	0.16786	1.53415	0	-0.19918	0	3.39839	-0.9333	-0.42273	17.3866	117.349	56.6505
TYR_105	-12.0237	7.04733	3.2239	-0.50004	0.24552	0.24008	4.05791	8.10381	0	0	-2.89158	-0.37533	0	0	0	0	0	0	-0.09605	5.29002	1.24812	0	4.0419	-0.2974	0.0388	0.0776	1.7379	1.22483	20.3936	248	0
GLU_106	-4.6759	0.67347	4.599	-0.38744	0.0962	0.53746	2.71078	5.69362	0.00226	0.04271	-0.89365	-0.51452	0	0	0	0	0	0	-0.03496	8.65757	1.02689	0	7.63068	-0.06812	0	0	-1.6358	0.76482	24.2251	129.525	93.4748
PHE_107	-8.49773	3.68436	0.46382	-0.49611	0.3078	0.2179	1.15178	4.66483	0.08515	0.5503	-0.02766	-0.24004	0	0	0	0	0	0	2.2434	5.35357	0.01779	0	5.33578	-0.18427	0	0	1.9602	-0.65166	15.9392	203.029	33.971
CYS_108	-3.75414	0.5082	3.91194	-0.03648	0	0.0162	2.12306	5.10188	0.00226	0.04271	-0.30286	-0.42964	0	0	0	0	0	0	0.13381	12.7397	10.5232	2.21652	0	-0.42155	0	0	4.3148	0.33792	37.0276	87.0526	68.9474
ASP_109	-3.5176	1.38473	3.38817	-0.15952	0.01033	0.51636	1.97073	4.48268	0.00596	0.01695	-0.59044	-2.69971	0	0	0	0	0	0	0.94933	8.04519	0.34478	0	7.70042	0.27198	0	0	-1.6204	0.85109	21.351	114.967	70.0328
LYS_110	-2.36287	0.38938	1.95612	-0.56497	0.65041	0.72362	0.60617	2.76425	0	0	-0.26572	-0.56397	0	0	0	0	0	0	0.18153	8.74723	3.31298	5.43426	0	0.31329	0	0	-0.8895	2.26223	22.6945	85.4852	166.515
GLY_111	-3.72245	1.55114	3.0797	-0.0003	0	0	1.53734	4.73123	0	0	-0.89256	-0.21052	0	0	0	0	0	0	8.32238	0	0	0	0	-2.2976	0	0	1.435	4.80388	18.3372	154.745	9.2546
PHE_112	-10.9894	6.89894	2.99882	-0.51337	0.1629	0.05517	3.75021	7.53484	0	0	-1.89005	-0.12554	0	0	0	0	0	0	0.12452	12.5437	7.98076	0	4.5629	-0.14903	0	0	1.9602	2.42956	37.3351	237	0
VAL_113	-6.07811	1.87855	4.06146	-0.26959	0.22703	0.06024	2.61817	6.3272	0.00244	0.0066	-1.0779	-0.41446	0	0	0	0	0	0	0.6623	0.67375	0.35047	0.32328	0	-0.83109	0	0	2.7371	-0.3981	10.8593	149.102	32.8975
LEU_114	-9.71076	9.45966	3.93878	-0.75327	1.05252	0.42904	4.34156	7.33475	0	0	-2.66504	-0.27173	0	0	0	0	0	0	2.30341	16.3091	5.21903	11.09	0	-0.33121	0	0	1.3223	0.48787	49.556	210	0
THR_115	-5.54314	2.12783	4.89669	-0.23153	0.16503	0.09969	3.51236	6.63806	0.01655	0.12513	-2.20659	-1.20005	0	0	0	0	0	0	7.63597	2.49046	0.48928	2.00118	0	-0.23996	0	2.57486	-0.9333	0.40564	22.8242	134.496	39.5038
MET_116	-9.16279	5.26265	4.82508	-0.43907	0.17336	0.24704	3.5824	6.97885	0	0	-2.09063	-0.40793	0	0	0	0	0	0	1.39047	11.0742	7.05599	4.01818	0	0.0475	0	0	1.4633	-0.28784	33.7307	254.851	7.14887
CYS_117	-2.14145	0.90358	1.59882	-0.07476	0.02364	0.07509	0.77276	2.29312	0.00689	0.11272	-0.72797	-0.38047	0	0	0	0	0	0	2.40683	4.12574	0.45997	3.66578	0	-0.13915	0	0	4.3148	0.26374	17.5597	59.994	96.006
ALA_118	-2.81368	0.344	2.52715	-0.01949	0	0	2.4904	4.12926	0	0	-0.26238	-0.28224	0	0	0	0	0	0	0.03746	0	0	0	0	0.5224	0	0	2.2619	1.13414	10.0689	118.842	34.1576
GLY_119	-0.81681	0.03391	1.21615	-5e-05	0	0	0.1904	1.50812	0	0	0.34565	-0.39524	0	0	0	0	0	0	-0.16745	0	0	0	0	0.50538	0	0	1.435	0.96462	4.81968	69.7922	94.2078
ASP_120	-2.25398	0.54499	2.25551	-0.11341	0.00047	0.34339	1.04714	2.92558	0.04064	0.22096	-0.14027	-0.56932	0	0	0	0	0	0	-0.02654	4.1905	0.00054	0	4.18996	-0.33232	0	0	-1.6204	0.39588	11.0993	95.7178	89.2822
MET_121	-5.73726	1.47808	4.6183	-0.37675	0.10492	0.12147	2.84846	5.69441	0.04063	0.22066	-1.4991	0.00198	0	0	0	0	0	0	0.16069	36.0584	22.4147	13.6438	0	1.77162	0	0	1.4633	2.59073	85.619	173.353	88.647
VAL_122	-5.09523	1.46528	3.23052	-0.27736	0.14765	0.05246	2.44479	5.09438	0	0	-0.38647	-0.2352	0	0	0	0	0	0	0.11788	0.12605	0.05559	0.07046	0	-0.81463	0	0	2.7371	2.65129	11.3845	124.089	57.9113
ALA_123	-7.23584	2.90014	3.81022	-0.02709	0.00528	0	3.71063	7.3814	0.04771	0.26876	-2.22363	-0.38294	0	0	0	0	0	0	0.0986	0	0	0	0	0.28509	0	0	2.2619	2.13295	13.0332	153	0
LYS_124	-5.98147	3.13787	5.64043	-0.44668	0.11255	0.31517	2.97495	6.55422	0	0	-0.61246	0.09948	0	0	0	0	0	0	2.81694	18.487	13.6844	4.80264	0	0.36618	0	0	-0.8895	2.22919	53.2909	153.349	98.651
ARG_125	-12.9265	6.13835	9.25169	-0.74069	0.28433	0.51262	5.47066	12.0513	0.06509	0.2663	-2.57055	-0.16551	0	0	0	0	-0.24345	0	3.41432	13.8024	7.06573	6.73665	0	-0.25716	0	0	-0.1423	0.58767	48.6008	262.319	2.68083
TYR_126	-8.32609	3.1333	4.86783	-0.7503	0.09728	0.49779	3.55699	7.45009	0.05508	0.47983	-2.802	-0.31188	0	0	0	0	0	0	-0.14679	7.75174	0.68128	0	7.07046	-0.03324	0.00041	0.00082	1.7379	0.43672	25.4472	190.493	57.5072
PHE_127	-11.3066	6.00164	2.63049	-0.54444	0.379	0.32557	2.68892	7.06991	0.03149	0.11607	-2.20623	-0.22484	0	0	0	0	0	0	-0.10633	7.30083	2.33266	0	4.96817	-0.28842	0	0	1.9602	-0.19675	20.9314	237	0
ILE_128	-8.01443	3.13082	5.56077	-0.47692	0.61006	0.07233	3.09249	8.13054	0	0	-1.19077	0.35337	0	0	0	0	0	0	0.06283	11.3235	9.53051	1.79297	0	-0.00074	0	0	1.8006	0.11997	35.8979	184.195	22.8052
ARG_129	-4.96978	2.72853	3.9766	-1.21816	1.43267	1.37045	1.65422	5.13071	0.00596	0.01695	-0.53888	-0.45611	0	0	0	0	0	0	0.23293	10.925	4.33968	6.58533	0	0.18318	0	0	-0.1423	1.83245	33.0894	142.92	122.08
THR_130	-2.18814	0.07872	2.58567	-0.27176	0.12815	0.19683	1.16455	2.90132	0	0	-1.01768	0.77012	0	0	0	0	0	0	0	6.91002	4.0293	2.88072	0	0	0	2.43643	-0.9333	1.56531	21.2363	49.974	124.026