label	fa_atr	fa_rep	fa_sol	fa_intra_atr_xover4	fa_intra_rep_xover4	fa_intra_sol_xover4	lk_ball	lk_ball_iso	lk_ball_bridge	lk_ball_bridge_uncpl	fa_elec	fa_intra_elec	pro_close	hbond_sr_bb	hbond_lr_bb	hbond_bb_sc	hbond_sc	dslf_fa13	omega	fa_dun	fa_dun_dev	fa_dun_rot	fa_dun_semi	p_aa_pp	yhh_planarity	hxl_tors	ref	rama_prepro	total	BSA	SASA
PRO_1	-3.55546	1.48721	2.61908	-0.13587	0.03376	0.09876	0.29633	1.90952	0	0.15809	-0.055	1.1498	0.80299	0	0	0	0	0	-0.03039	1.57485	0.55352	1.02134	0	0	0	0	-4.6787	0	3.24983	160.095	38.905
ALA_2	-2.70899	0.60656	3.4835	-0.02346	0	0	1.54471	4.335	5e-05	0.00014	1.01197	-0.39765	0.06723	0	0	0	0	0	0.10665	0	0	0	0	0.01674	0	0	2.2619	3.07748	13.3819	121.3	31.6996
PRO_3	-4.98497	7.05104	2.78766	-0.15306	0.02783	0.10812	1.23692	3.05888	0	0	-0.60887	0.07347	0.06737	0	0	0	0	0	0.00055	0.78728	0.48258	0.3047	0	-0.45166	0	0	-4.6787	4.11782	9.22697	192.373	6.62715
ASP_4	-3.11423	0.12771	4.61411	-0.12919	0.03711	0.39275	1.4353	4.91855	0.04103	0.34212	1.38676	-0.79211	0	0	0	0	0	0	2.05291	7.47909	1.02242	0	6.45667	-1.23304	0	0	-1.6204	0.57678	23.9943	145.789	39.211
ASN_5	-5.97902	3.70511	3.74699	-0.29894	0.29366	0.50124	1.84105	5.8252	0.03959	0.39137	-0.41435	-0.83673	1.18872	0	0	-0.69902	0	0	-0.05878	2.51577	0.02816	0	2.4876	-0.65187	0	0	-0.3009	1.94893	15.2738	152.808	31.1916
PRO_6	-6.23738	4.63955	3.80966	-0.10544	0.01053	0.0659	0.9262	4.18112	0.03357	0.28388	-0.17111	0.73629	1.19042	0	0	0	0	0	0.01	0.69658	0.12057	0.57601	0	-0.48911	0	0	-4.6787	2.40323	8.00178	176.429	22.5714
SER_7	-5.70244	2.52686	6.04141	-0.04507	0.02684	0.06828	3.59465	7.73236	0.00163	0.00595	-1.29004	0.12798	0	0	0	-0.69902	0	0	-0.06449	0.43625	0.00475	0.4315	0	0.77092	0	4.04	-0.539	1.21503	18.6844	162	0
TYR_8	-7.97416	4.87454	5.20628	-0.83041	0.04585	0.28365	2.87683	7.40443	0.04574	0.42002	-0.47617	-0.2836	0	0	0	0	0	0	0.21885	2.32228	0.01613	0	2.30615	-0.77665	0	0	1.7379	2.13037	19.548	233.026	14.9741
ALA_9	-4.53009	0.93054	4.04052	-0.01746	0	0	2.1518	6.17753	0.00163	0.00595	-0.07177	-0.30009	0	0	0	0	0	0	0.63722	0	0	0	0	0.3597	0	0	2.2619	3.46499	15.1124	137.627	15.3727
ALA_10	-4.06744	0.37868	3.8021	-0.02187	0	0	2.0404	5.79907	0	0	-0.50084	-0.37025	0	0	0	0	0	0	-0.15585	0	0	0	0	-0.16181	0	0	2.2619	3.75618	12.7603	124.962	28.0376
GLU_11	-4.45349	1.7514	5.73504	-0.37421	0.2575	0.53198	3.53662	7.06715	0.02641	0.2495	-1.21909	-0.71738	0	0	0	0	0	0	0.01195	10.3332	6.50313	0	3.83011	0.10558	0	0	-1.6358	2.04684	33.5865	125.073	97.9274
VAL_12	-4.91741	0.31338	3.33655	-0.32968	1.33835	0.07692	2.28743	5.08486	0	0	-1.97074	-0.54072	0	0	0	0	0	0	-0.14887	3.80397	1.91177	1.8922	0	0.72008	0	0	2.7371	1.08522	16.6804	147.121	34.8788
GLN_13	-5.89086	1.24353	6.17422	-0.28085	0.13768	0.27688	3.03132	7.64427	0	0	-1.06772	-0.7533	0	0	0	0	0	0	1.00394	8.40071	4.73773	0	3.66299	-0.06658	0	0	-0.1077	0.26336	28.4096	163.384	53.6161
SER_14	-3.53469	0.36194	3.77492	-0.0463	0.00504	0.06801	2.07901	4.52353	0.02641	0.2495	-0.23106	-0.71073	0	0	0	0	0	0	0.69976	1.14252	0.00102	1.14151	0	0.07184	0	4.04	-0.539	-0.29267	12.8306	109.743	52.257
ILE_15	-5.87808	4.78497	2.75239	-0.51071	2.01152	0.12796	2.66776	4.8857	0.08908	0.3956	-0.12599	-0.34692	0.29024	0	0	0	0	0	-0.04262	2.85199	2.4566	0.39539	0	-0.2299	0	0	1.8006	2.59948	20.9751	176.929	30.0714
PRO_16	-3.52256	1.66166	3.19031	-0.0775	0	0.04819	1.62483	3.7766	0	0	-0.54784	0.67343	0.32073	0	0	0	0	0	-0.17832	1.86028	0.53764	1.32264	0	0.33825	0	0	-4.6787	3.18569	9.53534	121.372	77.6282
SER_17	-3.49594	2.0325	3.20198	-0.03563	0.00457	0.03331	1.41971	4.20593	0.03609	0.31285	0.15488	-0.51175	0	0	0	0	0	0	0.67293	1.30403	0.65784	0.64619	0	0.24706	0	4.04	-0.539	0.9223	15.3099	108.821	53.1792
VAL_18	-5.25521	3.4374	1.39725	-0.3376	1.16703	0.07481	1.77831	4.21226	0	0	0.17632	0.27623	0	0	0	0	0	0	-0.05446	41.5814	40.3666	1.21483	0	0.37245	0	0	2.7371	0.60277	93.7475	143.774	38.2259
ALA_19	-2.35323	0.19598	1.66588	-0.02956	0.03112	0	1.14509	2.7609	0.08908	0.3956	-0.56933	-0.47268	0	0	0	0	0	0	0.01889	0	0	0	0	0.71051	0	0	2.2619	0.88432	6.7345	95.7207	57.2793
LYS_20	-4.29734	2.75881	4.8026	-0.52981	0.56189	0.30775	1.75778	5.10799	0	0	0.01793	0.26152	3.4785	0	0	0	0	0	0.04836	2.77139	0	2.77139	0	-0.07414	0	0	-0.8895	3.39248	22.2476	129.88	122.12
PRO_21	-2.19537	0.78713	1.7323	-0.20304	0.01933	0.15147	0.69441	1.93338	0.00019	0.00048	-1.03507	-0.00611	3.48272	0	0	0	0	0	-0.01841	1.90306	0.37406	1.529	0	-1.93584	0	0	-4.6787	2.11974	4.65471	108.422	90.578
ILE_22	-6.32615	4.08987	3.60915	-0.66907	5.85448	0.24743	1.88498	5.82002	0.04343	0.29155	-1.67596	-0.52813	0	0	0	-0.98761	0	0	-0.00744	15.3654	9.1183	6.24707	0	-1.06782	0	0	1.8006	-0.9252	42.1849	184.965	22.0346
LYS_23	-2.63297	0.29591	3.14711	-0.30517	0.05814	0.13903	1.29762	3.90381	0.00534	0.02503	-0.458	0.14131	0	0	0	0	0	0	-0.03788	2.65679	0	2.65679	0	-0.06556	0	0	-0.8895	-1.09178	8.84601	79.998	172.002
GLY_24	-2.86428	0.59557	2.99325	-0.00014	0	0	1.07856	4.21235	0	0	-0.51338	-0.26019	0	0	0	0	0	0	-0.23873	0	0	0	0	1.65957	0	0	1.435	1.0104	9.108	133.09	30.9103
GLN_25	-9.86476	17.9332	9.59134	-0.97626	0.45788	1.07499	5.17215	12.2009	0.01509	0.09484	-3.0717	-0.59453	0	0	0	-1.45634	-0.29525	0	0.29171	7.84623	3.37763	0	4.4686	-0.03053	0	0	-0.1077	1.78283	47.9103	214.438	2.56172
ALA_26	-1.28003	0.23799	1.35933	-0.02435	0.00119	0	0.37325	1.99042	0	0	0.22202	-0.41039	0	0	0	0	0	0	0.2786	0	0	0	0	-0.26713	0	0	2.2619	2.42259	7.16538	38.7854	114.215
GLY_27	-1.44543	1.10441	2.04543	-8e-05	0	0	1.12247	2.71244	0	0	-0.67917	-0.33921	0	0	0	0	0	0	0.02412	0	0	0	0	0.95704	0	0	1.435	4.01005	10.9471	95.066	68.934
ALA_28	-3.68931	0.36569	2.38496	-0.02596	5e-05	0	2.09313	4.54435	0	0	-0.75704	-0.25724	0	0	0	-0.02859	0	0	0.18285	0	0	0	0	0.45386	0	0	2.2619	1.53777	9.06642	142.143	10.8567
THR_29	-2.80013	2.65658	2.29639	-0.22083	1.69097	0.08204	0.87343	3.09835	0.00015	0.00179	0.14844	-1.23834	0	0	0	0	0	0	0.31614	3.06438	0.87417	2.19021	0	-0.1492	0	5.03056	-0.9333	-0.63918	16.3426	89.6362	84.3638
GLY_30	-4.2471	1.24271	4.69285	-0.00026	0	0	2.26625	6.54111	0	0	0.68918	-0.17371	0	0	0	0	0	0	-0.02641	0	0	0	0	-2.47893	0	0	1.435	0.06775	10.0085	158.364	5.63578
LEU_31	-7.06666	1.70862	4.29199	-0.59195	0.71588	0.17219	2.7062	7.58728	0.03437	0.24387	-0.40916	0.186	0	0	0	0	0	0	0.16459	5.22958	4.59692	0.63266	0	-0.02538	0	0	1.3223	2.50634	24.0056	166.148	43.8523
VAL_32	-4.00383	0.50821	4.0822	-0.28784	0.5092	0.06304	1.27299	5.33694	0	0	-0.92919	-0.09306	0	0	0	0	0	0	2.86942	12.8865	12.4415	0.44494	0	-0.60706	0	0	2.7371	2.22314	39.4542	93.1848	88.8152
GLU_33	-5.01163	4.71808	6.30727	-0.56649	1.67951	1.83242	2.95195	7.63716	0	0	0.98014	-2.31376	0	0	0	0	0	0	0.31805	8.82253	2.3114	0	6.51112	0.52952	0	0	-1.6358	0.98669	36.0582	123.769	99.2307
GLY_34	-1.97084	0.17613	2.17739	-4e-05	0	0	0.49031	2.92887	0	0	-0.07274	-0.41627	0	0	0	0	0	0	2.53573	0	0	0	0	-1.09616	0	0	1.435	3.27387	9.46124	111.967	52.0332
GLN_35	-6.44416	2.41258	5.13406	-0.45709	0.22095	0.36488	3.18354	7.06087	0	0	-1.04407	-0.23772	0	0	0	0	0	0	0.94631	5.86124	0.66049	0	5.20075	0.36901	0	0	-0.1077	2.97191	26.0959	170.386	46.6144
SER_36	-3.71484	0.35751	4.03761	-0.04755	0.06153	0.073	3.16137	5.27196	0.06609	0.39517	-2.21974	-0.65427	0	0	0	0	0	0	0.09227	3.73861	3.33357	0.40503	0	-0.54184	0	4.04	-0.539	0.38572	17.7022	126.094	35.9061
LEU_37	-6.84813	2.30321	3.01205	-0.61381	1.66306	0.17247	2.08109	5.38847	0.04281	0.37191	-1.09466	0.28734	0	0	0	0	0	0	0.14896	1.97247	0.88242	1.09005	0	-0.07723	0	0	1.3223	0.54051	12.6453	179.252	30.7477
THR_38	-4.90678	0.31902	4.31342	-0.13904	0.29295	0.08988	3.18495	5.96294	0.07157	0.46541	-1.9408	-0.95832	0	0	0	0	0	0	0.00345	3.63574	3.48767	0.14807	0	-0.64563	0	5.0264	-0.9333	0.38076	17.8583	137.077	36.9228
LEU_39	-6.32705	8.55436	3.34245	-0.67066	2.45809	0.29974	3.14241	5.72469	0	0	-2.37397	-0.08445	0	0	0	0	0	0	-0.0635	2.99014	1.47794	1.51219	0	-0.29249	0	0	1.3223	0.13992	21.1521	167.978	42.0216
THR_40	-5.24579	4.86239	4.22387	-0.19735	0.47634	0.09167	3.4169	6.1267	0	0	-2.88921	-0.06835	0	0	0	0	0	0	0.15274	12.6599	10.8916	1.76825	0	-0.27602	0	5.01296	-0.9333	0.46739	40.5408	128.975	45.0253
THR_41	-5.44053	0.74286	4.80126	-0.22706	0.18366	0.08857	3.94637	6.42619	4e-05	0.00018	-2.4699	-0.39068	0	0	0	0	0	0	1.49219	2.08948	0.42503	1.66445	0	-0.22073	0	5.00384	-0.9333	-0.015	17.1669	148.25	25.7501
ARG_42	-9.08078	2.2361	9.19516	-0.64626	0.30139	0.40096	5.8676	11.013	0.01829	0.23915	-5.90962	0.54943	0	0	0	-0.1487	-1.79966	0	0.34603	3.81451	0.70228	3.11223	0	-0.11149	0	0	-0.1423	-0.16118	19.7961	226.858	38.1424
ASN_43	-5.57914	0.79443	5.9248	-0.26728	0.05099	0.40853	4.12422	7.48418	4e-05	0.00018	-3.44485	-0.43123	0	0	0	0	-1.28095	0	-0.1747	7.36413	2.3473	0	5.01682	-0.50066	0	0	-0.3009	-0.46328	21.0726	152.136	31.8638
PHE_44	-9.60327	1.79671	4.93967	-0.8241	0.34062	0.25573	3.36301	8.66169	0.02688	0.0902	-3.00239	-0.7194	0	0	0	0	0	0	0.23274	3.83816	0.04887	0	3.78929	-0.43239	0	0	1.9602	-0.20007	14.5621	225.357	11.6431
TYR_45	-7.48316	2.65623	4.76944	-0.74379	0.05911	0.14141	3.34878	7.18944	0.03739	0.23029	-2.5527	-0.46933	0	0	0	0	0	0	-0.07853	3.25159	0.04958	0	3.20201	-0.01986	0	0	1.7379	-0.05131	15.2745	208.906	39.0942
SER_46	-4.95948	0.87631	4.84354	-0.03295	0.0063	0.0418	3.11755	6.35137	0.05603	0.54405	-2.23914	-0.05107	0	0	0	0	0	0	0.53465	1.45623	0.1905	1.26573	0	0.07625	0	4.04	-0.539	-0.10749	15.4712	153.001	8.99872
ARG_47	-5.06793	1.25537	4.48861	-0.4938	0.21123	0.29505	2.68179	5.29771	0.12603	0.72137	-1.40779	0.251	0	0	0	0	0	0	0.12929	8.54673	5.9741	2.57264	0	0.28958	0	0	-0.1423	1.88187	27.6106	141.815	123.185
GLU_48	-5.88318	4.34142	6.3698	-0.26708	0.38265	0.44439	3.24175	7.09032	0.00688	0.04423	-0.2528	-0.51224	0	0	0	0	0	0	1.91917	20.8766	15.9097	0	4.96698	0.60772	0	0	-1.6358	1.98556	59.636	173.984	49.0163
ASN_49	-3.48662	1.68699	3.39325	-0.17674	0.02716	0.30229	2.30053	4.31496	0.06196	0.22383	-1.24014	-0.36646	0	0	0	0	-0.27845	0	5.89431	6.95553	0.5933	0	6.36224	-0.90439	0	0	-0.3009	-0.12419	25.2385	72.9113	111.089
GLN_50	-2.63862	0.59218	2.18055	-0.3984	0.15826	0.29869	1.0526	2.69674	0.03584	0.11432	-1.02606	-0.42215	0	0	0	0	-0.27845	0	-0.12536	4.01975	0	0	4.01975	-0.00655	0	0	-0.1077	1.44925	11.6147	54.5901	162.41
ARG_51	-2.55332	2.32357	3.23842	-0.55703	0.19169	0.35245	1.50677	3.69973	0	0	-0.1778	0.38521	0	0	0	0	0	0	-0.14519	2.63884	0	2.63884	0	0.33626	0	0	-0.1423	1.86814	15.6043	47.1694	217.831
ASN_52	-4.06741	0.20825	3.0944	-0.17463	0.00685	0.29569	1.26485	4.05303	0.03584	0.11432	-0.79972	0.02434	0	0	0	0	0	0	-0.02651	6.55872	3.59561	0	2.96311	0.32565	0	0	-0.3009	0.40161	17.5731	116.662	67.3381
ALA_53	-2.92779	0.55831	2.77419	-0.02159	0	0	2.6731	4.15538	0	0	-1.94295	-0.38965	0	0	0	0	0	0	-0.00233	0	0	0	0	-0.83761	0	0	2.2619	0.14298	6.44394	110.368	42.6321
TRP_54	-5.62343	1.47812	3.12392	-0.86365	0.79825	0.4155	2.09386	5.20148	0.0042	0.02306	-1.48441	-0.25759	0	0	0	0	-0.84297	0	0.86092	3.50459	0.31157	0	3.19301	-0.38031	0	0	3.7077	1.61269	16.8765	152.977	117.023
VAL_55	-6.35764	4.16719	3.65437	-0.23569	0.3575	0.04227	3.21456	6.68963	0	0	-2.85109	0.04133	0	0	0	0	0	0	0.23546	2.4953	0.33341	2.16189	0	-0.57455	0	0	2.7371	1.42621	17.5372	159.5	22.4997
GLN_56	-6.51246	4.14565	6.36271	-0.51352	0.32578	0.31456	3.99156	8.22403	0	0	-2.75925	-0.37469	0	0	0	0	-0.43799	0	0.08984	9.55116	4.10118	0	5.44999	0.23836	0	0	-0.1077	0.30637	32.3956	188.557	28.443
GLY_57	-4.11886	0.74791	3.70151	-0.00084	0	0	2.87256	5.44727	0	0	-3.58108	-0.32275	0	0	0	0	0	0	0.66574	0	0	0	0	1.41319	0	0	1.435	2.51618	10.7758	163.278	0.721597
THR_58	-5.49808	1.07336	4.7992	-0.16851	0.20748	0.06008	3.68237	6.79986	0.01922	0.24841	-1.87983	-0.5274	0	0	0	0	0	0	0.29808	0.54973	0.03861	0.51113	0	0.1511	0	5.0331	-0.9333	2.44493	16.9095	147.839	26.1611
VAL_59	-6.37146	2.70329	2.23075	-0.27255	0.28961	0.05788	2.95566	5.7525	0	0	-2.58177	-0.29745	0	0	0	0	0	0	1.73419	0.67787	0.36433	0.31354	0	-1.23176	0	0	2.7371	0.14388	9.20561	160.482	21.5184
LEU_60	-5.31962	8.10613	2.41746	-0.5274	0.31372	0.15213	2.85939	4.92881	0.03435	0.11069	-2.09447	0.14109	0	0	0	0	0	0	-0.14936	5.67449	4.62878	1.04571	0	-0.40189	0	0	1.3223	-0.19713	23.0452	136.749	73.2506
LYS_61	-5.68925	6.28171	5.04652	-0.48344	0.14196	0.2562	3.11962	6.60241	0.10766	0.77826	-2.48699	0.05519	0	0	0	0	0	0	2.68768	12.7917	9.10408	3.68757	0	0.55918	0	0	-0.8895	0.20841	41.8789	185.675	66.3247
TYR_62	-8.34248	1.3987	5.12375	-0.92185	0.43508	0.26018	3.71763	8.19194	0.0776	0.43815	-2.36328	-0.54557	0	0	0	0	0	0	0.37535	3.68067	0.43926	0	3.24141	-0.03115	0	0	1.7379	-0.11457	16.7987	208.519	39.4812
SER_63	-5.41013	1.46294	6.36686	-0.03592	0.00086	0.02272	4.26563	7.7796	0.07528	0.48006	-2.98066	-0.52848	0	0	0	0	0	0	-0.04385	1.37273	0.55111	0.82161	0	0.66613	0	4.04	-0.539	0.17597	18.5435	146.078	15.9221
SER_64	-6.40887	1.33974	6.06514	-0.04204	0.10744	0.0639	4.05062	7.91091	0.02595	0.31134	-2.7987	-0.50823	0	0	0	-0.72964	0	0	1.45436	1.61963	1.45066	0.16897	0	-0.85376	0	4.04	-0.539	0.17855	16.907	160.176	1.82445
GLY_65	-4.38547	0.74572	4.49424	-0.00045	0	0	2.27878	6.37969	0.05069	0.33492	-1.90023	-0.15369	0	0	0	0	0	0	0.10186	0	0	0	0	-1.54234	0	0	1.435	-0.12057	7.71815	152.726	11.2739
TYR_66	-11.0897	6.18895	6.74742	-0.51854	0.02474	0.17521	3.09214	10.5728	0.00015	0.00179	-2.28615	-0.17305	0	0	0	0	-0.5894	0	1.08317	5.29241	2.64158	0	2.65083	-0.29711	0	0	1.7379	-0.33949	24.9157	232.925	15.0746
THR_67	-5.21401	0.68444	4.41053	-0.12608	0.07879	0.07478	3.06532	6.32574	0.04657	0.43457	-1.31445	-0.80907	0	0	0	-0.70026	0	0	0.97924	0.49096	0.36349	0.12748	0	0.30443	0	5.04668	-0.9333	0.15727	13.4931	134.68	39.3204
GLN_68	-2.56107	0.15548	2.12463	-0.24533	0.11711	0.2091	0.54095	2.82881	0	0	-0.30973	-0.37464	0	0	0	-0.02859	0	0	0.0185	5.19074	1.53553	0	3.65521	-0.16538	0	0	-0.1077	0.234	12.8176	83.8143	133.186
GLY_69	-1.89556	0.46384	2.77626	-0.00082	0	0	1.02385	3.42724	0.02061	0.27074	-0.23496	-0.24299	0	0	0	-0.75608	0	0	-0.06444	0	0	0	0	-2.52629	0	0	1.435	0.12	3.81641	113.644	50.3559
THR_70	-2.04154	1.14724	1.63403	-0.20804	0.41711	0.07275	0.75276	2.51736	0.09136	0.49997	0.09347	-0.66298	0	0	0	0	0	0	0.7944	1.4518	1.40375	0.04806	0	0.05414	0	5.03635	-0.9333	2.4567	14.6254	46.924	127.076
VAL_71	-4.32043	1.62228	1.79288	-0.26652	0.30639	0.05306	0.66785	4.32082	0.00572	0.05215	0.30825	-0.0655	0	0	0	0	0	0	-0.10927	0.5538	0.00685	0.54695	0	-1.11348	0	0	2.7371	1.698	8.7969	104.57	77.4296
GLY_72	-4.76408	1.9508	3.79472	-0.00055	0	0	2.88672	5.86279	0	0	-1.87729	-0.27408	0	0	0	0	0	0	0.18549	0	0	0	0	0.85907	0	0	1.435	0.80437	10.863	164	0
PHE_73	-6.85394	2.28032	3.46532	-0.75759	0.13527	0.03823	3.42847	6.56566	0.02584	0.31081	-1.39042	-0.50597	0	0	0	0	0	0	0.16098	5.40752	0.23322	0	5.1743	-0.5317	0	0	1.9602	0.69782	19.8443	176.965	60.035
GLY_74	-5.16311	0.93288	3.75031	-0.00209	0	0	2.79287	5.96241	0.07529	0.25121	-1.61264	-0.40315	0	0	0	0	0	0	-0.22874	0	0	0	0	-0.94656	0	0	1.435	-0.00619	6.8375	164	0
PHE_75	-7.33141	1.19255	4.57782	-1.00168	0.172	0.58539	2.49282	7.09018	0.03968	0.29596	-2.43738	-0.16991	0	0	0	-0.4312	0	0	0.32846	2.52681	0.27612	0	2.2507	-0.48486	0	0	1.9602	0.67497	12.6072	172.75	64.2502
ASP_76	-6.43499	2.67179	8.72166	-0.11479	0.0035	0.36034	5.30942	10.1883	0	0	-5.31525	-0.21609	0	0	0	0	-0.34971	0	0.71018	5.09006	0.94406	0	4.146	0.94822	0	0	-1.6204	0.61669	25.6589	165.332	19.6683
VAL_77	-4.74546	0.63799	2.98011	-0.25593	0.24761	0.05207	3.00329	5.21404	0	0	-2.93384	-0.38999	0	0	0	0	0	0	1.08933	2.70655	2.40153	0.30503	0	-1.18394	0	0	2.7371	0.0975	11.963	135.88	46.1203
ALA_78	-6.0329	7.03714	2.7604	-0.02422	8e-05	0	3.34745	6.38729	0.00933	0.0261	-2.02653	-0.40375	0	0	0	0	0	0	-0.03345	0	0	0	0	0.63294	0	0	2.2619	0.18519	14.127	153	0
ALA_79	-4.1174	2.5406	3.00345	-0.0264	0.00265	0	2.95726	5.37098	0.01715	0.05215	-1.93498	-0.38999	0	0	0	0	0	0	0.50433	0	0	0	0	0.96508	0	0	2.2619	0.86888	12.0757	120.009	32.991
PHE_80	-9.928	12.1251	3.03989	-0.6119	5.91767	0.30608	3.60225	7.46704	0.00933	0.0261	-2.28223	-0.48867	0	0	0	0	0	0	0.58712	5.20344	0.02211	0	5.18133	-0.26445	0	0	1.9602	0.07633	31.9487	229.378	7.62185
ASN_81	-6.0182	1.24787	6.19731	-0.32586	0.06944	0.5451	4.06642	8.02665	0.01776	0.06011	-2.70944	-0.16133	0	0	0	0	0	0	0.78054	7.08424	2.46537	0	4.61886	1.05737	0	0	-0.3009	-0.09467	26.6267	162.841	21.1587
GLU_82	-7.90179	4.53694	7.43694	-0.26333	0.0577	0.23817	3.72394	9.31698	0.12817	0.98072	-3.19894	-0.2299	0	0	0	0	0	0	0.50324	7.93788	2.90407	0	5.03381	-0.22742	0	0	-1.6358	0.43746	29.7789	209.777	13.2234
ILE_83	-6.05405	1.14306	4.49508	-0.49295	1.81989	0.11073	3.19243	6.22694	0.0042	0.02306	-2.29983	-0.0816	0	0	0	0	0	0	0.2729	0.43603	0.00834	0.42769	0	0.20891	0	0	1.8006	1.31668	12.5581	167.283	39.7172
ALA_84	-2.85972	4.07781	1.53818	-0.01987	0	0	1.65375	3.17742	0	0	-1.14617	-0.13801	0	0	0	0	0	0	0.04406	0	0	0	0	0.13278	0	0	2.2619	1.15385	9.87597	103.067	49.9331
LEU_85	-2.04443	3.95005	1.13261	-0.52643	1.0073	0.16631	0.84616	1.87722	0	0	-0.14165	0.07287	0	0	0	0	0	0	25.2396	0.5681	0	0.5681	0	1.33878	0	0	1.3223	3.79588	39.1728	62.3929	147.607
GLY_86	-1.60999	0.17239	1.59282	-8e-05	0	0	1.33222	2.36739	0	0	-0.90715	-0.29552	0	0	0	0	0	0	1.23371	0	0	0	0	-0.35024	0	0	1.435	6.21137	11.1819	75.6872	88.3128
GLU_87	-3.09418	2.02972	2.26656	-0.30031	0.09525	0.34585	0.76069	2.70141	0	0	-0.626	-0.34853	0	0	0	0	0	0	0.89164	4.76136	1.02318	0	3.73817	0.30756	0	0	-1.6358	4.62098	17.5376	107.725	115.275
TRP_88	-9.45686	5.41373	5.76171	-1.45418	0.3967	0.75836	2.79972	8.6486	0	0	-2.5038	-0.27538	0	0	0	0	0	0	0.01273	3.2448	0.83892	0	2.40587	-0.13503	0	0	3.7077	3.07106	23.2346	219.82	50.1804
SER_89	-3.12017	1.39016	2.51064	-0.03023	0.00069	0.0192	1.10757	3.34924	0.07306	0.68026	-0.88686	-0.55084	0	0	0	0	0	0	-0.03628	3.52508	0.78143	2.74365	0	-0.84311	0	4.04	-0.539	0.61161	14.8261	99.8235	62.1765
LYS_90	-7.8078	5.8438	8.49709	-0.49627	0.21429	0.31206	4.83911	9.4912	0	0	-4.24696	-0.14447	0	0	0	0	0	0	0.88903	7.96154	6.20901	1.75253	0	0.93816	0	0	-0.8895	1.75426	35.1171	228.175	23.8251
LEU_91	-4.83634	1.43094	2.33416	-0.53393	1.72203	0.1388	1.38007	4.51318	0	0	-0.12962	0.12814	0	0	0	0	0	0	0.84775	2.2381	0.92232	1.31577	0	-0.1075	0	0	1.3223	2.73165	15.4178	126.04	83.9596
GLY_92	-4.56146	2.46123	3.69325	-5e-05	0	0	1.8623	5.4902	0	0	-0.03723	-0.42544	0	0	0	0	0	0	0.85337	0	0	0	0	0.8881	0	0	1.435	1.06716	12.7264	164	0
VAL_93	-7.33099	2.21542	3.28349	-0.25815	0.30038	0.05174	2.89741	7.10585	0	0	-1.64459	-0.28725	0	0	0	0	0	0	0.12897	0.77644	0.23502	0.54141	0	-1.04514	0	0	2.7371	0.22241	9.92952	165.09	16.9097
ALA_94	-4.11145	0.9694	3.19085	-0.02794	0.01682	0	2.9149	5.23014	0	0	-3.20125	-0.45359	0	0	0	0	0	0	0.02121	0	0	0	0	0.25964	0	0	2.2619	2.42715	9.49779	120.876	32.1242
ASN_95	-8.02314	1.51103	7.80247	-0.41424	0.18871	0.85403	5.0565	9.69088	0.14938	0.97273	-3.59521	-0.14931	0	0	0	0	-0.24652	0	0.74412	4.96846	0.42392	0	4.54454	0.59127	0	0	-0.3009	2.87372	27.6425	177.59	6.41016
ILE_96	-5.18328	0.58213	3.67297	-0.55844	1.67395	0.12533	3.02901	5.34367	0	0	-2.43383	0.44396	0	0	0	0	0	0	-0.10334	1.64787	1.0661	0.58177	0	0.6878	0	0	1.8006	1.78611	14.1624	123.205	83.7952
ARG_97	-11.0763	4.62441	11.7667	-0.6469	0.53537	0.42622	6.0517	13.7695	0.09979	0.45402	-5.05302	-0.08265	0	0	0	-0.29844	-0.10319	0	-0.0197	7.29142	3.76808	3.52335	0	-0.27606	0	0	-0.1423	2.4856	37.0976	247.245	17.7546
LEU_98	-5.22536	3.31279	3.1836	-0.48243	0.53847	0.10425	2.93748	5.31118	0	0	-2.15229	0.072	0	0	0	0	0	0	0.85722	2.65554	1.78231	0.87324	0	-0.14645	0	0	1.3223	0.73483	15.6787	129.794	80.2064
ARG_99	-12.5609	24.5564	10.2895	-0.94431	1.25676	0.64936	5.36557	12.788	0.01102	0.04666	-3.86643	0.49641	0	0	0	0	-0.29525	0	0.40641	13.6323	6.08924	7.54308	0	-0.34939	0	0	-0.1423	-0.17221	64.8	248.004	16.9958
ALA_100	-3.83241	0.47446	3.68761	-0.02379	1e-05	0	2.77639	5.12795	0	0	-1.72283	-0.40989	0	0	0	0	0	0	0.40162	0	0	0	0	0.16763	0	0	2.2619	0.39955	9.3082	116.203	36.7974
SER_101	-3.73504	1.79811	4.63204	-0.02048	0.00139	0.02917	2.22251	5.39141	0.09136	0.49997	-1.72395	-0.36087	0	0	0	0	0	0	0.16	0.35857	0.11912	0.23945	0	-0.12004	0	4.04	-0.539	2.87821	15.9619	105.258	56.7424
ASN_102	-6.39541	4.1	6.64994	-0.19093	0.04767	0.33536	3.51523	8.54108	0.01664	0.16243	-3.90062	-0.5952	0	0	0	-0.41057	0	0	-0.06669	5.68339	0.04243	0	5.64096	-1.13549	0	0	-0.3009	2.42568	24.165	135.401	48.5989
THR_103	-6.4564	5.59824	5.76521	-0.15915	0.2159	0.05269	4.20543	8.03059	0.02993	0.20526	-2.38675	-0.45943	0	0	0	0	0	0	0.57101	0.75576	0.00619	0.74957	0	-0.34572	0	5.05305	-0.9333	-0.12467	20.3734	156.707	17.2929
GLU_104	-6.79699	2.98403	6.15163	-0.2975	0.07874	0.35781	3.17761	7.08463	0.0244	0.20227	-4.09043	-0.28433	0	0	0	0	-0.5894	0	1.1449	4.95716	0.20096	0	4.7562	0.14346	0	0	-1.6358	0.92759	18.4969	199.378	23.6221
PHE_105	-5.60879	1.12415	3.1269	-0.55025	0.10027	0.27362	2.77	5.16904	0	0	-2.41479	0.17819	0	0	0	0	0	0	-0.00189	2.83428	0.07906	0	2.75522	-0.50118	0	0	1.9602	0.58101	11.875	132.167	104.833
LYS_106	-6.68863	0.8605	5.64639	-0.28749	0.04624	0.11583	2.9309	6.39789	0.05181	0.38806	-3.18103	-0.14294	0	0	0	0	0	0	0.12187	5.5911	2.7645	2.8266	0	0.00667	0	0	-0.8895	-0.6295	15.9293	199.87	52.1298
ALA_107	-3.95366	1.07858	2.61442	-0.0242	0.00054	0	2.44904	4.56406	0.09306	0.56693	-1.80163	-0.45809	0	0	0	0	0	0	0.05336	0	0	0	0	-0.19526	0	0	2.2619	0.19098	7.44005	129.812	23.1884
GLY_108	-3.46144	1.45892	3.15029	-0.00087	0	0	2.43517	4.67872	0.00548	0.0194	-2.22924	-0.34095	0	0	0	0	0	0	1.01635	0	0	0	0	-2.52921	0	0	1.435	2.60257	8.24018	134.143	29.8567
ARG_109	-8.87486	3.01939	9.06482	-1.12772	1.07469	0.92336	5.40261	10.7542	0.01312	0.08253	-6.33966	0.54191	0	0	0	0	-0.99459	0	-0.01366	5.78214	1.68068	4.10146	0	0.34426	0	0	-0.1423	2.0854	27.3778	209.277	55.7233
PHE_110	-10.6365	2.46502	3.81489	-0.93547	0.26755	0.56499	2.42405	8.20631	0.00548	0.0194	-1.99141	-0.21922	0	0	0	0	0	0	0.05186	2.52978	0.54822	0	1.98156	-0.50154	0	0	1.9602	1.0831	11.6382	237	0
LEU_111	-6.05089	1.95254	0.5206	-0.55646	9.59607	0.12132	0.76382	2.86918	0.0086	0.06478	-0.09431	0.08815	0	0	0	0	0	0	-0.01813	3.42303	0.68125	2.74178	0	-0.62112	0	0	1.3223	0.75163	17.5642	196.111	13.8888
VAL_112	-5.83211	3.37381	1.43347	-0.26153	0.43552	0.05211	2.16707	4.50837	0.02606	0.28865	-0.93733	0.17519	0	0	0	0	0	0	1.01968	26.2745	22.9643	3.31013	0	-0.16391	0	0	2.7371	-0.2664	61.3047	171.751	10.2492
ASN_113	-4.51406	2.58316	2.0437	-0.34684	0.05177	0.71439	0.94287	3.68996	0.03757	0.43208	-0.50255	-0.71668	0	0	0	0	0	0	0.16062	3.36159	0.02531	0	3.33628	-1.32992	0	0	-0.3009	0.88944	10.5578	156.27	27.7299
THR_114	-7.87468	3.21237	5.46236	-0.13809	0.31891	0.09224	3.95151	8.28369	0.00028	0.00154	-0.19459	-1.05258	0.07767	0	0	0	0	0	0.00312	4.53142	4.24992	0.2815	0	-0.45094	0	5.02201	-0.9333	3.0374	27.8818	174	0
PRO_115	-7.95874	5.26485	1.79312	-0.07395	0	0.04572	1.33626	3.07571	0.05569	0.34374	-0.24932	0.59403	0.09568	0	0	-0.52345	0	0	-0.24123	0.5898	0.21424	0.37556	0	-1.25392	0	0	-4.6787	3.00759	1.81269	199	0
VAL_116	-6.21853	1.80319	1.37234	-0.28878	0.25935	0.0581	1.15105	4.24751	0	0	-0.35038	-0.0714	0	0	0	0	0	0	-0.05148	4.75806	4.41738	0.34068	0	0.07844	0	0	2.7371	0.83794	15.0806	176.718	5.28174
PHE_117	-9.56656	3.53687	1.35508	-0.6089	0.07607	0.08064	3.08618	5.65669	0	0	-1.32608	-0.43615	0	0	0	0	0	0	0.20996	3.82983	1.40173	0	2.4281	-0.22163	0	0	1.9602	2.49079	13.9528	237	0
SER_118	-6.41019	2.12971	6.22832	-0.05191	0.01218	0.07742	3.758	8.21281	0.00028	0.00154	-0.58327	-0.66009	0	0	0	0	0	0	0.09598	0.35095	0.00962	0.34133	0	-0.65766	0	4.04	-0.539	2.37014	18.7262	162	0
TYR_119	-9.53454	1.70901	4.18862	-1.20956	1.43866	0.78904	3.22708	7.30031	0.00308	0.05915	-0.53408	0.08252	0	0	0	0	0	0	1.20281	3.36118	0.03621	0	3.32496	0.69414	0	0	1.7379	1.1632	19.0397	233.85	14.1502
ILE_120	-8.71217	2.78855	5.3659	-0.56807	0.68019	0.12475	2.71062	8.21096	0.063	0.49342	-0.47489	0.11788	0	0	0	0	0	0	1.86009	3.50334	1.67483	1.82851	0	-1.01838	0	0	1.8006	0.89345	21.3426	175.221	31.7794
ASP_121	-5.57633	0.88306	6.52871	-0.30919	0.17694	1.0031	2.92305	7.1492	0.063	0.49342	-1.81111	0.08571	0	0	0	0	-1.37602	0	0.08462	2.98446	0.04036	0	2.9441	-0.715	0	0	-1.6204	0.92616	14.8778	179.44	5.56023
ASN_122	-6.50045	1.86538	6.2769	-0.33162	0.04456	0.65853	3.26972	7.78481	0	0	-1.88034	-1.20026	0	0	0	-0.67576	-0.5188	0	0.15776	3.79242	0.32796	0	3.46445	-0.75532	0	0	-0.3009	0.38676	15.8658	147.695	36.3049
ARG_123	-6.83713	1.84229	6.42109	-0.96288	1.83759	0.68714	1.79061	7.58797	0	0	-0.10825	0.48249	0	0	0	-0.45374	0	0	0.20949	5.12939	1.51312	3.61627	0	0.64335	0	0	-0.1423	1.97256	25.2291	165.638	99.3622
ALA_124	-4.2767	1.19796	1.70498	-0.02224	0	0	0.78737	3.55053	0	0	0.34447	-0.34952	0	0	0	0	0	0	1.22693	0	0	0	0	0.53714	0	0	2.2619	3.48846	10.4513	151.367	1.63284
LEU_125	-7.39345	9.41742	2.75194	-0.42464	0.36329	0.07169	1.85978	5.79443	0.08087	0.36872	-0.20359	0.05135	0.20131	0	0	0	0	0	0.08261	1.36522	0.49344	0.87177	0	-0.03996	0	0	1.3223	2.94378	19.9783	208.463	1.53703
PRO_126	-5.46158	1.37256	2.65164	-0.18162	0.0023	0.12708	1.00546	3.20598	0	0	-0.64953	0.17795	0.23224	0	0	0	0	0	0.37805	0.5127	0.11492	0.39778	0	-1.13915	0	0	-4.6787	2.18105	0.24912	192.852	6.14812
SER_127	-6.23811	0.38405	5.61576	-0.04402	0.01906	0.06537	3.72975	6.82793	0	0	-1.49294	-0.76017	0	0	0	0	0	0	0.27726	0.25704	0.00517	0.25187	0	-0.67572	0	4.04	-0.539	-0.59204	11.1313	162	0
SER_128	-6.14451	1.2126	4.95075	-0.0324	0.00554	0.04673	3.17499	6.71252	0	0	-1.74	-0.37138	0	0	0	0	0	0	2.36399	1.04612	0.90761	0.13851	0	-0.9263	0	4.04	-0.539	0.01794	14.8637	162	0
PHE_129	-10.7891	4.49098	3.62532	-0.66562	0.0822	0.46012	3.94827	8.30309	0.01258	0.0407	-1.87401	0.31089	0	0	0	0	0	0	0.03925	6.14933	2.93033	0	3.219	-0.35339	0	0	1.9602	0.38986	22.28	236.553	0.446804
THR_130	-5.01852	1.92419	5.08047	-0.17601	0.18336	0.06446	3.04966	6.34732	0.00067	0.00186	-2.35296	-0.59242	0	0	0	0	0	0	0.06471	0.46757	0.31567	0.1519	0	-0.11243	0	5.02986	-0.9333	-0.16532	13.3308	140.169	33.8311
GLY_131	-4.10138	1.10541	2.77031	-0.00136	0	0	2.46507	4.95224	0.01258	0.0407	-2.46875	-0.34928	0	0	0	0	0	0	0.12504	0	0	0	0	-2.52211	0	0	1.435	0.70917	4.17263	159.291	4.70925
PHE_132	-4.53122	0.76857	3.00222	-0.64514	0.53702	0.38545	2.84992	5.18974	0	0	-2.69979	0.12879	0	0	0	0	0	0	-0.00039	3.72779	0.82681	0	2.90098	-0.44483	0	0	1.9602	0.27149	14.2276	82.4465	154.554
ALA_133	-4.5517	1.42862	2.4335	-0.02123	0	0	2.95816	5.06834	0	0	-2.44989	-0.40776	0	0	0	0	0	0	0.12116	0	0	0	0	-0.72916	0	0	2.2619	-0.54943	5.56251	145.409	7.59131
VAL_134	-5.96467	1.92242	2.42301	-0.38521	0.84675	0.09592	3.02953	5.6446	0	0	-2.75407	-0.32545	0	0	0	0	0	0	2.7576	1.48968	0.12031	1.36937	0	-1.01591	0	0	2.7371	-0.1792	11.8118	139.976	42.0239
THR_135	-5.25801	1.39744	3.60106	-0.18216	0.39345	0.06527	2.89043	5.62567	0	0	-2.36912	-0.44145	0	0	0	0	0	0	-0.08184	1.70587	1.48843	0.21744	0	-0.24094	0	5.05644	-0.9333	-0.10807	12.8266	155.469	18.531
SER_136	-4.76149	1.002	4.67113	-0.03636	0.01823	0.04966	3.44906	6.00814	0	0	-2.49656	-0.07995	0	0	0	0	0	0	0.10249	2.5276	2.13002	0.39758	0	0.34469	0	4.04	-0.539	0.51707	17.3443	120.015	41.9847
GLU_137	-5.72317	1.39004	6.31542	-0.25558	0.21025	0.47011	3.3488	7.26511	0.05875	0.34589	-2.1322	-0.49023	0	0	0	-0.73324	0	0	0.10632	4.93813	0.73956	0	4.19857	0.33982	0	0	-1.6358	2.53499	21.2915	194.923	28.0772
GLU_138	-3.72539	1.58697	6.14708	-0.40549	0.05451	0.68183	2.487	6.28279	0	0	-1.52695	-0.61756	0	0	0	-0.15619	0	0	0.59377	22.8297	12.2296	0	10.6001	-0.05255	0	0	-1.6358	2.65348	58.027	114.175	108.825
LEU_139	-4.12575	2.47344	3.62189	-0.55489	0.32589	0.14198	2.83401	5.14521	0	0	-0.36414	0.05882	0	0	0	0	0	0	0.17166	9.46088	7.94558	1.51529	0	-0.2767	0	0	1.3223	1.30347	30.9989	116.827	93.173
ASP_140	-1.55382	0.29856	1.41755	-0.10607	0.01173	0.32515	0.5589	1.85858	0	0	0.04129	-0.67905	0	0	0	0	0	0	2.34972	4.22563	0.23726	0	3.98837	-0.11426	0	0	-1.6204	4.53441	15.7735	51.2839	133.716
ASN_141	-5.6929	2.63991	4.64507	-0.34148	0.05135	0.70216	3.47738	6.36228	0.02893	0.23984	-1.89118	-1.29854	0	0	0	-0.50171	0	0	-0.05884	2.96296	0.00449	0	2.95847	-1.0385	0	0	-0.3009	3.92059	16.8694	150.037	33.9634
LEU_142	-6.03709	1.6121	3.15379	-0.61135	1.05297	0.17002	2.40358	5.38216	0.01602	0.05142	-1.32263	0.2938	0	0	0	0	0	0	-0.08659	1.2278	0.27356	0.95424	0	-0.09694	0	0	1.3223	0.98998	10.7492	154.555	55.4453
SER_143	-5.08717	1.75753	4.96705	-0.05507	0.14508	0.08603	3.42082	6.2294	0.00276	0.01402	-2.58794	0.21364	0	0	0	0	0	0	-0.10366	4.1914	3.62555	0.56585	0	0.75924	0	4.04	-0.539	1.45626	23.1018	160.176	1.82445
LEU_144	-5.57509	1.61613	4.04946	-0.51963	1.62833	0.10178	3.41945	6.18376	0.01602	0.05142	-3.68033	0.25779	0	0	0	0	0	0	0.0093	6.71374	5.67871	1.03503	0	-0.55608	0	0	1.3223	0.21429	21.9664	129.744	80.2565
GLN_145	-6.19045	1.09468	5.14965	-0.25663	0.0301	0.16697	3.6366	6.84885	0.01532	0.2051	-2.81608	-0.52241	0	0	0	0	0	0	0.04422	6.62467	1.66179	0	4.96288	-0.02529	0	0	-0.1077	-0.5049	20.0174	203.706	13.2936
ALA_146	-4.37583	1.05244	2.35227	-0.02028	0	0	2.89986	5.09604	0	0	-2.67395	-0.39677	0	0	0	0	0	0	0.28598	0	0	0	0	-0.8225	0	0	2.2619	-0.37192	5.28723	126.089	26.911
GLY_147	-4.10763	1.3251	2.95739	-0.00114	0	0	2.54247	5.03195	0	0	-2.08543	-0.33311	0	0	0	0	0	0	-0.01332	0	0	0	0	-0.62934	0	0	1.435	1.08728	7.20922	154.025	9.97491
SER_148	-5.01658	1.06693	5.18097	-0.03474	0.0083	0.04479	4.08579	6.70729	0	0	-3.13379	-0.12635	0	0	0	0	-0.01823	0	0.01523	1.40267	1.07189	0.33078	0	0.04799	0	4.04	-0.539	1.60724	16.7412	142.077	19.9227
PHE_149	-11.2489	3.02228	3.59837	-0.57208	0.15333	0.29972	3.49485	8.58569	0	0	-2.64581	0.01307	0	0	0	0	0	0	0.73624	2.65088	0.08726	0	2.56363	-0.19236	0	0	1.9602	0.05672	12.5631	237	0
ARG_150	-4.44723	0.12671	3.96307	-1.15303	1.2485	0.75379	1.63725	4.4303	0.09388	0.65003	-1.57649	0.1194	0	0	0	-0.06803	0	0	2.13027	3.32185	0	3.32185	0	-0.21772	0	0	-0.1423	-0.33727	13.8548	137.616	127.384
LYS_151	-6.3782	8.73376	7.42233	-0.47606	0.48484	0.31152	3.07931	7.75514	0.01446	0.05334	-4.08118	0.50355	0	0	0	0	0	0	-0.04292	14.7838	4.42736	10.3564	0	-0.04689	0	0	-0.8895	0.78112	46.7921	180.968	71.0317
VAL_152	-7.22396	8.13213	3.29749	-0.3778	0.72375	0.09123	2.93042	5.93872	0.00665	0.03261	-2.23536	0.00821	0	0	0	0	0	0	0.51841	1.07564	0.00978	1.06586	0	-1.21387	0	0	2.7371	0.41919	15.9362	179.948	2.05172
SER_153	-5.16403	0.79511	6.10489	-0.03888	0.02683	0.05344	3.65865	7.15424	0.03798	0.30014	-2.14994	-0.09272	1.67927	0	0	0	0	0	1.07059	1.66202	1.13377	0.52826	0	0.7835	0	4.04	-0.539	2.97998	24.0241	160.88	1.12049
PRO_154	-6.46745	2.18808	5.53376	-0.18493	0.00114	0.12947	1.73545	5.78656	0.02419	0.24866	-1.76744	0.11121	1.70004	0	0	0	0	0	0.9205	0.96913	0.52026	0.44887	0	-1.34159	0	0	-4.6787	2.96028	8.83749	191.31	7.68985
ARG_155	-9.31719	6.82516	9.56128	-0.89094	0.97309	0.69431	4.50157	10.2276	0	0	-3.44367	0.94872	0	0	0	-0.49557	-0.63941	0	0.1456	20.8401	18.4062	2.43382	0	-0.12506	0	0	-0.1423	-0.30285	60.2004	233.753	31.2468
THR_156	-2.47995	0.67014	2.28364	-0.23747	14.2305	0.08744	0.80283	2.8787	0.02218	0.32993	-0.53482	-1.09365	0	0	0	0	0	0	0.02135	2.39358	0.91842	1.47516	0	0.30532	0	5.03954	-0.9333	2.27758	28.4572	85.9333	88.0667
GLY_157	-3.2257	0.72508	3.51543	-0.00159	0	0	1.82499	4.57768	0	0	-0.57198	-0.37689	0	0	0	0	0	0	1.00146	0	0	0	0	-0.09318	0	0	1.435	3.67905	12.4894	148.117	15.8826
SER_158	-2.50155	1.37733	1.74096	-0.03968	0.06698	0.03548	0.24683	2.09102	0.04794	0.39819	0.47417	0.11688	0	0	0	0	0	0	-0.00916	5.46536	4.82287	0.64248	0	-0.31233	0	4.04	-0.539	1.11006	19.2748	103.968	58.0323
GLY_159	-1.74456	0.26626	2.28877	-0.00075	0	0	0.97953	2.71192	0.00665	0.03261	-0.06101	-0.30155	0	0	0	0	0	0	0.23761	0	0	0	0	1.0562	0	0	1.435	1.18558	8.09226	124.968	39.0325
ASP_160	-3.91596	7.32341	4.97758	-0.11058	0.02087	0.31757	2.12541	5.09178	0	0	-2.14542	-0.27592	0	0	0	0	-0.99459	0	-0.15868	2.85816	0.00084	0	2.85732	-0.09244	0	0	-1.6204	1.36661	17.6256	141.028	43.9719
GLU_161	-4.8974	1.85563	6.23678	-0.17558	0.01728	0.22257	3.4371	6.75784	0.05118	0.39064	-2.65319	-0.37368	0	0	0	0	0	0	1.597	7.78001	3.89839	0	3.88163	0.36396	0	0	-1.6358	0.51918	27.2735	136.503	86.4972
ASP_162	-2.89979	0.33086	3.96773	-0.093	0.00282	0.25821	0.87097	4.1452	0.00499	0.06105	-2.18647	-0.49567	0	0	0	0	0	0	0.51748	4.89688	0.13565	0	4.76123	0.26151	0	0	-1.6204	0.60769	13.527	119.07	65.9298
MET_163	-8.08439	2.52263	3.59633	-0.32028	0.10221	0.10843	2.14434	6.15893	0	0	-1.72619	-0.09609	0	0	0	0	0	0	-0.01954	6.16283	3.66227	2.50056	0	0.07567	0	0	1.4633	-0.75876	17.4922	261.553	0.446804
THR_164	-6.0218	1.52018	4.60931	-0.19911	0.19181	0.06414	2.85512	6.34204	0.14633	1.0703	-1.5694	-0.09764	0	0	0	0	0	0	-0.00657	1.24913	0.0236	1.22553	0	-1.25329	0	5.00601	-0.9333	-0.18475	14.0376	169.132	4.86844
THR_165	-6.38938	0.93458	4.47357	-0.13424	0.07476	0.08865	2.82914	6.74736	0.11612	0.59752	-0.55637	-0.62533	0	0	0	-0.29303	-0.34089	0	0.01002	1.70165	0.72311	0.97854	0	0.09658	0	5.04912	-0.9333	0.5572	15.7054	174	0
GLU_166	-7.65282	7.61572	8.36778	-0.64887	0.70158	1.28797	4.4329	9.38556	0.00494	0.0948	-1.79626	-0.52722	0	0	0	-0.79033	0	0	0.02668	34.3247	25.0972	0	9.22753	0.00303	0	0	-1.6358	0.59235	88.1114	196.973	26.0269
TYR_167	-8.32921	2.83718	6.29219	-0.60481	0.14989	0.3062	4.07295	8.38849	0.1328	0.91808	-0.71571	7e-05	0	0	0	-1.08039	0	0	1.30283	2.39714	0.02025	0	2.37689	-0.02868	0	0	1.7379	1.67057	21.8446	219.986	28.014
GLY_168	-2.68005	0.3583	2.03029	-0.00037	0	0	0.76627	3.17136	0.00076	0.00518	0.06169	-0.26636	0	0	0	0	0	0	0.7216	0	0	0	0	-2.49177	0	0	1.435	1.94709	5.05899	147.903	16.0974
THR_169	-3.8869	2.14562	3.90575	-0.13036	0.09145	0.07023	2.40391	4.70858	0.07323	0.46778	0.3904	-0.04891	0	0	0	-0.65914	-0.44089	0	0.06268	0.23637	0.00988	0.22649	0	-0.93468	0	5.01389	-0.9333	0.37653	13.1486	107.929	66.0713
ARG_170	-6.7269	3.02689	7.82753	-0.79598	0.60685	0.50658	3.52635	9.02169	0.11681	0.70318	-2.91818	-0.10412	0	0	0	-1.08336	0	0	-0.08212	3.85514	0.99283	2.86231	0	0.80228	0	0	-0.1423	0.92663	22.9221	169.228	95.7721
GLN_171	-3.63168	0.69668	4.31767	-0.69882	0.25968	0.82107	1.5461	4.90838	0.04992	0.42341	0.6306	-0.21463	0	0	0	0	0	0	0.59326	6.20371	0.81508	0	5.38863	-0.25309	0	0	-0.1077	0.77352	22.5218	91.0707	125.929
VAL_172	-5.88093	1.19113	2.4951	-0.33655	0.34805	0.07507	1.33326	5.47166	0.15117	0.81605	-0.04346	0.31413	0	0	0	0	0	0	-0.15481	15.919	13.3247	2.59428	0	-0.65728	0	0	2.7371	-1.10765	38.59	174.827	7.17281
LYS_173	-4.3651	0.56084	5.61738	-0.64106	0.43494	0.66219	1.97861	6.17692	0.11852	0.73073	-1.28115	-0.01648	0	0	0	0	0	0	0.22526	3.03462	0	3.03462	0	0.59149	0	0	-0.8895	-0.21068	15.7621	161.044	90.9557
GLY_174	-3.26148	0.38101	2.93915	-0.0004	0	0	1.95884	4.38116	0	0	-0.84138	-0.3396	0	0	0	0	0	0	1.82149	0	0	0	0	2.09003	0	0	1.435	2.72924	13.2931	164	0
ASP_175	-2.5564	0.10118	3.27447	-0.11609	0.01373	0.38007	1.20156	3.77258	0.03805	0.19924	-0.41065	0.04095	0	0	0	-0.06803	0	0	0.50321	3.70164	1.10064	0	2.60101	-0.2445	0	0	-1.6204	2.00756	13.9198	111.293	73.7073
ARG_176	-7.41834	0.99051	6.49917	-0.49058	0.13772	0.24538	3.49903	7.67766	0.00662	0.13842	-2.72562	0.51633	0	0	0	0	-0.49444	0	0.25543	2.63875	0	2.63875	0	-0.21566	0	0	-0.1423	0.96897	14.7258	162.915	102.085
LEU_177	-8.43251	6.92761	3.3749	-0.68482	0.97138	0.27092	3.05561	6.68171	0	0	-2.84437	0.09622	0	0	0	0	0	0	0.29307	6.88941	5.22873	1.66068	0	-0.25294	0	0	1.3223	1.55498	26.1129	209.488	0.512343
ASN_178	-6.47133	1.21514	6.25421	-0.17378	0.02432	0.26932	4.47245	8.02914	0	0	-3.66752	-0.30511	0	0	0	0	-0.47621	0	-0.00944	2.68521	0.07808	0	2.60713	0.84501	0	0	-0.3009	0.33425	15.41	140.467	43.5325
TYR_179	-9.5963	1.99239	2.78186	-0.99575	0.59434	0.61278	2.97535	7.14346	0	0	-1.95066	-0.27478	0	0	0	0	0	0	0.09068	3.14441	1e-05	0	3.1444	-0.62582	0	0	1.7379	0.07508	10.8494	237.362	10.6376
LEU_180	-4.00715	0.88895	3.02558	-0.58953	0.44193	0.14476	2.92792	4.97323	0	0	-2.68539	0.26451	0	0	0	0	0	0	0.06986	2.13964	1.32166	0.81798	0	-0.07508	0	0	1.3223	1.23895	12.2201	80.0267	129.973
GLY_181	-4.16709	2.59757	3.06474	-0.00132	0	0	2.8421	5.16874	0	0	-2.98728	-0.3455	0	0	0	0	0	0	-0.06491	0	0	0	0	-1.2513	0	0	1.435	1.67832	7.96907	153.426	10.5735
GLY_182	-3.78982	1.00149	3.51184	-0.00112	0	0	2.73006	5.25329	0	0	-2.13762	-0.34474	0	0	0	0	0	0	3.14041	0	0	0	0	0.96764	0	0	1.435	2.15082	13.9172	150.347	13.653
ASN_183	-7.83095	5.79518	7.19767	-0.18803	0.03565	0.29933	4.71796	8.99534	0.00293	0.01348	-2.68228	-0.51151	0	0	0	0	0	0	0.13403	3.09604	0.02432	0	3.07172	0.60628	0	0	-0.3009	1.78429	24.2605	184	0
TYR_184	-7.69781	3.04869	4.19376	-0.64785	0.24626	0.0434	3.21349	6.15807	0.02894	0.24023	-2.56225	-0.37435	0	0	0	0	0	0	0.26809	4.81811	0.35826	0	4.45984	-0.06951	0	0	1.7379	-0.30037	17.1629	147.382	100.618
LYS_185	-6.30462	3.94623	5.51652	-0.50166	0.75874	0.26457	2.33279	5.87927	0.00141	0.16412	-1.07465	-0.21191	0.77386	0	0	-0.50171	0	0	0.17252	3.59116	0	3.59116	0	0.20742	0	0	-0.8895	2.63575	20.3515	187.488	64.512
PRO_186	-5.51592	5.40293	1.74337	-0.08068	0	0.05015	0.72225	2.04847	0	0	0.30264	0.73364	0.77474	0	0	0	0	0	1.58134	1.61801	0.06788	1.55013	0	1.25627	0	0	-4.6787	3.39455	10.9711	146.128	52.8722
LEU_187	-4.00338	1.73393	3.20464	-0.45333	0.79965	0.09639	1.33622	4.31921	0.0309	0.1207	-1.0417	0.08656	0	0	0	0	0	0	1.60908	2.02569	0.06399	1.9617	0	0.93231	0	0	1.3223	2.02321	16.1681	83.9091	126.091
ASP_188	-1.30592	0.17	1.65357	-0.12454	0.00386	0.39994	0.43775	1.98494	0	0	0.03462	-1.44147	0	0	0	0	0	0	-0.0187	10.2953	3.20222	0	7.09308	0.15288	0	0	-1.6204	1.2766	22.1937	51.8462	133.154
GLY_189	-2.97146	4.29004	3.22631	-5e-05	0	0	2.65537	4.39454	0	0	-0.92663	-0.37878	0	0	0	0	0	0	0.74519	0	0	0	0	-2.37674	0	0	1.435	-1.25414	8.83864	147.155	16.8452
LEU_190	-6.21137	1.72239	3.77643	-0.65727	1.3917	0.2107	2.58224	5.62822	0.0309	0.1207	-0.81297	0.2167	0	0	0	0	0	0	1.99583	2.12137	0.88448	1.23689	0	0.05217	0	0	1.3223	-0.00321	15.6082	158.497	51.5034
GLU_191	-7.4376	1.89194	9.47126	-0.28277	0.22667	0.28475	5.47844	10.4153	5e-05	0.00014	-2.101	-0.16402	0	0	0	0	0	0	0.48794	4.59312	0.01556	0	4.57757	0.242	0	0	-1.6358	0.81728	26.8808	211.568	11.4322
ILE_192	-5.87599	1.19335	3.57812	-0.49317	1.18307	0.11582	2.87863	5.3766	0.00822	0.03337	-1.98732	-0.14366	0	0	0	0	0	0	-0.07989	0.53066	0.18425	0.34641	0	-0.74276	0	0	1.8006	0.11612	8.02242	147.674	59.3262
SER_193	-5.38541	1.41167	4.96319	-0.03399	0.0128	0.02406	4.07433	6.64057	0.01065	0.13256	-2.48114	-0.73523	0	0	0	0	0	0	-0.10474	1.30925	0.69031	0.61894	0	0.81185	0	4.04	-0.539	0.38189	15.8426	159.567	2.4326
LEU_194	-4.18813	1.8072	3.28408	-0.53934	2.10924	0.09948	2.84318	5.21261	0.00822	0.03337	-2.62352	0.2122	0	0	0	0	0	0	-0.05139	21.2145	19.8564	1.35814	0	-0.24532	0	0	1.3223	0.40974	52.123	82.2524	127.748
TYR_195	-11.0513	3.46402	5.17818	-0.52636	0.09842	0.21175	3.82813	8.96138	0.00152	0.00746	-2.84165	-0.32213	0	0	0	0	0	0	0.25829	6.45912	3.40461	0	3.0545	-0.27318	0	0	1.7379	0.16088	21.8116	244.504	3.49609
GLY_196	-3.15513	0.62813	2.87378	-0.00117	0	0	2.61154	4.23211	0	0	-2.66507	-0.36226	0	0	0	0	0	0	0.48181	0	0	0	0	1.61705	0	0	1.435	2.09539	9.79119	139.7	24.2997
SER_197	-5.09324	1.37925	4.96203	-0.05132	0.04009	0.07691	3.84006	6.31353	0.0486	0.36008	-2.96048	-0.77918	0	0	0	0	0	0	0.08011	2.84781	2.1102	0.73761	0	-0.20348	0	4.04	-0.539	2.08747	19.297	157.993	4.00688
HIS_198	-5.57755	0.90984	5.85344	-0.54059	0.01063	0.44525	3.79168	7.43155	0.02719	0.20595	-1.98516	-0.88278	0	0	0	0	-0.28348	0	-0.15504	3.99948	0.18855	0	3.81093	-0.25035	0	0	0.8406	-0.14624	17.6939	168.112	72.8882
PHE_199	-10.95	2.24417	3.93466	-0.68842	3.88732	0.1405	3.93826	8.67702	0	0	-3.88036	-0.06521	0	0	0	0	0	0	3.47466	5.11469	0.5153	0	4.59938	-0.57658	0	0	1.9602	0.57597	22.9015	237	0
GLN_200	-4.91462	1.5294	5.51745	-0.33832	0.07971	0.18439	1.94981	6.36413	0.00674	0.13881	-1.80787	-0.03326	0	0	0	0	0	0	-0.1285	4.44713	0.43384	0	4.01329	0.12968	0	0	-0.1077	1.90938	19.3735	152.047	64.9533
ASP_201	-5.82061	0.88855	6.56665	-0.11169	0.03372	0.3554	3.63995	8.05809	0.04018	0.22695	-3.98763	-0.62972	0	0	0	-0.90893	0	0	-0.0526	2.9509	0.03221	0	2.91869	-0.25115	0	0	-1.6204	2.17782	14.5064	146.431	38.5689
VAL_202	-7.4622	2.51563	2.34576	-0.27175	0.27521	0.05508	2.55074	6.30408	0.03752	0.4031	-1.48281	-0.27557	0	0	0	0	0	0	0.07433	1.18621	1.10731	0.0789	0	-0.73092	0	0	2.7371	2.11062	11.5584	182	0
TRP_203	-12.1387	2.8116	4.78147	-1.03913	7.06614	0.95306	3.25059	9.56278	0.02358	0.16066	-2.53269	-0.6786	0	0	0	0	0	0	2.53674	6.06041	0.64432	0	5.41609	-0.38734	0	0	3.7077	1.75159	31.9503	269.106	0.893609
ASN_204	-5.96585	4.12627	5.87259	-0.18345	0.2498	0.24428	4.44269	7.86744	0.0741	0.35806	-2.39585	-0.42424	0	0	0	0	-0.28348	0	0.2994	4.95767	0.38678	0	4.57089	0.67953	0	0	-0.3009	0.6263	25.202	154.09	29.9104
GLN_205	-8.05102	1.56046	6.43408	-0.27401	0.04504	0.14497	4.4314	8.72748	0.09842	0.54495	-3.8136	-0.323	0	0	0	-0.23707	-0.60045	0	-0.00983	12.2358	8.25532	0	3.98043	0.02887	0	0	-0.1077	0.1752	33.2457	213.351	3.6489
TYR_206	-5.51123	2.55382	4.00469	-0.62471	0.0755	0.35938	3.4321	6.11272	0.00238	0.01045	-2.76532	-0.18997	0	0	0	0	0	0	0.25322	2.77815	0.24557	0	2.53258	-0.20623	0	0	1.7379	-0.25532	14.5457	131.037	116.963
TYR_207	-10.8749	3.18054	4.83632	-0.8125	0.13351	0.18019	4.07046	8.51135	0.02029	0.17967	-2.37819	-0.50181	0	0	0	0	0	0	2.45051	3.43732	0.07074	0	3.36658	-0.03826	0	0	1.7379	-0.6015	16.9682	244.77	3.23041
LEU_208	-5.65554	0.92509	2.91118	-0.5917	0.80999	0.13211	2.85794	5.79448	0.02267	0.19012	-2.21155	0.3567	0	0	0	0	0	0	0.14265	1.30473	0.13253	1.1722	0	-0.11241	0	0	1.3223	-0.34313	9.16036	121.708	88.2921
GLY_209	-4.37126	1.08769	3.8141	-0.00095	0	0	3.13016	5.82671	0	0	-2.70518	-0.37122	0	0	0	0	0	0	0.01207	0	0	0	0	2.28408	0	0	1.435	2.82994	12.9711	161.133	2.86678
VAL_210	-4.85708	0.56349	2.87242	-0.27468	0.29818	0.06109	3.10863	5.15138	0	0	-2.57277	-0.29348	0	0	0	0	0	0	-0.09067	0.27545	0.0131	0.26235	0	-1.19416	0	0	2.7371	2.55306	8.61342	127.327	54.6733
THR_211	-5.33419	0.61552	4.47512	-0.16079	0.13434	0.05932	3.33001	6.52173	0.04251	0.42013	-2.90133	-0.67565	0	0	0	0	0	0	0.14224	1.54226	1.3027	0.23956	0	-0.21785	0	5.05018	-0.9333	-0.29178	13.3607	169.041	4.95905
HIS_212	-6.12722	5.23005	5.88347	-0.57162	0.07585	0.48071	3.53568	8.01558	0.0394	0.39654	-1.82327	-1.06008	0	0	0	0	0	0	0.43258	5.43015	0.0038	0	5.42635	-0.30191	0	0	0.8406	-0.0069	25.8998	150.618	90.3818
ASP_213	-4.82391	1.11632	6.32271	-0.10207	0.00591	0.28737	3.54921	7.55057	0.01046	0.05813	-3.72073	-0.39995	0	0	0	0	-0.93334	0	0.0816	4.15047	0.19094	0	3.95952	1.37214	0	0	-1.6204	0.20212	17.2571	142.765	42.235
ILE_214	-3.97542	1.75506	3.17352	-0.59945	3.04919	0.1823	2.49055	4.65614	0.01381	0.07133	-2.08016	-0.52148	0	0	0	0	0	0	0.69676	7.76013	5.88048	1.87965	0	0.13201	0	0	1.8006	0.8502	27.2152	118.392	88.6085
GLY_215	-1.16396	0.23014	0.37806	-0.00032	0	0	0.27647	1.04091	0	0	-0.30129	-0.33029	0	0	0	0	0	0	39.9056	0	0	0	0	-2.51398	0	0	1.435	2.44489	41.4012	72.5912	91.4088
LEU_216	-5.13611	0.47891	3.74575	-0.66586	0.5658	0.24077	2.25992	6.09331	0.09431	0.30052	-1.58567	0.23752	0	0	0	0	0	0	0.13057	0.86706	0.54462	0.32244	0	0.46384	0	0	1.3223	5.99442	16.2744	129.919	80.0806
GLU_217	-3.37908	0.12221	3.60855	-0.37297	0.3668	0.91089	1.34949	4.20045	0.01497	0.06187	-0.78053	-1.49225	0	0	0	-0.37942	0	0	0.83311	19.2531	11.861	0	7.39213	-0.15593	0	0	-1.6358	4.52127	46.2998	127.034	95.9662
ASN_218	-1.93044	0.12336	2.35092	-0.25319	0.08025	0.48615	0.28651	2.92585	0.09431	0.30052	0.09504	-0.62684	0	0	0	0	0	0	-0.15558	12.6248	8.99644	0	3.62837	-0.21251	0	0	-0.3009	0.40733	28.9204	52.3358	131.664
GLY_219	-2.01237	0.85999	2.52414	-0.00032	0	0	0.80445	3.26	0.00619	0.01851	-0.06926	-0.20738	0	0	0	0	0	0	1.12941	0	0	0	0	-2.50237	0	0	1.435	0.06347	5.30946	122.141	41.8593
ILE_220	-3.23601	13.4375	0.92133	-0.49313	2.39012	0.08593	0.6764	2.52276	0	0	-0.52681	0.4077	0	0	0	0	0	0	-0.13292	6.00834	5.13457	0.87377	0	-1.01748	0	0	1.8006	-0.28213	28.5705	84.5761	122.424
ALA_221	-4.49542	2.49214	2.63953	-0.02141	0	0	3.05274	5.37921	0.00092	0.00304	-2.83721	-0.2957	0	0	0	0	0	0	0.37922	0	0	0	0	0.28636	0	0	2.2619	-0.16989	8.67543	137.882	15.1177
LEU_222	-5.75422	1.62536	3.78222	-0.61362	1.59202	0.1389	3.22122	6.19825	0	0	-2.34556	0.18796	0	0	0	0	0	0	2.8514	21.5021	19.9979	1.50421	0	-0.25334	0	0	1.3223	0.43705	55.3942	146.398	63.6018
ARG_223	-6.32743	1.50809	6.85675	-0.64692	0.3695	0.36742	4.55128	8.16663	0	0	-5.29057	0.67412	0	0	0	0	-0.93334	0	0.0623	5.23614	2.3927	2.84345	0	0.25723	0	0	-0.1423	0.12826	20.0733	187.115	77.885
THR_224	-4.4661	0.33462	3.49271	-0.18948	0.44487	0.07366	2.97699	5.11642	0.0123	0.10186	-2.68938	-0.4325	0	0	0	0	0	0	0.97937	9.92244	9.7032	0.21924	0	-0.18632	0	5.04857	-0.9333	-0.09415	29.435	132.012	41.9882
ALA_225	-4.17067	2.70494	2.57213	-0.02427	0	0	3.00525	5.07148	0	0	-2.17346	-0.3881	0	0	0	0	0	0	0.42705	0	0	0	0	0.73965	0	0	2.2619	0.74902	10.7749	150.181	2.81906
PHE_226	-6.69561	1.20051	4.04623	-0.89058	0.41849	0.15135	2.85677	6.78787	0.00328	0.01474	-2.47338	-0.7328	0	0	0	0	0	0	0.47129	4.14527	0.51256	0	3.63271	-0.1274	0	0	1.9602	0.36352	15.645	159.043	77.9571
ASN_227	-7.69672	3.5407	6.51483	-0.20151	0.08059	0.31751	4.22565	8.98829	0.03363	0.2345	-2.5889	-0.8698	0	0	0	0	0	0	0.23528	3.68991	0.05439	0	3.63552	0.14473	0	0	-0.3009	0.12333	20.161	182.945	1.05495
GLY_228	-4.00775	1.68161	3.35601	-0.00128	0	0	2.69008	5.18384	0	0	-2.51195	-0.354	0	0	0	0	0	0	0.19316	0	0	0	0	-0.17967	0	0	1.435	1.75021	9.23527	153.366	10.634
TYR_229	-10.5281	4.44632	4.7744	-0.51998	0.12726	0.26427	4.86507	8.73679	0	0	-4.2077	-0.3034	0	0	0	-0.52408	0	0	3.3958	2.74048	0.0414	0	2.69908	-0.40193	0	0	1.7379	0.90924	18.2528	240	8.0004
HIS_230	-6.79367	2.76748	8.0653	-0.73762	0.24107	0.60668	4.85717	9.97518	0	0	-1.62672	-0.89237	0	0	0	0	0	0	0.17538	4.45654	0.84684	0	3.6097	0.12297	0	0	0.8406	-0.63525	25.8793	167.408	73.5923
THR_231	-7.44895	3.39744	5.51995	-0.15332	0.06676	0.05808	3.83379	8.22279	0	0	-3.47802	-0.7558	0	0	0	0	-0.60045	0	2.91737	3.62347	3.28968	0.33379	0	0.26068	0	5.01199	-0.9333	0.4472	23.6132	172.975	1.02469
GLY_232	-3.85358	2.42786	3.90714	-0.00097	0	0	2.48023	5.49064	0	0	-2.45846	-0.32937	0	0	0	0	0	0	1.17991	0	0	0	0	1.24458	0	0	1.435	2.32997	13.8529	145.199	18.8012
ASP_233	-5.52009	0.666	6.36782	-0.28577	0.01835	1.01254	3.27121	7.11068	0.00196	0.00546	-3.8402	-0.63462	0	0	0	-1.01053	-0.20225	0	2.12177	5.65483	0.10027	0	5.55456	0.20688	0	0	-1.6204	1.26323	20.2417	149.851	35.1494
THR_234	-3.7602	3.24576	4.60457	-0.10011	0.02041	0.06269	2.27911	5.98966	0.03081	0.2558	-0.66915	-0.51491	0	0	0	0	0	0	0.77495	3.30876	2.94616	0.36259	0	-0.8326	0	4.97248	-0.9333	-0.11214	21.9313	116.856	57.1439
GLY_235	-1.77833	0.92928	1.81229	-0.00023	0	0	0.76745	2.47603	0	0	0.01028	-0.25466	0	0	0	0	0	0	0.19406	0	0	0	0	-2.31758	0	0	1.435	0.52233	3.79592	109.994	54.0055
ALA_236	-2.73276	1.06176	2.70546	-0.02682	0.00644	0	1.41383	3.75576	0	0	-0.96146	-0.46268	0	0	0	-0.90893	0	0	4.1537	0	0	0	0	-0.05269	0	0	2.2619	0.20755	10.421	75.1758	77.8242
ARG_237	-6.92051	2.98075	6.7708	-1.10291	2.03505	0.88797	3.20255	8.16276	0	0	-2.94966	-0.25329	0	0	0	0	-0.20225	0	3.4102	5.67973	2.01466	3.66507	0	-0.0375	0	0	-0.1423	1.00957	28.2107	171.056	93.944
GLU_238	-4.55104	0.5534	4.91881	-0.22412	0.02199	0.31012	2.37057	5.92433	0.06092	0.32161	-0.28572	-0.57041	0	0	0	0	0	0	0.70556	7.76854	2.34674	0	5.42179	-0.41045	0	0	-1.6358	1.07018	24.117	154.852	68.1481
ALA_239	-4.46159	1.66725	1.5731	-0.02858	0.02421	0	1.20938	4.33196	0.09233	0.51559	-0.12333	-0.45559	0	0	0	0	0	0	0.03856	0	0	0	0	0.89824	0	0	2.2619	0.06872	7.61214	151.784	1.2163
GLY_240	-4.20154	1.08727	3.78187	-0.0003	0	0	2.213	5.35545	0.06274	0.51823	-2.04363	-0.18603	0	0	0	0	0	0	-0.09412	0	0	0	0	-2.48369	0	0	1.435	0.05218	5.49645	164	0
TYR_241	-8.53197	4.3394	5.25884	-0.57977	0.03523	0.26856	2.43694	7.55241	0.02547	0.35088	-2.21389	-0.07838	0	0	0	0	0	0	0.54968	3.00241	0.00169	0	3.00071	-0.04979	0	0	1.7379	-0.5639	16.5424	196.003	51.9974
ILE_242	-7.65604	4.16029	4.26363	-0.46924	1.67189	0.09724	2.82169	6.91682	0.00196	0.00546	-2.45938	0.01829	0	0	0	-1.01053	0	0	0.72269	1.46521	1.01118	0.45403	0	0.05253	0	0	1.8006	0.30483	14.1731	199.619	7.38118
ASP_243	-2.89722	0.94491	4.13564	-0.21692	0.12168	0.70859	2.32113	4.9628	0.06325	0.28966	-0.90133	-1.01458	0	0	0	-0.53914	0	0	0.13941	3.57018	1.16082	0	2.40936	-1.04743	0	0	-1.6204	1.3672	13.9576	74.9084	110.092
ASN_244	-7.88521	1.96515	9.0229	-0.28141	0.09666	0.52172	4.67559	11.1021	0.00015	0.00142	-1.90489	-0.42668	0	0	0	0	-0.21988	0	2.38353	5.63882	0.22559	0	5.41322	1.1016	0	0	-0.3009	0.60728	31.7368	184	0
ASP_245	-4.97377	1.26712	7.29599	-0.1095	0.00182	0.32446	4.22583	8.45361	0.06325	0.28966	-0.83702	-0.28584	0	0	0	0	0	0	-0.15545	5.01681	0.00227	0	5.01454	-0.23128	0	0	-1.6204	0.22123	23.9633	119.352	65.648
THR_246	-7.09999	4.48922	4.61167	-0.15569	0.21324	0.05243	4.15491	7.27619	0.00288	0.01539	-3.43316	-0.50032	0	0	0	0	-0.21988	0	1.51806	1.23893	0.00082	1.23811	0	-0.3561	0	5.05549	-0.9333	-0.1229	17.046	172.109	1.89136
TRP_247	-8.35429	3.49287	4.31335	-1.62493	0.4768	1.00761	3.20799	7.44194	0	0	-3.37843	-0.23496	0	0	0	0	0	0	0.12615	2.16099	0.00367	0	2.15733	-0.5154	0	0	3.7077	0.31026	14.2986	196.61	73.3904
SER_248	-6.58962	2.92883	5.586	-0.04712	0.01069	0.07	4.27877	7.50169	0.00969	0.06134	-3.10102	-0.59225	0	0	0	-0.65773	0	0	0.07978	0.30019	0.00901	0.29118	0	-0.63715	0	4.04	-0.539	0.28096	13.2843	162	0
LEU_249	-5.82338	3.43712	3.33715	-0.54149	0.65742	0.10713	3.84757	6.04508	0	0	-3.06177	0.23548	0	0	0	0	0	0	0.42574	2.95223	1.68177	1.27046	0	-0.09335	0	0	1.3223	-0.17131	15.6282	148.308	61.6916
ALA_250	-4.62634	1.37796	2.18965	-0.02288	0	0	3.06685	5.43102	0.00903	0.08711	-1.97962	-0.38915	0	0	0	0	0	0	0.1262	0	0	0	0	0.12905	0	0	2.2619	0.35137	8.01217	148.291	4.70925
PHE_251	-5.50094	0.64843	3.38122	-0.5807	0.0578	0.29503	3.47232	5.7165	0.01388	0.04352	-3.10462	-0.0561	0	0	0	0	0	0	0.04427	3.2393	0.32343	0	2.91587	-0.22624	0	0	1.9602	0.28624	12.9294	134.784	102.216
THR_252	-5.54958	1.55234	4.73858	-0.19188	0.44921	0.07862	3.57291	6.74736	0.00965	0.02804	-2.19623	-0.57372	0	0	0	0	0	0	0.10279	1.31353	1.04418	0.26935	0	0.26297	0	5.04238	-0.9333	0.48038	16.2476	146.782	27.2182
LEU_253	-4.99219	15.0294	2.9895	-0.62215	3.70873	0.14482	3.17324	5.41938	0.01388	0.04352	-2.79849	0.40972	0	0	0	0	0	0	0.00503	4.40389	3.64133	0.76256	0	-0.61249	0	0	1.3223	0.29141	32.3334	118.548	91.4517
GLY_254	-3.66825	0.75886	2.98263	-0.00061	0	0	2.95274	4.97688	0.00965	0.02804	-2.7825	-0.28916	0	0	0	0	0	0	0.9695	0	0	0	0	1.20901	0	0	1.435	1.58515	10.1669	158.155	5.84503
HIS_255	-5.92591	1.93397	5.56581	-0.67964	0.0923	0.59205	2.98424	7.32927	0.0205	0.08013	-3.08573	-0.36285	0	0	0	0	0	0	0.26755	4.46773	0.20915	0	4.25858	-0.85666	0	0	0.8406	3.28258	21.0137	157.156	83.8443
ARG_256	-6.92251	2.53515	5.27644	-0.63551	0.86842	0.35452	2.67024	7.07883	0.00026	0.0028	-1.93667	0.31827	0	0	0	-0.37942	0	0	-0.07563	30.3987	27.9385	2.46028	0	0.74117	0	0	-0.1423	4.30569	74.8572	167.056	97.944
ALA_257	-5.43669	4.40569	2.32453	-0.02464	0.002	0	2.34909	5.58632	0.04084	0.13661	-1.02015	-0.38511	0	0	0	0	0	0	0.42914	0	0	0	0	-0.06033	0	0	2.2619	2.26848	12.8777	147.365	5.63489
HIS_258	-5.66689	1.15503	5.20293	-0.41741	0.01496	0.48063	3.77878	7.32408	0	0	-3.12799	-0.13326	0	0	0	0	0	0	0.32112	3.06266	0.21967	0	2.84299	0.14719	0	0	0.8406	-0.72703	15.3181	167.128	73.872
ALA_259	-3.6959	0.44253	2.96803	-0.02529	0.00076	0	2.55335	4.85208	0.05677	0.18462	-1.7743	-0.42415	0	0	0	0	0	0	0.50587	0	0	0	0	0.68561	0	0	2.2619	0.97091	9.56279	133.267	19.7334
LEU_260	-5.4807	1.2382	3.28909	-0.59937	0.49683	0.16054	2.88479	5.69784	0.02785	0.10496	-3.00539	0.29944	0	0	0	0	0	0	0.38051	0.9122	0.16613	0.74606	0	-0.60986	0	0	1.3223	1.06927	9.10069	157.213	52.7866
THR_261	-6.75606	1.61696	5.3494	-0.17966	0.39693	0.06244	3.68206	7.68644	0.01593	0.04801	-2.14725	-0.40186	0	0	0	0	0	0	1.50806	1.4005	1.10194	0.29856	0	-0.32578	0	5.04457	-0.9333	-0.13399	17.3339	170.318	3.68221
LEU_262	-4.5972	1.06397	3.07323	-0.47142	0.15465	0.1096	3.26286	5.0679	0.02929	0.11169	-3.07139	0.05379	0	0	0	0	0	0	-0.15297	6.02398	3.26755	2.75643	0	-0.33451	0	0	1.3223	0.01408	17.6838	105.509	104.491
ALA_263	-4.89243	1.59339	2.31561	-0.02184	0	0	3.18999	5.59353	1e-05	3e-05	-2.614	-0.35884	0	0	0	0	0	0	0.85229	0	0	0	0	0.37469	0	0	2.2619	0.21386	8.50819	145.324	7.67614
TYR_264	-7.45596	2.01919	5.20953	-0.75056	0.10094	0.06513	4.48726	7.87929	0.00847	0.0576	-2.67959	-0.42035	0	0	0	0	0	0	0.06151	4.20898	0.29429	0	3.91469	-0.3142	0	0	1.7379	-0.23497	18.1891	170.165	77.8346
GLN_265	-9.98035	7.22529	8.56281	-0.27167	0.03102	0.10396	5.00046	11.0357	0.01888	0.12432	-4.90404	0.03387	0	0	0	-0.95376	0	0	0.42147	5.83271	0.21709	0	5.61562	-0.20576	0	0	-0.1077	-0.52948	27.2705	217	0
GLN_266	-7.03172	2.60076	6.40997	-0.28858	0.06979	0.14008	4.14041	7.99363	0.00046	0.00148	-4.10335	-0.03532	0	0	0	0	-0.98174	0	0.14139	4.30831	0.44514	0	3.86317	-0.19752	0	0	-0.1077	0.85509	18.2237	176.393	40.6074
VAL_267	-8.25409	3.16361	4.44725	-0.29416	0.60388	0.07392	3.7703	8.33786	0.01369	0.13345	-1.9236	-0.35647	0	0	0	0	0	0	1.00155	0.31884	0.08391	0.23492	0	-0.80406	0	0	2.7371	0.77919	14.0671	182	0
ASP_268	-3.92917	0.29372	5.68269	-0.12043	0.02218	0.36324	3.448	6.58914	0.00362	0.02311	-3.80486	-0.26466	0	0	0	0	-0.98174	0	-0.03305	5.48534	0.23555	0	5.24979	-1.25552	0	0	-1.6204	-0.32448	15.0621	102.935	82.0646
GLY_269	-3.4725	0.19333	3.52617	-0.00253	0	0	2.06938	5.02096	1e-05	0.00026	-0.44826	-0.41543	0	0	0	0	0	0	-0.16052	0	0	0	0	-2.17195	0	0	1.435	0.59903	6.17294	148.258	15.7419
ASN_270	-4.86855	1.70851	3.98989	-0.18848	0.01555	0.28931	1.17307	5.12532	0	0	-0.73619	-0.56839	0	0	0	0	-0.25499	0	1.867	2.99626	0.3347	0	2.66155	-0.80256	0	0	-0.3009	0.02415	12.4652	124.149	59.8511
GLU_271	-7.69605	1.32918	7.56617	-0.63053	0.43705	1.84799	3.59507	8.79582	0.00043	0.00765	-2.45148	-1.67559	0	0	0	-0.53914	0	0	2.70317	8.51929	5.14254	0	3.37675	0.57267	0	0	-1.6358	0.53357	29.7988	211.248	11.7521
TYR_272	-10.5068	4.16353	4.16165	-0.58477	0.04397	0.27399	2.99781	7.16308	0.01887	0.28076	-1.60982	-0.04758	0	0	0	0	-1.15481	0	8.15122	2.93164	0.01704	0	2.9146	0.20816	0	0	1.7379	0.89029	22.0507	245.567	2.4326
PHE_273	-9.35389	4.00423	3.29647	-0.90115	0.13793	0.18666	2.66706	6.53741	0	0	-0.97329	-0.51022	0	0	0	-0.66269	0	0	1.84335	4.43938	1.71791	0	2.72147	0.13893	0	0	1.9602	-0.65951	16.5903	236.553	0.446804
ASP_274	-6.97406	1.59554	8.0332	-0.10777	0.04968	0.30148	3.81424	9.46293	0.07282	0.41385	-5.032	-1.02	0	0	0	-1.43242	-0.79235	0	0.07652	6.95685	1.89469	0	5.06216	1.65733	0	0	-1.6204	0.1337	22.546	181.545	3.45533
TYR_275	-9.68879	3.6211	5.18424	-0.96772	0.26492	0.58822	3.41646	8.23404	0.02399	0.19059	-3.5362	-0.37338	0	0	0	-0.11496	-0.71876	0	0.33001	4.5416	2.38849	0	2.15311	-0.84371	0	0	1.7379	0.87323	17.3044	237.149	10.8509
VAL_276	-6.56439	3.23586	2.13544	-0.2757	0.33072	0.05519	2.37256	5.40699	0.0177	0.0935	-1.25875	0.26691	0	0	0	0	0	0	-0.03336	0.12855	0.02338	0.10517	0	-0.49994	0	0	2.7371	0.22191	8.49884	178.61	3.38979
HIS_277	-8.5171	4.67121	8.66385	-0.46692	0.03245	0.2893	3.54192	10.698	0.06625	0.49338	-0.00232	-0.95151	0	0	0	0	0	0	0.31424	4.95258	0.16449	0	4.78809	0.22047	0	0	0.8406	0.51088	30.3099	209.341	31.6591
GLU_278	-7.73782	11.4588	8.16751	-0.48475	0.29242	0.96449	4.18598	9.2678	0	0	-4.8519	-0.86357	0	0	0	-0.49557	-0.12061	0	1.38279	6.67253	2.08881	0	4.58373	0.59114	0	0	-1.6358	1.77057	35.2366	215.417	7.58326
THR_279	-7.5499	2.00924	4.47989	-0.12024	0.14468	0.07478	3.49325	7.60426	0.0177	0.0935	-0.6695	-0.7042	0	0	0	0	0	0	2.89613	0.62783	0.4564	0.17143	0	-1.13012	0	5.00866	-0.9333	0.88294	16.8534	171.663	2.33679
SER_280	-4.32068	0.85753	4.57697	-0.06094	0.01567	0.09223	2.68185	5.80817	0	0	-0.94121	0.23379	0	0	0	0	0	0	0.31987	1.32218	0.3595	0.96268	0	0.10083	0	4.04	-0.539	1.35442	16.8638	146.437	15.5634
ALA_281	-5.35517	0.88051	2.50915	-0.02993	0.01544	0	1.71654	5.56945	0	0	-0.18015	-0.48223	0	0	0	0	0	0	0.444	0	0	0	0	-0.15787	0	0	2.2619	2.25903	9.45068	150.436	2.56407
ILE_282	-8.08929	3.50498	2.94419	-0.64845	2.91279	0.21731	2.20453	5.7201	0.01701	0.11141	-0.92166	-0.83198	0	0	0	0	0	0	0.03691	5.67717	2.82815	2.84902	0	1.04213	0	0	1.8006	3.49001	24.8649	201.36	5.64048
PHE_283	-12.4096	8.04577	3.7318	-0.58642	3.66313	0.28589	2.32778	7.72675	0.05569	0.34374	-0.53616	-0.61079	0	0	0	-0.00064	0	0	0.51688	5.45228	0.10703	0	5.34526	0.02706	0	0	1.9602	3.58743	29.0331	237	0
LEU_284	-9.48638	5.25082	4.04736	-0.45404	0.61746	0.07804	2.05602	7.2453	0.02259	0.27997	-1.21764	0.10568	0	0	0	0	0	0	0.66688	1.19345	0.31886	0.87459	0	-0.15089	0	0	1.3223	0.63501	13.4054	209.23	0.76969
ALA_285	-4.50278	0.66612	2.71016	-0.02353	0.00018	0	1.76696	4.86337	0.06461	0.48307	-0.58881	-0.3607	0	0	0	-0.66568	0	0	-0.10988	0	0	0	0	-0.21114	0	0	2.2619	-0.80083	5.55303	153	0
ASN_286	-8.57623	1.2341	7.13899	-0.18006	0.09408	0.31362	3.50322	9.70382	1e-05	3e-05	-1.53443	-0.3252	0	0	0	-0.44786	-0.77314	0	0.32107	3.73901	0.00079	0	3.73823	-1.09159	0	0	-0.3009	-1.10554	15.452	184	0
SER_287	-5.07016	0.70635	5.01696	-0.05548	0.03339	0.08791	2.75488	6.03741	0	0	-0.89084	0.04839	0	0	0	0	0	0	-0.0551	2.19464	1.62825	0.56639	0	0.84812	0	4.04	-0.539	0.82288	18.175	157.457	4.54251
MET_288	-8.52037	3.14531	4.54521	-0.38918	0.68785	0.07484	2.39114	6.64814	0	0	-1.07284	-0.03748	0	0	0	0	0	0	0.80235	4.91675	3.21691	1.69984	0	1.64345	0	0	1.4633	4.0801	25.2953	248.621	13.3793
LEU_289	-4.77488	9.40449	2.88175	-0.67945	0.89771	0.24362	1.50987	3.99191	0.00392	0.05271	-0.42612	0.09062	0	0	0	-0.98848	0	0	1.04628	3.93867	3.09799	0.84068	0	-0.11706	0	0	1.3223	4.62213	26.9587	166.479	43.5214
ALA_290	-4.91412	1.82613	4.03566	-0.01982	0	0	2.52674	6.57918	0	0	-1.29459	-0.2114	0	0	0	-0.74475	0	0	0.03233	0	0	0	0	0.17916	0	0	2.2619	1.82262	12.079	148.901	4.09875
ASP_291	-6.0076	1.65176	6.18672	-0.12175	0.06543	0.38582	2.96387	7.71775	0.11258	0.61549	-1.51669	-0.15921	0	0	0	-0.42846	-0.71876	0	0.29248	2.83346	0.36107	0	2.47239	-0.30174	0	0	-1.6204	-0.39194	14.3923	176.582	8.41849
TYR_292	-11.609	4.42864	6.83321	-0.66364	0.43983	0.37082	3.32305	10.6661	0.00051	0.00415	-0.3416	-0.5149	0	0	0	-0.07743	0	0	2.18637	3.82457	0.19904	0	3.62553	0.38371	0	0	1.7379	0.55653	25.3734	248	0
ASN_293	-7.5007	2.65401	5.91209	-0.43029	0.08975	0.92372	3.54641	8.13803	0	0	-1.48245	-1.25832	0	0	0	-0.66269	0	0	-0.09863	4.63634	0.3528	0	4.28354	-1.06952	0	0	-0.3009	0.71693	18.4501	182.213	1.78722
SER_294	-5.71926	4.05643	5.06417	-0.02774	0.00235	0.01766	2.85075	6.46783	0.07529	0.80954	-2.0307	-0.57047	0.79661	0	0	-0.50473	0	0	0.22832	1.333	0.00034	1.33266	0	-0.56216	0	4.04	-0.539	2.32409	19.445	162	0
PRO_295	-8.72538	9.13171	5.24013	-0.12529	0.03565	0.095	2.24506	6.51599	0	0	-1.82442	0.17471	0.86893	0	0	0	0	0	2.37748	6.1955	6.06983	0.12567	0	-1.34001	0	0	-4.6787	2.88688	25.2687	199	0
ASN_296	-5.66044	2.04755	6.78244	-0.19476	0.03767	0.3205	4.17742	8.32097	0	0	-2.43122	-0.88335	0	0	0	-0.71949	-0.25499	0	0.79431	2.82144	0.00253	0	2.81891	-0.61325	0	0	-0.3009	1.27725	18.3426	120.712	63.288
GLU_297	-9.58335	2.96483	11.2612	-0.31033	0.15439	0.3699	5.12856	12.5168	0.04107	0.26807	-5.91459	-0.28543	0	0	0	-0.50473	-0.79361	0	2.43874	3.90671	0.33396	0	3.57275	-0.00948	0	0	-1.6358	0.45049	24.3702	222.392	0.60815
LYS_298	-7.88132	1.42543	7.61205	-0.41958	0.25705	0.36556	4.8068	8.59935	0.04107	0.26807	-4.94877	0.36017	0	0	0	0	-0.56551	0	0.06556	4.55492	1.30121	3.2537	0	0.12734	0	0	-0.8895	-0.65111	17.6825	177.51	74.4899
SER_299	-6.58587	3.61844	5.97177	-0.04387	0.01202	0.06464	3.80426	7.75242	0.01236	0.0776	-2.39553	-0.4338	0	0	0	0	-0.34667	0	-0.06198	2.41269	1.46275	0.94994	0	-0.40787	0	4.04	-0.539	0.00208	19.3664	161.392	0.60815
ALA_300	-3.85733	0.48617	3.24544	-0.02272	0	0	2.90904	5.16375	0	0	-2.60723	-0.36765	0	0	0	0	0	0	-0.01951	0	0	0	0	0.37276	0	0	2.2619	0.4239	7.98853	111.966	41.034
GLN_301	-8.89733	3.60392	6.49578	-0.43576	0.66994	0.29077	4.75114	8.83758	0	0	-4.43229	0.21451	0	0	0	-0.00795	-1.04527	0	3.36881	9.27868	2.30752	0	6.97116	0.06864	0	0	-0.1077	-0.02771	31.9044	211.121	5.87942
ILE_302	-4.88031	1.07582	3.12563	-0.57072	1.40009	0.11626	2.78504	4.73224	0	0	-2.49885	0.15319	0	0	0	0	0	0	-0.03178	4.11866	2.2557	1.86296	0	-1.05927	0	0	1.8006	-0.53108	13.8542	122.627	84.3732
ARG_303	-10.1238	5.88197	8.76852	-0.95954	0.9404	0.67589	5.01617	9.91304	0.01745	0.11625	-4.87957	0.6653	0	0	0	0	-0.98522	0	-0.02497	8.55	5.348	3.202	0	-0.34474	0	0	-0.1423	-0.45386	31.181	252.176	12.8237
TYR_304	-6.47849	2.35573	4.49102	-0.62528	0.08244	0.04909	3.45141	6.72082	0	0	-2.70902	-0.42497	0	0	0	0	0	0	0.12417	6.34894	3.0121	0	3.33684	-0.04735	0	0	1.7379	-0.37703	21.0483	165.488	82.5124
GLU_305	-5.9423	1.31017	6.18246	-0.20034	0.05506	0.31193	3.84197	7.39722	0	0	-2.71167	-0.39758	0	0	0	0	-0.36642	0	0.10829	5.68595	0.60366	0	5.08229	-0.0006	0	0	-1.6358	-0.36361	18.9607	180.453	42.5469
THR_306	-6.4573	1.91615	4.13069	-0.17064	0.17711	0.06175	3.06677	6.75806	0.00941	0.06134	-2.70167	-0.57951	0	0	0	0	0	0	0.19508	0.697	0.40285	0.29414	0	-0.04347	0	5.02632	-0.9333	0.18447	12.0952	166.667	7.33308
ASP_307	-5.11964	3.26386	5.34427	-0.25265	0.23887	0.87193	4.00844	7.06033	0	0	-3.96518	-1.09138	0	0	0	-0.42799	0	0	-0.00112	2.52781	0.00372	0	2.52409	-1.04431	0	0	-1.6204	0.29465	12.6153	122.781	62.2193
TRP_308	-9.95462	6.23156	5.84322	-0.90239	0.23931	0.45087	3.47734	9.23474	0	0	-2.46169	-0.1166	0	0	0	0	0	0	1.42993	4.00588	0.1479	0	3.85799	0.00818	0	0	3.7077	0.5532	25.7525	189.167	80.8332
SER_309	-4.97513	3.94694	5.17363	-0.03441	0.01141	0.05204	2.5764	6.47382	0	0	-2.06638	-0.6492	0	0	0	-0.42799	0	0	0.04017	10.6247	8.99361	1.63104	0	0.45412	0	4.04	-0.539	1.92307	37.2488	115.176	46.8242
TYR_310	-7.29614	5.49744	3.25285	-0.58214	0.11932	0.30681	1.67066	6.22186	0	0	-0.76706	-0.23015	0	0	0	0	0	0	0.47396	3.82067	0.16248	0	3.65818	0.33933	0	0	1.7379	2.15122	20.5372	185.851	62.1488
TYR_311	-5.17483	1.31714	2.44358	-0.68264	0.39934	0.41924	2.0918	4.85596	0.07313	0.25189	-1.04034	-0.16156	0	0	0	0	0	0	-0.07224	3.29908	0.15523	0	3.14385	-0.27948	0	0	1.7379	1.00082	13.7779	124.963	123.037
GLY_312	-2.07718	0.3655	1.88117	-5e-05	0	0	0.81513	2.6774	0	0	-0.45101	-0.38604	0	0	0	0	0	0	0.1462	0	0	0	0	-1.92866	0	0	1.435	-0.45282	2.02466	107.313	56.6869
VAL_313	-5.64005	1.05639	3.93217	-0.29878	0.45708	0.07625	2.20192	6.03148	0.07313	0.25189	-1.32234	-0.92549	3.0857	0	0	0	0	0	0.16665	6.43001	5.65003	0.77998	0	0.94862	0	0	2.7371	2.32774	28.0195	129.217	52.7831
PRO_314	-4.46594	2.10388	2.7502	-0.1861	0.014	0.13821	1.06067	3.42313	0	0	-0.15766	-0.04111	3.0886	0	0	0	0	0	-0.17954	2.16	0.0923	2.0677	0	-1.50879	0	0	-4.6787	2.77803	8.45887	138.019	60.9806
GLY_315	-3.73554	2.40044	3.31898	-7e-05	0	0	1.93154	4.87393	0	0	-1.89531	-0.3771	0	0	0	0	0	0	0.39728	0	0	0	0	-2.486	0	0	1.435	-0.38643	5.47671	136.285	27.7153
LEU_316	-7.13905	5.82781	3.74075	-0.63836	1.13931	0.14985	2.9357	6.33136	0.00345	0.02428	-1.80219	0.44005	0	0	0	0	0	0	2.29573	2.64236	1.64396	0.99839	0	-0.5133	0	0	1.3223	-0.57607	18.8263	171.792	38.2079
SER_317	-4.0531	3.94036	3.97991	-0.03442	0.01484	0.04718	3.24265	5.67435	0.01467	0.08633	-1.98073	0.06769	0	0	0	0	0	0	1.82905	0.62981	0.22716	0.40265	0	-0.4556	0	4.04	-0.539	0.14489	17.2787	111.944	50.056
THR_318	-4.78723	5.45776	4.20727	-0.20901	0.70565	0.07725	3.50042	5.66836	0.03247	0.27929	-2.41202	-0.25148	0	0	0	0	0	0	0.01925	17.0792	15.4903	1.58894	0	-0.42112	0	5.0088	-0.9333	0.18007	50.2808	128.847	45.1533
GLY_319	-3.36345	1.32254	2.99356	-0.00065	0	0	2.57668	4.39769	0	0	-1.93069	-0.30224	0	0	0	0	0	0	2.51406	0	0	0	0	1.16717	0	0	1.435	2.5523	13.362	162.88	1.12049
VAL_320	-4.88118	2.58493	2.70044	-0.35689	0.47099	0.08519	3.08103	4.95222	0	0	-2.82072	0.17466	0	0	0	0	0	0	-0.13016	1.05371	0.01922	1.03449	0	-0.72696	0	0	2.7371	2.78914	12.7672	120.669	61.3314
TRP_321	-11.3935	5.06637	4.9359	-1.36292	0.30307	1.16298	4.0799	9.14517	0.00392	0.05271	-3.98705	-0.33705	0	0	0	0	-0.81465	0	-0.01451	4.36079	1.77627	0	2.58451	-0.36805	0	0	3.7077	0.12309	19.0247	258.848	11.1522
TYR_322	-7.45075	1.29973	4.82074	-0.76374	0.0564	0.1235	3.53478	7.52771	0	0	-2.24773	-0.49364	0	0	0	0	0	0	0.16374	3.4383	0.22406	0	3.21424	-0.24948	0	0	1.7379	0.17403	15.1098	179.316	68.6841
VAL_323	-9.05823	7.40493	3.69528	-0.24141	0.22158	0.04679	3.16646	7.50786	0	0	-2.58231	-0.23513	0	0	0	0	0	0	-0.04327	1.57824	0.90806	0.67018	0	-1.06159	0	0	2.7371	-0.32323	14.3913	182	0
LYS_324	-5.92011	2.59161	4.251	-0.38442	0.10995	0.18349	3.26968	5.80955	0	0	-2.44919	0.03944	0	0	0	0	0	0	0.0338	2.78701	0	2.78701	0	0.21777	0	0	-0.8895	-0.10033	12.3368	155.778	96.2215
GLY_325	-4.99059	1.59609	3.81266	-0.00053	0	0	2.87745	5.7424	0	0	-3.03968	-0.32003	0	0	0	0	0	0	-0.14796	0	0	0	0	2.49632	0	0	1.435	2.9685	12.4296	164	0
TRP_326	-9.18211	2.62334	5.89897	-1.49235	3.46612	1.15749	3.00719	8.71629	0	0	-2.06488	-0.64487	0	0	0	0	0	0	0.02955	3.2169	0.11774	0	3.09916	-0.02581	0	0	3.7077	4.18865	25.8191	186.957	83.0428
ASP_327	-4.25838	0.90743	5.67298	-0.12808	0.32272	0.41664	2.36319	6.09721	0	0	-2.57093	-0.70823	0	0	0	0	-0.56551	0	0.45608	4.9435	1.94929	0	2.99421	-0.30322	0	0	-1.6204	1.98574	17.9542	106.466	78.534
ILE_328	-9.76157	6.12995	5.62396	-0.48369	0.93716	0.09414	2.83465	8.53703	0	0	-2.41195	0.47382	0	0	0	0	0	0	0.10462	0.68886	0.00131	0.68756	0	-0.43321	0	0	1.8006	0.27929	15.1025	207	0
ASP_329	-5.51881	4.88434	7.307	-0.20439	0.15264	0.64406	4.44971	8.46612	0	0	-2.36846	-1.52858	0	0	0	-1.24456	0	0	0.0028	3.11697	0.02512	0	3.09186	-0.84296	0	0	-1.6204	0.97757	19.79	144.522	40.4778
GLY_330	-4.74268	0.62488	4.75791	-9e-05	0	0	2.51299	6.50508	0.02031	0.24566	-2.41206	-0.32306	0	0	0	0	0	0	-0.28334	0	0	0	0	0.94571	0	0	1.435	3.00675	12.2931	164	0
THR_331	-4.13351	0.24902	4.5069	-0.12622	0.09595	0.05705	2.3768	5.8265	0.00885	0.05669	-1.16444	-0.41009	0	0	0	-0.52507	0	0	-0.03351	0.37719	0.00242	0.37477	0	0.30035	0	5.0335	-0.9333	1.79562	13.7355	111.895	62.1049
HIS_332	-2.91291	0.30087	3.49385	-0.44331	0.01796	0.54686	0.91937	4.18524	0	0	0.08272	-0.53556	0	0	0	0	0	0	0.50192	4.63491	0.98262	0	3.65229	-0.46383	0	0	0.8406	-0.08695	15.7167	84.3889	156.611
TYR_333	-10.5761	2.12706	5.97383	-0.83034	0.06425	0.1851	4.06439	9.97133	0.1079	1.0846	-1.05078	-0.36027	0	0	0	-0.27498	0	0	0.45524	3.07284	0.5661	0	2.50674	0.06931	0	0	1.7379	-0.28252	18.6116	243.743	4.25705
ASP_334	-4.62095	1.57778	6.20623	-0.27582	0.14574	1.04586	2.71554	7.10741	0	0	-1.85729	-1.15083	0	0	0	0	0	0	0.08969	3.31199	0.03975	0	3.27224	-0.73829	0	0	-1.6204	0.69335	15.942	104.538	80.4619
GLY_335	-4.6034	2.96692	4.13143	-5e-05	0	0	3.4102	6.17135	0	0	-1.57676	-0.43508	0	0	0	0	0	0	1.64556	0	0	0	0	0.38257	0	0	1.435	2.09881	15.6266	162.813	1.1874
ASP_336	-5.44015	3.13241	6.96923	-0.22637	0.08637	0.78614	3.45749	8.59175	0.06297	0.49361	-3.6104	-2.74373	0	0	0	0	-1.04776	0	0.44132	3.85041	0.6471	0	3.20331	-0.41889	0	0	-1.6204	0.9853	17.5997	141.87	43.1297
ARG_337	-6.84191	1.68556	7.84493	-0.82031	0.42956	0.62206	3.32974	9.13266	0.00331	0.03453	-2.67234	0.7163	0	0	0	0	0	0	-0.03695	4.42852	1.26506	3.16346	0	0.25975	0	0	-0.1423	0.30106	22.7027	135.491	129.509
ASN_338	-2.22697	0.90402	1.88606	-0.20932	0.2224	0.38804	0.77042	2.43885	0	0	0.18373	-0.77612	0	0	0	0	0	0	-0.11643	6.36559	1.43395	0	4.93164	-1.41563	0	0	-0.3009	0.38242	14.8618	46.8643	137.136
GLY_339	-1.15707	0.31197	1.55741	-4e-05	0	0	0.3811	2.1108	0	0	-0.2125	-0.40357	0	0	0	0	0	0	0.18984	0	0	0	0	-1.48338	0	0	1.435	-0.74093	1.98864	74.223	89.777
ALA_340	-4.13723	0.81199	2.72824	-0.023	0	0	2.11194	5.18207	0	0	-0.43374	-0.21721	0	0	0	0	0	0	0.1283	0	0	0	0	0.05665	0	0	2.2619	-0.79791	7.67199	135.821	17.1791
TYR_341	-5.94961	1.07251	3.94101	-0.74418	0.176	0.10042	2.06209	6.16174	0.04799	0.41155	-1.02136	-0.31562	0	0	0	0	-0.44089	0	0.2052	3.09241	0.12325	0	2.96916	0.08197	0	0	1.7379	-0.13756	13.574	158.132	89.8682
GLY_342	-3.31658	1.87752	2.40016	-0.00014	0	0	1.27252	3.99589	0.00042	0.00622	0.11901	-0.41223	0	0	0	0	0	0	-0.02384	0	0	0	0	0.88004	0	0	1.435	2.46715	10.7012	146.991	17.0086
ASN_343	-7.32325	0.66902	4.87211	-0.35688	0.06476	0.7313	3.51863	7.93153	0.13172	0.80841	-2.39444	0.03555	0	0	0	-0.65914	-0.34089	0	0.00517	4.28954	0.06853	0	4.22101	0.37958	0	0	-0.3009	2.94869	19.3001	184	0
TYR_344	-10.2916	8.30884	4.52142	-0.67044	0.0899	0.41614	3.74746	8.18663	0.04323	0.22232	-2.75183	-0.21271	0	0	0	0	-0.79235	0	0.43804	3.25624	0.58997	0	2.66627	-0.396	0	0	1.7379	0.75001	19.8595	248	0
ALA_345	-3.82545	1.10823	3.36329	-0.02321	0	0	2.35231	5.27906	0.01307	0.09228	-1.42327	-0.38368	0	0	0	0	0	0	0.15782	0	0	0	0	-0.63132	0	0	2.2619	-0.1392	8.20184	117.203	35.7967
GLU_346	-4.7023	3.5742	5.42148	-0.33813	0.30898	0.46721	2.98523	6.67858	0.05971	0.40878	-2.35066	-0.46317	0	0	0	0	-0.60092	0	1.83491	10.7501	4.70069	0	6.04937	-0.34389	0	0	-1.6358	0.31059	33.1149	158.858	64.1417
VAL_347	-9.12149	9.11944	4.37615	-0.29639	0.22925	0.0551	3.64743	8.2393	0	0	-2.40721	0.20296	0	0	0	0	0	0	0.07518	0.55627	0.00442	0.55185	0	0.9247	0	0	2.7371	0.9922	19.8863	182	0
ARG_348	-6.52348	1.63505	7.36158	-0.48288	0.36613	0.26958	4.40421	9.13062	0.04323	0.22232	-4.13418	0.28471	0	0	0	-0.27498	-1.04776	0	-0.02911	16.502	13.6484	2.85358	0	-0.24546	0	0	-0.1423	0.78941	44.6306	152.73	112.27
ALA_349	-2.94228	0.68162	2.8141	-0.02698	0.00829	0	1.50267	4.10625	0.01307	0.09228	-0.74436	-0.44474	0	0	0	0	0	0	1.39834	0	0	0	0	-0.07255	0	0	2.2619	0.60481	9.25241	100.081	52.9187
GLN_350	-9.07157	2.96099	7.80592	-0.29164	0.15256	0.28926	4.39425	9.84397	0.06758	0.43894	-3.53112	-0.69407	0	0	0	0	-0.55389	0	-0.06645	5.59503	1.09527	0	4.49976	0.39315	0	0	-0.1077	0.37694	23.5972	214.319	2.68083
ASP_351	-2.92891	0.35944	3.83991	-0.29352	0.0706	0.95652	1.5181	4.60221	0.00254	0.05573	-0.33258	-0.26209	0	0	0	-1.08203	0	0	0.0749	7.71222	2.45623	0	5.25599	-1.0752	0	0	-1.6204	0.18538	19.495	73.1579	111.842
GLY_352	-2.12299	0.10942	3.07812	-5e-05	0	0	1.24032	3.70429	0	0	-0.27606	-0.3993	0	0	0	0	0	0	-0.36128	0	0	0	0	-1.73069	0	0	1.435	-0.64546	4.0313	103.826	60.1743
GLU_353	-9.16631	5.76296	10.5522	-0.39065	0.12533	0.8339	4.45318	11.4436	0.08562	0.49942	-4.31071	-0.39288	0	0	0	-1.46214	0	0	4.25286	6.23706	2.04581	0	4.19125	0.42406	0	0	-1.6358	-0.24747	33.3013	208.977	14.0231
LYS_354	-4.7492	0.97822	4.2962	-0.53001	0.69418	0.21598	2.68797	5.15424	0.08562	0.49942	-1.70541	0.13751	0	0	0	-0.09212	0	0	0.03746	10.4499	6.03347	4.41644	0	0.23419	0	0	-0.8895	1.04899	29.0036	142.567	109.433
HIS_355	-10.1728	3.53062	8.18642	-0.85436	0.66989	1.09228	4.72774	11.1054	0	0	-4.62511	-0.4147	0	0	0	0	-1.88158	0	0.16022	5.02171	5e-05	0	5.02166	-0.41943	0	0	0.8406	2.04278	24.0314	239.463	1.53703
HIS_356	-6.05024	0.95074	5.37308	-0.73065	0.03648	0.92367	3.13387	6.89478	0	0	-2.14471	-0.59736	0	0	0	0	0	0	0.03319	3.47639	0.39177	0	3.08462	-0.50341	0	0	0.8406	1.57486	16.6877	164.11	76.8902
GLU_357	-8.73948	5.50343	10.1156	-0.3355	0.07681	0.40551	6.76299	11.193	0	0	-6.83435	-0.31103	0	0	0	-1.73322	-0.81465	0	0.54984	6.56312	1.06556	0	5.49756	-0.14541	0	0	-1.6358	0.05175	27.2357	223	0
LEU_358	-4.83904	1.0741	3.0849	-0.57616	0.68277	0.13491	2.93759	4.90016	0	0	-2.1644	0.31578	0	0	0	0	0	0	0.14428	1.59707	0.53184	1.06524	0	-0.17057	0	0	1.3223	-0.11994	9.92083	150.132	59.8683
GLY_359	-4.90054	2.33691	3.60266	-0.00068	0	0	3.00282	5.87501	0	0	-3.00792	-0.33779	0	0	0	0	0	0	2.11077	0	0	0	0	2.41457	0	0	1.435	2.76659	15.2974	164	0
LEU_360	-4.55761	1.39889	3.37558	-0.43131	0.17538	0.08367	2.87709	5.03274	0	0	-2.70026	0.01987	0	0	0	0	0	0	0.20372	3.82425	2.98639	0.83786	0	-0.36631	0	0	1.3223	2.48461	16.5669	129.801	80.1994
MET_361	-6.99291	10.7033	3.71888	-0.51009	5.122	0.15655	2.89814	5.6404	0.00084	0.00518	-1.92539	-0.346	0	0	0	0	0	0	0.08566	32.3717	29.944	2.42763	0	0.06624	0	0	1.4633	0.77556	85.605	247.112	14.8884
ALA_362	-3.7542	0.62446	3.19765	-0.02325	0	0	3.13012	4.79198	0	0	-2.86519	-0.37074	0	0	0	0	0	0	-0.02388	0	0	0	0	0.55054	0	0	2.2619	1.36826	8.88765	122.534	30.4661
ALA_363	-4.58627	5.02519	2.98114	-0.02263	0	0	3.39472	5.32052	0	0	-2.04232	-0.41152	0	0	0	0	0	0	-0.01468	0	0	0	0	-0.04307	0	0	2.2619	0.43486	12.2978	143.052	9.94848
TYR_364	-7.56513	2.88128	4.51503	-0.79958	0.11551	0.12153	3.50293	7.7	0.04371	0.22443	-2.39119	-0.45694	0	0	0	0	0	0	1.02906	3.01983	0.10078	0	2.91905	-0.31699	0	0	1.7379	0.88999	17.2712	183.042	64.9585
LYS_365	-6.26355	1.92315	4.67876	-0.40835	0.25023	0.22438	2.6591	6.42757	0.00532	0.03397	-2.21271	0.1094	0	0	0	-0.58488	0	0	-0.11143	17.7552	15.2842	2.47104	0	0.36813	0	0	-0.8895	0.60844	42.3285	143.635	108.365
VAL_366	-7.36393	2.70688	4.20138	-0.27884	0.2925	0.05956	2.88563	7.29772	0.03184	0.19174	-2.21883	0.1818	0	0	0	0	0	0	3.18302	0.0733	0.01079	0.06251	0	-0.52766	0	0	2.7371	-0.16296	13.3636	166.115	15.885
GLN_367	-5.6456	2.82061	4.97141	-0.64544	0.11749	0.71382	1.62677	6.09225	0.02814	0.15919	-1.08923	-0.487	0	0	0	-0.58488	0	0	0.47364	3.95841	0.13737	0	3.82105	-0.26508	0	0	-0.1077	-0.39021	15.705	159.333	57.6671
ASN_368	-3.22705	1.33728	2.52937	-0.32038	0.00571	0.57451	0.4205	3.37275	0.00268	0.02904	-0.08108	-0.62384	0	0	0	0	0	0	0.37804	7.34523	5.08134	0	2.26389	0.22099	0	0	-0.3009	0.51511	19.5232	75.2072	108.793
GLY_369	-1.69425	0.44024	2.07891	-0.0005	0	0	0.55603	2.53789	0	0	-0.03297	-0.23007	0.10141	0	0	0	0	0	0.00263	0	0	0	0	-2.52011	0	0	1.435	4.454	7.12823	116.528	47.4717
PRO_370	-1.55637	0.38277	0.96305	-0.07131	0	0.0447	0.62923	1.34271	0	0	0.45081	0.63963	0.102	0	0	0	0	0	0.04408	0.96782	0.3698	0.59802	0	1.52918	0	0	-4.6787	3.76038	5.51781	68.1795	130.821
ILE_371	-5.21639	2.56154	2.21072	-0.61502	1.34312	0.22584	1.54342	4.12212	0.0373	0.30262	-1.18102	-0.27642	0	0	0	0	0	0	-0.01146	1.4796	1.17541	0.30419	0	0.51798	0	0	1.8006	1.84955	12.1737	154.725	52.2755
LYS_372	-6.56143	3.8379	6.69713	-0.34833	0.10279	0.14435	1.9565	7.48822	0.05777	0.38669	-1.37864	0.26259	0	0	0	0	0	0	-0.1328	4.56469	2.34355	2.22114	0	0.23316	0	0	-0.8895	1.99364	22.9794	141.418	110.582
ASP_373	-4.70977	1.26223	5.54493	-0.11788	0.02748	0.37472	1.45479	5.74149	0.05664	0.38084	-2.19756	-0.50259	0	0	0	0	0	0	1.17351	2.64907	0.11814	0	2.53093	0.47678	0	0	-1.6204	1.46746	14.1108	119.297	65.7026
SER_374	-6.95435	3.412	6.39838	-0.03234	0.00147	0.02014	4.16905	8.01377	0.01303	0.1131	-2.85622	-0.51469	0	0	0	0	0	0	0.29749	1.60935	0.92573	0.68362	0	-0.0228	0	4.04	-0.539	0.64549	19.4232	162	0
THR_375	-5.73013	3.01257	4.89009	-0.11323	0.03824	0.07562	3.34988	6.6753	0.01444	0.14949	-2.28827	-0.55429	0	0	0	0	0	0	-0.01124	1.46626	0.71574	0.75052	0	-0.32522	0	5.02166	-0.9333	-0.69696	15.5072	151.804	22.1961
PHE_376	-6.04659	1.57835	2.95188	-0.60823	0.11996	0.36865	3.01892	5.41467	0.039	0.13064	-1.89895	0.01606	0	0	0	0	0	0	0.07802	3.41586	0.48077	0	2.93509	-0.29716	0	0	1.9602	0.15436	13.8115	182.856	54.1439
LYS_377	-5.9733	1.19489	5.23529	-0.3257	0.19282	0.19253	3.80085	6.59575	0.02275	0.0713	-3.31968	-0.33589	0	0	0	0	0	0	-0.16617	6.81668	3.54015	3.27653	0	0.57073	0	0	-0.8895	0.64348	21.1435	192.796	59.2036
LEU_378	-4.85016	1.46018	3.53396	-0.62796	0.91786	0.18128	3.37012	5.66093	0.039	0.13064	-2.84407	0.33421	0	0	0	0	0	0	-0.09866	1.71517	0.88211	0.83306	0	-0.54987	0	0	1.3223	0.26198	11.6721	137.809	72.1911
THR_379	-5.81243	5.55576	4.24048	-0.13261	0.17961	0.05939	3.3276	5.87442	0.02275	0.0713	-2.01852	-0.94808	0	0	0	0	0	0	0.77157	18.6696	18.4097	0.25991	0	-0.01508	0	5.03428	-0.9333	0.26113	52.8775	151.108	22.8921
TYR_380	-6.18046	1.67567	4.12706	-0.70174	0.19453	0.07044	3.17807	6.03912	0	0	-2.4713	-0.39319	0	0	0	0	0	0	0.54637	4.0137	0.19593	0	3.81776	0.00378	0	0	1.7379	0.10546	15.9591	190.293	57.7069
MET_381	-7.63085	2.10343	4.23428	-0.46576	1.51959	0.16658	3.36622	6.09924	0	0	-2.70352	-0.28758	0	0	0	0	0	0	0.10354	3.43659	1.3008	2.13579	0	-0.01803	0	0	1.4633	0.00153	14.8251	245.117	16.8834
MET_382	-5.07934	1.72599	3.6026	-0.34582	0.09206	0.14316	2.73983	4.72476	0.01778	0.05318	-2.32187	-0.39445	0	0	0	0	0	0	1.00728	2.83762	0.8234	2.01422	0	0.22249	0	0	1.4633	1.44729	14.7735	191.742	70.2575
HIS_383	-9.90003	10.8037	8.71152	-0.59037	0.0369	0.49058	5.0203	11.6591	0	0	-2.96269	-0.77595	0	0	0	0	-1.08796	0	-0.03287	3.80227	0.02033	0	3.78194	0.13648	0	0	0.8406	1.03408	30.9879	240.23	0.76969
LYS_384	-5.18689	0.64749	5.78438	-0.51149	0.50263	0.30301	2.76538	6.83556	0.04941	0.12222	-1.79456	-0.0978	0	0	0	0	0	0	0.67309	2.44765	0	2.44765	0	0.43767	0	0	-0.8895	-0.27691	14.259	156.758	95.2418
ALA_385	-4.23242	2.82622	1.84224	-0.02052	0	0	1.20796	4.24257	0	0	-0.3806	-0.31457	0	0	0	0	0	0	0.22331	0	0	0	0	0.1645	0	0	2.2619	0.21266	8.03324	134.304	18.6963
SER_386	-3.81809	0.45445	5.34415	-0.03883	0.00979	0.05738	3.84697	6.05533	0.03243	0.19217	-1.05348	-0.5189	0	0	0	-0.09212	0	0	0.81469	0.3507	0.03634	0.31436	0	-0.5829	0	4.04	-0.539	0.03439	14.9398	125.693	36.3067
GLN_387	-1.71618	0.46924	1.92548	-0.2617	0.03064	0.15459	0.63147	2.30142	0	0	0.25574	-0.26488	0	0	0	0	0	0	1.47304	23.6606	19.6657	0	3.99492	0.543	0	0	-0.1077	3.11221	55.8675	35.1164	181.884
ASN_388	-4.75514	1.24982	4.89431	-0.19415	0.05031	0.3558	1.44025	5.89212	0.02287	0.13878	-1.41847	-0.56946	0	0	0	-0.3801	0	0	1.3066	5.39123	0.15585	0	5.23538	-0.65425	0	0	-0.3009	3.26932	21.1302	123.956	60.0441
GLN_389	-8.99988	2.18217	8.17863	-0.74856	0.23466	0.63916	4.06613	10.2116	0.07291	0.73557	-2.03505	-0.11874	0	0	0	0	-0.69626	0	3.60339	5.58065	0.47576	0	5.10489	0.19532	0	0	-0.1077	-0.26586	28.3088	210.405	6.59521
ILE_390	-4.63098	1.09486	3.05524	-0.77759	3.2937	0.28859	1.11144	4.6597	0	0	0.3995	0.54474	0	0	0	0	0	0	0.35026	1.97692	0.3624	1.61451	0	-0.15047	0	0	1.8006	0.12149	15.1149	145.962	61.0381
ASP_391	-4.23814	1.3224	4.7871	-0.10976	0	0.3201	2.01411	5.94292	0.0965	0.56581	-2.79188	-0.95763	0	0	0	0	-0.69626	0	0.06282	5.87398	1.35128	0	4.5227	-0.24408	0	0	-1.6204	-0.00347	16.1981	128.434	56.5662
GLY_392	-2.74351	0.74849	3.1268	-0.00025	0	0	1.67257	4.40341	0.02062	0.2871	0.4508	-0.15147	0	0	0	0	0	0	0.2328	0	0	0	0	-2.43203	0	0	1.435	0.40215	7.45248	136.326	27.6736
SER_393	-2.89564	0.40959	2.59431	-0.03259	0.00164	0.01964	1.50333	3.59809	0	0	-0.43822	-0.45988	0	0	0	0	0	0	0.35308	2.62313	2.03613	0.587	0	0.37766	0	4.04	-0.539	0.43525	14.2135	89.4659	72.5341
VAL_394	-4.97509	1.9451	3.31858	-0.34022	0.99497	0.08174	3.13621	5.6332	0	0	-2.32828	-0.21959	0	0	0	0	0	0	0.07295	5.00982	4.81709	0.19274	0	0.84679	0	0	2.7371	1.3056	22.2287	140.282	41.7185
ASN_395	-5.55866	4.20204	4.97064	-0.16452	0.02879	0.24474	3.4844	6.52539	0.06154	0.19401	-1.43627	-0.5944	0	0	0	0	0	0	1.17715	3.21976	0.13988	0	3.07988	1.09461	0	0	-0.3009	1.71689	22.0849	156.498	27.5025
GLU_396	-6.38114	2.40605	6.31942	-0.25664	0.13877	0.31898	3.56841	7.51407	0.04408	0.39905	-2.7074	-0.8254	0	0	0	0	0	0	1.79385	17.4741	12.2726	0	5.20153	0.31677	0	0	-1.6358	0.33845	46.2998	205.972	17.0282
LEU_397	-5.01928	2.56519	3.72805	-0.64244	2.63637	0.18366	2.85586	5.41362	0.02993	0.12518	-2.00129	0.08271	0	0	0	0	0	0	0.49815	3.97556	2.20418	1.77138	0	-0.30484	0	0	1.3223	0.09172	19.516	158.497	51.5034
ARG_398	-8.27474	5.07198	7.70701	-0.48436	1.30417	0.24956	5.41769	9.76578	0.03965	0.54122	-3.0961	0.40898	0	0	0	-0.37072	0	0	0.64739	20.7173	17.7797	2.93764	0	-0.2514	0	0	-0.1423	-0.27978	59.6886	242.316	22.6844
LEU_399	-5.85826	1.51274	3.87573	-0.62885	5.11255	0.15168	3.18699	6.32431	1e-05	5e-05	-2.43797	0.4224	0	0	0	0	0	0	-0.10819	2.25128	1.22136	1.02991	0	-0.23384	0	0	1.3223	0.2091	17.3533	153.785	56.215
VAL_400	-5.96691	1.01455	3.43166	-0.26638	0.29529	0.05543	3.08542	5.93124	0.00188	0.00673	-1.54196	-0.41416	0	0	0	0	0	0	0.11871	3.6612	3.39397	0.26722	0	-1.05992	0	0	2.7371	0.2364	14.9875	162.781	19.2188
SER_401	-5.10113	1.23756	4.43737	-0.03562	0.05508	0.02878	3.24896	5.94156	0.00025	0.00105	-2.56062	-0.86701	0	0	0	0	0	0	0.6464	2.65972	1.83563	0.82409	0	0.67408	0	4.04	-0.539	0.17535	16.7025	156.973	5.02674
THR_402	-5.74464	1.1219	4.92974	-0.15486	0.11729	0.05615	3.66175	6.55026	0.01632	0.15623	-2.34175	-0.69098	0	0	0	0	-0.42364	0	0.50732	2.28289	2.02614	0.25675	0	-0.3117	0	5.03637	-0.9333	0.32889	16.4471	145.588	28.4123
PHE_403	-7.5397	3.35727	3.23842	-0.60977	0.15984	0.37073	3.07039	6.0966	0.00969	0.03033	-2.03635	0.04274	0.36576	0	0	0	0	0	0.23062	3.45829	0.47729	0	2.981	-0.33998	0	0	1.9602	2.98484	18.3082	193.8	43.2004
PRO_404	-4.56236	4.36839	2.41071	-0.2282	0.79443	0.1672	0.73954	2.75879	0.00113	0.00586	0.05623	-0.41794	0.37272	0	0	0	0	0	0.06094	1.047	0.84855	0.19845	0	3.73639	0	0	-4.6787	5.4665	13.1456	141.11	57.89
PHE_405	-5.6327	0.76064	3.54578	-0.58108	0.07836	0.30211	3.45981	5.58311	0.00945	0.02933	-2.33908	0.18471	0	0	0	0	0	0	0.18007	3.27616	0.07012	0	3.20604	-0.14833	0	0	1.9602	2.23904	16.1837	181.525	55.4748
ASN_406	-3.03146	0.66905	3.44106	-0.37094	0.3324	0.78626	1.32819	4.31842	0.01969	0.23137	0.57424	-0.79757	0	0	0	-0.13395	0	0	0.34179	3.39061	0.71959	0	2.67103	-0.83392	0	0	-0.3009	0.06003	13.415	68.0451	115.955
LEU_407	-4.85151	1.28571	2.00008	-0.51965	0.46899	0.13639	1.10802	3.49425	0	0	-0.56669	0.34229	0	0	0	0	0	0	-0.20433	6.91103	6.61853	0.29251	0	0.16009	0	0	1.3223	1.15808	19.1561	139.921	70.0793
LEU_408	-4.16656	1.89276	3.87718	-0.50588	0.83343	0.24269	2.08937	4.81277	0.02312	0.14054	-0.0076	0.29671	0	0	0	-0.13395	0	0	0	2.02786	0.58971	1.43815	0	0	0	0	1.3223	0.8557	15.6283	90.0421	119.958