89	88	113	112	20.972847345378067	4.856527805328369	0	1
90	89	112	111	-22.72211356499647	5.481136322021484	0	1
91	90	112	111	23.848203331141434	4.500543117523193	0	1
92	91	111	110	-20.045874080313247	5.435859680175781	0	1
93	92	110	109	-6.49897080697961	4.437650203704834	0	1
94	93	108	107	49.657186572422745	5.542549133300781	0	1
95	94	108	107	-16.181036864094054	4.365894317626953	0	1
105	104	129	128	-6.257981366334807	5.536137580871582	1	2
106	105	128	127	-16.081665180380885	3.8866329193115234	1	2
107	106	127	126	-12.007493034746862	5.416389465332031	1	2
108	107	126	125	3.567106270426918	4.355534553527832	1	2
109	108	125	124	-9.208592178523569	5.484378337860107	1	2
110	109	124	123	-15.623566772751415	4.077366828918457	1	2
111	110	123	122	-9.259765426685902	5.351861476898193	1	2
112	111	122	121	-11.980971802456224	4.772147178649902	1	2
113	112	121	120	-29.312395046374263	5.230081081390381	1	2
143	142	170	169	-110.33771293204607	5.7353410720825195	2	3
144	143	170	169	-54.216811454580196	5.742275714874268	2	3
145	144	170	169	-41.24888794750413	5.516502380371094	2	3
146	145	169	168	-46.164232945827486	4.33697509765625	2	3
147	146	168	167	-19.890780427408327	5.649374961853027	2	3
151	150	165	164	-28.31243577510884	4.4704813957214355	2	3
152	151	164	163	-14.882078078092485	5.243562698364258	2	3
153	152	163	162	-26.402603559597946	4.5947160720825195	2	3
154	153	162	161	-30.89026375573627	5.064981937408447	2	3
155	154	161	160	-43.13433173351544	4.565533638000488	2	3
161	160	186	185	-13.16895960242434	5.0673651695251465	3	4
162	161	185	184	-28.391225690221304	5.04047155380249	3	4
163	162	184	183	-24.584883937902333	4.714365005493164	3	4
201	200	224	223	-63.94415812767668	5.504097938537598	4	5
217	216	47	46	-6.751856142432043	4.286248683929443	5	0
218	217	46	45	-27.742178284536585	5.438594818115234	5	0
219	218	45	44	-19.611530255341293	4.639237880706787	5	0
220	219	44	43	-16.401997915880766	4.970966815948486	5	0
221	220	43	42	-13.568798761196506	4.747620582580566	5	0
224	223	73	72	-163.34174055596299	4.859565734863281	5	0
89	88	113	112	20.972847345378067	4.856527805328369	0	1
90	89	112	111	-22.72211356499647	5.481136322021484	0	1
91	90	112	111	23.848203331141434	4.500543117523193	0	1
92	91	111	110	-20.045874080313247	5.435859680175781	0	1
93	92	110	109	-6.49897080697961	4.437650203704834	0	1
94	93	108	107	49.657186572422745	5.542549133300781	0	1
95	94	108	107	-16.181036864094054	4.365894317626953	0	1
105	104	129	128	-6.257981366334807	5.536137580871582	1	2
106	105	128	127	-16.081665180380885	3.8866329193115234	1	2
107	106	127	126	-12.007493034746862	5.416389465332031	1	2
108	107	126	125	3.567106270426918	4.355534553527832	1	2
109	108	125	124	-9.208592178523569	5.484378337860107	1	2
110	109	124	123	-15.623566772751415	4.077366828918457	1	2
111	110	123	122	-9.259765426685902	5.351861476898193	1	2
112	111	122	121	-11.980971802456224	4.772147178649902	1	2
113	112	121	120	-29.312395046374263	5.230081081390381	1	2
143	142	170	169	-110.33771293204607	5.7353410720825195	2	3
144	143	170	169	-54.216811454580196	5.742275714874268	2	3
145	144	170	169	-41.24888794750413	5.516502380371094	2	3
146	145	169	168	-46.164232945827486	4.33697509765625	2	3
147	146	168	167	-19.890780427408327	5.649374961853027	2	3
151	150	165	164	-28.31243577510884	4.4704813957214355	2	3
152	151	164	163	-14.882078078092485	5.243562698364258	2	3
153	152	163	162	-26.402603559597946	4.5947160720825195	2	3
154	153	162	161	-30.89026375573627	5.064981937408447	2	3
155	154	161	160	-43.13433173351544	4.565533638000488	2	3
161	160	186	185	-13.16895960242434	5.0673651695251465	3	4
162	161	185	184	-28.391225690221304	5.04047155380249	3	4
163	162	184	183	-24.584883937902333	4.714365005493164	3	4
201	200	224	223	-63.94415812767668	5.504097938537598	4	5
217	216	47	46	-6.751856142432043	4.286248683929443	5	0
218	217	46	45	-27.742178284536585	5.438594818115234	5	0
219	218	45	44	-19.611530255341293	4.639237880706787	5	0
220	219	44	43	-16.401997915880766	4.970966815948486	5	0
221	220	43	42	-13.568798761196506	4.747620582580566	5	0
224	223	73	72	-163.34174055596299	4.859565734863281	5	0
