25	24	43	42	-16.268009097105264	5.4329376220703125	0	1
26	25	42	41	-31.81618596467022	4.6410112380981445	0	1
27	26	41	40	-19.01531404548283	5.449423313140869	0	1
40	39	60	59	-53.135594533060015	5.485661506652832	1	2
41	40	59	58	62.60743121187191	4.9852776527404785	1	2
42	41	59	58	-10.686046885039534	4.30650520324707	1	2
43	42	57	56	39.647368915104344	5.493165969848633	1	2
44	43	57	56	-17.886219523537886	3.9575612545013428	1	2
45	44	56	55	-6.605262596571092	5.3478899002075195	1	2
46	45	55	54	-37.0169379832901	4.261496543884277	1	2
54	53	77	76	-24.199455939675545	5.557435989379883	2	3
55	54	76	75	-6.6611058708704896	4.354784965515137	2	3
56	55	75	74	-16.824356546070238	5.166226387023926	2	3
57	56	74	73	-27.188669589706066	4.573158264160156	2	3
58	57	73	72	-23.828644879073007	5.074779510498047	2	3
59	58	72	71	-3.946486775537676	4.796623706817627	2	3
60	59	71	70	-45.48206646609479	5.5126729011535645	2	3
61	60	70	69	-44.01958448465362	4.49290132522583	2	3
75	74	91	90	-11.258863646689765	5.49343729019165	3	4
76	75	90	89	-20.371817785591816	4.155336856842041	3	4
77	76	89	88	-27.19813036196566	5.297971725463867	3	4
87	86	104	103	-40.37233044413986	5.014466762542725	4	5
88	87	103	102	-40.141125537377185	4.785759925842285	4	5
89	88	102	101	-15.898445326226724	5.152207374572754	4	5
90	89	101	100	-28.565238224438662	4.38296365737915	4	5
104	103	119	118	24.494226945501953	5.361189365386963	5	6
105	104	119	118	-39.48978845171714	5.380838871002197	5	6
106	105	118	117	-25.72001602449126	5.158012866973877	5	6
107	106	117	116	-53.98332391820304	4.719120025634766	5	6
108	107	116	115	-36.17529514264853	5.502709865570068	5	6
109	108	116	115	-1.3038912074582845	5.27942419052124	5	6
110	109	115	114	18.780343952755604	4.0895161628723145	5	6
115	114	138	137	-17.91990751363665	4.557887077331543	6	7
116	115	137	136	-17.788319643496294	5.047626972198486	6	7
117	116	136	135	-13.818159367631846	4.725631237030029	6	7
118	117	135	134	-9.386063779982486	5.230943202972412	6	7
119	118	134	133	-13.02671411637948	4.434672832489014	6	7
120	119	133	132	-5.728607609206214	5.384621620178223	6	7
121	120	132	131	-46.12275241075136	4.31728458404541	6	7
134	133	30	29	-48.070053953014785	5.220188140869141	7	0
135	134	30	29	-2.270821618006086	4.955474853515625	7	0
136	135	29	28	-21.840519445143123	4.441321849822998	7	0
137	136	28	27	16.547892872824832	5.221220016479492	7	0
138	137	26	25	-38.234857726491185	4.3474345207214355	7	0
139	138	25	24	-51.15565969294744	5.336086750030518	7	0
166	165	30	29	-52.059132241055764	4.403578758239746	7	0
167	166	28	27	-3.2145927223342734	5.31068229675293	7	0
168	167	28	27	-59.01050790017948	4.248377323150635	7	0
25	24	43	42	-16.268009097105264	5.4329376220703125	0	1
26	25	42	41	-31.81618596467022	4.6410112380981445	0	1
27	26	41	40	-19.01531404548283	5.449423313140869	0	1
40	39	60	59	-53.135594533060015	5.485661506652832	1	2
41	40	59	58	62.60743121187191	4.9852776527404785	1	2
42	41	59	58	-10.686046885039534	4.30650520324707	1	2
43	42	57	56	39.647368915104344	5.493165969848633	1	2
44	43	57	56	-17.886219523537886	3.9575612545013428	1	2
45	44	56	55	-6.605262596571092	5.3478899002075195	1	2
46	45	55	54	-37.0169379832901	4.261496543884277	1	2
54	53	77	76	-24.199455939675545	5.557435989379883	2	3
55	54	76	75	-6.6611058708704896	4.354784965515137	2	3
56	55	75	74	-16.824356546070238	5.166226387023926	2	3
57	56	74	73	-27.188669589706066	4.573158264160156	2	3
58	57	73	72	-23.828644879073007	5.074779510498047	2	3
59	58	72	71	-3.946486775537676	4.796623706817627	2	3
60	59	71	70	-45.48206646609479	5.5126729011535645	2	3
61	60	70	69	-44.01958448465362	4.49290132522583	2	3
75	74	91	90	-11.258863646689765	5.49343729019165	3	4
76	75	90	89	-20.371817785591816	4.155336856842041	3	4
77	76	89	88	-27.19813036196566	5.297971725463867	3	4
87	86	104	103	-40.37233044413986	5.014466762542725	4	5
88	87	103	102	-40.141125537377185	4.785759925842285	4	5
89	88	102	101	-15.898445326226724	5.152207374572754	4	5
90	89	101	100	-28.565238224438662	4.38296365737915	4	5
104	103	119	118	24.494226945501953	5.361189365386963	5	6
105	104	119	118	-39.48978845171714	5.380838871002197	5	6
106	105	118	117	-25.72001602449126	5.158012866973877	5	6
107	106	117	116	-53.98332391820304	4.719120025634766	5	6
108	107	116	115	-36.17529514264853	5.502709865570068	5	6
109	108	116	115	-1.3038912074582845	5.27942419052124	5	6
110	109	115	114	18.780343952755604	4.0895161628723145	5	6
115	114	138	137	-17.91990751363665	4.557887077331543	6	7
116	115	137	136	-17.788319643496294	5.047626972198486	6	7
117	116	136	135	-13.818159367631846	4.725631237030029	6	7
118	117	135	134	-9.386063779982486	5.230943202972412	6	7
119	118	134	133	-13.02671411637948	4.434672832489014	6	7
120	119	133	132	-5.728607609206214	5.384621620178223	6	7
121	120	132	131	-46.12275241075136	4.31728458404541	6	7
134	133	30	29	-48.070053953014785	5.220188140869141	7	0
135	134	30	29	-2.270821618006086	4.955474853515625	7	0
136	135	29	28	-21.840519445143123	4.441321849822998	7	0
137	136	28	27	16.547892872824832	5.221220016479492	7	0
138	137	26	25	-38.234857726491185	4.3474345207214355	7	0
139	138	25	24	-51.15565969294744	5.336086750030518	7	0
166	165	30	29	-52.059132241055764	4.403578758239746	7	0
167	166	28	27	-3.2145927223342734	5.31068229675293	7	0
168	167	28	27	-59.01050790017948	4.248377323150635	7	0
