165	164	190	189	0.47601420334086403	5.680383205413818	0	1
166	165	189	188	6.971567936536307	4.444256782531738	0	1
167	166	188	187	-1.5631939801069636	5.018152236938477	0	1
168	167	187	186	-30.240749898943154	4.377668380737305	0	1
169	168	186	185	-8.072400469105682	5.569104194641113	0	1
170	169	185	184	-3.8512491423004804	4.451947212219238	0	1
171	170	184	183	-2.835127141438432	5.007050037384033	0	1
172	171	183	182	-3.234972764291873	4.521435260772705	0	1
183	182	209	208	11.443286178536958	3.89253306388855	1	2
184	183	208	207	-6.492424216844394	5.367437362670898	1	2
185	184	207	206	5.6947977665058165	4.431076526641846	1	2
186	185	206	205	-10.402853681142668	5.723731517791748	1	2
187	186	205	204	7.1236880941812695	4.120859146118164	1	2
188	187	204	203	0.21330545972716505	5.3227996826171875	1	2
189	188	203	202	-11.781828881881811	4.118521213531494	1	2
190	189	202	201	-14.86453319265143	5.403580188751221	1	2
191	190	201	200	8.388180539910389	4.196731090545654	1	2
192	191	199	198	0.278747468061457	5.582701683044434	1	2
193	192	199	198	-56.96751650097072	4.084065914154053	1	2
194	193	199	198	38.13656225491953	5.207592964172363	1	2
199	198	241	240	-6.512172767902331	4.555547714233398	2	3
200	199	240	239	-31.031701906891325	5.238949775695801	2	3
201	200	239	238	-8.28575238173299	4.526701927185059	2	3
202	201	238	237	0.053855475507132	4.991386413574219	2	3
203	202	237	236	-7.102383001157308	4.487945079803467	2	3
204	203	236	235	-5.66448636872985	5.48712682723999	2	3
205	204	235	234	9.319748448514519	4.489994049072266	2	3
206	205	234	233	-3.011907625915163	5.080789566040039	2	3
207	206	233	232	-3.053968537634083	4.904947280883789	2	3
208	207	232	231	-8.31075557820889	4.940727233886719	2	3
209	208	231	230	5.73614852276338	4.360904693603516	2	3
230	229	261	260	-34.7992463043032	4.516175746917725	3	4
231	230	260	259	-29.572460509014412	4.403011798858643	3	4
232	231	259	258	-10.923124499741782	5.165158271789551	3	4
233	232	258	257	-7.413551297171084	4.670873641967773	3	4
234	233	257	256	6.2017595159138965	5.141151428222656	3	4
235	234	256	255	-5.117426248355913	4.353348255157471	3	4
236	235	255	254	2.818556201975162	5.535367488861084	3	4
237	236	254	253	-4.281527277673172	3.9485464096069336	3	4
238	237	253	252	-18.014899729088103	5.22876501083374	3	4
239	238	252	251	-6.432115101248558	4.638325214385986	3	4
240	239	251	250	-5.584656384912699	5.085939407348633	3	4
241	240	250	249	-14.541062079353374	4.780609607696533	3	4
242	241	249	248	-15.583913756984517	5.121070861816406	3	4
243	242	248	247	-49.03844330639355	4.608933448791504	3	4
247	246	301	300	-19.634541219388513	4.684964179992676	4	5
248	247	300	299	-12.353341772410863	4.851903438568115	4	5
249	248	299	298	-19.47802825831168	5.322535514831543	4	5
250	249	298	297	-18.830040817376013	4.750852108001709	4	5
251	250	297	296	-8.85879966230558	5.046867370605469	4	5
252	251	296	295	-10.53345857024429	4.907374382019043	4	5
253	252	295	294	4.802610563264708	5.0782694816589355	4	5
254	253	294	293	-3.9370973844837707	4.751805782318115	4	5
255	254	293	292	-6.458347634133322	5.4508795738220215	4	5
256	255	292	291	0.11555756296985717	4.450658798217773	4	5
257	256	291	290	-9.350834528030713	5.172402381896973	4	5
258	257	290	289	-8.19605130779056	4.561789035797119	4	5
259	258	289	288	-4.290181096002121	4.914264678955078	4	5
260	259	288	287	-18.630610064464342	4.408864498138428	4	5
288	287	320	319	-8.995235411288753	3.9484121799468994	5	6
289	288	319	318	-16.961212643454765	5.015305995941162	5	6
290	289	318	317	-6.4745869773004525	4.911994934082031	5	6
291	290	317	316	-7.13885735035547	4.9460272789001465	5	6
292	291	316	315	-8.624134132933355	4.52638053894043	5	6
293	292	315	314	-9.397353194142989	5.039829730987549	5	6
294	293	314	313	-0.9698637400442095	4.445672988891602	5	6
295	294	313	312	-4.336518856511853	5.318228721618652	5	6
296	295	312	311	-7.496297269147677	4.130489826202393	5	6
297	296	311	310	-8.541622170262505	5.2186431884765625	5	6
298	297	310	309	-7.6593724115050215	4.510904312133789	5	6
299	298	309	308	-5.806988240133268	5.197478294372559	5	6
300	299	308	307	-15.02220671152697	4.518191337585449	5	6
301	300	307	306	1.356295118048785	5.0236711502075195	5	6
307	306	354	353	-15.593274405956686	5.026037693023682	6	7
308	307	353	352	-14.593874950071669	4.186732769012451	6	7
309	308	352	351	1.2001421890541146	5.127233505249023	6	7
310	309	351	350	0.3726667460702694	4.348647594451904	6	7
311	310	350	349	-1.1541407219400006	4.941000938415527	6	7
312	311	349	348	-14.6243571999906	4.679544925689697	6	7
313	312	348	347	-11.918840055059098	5.2051544189453125	6	7
314	313	347	346	-5.628234762136897	4.481900691986084	6	7
315	314	346	345	-6.324843188749735	4.9846038818359375	6	7
316	315	345	344	-10.261349026451237	4.607848167419434	6	7
317	316	344	343	-16.44877036229761	5.0194091796875	6	7
318	317	343	342	-19.900261163403492	4.691995143890381	6	7
319	318	342	341	-8.78789674765059	4.946181774139404	6	7
320	319	341	340	-25.473450616080353	4.247070789337158	6	7
343	342	378	377	12.998848924145982	4.974867343902588	7	8
344	343	377	376	0.530314236590828	5.118022441864014	7	8
345	344	376	375	-10.830767452427825	4.524974822998047	7	8
346	345	375	374	-13.804171008868881	5.127951145172119	7	8
347	346	374	373	-16.187894616589038	4.504886150360107	7	8
348	347	373	372	-3.963626691790209	5.342670440673828	7	8
349	348	372	371	1.1167628142930288	4.2297282218933105	7	8
350	349	371	370	-4.038653910869064	5.008059978485107	7	8
351	350	370	369	-4.772753123108028	4.446941375732422	7	8
352	351	369	368	1.0046099867955098	5.132115364074707	7	8
353	352	368	367	-8.953728126449066	4.169081687927246	7	8
354	353	367	366	-14.666896333151564	5.449640274047852	7	8
355	354	366	365	-16.88982153987998	4.502294540405273	7	8
356	355	365	364	-24.38163777069331	5.138721466064453	7	8
357	356	364	363	-31.513204088515614	4.322731018066406	7	8
364	363	418	417	-4.62235587680427	4.652866840362549	8	9
365	364	417	416	-10.691255154621782	5.14600944519043	8	9
366	365	416	415	-25.561275036379147	4.615504264831543	8	9
367	366	415	414	-3.34602193363585	4.796359062194824	8	9
368	367	414	413	-7.771625797314449	4.491455078125	8	9
369	368	413	412	-12.447809691395678	5.271815299987793	8	9
370	369	412	411	-17.265383467612615	4.401469707489014	8	9
371	370	411	410	-5.247416372750438	4.9122138023376465	8	9
372	371	410	409	3.7724714493470826	4.693828582763672	8	9
373	372	409	408	-4.834343629897211	5.309233665466309	8	9
374	373	408	407	-10.495976616648546	4.453237533569336	8	9
375	374	407	406	-5.165463775440896	4.999504566192627	8	9
376	375	406	405	-16.539856061354744	4.964658737182617	8	9
377	376	405	404	-17.23886015700264	5.111395835876465	8	9
378	377	404	403	-29.990660430432353	4.66910982131958	8	9
409	408	436	435	-17.384074019657902	5.136960506439209	9	10
410	409	435	434	-19.89367052764751	4.3732452392578125	9	10
411	410	434	433	-17.44375369317937	5.221809387207031	9	10
412	411	433	432	1.6247316186304226	4.519796848297119	9	10
413	412	432	431	-19.5880935524347	5.4031853675842285	9	10
414	413	431	430	5.685213719572805	4.308267116546631	9	10
415	414	430	429	0.859298883992066	5.570487022399902	9	10
416	415	429	428	-0.6778052161460718	4.218440055847168	9	10
417	416	428	427	-10.849464669474038	5.199821472167969	9	10
418	417	427	426	-29.959103105828728	4.574115753173828	9	10
419	418	426	425	-23.164430907605894	5.243381500244141	9	10
420	419	425	424	-44.092593027700424	4.76136589050293	9	10
425	424	450	449	-7.244379635261674	4.75631856918335	10	11
426	425	449	448	-4.580524045949739	5.129861831665039	10	11
427	426	448	447	-8.035170061550744	4.577981472015381	10	11
428	427	447	446	-1.9335123889066952	4.9545183181762695	10	11
429	428	446	445	-8.190955475824465	5.090735912322998	10	11
430	429	445	444	-16.755855211981153	4.852054119110107	10	11
431	430	444	443	-7.777115810002163	4.501224994659424	10	11
432	431	443	442	-19.053345014257356	4.850570201873779	10	11
433	432	442	441	-23.981595568465064	4.811424255371094	10	11
434	433	441	440	-9.327269524623192	5.145375728607178	10	11
435	434	440	439	-25.200429847130895	3.916063070297241	10	11
444	443	464	463	-33.54985543741206	5.029969692230225	11	12
446	445	463	462	9.976194252501022	4.204464435577393	11	12
447	446	462	461	5.4167225348388035	5.101724147796631	11	12
448	447	461	460	-15.94810751075822	4.070514678955078	11	12
449	448	460	459	8.57617283986771	5.318353652954102	11	12
450	449	459	458	-16.937006244317814	4.645191192626953	11	12
451	450	458	457	-13.517630419192875	5.079141616821289	11	12
452	451	457	456	-49.46497578177068	4.238914966583252	11	12
456	455	518	517	-18.714187223900257	5.113485813140869	12	13
457	456	517	516	-12.617842194328876	4.621298313140869	12	13
458	457	516	515	-28.630120418312806	5.326374530792236	12	13
459	458	515	514	-36.46117333904328	4.763145446777344	12	13
460	459	514	513	-7.141593345612009	5.440208911895752	12	13
461	460	513	512	20.89502759806469	4.127462387084961	12	13
462	461	512	511	4.113131523202732	5.576131820678711	12	13
463	462	511	510	-10.088278906428911	4.587357044219971	12	13
464	463	510	509	-31.831383326603028	5.306379318237305	12	13
465	464	509	508	-29.92514646204334	4.398252487182617	12	13
466	465	508	507	-18.989926775507918	5.077001571655273	12	13
467	466	507	506	-10.884082092700286	4.946697235107422	12	13
468	467	506	505	-25.590395610151138	4.795334815979004	12	13
469	468	505	504	-51.81850389782266	4.718288898468018	12	13
474	473	499	498	-179.97591835640114	4.912648677825928	12	13
475	474	500	499	49.83847995916698	4.616281032562256	12	13
476	475	499	498	44.13156922463691	4.597740173339844	12	13
477	476	499	498	-71.40710280503407	4.543156623840332	12	13
479	478	499	498	-8.735917599909381	5.517106533050537	12	13
480	479	498	497	-12.740260403177682	4.597127914428711	12	13
481	480	497	496	-27.99061905174415	5.246568202972412	12	13
482	481	496	495	-10.07515924941158	4.471540451049805	12	13
507	506	536	535	63.04168913221849	5.123504161834717	13	14
508	507	534	533	-24.640079783702237	5.110870838165283	13	14
509	508	533	532	0.8990341452409947	4.077762603759766	13	14
510	509	532	531	-3.3830118801899256	5.145410060882568	13	14
511	510	531	530	-12.944120762436865	4.253262519836426	13	14
512	511	530	529	-8.564558693575664	5.257839679718018	13	14
513	512	529	528	-4.136717542740699	4.281151294708252	13	14
514	513	527	526	5.441938445984175	5.339393615722656	13	14
515	514	527	526	11.578968295644119	3.856229782104492	13	14
516	515	525	524	49.0582367166032	5.571205139160156	13	14
517	516	525	524	-20.349234454917656	4.457163333892822	13	14
518	517	524	523	5.274980520091583	4.992714881896973	13	14
522	521	587	586	-21.589506226193514	4.678760528564453	14	15
523	522	586	585	0.04798931906075909	4.909382343292236	14	15
524	523	585	584	-10.342619313472214	5.0377726554870605	14	15
525	524	584	583	9.318443536248287	4.403284549713135	14	15
526	525	582	581	58.8794577882643	5.157589435577393	14	15
527	526	582	581	-13.820093378217042	4.172242164611816	14	15
528	527	581	580	-21.158938820774257	5.25862979888916	14	15
529	528	580	579	-44.510449554907126	4.5266571044921875	14	15
530	529	579	578	5.61910554837392	5.315848350524902	14	15
531	530	578	577	-3.707530475860471	4.10679292678833	14	15
532	531	577	576	-5.250557453247548	4.980350494384766	14	15
533	532	576	575	-29.100045374300503	5.147740364074707	14	15
534	533	575	574	-16.975133356715766	5.0869574546813965	14	15
535	534	574	573	-30.98778178074555	4.6803436279296875	14	15
536	535	573	572	-50.66296195020169	4.757075786590576	14	15
575	574	606	605	-33.40152892439886	5.697404861450195	15	16
576	575	605	604	-21.36726289884375	3.971935749053955	15	16
577	576	604	603	6.167422339374044	5.426999568939209	15	16
578	577	603	602	22.449656759694403	4.743553161621094	15	16
579	578	602	601	21.118724741335548	4.859596252441406	15	16
580	579	600	599	9.89280617504586	4.4069366455078125	15	16
581	580	599	598	-4.42015617995218	5.136612415313721	15	16
582	581	598	597	-11.578059075364182	4.4056854248046875	15	16
583	582	597	596	-5.000303801852559	5.411681652069092	15	16
584	583	596	595	-21.86068040667195	4.029908180236816	15	16
585	584	595	594	-10.14249085941918	5.082272529602051	15	16
586	585	594	593	2.544239597331128	4.8924784660339355	15	16
587	586	593	592	16.348153333108698	5.052694320678711	15	16
593	592	625	624	-14.987483744403502	5.081445693969727	16	17
594	593	624	623	-14.481541935314567	4.659703731536865	16	17
595	594	623	622	-7.737575578038231	5.013120174407959	16	17
596	595	622	621	4.188030701364696	4.254528999328613	16	17
597	596	621	620	-11.941852990767519	5.17395544052124	16	17
598	597	620	619	0.03259558118847081	4.173112392425537	16	17
599	598	619	618	2.2164546410833252	5.40536642074585	16	17
600	599	618	617	-16.383083832242562	4.4332380294799805	16	17
618	617	642	641	-58.20495572305184	5.572724342346191	17	18
619	618	642	641	-8.483429364151277	4.883372783660889	17	18
620	619	641	640	-8.13080438902909	4.6198906898498535	17	18
621	620	640	639	-6.329223118458196	4.994300842285156	17	18
622	621	639	638	-5.644328204639985	4.5100274085998535	17	18
623	622	638	637	-1.6531783728672618	5.1112895011901855	17	18
624	623	637	636	-12.082171583373048	4.533337116241455	17	18
625	624	636	635	-7.289741927596532	4.817816257476807	17	18
626	625	635	634	-12.74442005131774	4.721102237701416	17	18
634	633	683	682	-29.064545786292765	4.819721698760986	18	19
635	634	682	681	-10.523444541515275	4.508421421051025	18	19
636	635	681	680	-9.026057808816072	5.056694507598877	18	19
637	636	680	679	-15.115714185696604	4.604438781738281	18	19
638	637	679	678	0.014493948667749647	5.172661781311035	18	19
639	638	678	677	-16.365121413444136	4.323579788208008	18	19
640	639	676	675	29.18717205437312	5.580092430114746	18	19
641	640	676	675	-33.15279185718601	4.333165645599365	18	19
678	677	698	697	-42.51468943326915	5.062976837158203	19	20
679	678	698	697	-15.459798852653806	5.092286586761475	19	20
680	679	697	696	15.569274865229401	4.364582061767578	19	20
681	680	695	694	11.77993359234791	5.47695255279541	19	20
682	681	695	694	-35.62021916463811	4.023823261260986	19	20
683	682	694	693	-7.476032871669053	5.677868366241455	19	20
684	683	693	692	-24.423222982399015	4.239418029785156	19	20
690	689	729	728	-26.83128342410011	4.7646965980529785	20	21
691	690	728	727	-14.054803969077069	4.892143249511719	20	21
692	691	727	726	-12.333193581485661	5.090203762054443	20	21
693	692	726	725	-3.3683070033899587	4.027493476867676	20	21
694	693	725	724	3.8176667270310545	5.305163860321045	20	21
695	694	724	723	-19.314951414455862	4.293482780456543	20	21
696	695	723	722	-33.41274361132519	5.501583576202393	20	21
697	696	722	721	-21.018241517808967	4.317215919494629	20	21
698	697	721	720	-11.045952624035532	5.352132797241211	20	21
699	698	720	719	145.13292809980464	4.781125068664551	20	21
702	701	720	719	-38.03747018410487	4.602407455444336	20	21
704	703	719	718	22.122045512401545	4.456251621246338	20	21
705	704	717	716	15.155014992509418	4.854541778564453	20	21
706	705	716	715	27.01963063692221	4.914181709289551	20	21
707	706	715	714	-2.6537722724744994	4.674609661102295	20	21
724	723	172	171	3.954471074102658	4.093295097351074	21	0
725	724	171	170	-5.369410352431906	5.616662502288818	21	0
726	725	170	169	-9.03550287533058	4.183162689208984	21	0
727	726	169	168	-6.321299874655997	5.461223602294922	21	0
728	727	168	167	-14.052538365410607	4.239534378051758	21	0
729	728	167	166	-6.146155372206762	5.066709995269775	21	0
