40	39	54	53	-19.349243805521386	5.1470417976379395	1	2
41	40	53	52	-8.05153878165889	4.604323387145996	1	2
42	41	52	51	-22.628328476141654	5.31234073638916	1	2
52	51	62	61	-9.232191032126964	5.319079399108887	2	3
53	52	61	60	-2.4592464613462224	4.151844501495361	2	3
67	66	85	84	88.73764674417961	5.232281684875488	3	4
68	67	85	84	-8.405926189628772	5.294857978820801	3	4
70	69	83	82	-45.71985861942741	4.654414176940918	3	4
83	82	95	94	-7.0544016816747765	4.407499313354492	4	5
84	83	94	93	-19.757020382620038	5.496009349822998	4	5
85	84	93	92	-19.135340011359496	4.365512371063232	4	5
92	91	105	104	-16.001884139143097	5.0140767097473145	5	6
93	92	104	103	-7.738639471932018	4.494551658630371	5	6
94	93	103	102	-8.764532676062922	5.050320148468018	5	6
95	94	102	101	-11.002406323357384	4.784645080566406	5	6
102	101	117	116	-61.37097447570339	5.464611530303955	6	7
103	102	117	116	-4.291127719071532	5.1153459548950195	6	7
104	103	116	115	-10.307791274991537	4.472262859344482	6	7
105	104	115	114	-10.24063887834745	5.1236748695373535	6	7
106	105	114	113	-19.887050655365048	4.390644073486328	6	7
113	112	127	126	-12.009959538136965	5.119104385375977	7	8
114	113	126	125	-21.48061609391029	4.7231292724609375	7	8
115	114	125	124	-14.12966611727393	5.152878761291504	7	8
116	115	124	123	-21.261573028630995	4.65578031539917	7	8
124	123	14	13	-48.89945711201271	5.664945125579834	8	0
125	124	14	13	6.917658456000592	5.423031330108643	8	0
126	125	13	12	-3.871121867192339	4.432629108428955	8	0
127	126	12	11	10.98135448007366	5.048338413238525	8	0
40	39	54	53	-19.349243805521386	5.1470417976379395	1	2
41	40	53	52	-8.05153878165889	4.604323387145996	1	2
42	41	52	51	-22.628328476141654	5.31234073638916	1	2
52	51	62	61	-9.232191032126964	5.319079399108887	2	3
53	52	61	60	-2.4592464613462224	4.151844501495361	2	3
67	66	85	84	88.73764674417961	5.232281684875488	3	4
68	67	85	84	-8.405926189628772	5.294857978820801	3	4
70	69	83	82	-45.71985861942741	4.654414176940918	3	4
83	82	95	94	-7.0544016816747765	4.407499313354492	4	5
84	83	94	93	-19.757020382620038	5.496009349822998	4	5
85	84	93	92	-19.135340011359496	4.365512371063232	4	5
92	91	105	104	-16.001884139143097	5.0140767097473145	5	6
93	92	104	103	-7.738639471932018	4.494551658630371	5	6
94	93	103	102	-8.764532676062922	5.050320148468018	5	6
95	94	102	101	-11.002406323357384	4.784645080566406	5	6
102	101	117	116	-61.37097447570339	5.464611530303955	6	7
103	102	117	116	-4.291127719071532	5.1153459548950195	6	7
104	103	116	115	-10.307791274991537	4.472262859344482	6	7
105	104	115	114	-10.24063887834745	5.1236748695373535	6	7
106	105	114	113	-19.887050655365048	4.390644073486328	6	7
113	112	127	126	-12.009959538136965	5.119104385375977	7	8
114	113	126	125	-21.48061609391029	4.7231292724609375	7	8
115	114	125	124	-14.12966611727393	5.152878761291504	7	8
116	115	124	123	-21.261573028630995	4.65578031539917	7	8
124	123	14	13	-48.89945711201271	5.664945125579834	8	0
125	124	14	13	6.917658456000592	5.423031330108643	8	0
126	125	13	12	-3.871121867192339	4.432629108428955	8	0
127	126	12	11	10.98135448007366	5.048338413238525	8	0
