30	29	51	50	-10.648463766864266	5.336636066436768	0	1
31	30	50	49	-32.7844956684258	4.214393615722656	0	1
32	31	49	48	-2.3275211418138713	5.46554708480835	0	1
48	47	70	69	-46.023798819309924	5.164050102233887	1	2
49	48	69	68	66.80594330786711	4.960612773895264	1	2
50	49	69	68	-6.279396703145247	4.201963901519775	1	2
51	50	68	67	-20.812939475294634	5.270379066467285	1	2
52	51	67	66	-16.275087095436774	4.401988983154297	1	2
53	52	66	65	-36.1064504383434	5.437222957611084	1	2
54	53	65	64	-19.280400406434012	4.293206214904785	1	2
55	54	64	63	-66.79324360889508	5.522481918334961	1	2
56	55	63	62	52.07718890665684	5.3933844566345215	1	2
57	56	63	62	-28.465306167265766	4.7237229347229	1	2
62	61	86	85	-22.679015313196658	5.600584983825684	2	3
63	62	85	84	-15.753955672132244	4.117234706878662	2	3
64	63	84	83	-29.484050938794645	5.505175590515137	2	3
65	64	83	82	-42.441795473520166	4.638400554656982	2	3
66	65	82	81	-18.72814453167729	5.386125564575195	2	3
67	66	81	80	-33.75345791734096	4.511876583099365	2	3
68	67	80	79	-15.325284811684368	5.218189716339111	2	3
69	68	79	78	-34.01351849833721	4.386482238769531	2	3
83	82	101	100	-77.73899075960882	5.526507377624512	3	4
84	83	101	100	-19.44319499036154	5.106159687042236	3	4
85	84	100	99	-17.826697716748807	4.332289218902588	3	4
86	85	99	98	-38.025645706391145	4.987459182739258	3	4
87	86	98	97	-51.52209913268046	4.894527912139893	3	4
97	96	112	111	-35.539295428489744	5.561337947845459	4	5
98	97	111	110	-29.211958889972248	4.1170334815979	4	5
99	98	110	109	-11.905989925012761	5.299821853637695	4	5
100	99	109	108	-22.66689527376991	4.402185916900635	4	5
111	110	124	123	-22.233866182661004	4.893881320953369	5	6
112	111	123	122	-33.83560307612968	4.988517761230469	5	6
113	112	122	121	-58.897813232684996	4.643276691436768	5	6
114	113	122	121	26.446738482694396	5.44774055480957	5	6
121	120	137	136	-13.305283351058591	5.064883232116699	6	7
122	121	136	135	-24.667265446543908	4.72240686416626	6	7
123	122	135	134	-20.107878668535953	5.03539514541626	6	7
124	123	134	133	-39.72690277419536	4.566277503967285	6	7
134	133	35	34	-35.20945335688422	5.553860187530518	7	0
135	134	35	34	0.7973043933364312	5.507163047790527	7	0
136	135	34	33	-14.326037883560305	4.230772018432617	7	0
137	136	33	32	16.727017896437342	5.162954330444336	7	0
138	137	31	30	-31.07244131811597	4.1162333488464355	7	0
30	29	51	50	-10.648463766864266	5.336636066436768	0	1
31	30	50	49	-32.7844956684258	4.214393615722656	0	1
32	31	49	48	-2.3275211418138713	5.46554708480835	0	1
48	47	70	69	-46.023798819309924	5.164050102233887	1	2
49	48	69	68	66.80594330786711	4.960612773895264	1	2
50	49	69	68	-6.279396703145247	4.201963901519775	1	2
51	50	68	67	-20.812939475294634	5.270379066467285	1	2
52	51	67	66	-16.275087095436774	4.401988983154297	1	2
53	52	66	65	-36.1064504383434	5.437222957611084	1	2
54	53	65	64	-19.280400406434012	4.293206214904785	1	2
55	54	64	63	-66.79324360889508	5.522481918334961	1	2
56	55	63	62	52.07718890665684	5.3933844566345215	1	2
57	56	63	62	-28.465306167265766	4.7237229347229	1	2
62	61	86	85	-22.679015313196658	5.600584983825684	2	3
63	62	85	84	-15.753955672132244	4.117234706878662	2	3
64	63	84	83	-29.484050938794645	5.505175590515137	2	3
65	64	83	82	-42.441795473520166	4.638400554656982	2	3
66	65	82	81	-18.72814453167729	5.386125564575195	2	3
67	66	81	80	-33.75345791734096	4.511876583099365	2	3
68	67	80	79	-15.325284811684368	5.218189716339111	2	3
69	68	79	78	-34.01351849833721	4.386482238769531	2	3
83	82	101	100	-77.73899075960882	5.526507377624512	3	4
84	83	101	100	-19.44319499036154	5.106159687042236	3	4
85	84	100	99	-17.826697716748807	4.332289218902588	3	4
86	85	99	98	-38.025645706391145	4.987459182739258	3	4
87	86	98	97	-51.52209913268046	4.894527912139893	3	4
97	96	112	111	-35.539295428489744	5.561337947845459	4	5
98	97	111	110	-29.211958889972248	4.1170334815979	4	5
99	98	110	109	-11.905989925012761	5.299821853637695	4	5
100	99	109	108	-22.66689527376991	4.402185916900635	4	5
111	110	124	123	-22.233866182661004	4.893881320953369	5	6
112	111	123	122	-33.83560307612968	4.988517761230469	5	6
113	112	122	121	-58.897813232684996	4.643276691436768	5	6
114	113	122	121	26.446738482694396	5.44774055480957	5	6
121	120	137	136	-13.305283351058591	5.064883232116699	6	7
122	121	136	135	-24.667265446543908	4.72240686416626	6	7
123	122	135	134	-20.107878668535953	5.03539514541626	6	7
124	123	134	133	-39.72690277419536	4.566277503967285	6	7
134	133	35	34	-35.20945335688422	5.553860187530518	7	0
135	134	35	34	0.7973043933364312	5.507163047790527	7	0
136	135	34	33	-14.326037883560305	4.230772018432617	7	0
137	136	33	32	16.727017896437342	5.162954330444336	7	0
138	137	31	30	-31.07244131811597	4.1162333488464355	7	0
