15	14	54	53	-24.382272629654622	5.151461601257324	0	1
16	15	53	52	-10.99248603195127	4.655389785766602	0	1
17	16	52	51	-33.95330451822712	5.200955867767334	0	1
18	17	51	50	25.985246731035005	4.274562358856201	0	1
19	18	50	49	11.570371244941514	5.193563461303711	0	1
20	19	49	48	-3.930868612654166	4.483097076416016	0	1
21	20	48	47	-13.529745853819382	5.14056396484375	0	1
22	21	47	46	-18.47514966381971	4.805627822875977	0	1
23	22	46	45	-25.28023360047013	5.026440620422363	0	1
24	23	45	44	-24.09787972886388	4.933889865875244	0	1
25	24	43	42	50.82396161438769	5.495270729064941	0	1
26	25	42	41	62.82878251317741	4.807526588439941	0	1
46	45	73	72	-13.70102053206191	5.0326032638549805	1	2
47	46	72	71	-25.71989381368504	4.48362398147583	1	2
48	47	71	70	1.643955729793432	5.321032524108887	1	2
49	48	70	69	7.632003324847686	4.629855155944824	1	2
50	49	69	68	-8.29821325482129	5.063777923583984	1	2
51	50	68	67	-12.758154188336368	4.621623516082764	1	2
52	51	67	66	-15.005149995999432	5.4091081619262695	1	2
53	52	66	65	-17.975847254553738	4.432058334350586	1	2
54	53	65	64	-5.430041205179994	5.366175174713135	1	2
55	54	64	63	-19.838678257823105	4.364433765411377	1	2
61	60	98	97	-26.588217460317974	5.123966217041016	2	3
62	61	97	96	-14.451319616143303	4.744000434875488	2	3
63	62	96	95	-22.576143843385264	5.059430122375488	2	3
64	63	95	94	-29.93481835992602	4.626580238342285	2	3
65	64	94	93	-2.327671926685524	5.279609203338623	2	3
66	65	93	92	11.907188762849154	4.455269813537598	2	3
67	66	92	91	19.980031226851942	4.77630090713501	2	3
93	92	110	109	-28.481622706041584	5.043996810913086	3	4
94	93	110	109	26.433174542272074	5.057353496551514	3	4
95	94	109	108	-27.984268196138775	4.362217426300049	3	4
96	95	108	107	-15.798587164158157	5.360780715942383	3	4
97	96	107	106	-11.85463897850588	4.4903645515441895	3	4
98	97	106	105	-10.477665731346773	5.176481246948242	3	4
99	98	105	104	-23.10713245725476	4.321861743927002	3	4
105	104	134	133	-12.49551452295683	4.363863468170166	4	5
106	105	133	132	-17.452268774792845	5.266773700714111	4	5
107	106	132	131	-19.889297443413433	4.518219947814941	4	5
108	107	131	130	-5.3025209350919855	5.033481121063232	4	5
109	108	130	129	-8.453359227484098	4.464073657989502	4	5
110	109	128	127	33.4604633339721	5.148715019226074	4	5
128	127	149	148	-54.205806543726325	5.430119037628174	5	6
129	128	149	148	8.519333153815298	5.328938007354736	5	6
130	129	147	146	16.492841464741556	4.093226432800293	5	6
131	130	146	145	2.5097774178149557	5.385587215423584	5	6
132	131	145	144	-14.828185910826226	4.2511701583862305	5	6
133	132	144	143	-2.7712656996368654	5.31981086730957	5	6
134	133	143	142	-22.601659284314806	4.317411422729492	5	6
140	139	192	191	-12.850297001664876	4.860551834106445	6	7
141	140	191	190	-21.550494119143515	4.572774410247803	6	7
142	141	190	189	-13.043583095769236	5.206231117248535	6	7
143	142	189	188	-8.259950426332667	4.694430351257324	6	7
144	143	188	187	-4.2811798448346075	5.212606906890869	6	7
145	144	187	186	-30.37201148399177	4.168666362762451	6	7
146	145	186	185	-3.551216390362477	5.362907409667969	6	7
147	146	185	184	-5.346755299531891	4.37465238571167	6	7
148	147	184	183	-6.431002873455885	5.130843639373779	6	7
149	148	183	182	-44.31358551153763	4.705491542816162	6	7
183	182	210	209	-57.9712654518457	4.60064697265625	7	8
184	183	210	209	-18.72795739571764	5.597434997558594	7	8
185	184	209	208	-4.511108495584021	4.282279014587402	7	8
186	185	208	207	-19.677720417384627	5.2021803855896	7	8
187	186	207	206	10.793212692116407	3.80570387840271	7	8
188	187	206	205	-12.190509158466561	5.381307125091553	7	8
189	188	205	204	5.042534833903827	4.378599166870117	7	8
190	189	204	203	10.741597532090438	5.166341781616211	7	8
191	190	203	202	-3.89285099554731	4.438868522644043	7	8
192	191	201	200	59.3341005671639	5.175769805908203	7	8
193	192	201	200	-15.161630525810343	4.604519844055176	7	8
198	197	224	223	-48.9846357716589	5.611089706420898	8	9
199	198	224	223	-8.732943647314665	3.959847927093506	8	9
200	199	223	222	-10.130854052159249	5.310398578643799	8	9
201	200	222	221	-14.395913362743345	4.572318077087402	8	9
202	201	221	220	-0.5974548177645814	5.022642135620117	8	9
203	202	220	219	-4.486312898517201	4.170429229736328	8	9
204	203	219	218	-3.6305835612846913	5.121412754058838	8	9
205	204	218	217	-7.98754398847263	4.663339614868164	8	9
206	205	217	216	0.6717818150171515	5.1016154289245605	8	9
207	206	216	215	-1.3685553006754674	4.574004173278809	8	9
208	207	215	214	-15.103970102503764	5.0800676345825195	8	9
209	208	214	213	-13.987378994956941	4.496156692504883	8	9
214	213	242	241	-71.58691416091222	5.4274821281433105	9	10
215	214	242	241	-7.72481501493161	5.109822750091553	9	10
216	215	241	240	-31.04958225702314	4.275207042694092	9	10
217	216	240	239	-9.131309251242959	5.48236608505249	9	10
218	217	239	238	8.80499706767697	4.214810848236084	9	10
219	218	238	237	1.4942708094702417	5.394164085388184	9	10
220	219	237	236	-7.064667896888176	4.1680498123168945	9	10
221	220	236	235	3.227354579242155	5.489010810852051	9	10
222	221	235	234	-6.865294101831783	4.053425312042236	9	10
223	222	234	233	-0.5472253230767382	5.2878217697143555	9	10
224	223	233	232	-13.659462813444664	4.2610392570495605	9	10
232	231	266	265	-18.636286705100872	5.193875789642334	10	11
233	232	265	264	-10.232558973357033	4.237699508666992	10	11
234	233	264	263	-3.5145483356625755	5.127802848815918	10	11
235	234	263	262	-8.765752112909624	4.544073104858398	10	11
236	235	262	261	-5.307765001575136	5.4209794998168945	10	11
237	236	261	260	-4.351702441551449	4.397013187408447	10	11
238	237	260	259	-8.019961833200016	5.181464195251465	10	11
239	238	259	258	-8.562841662782144	4.72318172454834	10	11
240	239	258	257	-3.8767548190230694	5.123393535614014	10	11
241	240	257	256	15.94283891433702	4.289064884185791	10	11
242	241	256	255	0.363657118888079	4.821322917938232	10	11
255	254	284	283	73.48033177151741	5.438851356506348	11	12
258	257	279	278	52.881189521879556	5.570524215698242	11	12
259	258	279	278	-6.287679687754385	4.229764938354492	11	12
260	259	278	277	-1.5759596903607873	5.262284278869629	11	12
261	260	277	276	-6.203306909293315	4.339427471160889	11	12
262	261	275	274	34.82167126267886	5.383714199066162	11	12
263	262	275	274	-18.874443537562954	3.883505344390869	11	12
264	263	274	273	-11.389804098587266	5.252350807189941	11	12
265	264	273	272	-13.425417918340962	4.005802154541016	11	12
266	265	272	271	-4.497317391344136	5.473774433135986	11	12
270	269	330	329	-23.17417546809749	5.130178451538086	12	13
271	270	329	328	-26.965031978099177	4.575881004333496	12	13
272	271	328	327	1.48137284166487	5.4598894119262695	12	13
273	272	327	326	-4.7281895261730735	4.056059837341309	12	13
274	273	326	325	-8.957833067419548	5.004684925079346	12	13
275	274	325	324	-11.940442723078176	4.559914588928223	12	13
276	275	324	323	-21.361119144024748	5.463452339172363	12	13
277	276	323	322	-1.9273029324133928	4.13666296005249	12	13
278	277	322	321	-5.491147239758588	5.295921802520752	12	13
279	278	321	320	-1.2691550871667767	4.587520599365234	12	13
280	279	320	319	-28.735487400120636	5.275311470031738	12	13
281	280	319	318	71.5150174937165	4.280452728271484	12	13
282	281	319	318	65.50397727837861	4.522775650024414	12	13
319	318	347	346	-82.12263104341329	5.411471366882324	13	14
320	319	347	346	-26.311777857993967	4.896276950836182	13	14
321	320	346	345	-25.19557041649803	4.421837329864502	13	14
322	321	344	343	3.591314753360737	5.565952301025391	13	14
323	322	344	343	-38.586266575767674	4.260372161865234	13	14
324	323	343	342	-23.900463576868294	5.5673651695251465	13	14
325	324	342	341	4.665167027052982	4.290122032165527	13	14
326	325	341	340	-11.827111632954724	5.466855525970459	13	14
327	326	340	339	-4.6499778454175535	4.3684258460998535	13	14
328	327	338	337	-1.2862423602331141	5.550548076629639	13	14
329	328	338	337	-10.035144699886342	3.792044162750244	13	14
330	329	336	335	41.23763328571997	5.4839606285095215	13	14
331	330	336	335	-30.394938341337372	3.9758927822113037	13	14
336	335	368	367	-9.439235286638992	4.4211320877075195	14	15
337	336	367	366	-6.0962422077235425	5.132298946380615	14	15
338	337	366	365	-16.244506226880155	4.586788177490234	14	15
339	338	365	364	-36.49259951736458	4.948184490203857	14	15
340	339	364	363	-4.094044771393959	4.6447319984436035	14	15
341	340	363	362	-3.742818280865865	5.036747455596924	14	15
342	341	362	361	-5.593880902384788	4.655078887939453	14	15
343	342	361	360	3.4624526856427718	5.048233509063721	14	15
344	343	360	359	-0.772391563481246	4.545109272003174	14	15
345	344	359	358	-49.003210856111366	5.401728630065918	14	15
346	345	358	357	-7.241859391437949	3.955552101135254	14	15
358	357	387	386	10.240757817417009	5.554189205169678	15	16
359	358	386	385	-23.31561509190615	5.297658920288086	15	16
360	359	385	384	-3.5546813548875957	4.753677845001221	15	16
361	360	384	383	-16.446736608126677	5.202703475952148	15	16
362	361	383	382	-9.377836660846326	4.355414390563965	15	16
363	362	382	381	-12.56782914265096	5.260070323944092	15	16
364	363	381	380	-8.500467424613907	4.251471996307373	15	16
365	364	380	379	-7.557807266510018	5.158064842224121	15	16
366	365	379	378	-10.068274792234833	4.543642997741699	15	16
367	366	378	377	11.852559896595878	5.288473129272461	15	16
368	367	377	376	-17.937721514310926	4.339771747589111	15	16
369	368	376	375	-11.238447883895581	5.005375385284424	15	16
370	369	375	374	-45.18817243668523	4.622373580932617	15	16
374	373	407	406	-11.469683334748858	5.124420642852783	16	17
375	374	406	405	-14.615843439502202	4.50770902633667	16	17
376	375	405	404	-17.171427430924307	5.152751922607422	16	17
377	376	404	403	-12.239588866354003	4.546553611755371	16	17
378	377	403	402	-22.007753211455647	5.123743057250977	16	17
379	378	402	401	12.89591567025976	4.444406986236572	16	17
380	379	401	400	-1.1258558682970397	5.403179168701172	16	17
381	380	400	399	-14.09103455424652	4.658382892608643	16	17
382	381	399	398	-6.772125578497171	5.059676647186279	16	17
383	382	398	397	-19.22426770054911	4.545873165130615	16	17
384	383	397	396	-15.614953047290943	5.095605373382568	16	17
385	384	396	395	-25.56616065680924	4.632762908935547	16	17
386	385	395	394	1.9445125143110182	5.059138298034668	16	17
387	386	394	393	-50.37512212147832	4.398599147796631	16	17
388	387	394	393	-84.00986687555205	5.0031867027282715	16	17
398	397	28	27	-11.855458112594956	4.544970989227295	17	0
399	398	27	26	-11.119762246647946	5.329887390136719	17	0
400	399	26	25	-3.0092855145281625	4.16600227355957	17	0
401	400	25	24	-4.4213294026913	5.179748058319092	17	0
402	401	24	23	-5.765157904585588	4.450651168823242	17	0
403	402	23	22	-12.083070381577413	5.098756790161133	17	0
404	403	22	21	-3.4594331443410558	4.406431674957275	17	0
405	404	21	20	2.264791441672188	5.1559929847717285	17	0
406	405	20	19	-3.8527893942766465	4.60756254196167	17	0
407	406	19	18	-9.028496066122461	5.066964626312256	17	0
408	407	18	17	-20.63502813923225	4.585649490356445	17	0
15	14	54	53	-24.382272629654622	5.151461601257324	0	1
16	15	53	52	-10.99248603195127	4.655389785766602	0	1
17	16	52	51	-33.95330451822712	5.200955867767334	0	1
18	17	51	50	25.985246731035005	4.274562358856201	0	1
19	18	50	49	11.570371244941514	5.193563461303711	0	1
20	19	49	48	-3.930868612654166	4.483097076416016	0	1
21	20	48	47	-13.529745853819382	5.14056396484375	0	1
22	21	47	46	-18.47514966381971	4.805627822875977	0	1
23	22	46	45	-25.28023360047013	5.026440620422363	0	1
24	23	45	44	-24.09787972886388	4.933889865875244	0	1
25	24	43	42	50.82396161438769	5.495270729064941	0	1
26	25	42	41	62.82878251317741	4.807526588439941	0	1
46	45	73	72	-13.70102053206191	5.0326032638549805	1	2
47	46	72	71	-25.71989381368504	4.48362398147583	1	2
48	47	71	70	1.643955729793432	5.321032524108887	1	2
49	48	70	69	7.632003324847686	4.629855155944824	1	2
50	49	69	68	-8.29821325482129	5.063777923583984	1	2
51	50	68	67	-12.758154188336368	4.621623516082764	1	2
52	51	67	66	-15.005149995999432	5.4091081619262695	1	2
53	52	66	65	-17.975847254553738	4.432058334350586	1	2
54	53	65	64	-5.430041205179994	5.366175174713135	1	2
55	54	64	63	-19.838678257823105	4.364433765411377	1	2
61	60	98	97	-26.588217460317974	5.123966217041016	2	3
62	61	97	96	-14.451319616143303	4.744000434875488	2	3
63	62	96	95	-22.576143843385264	5.059430122375488	2	3
64	63	95	94	-29.93481835992602	4.626580238342285	2	3
65	64	94	93	-2.327671926685524	5.279609203338623	2	3
66	65	93	92	11.907188762849154	4.455269813537598	2	3
67	66	92	91	19.980031226851942	4.77630090713501	2	3
93	92	110	109	-28.481622706041584	5.043996810913086	3	4
94	93	110	109	26.433174542272074	5.057353496551514	3	4
95	94	109	108	-27.984268196138775	4.362217426300049	3	4
96	95	108	107	-15.798587164158157	5.360780715942383	3	4
97	96	107	106	-11.85463897850588	4.4903645515441895	3	4
98	97	106	105	-10.477665731346773	5.176481246948242	3	4
99	98	105	104	-23.10713245725476	4.321861743927002	3	4
105	104	134	133	-12.49551452295683	4.363863468170166	4	5
106	105	133	132	-17.452268774792845	5.266773700714111	4	5
107	106	132	131	-19.889297443413433	4.518219947814941	4	5
108	107	131	130	-5.3025209350919855	5.033481121063232	4	5
109	108	130	129	-8.453359227484098	4.464073657989502	4	5
110	109	128	127	33.4604633339721	5.148715019226074	4	5
128	127	149	148	-54.205806543726325	5.430119037628174	5	6
129	128	149	148	8.519333153815298	5.328938007354736	5	6
130	129	147	146	16.492841464741556	4.093226432800293	5	6
131	130	146	145	2.5097774178149557	5.385587215423584	5	6
132	131	145	144	-14.828185910826226	4.2511701583862305	5	6
133	132	144	143	-2.7712656996368654	5.31981086730957	5	6
134	133	143	142	-22.601659284314806	4.317411422729492	5	6
140	139	192	191	-12.850297001664876	4.860551834106445	6	7
141	140	191	190	-21.550494119143515	4.572774410247803	6	7
142	141	190	189	-13.043583095769236	5.206231117248535	6	7
143	142	189	188	-8.259950426332667	4.694430351257324	6	7
144	143	188	187	-4.2811798448346075	5.212606906890869	6	7
145	144	187	186	-30.37201148399177	4.168666362762451	6	7
146	145	186	185	-3.551216390362477	5.362907409667969	6	7
147	146	185	184	-5.346755299531891	4.37465238571167	6	7
148	147	184	183	-6.431002873455885	5.130843639373779	6	7
149	148	183	182	-44.31358551153763	4.705491542816162	6	7
183	182	210	209	-57.9712654518457	4.60064697265625	7	8
184	183	210	209	-18.72795739571764	5.597434997558594	7	8
185	184	209	208	-4.511108495584021	4.282279014587402	7	8
186	185	208	207	-19.677720417384627	5.2021803855896	7	8
187	186	207	206	10.793212692116407	3.80570387840271	7	8
188	187	206	205	-12.190509158466561	5.381307125091553	7	8
189	188	205	204	5.042534833903827	4.378599166870117	7	8
190	189	204	203	10.741597532090438	5.166341781616211	7	8
191	190	203	202	-3.89285099554731	4.438868522644043	7	8
192	191	201	200	59.3341005671639	5.175769805908203	7	8
193	192	201	200	-15.161630525810343	4.604519844055176	7	8
198	197	224	223	-48.9846357716589	5.611089706420898	8	9
199	198	224	223	-8.732943647314665	3.959847927093506	8	9
200	199	223	222	-10.130854052159249	5.310398578643799	8	9
201	200	222	221	-14.395913362743345	4.572318077087402	8	9
202	201	221	220	-0.5974548177645814	5.022642135620117	8	9
203	202	220	219	-4.486312898517201	4.170429229736328	8	9
204	203	219	218	-3.6305835612846913	5.121412754058838	8	9
205	204	218	217	-7.98754398847263	4.663339614868164	8	9
206	205	217	216	0.6717818150171515	5.1016154289245605	8	9
207	206	216	215	-1.3685553006754674	4.574004173278809	8	9
208	207	215	214	-15.103970102503764	5.0800676345825195	8	9
209	208	214	213	-13.987378994956941	4.496156692504883	8	9
214	213	242	241	-71.58691416091222	5.4274821281433105	9	10
215	214	242	241	-7.72481501493161	5.109822750091553	9	10
216	215	241	240	-31.04958225702314	4.275207042694092	9	10
217	216	240	239	-9.131309251242959	5.48236608505249	9	10
218	217	239	238	8.80499706767697	4.214810848236084	9	10
219	218	238	237	1.4942708094702417	5.394164085388184	9	10
220	219	237	236	-7.064667896888176	4.1680498123168945	9	10
221	220	236	235	3.227354579242155	5.489010810852051	9	10
222	221	235	234	-6.865294101831783	4.053425312042236	9	10
223	222	234	233	-0.5472253230767382	5.2878217697143555	9	10
224	223	233	232	-13.659462813444664	4.2610392570495605	9	10
232	231	266	265	-18.636286705100872	5.193875789642334	10	11
233	232	265	264	-10.232558973357033	4.237699508666992	10	11
234	233	264	263	-3.5145483356625755	5.127802848815918	10	11
235	234	263	262	-8.765752112909624	4.544073104858398	10	11
236	235	262	261	-5.307765001575136	5.4209794998168945	10	11
237	236	261	260	-4.351702441551449	4.397013187408447	10	11
238	237	260	259	-8.019961833200016	5.181464195251465	10	11
239	238	259	258	-8.562841662782144	4.72318172454834	10	11
240	239	258	257	-3.8767548190230694	5.123393535614014	10	11
241	240	257	256	15.94283891433702	4.289064884185791	10	11
242	241	256	255	0.363657118888079	4.821322917938232	10	11
255	254	284	283	73.48033177151741	5.438851356506348	11	12
258	257	279	278	52.881189521879556	5.570524215698242	11	12
259	258	279	278	-6.287679687754385	4.229764938354492	11	12
260	259	278	277	-1.5759596903607873	5.262284278869629	11	12
261	260	277	276	-6.203306909293315	4.339427471160889	11	12
262	261	275	274	34.82167126267886	5.383714199066162	11	12
263	262	275	274	-18.874443537562954	3.883505344390869	11	12
264	263	274	273	-11.389804098587266	5.252350807189941	11	12
265	264	273	272	-13.425417918340962	4.005802154541016	11	12
266	265	272	271	-4.497317391344136	5.473774433135986	11	12
270	269	330	329	-23.17417546809749	5.130178451538086	12	13
271	270	329	328	-26.965031978099177	4.575881004333496	12	13
272	271	328	327	1.48137284166487	5.4598894119262695	12	13
273	272	327	326	-4.7281895261730735	4.056059837341309	12	13
274	273	326	325	-8.957833067419548	5.004684925079346	12	13
275	274	325	324	-11.940442723078176	4.559914588928223	12	13
276	275	324	323	-21.361119144024748	5.463452339172363	12	13
277	276	323	322	-1.9273029324133928	4.13666296005249	12	13
278	277	322	321	-5.491147239758588	5.295921802520752	12	13
279	278	321	320	-1.2691550871667767	4.587520599365234	12	13
280	279	320	319	-28.735487400120636	5.275311470031738	12	13
281	280	319	318	71.5150174937165	4.280452728271484	12	13
282	281	319	318	65.50397727837861	4.522775650024414	12	13
319	318	347	346	-82.12263104341329	5.411471366882324	13	14
320	319	347	346	-26.311777857993967	4.896276950836182	13	14
321	320	346	345	-25.19557041649803	4.421837329864502	13	14
322	321	344	343	3.591314753360737	5.565952301025391	13	14
323	322	344	343	-38.586266575767674	4.260372161865234	13	14
324	323	343	342	-23.900463576868294	5.5673651695251465	13	14
325	324	342	341	4.665167027052982	4.290122032165527	13	14
326	325	341	340	-11.827111632954724	5.466855525970459	13	14
327	326	340	339	-4.6499778454175535	4.3684258460998535	13	14
328	327	338	337	-1.2862423602331141	5.550548076629639	13	14
329	328	338	337	-10.035144699886342	3.792044162750244	13	14
330	329	336	335	41.23763328571997	5.4839606285095215	13	14
331	330	336	335	-30.394938341337372	3.9758927822113037	13	14
336	335	368	367	-9.439235286638992	4.4211320877075195	14	15
337	336	367	366	-6.0962422077235425	5.132298946380615	14	15
338	337	366	365	-16.244506226880155	4.586788177490234	14	15
339	338	365	364	-36.49259951736458	4.948184490203857	14	15
340	339	364	363	-4.094044771393959	4.6447319984436035	14	15
341	340	363	362	-3.742818280865865	5.036747455596924	14	15
342	341	362	361	-5.593880902384788	4.655078887939453	14	15
343	342	361	360	3.4624526856427718	5.048233509063721	14	15
344	343	360	359	-0.772391563481246	4.545109272003174	14	15
345	344	359	358	-49.003210856111366	5.401728630065918	14	15
346	345	358	357	-7.241859391437949	3.955552101135254	14	15
358	357	387	386	10.240757817417009	5.554189205169678	15	16
359	358	386	385	-23.31561509190615	5.297658920288086	15	16
360	359	385	384	-3.5546813548875957	4.753677845001221	15	16
361	360	384	383	-16.446736608126677	5.202703475952148	15	16
362	361	383	382	-9.377836660846326	4.355414390563965	15	16
363	362	382	381	-12.56782914265096	5.260070323944092	15	16
364	363	381	380	-8.500467424613907	4.251471996307373	15	16
365	364	380	379	-7.557807266510018	5.158064842224121	15	16
366	365	379	378	-10.068274792234833	4.543642997741699	15	16
367	366	378	377	11.852559896595878	5.288473129272461	15	16
368	367	377	376	-17.937721514310926	4.339771747589111	15	16
369	368	376	375	-11.238447883895581	5.005375385284424	15	16
370	369	375	374	-45.18817243668523	4.622373580932617	15	16
374	373	407	406	-11.469683334748858	5.124420642852783	16	17
375	374	406	405	-14.615843439502202	4.50770902633667	16	17
376	375	405	404	-17.171427430924307	5.152751922607422	16	17
377	376	404	403	-12.239588866354003	4.546553611755371	16	17
378	377	403	402	-22.007753211455647	5.123743057250977	16	17
379	378	402	401	12.89591567025976	4.444406986236572	16	17
380	379	401	400	-1.1258558682970397	5.403179168701172	16	17
381	380	400	399	-14.09103455424652	4.658382892608643	16	17
382	381	399	398	-6.772125578497171	5.059676647186279	16	17
383	382	398	397	-19.22426770054911	4.545873165130615	16	17
384	383	397	396	-15.614953047290943	5.095605373382568	16	17
385	384	396	395	-25.56616065680924	4.632762908935547	16	17
386	385	395	394	1.9445125143110182	5.059138298034668	16	17
387	386	394	393	-50.37512212147832	4.398599147796631	16	17
388	387	394	393	-84.00986687555205	5.0031867027282715	16	17
398	397	28	27	-11.855458112594956	4.544970989227295	17	0
399	398	27	26	-11.119762246647946	5.329887390136719	17	0
400	399	26	25	-3.0092855145281625	4.16600227355957	17	0
401	400	25	24	-4.4213294026913	5.179748058319092	17	0
402	401	24	23	-5.765157904585588	4.450651168823242	17	0
403	402	23	22	-12.083070381577413	5.098756790161133	17	0
404	403	22	21	-3.4594331443410558	4.406431674957275	17	0
405	404	21	20	2.264791441672188	5.1559929847717285	17	0
406	405	20	19	-3.8527893942766465	4.60756254196167	17	0
407	406	19	18	-9.028496066122461	5.066964626312256	17	0
408	407	18	17	-20.63502813923225	4.585649490356445	17	0
