129	128	141	140	-22.065136762264633	5.0982842445373535	0	1
130	129	140	139	-22.656443072060927	4.719220161437988	0	1
131	130	139	138	-11.448856964090615	5.1794352531433105	0	1
132	131	138	137	-18.866317230722096	4.293312072753906	0	1
138	137	132	131	-17.207490112361704	4.700080394744873	1	0
139	138	131	130	-13.807007805617195	4.293312072753906	1	0
140	139	130	129	-20.67979274560177	5.1794352531433105	1	0
141	140	129	128	-23.779710511524016	4.719220161437988	1	0
129	128	141	140	-22.065136762264633	5.0982842445373535	0	1
130	129	140	139	-22.656443072060927	4.719220161437988	0	1
131	130	139	138	-11.448856964090615	5.1794352531433105	0	1
132	131	138	137	-18.866317230722096	4.293312072753906	0	1
138	137	132	131	-17.207490112361704	4.700080394744873	1	0
139	138	131	130	-13.807007805617195	4.293312072753906	1	0
140	139	130	129	-20.67979274560177	5.1794352531433105	1	0
141	140	129	128	-23.779710511524016	4.719220161437988	1	0
129	128	141	140	-22.065136762264633	5.0982842445373535	0	1
130	129	140	139	-22.656443072060927	4.719220161437988	0	1
131	130	139	138	-11.448856964090615	5.1794352531433105	0	1
132	131	138	137	-18.866317230722096	4.293312072753906	0	1
138	137	132	131	-17.207490112361704	4.700080394744873	1	0
139	138	131	130	-13.807007805617195	4.293312072753906	1	0
140	139	130	129	-20.67979274560177	5.1794352531433105	1	0
141	140	129	128	-23.779710511524016	4.719220161437988	1	0
