19	18	30	29	-32.195574625298114	5.643705368041992	0	1
20	19	29	28	-18.1733686400921	4.8629045486450195	0	1
21	20	28	27	-23.368256748544425	5.101386070251465	0	1
28	27	49	48	-6.11447951463937	4.992994785308838	1	2
29	28	48	47	-14.338310527374981	4.580686092376709	1	2
30	29	47	46	26.595185827574902	5.266692161560059	1	2
31	30	46	45	-58.458455922852245	4.863178730010986	1	2
32	31	45	44	-30.791203866324878	5.017976760864258	1	2
33	32	44	43	-25.174226430911396	4.96047830581665	1	2
42	41	69	68	-22.58902761068453	4.54639196395874	2	3
43	42	68	67	-24.895390583638008	5.003085613250732	2	3
44	43	67	66	-47.64286836182419	4.562417030334473	2	3
45	44	66	65	-3.473887668309959	4.5854363441467285	2	3
46	45	65	64	1.0376229788337896	5.044932842254639	2	3
47	46	64	63	-50.969586468541465	5.583544731140137	2	3
48	47	63	62	-42.83775811777603	4.369040489196777	2	3
65	64	79	78	-35.44563342536666	4.931207656860352	3	4
66	65	78	77	-25.716626645141496	5.397369861602783	3	4
67	66	77	76	19.62499339596079	3.939347267150879	3	4
69	68	75	74	-19.10389254234017	4.376364231109619	3	4
74	73	98	97	-18.13856842534802	5.513906955718994	4	5
75	74	97	96	-42.034723983637	4.34190559387207	4	5
76	75	96	95	-3.5206656864517663	5.490257263183594	4	5
77	76	95	94	-2.3377031521858256	4.122729301452637	4	5
78	77	94	93	-27.871656060597115	5.315916061401367	4	5
79	78	93	92	-4.565350201209638	4.390300750732422	4	5
80	79	92	91	-6.1948296975177355	5.324601650238037	4	5
81	80	91	90	-43.332493918887806	4.3372721672058105	4	5
91	90	115	114	21.512073316988673	5.423086166381836	5	6
92	91	114	113	-18.56032484803553	5.45387601852417	5	6
93	92	113	112	-21.41395207833597	4.560153007507324	5	6
94	93	112	111	-4.996056661528097	5.367978096008301	5	6
95	94	111	110	-38.45053391207667	4.4389424324035645	5	6
96	95	109	108	-20.617406846468313	5.4615254402160645	5	6
97	96	109	108	7.010560510018672	4.095856666564941	5	6
98	97	108	107	-27.858398975176705	5.523453712463379	5	6
99	98	107	106	-17.36887856600831	4.217382907867432	5	6
107	106	131	130	-23.98056720516158	4.472595691680908	6	7
108	107	130	129	-9.237121908904658	4.902771472930908	6	7
109	108	129	128	-10.526158671501696	4.4520673751831055	6	7
110	109	128	127	-20.488038149152793	5.250802993774414	6	7
111	110	127	126	-43.4811382793486	4.382411479949951	6	7
112	111	126	125	-16.668728853292723	5.180104732513428	6	7
113	112	125	124	-26.09039729389492	4.473780632019043	6	7
114	113	124	123	-20.578122636964924	5.035380840301514	6	7
115	114	123	122	-49.42944706706238	4.487389087677002	6	7
131	130	21	20	-72.03030194825648	4.921736717224121	7	0
19	18	30	29	-32.195574625298114	5.643705368041992	0	1
20	19	29	28	-18.1733686400921	4.8629045486450195	0	1
21	20	28	27	-23.368256748544425	5.101386070251465	0	1
28	27	49	48	-6.11447951463937	4.992994785308838	1	2
29	28	48	47	-14.338310527374981	4.580686092376709	1	2
30	29	47	46	26.595185827574902	5.266692161560059	1	2
31	30	46	45	-58.458455922852245	4.863178730010986	1	2
32	31	45	44	-30.791203866324878	5.017976760864258	1	2
33	32	44	43	-25.174226430911396	4.96047830581665	1	2
42	41	69	68	-22.58902761068453	4.54639196395874	2	3
43	42	68	67	-24.895390583638008	5.003085613250732	2	3
44	43	67	66	-47.64286836182419	4.562417030334473	2	3
45	44	66	65	-3.473887668309959	4.5854363441467285	2	3
46	45	65	64	1.0376229788337896	5.044932842254639	2	3
47	46	64	63	-50.969586468541465	5.583544731140137	2	3
48	47	63	62	-42.83775811777603	4.369040489196777	2	3
65	64	79	78	-35.44563342536666	4.931207656860352	3	4
66	65	78	77	-25.716626645141496	5.397369861602783	3	4
67	66	77	76	19.62499339596079	3.939347267150879	3	4
69	68	75	74	-19.10389254234017	4.376364231109619	3	4
74	73	98	97	-18.13856842534802	5.513906955718994	4	5
75	74	97	96	-42.034723983637	4.34190559387207	4	5
76	75	96	95	-3.5206656864517663	5.490257263183594	4	5
77	76	95	94	-2.3377031521858256	4.122729301452637	4	5
78	77	94	93	-27.871656060597115	5.315916061401367	4	5
79	78	93	92	-4.565350201209638	4.390300750732422	4	5
80	79	92	91	-6.1948296975177355	5.324601650238037	4	5
81	80	91	90	-43.332493918887806	4.3372721672058105	4	5
91	90	115	114	21.512073316988673	5.423086166381836	5	6
92	91	114	113	-18.56032484803553	5.45387601852417	5	6
93	92	113	112	-21.41395207833597	4.560153007507324	5	6
94	93	112	111	-4.996056661528097	5.367978096008301	5	6
95	94	111	110	-38.45053391207667	4.4389424324035645	5	6
96	95	109	108	-20.617406846468313	5.4615254402160645	5	6
97	96	109	108	7.010560510018672	4.095856666564941	5	6
98	97	108	107	-27.858398975176705	5.523453712463379	5	6
99	98	107	106	-17.36887856600831	4.217382907867432	5	6
107	106	131	130	-23.98056720516158	4.472595691680908	6	7
108	107	130	129	-9.237121908904658	4.902771472930908	6	7
109	108	129	128	-10.526158671501696	4.4520673751831055	6	7
110	109	128	127	-20.488038149152793	5.250802993774414	6	7
111	110	127	126	-43.4811382793486	4.382411479949951	6	7
112	111	126	125	-16.668728853292723	5.180104732513428	6	7
113	112	125	124	-26.09039729389492	4.473780632019043	6	7
114	113	124	123	-20.578122636964924	5.035380840301514	6	7
115	114	123	122	-49.42944706706238	4.487389087677002	6	7
131	130	21	20	-72.03030194825648	4.921736717224121	7	0
