163	162	182	181	-0.6393346789490623	5.0994462966918945	0	1
164	163	181	180	4.170505849438929	4.412881374359131	0	1
165	164	180	179	-9.13428173721896	5.088932991027832	0	1
166	165	179	178	-4.886757777684002	4.663082122802734	0	1
167	166	178	177	5.055249802543707	5.194035053253174	0	1
168	167	177	176	-8.20928457755971	4.442728519439697	0	1
169	168	176	175	-8.998248370575524	4.880482196807861	0	1
170	169	175	174	-9.7057095646593	4.571507930755615	0	1
175	174	202	201	-5.460242472775973	4.348045825958252	1	2
176	175	201	200	0.06197429307719263	5.4763078689575195	1	2
177	176	200	199	-1.5834923713020213	4.238876819610596	1	2
178	177	199	198	-3.6305352207755552	5.427896499633789	1	2
179	178	198	197	-1.8430072139419387	4.098095893859863	1	2
180	179	197	196	1.202863985811659	5.253029823303223	1	2
181	180	196	195	-7.867851245692564	4.437839508056641	1	2
182	181	195	194	-9.60306478005497	5.218684196472168	1	2
183	182	194	193	-29.77426896360659	4.202098846435547	1	2
184	183	193	192	-10.592396969491285	5.269191265106201	1	2
185	184	192	191	-47.64889919857704	4.260632514953613	1	2
186	185	192	191	47.722094799801894	5.018914222717285	1	2
192	191	222	221	-8.92566348105617	4.4241437911987305	2	3
193	192	221	220	-20.60358134595935	5.424935817718506	2	3
194	193	220	219	-10.989999377733643	4.302976608276367	2	3
195	194	219	218	-5.0984031477859	5.254469871520996	2	3
196	195	218	217	-3.551378185173404	4.464841365814209	2	3
197	196	217	216	-4.079337069192233	4.967945575714111	2	3
198	197	216	215	-0.03808339292471644	4.459047317504883	2	3
199	198	215	214	-6.525115975026295	5.136233806610107	2	3
200	199	214	213	3.8359419298077033	4.745144844055176	2	3
201	200	213	212	-2.750931286070593	5.208074569702148	2	3
202	201	212	211	-6.611103806404589	4.246360778808594	2	3
211	210	242	241	-4.414997660128255	5.589663505554199	3	4
212	211	241	240	-5.423680036627268	4.1006550788879395	3	4
213	212	240	239	-15.40663545792897	5.228853702545166	3	4
214	213	239	238	1.3488581136824085	4.59999942779541	3	4
215	214	238	237	-3.490073202571678	5.166439056396484	3	4
216	215	237	236	-2.9932832765199406	4.430892467498779	3	4
217	216	236	235	1.6135626922854962	5.112917900085449	3	4
218	217	235	234	4.206015463921981	4.40775203704834	3	4
219	218	234	233	2.896562766127457	5.459200859069824	3	4
220	219	233	232	-18.725648965977225	4.153709411621094	3	4
221	220	232	231	-9.01588213434355	5.3928704261779785	3	4
222	221	231	230	-14.489144006692117	4.1766862869262695	3	4
223	222	230	229	-23.89283198878564	5.187061786651611	3	4
224	223	229	228	-52.51550497912568	4.499039649963379	3	4
228	227	275	274	-1.4305794879647724	5.289010524749756	4	5
229	228	274	273	-9.502921214021917	4.3824310302734375	4	5
230	229	273	272	-2.7373531970453113	5.078136920928955	4	5
231	230	272	271	-13.462344199469495	4.651742458343506	4	5
232	231	271	270	-0.9249439325214963	5.2730536460876465	4	5
233	232	270	269	-9.452599378465676	4.470013618469238	4	5
234	233	269	268	-22.15539231890026	5.1720075607299805	4	5
235	234	268	267	-10.508144398325166	4.772496700286865	4	5
236	235	267	266	-10.679421123559958	5.042883396148682	4	5
237	236	266	265	-1.4577858157703165	4.466494083404541	4	5
238	237	265	264	-0.37424500213342277	5.380457401275635	4	5
239	238	264	263	-8.712537680314624	4.446593284606934	4	5
240	239	263	262	-2.211688686723171	5.115808486938477	4	5
241	240	262	261	-2.436207704696249	4.630765438079834	4	5
242	241	261	260	-11.990136511507835	5.260429382324219	4	5
261	260	296	295	-1.3493608705090034	5.2219038009643555	5	6
262	261	295	294	-3.9394726724833786	4.44220495223999	5	6
263	262	294	293	-0.9329197253392519	5.0508131980896	5	6
264	263	293	292	-6.293568289446347	4.651183605194092	5	6
265	264	292	291	-4.572014118322154	5.087798595428467	5	6
266	265	291	290	-4.261234400702016	4.385693073272705	5	6
267	266	290	289	-10.3510077359855	5.4217448234558105	5	6
268	267	289	288	-22.688303842157673	4.276581287384033	5	6
269	268	288	287	-4.013535603440404	5.08755350112915	5	6
270	269	287	286	-5.460331071843382	4.362525463104248	5	6
271	270	286	285	-6.768277285773219	5.296713352203369	5	6
272	271	285	284	-1.6949077867621922	4.165602684020996	5	6
273	272	284	283	-4.429619699075766	5.155897617340088	5	6
274	273	283	282	-3.379383711054436	4.572044849395752	5	6
275	274	282	281	-12.926841277088494	5.1089768409729	5	6
282	281	318	317	-14.503932601524543	5.295235633850098	6	7
283	282	317	316	-14.123800869972932	4.773949146270752	6	7
284	283	316	315	1.8397855782968133	5.155069828033447	6	7
285	284	315	314	-3.4278322746507564	4.513113021850586	6	7
286	285	314	313	-4.75989183816965	5.076080322265625	6	7
287	286	313	312	-2.344805277912037	4.630094528198242	6	7
288	287	312	311	-9.339889503464471	5.032487869262695	6	7
289	288	311	310	-8.824937247235855	4.653775691986084	6	7
290	289	310	309	-3.860378863316318	4.988689422607422	6	7
291	290	309	308	-10.203594424316558	4.710638523101807	6	7
292	291	308	307	-13.560254977317404	4.393266201019287	6	7
293	292	307	306	-12.765920411610598	4.689633846282959	6	7
294	293	306	305	-6.483973842295262	4.641165256500244	6	7
295	294	305	304	3.365501303939024	4.8007612228393555	6	7
296	295	304	303	-5.072997689247978	4.711143970489502	6	7
304	303	346	345	-11.732573054756887	5.059580326080322	7	8
305	304	345	344	-15.473474099760057	4.7911529541015625	7	8
306	305	344	343	-10.028249736247622	5.297904968261719	7	8
307	306	343	342	-12.405420559071626	4.231003284454346	7	8
308	307	342	341	-6.559668294275519	5.330261707305908	7	8
309	308	341	340	-9.107397040351831	4.331201076507568	7	8
310	309	340	339	-7.891019283701087	5.141806125640869	7	8
311	310	339	338	1.740666065761653	4.684406757354736	7	8
312	311	338	337	-6.091230746108157	5.198761463165283	7	8
313	312	337	336	5.657226334462956	4.852461338043213	7	8
314	313	336	335	2.1230160745054456	5.046420097351074	7	8
315	314	335	334	-8.883971678328356	4.322111129760742	7	8
316	315	334	333	0.5060982208783941	5.354896068572998	7	8
317	316	333	332	-14.706954420712506	4.20330286026001	7	8
318	317	332	331	-8.290377590570543	5.286174774169922	7	8
319	318	331	330	-10.502231110949753	4.083115100860596	7	8
320	319	330	329	-7.65310954775562	5.341546058654785	7	8
321	320	329	328	-37.80501173742401	4.1768035888671875	7	8
329	328	384	383	25.36494158012995	4.708078384399414	8	9
330	329	383	382	-8.31429558218271	5.2157111167907715	8	9
331	330	382	381	-8.900871253617192	4.20122766494751	8	9
332	331	381	380	-11.28304014517124	5.072134017944336	8	9
333	332	380	379	-10.637225628352875	4.509699821472168	8	9
334	333	379	378	-18.972682549226192	5.1222944259643555	8	9
335	334	378	377	-6.012251363321484	4.294270038604736	8	9
336	335	377	376	-8.379430361836928	5.231847763061523	8	9
337	336	376	375	-17.338832871804307	4.292742729187012	8	9
338	337	375	374	5.961429863476777	5.048185348510742	8	9
339	338	374	373	-0.4867619548985334	4.327512741088867	8	9
340	339	373	372	-6.422583537308503	5.023982524871826	8	9
341	340	372	371	-1.442280332053083	4.575946807861328	8	9
342	341	371	370	-10.3520089800272	5.454596519470215	8	9
343	342	370	369	7.192432539638174	4.265290260314941	8	9
344	343	369	368	1.8087743340188862	5.1772661209106445	8	9
345	344	368	367	-19.177403229747952	4.4429521560668945	8	9
370	369	406	405	-61.356418439705806	5.547401428222656	9	10
371	370	406	405	3.047632011788824	4.995081901550293	9	10
372	371	405	404	-0.6019980148061509	4.336306095123291	9	10
373	372	404	403	-3.09223161805485	5.067291259765625	9	10
374	373	403	402	-20.75552789106846	4.461358547210693	9	10
375	374	402	401	-3.1170303840900875	5.466276168823242	9	10
376	375	401	400	1.4878166709430074	4.414463996887207	9	10
377	376	400	399	-10.761941613962284	5.344756603240967	9	10
378	377	399	398	-17.013894622092096	4.332007884979248	9	10
379	378	398	397	-17.217225984891115	5.36594295501709	9	10
380	379	397	396	-1.5757954123691342	4.216159820556641	9	10
381	380	396	395	4.001521442292283	5.219423770904541	9	10
382	381	395	394	-9.379790019039815	4.187363624572754	9	10
383	382	394	393	-13.33674853114019	5.325808048248291	9	10
384	383	393	392	-20.374477200125565	4.470478057861328	9	10
385	384	392	391	-27.035854822796576	5.177380084991455	9	10
386	385	391	390	-57.15761093699507	4.495398998260498	9	10
391	390	428	427	-6.37018220027062	4.662818908691406	10	11
392	391	427	426	-12.606278049797307	5.203667640686035	10	11
393	392	426	425	-19.61384263522328	4.717836380004883	10	11
394	393	425	424	-2.4603103011735388	4.9450364112854	10	11
395	394	424	423	1.8317786636032822	4.763399600982666	10	11
396	395	423	422	-7.762554560661821	4.628292560577393	10	11
397	396	422	421	-15.875903715861696	4.956432342529297	10	11
398	397	421	420	-21.453719508355388	4.9965410232543945	10	11
399	398	420	419	-27.78339554684069	4.68801736831665	10	11
400	399	419	418	-39.510672166647	4.905342102050781	10	11
401	400	418	417	-25.313169161015885	5.131938457489014	10	11
402	401	415	414	38.24874131676067	5.6900410652160645	10	11
403	402	415	414	-6.60731638879431	4.016995429992676	10	11
404	403	414	413	18.35516585778557	5.497811794281006	10	11
405	404	413	412	4.47296358250161	4.427048683166504	10	11
423	422	441	440	63.26877384691897	5.670997142791748	11	12
424	423	441	440	3.598295429769504	4.59989070892334	11	12
425	424	440	439	6.5632498120685945	5.249698638916016	11	12
426	425	439	438	-10.261937192687402	4.111791133880615	11	12
427	426	437	436	37.51638762301998	5.348423004150391	11	12
428	427	437	436	-24.79978640154431	4.407742023468018	11	12
434	433	472	471	-25.656617501464016	5.136262893676758	12	13
435	434	471	470	-26.355321119595217	4.481003761291504	12	13
436	435	470	469	-18.464219871567177	5.076332092285156	12	13
437	436	469	468	-27.257885802962686	4.434145450592041	12	13
438	437	468	467	-7.594933965532992	5.318578720092773	12	13
439	438	467	466	-5.297254886905311	4.049823760986328	12	13
440	439	466	465	-10.710080826424807	5.24496603012085	12	13
441	440	465	464	-8.878116452021343	4.774223804473877	12	13
442	441	464	463	-36.87537490794174	5.30427885055542	12	13
443	442	463	462	-4.991605401969365	4.749194622039795	12	13
444	443	462	461	-26.082462446493437	5.192359447479248	12	13
445	444	461	460	-14.660472956805467	4.489687442779541	12	13
446	445	460	459	-31.53547304308693	4.836365699768066	12	13
447	446	459	458	-70.77401017688643	4.098923683166504	12	13
448	447	459	458	20.81685227585775	5.718297958374023	12	13
461	460	491	490	-38.77045910564736	5.1742424964904785	13	14
462	461	490	489	-25.880777461389755	5.078393936157227	13	14
463	462	489	488	-32.01621938413639	4.396570205688477	13	14
464	463	488	487	-6.399645345547155	5.308535575866699	13	14
465	464	487	486	-14.42167169699198	4.372095108032227	13	14
466	465	486	485	-9.780659810603556	5.162991046905518	13	14
467	466	485	484	-5.8011531823976	4.316657543182373	13	14
468	467	484	483	-23.03667906644817	5.454584121704102	13	14
469	468	483	482	6.066975589153665	4.031093597412109	13	14
470	469	482	481	-5.705466412256046	5.369683742523193	13	14
471	470	481	480	-14.183195090583556	4.45770263671875	13	14
472	471	480	479	-6.710652621187915	5.017075061798096	13	14
473	472	479	478	-23.914210888485997	4.595621585845947	13	14
478	477	527	526	41.97829123002696	5.484094142913818	14	15
479	478	527	526	-30.087222708233135	4.189647197723389	14	15
480	479	526	525	-9.051714048363873	5.322810649871826	14	15
481	480	525	524	5.983960813940543	4.288522720336914	14	15
482	481	524	523	6.840940424476208	5.052639961242676	14	15
483	482	523	522	-4.956537526275572	4.5666327476501465	14	15
484	483	522	521	-21.720427838295013	5.143972873687744	14	15
485	484	521	520	-43.80903539748528	4.736411094665527	14	15
486	485	520	519	2.0537407053768066	5.513240814208984	14	15
487	486	519	518	-6.332971262771972	4.313989639282227	14	15
488	487	518	517	-11.622491281340062	5.149528980255127	14	15
489	488	517	516	-2.756154123203251	4.319976329803467	14	15
490	489	515	514	-18.220476818316875	4.767607688903809	14	15
491	490	514	513	-6.2225941171778025	4.5171122550964355	14	15
492	491	512	511	-36.80415115348005	4.41931676864624	14	15
493	492	513	512	-50.497222347217274	4.98676872253418	14	15
494	493	512	511	-52.91574125810808	4.7041239738464355	14	15
495	494	510	509	-13.232914173382374	5.010026454925537	14	15
496	495	510	509	-78.51716492291087	4.246059417724609	14	15
517	516	546	545	-47.182503443359685	4.571785926818848	15	16
518	517	545	544	-18.705062632328367	5.150093078613281	15	16
519	518	544	543	-18.763193903500905	4.602417469024658	15	16
520	519	542	541	-3.6862128462499597	5.399485111236572	15	16
521	520	542	541	12.490696871627796	3.878452777862549	15	16
522	521	541	540	6.849169370368893	5.425440788269043	15	16
523	522	540	539	-6.946532997103064	4.636992931365967	15	16
524	523	539	538	-1.7609470320107792	5.015798091888428	15	16
525	524	538	537	-7.331009306724188	4.276133060455322	15	16
526	525	537	536	4.609552225728574	5.198602676391602	15	16
527	526	536	535	33.09898868540332	4.226739883422852	15	16
528	527	535	534	-38.872259028931246	5.544336318969727	15	16
534	533	567	566	-7.7035145880672	4.612237930297852	16	17
535	534	566	565	-4.360024596097118	5.27085542678833	16	17
536	535	565	564	-7.121727587481526	4.328181266784668	16	17
537	536	564	563	5.205920345851669	5.378310203552246	16	17
538	537	563	562	10.97136684121962	4.152076244354248	16	17
539	538	562	561	-5.577766255169075	5.1342997550964355	16	17
540	539	561	560	2.644295069491512	4.519977569580078	16	17
541	540	560	559	-1.0492529686618617	5.211852550506592	16	17
542	541	559	558	6.391026466172338	4.452092170715332	16	17
543	542	558	557	102.96620976150014	5.19570779800415	16	17
558	557	586	585	-112.13764660325675	5.24778938293457	17	18
560	559	586	585	-7.362242853406554	5.2037882804870605	17	18
561	560	585	584	-2.8371552275767256	4.367961406707764	17	18
562	561	584	583	-7.489302225751599	4.997080326080322	17	18
563	562	583	582	22.358349842064968	4.577658176422119	17	18
564	563	581	580	25.774837228496278	5.245219707489014	17	18
565	564	581	580	-39.05532606471921	4.219428062438965	17	18
566	565	579	578	24.052658997384054	5.401365756988525	17	18
567	566	579	578	-34.777582063618546	4.061382293701172	17	18
568	567	577	576	41.271468507780504	5.332085132598877	17	18
569	568	577	576	-43.83186733170692	3.9239585399627686	17	18
577	576	606	605	-17.483089213015216	4.940976619720459	18	19
578	577	605	604	-7.61805882843686	5.078601360321045	18	19
579	578	604	603	-11.915790192038989	4.370668411254883	18	19
580	579	603	602	-26.274059808332602	5.024514198303223	18	19
581	580	602	601	12.181169964041901	3.8927416801452637	18	19
582	581	601	600	-20.78875546053712	5.13459587097168	18	19
583	582	600	599	-4.797668693400838	4.573841094970703	18	19
584	583	599	598	-4.234884261360067	4.955726623535156	18	19
585	584	598	597	-13.08635577583634	4.385912895202637	18	19
601	600	620	619	-19.17222066459424	5.389390468597412	19	20
602	601	619	618	0.5734492799279531	4.304753303527832	19	20
603	602	618	617	-18.572844017278978	5.117051124572754	19	20
604	603	617	616	1.1189447971515263	4.474026679992676	19	20
605	604	616	615	-11.544838652063689	5.294130802154541	19	20
606	605	615	614	-12.86794132315349	4.3457794189453125	19	20
607	606	614	613	-5.11963635542024	5.273411273956299	19	20
608	607	613	612	-54.540743302425895	4.331567764282227	19	20
612	611	651	650	-4.421416326594545	5.17670202255249	20	21
613	612	650	649	3.5311414906178906	4.6589884757995605	20	21
614	613	649	648	-22.87010496497874	5.365242958068848	20	21
615	614	648	647	-22.705909544329472	4.463380336761475	20	21
616	615	647	646	-13.347394639284053	5.0270094871521	20	21
617	616	646	645	-13.498761087902079	4.638925075531006	20	21
618	617	645	644	-9.018244362656928	5.0308990478515625	20	21
619	618	644	643	-18.845693669413983	4.697894096374512	20	21
645	644	170	169	32.01680615241674	5.325841426849365	21	0
646	645	170	169	-28.36124139880741	4.230961322784424	21	0
647	646	169	168	-8.186762630230076	5.330787658691406	21	0
648	647	168	167	-19.055684973095246	4.188647747039795	21	0
649	648	167	166	-9.172563020372909	5.295059680938721	21	0
650	649	166	165	-22.00938695772643	4.617895126342773	21	0
651	650	165	164	-14.696451260766905	5.158061981201172	21	0
