165	164	184	183	-13.39278462005723	5.466371059417725	0	1
166	165	183	182	-8.646111255218429	4.435673713684082	0	1
167	166	182	181	-13.269183719469638	5.08038330078125	0	1
168	167	181	180	-25.86272418109384	4.732728481292725	0	1
169	168	180	179	1.4521537136692746	5.186736106872559	0	1
170	169	179	178	-3.6401583125456196	4.190130233764648	0	1
171	170	178	177	0.9227479060572045	5.257968902587891	0	1
172	171	177	176	-13.8580631874547	4.208183765411377	0	1
177	176	207	206	-5.366434198053444	3.9885478019714355	1	2
178	177	206	205	-7.308389432341859	5.689517974853516	1	2
179	178	205	204	-2.3549072071805854	4.0516133308410645	1	2
180	179	203	202	19.26337001702016	5.494873523712158	1	2
181	180	203	202	-1.4450121941624616	3.936443567276001	1	2
182	181	202	201	-0.23153680322224385	5.375946998596191	1	2
183	182	201	200	-7.801716703377771	4.190139293670654	1	2
184	183	200	199	2.3433352570766757	5.3027777671813965	1	2
185	184	199	198	17.351514681866657	4.110998153686523	1	2
186	185	198	197	-17.20856378990693	5.428306579589844	1	2
187	186	197	196	-11.862207882389713	4.055126667022705	1	2
197	196	227	226	-6.893447213832545	4.465751647949219	2	3
198	197	226	225	-1.7412416782122846	5.146773338317871	2	3
199	198	225	224	2.356183682771331	4.647439956665039	2	3
200	199	224	223	6.463281047328848	5.341879367828369	2	3
201	200	223	222	-4.476363296106939	4.284419536590576	2	3
202	201	222	221	-9.206070681880398	5.295347690582275	2	3
203	202	221	220	-0.04288125136845128	4.506875038146973	2	3
204	203	220	219	-7.054791905416916	5.105517864227295	2	3
205	204	219	218	-8.246939334464294	4.426788330078125	2	3
206	205	218	217	-8.606462895359456	5.23505163192749	2	3
207	206	217	216	5.045941716889726	4.480800151824951	2	3
218	217	245	244	-3.0735302860051226	5.304449081420898	3	4
219	218	244	243	-4.110844140118118	4.376035690307617	3	4
220	219	243	242	-8.19351114265436	5.1795735359191895	3	4
221	220	242	241	-7.021455344517702	4.921116352081299	3	4
222	221	241	240	7.140061163624243	4.976607799530029	3	4
223	222	240	239	6.604478078328227	4.599386692047119	3	4
224	223	239	238	-8.518944334620102	5.035405158996582	3	4
225	224	238	237	-9.30118760837282	4.667272090911865	3	4
226	225	237	236	-14.887201694840797	5.266833782196045	3	4
227	226	236	235	-22.186144407996917	4.326519966125488	3	4
235	234	286	285	-15.673020477138357	5.328963756561279	4	5
236	235	285	284	-6.606523429080332	4.532744884490967	4	5
237	236	284	283	-15.345835807393525	5.1172027587890625	4	5
238	237	283	282	-17.09644909583434	4.632053375244141	4	5
239	238	282	281	-8.13270299527176	4.8031229972839355	4	5
240	239	281	280	-9.373233275974169	4.803524494171143	4	5
241	240	280	279	-5.3361413458452605	4.927961349487305	4	5
242	241	279	278	-2.171274648980435	4.348645210266113	4	5
243	242	278	277	10.988655685713708	5.209606170654297	4	5
244	243	277	276	3.6181830431930795	4.571452617645264	4	5
245	244	276	275	3.998448175337234	4.947364330291748	4	5
274	273	309	308	-14.693407863171567	5.505124092102051	5	6
275	274	308	307	4.234624671493207	4.601690769195557	5	6
276	275	307	306	4.888089236947183	5.500260829925537	5	6
277	276	306	305	-10.209159750226709	4.678499221801758	5	6
278	277	305	304	-8.937210159299335	5.455662727355957	5	6
279	278	304	303	10.648106557245416	4.484055995941162	5	6
280	279	302	301	39.37806881680738	5.729174613952637	5	6
281	280	302	301	-20.045960513752416	4.115149021148682	5	6
282	281	301	300	-9.28798270442946	5.277095794677734	5	6
283	282	300	299	-15.988677403044154	4.107781410217285	5	6
284	283	299	298	-8.46624722681714	5.431646347045898	5	6
285	284	298	297	-5.5839593010456285	4.339865207672119	5	6
286	285	297	296	-0.4302642615298233	5.463843822479248	5	6
287	286	296	295	-20.643727701997218	4.3327956199646	5	6
295	294	341	340	-22.46281365648147	5.178925514221191	6	7
296	295	340	339	6.3157510346047605	4.335997581481934	6	7
297	296	339	338	-14.020225229578228	5.305078506469727	6	7
298	297	338	337	-5.680873002999846	4.457385540008545	6	7
299	298	337	336	-9.808833966560911	5.208847522735596	6	7
300	299	336	335	-7.085853763609277	4.197084426879883	6	7
301	300	334	333	59.69536125879628	5.352390766143799	6	7
302	301	334	333	-9.2750062971431	4.34317684173584	6	7
303	302	333	332	-24.39209551672244	5.2999444007873535	6	7
304	303	332	331	-17.31913635989569	4.498081684112549	6	7
305	304	331	330	-6.6164818380143915	5.28411340713501	6	7
306	305	330	329	7.788575396733707	4.540191173553467	6	7
307	306	329	328	-7.514630988272049	5.214764595031738	6	7
308	307	328	327	-6.515205969809491	4.660733699798584	6	7
309	308	327	326	-7.7551458313611095	5.134164810180664	6	7
326	325	369	368	-35.66488053778131	5.2651472091674805	7	8
327	326	368	367	-12.833017582598249	4.884253025054932	7	8
328	327	367	366	-30.029882505398657	4.724651336669922	7	8
329	328	366	365	-8.691795345868757	5.063706398010254	7	8
330	329	365	364	-6.845615337492674	4.698810577392578	7	8
331	330	364	363	-15.219812986909742	5.210381031036377	7	8
332	331	363	362	-17.66342460296404	3.8645951747894287	7	8
333	332	362	361	-13.569506354535632	5.439097881317139	7	8
334	333	361	360	-4.952268346861498	4.160098075866699	7	8
335	334	360	359	-20.401289476517256	5.247320175170898	7	8
336	335	359	358	22.75991182609178	4.359549522399902	7	8
337	336	358	357	2.8736035612693227	5.292665481567383	7	8
338	337	357	356	-0.6884556028993687	4.4198126792907715	7	8
339	338	355	354	12.169813885004926	5.043646335601807	7	8
340	339	355	354	-41.02661573506004	4.259855270385742	7	8
341	340	354	353	-10.921996521623745	5.254073143005371	7	8
342	341	353	352	-27.469778737189603	4.156705856323242	7	8
352	351	404	403	-11.050541741091514	5.204895496368408	8	9
353	352	403	402	-6.531205294318284	3.994816780090332	8	9
354	353	402	401	2.0967661745402135	5.125566482543945	8	9
355	354	401	400	-16.177088447379568	3.9852077960968018	8	9
357	356	399	398	-25.252398899529236	4.494067668914795	8	9
358	357	398	397	0.14622432360895243	5.725865840911865	8	9
359	358	397	396	-3.995376918283168	4.816449165344238	8	9
360	359	396	395	1.1840900097090346	4.858382225036621	8	9
361	360	395	394	-4.971606274932326	4.170772075653076	8	9
362	361	394	393	-2.640104109979879	5.276339530944824	8	9
363	362	393	392	-9.616369556925315	4.007810115814209	8	9
364	363	392	391	-23.142078800882935	5.1686625480651855	8	9
365	364	391	390	-34.87272844397243	4.345402240753174	8	9
366	365	390	389	-1.6478248855418398	5.296486854553223	8	9
367	366	389	388	7.148437533023686	4.468731880187988	8	9
368	367	388	387	11.347365928279086	4.547703742980957	8	9
390	389	429	428	-37.23714846320782	5.167322158813477	9	10
391	390	428	427	-1.7590063287056248	4.370102405548096	9	10
392	391	427	426	-8.77595298079877	5.247561931610107	9	10
393	392	426	425	-13.884085432217395	4.286542892456055	9	10
394	393	425	424	-7.7208758464933	5.246981143951416	9	10
395	394	424	423	-8.682295740059295	4.585436820983887	9	10
396	395	423	422	-19.357242274503974	5.428044319152832	9	10
397	396	422	421	-17.55299352103372	4.660919666290283	9	10
398	397	421	420	-30.005144711762068	5.356044769287109	9	10
399	398	420	419	26.045599900419642	4.905815124511719	9	10
401	400	418	417	11.27998540874586	4.016623497009277	9	10
402	401	416	415	37.72416356879816	5.393542289733887	9	10
403	402	416	415	-21.8916027303744	3.952623128890991	9	10
404	403	415	414	-10.57550202414698	5.329944610595703	9	10
405	404	414	413	-15.725150872739126	4.393576145172119	9	10
413	412	454	453	-23.371305137371433	5.347491264343262	10	11
414	413	453	452	-17.187046379840897	4.765133857727051	10	11
415	414	452	451	5.1820311612417465	5.230262756347656	10	11
416	415	451	450	-8.528712834027536	4.2434892654418945	10	11
417	416	450	449	-12.476593000725883	5.403386116027832	10	11
418	417	449	448	-3.7036241079925136	4.334485054016113	10	11
419	418	448	447	-27.882052906977485	5.255662441253662	10	11
420	419	447	446	-30.924255061657657	4.699376106262207	10	11
421	420	446	445	2.0691818599328045	5.409761428833008	10	11
422	421	445	444	-13.006847526532491	4.542027473449707	10	11
423	422	444	443	-2.994568071621613	5.274471759796143	10	11
424	423	443	442	-23.100446480638187	4.4430365562438965	10	11
425	424	442	441	6.220079205260945	5.2936110496521	10	11
426	425	441	440	-8.193669195347885	4.3230133056640625	10	11
449	448	469	468	-25.209627767159635	5.568312644958496	11	12
450	449	468	467	40.11298213312327	5.569789409637451	11	12
451	450	468	467	-10.960630510120552	4.166170597076416	11	12
452	451	466	465	27.709587904432237	5.3495988845825195	11	12
453	452	466	465	-20.301642551042352	3.895819664001465	11	12
454	453	465	464	-2.1879487384035614	5.333220958709717	11	12
455	454	464	463	-31.05015969209975	4.280850887298584	11	12
456	455	463	462	-20.097837088202997	5.403192043304443	11	12
457	456	462	461	-41.986656515564405	4.173332214355469	11	12
462	461	507	506	-4.829759245175386	4.07546329498291	12	13
463	462	506	505	-15.297480423787578	5.43007230758667	12	13
464	463	505	504	-12.291689788903353	4.253289222717285	12	13
465	464	504	503	-7.654588403081304	5.269409656524658	12	13
466	465	503	502	-17.900024032589	4.316023349761963	12	13
467	466	502	501	-13.850059176136947	5.2636613845825195	12	13
468	467	501	500	5.104743502240573	4.3865556716918945	12	13
469	468	500	499	-27.46318212461946	5.304721832275391	12	13
470	469	499	498	-21.962527300192843	4.674920082092285	12	13
471	470	498	497	-26.972261354868326	4.367373466491699	12	13
472	471	497	496	-10.533947742465582	5.156182289123535	12	13
497	496	525	524	-36.03483048681454	4.7861433029174805	13	14
498	497	524	523	-21.480422716892754	5.158931732177734	13	14
499	498	523	522	-5.607026183294147	4.713626861572266	13	14
500	499	522	521	-11.506338463539333	4.730424404144287	13	14
501	500	521	520	-11.959153612584775	4.314990997314453	13	14
502	501	520	519	-2.887235680877513	5.520970344543457	13	14
503	502	519	518	-7.9284481829897455	4.224742412567139	13	14
504	503	518	517	-13.11555368535532	5.375538349151611	13	14
505	504	517	516	-2.226529391761632	4.104807376861572	13	14
506	505	516	515	4.6549536443741975	5.059516906738281	13	14
507	506	515	514	-8.747832067598553	4.344787120819092	13	14
514	513	555	554	4.038074565636125	5.343108177185059	14	15
515	514	554	553	-10.55345270908161	4.207210063934326	14	15
516	515	553	552	-0.8970221607983654	5.204148769378662	14	15
517	516	552	551	3.516489961882031	4.679664134979248	14	15
518	517	551	550	-6.778775672624801	5.07708740234375	14	15
519	518	550	549	-25.371707404034094	4.3695068359375	14	15
520	519	549	548	-9.311329099826638	5.530426502227783	14	15
521	520	548	547	-2.9204932217217356	4.202351093292236	14	15
522	521	547	546	-10.488748626843055	5.0956010818481445	14	15
523	522	546	545	-26.254611884714407	4.821803092956543	14	15
524	523	545	544	-5.116116272165634	4.85189151763916	14	15
525	524	544	543	-6.214877656837731	4.11371374130249	14	15
526	525	541	540	-36.44296923721412	5.166563510894775	14	15
527	526	541	540	23.748134213592458	5.7112040519714355	14	15
528	527	541	540	-50.04402540507678	4.8270440101623535	14	15
529	528	540	539	-41.72381447702481	5.453678607940674	14	15
530	529	539	538	-71.89448980901982	4.310245990753174	14	15
531	530	539	538	1.9345756540725847	4.938699722290039	14	15
545	544	576	575	-42.0907913362202	5.171285629272461	15	16
546	545	575	574	-23.67105975540802	4.236504077911377	15	16
547	546	574	573	-6.456204419619871	5.6446027755737305	15	16
548	547	573	572	4.29542025381129	3.828979969024658	15	16
549	548	572	571	-22.552254434858515	5.2845025062561035	15	16
550	549	571	570	22.56084834805274	4.089622974395752	15	16
551	550	570	569	-0.3305324505559764	5.184910297393799	15	16
552	551	569	568	-10.801256513197455	4.597592353820801	15	16
553	552	567	566	45.649941719807046	5.293368816375732	15	16
554	553	567	566	-8.981682412796042	4.1114325523376465	15	16
555	554	566	565	4.667087063451986	5.35175085067749	15	16
556	555	565	564	-1.2223091009887037	4.545361042022705	15	16
557	556	564	563	-9.11911847825073	5.373404502868652	15	16
558	557	563	562	-12.905526526551567	4.393620491027832	15	16
562	561	605	604	-15.212029591750989	5.394481658935547	16	17
563	562	604	603	-19.980602337724275	4.901548862457275	16	17
564	563	603	602	-7.120108290555663	5.273009777069092	16	17
565	564	602	601	-4.741403020759676	4.5699334144592285	16	17
566	565	601	600	1.5948512175394767	5.2120161056518555	16	17
567	566	600	599	10.636310049354728	4.2283101081848145	16	17
568	567	599	598	1.2031958044260032	5.337489128112793	16	17
569	568	598	597	-17.655282001917485	4.077616214752197	16	17
570	569	597	596	-8.140941374847424	5.3126325607299805	16	17
571	570	596	595	-19.438613845180846	4.614161491394043	16	17
597	596	620	619	-0.9501286648923856	4.781344890594482	17	18
598	597	619	618	22.1299211180871	4.616244316101074	17	18
599	598	618	617	-11.472658200349775	5.004641532897949	17	18
600	599	617	616	-2.887854624866699	4.589047908782959	17	18
601	600	616	615	-9.883466963215804	5.300923824310303	17	18
602	601	615	614	-4.755614636855347	4.182082176208496	17	18
603	602	614	613	3.566972604640398	5.589959621429443	17	18
604	603	613	612	-11.987701277072864	3.898266553878784	17	18
605	604	612	611	38.65835657596755	5.362687110900879	17	18
612	611	643	642	-10.206196372931702	5.413891315460205	18	19
613	612	642	641	-0.15094889595234445	4.0430169105529785	18	19
614	613	641	640	-12.267639868169473	5.456021785736084	18	19
615	614	640	639	-12.04272921502662	4.274226188659668	18	19
616	615	639	638	-11.055843474153152	5.098569869995117	18	19
617	616	638	637	-15.985899536126794	4.493997097015381	18	19
618	617	637	636	-10.322590977508042	5.236710548400879	18	19
619	618	636	635	-16.671166133825146	4.371706485748291	18	19
620	619	635	634	13.543022061542533	5.463327407836914	18	19
621	620	634	633	26.685648382902603	4.312826156616211	18	19
622	621	634	633	-68.2576774357937	4.0183634757995605	18	19
623	622	632	631	-26.541355140508674	5.176243305206299	18	19
624	623	631	630	-48.75762313498766	4.277054786682129	18	19
638	637	661	660	-57.99504303406439	5.489623546600342	19	20
639	638	661	660	-10.690248456485564	5.1306891441345215	19	20
640	639	660	659	13.989192261486199	4.462597846984863	19	20
641	640	659	658	-15.689268420207659	5.19077205657959	19	20
642	641	658	657	-6.2524032258972655	4.260919094085693	19	20
643	642	657	656	-20.97366660614526	5.612454891204834	19	20
644	643	656	655	6.613199355748736	3.9152748584747314	19	20
645	644	655	654	-1.514960752380055	5.435205936431885	19	20
646	645	654	653	-12.969184629921061	4.466989994049072	19	20
653	652	696	695	-5.662240383588963	4.9859700202941895	20	21
654	653	695	694	-16.0244025130027	4.681006908416748	20	21
655	654	694	693	-5.66288390748516	5.006053447723389	20	21
656	655	693	692	-5.0637587825208215	4.553043365478516	20	21
657	656	692	691	-11.308841930355786	5.335054397583008	20	21
658	657	691	690	-14.915325134106883	4.28860330581665	20	21
659	658	690	689	-7.142183865188461	4.979606628417969	20	21
660	659	689	688	-39.34617534225331	4.629270553588867	20	21
661	660	688	687	-20.679711484706633	5.278126239776611	20	21
662	661	687	686	142.23269391579842	4.342195987701416	20	21
663	662	687	686	45.67297732832495	5.258502006530762	20	21
665	664	687	686	-51.58567355883546	4.493903636932373	20	21
690	689	172	171	27.8575011756405	5.654476642608643	21	0
691	690	172	171	-12.599759787705668	4.011853218078613	21	0
692	691	171	170	-13.220221870524755	5.417993545532227	21	0
693	692	170	169	-10.558145402527197	4.037546157836914	21	0
694	693	169	168	-2.355453643815073	5.29140567779541	21	0
695	694	168	167	2.3843621912237203	4.240118026733398	21	0
696	695	167	166	-8.468610766127437	5.1299943923950195	21	0
