158	157	177	176	4.428585940559358	5.249046802520752	0	1
159	158	176	175	2.145037472417254	4.413731098175049	0	1
160	159	175	174	-9.045255302785591	5.006372451782227	0	1
161	160	174	173	-5.681291324503857	4.463609218597412	0	1
162	161	173	172	-1.2543218036874586	5.0668158531188965	0	1
163	162	172	171	-9.767164459004581	4.732352256774902	0	1
164	163	171	170	-9.780874662858611	5.008917808532715	0	1
165	164	170	169	4.533689772611498	4.992453098297119	0	1
170	169	195	194	-15.832015352712654	4.113509654998779	1	2
171	170	194	193	6.759368020580909	5.302705764770508	1	2
172	171	193	192	5.538825667446109	4.38177490234375	1	2
173	172	192	191	-0.8429202138607995	5.305261135101318	1	2
174	173	191	190	-2.91581086980294	4.411203861236572	1	2
175	174	190	189	2.3579388224155955	5.054732322692871	1	2
176	175	189	188	-8.503977794329952	4.551888465881348	1	2
177	176	188	187	-5.674864151638925	5.321061611175537	1	2
178	177	187	186	-10.199684605018582	4.256275653839111	1	2
179	178	186	185	-9.253995815844139	5.310863494873047	1	2
180	179	185	184	-46.01278559180493	4.264387607574463	1	2
185	184	216	215	14.890968091410592	4.556180953979492	2	3
186	185	215	214	-11.861238235268583	5.458276271820068	2	3
187	186	214	213	-18.341468050552276	4.456262588500977	2	3
188	187	213	212	-8.218554447595976	5.306905269622803	2	3
189	188	212	211	-4.295095766989165	4.396981716156006	2	3
190	189	211	210	-2.9226122613858463	5.067721843719482	2	3
191	190	210	209	0.25887101368294413	4.642685890197754	2	3
192	191	209	208	10.463898901649431	5.101556777954102	2	3
193	192	208	207	-10.762520698425124	4.248021602630615	2	3
194	193	207	206	6.262291646059489	5.256459712982178	2	3
195	194	206	205	2.1666017673510996	4.3899030685424805	2	3
196	195	205	204	-18.518448618638665	5.406982898712158	2	3
197	196	204	203	-51.34999313538624	4.151711463928223	2	3
204	203	236	235	-20.216790184117222	5.372566223144531	3	4
205	204	236	235	13.509001512246563	5.4473066329956055	3	4
206	205	235	234	-3.7793164391097536	4.293510913848877	3	4
207	206	234	233	-16.932923154107645	5.158339500427246	3	4
208	207	233	232	2.0755733120695	4.223207473754883	3	4
209	208	232	231	-18.977396239700905	5.550519943237305	3	4
210	209	231	230	7.068949608265902	4.308521747589111	3	4
211	210	230	229	-0.11853407385632185	5.327563762664795	3	4
212	211	229	228	-1.443378263039161	4.494643211364746	3	4
213	212	228	227	-1.2540276408682043	5.542757987976074	3	4
214	213	227	226	3.021299177800815	4.2603254318237305	3	4
215	214	226	225	-12.761707507923349	5.412714958190918	3	4
216	215	225	224	-21.739738293845935	4.328534126281738	3	4
224	223	285	284	-9.788133166613799	5.357051372528076	4	5
225	224	284	283	-3.5949626479208736	4.216159343719482	4	5
226	225	283	282	-7.305131053928191	5.251039505004883	4	5
227	226	282	281	-8.27109361314903	4.7325663566589355	4	5
228	227	281	280	-10.749498458250173	5.083219051361084	4	5
229	228	280	279	-7.7348866264349185	4.52884578704834	4	5
230	229	279	278	-4.371760823677418	5.036635398864746	4	5
231	230	278	277	3.4347451116200465	4.60555362701416	4	5
232	231	277	276	-1.6512981063112908	5.085440635681152	4	5
233	232	276	275	-6.301450373675427	4.495054244995117	4	5
234	233	275	274	-0.5850932659811798	5.145105361938477	4	5
235	234	274	273	-11.617911308706683	4.474146842956543	4	5
236	235	273	272	-37.005534854126076	5.209579944610596	4	5
273	272	307	306	62.84498284862316	5.347601890563965	5	6
274	273	307	306	-8.49341461466969	4.146917819976807	5	6
275	274	306	305	-10.735835211639577	5.249398708343506	5	6
276	275	305	304	3.5336127045212704	4.492881774902344	5	6
277	276	304	303	6.234483092822372	5.162520408630371	5	6
278	277	303	302	-8.970249555501834	4.576730251312256	5	6
279	278	302	301	-3.430951938627932	5.300058364868164	5	6
280	279	301	300	-9.007317498452373	4.480223178863525	5	6
281	280	300	299	-10.09299525751108	5.371299743652344	5	6
282	281	299	298	-12.747430361459703	4.317797660827637	5	6
283	282	298	297	0.13078202285315732	5.395605087280273	5	6
284	283	297	296	-4.442579753600045	4.1750688552856445	5	6
285	284	296	295	-5.244462458134859	5.517404556274414	5	6
286	285	295	294	-17.519447014870423	4.062358856201172	5	6
287	286	294	293	-22.810252109773444	5.341920852661133	5	6
288	287	293	292	-50.31458387661253	4.258594036102295	5	6
292	291	347	346	3.8399136856882725	5.061213493347168	6	7
293	292	346	345	-9.697646003496542	4.465677261352539	6	7
294	293	345	344	-14.128744606458378	5.249686241149902	6	7
295	294	344	343	-17.9356006615622	4.597126007080078	6	7
296	295	343	342	-13.913375586146318	5.2436676025390625	6	7
297	296	342	341	-6.37084934770441	4.367742538452148	6	7
298	297	341	340	-4.910223881037207	5.150708198547363	6	7
299	298	340	339	-5.843966425992989	4.375690460205078	6	7
300	299	339	338	-4.158437774783523	5.32970666885376	6	7
301	300	338	337	-23.786833950388196	4.4191155433654785	6	7
302	301	337	336	-5.867447454657173	5.004831790924072	6	7
303	302	336	335	-11.71066512196724	4.4319000244140625	6	7
304	303	335	334	-18.669622112338025	5.12217903137207	6	7
305	304	334	333	-10.134529269004691	4.461092948913574	6	7
306	305	333	332	10.925468772135304	5.348708152770996	6	7
307	306	332	331	25.24471442474302	4.373882293701172	6	7
308	307	331	330	7.158846515033944	5.280075550079346	6	7
331	330	372	371	1.2281358909980966	5.452019214630127	7	8
332	331	372	371	-40.35448555558046	4.672979354858398	7	8
333	332	372	371	42.154046298984504	5.370489120483398	7	8
334	333	370	369	-2.698970279449152	4.083035945892334	7	8
335	334	369	368	-8.454752740580988	5.386926651000977	7	8
336	335	368	367	-7.604687475677367	4.282236576080322	7	8
337	336	367	366	-13.159455426660909	5.289910793304443	7	8
338	337	366	365	11.039627397118984	4.140862941741943	7	8
339	338	365	364	2.4795157757481356	5.434115886688232	7	8
340	339	364	363	-14.204219423305352	4.185717582702637	7	8
341	340	363	362	-9.646087492811574	5.3634185791015625	7	8
342	341	362	361	-9.153502066433354	4.36109733581543	7	8
343	342	360	359	13.810252993942557	5.365591526031494	7	8
344	343	360	359	-28.807985095091052	4.009307861328125	7	8
345	344	359	358	-7.95728316053858	5.327213287353516	7	8
346	345	358	357	-13.894857978819973	4.373344898223877	7	8
347	346	357	356	-19.604193386700832	5.243431091308594	7	8
348	347	356	355	-9.280520795980578	4.773238182067871	7	8
356	355	433	432	-13.83486983361865	4.709543704986572	8	9
357	356	432	431	-6.213681310928822	5.257421493530273	8	9
358	357	431	430	-9.431987321790967	4.311679840087891	8	9
359	358	430	429	-7.4646283780963545	5.34103536605835	8	9
360	359	429	428	4.293538014454239	4.203411102294922	8	9
361	360	428	427	-16.43472093472413	5.559432029724121	8	9
362	361	427	426	-15.575620698890077	4.522531509399414	8	9
363	362	426	425	-2.795931220444662	5.010410308837891	8	9
364	363	425	424	-3.443017207963615	4.50170373916626	8	9
365	364	424	423	-9.96260759514238	5.066957473754883	8	9
366	365	423	422	-5.866480330688584	4.530153751373291	8	9
367	366	422	421	-10.907517236096867	5.206608772277832	8	9
368	367	421	420	-10.322178961756546	4.428659439086914	8	9
369	368	420	419	-10.489523518386243	5.060256004333496	8	9
370	369	419	418	-8.530134333449649	4.525356292724609	8	9
371	370	418	417	-3.4107801907907453	5.329247951507568	8	9
372	371	417	416	-41.06646211005433	4.347455024719238	8	9
374	373	414	413	-108.97102156029976	4.649648666381836	8	9
375	374	414	413	23.10705803407188	4.504748821258545	8	9
376	375	411	410	-19.46788794904886	4.626430988311768	8	9
417	416	458	457	55.09998746947212	4.826660633087158	9	10
418	417	456	455	-0.8807163573192872	5.465628623962402	9	10
419	418	456	455	-48.52212307394617	4.6212592124938965	9	10
420	419	455	454	-7.165388639663993	5.351297378540039	9	10
421	420	454	453	-15.367052633705214	4.23866605758667	9	10
422	421	453	452	-6.937832977419231	5.228344440460205	9	10
423	422	452	451	-7.3088984366454826	4.243018627166748	9	10
424	423	451	450	-13.992753773056478	5.199995517730713	9	10
425	424	450	449	-10.504836744051877	4.651369094848633	9	10
426	425	449	448	-6.626712272034182	5.300411224365234	9	10
427	426	448	447	2.272636262533702	4.345761299133301	9	10
428	427	447	446	-5.468924378490416	5.231425762176514	9	10
429	428	446	445	7.012279151522466	4.228265762329102	9	10
430	429	445	444	6.651866922144905	5.5114216804504395	9	10
431	430	444	443	-7.0765137641897775	4.273749828338623	9	10
432	431	443	442	-11.065142043675774	5.321340084075928	9	10
433	432	442	441	-23.73919206255148	4.416709899902344	9	10
434	433	441	440	-11.645862510373489	5.070348262786865	9	10
435	434	440	439	-46.29145538558239	4.470215797424316	9	10
439	438	487	486	-27.484340623832075	4.682815074920654	10	11
440	439	486	485	-13.231830883128938	4.815574645996094	10	11
441	440	485	484	-17.61176357861457	5.043103218078613	10	11
442	441	484	483	-12.327879957144647	4.778757572174072	10	11
443	442	483	482	-4.258911496218207	4.765972137451172	10	11
444	443	482	481	-1.6183092117694178	4.743199348449707	10	11
445	444	481	480	-7.7037898930964035	4.815475940704346	10	11
446	445	480	479	-9.879010042758793	4.7549262046813965	10	11
447	446	479	478	-21.115323369993458	5.018552303314209	10	11
448	447	478	477	-16.093143423986916	4.709565162658691	10	11
449	448	477	476	-7.949182678238087	5.326662540435791	10	11
450	449	476	475	-18.452953700212	4.165912628173828	10	11
451	450	475	474	3.5391713180144753	5.422097206115723	10	11
452	451	474	473	-7.772772407592257	4.231703281402588	10	11
453	452	473	472	-1.7035353720453663	5.356684684753418	10	11
454	453	472	471	-12.951761397303143	4.311931133270264	10	11
455	454	471	470	-9.477710954567407	5.031465530395508	10	11
456	455	470	469	12.562395920201324	4.179380416870117	10	11
457	456	469	468	-39.25770312812455	5.55894660949707	10	11
458	457	468	467	-44.67711422150154	4.335804462432861	10	11
478	477	502	501	-69.901019357445	5.570749282836914	11	12
479	478	502	501	-12.116492208958913	5.285952568054199	11	12
480	479	501	500	-20.489114734592466	4.339627265930176	11	12
481	480	500	499	-5.497871237612984	5.435554027557373	11	12
482	481	499	498	-12.698952209232884	4.257071495056152	11	12
483	482	498	497	5.581064227017261	5.571832656860352	11	12
484	483	497	496	-12.071511668254898	4.075505256652832	11	12
485	484	496	495	-3.8943197559723974	5.401047706604004	11	12
486	485	495	494	-27.807268546216275	4.409574031829834	11	12
487	486	494	493	-28.186773623209064	5.159142971038818	11	12
492	491	538	537	-4.900820564627758	5.254451274871826	12	13
493	492	537	536	-1.2998548360771127	4.543158054351807	12	13
494	493	536	535	-5.035738144018506	5.190799236297607	12	13
495	494	535	534	-28.32587277792607	4.350638389587402	12	13
496	495	534	533	-12.868290607226434	5.232702732086182	12	13
497	496	533	532	-9.53125691603526	4.483405590057373	12	13
498	497	532	531	-10.929729565246848	5.308907508850098	12	13
499	498	531	530	1.5726109984972072	4.430915355682373	12	13
500	499	530	529	-11.180722080739997	5.239078998565674	12	13
501	500	529	528	-12.558553868571382	4.438930034637451	12	13
529	528	555	554	16.98509074919935	4.478953838348389	13	14
530	529	554	553	0.9013894900343059	5.292880058288574	13	14
531	530	553	552	-3.0014910324199744	4.295478820800781	13	14
532	531	552	551	-3.8944482342348525	5.248507976531982	13	14
533	532	551	550	-17.369781317433695	4.198370456695557	13	14
534	533	550	549	-12.284332700896654	5.301802158355713	13	14
535	534	549	548	0.46856849616782326	4.005342483520508	13	14
536	535	548	547	0.2398752535861209	5.426257610321045	13	14
537	536	547	546	-9.07538353509983	4.39780330657959	13	14
538	537	546	545	-20.381394418670112	5.266458988189697	13	14
539	538	545	544	-28.219491570728216	4.610087871551514	13	14
544	543	586	585	39.234352185672066	5.59016752243042	14	15
545	544	586	585	-18.911376072595292	4.2577223777771	14	15
546	545	585	584	1.8216640912583153	5.347945213317871	14	15
547	546	584	583	-6.788497659046369	4.592429161071777	14	15
548	547	583	582	-10.556906073370575	4.858492851257324	14	15
549	548	582	581	-1.037290676753182	4.424527168273926	14	15
550	549	581	580	-13.821458341436736	5.2490620613098145	14	15
551	550	580	579	-38.38999185207656	4.562108993530273	14	15
552	551	578	577	56.17325785553022	5.386664390563965	14	15
553	552	578	577	-10.326878808146297	4.0933122634887695	14	15
554	553	577	576	-7.461467149841962	5.312669277191162	14	15
555	554	576	575	-20.56149025375354	4.495991230010986	14	15
556	555	575	574	-22.444447818018332	5.252093315124512	14	15
574	573	607	606	-13.16604088414184	4.54247522354126	15	16
575	574	607	606	36.28253868147164	4.675226211547852	15	16
576	575	605	604	-12.522755862827701	4.64627742767334	15	16
577	576	604	603	-5.830885715550392	5.3522562980651855	15	16
578	577	603	602	-12.972590043427884	4.284665584564209	15	16
579	578	602	601	-48.492735595216466	5.2601470947265625	15	16
580	579	601	600	29.435910655759404	4.741799354553223	15	16
581	580	600	599	-1.7536210099836649	5.292722225189209	15	16
582	581	599	598	-5.637461052679633	4.259128093719482	15	16
583	582	598	597	7.831212252751392	5.102538108825684	15	16
584	583	597	596	-37.940718765324405	4.172513008117676	15	16
585	584	596	595	20.292635651816486	5.618300914764404	15	16
586	585	595	594	39.21024705500209	4.261700630187988	15	16
587	586	593	592	6.257535433754737	5.4089860916137695	15	16
588	587	593	592	-50.39144924883939	4.377572059631348	15	16
593	592	632	631	-13.270816905580544	4.652567386627197	16	17
594	593	631	630	-7.348048683486266	5.320459842681885	16	17
595	594	630	629	-15.458371174545613	4.3525567054748535	16	17
596	595	629	628	-22.47301901429487	5.134784698486328	16	17
597	596	628	627	50.272718829431746	4.443251609802246	16	17
598	597	627	626	-6.180245522734726	5.540814399719238	16	17
599	598	626	625	3.471599017265393	4.502202987670898	16	17
600	599	625	624	-5.316895289171285	5.419829845428467	16	17
601	600	624	623	-20.50300734948192	4.759603023529053	16	17
625	624	648	647	5.169790203773579	5.29988956451416	17	18
626	625	647	646	12.871892539155473	4.687382698059082	17	18
627	626	646	645	6.7914085984619	5.011041164398193	17	18
628	627	645	644	7.059605397225042	4.410520076751709	17	18
629	628	644	643	3.5341305137536674	5.2772369384765625	17	18
630	629	643	642	-19.634569892206926	4.262095928192139	17	18
631	630	641	640	26.52986554943922	5.475002288818359	17	18
632	631	641	640	-27.735664286826776	4.036789417266846	17	18
633	632	640	639	-16.210706925333316	5.362788200378418	17	18
634	633	639	638	-55.359797823883184	4.51959228515625	17	18
639	638	672	671	-9.966284450532513	4.686899185180664	18	19
640	639	671	670	-10.754455427117193	5.082798004150391	18	19
641	640	670	669	-10.591473310927546	4.401402950286865	18	19
642	641	669	668	-13.957790590484704	4.626510143280029	18	19
643	642	668	667	-8.013027548516497	4.278688907623291	18	19
644	643	667	666	-10.498246606159526	4.7396240234375	18	19
645	644	666	665	-14.893396977892946	4.6359052658081055	18	19
646	645	665	664	-15.70708320946328	5.218926429748535	18	19
647	646	664	663	-15.832465801960357	4.484084606170654	18	19
648	647	662	661	85.72588697264742	5.431246280670166	18	19
649	648	662	661	1.9269710459758504	4.1450300216674805	18	19
650	649	662	661	-77.0652385095367	4.235332489013672	18	19
651	650	659	658	9.78527606257126	5.502044677734375	18	19
652	651	659	658	-52.60107864917798	4.211775779724121	18	19
666	665	686	685	-60.20287050321401	5.547083377838135	19	20
667	666	686	685	-8.453238393607117	5.1402435302734375	19	20
668	667	685	684	13.495437384333009	4.694817066192627	19	20
669	668	684	683	-16.39286903958876	5.080071926116943	19	20
670	669	683	682	2.6048809822709575	4.4731268882751465	19	20
671	670	682	681	-9.128418784829424	5.188225746154785	19	20
672	671	681	680	-9.20799547153661	4.273830890655518	19	20
673	672	680	679	-22.10472459436863	5.130887985229492	19	20
674	673	679	678	-50.00222334824513	4.584736347198486	19	20
678	677	717	716	-27.95597221513555	5.055117607116699	20	21
679	678	716	715	-16.668051330819218	4.622229099273682	20	21
680	679	715	714	-24.340646854889947	5.160530090332031	20	21
681	680	714	713	-22.53095154039913	4.837422847747803	20	21
682	681	713	712	-16.050974280657446	5.050378322601318	20	21
683	682	712	711	-13.899538917870089	4.587278366088867	20	21
684	683	711	710	-10.37117057098441	5.133742332458496	20	21
685	684	710	709	-20.134630650778185	4.3443098068237305	20	21
686	685	709	708	-2.7502993017637474	5.266265869140625	20	21
687	686	708	707	144.2676204022728	4.786712646484375	20	21
688	687	708	707	45.783884233769456	5.501436233520508	20	21
690	689	708	707	-46.0699904399689	4.569872856140137	20	21
694	693	704	703	-61.54483879629458	4.450168609619141	20	21
696	695	703	702	-5.291191437046782	5.109559059143066	20	21
697	696	702	701	-19.467967794126288	4.501801013946533	20	21
711	710	165	164	31.7274873705154	5.6715087890625	21	0
712	711	165	164	-29.775956385433364	4.345318794250488	21	0
713	712	164	163	-15.283133211491666	5.424587249755859	21	0
714	713	163	162	-18.603845716973222	4.122150897979736	21	0
715	714	162	161	-2.3933132394116163	5.245488166809082	21	0
716	715	161	160	-16.777013288686035	4.408081531524658	21	0
717	716	160	159	-3.526084777588214	5.04595947265625	21	0
