11	10	43	42	-6.992473625736669	5.419205188751221	0	1
12	11	42	41	-11.962615940938406	4.383380889892578	0	1
13	12	41	40	-6.265850177047266	5.1627349853515625	0	1
14	13	40	39	-38.87280047740662	4.477991580963135	0	1
15	14	39	38	-22.01746142774097	5.281811714172363	0	1
16	15	38	37	22.127722544972844	4.202680587768555	0	1
17	16	37	36	1.7161910186675862	5.276055335998535	0	1
18	17	36	35	-29.281126442814294	4.352943420410156	0	1
19	18	35	34	18.78405103491793	5.487494468688965	0	1
20	19	34	33	-10.791520056800232	4.666201591491699	0	1
21	20	34	33	36.67032144127262	4.583037376403809	0	1
22	21	32	31	-30.042963707583006	4.599752902984619	0	1
36	35	61	60	-11.325022355194616	4.32005500793457	1	2
37	36	60	59	-27.463304986661925	5.44411039352417	1	2
38	37	59	58	-23.89642321142884	4.393068790435791	1	2
39	38	58	57	-19.782937798667383	5.375294208526611	1	2
40	39	57	56	22.285940843685488	4.018815994262695	1	2
41	40	56	55	9.257375342008997	5.4419474601745605	1	2
42	41	55	54	-12.254770922359635	4.411979675292969	1	2
43	42	54	53	-2.6697682341570745	5.258819580078125	1	2
44	43	53	52	-22.25751727611635	4.3111572265625	1	2
45	44	52	51	-20.533387888381757	5.127869606018066	1	2
46	45	51	50	-44.697984356429494	4.588339328765869	1	2
51	50	82	81	-11.66621023929063	4.688701629638672	2	3
52	51	81	80	-22.29152891791178	5.158034801483154	2	3
53	52	80	79	-30.36535538169683	4.519079685211182	2	3
54	53	79	78	-16.66197713834572	5.179137229919434	2	3
55	54	78	77	-8.712318757016178	4.267257213592529	2	3
56	55	77	76	6.493276167386072	5.551886558532715	2	3
57	56	76	75	24.325683060291933	4.279184341430664	2	3
58	57	75	74	34.09074468601443	5.235657691955566	2	3
59	58	73	72	-29.48039685562225	4.486443996429443	2	3
60	59	71	70	50.42167389537406	5.439454078674316	2	3
61	60	71	70	-26.1343361145479	4.314377307891846	2	3
76	75	92	91	-29.230693829771475	4.849560737609863	3	4
77	76	92	91	29.34694458238239	4.886765003204346	3	4
78	77	91	90	-33.945968331947626	4.196738243103027	3	4
79	78	89	88	10.77181000252317	5.464531898498535	3	4
80	79	89	88	-1.2155455590572704	3.881294012069702	3	4
81	80	88	87	-3.2553018114800527	5.4542436599731445	3	4
82	81	87	86	-32.683703264784164	4.094675064086914	3	4
87	86	133	132	-21.044162717825454	4.418538570404053	4	5
88	87	132	131	-21.514167519243436	5.178869247436523	4	5
89	88	131	130	-12.100961809077988	4.601465702056885	4	5
90	89	130	129	-21.264916859501106	5.356142044067383	4	5
91	90	129	128	10.6263665259226	4.501709938049316	4	5
92	91	127	126	-13.319797269381871	5.00728702545166	4	5
128	127	150	149	39.224959117058845	5.511722564697266	5	6
129	128	150	149	-30.786357442057707	4.558247089385986	5	6
130	129	149	148	-1.848072866463698	5.206606388092041	5	6
131	130	148	147	-16.915726666108586	4.411833763122559	5	6
132	131	147	146	-6.232970033228239	5.233072280883789	5	6
133	132	146	145	-18.410774689157016	4.343369483947754	5	6
134	133	145	144	6.862283826403791	5.516979217529297	5	6
135	134	144	143	-8.629285716380082	4.436157703399658	5	6
143	142	182	181	62.191127632652254	5.449548721313477	6	7
144	143	182	181	-17.277031113409716	4.508344650268555	6	7
145	144	181	180	-14.7516974408055	5.254166126251221	6	7
146	145	180	179	1.317260154075867	4.302146911621094	6	7
147	146	179	178	2.406344396955079	5.18919563293457	6	7
148	147	178	177	-29.161969620591936	4.412752628326416	6	7
149	148	177	176	-14.056507874645394	5.231098175048828	6	7
150	149	176	175	-20.740407943786767	4.578542232513428	6	7
151	150	175	174	3.589562074472917	4.864250183105469	6	7
152	151	174	173	19.1793946609517	4.59053373336792	6	7
153	152	173	172	24.74714246699433	4.005686283111572	6	7
154	153	172	171	60.82647408646736	5.264440536499023	6	7
155	154	171	170	49.86034145252321	5.280448913574219	6	7
175	174	197	196	34.69757440261094	5.73688268661499	7	8
176	175	197	196	2.3805907059836766	3.815629482269287	7	8
177	176	196	195	-10.228194102352903	5.4998579025268555	7	8
178	177	195	194	13.79664885588408	3.9080886840820312	7	8
179	178	194	193	-6.30307968002744	5.549402713775635	7	8
180	179	193	192	-8.921752713528619	4.1041154861450195	7	8
181	180	192	191	5.514515712949916	5.481806755065918	7	8
182	181	191	190	-19.3789347140734	4.135983943939209	7	8
188	187	224	223	-27.444304399441435	4.66417932510376	8	9
189	188	223	222	-20.398417348726596	4.569084644317627	8	9
190	189	222	221	-8.372188031802024	5.144513130187988	8	9
191	190	221	220	-11.499063127208528	4.6151442527771	8	9
192	191	220	219	-18.056717997729695	5.058053493499756	8	9
193	192	219	218	-8.18617080543695	4.463472843170166	8	9
194	193	218	217	-7.686702867356716	5.095592975616455	8	9
195	194	217	216	5.29029979629537	4.696832180023193	8	9
196	195	216	215	2.9532612092330703	5.15707540512085	8	9
197	196	215	214	-11.867216016520658	4.403904914855957	8	9
215	214	239	238	12.553454048643987	4.72076940536499	9	10
216	215	238	237	-5.865261434047053	5.118074417114258	9	10
217	216	237	236	-11.139141195733762	4.429401874542236	9	10
218	217	236	235	-13.35116428699342	5.271941661834717	9	10
219	218	235	234	-9.89111170117209	4.241292953491211	9	10
220	219	234	233	-14.135612247240884	5.508107662200928	9	10
221	220	233	232	-3.4105893667344844	4.279262065887451	9	10
222	221	232	231	0.6441857244811647	5.47830867767334	9	10
223	222	231	230	1.7206683638606666	4.150875568389893	9	10
224	223	230	229	10.90151186552413	5.033957004547119	9	10
228	227	262	261	-17.282846046402117	5.035399436950684	10	11
229	228	261	260	-20.512229280366366	4.699756145477295	10	11
230	229	260	259	-0.9822549770980556	4.94187068939209	10	11
231	230	259	258	-0.08682348613723223	4.554462432861328	10	11
232	231	258	257	-3.996509160223962	5.388119220733643	10	11
233	232	257	256	1.7133042374384546	4.238609790802002	10	11
234	233	256	255	-2.1077687224659405	5.405007839202881	10	11
235	234	255	254	-11.454191646860288	4.617797374725342	10	11
236	235	254	253	-15.143633549778738	5.042125225067139	10	11
237	236	253	252	-17.232069675183908	4.635420322418213	10	11
238	237	252	251	-15.76640492333856	5.101322650909424	10	11
239	238	251	250	-29.797906427005802	4.405848026275635	10	11
240	239	250	249	-33.809631979572025	4.704543113708496	10	11
242	241	248	247	-20.61749876590476	5.316897392272949	10	11
243	242	248	247	-71.48333757354719	4.269810676574707	10	11
250	249	278	277	-113.51959885782847	5.585599899291992	11	12
252	251	279	278	-28.611416413393847	5.175959587097168	11	12
253	252	278	277	-11.420384002076577	4.375025272369385	11	12
254	253	277	276	-11.450136695223406	5.1324143409729	11	12
255	254	276	275	-2.616768213370485	4.355597972869873	11	12
256	255	275	274	5.825093206205729	5.386989593505859	11	12
257	256	274	273	2.354213969322528	4.452507019042969	11	12
258	257	273	272	-1.5168093111966396	5.452999114990234	11	12
259	258	272	271	-14.922726838244788	4.195977210998535	11	12
260	259	271	270	-12.041479895788603	5.409653663635254	11	12
261	260	270	269	-5.82321266522488	4.481037616729736	11	12
269	268	299	298	-5.24244506141372	5.114989757537842	12	13
270	269	298	297	-39.16662890363622	4.0564422607421875	12	13
271	270	297	296	-2.7212108132048933	5.268294334411621	12	13
272	271	296	295	-0.6827260111296898	4.695534706115723	12	13
273	272	295	294	-24.64487427655024	4.938802719116211	12	13
274	273	294	293	-15.131664445163116	4.493016719818115	12	13
275	274	293	292	8.612237358752376	5.519362926483154	12	13
276	275	292	291	24.490128443554642	4.320944786071777	12	13
277	276	291	290	42.69284325486542	4.863719463348389	12	13
278	277	289	288	-35.92332549149043	4.6757636070251465	12	13
293	292	316	315	-46.03681091798464	5.357630252838135	13	14
294	293	315	314	-11.585416345658436	4.50261926651001	13	14
295	294	314	313	-29.04196833788894	5.171713829040527	13	14
296	295	313	312	-12.291041413125892	4.732776641845703	13	14
297	296	312	311	-19.032160365821973	5.172081470489502	13	14
298	297	311	310	34.520740242102086	4.063071250915527	13	14
299	298	310	309	3.434782839223265	5.572551727294922	13	14
300	299	309	308	-34.32812244371162	4.256501197814941	13	14
301	300	308	307	-0.6035514864253604	5.409893035888672	13	14
302	301	307	306	-46.32784631676306	4.394527912139893	13	14
306	305	341	340	-23.40816968525682	4.85739278793335	14	15
307	306	340	339	-2.571189997810684	4.711180210113525	14	15
308	307	339	338	-21.00000226401307	5.210659503936768	14	15
309	308	338	337	-0.1250527550683781	4.390672206878662	14	15
310	309	337	336	-14.290209576447468	5.184993267059326	14	15
311	310	336	335	-10.48917424984099	4.747592926025391	14	15
312	311	335	334	-11.832325860859573	5.0632734298706055	14	15
313	312	334	333	-8.779737769021066	4.567622661590576	14	15
335	334	22	21	38.78893912954688	5.6433610916137695	15	0
336	335	22	21	-21.06054437647242	4.531705379486084	15	0
337	336	21	20	-5.114557765854564	5.403325080871582	15	0
338	337	20	19	-3.181871134061005	4.299786567687988	15	0
339	338	19	18	-21.9725572991904	5.067399024963379	15	0
340	339	18	17	-5.031725880485788	4.437448024749756	15	0
341	340	17	16	-5.788680685185968	5.3740763664245605	15	0
11	10	43	42	-6.992473625736669	5.419205188751221	0	1
12	11	42	41	-11.962615940938406	4.383380889892578	0	1
13	12	41	40	-6.265850177047266	5.1627349853515625	0	1
14	13	40	39	-38.87280047740662	4.477991580963135	0	1
15	14	39	38	-22.01746142774097	5.281811714172363	0	1
16	15	38	37	22.127722544972844	4.202680587768555	0	1
17	16	37	36	1.7161910186675862	5.276055335998535	0	1
18	17	36	35	-29.281126442814294	4.352943420410156	0	1
19	18	35	34	18.78405103491793	5.487494468688965	0	1
20	19	34	33	-10.791520056800232	4.666201591491699	0	1
21	20	34	33	36.67032144127262	4.583037376403809	0	1
22	21	32	31	-30.042963707583006	4.599752902984619	0	1
36	35	61	60	-11.325022355194616	4.32005500793457	1	2
37	36	60	59	-27.463304986661925	5.44411039352417	1	2
38	37	59	58	-23.89642321142884	4.393068790435791	1	2
39	38	58	57	-19.782937798667383	5.375294208526611	1	2
40	39	57	56	22.285940843685488	4.018815994262695	1	2
41	40	56	55	9.257375342008997	5.4419474601745605	1	2
42	41	55	54	-12.254770922359635	4.411979675292969	1	2
43	42	54	53	-2.6697682341570745	5.258819580078125	1	2
44	43	53	52	-22.25751727611635	4.3111572265625	1	2
45	44	52	51	-20.533387888381757	5.127869606018066	1	2
46	45	51	50	-44.697984356429494	4.588339328765869	1	2
51	50	82	81	-11.66621023929063	4.688701629638672	2	3
52	51	81	80	-22.29152891791178	5.158034801483154	2	3
53	52	80	79	-30.36535538169683	4.519079685211182	2	3
54	53	79	78	-16.66197713834572	5.179137229919434	2	3
55	54	78	77	-8.712318757016178	4.267257213592529	2	3
56	55	77	76	6.493276167386072	5.551886558532715	2	3
57	56	76	75	24.325683060291933	4.279184341430664	2	3
58	57	75	74	34.09074468601443	5.235657691955566	2	3
59	58	73	72	-29.48039685562225	4.486443996429443	2	3
60	59	71	70	50.42167389537406	5.439454078674316	2	3
61	60	71	70	-26.1343361145479	4.314377307891846	2	3
76	75	92	91	-29.230693829771475	4.849560737609863	3	4
77	76	92	91	29.34694458238239	4.886765003204346	3	4
78	77	91	90	-33.945968331947626	4.196738243103027	3	4
79	78	89	88	10.77181000252317	5.464531898498535	3	4
80	79	89	88	-1.2155455590572704	3.881294012069702	3	4
81	80	88	87	-3.2553018114800527	5.4542436599731445	3	4
82	81	87	86	-32.683703264784164	4.094675064086914	3	4
87	86	133	132	-21.044162717825454	4.418538570404053	4	5
88	87	132	131	-21.514167519243436	5.178869247436523	4	5
89	88	131	130	-12.100961809077988	4.601465702056885	4	5
90	89	130	129	-21.264916859501106	5.356142044067383	4	5
91	90	129	128	10.6263665259226	4.501709938049316	4	5
92	91	127	126	-13.319797269381871	5.00728702545166	4	5
128	127	150	149	39.224959117058845	5.511722564697266	5	6
129	128	150	149	-30.786357442057707	4.558247089385986	5	6
130	129	149	148	-1.848072866463698	5.206606388092041	5	6
131	130	148	147	-16.915726666108586	4.411833763122559	5	6
132	131	147	146	-6.232970033228239	5.233072280883789	5	6
133	132	146	145	-18.410774689157016	4.343369483947754	5	6
134	133	145	144	6.862283826403791	5.516979217529297	5	6
135	134	144	143	-8.629285716380082	4.436157703399658	5	6
143	142	182	181	62.191127632652254	5.449548721313477	6	7
144	143	182	181	-17.277031113409716	4.508344650268555	6	7
145	144	181	180	-14.7516974408055	5.254166126251221	6	7
146	145	180	179	1.317260154075867	4.302146911621094	6	7
147	146	179	178	2.406344396955079	5.18919563293457	6	7
148	147	178	177	-29.161969620591936	4.412752628326416	6	7
149	148	177	176	-14.056507874645394	5.231098175048828	6	7
150	149	176	175	-20.740407943786767	4.578542232513428	6	7
151	150	175	174	3.589562074472917	4.864250183105469	6	7
152	151	174	173	19.1793946609517	4.59053373336792	6	7
153	152	173	172	24.74714246699433	4.005686283111572	6	7
154	153	172	171	60.82647408646736	5.264440536499023	6	7
155	154	171	170	49.86034145252321	5.280448913574219	6	7
175	174	197	196	34.69757440261094	5.73688268661499	7	8
176	175	197	196	2.3805907059836766	3.815629482269287	7	8
177	176	196	195	-10.228194102352903	5.4998579025268555	7	8
178	177	195	194	13.79664885588408	3.9080886840820312	7	8
179	178	194	193	-6.30307968002744	5.549402713775635	7	8
180	179	193	192	-8.921752713528619	4.1041154861450195	7	8
181	180	192	191	5.514515712949916	5.481806755065918	7	8
182	181	191	190	-19.3789347140734	4.135983943939209	7	8
188	187	224	223	-27.444304399441435	4.66417932510376	8	9
189	188	223	222	-20.398417348726596	4.569084644317627	8	9
190	189	222	221	-8.372188031802024	5.144513130187988	8	9
191	190	221	220	-11.499063127208528	4.6151442527771	8	9
192	191	220	219	-18.056717997729695	5.058053493499756	8	9
193	192	219	218	-8.18617080543695	4.463472843170166	8	9
194	193	218	217	-7.686702867356716	5.095592975616455	8	9
195	194	217	216	5.29029979629537	4.696832180023193	8	9
196	195	216	215	2.9532612092330703	5.15707540512085	8	9
197	196	215	214	-11.867216016520658	4.403904914855957	8	9
215	214	239	238	12.553454048643987	4.72076940536499	9	10
216	215	238	237	-5.865261434047053	5.118074417114258	9	10
217	216	237	236	-11.139141195733762	4.429401874542236	9	10
218	217	236	235	-13.35116428699342	5.271941661834717	9	10
219	218	235	234	-9.89111170117209	4.241292953491211	9	10
220	219	234	233	-14.135612247240884	5.508107662200928	9	10
221	220	233	232	-3.4105893667344844	4.279262065887451	9	10
222	221	232	231	0.6441857244811647	5.47830867767334	9	10
223	222	231	230	1.7206683638606666	4.150875568389893	9	10
224	223	230	229	10.90151186552413	5.033957004547119	9	10
228	227	262	261	-17.282846046402117	5.035399436950684	10	11
229	228	261	260	-20.512229280366366	4.699756145477295	10	11
230	229	260	259	-0.9822549770980556	4.94187068939209	10	11
231	230	259	258	-0.08682348613723223	4.554462432861328	10	11
232	231	258	257	-3.996509160223962	5.388119220733643	10	11
233	232	257	256	1.7133042374384546	4.238609790802002	10	11
234	233	256	255	-2.1077687224659405	5.405007839202881	10	11
235	234	255	254	-11.454191646860288	4.617797374725342	10	11
236	235	254	253	-15.143633549778738	5.042125225067139	10	11
237	236	253	252	-17.232069675183908	4.635420322418213	10	11
238	237	252	251	-15.76640492333856	5.101322650909424	10	11
239	238	251	250	-29.797906427005802	4.405848026275635	10	11
240	239	250	249	-33.809631979572025	4.704543113708496	10	11
242	241	248	247	-20.61749876590476	5.316897392272949	10	11
243	242	248	247	-71.48333757354719	4.269810676574707	10	11
250	249	278	277	-113.51959885782847	5.585599899291992	11	12
252	251	279	278	-28.611416413393847	5.175959587097168	11	12
253	252	278	277	-11.420384002076577	4.375025272369385	11	12
254	253	277	276	-11.450136695223406	5.1324143409729	11	12
255	254	276	275	-2.616768213370485	4.355597972869873	11	12
256	255	275	274	5.825093206205729	5.386989593505859	11	12
257	256	274	273	2.354213969322528	4.452507019042969	11	12
258	257	273	272	-1.5168093111966396	5.452999114990234	11	12
259	258	272	271	-14.922726838244788	4.195977210998535	11	12
260	259	271	270	-12.041479895788603	5.409653663635254	11	12
261	260	270	269	-5.82321266522488	4.481037616729736	11	12
269	268	299	298	-5.24244506141372	5.114989757537842	12	13
270	269	298	297	-39.16662890363622	4.0564422607421875	12	13
271	270	297	296	-2.7212108132048933	5.268294334411621	12	13
272	271	296	295	-0.6827260111296898	4.695534706115723	12	13
273	272	295	294	-24.64487427655024	4.938802719116211	12	13
274	273	294	293	-15.131664445163116	4.493016719818115	12	13
275	274	293	292	8.612237358752376	5.519362926483154	12	13
276	275	292	291	24.490128443554642	4.320944786071777	12	13
277	276	291	290	42.69284325486542	4.863719463348389	12	13
278	277	289	288	-35.92332549149043	4.6757636070251465	12	13
293	292	316	315	-46.03681091798464	5.357630252838135	13	14
294	293	315	314	-11.585416345658436	4.50261926651001	13	14
295	294	314	313	-29.04196833788894	5.171713829040527	13	14
296	295	313	312	-12.291041413125892	4.732776641845703	13	14
297	296	312	311	-19.032160365821973	5.172081470489502	13	14
298	297	311	310	34.520740242102086	4.063071250915527	13	14
299	298	310	309	3.434782839223265	5.572551727294922	13	14
300	299	309	308	-34.32812244371162	4.256501197814941	13	14
301	300	308	307	-0.6035514864253604	5.409893035888672	13	14
302	301	307	306	-46.32784631676306	4.394527912139893	13	14
306	305	341	340	-23.40816968525682	4.85739278793335	14	15
307	306	340	339	-2.571189997810684	4.711180210113525	14	15
308	307	339	338	-21.00000226401307	5.210659503936768	14	15
309	308	338	337	-0.1250527550683781	4.390672206878662	14	15
310	309	337	336	-14.290209576447468	5.184993267059326	14	15
311	310	336	335	-10.48917424984099	4.747592926025391	14	15
312	311	335	334	-11.832325860859573	5.0632734298706055	14	15
313	312	334	333	-8.779737769021066	4.567622661590576	14	15
335	334	22	21	38.78893912954688	5.6433610916137695	15	0
336	335	22	21	-21.06054437647242	4.531705379486084	15	0
337	336	21	20	-5.114557765854564	5.403325080871582	15	0
338	337	20	19	-3.181871134061005	4.299786567687988	15	0
339	338	19	18	-21.9725572991904	5.067399024963379	15	0
340	339	18	17	-5.031725880485788	4.437448024749756	15	0
341	340	17	16	-5.788680685185968	5.3740763664245605	15	0
