4	3	25	24	-18.23034699689267	5.173376560211182	0	1
5	4	24	23	-18.029951517758647	4.6240057945251465	0	1
6	5	23	22	-27.564998218389235	5.276352882385254	0	1
7	6	22	21	-33.365310396320304	4.52721643447876	0	1
8	7	21	20	-12.307159351535766	5.044931888580322	0	1
9	8	20	19	-11.083639098020807	4.609357833862305	0	1
10	9	19	18	-9.181424451825462	5.067472457885742	0	1
11	10	18	17	-41.169144658534684	4.106678009033203	0	1
18	17	42	41	28.185390391522628	3.7263500690460205	1	2
19	18	40	39	19.346130427130277	5.624374866485596	1	2
20	19	40	39	-17.73022098279337	4.147058486938477	1	2
21	20	39	38	-11.390783487400018	5.406086444854736	1	2
22	21	38	37	-12.036732781393487	3.7654058933258057	1	2
23	22	37	36	-11.7561019138185	5.454299449920654	1	2
24	23	36	35	-13.55605905322435	4.2696027755737305	1	2
25	24	35	34	-2.4148764361012858	5.3115973472595215	1	2
33	32	84	83	-22.83511407515537	5.163115978240967	2	3
34	33	83	82	-25.427775368022598	4.829818248748779	2	3
35	34	82	81	-33.69918675554117	4.618368625640869	2	3
36	35	81	80	-16.32037615774175	4.769989490509033	2	3
37	36	80	79	-10.028558018127924	5.1127519607543945	2	3
38	37	79	78	-18.998559823582482	4.6909499168396	2	3
39	38	78	77	-22.90053941827065	5.324892044067383	2	3
40	39	77	76	-11.271664543221807	4.753584861755371	2	3
41	40	76	75	-15.309663633808809	4.931295871734619	2	3
42	41	75	74	-7.360585978965386	4.744337558746338	2	3
43	42	74	73	-24.230269264688083	5.438373565673828	2	3
44	43	73	72	-55.028158946356356	4.497635841369629	2	3
70	69	109	108	14.091964831504992	5.068324565887451	3	4
71	70	109	108	-49.532596219199185	4.237628936767578	3	4
72	71	107	106	31.620782719786895	5.2784810066223145	3	4
73	72	107	106	-16.558742738523364	3.8524014949798584	3	4
74	73	106	105	-11.092367655663642	5.499536991119385	3	4
75	74	105	104	-11.641831666612863	4.6151628494262695	3	4
76	75	104	103	-13.14905891951288	4.911264896392822	3	4
77	76	103	102	-18.73436597536325	4.277277946472168	3	4
78	77	102	101	-11.1757488673045	5.0225934982299805	3	4
79	78	101	100	-10.912167038400394	4.339859485626221	3	4
80	79	99	98	-5.232500026123862	5.49106502532959	3	4
81	80	99	98	-52.16791221908856	4.258434772491455	3	4
82	81	97	96	24.26599121805901	5.470439910888672	3	4
83	82	97	96	-35.14122043330488	4.345684051513672	3	4
84	83	95	94	18.337440307849008	5.319716453552246	3	4
94	93	137	136	-16.55103180925011	5.100539684295654	4	5
95	94	136	135	-20.96061993898717	4.448922634124756	4	5
96	95	135	134	-19.866650928052906	5.029262542724609	4	5
97	96	134	133	-41.45456439525831	4.418512344360352	4	5
98	97	133	132	-10.574934325064515	5.275641441345215	4	5
99	98	132	131	-17.617489578176794	4.367987632751465	4	5
100	99	131	130	-24.217133005969465	5.313982009887695	4	5
101	100	130	129	-31.321124583776015	4.640717029571533	4	5
102	101	129	128	-27.28193614649842	4.586935520172119	4	5
103	102	128	127	-24.840573028926908	4.791778564453125	4	5
104	103	127	126	-12.784434693760364	5.160571098327637	4	5
105	104	126	125	-19.11822422926297	4.778402328491211	4	5
106	105	125	124	-6.598148041159505	5.192914009094238	4	5
107	106	124	123	-4.229640633373085	4.381178855895996	4	5
108	107	122	121	-19.60451571671458	5.448694229125977	4	5
109	108	122	121	27.984636731841846	4.443991184234619	4	5
110	109	121	120	-3.155990400357919	5.597897529602051	4	5
111	110	120	119	-17.988955287563527	4.381968975067139	4	5
120	119	165	164	-49.61335114826782	5.598361492156982	5	6
121	120	165	164	-10.150373092954704	5.386622905731201	5	6
122	121	164	163	-6.146998540261622	4.484623432159424	5	6
123	122	163	162	-18.484750662018765	5.161993026733398	5	6
124	123	162	161	-16.653463346708477	4.392967700958252	5	6
125	124	161	160	-35.36211844983715	5.052473545074463	5	6
126	125	160	159	-26.755033117374015	4.927554607391357	5	6
130	129	155	154	-18.644874351285058	4.173800945281982	5	6
131	130	154	153	-26.676376885193786	5.347187042236328	5	6
132	131	153	152	0.27377105389011974	4.007181644439697	5	6
133	132	151	150	-0.6146164346197599	5.542585372924805	5	6
134	133	151	150	0.8823344160192297	3.7837629318237305	5	6
135	134	150	149	-3.4164704267743415	5.579601764678955	5	6
136	135	149	148	-16.56817609924174	4.607582092285156	5	6
137	136	148	147	-12.971746221790118	4.870029926300049	5	6
138	137	147	146	-15.893041948283342	4.502561092376709	5	6
146	145	204	203	-24.873148378477985	5.38404655456543	6	7
147	146	203	202	-54.78743142969081	4.687185287475586	6	7
148	147	202	201	-14.216755810137972	5.113804340362549	6	7
149	148	201	200	-11.769510932551816	4.833996772766113	6	7
150	149	200	199	-0.29960368210200794	5.078280448913574	6	7
151	150	199	198	4.553041491411885	4.616781711578369	6	7
152	151	198	197	-30.99220405901226	4.873561859130859	6	7
153	152	197	196	-17.531279174080446	4.688538074493408	6	7
199	198	12	11	-45.423937424430534	5.618709564208984	7	0
200	199	12	11	17.766448561321617	5.031635761260986	7	0
201	200	11	10	-52.90503412542381	4.354859352111816	7	0
202	201	9	8	-10.93624362706617	5.368218898773193	7	0
203	202	9	8	9.12572453422666	3.8246982097625732	7	0
204	203	7	6	34.789349243078135	5.655652046203613	7	0
205	204	7	6	-24.609223728769518	4.095825672149658	7	0
