167	166	190	189	21.128428404285266	4.0041022300720215	0	1
168	167	189	188	4.184043590221885	5.442333698272705	0	1
169	168	188	187	-24.8877782531265	4.372458457946777	0	1
170	169	187	186	-0.4696875399862544	5.1901350021362305	0	1
171	170	186	185	-8.92786996360586	4.662752628326416	0	1
172	171	185	184	-17.224772410356668	5.15485954284668	0	1
173	172	184	183	1.2896803441547122	4.390786170959473	0	1
184	183	210	209	-9.80713047118889	4.2684526443481445	1	2
185	184	209	208	-0.8052698596792455	5.2635498046875	1	2
186	185	208	207	2.534108660718306	4.42800760269165	1	2
187	186	207	206	-3.9166785085714166	5.0119709968566895	1	2
188	187	206	205	-4.582764463213874	4.091646671295166	1	2
189	188	204	203	57.148491248329194	5.427205562591553	1	2
190	189	204	203	-10.056850809267733	4.311973571777344	1	2
191	190	203	202	-10.945608353774915	5.53171968460083	1	2
192	191	202	201	2.6179668705337007	4.097508430480957	1	2
193	192	200	199	-7.338353045046875	5.65763521194458	1	2
194	193	200	199	-58.47011800599319	4.051056385040283	1	2
195	194	200	199	33.865017516418696	4.980966567993164	1	2
199	198	244	243	-17.498977581646205	4.946447849273682	2	3
200	199	243	242	-7.798061071915406	4.5977888107299805	2	3
201	200	242	241	-28.459132809591026	4.979857444763184	2	3
202	201	241	240	-8.884019205427176	4.304905414581299	2	3
203	202	240	239	-6.53903439378677	5.184895992279053	2	3
204	203	239	238	-8.352925513423301	4.382698059082031	2	3
205	204	238	237	-16.674199859191067	5.289676189422607	2	3
206	205	237	236	24.29889620587755	4.156716346740723	2	3
207	206	236	235	0.18634260093829277	4.968227386474609	2	3
208	207	235	234	-7.797994875058391	4.778460502624512	2	3
209	208	234	233	3.1962891853888387	5.018154144287109	2	3
210	209	233	232	1.2018929728788947	4.252945423126221	2	3
232	231	263	262	-23.00562994486892	5.579455852508545	3	4
233	232	262	261	1.6682790492072805	4.520024299621582	3	4
234	233	261	260	-14.576516531235185	5.280308723449707	3	4
235	234	260	259	0.4942471047966512	4.372481346130371	3	4
236	235	259	258	1.7162402057125667	5.101599216461182	3	4
237	236	258	257	-1.1859830464648116	4.632821559906006	3	4
238	237	257	256	4.912137494625646	5.279565334320068	3	4
239	238	256	255	-6.475262920090342	4.062657356262207	3	4
240	239	255	254	1.474546853986768	5.598771572113037	3	4
241	240	254	253	-19.606928767694303	4.175184726715088	3	4
242	241	253	252	-12.8195859926898	5.329639434814453	3	4
243	242	252	251	-28.42109175614833	4.577149868011475	3	4
244	243	251	250	-19.660048999313037	5.006364822387695	3	4
249	248	284	283	-3.730757638740368	4.798670291900635	4	5
250	249	283	282	-3.2364417553097113	4.662435531616211	4	5
251	250	282	281	-11.356578277534076	4.993134021759033	4	5
252	251	281	280	-11.652544029860985	4.448525905609131	4	5
253	252	280	279	-3.193384873654268	5.008495330810547	4	5
254	253	279	278	-6.415917734297327	4.302367687225342	4	5
255	254	278	277	-1.5541241171886713	5.219335556030273	4	5
256	255	277	276	-8.82386452852274	4.287699222564697	4	5
257	256	276	275	-17.168261994706512	5.085026264190674	4	5
258	257	275	274	-7.019181082278975	4.537880897521973	4	5
259	258	274	273	-5.231223491583585	4.9272260665893555	4	5
260	259	273	272	-3.844012946432373	4.552826404571533	4	5
261	260	272	271	-13.708866958561865	5.135176658630371	4	5
272	271	302	301	-8.088586507647937	5.207633018493652	5	6
273	272	301	300	-8.564684528679951	4.613334655761719	5	6
274	273	300	299	-10.617274100791862	5.226101398468018	5	6
275	274	299	298	-4.368426720308489	4.580659866333008	5	6
276	275	298	297	-8.798826745074573	5.241125106811523	5	6
277	276	297	296	-15.91013136059098	4.38737678527832	5	6
278	277	296	295	-4.150216381554064	5.555047512054443	5	6
279	278	295	294	4.7916129390961295	4.13222599029541	5	6
280	279	294	293	-6.050163304536238	5.351631164550781	5	6
281	280	293	292	-7.832033184508968	4.233434677124023	5	6
282	281	292	291	-0.8482793978499089	5.2830634117126465	5	6
283	282	291	290	-14.928996724039614	4.489454746246338	5	6
284	283	290	289	-9.094796739167261	5.076279640197754	5	6
290	289	322	321	-18.393345968574586	5.163631439208984	6	7
291	290	321	320	-7.113294386785225	4.373433589935303	6	7
292	291	320	319	7.949450680239479	5.356152057647705	6	7
293	292	319	318	-5.091371858439978	4.209958553314209	6	7
294	293	318	317	-9.789518688717454	5.391225337982178	6	7
295	294	317	316	-17.105400503628953	4.413484573364258	6	7
296	295	316	315	-19.01909179051137	5.263528823852539	6	7
297	296	315	314	11.704509619918857	4.357041358947754	6	7
298	297	314	313	-2.1116041829014813	5.263689041137695	6	7
299	298	313	312	-12.099967171647528	4.404825210571289	6	7
300	299	312	311	-3.881944834579603	5.088189125061035	6	7
301	300	311	310	-18.843570464941262	4.356328964233398	6	7
311	310	344	343	-47.52216033207376	5.618790626525879	7	8
312	311	344	343	-2.073721281621579	5.1395134925842285	7	8
313	312	343	342	-14.995944498883052	4.207596302032471	7	8
314	313	342	341	-6.558317832081928	5.279090404510498	7	8
315	314	341	340	-7.28966993772637	4.535511493682861	7	8
316	315	340	339	-4.326809897944029	5.193504810333252	7	8
317	316	339	338	-6.888880286712009	4.576802730560303	7	8
318	317	338	337	-3.5324851137692126	5.266134262084961	7	8
319	318	337	336	-8.802226725460107	4.208284854888916	7	8
320	319	335	334	26.63498887630221	5.438243389129639	7	8
321	320	335	334	-18.188933948393224	3.9085123538970947	7	8
322	321	334	333	-12.809760534691431	5.491633892059326	7	8
323	322	333	332	-20.512527187221757	4.209000587463379	7	8
324	323	332	331	-16.44222106773998	5.32071590423584	7	8
325	324	331	330	-27.344455301696026	4.674504280090332	7	8
331	330	370	369	3.463718869165315	4.609188556671143	8	9
332	331	369	368	-3.254444466772255	5.116761684417725	8	9
333	332	368	367	-10.952854953802436	4.680791854858398	8	9
334	333	367	366	-6.656011306485679	5.1610002517700195	8	9
335	334	366	365	-18.123525267039483	4.625422954559326	8	9
336	335	365	364	-26.89351296056018	5.213288307189941	8	9
337	336	364	363	-0.039561799261514985	4.317297458648682	8	9
338	337	363	362	-0.06569868518174662	4.932639122009277	8	9
339	338	362	361	-22.95865940282146	4.165832996368408	8	9
340	339	361	360	-8.708653053203255	5.366296291351318	8	9
341	340	360	359	-18.104878120627806	4.5256428718566895	8	9
342	341	359	358	2.6767396127943632	5.50554895401001	8	9
343	342	358	357	-20.823008364588453	4.151352882385254	8	9
362	361	387	386	8.796420918851986	4.2696027755737305	9	10
363	362	386	385	-25.43780912510757	5.578063011169434	9	10
364	363	385	384	-0.7276334530799311	4.330747604370117	9	10
365	364	384	383	-15.739684675509874	5.2723259925842285	9	10
366	365	383	382	7.280179366217284	4.153234481811523	9	10
367	366	381	380	38.771209887317106	5.349730014801025	9	10
368	367	381	380	-22.64412261153719	4.144213676452637	9	10
369	368	380	379	-12.137533662681589	5.29041051864624	9	10
370	369	379	378	-20.100231449943557	4.465117454528809	9	10
371	370	378	377	-16.675178685901525	5.232158184051514	9	10
372	371	377	376	-51.999035285129715	4.104053497314453	9	10
377	376	402	401	-7.966576540455602	4.654934883117676	10	11
378	377	401	400	-13.637948263690786	5.2566914558410645	10	11
379	378	400	399	-27.60131128806241	4.62905216217041	10	11
380	379	399	398	-5.34677192150394	4.854118347167969	10	11
381	380	398	397	5.369016025686338	4.500793933868408	10	11
382	381	397	396	-10.862814777971149	5.3749213218688965	10	11
383	382	396	395	-7.057436948605556	4.104555130004883	10	11
384	383	395	394	-15.897317054702476	5.02979040145874	10	11
385	384	394	393	-27.391453532519453	4.717189788818359	10	11
386	385	393	392	-9.895974200113256	5.2534637451171875	10	11
387	386	392	391	-22.17156577244198	4.033989429473877	10	11
396	395	416	415	-25.09324339051804	5.481906890869141	11	12
398	397	415	414	1.9679462057436392	4.207236289978027	11	12
399	398	414	413	12.919161525357017	5.553767204284668	11	12
400	399	413	412	-23.055812797259406	4.173369884490967	11	12
401	400	412	411	0.9225357144617788	5.27315092086792	11	12
402	401	411	410	-13.362173553030704	4.791870594024658	11	12
403	402	410	409	-21.58666477108424	5.042957305908203	11	12
404	403	409	408	-51.59904269960696	4.523000240325928	11	12
408	407	462	461	-15.209113009871915	5.265511989593506	12	13
409	408	461	460	-28.481899349367414	4.681368350982666	12	13
410	409	460	459	-17.8588594320209	4.920060157775879	12	13
411	410	459	458	-16.255250272676022	4.7625322341918945	12	13
412	411	458	457	-10.879245302327403	4.658985614776611	12	13
413	412	457	456	16.393318294798544	4.320729732513428	12	13
414	413	456	455	-10.87411842586419	5.4622111320495605	12	13
415	414	455	454	-8.819987648941375	4.480172157287598	12	13
416	415	454	453	-26.939824274398948	5.420981407165527	12	13
417	416	453	452	-25.73416331182123	4.446654796600342	12	13
418	417	452	451	-20.218812111690664	5.333809852600098	12	13
419	418	451	450	-15.141263441097191	4.4992146492004395	12	13
420	419	450	449	-20.241843382811258	4.959718227386475	12	13
421	420	449	448	-43.74855743003241	4.202143669128418	12	13
422	421	449	448	133.09430192215459	5.644547462463379	12	13
426	425	443	442	174.45910322815536	4.363255977630615	12	13
427	426	445	444	83.85273377192385	4.557799816131592	12	13
428	427	443	442	50.57372804015707	4.547205448150635	12	13
429	428	443	442	-66.19520086907892	4.819157123565674	12	13
431	430	443	442	-11.076409133381038	5.472254753112793	12	13
432	431	442	441	-11.593645538978112	4.302234649658203	12	13
433	432	441	440	-30.249908428673017	5.503670692443848	12	13
434	433	440	439	-48.85101172495477	4.301077842712402	12	13
440	439	492	491	-25.13675785345352	5.271337985992432	13	14
451	450	484	483	-40.11350443047991	4.838528156280518	13	14
452	451	483	482	-26.50242385450339	5.337738513946533	13	14
453	452	482	481	-8.502176124680053	4.168467998504639	13	14
454	453	481	480	-15.138074889056796	5.340696334838867	13	14
455	454	480	479	4.014268485420669	4.44435453414917	13	14
456	455	479	478	-3.3805151442747894	5.4263916015625	13	14
457	456	478	477	-10.980262195882121	4.2098493576049805	13	14
458	457	477	476	-9.684360305176686	5.443215370178223	13	14
459	458	476	475	-6.163206836621178	3.9750816822052	13	14
460	459	475	474	2.4603829916404574	5.276735305786133	13	14
461	460	474	473	-13.742498186323163	4.398817539215088	13	14
462	461	473	472	5.111331499188957	5.308811187744141	13	14
473	472	536	535	-5.021778521508353	5.221406936645508	14	15
474	473	535	534	18.669039672329678	4.351123332977295	14	15
475	474	534	533	5.589416168164227	5.259250164031982	14	15
476	475	533	532	-13.072515133458545	4.445938587188721	14	15
477	476	532	531	-16.52904302858165	5.209528923034668	14	15
478	477	531	530	-25.71303870215461	4.4842119216918945	14	15
479	478	530	529	-7.646559082987915	5.45119047164917	14	15
480	479	529	528	-14.388937654968592	4.373856544494629	14	15
481	480	528	527	-9.237004810077028	5.085642337799072	14	15
482	481	527	526	-11.812451010193096	4.349661827087402	14	15
483	482	526	525	2.7116069732200603	4.935971736907959	14	15
484	483	525	524	6.716823312098433	4.309542655944824	14	15
485	484	522	521	-19.51800184515187	4.3949503898620605	14	15
486	485	524	523	-61.55390972106604	4.594232559204102	14	15
487	486	522	521	-47.76489390326482	4.790037155151367	14	15
488	487	520	519	22.1651492088282	5.5552873611450195	14	15
489	488	520	519	-69.96518292895172	4.780205726623535	14	15
503	502	518	517	12.319734627597777	5.3524861335754395	14	15
504	503	518	517	-60.01033766920182	4.44891881942749	14	15
505	504	518	517	21.961377039877092	5.327497959136963	14	15
506	505	517	516	-47.61194644225922	5.3706464767456055	14	15
507	506	516	515	-43.44405550185483	4.501993179321289	14	15
526	525	557	556	-49.580817600274194	5.132667064666748	15	16
527	526	556	555	-18.631765466165444	4.692267417907715	15	16
528	527	555	554	-10.664041779170518	5.368810653686523	15	16
529	528	554	553	-12.309072929344685	4.324132919311523	15	16
530	529	553	552	-24.57339780317811	5.479351043701172	15	16
531	530	552	551	16.92121921878229	4.408233642578125	15	16
532	531	551	550	1.6312114273081986	5.261053562164307	15	16
533	532	550	549	-8.503507333517035	4.628687381744385	15	16
534	533	549	548	-7.354827169783448	5.322182655334473	15	16
535	534	548	547	-15.288446380143684	4.126438140869141	15	16
536	535	547	546	-2.7394325738163277	5.2232890129089355	15	16
537	536	546	545	-3.258187802008015	4.256592273712158	15	16
538	537	545	544	-7.544523848407495	5.134274005889893	15	16
539	538	544	543	-32.88990600361156	4.369874954223633	15	16
543	542	580	579	-12.8467221457455	4.414792060852051	16	17
544	543	579	578	-12.31713520865226	4.951096057891846	16	17
545	544	578	577	-17.32865589250383	4.952519416809082	16	17
546	545	577	576	-9.66186393590794	4.524526119232178	16	17
547	546	576	575	-3.064724467806271	5.215664386749268	16	17
548	547	575	574	6.384678971671426	4.247328281402588	16	17
549	548	574	573	-2.6656400322459572	5.228544235229492	16	17
550	549	573	572	-16.32295838989648	4.2242560386657715	16	17
551	550	572	571	-9.687841284059484	4.973562717437744	16	17
552	551	571	570	-17.341278584886904	4.895902156829834	16	17
572	571	597	596	-9.465998205721643	4.824443817138672	17	18
573	572	596	595	4.220657645863453	5.032700061798096	17	18
574	573	595	594	-17.673055251575832	4.950748920440674	17	18
575	574	594	593	1.327339113126193	4.783812999725342	17	18
576	575	593	592	1.5952983725681118	5.312489032745361	17	18
577	576	592	591	-11.745438615437314	4.301584720611572	17	18
578	577	591	590	-0.0279210788142779	5.246832847595215	17	18
579	578	590	589	-31.552735532854417	4.539478302001953	17	18
580	579	589	588	-0.4035067449397155	5.08138370513916	17	18
589	588	620	619	-16.088076050276076	5.249488353729248	18	19
590	589	619	618	-16.84704269314504	4.224513053894043	18	19
591	590	617	616	46.391284063658624	5.589572906494141	18	19
592	591	617	616	-21.4132709642348	4.499026298522949	18	19
593	592	616	615	-23.515674871160854	5.139217853546143	18	19
594	593	615	614	-20.49722454693651	4.410458087921143	18	19
595	594	614	613	-18.415760556473867	5.248423099517822	18	19
596	595	613	612	-25.231321180420895	4.152893543243408	18	19
615	614	635	634	-62.60536874905231	5.451426982879639	19	20
616	615	635	634	-5.4339127562568645	5.0188117027282715	19	20
617	616	634	633	22.50965096548438	4.516708850860596	19	20
618	617	632	631	0.26694766577157536	5.540487766265869	19	20
619	618	632	631	-21.956282385087313	3.8177716732025146	19	20
620	619	630	629	40.40611172142503	5.585574150085449	19	20
621	620	630	629	-21.098679432634565	4.477304935455322	19	20
627	626	662	661	-20.156020272295375	4.673040866851807	20	21
628	627	661	660	-13.766101239756999	4.700618267059326	20	21
629	628	660	659	-20.137069417112578	5.055774688720703	20	21
630	629	659	658	-12.65775128227069	4.923880100250244	20	21
631	630	658	657	-6.611428240694965	4.878184795379639	20	21
632	631	657	656	7.107135095946315	4.486164569854736	20	21
633	632	656	655	-32.065625500054324	5.252890586853027	20	21
634	633	655	654	-34.16437264115093	4.614768028259277	20	21
656	655	173	172	41.5746148149799	5.434849262237549	21	0
657	656	173	172	-17.317909939231143	4.365910053253174	21	0
658	657	172	171	0.34708411002571243	5.411039352416992	21	0
659	658	171	170	-8.903517241478934	4.132184982299805	21	0
660	659	170	169	-8.449048642054878	5.434796333312988	21	0
661	660	169	168	-18.31337534318438	4.472989082336426	21	0
662	661	168	167	-11.988989005219144	5.172626972198486	21	0
167	166	190	189	21.128428404285266	4.0041022300720215	0	1
168	167	189	188	4.184043590221885	5.442333698272705	0	1
169	168	188	187	-24.8877782531265	4.372458457946777	0	1
170	169	187	186	-0.4696875399862544	5.1901350021362305	0	1
171	170	186	185	-8.92786996360586	4.662752628326416	0	1
172	171	185	184	-17.224772410356668	5.15485954284668	0	1
173	172	184	183	1.2896803441547122	4.390786170959473	0	1
184	183	210	209	-9.80713047118889	4.2684526443481445	1	2
185	184	209	208	-0.8052698596792455	5.2635498046875	1	2
186	185	208	207	2.534108660718306	4.42800760269165	1	2
187	186	207	206	-3.9166785085714166	5.0119709968566895	1	2
188	187	206	205	-4.582764463213874	4.091646671295166	1	2
189	188	204	203	57.148491248329194	5.427205562591553	1	2
190	189	204	203	-10.056850809267733	4.311973571777344	1	2
191	190	203	202	-10.945608353774915	5.53171968460083	1	2
192	191	202	201	2.6179668705337007	4.097508430480957	1	2
193	192	200	199	-7.338353045046875	5.65763521194458	1	2
194	193	200	199	-58.47011800599319	4.051056385040283	1	2
195	194	200	199	33.865017516418696	4.980966567993164	1	2
199	198	244	243	-17.498977581646205	4.946447849273682	2	3
200	199	243	242	-7.798061071915406	4.5977888107299805	2	3
201	200	242	241	-28.459132809591026	4.979857444763184	2	3
202	201	241	240	-8.884019205427176	4.304905414581299	2	3
203	202	240	239	-6.53903439378677	5.184895992279053	2	3
204	203	239	238	-8.352925513423301	4.382698059082031	2	3
205	204	238	237	-16.674199859191067	5.289676189422607	2	3
206	205	237	236	24.29889620587755	4.156716346740723	2	3
207	206	236	235	0.18634260093829277	4.968227386474609	2	3
208	207	235	234	-7.797994875058391	4.778460502624512	2	3
209	208	234	233	3.1962891853888387	5.018154144287109	2	3
210	209	233	232	1.2018929728788947	4.252945423126221	2	3
232	231	263	262	-23.00562994486892	5.579455852508545	3	4
233	232	262	261	1.6682790492072805	4.520024299621582	3	4
234	233	261	260	-14.576516531235185	5.280308723449707	3	4
235	234	260	259	0.4942471047966512	4.372481346130371	3	4
236	235	259	258	1.7162402057125667	5.101599216461182	3	4
237	236	258	257	-1.1859830464648116	4.632821559906006	3	4
238	237	257	256	4.912137494625646	5.279565334320068	3	4
239	238	256	255	-6.475262920090342	4.062657356262207	3	4
240	239	255	254	1.474546853986768	5.598771572113037	3	4
241	240	254	253	-19.606928767694303	4.175184726715088	3	4
242	241	253	252	-12.8195859926898	5.329639434814453	3	4
243	242	252	251	-28.42109175614833	4.577149868011475	3	4
244	243	251	250	-19.660048999313037	5.006364822387695	3	4
249	248	284	283	-3.730757638740368	4.798670291900635	4	5
250	249	283	282	-3.2364417553097113	4.662435531616211	4	5
251	250	282	281	-11.356578277534076	4.993134021759033	4	5
252	251	281	280	-11.652544029860985	4.448525905609131	4	5
253	252	280	279	-3.193384873654268	5.008495330810547	4	5
254	253	279	278	-6.415917734297327	4.302367687225342	4	5
255	254	278	277	-1.5541241171886713	5.219335556030273	4	5
256	255	277	276	-8.82386452852274	4.287699222564697	4	5
257	256	276	275	-17.168261994706512	5.085026264190674	4	5
258	257	275	274	-7.019181082278975	4.537880897521973	4	5
259	258	274	273	-5.231223491583585	4.9272260665893555	4	5
260	259	273	272	-3.844012946432373	4.552826404571533	4	5
261	260	272	271	-13.708866958561865	5.135176658630371	4	5
272	271	302	301	-8.088586507647937	5.207633018493652	5	6
273	272	301	300	-8.564684528679951	4.613334655761719	5	6
274	273	300	299	-10.617274100791862	5.226101398468018	5	6
275	274	299	298	-4.368426720308489	4.580659866333008	5	6
276	275	298	297	-8.798826745074573	5.241125106811523	5	6
277	276	297	296	-15.91013136059098	4.38737678527832	5	6
278	277	296	295	-4.150216381554064	5.555047512054443	5	6
279	278	295	294	4.7916129390961295	4.13222599029541	5	6
280	279	294	293	-6.050163304536238	5.351631164550781	5	6
281	280	293	292	-7.832033184508968	4.233434677124023	5	6
282	281	292	291	-0.8482793978499089	5.2830634117126465	5	6
283	282	291	290	-14.928996724039614	4.489454746246338	5	6
284	283	290	289	-9.094796739167261	5.076279640197754	5	6
290	289	322	321	-18.393345968574586	5.163631439208984	6	7
291	290	321	320	-7.113294386785225	4.373433589935303	6	7
292	291	320	319	7.949450680239479	5.356152057647705	6	7
293	292	319	318	-5.091371858439978	4.209958553314209	6	7
294	293	318	317	-9.789518688717454	5.391225337982178	6	7
295	294	317	316	-17.105400503628953	4.413484573364258	6	7
296	295	316	315	-19.01909179051137	5.263528823852539	6	7
297	296	315	314	11.704509619918857	4.357041358947754	6	7
298	297	314	313	-2.1116041829014813	5.263689041137695	6	7
299	298	313	312	-12.099967171647528	4.404825210571289	6	7
300	299	312	311	-3.881944834579603	5.088189125061035	6	7
301	300	311	310	-18.843570464941262	4.356328964233398	6	7
311	310	344	343	-47.52216033207376	5.618790626525879	7	8
312	311	344	343	-2.073721281621579	5.1395134925842285	7	8
313	312	343	342	-14.995944498883052	4.207596302032471	7	8
314	313	342	341	-6.558317832081928	5.279090404510498	7	8
315	314	341	340	-7.28966993772637	4.535511493682861	7	8
316	315	340	339	-4.326809897944029	5.193504810333252	7	8
317	316	339	338	-6.888880286712009	4.576802730560303	7	8
318	317	338	337	-3.5324851137692126	5.266134262084961	7	8
319	318	337	336	-8.802226725460107	4.208284854888916	7	8
320	319	335	334	26.63498887630221	5.438243389129639	7	8
321	320	335	334	-18.188933948393224	3.9085123538970947	7	8
322	321	334	333	-12.809760534691431	5.491633892059326	7	8
323	322	333	332	-20.512527187221757	4.209000587463379	7	8
324	323	332	331	-16.44222106773998	5.32071590423584	7	8
325	324	331	330	-27.344455301696026	4.674504280090332	7	8
331	330	370	369	3.463718869165315	4.609188556671143	8	9
332	331	369	368	-3.254444466772255	5.116761684417725	8	9
333	332	368	367	-10.952854953802436	4.680791854858398	8	9
334	333	367	366	-6.656011306485679	5.1610002517700195	8	9
335	334	366	365	-18.123525267039483	4.625422954559326	8	9
336	335	365	364	-26.89351296056018	5.213288307189941	8	9
337	336	364	363	-0.039561799261514985	4.317297458648682	8	9
338	337	363	362	-0.06569868518174662	4.932639122009277	8	9
339	338	362	361	-22.95865940282146	4.165832996368408	8	9
340	339	361	360	-8.708653053203255	5.366296291351318	8	9
341	340	360	359	-18.104878120627806	4.5256428718566895	8	9
342	341	359	358	2.6767396127943632	5.50554895401001	8	9
343	342	358	357	-20.823008364588453	4.151352882385254	8	9
362	361	387	386	8.796420918851986	4.2696027755737305	9	10
363	362	386	385	-25.43780912510757	5.578063011169434	9	10
364	363	385	384	-0.7276334530799311	4.330747604370117	9	10
365	364	384	383	-15.739684675509874	5.2723259925842285	9	10
366	365	383	382	7.280179366217284	4.153234481811523	9	10
367	366	381	380	38.771209887317106	5.349730014801025	9	10
368	367	381	380	-22.64412261153719	4.144213676452637	9	10
369	368	380	379	-12.137533662681589	5.29041051864624	9	10
370	369	379	378	-20.100231449943557	4.465117454528809	9	10
371	370	378	377	-16.675178685901525	5.232158184051514	9	10
372	371	377	376	-51.999035285129715	4.104053497314453	9	10
377	376	402	401	-7.966576540455602	4.654934883117676	10	11
378	377	401	400	-13.637948263690786	5.2566914558410645	10	11
379	378	400	399	-27.60131128806241	4.62905216217041	10	11
380	379	399	398	-5.34677192150394	4.854118347167969	10	11
381	380	398	397	5.369016025686338	4.500793933868408	10	11
382	381	397	396	-10.862814777971149	5.3749213218688965	10	11
383	382	396	395	-7.057436948605556	4.104555130004883	10	11
384	383	395	394	-15.897317054702476	5.02979040145874	10	11
385	384	394	393	-27.391453532519453	4.717189788818359	10	11
386	385	393	392	-9.895974200113256	5.2534637451171875	10	11
387	386	392	391	-22.17156577244198	4.033989429473877	10	11
396	395	416	415	-25.09324339051804	5.481906890869141	11	12
398	397	415	414	1.9679462057436392	4.207236289978027	11	12
399	398	414	413	12.919161525357017	5.553767204284668	11	12
400	399	413	412	-23.055812797259406	4.173369884490967	11	12
401	400	412	411	0.9225357144617788	5.27315092086792	11	12
402	401	411	410	-13.362173553030704	4.791870594024658	11	12
403	402	410	409	-21.58666477108424	5.042957305908203	11	12
404	403	409	408	-51.59904269960696	4.523000240325928	11	12
408	407	462	461	-15.209113009871915	5.265511989593506	12	13
409	408	461	460	-28.481899349367414	4.681368350982666	12	13
410	409	460	459	-17.8588594320209	4.920060157775879	12	13
411	410	459	458	-16.255250272676022	4.7625322341918945	12	13
412	411	458	457	-10.879245302327403	4.658985614776611	12	13
413	412	457	456	16.393318294798544	4.320729732513428	12	13
414	413	456	455	-10.87411842586419	5.4622111320495605	12	13
415	414	455	454	-8.819987648941375	4.480172157287598	12	13
416	415	454	453	-26.939824274398948	5.420981407165527	12	13
417	416	453	452	-25.73416331182123	4.446654796600342	12	13
418	417	452	451	-20.218812111690664	5.333809852600098	12	13
419	418	451	450	-15.141263441097191	4.4992146492004395	12	13
420	419	450	449	-20.241843382811258	4.959718227386475	12	13
421	420	449	448	-43.74855743003241	4.202143669128418	12	13
422	421	449	448	133.09430192215459	5.644547462463379	12	13
426	425	443	442	174.45910322815536	4.363255977630615	12	13
427	426	445	444	83.85273377192385	4.557799816131592	12	13
428	427	443	442	50.57372804015707	4.547205448150635	12	13
429	428	443	442	-66.19520086907892	4.819157123565674	12	13
431	430	443	442	-11.076409133381038	5.472254753112793	12	13
432	431	442	441	-11.593645538978112	4.302234649658203	12	13
433	432	441	440	-30.249908428673017	5.503670692443848	12	13
434	433	440	439	-48.85101172495477	4.301077842712402	12	13
440	439	492	491	-25.13675785345352	5.271337985992432	13	14
451	450	484	483	-40.11350443047991	4.838528156280518	13	14
452	451	483	482	-26.50242385450339	5.337738513946533	13	14
453	452	482	481	-8.502176124680053	4.168467998504639	13	14
454	453	481	480	-15.138074889056796	5.340696334838867	13	14
455	454	480	479	4.014268485420669	4.44435453414917	13	14
456	455	479	478	-3.3805151442747894	5.4263916015625	13	14
457	456	478	477	-10.980262195882121	4.2098493576049805	13	14
458	457	477	476	-9.684360305176686	5.443215370178223	13	14
459	458	476	475	-6.163206836621178	3.9750816822052	13	14
460	459	475	474	2.4603829916404574	5.276735305786133	13	14
461	460	474	473	-13.742498186323163	4.398817539215088	13	14
462	461	473	472	5.111331499188957	5.308811187744141	13	14
473	472	536	535	-5.021778521508353	5.221406936645508	14	15
474	473	535	534	18.669039672329678	4.351123332977295	14	15
475	474	534	533	5.589416168164227	5.259250164031982	14	15
476	475	533	532	-13.072515133458545	4.445938587188721	14	15
477	476	532	531	-16.52904302858165	5.209528923034668	14	15
478	477	531	530	-25.71303870215461	4.4842119216918945	14	15
479	478	530	529	-7.646559082987915	5.45119047164917	14	15
480	479	529	528	-14.388937654968592	4.373856544494629	14	15
481	480	528	527	-9.237004810077028	5.085642337799072	14	15
482	481	527	526	-11.812451010193096	4.349661827087402	14	15
483	482	526	525	2.7116069732200603	4.935971736907959	14	15
484	483	525	524	6.716823312098433	4.309542655944824	14	15
485	484	522	521	-19.51800184515187	4.3949503898620605	14	15
486	485	524	523	-61.55390972106604	4.594232559204102	14	15
487	486	522	521	-47.76489390326482	4.790037155151367	14	15
488	487	520	519	22.1651492088282	5.5552873611450195	14	15
489	488	520	519	-69.96518292895172	4.780205726623535	14	15
503	502	518	517	12.319734627597777	5.3524861335754395	14	15
504	503	518	517	-60.01033766920182	4.44891881942749	14	15
505	504	518	517	21.961377039877092	5.327497959136963	14	15
506	505	517	516	-47.61194644225922	5.3706464767456055	14	15
507	506	516	515	-43.44405550185483	4.501993179321289	14	15
526	525	557	556	-49.580817600274194	5.132667064666748	15	16
527	526	556	555	-18.631765466165444	4.692267417907715	15	16
528	527	555	554	-10.664041779170518	5.368810653686523	15	16
529	528	554	553	-12.309072929344685	4.324132919311523	15	16
530	529	553	552	-24.57339780317811	5.479351043701172	15	16
531	530	552	551	16.92121921878229	4.408233642578125	15	16
532	531	551	550	1.6312114273081986	5.261053562164307	15	16
533	532	550	549	-8.503507333517035	4.628687381744385	15	16
534	533	549	548	-7.354827169783448	5.322182655334473	15	16
535	534	548	547	-15.288446380143684	4.126438140869141	15	16
536	535	547	546	-2.7394325738163277	5.2232890129089355	15	16
537	536	546	545	-3.258187802008015	4.256592273712158	15	16
538	537	545	544	-7.544523848407495	5.134274005889893	15	16
539	538	544	543	-32.88990600361156	4.369874954223633	15	16
543	542	580	579	-12.8467221457455	4.414792060852051	16	17
544	543	579	578	-12.31713520865226	4.951096057891846	16	17
545	544	578	577	-17.32865589250383	4.952519416809082	16	17
546	545	577	576	-9.66186393590794	4.524526119232178	16	17
547	546	576	575	-3.064724467806271	5.215664386749268	16	17
548	547	575	574	6.384678971671426	4.247328281402588	16	17
549	548	574	573	-2.6656400322459572	5.228544235229492	16	17
550	549	573	572	-16.32295838989648	4.2242560386657715	16	17
551	550	572	571	-9.687841284059484	4.973562717437744	16	17
552	551	571	570	-17.341278584886904	4.895902156829834	16	17
572	571	597	596	-9.465998205721643	4.824443817138672	17	18
573	572	596	595	4.220657645863453	5.032700061798096	17	18
574	573	595	594	-17.673055251575832	4.950748920440674	17	18
575	574	594	593	1.327339113126193	4.783812999725342	17	18
576	575	593	592	1.5952983725681118	5.312489032745361	17	18
577	576	592	591	-11.745438615437314	4.301584720611572	17	18
578	577	591	590	-0.0279210788142779	5.246832847595215	17	18
579	578	590	589	-31.552735532854417	4.539478302001953	17	18
580	579	589	588	-0.4035067449397155	5.08138370513916	17	18
589	588	620	619	-16.088076050276076	5.249488353729248	18	19
590	589	619	618	-16.84704269314504	4.224513053894043	18	19
591	590	617	616	46.391284063658624	5.589572906494141	18	19
592	591	617	616	-21.4132709642348	4.499026298522949	18	19
593	592	616	615	-23.515674871160854	5.139217853546143	18	19
594	593	615	614	-20.49722454693651	4.410458087921143	18	19
595	594	614	613	-18.415760556473867	5.248423099517822	18	19
596	595	613	612	-25.231321180420895	4.152893543243408	18	19
615	614	635	634	-62.60536874905231	5.451426982879639	19	20
616	615	635	634	-5.4339127562568645	5.0188117027282715	19	20
617	616	634	633	22.50965096548438	4.516708850860596	19	20
618	617	632	631	0.26694766577157536	5.540487766265869	19	20
619	618	632	631	-21.956282385087313	3.8177716732025146	19	20
620	619	630	629	40.40611172142503	5.585574150085449	19	20
621	620	630	629	-21.098679432634565	4.477304935455322	19	20
627	626	662	661	-20.156020272295375	4.673040866851807	20	21
628	627	661	660	-13.766101239756999	4.700618267059326	20	21
629	628	660	659	-20.137069417112578	5.055774688720703	20	21
630	629	659	658	-12.65775128227069	4.923880100250244	20	21
631	630	658	657	-6.611428240694965	4.878184795379639	20	21
632	631	657	656	7.107135095946315	4.486164569854736	20	21
633	632	656	655	-32.065625500054324	5.252890586853027	20	21
634	633	655	654	-34.16437264115093	4.614768028259277	20	21
656	655	173	172	41.5746148149799	5.434849262237549	21	0
657	656	173	172	-17.317909939231143	4.365910053253174	21	0
658	657	172	171	0.34708411002571243	5.411039352416992	21	0
659	658	171	170	-8.903517241478934	4.132184982299805	21	0
660	659	170	169	-8.449048642054878	5.434796333312988	21	0
661	660	169	168	-18.31337534318438	4.472989082336426	21	0
662	661	168	167	-11.988989005219144	5.172626972198486	21	0
167	166	190	189	21.128428404285266	4.0041022300720215	0	1
168	167	189	188	4.184043590221885	5.442333698272705	0	1
169	168	188	187	-24.8877782531265	4.372458457946777	0	1
170	169	187	186	-0.4696875399862544	5.1901350021362305	0	1
171	170	186	185	-8.92786996360586	4.662752628326416	0	1
172	171	185	184	-17.224772410356668	5.15485954284668	0	1
173	172	184	183	1.2896803441547122	4.390786170959473	0	1
184	183	210	209	-9.80713047118889	4.2684526443481445	1	2
185	184	209	208	-0.8052698596792455	5.2635498046875	1	2
186	185	208	207	2.534108660718306	4.42800760269165	1	2
187	186	207	206	-3.9166785085714166	5.0119709968566895	1	2
188	187	206	205	-4.582764463213874	4.091646671295166	1	2
189	188	204	203	57.148491248329194	5.427205562591553	1	2
190	189	204	203	-10.056850809267733	4.311973571777344	1	2
191	190	203	202	-10.945608353774915	5.53171968460083	1	2
192	191	202	201	2.6179668705337007	4.097508430480957	1	2
193	192	200	199	-7.338353045046875	5.65763521194458	1	2
194	193	200	199	-58.47011800599319	4.051056385040283	1	2
195	194	200	199	33.865017516418696	4.980966567993164	1	2
199	198	244	243	-17.498977581646205	4.946447849273682	2	3
200	199	243	242	-7.798061071915406	4.5977888107299805	2	3
201	200	242	241	-28.459132809591026	4.979857444763184	2	3
202	201	241	240	-8.884019205427176	4.304905414581299	2	3
203	202	240	239	-6.53903439378677	5.184895992279053	2	3
204	203	239	238	-8.352925513423301	4.382698059082031	2	3
205	204	238	237	-16.674199859191067	5.289676189422607	2	3
206	205	237	236	24.29889620587755	4.156716346740723	2	3
207	206	236	235	0.18634260093829277	4.968227386474609	2	3
208	207	235	234	-7.797994875058391	4.778460502624512	2	3
209	208	234	233	3.1962891853888387	5.018154144287109	2	3
210	209	233	232	1.2018929728788947	4.252945423126221	2	3
232	231	263	262	-23.00562994486892	5.579455852508545	3	4
233	232	262	261	1.6682790492072805	4.520024299621582	3	4
234	233	261	260	-14.576516531235185	5.280308723449707	3	4
235	234	260	259	0.4942471047966512	4.372481346130371	3	4
236	235	259	258	1.7162402057125667	5.101599216461182	3	4
237	236	258	257	-1.1859830464648116	4.632821559906006	3	4
238	237	257	256	4.912137494625646	5.279565334320068	3	4
239	238	256	255	-6.475262920090342	4.062657356262207	3	4
240	239	255	254	1.474546853986768	5.598771572113037	3	4
241	240	254	253	-19.606928767694303	4.175184726715088	3	4
242	241	253	252	-12.8195859926898	5.329639434814453	3	4
243	242	252	251	-28.42109175614833	4.577149868011475	3	4
244	243	251	250	-19.660048999313037	5.006364822387695	3	4
249	248	284	283	-3.730757638740368	4.798670291900635	4	5
250	249	283	282	-3.2364417553097113	4.662435531616211	4	5
251	250	282	281	-11.356578277534076	4.993134021759033	4	5
252	251	281	280	-11.652544029860985	4.448525905609131	4	5
253	252	280	279	-3.193384873654268	5.008495330810547	4	5
254	253	279	278	-6.415917734297327	4.302367687225342	4	5
255	254	278	277	-1.5541241171886713	5.219335556030273	4	5
256	255	277	276	-8.82386452852274	4.287699222564697	4	5
257	256	276	275	-17.168261994706512	5.085026264190674	4	5
258	257	275	274	-7.019181082278975	4.537880897521973	4	5
259	258	274	273	-5.231223491583585	4.9272260665893555	4	5
260	259	273	272	-3.844012946432373	4.552826404571533	4	5
261	260	272	271	-13.708866958561865	5.135176658630371	4	5
272	271	302	301	-8.088586507647937	5.207633018493652	5	6
273	272	301	300	-8.564684528679951	4.613334655761719	5	6
274	273	300	299	-10.617274100791862	5.226101398468018	5	6
275	274	299	298	-4.368426720308489	4.580659866333008	5	6
276	275	298	297	-8.798826745074573	5.241125106811523	5	6
277	276	297	296	-15.91013136059098	4.38737678527832	5	6
278	277	296	295	-4.150216381554064	5.555047512054443	5	6
279	278	295	294	4.7916129390961295	4.13222599029541	5	6
280	279	294	293	-6.050163304536238	5.351631164550781	5	6
281	280	293	292	-7.832033184508968	4.233434677124023	5	6
282	281	292	291	-0.8482793978499089	5.2830634117126465	5	6
283	282	291	290	-14.928996724039614	4.489454746246338	5	6
284	283	290	289	-9.094796739167261	5.076279640197754	5	6
290	289	322	321	-18.393345968574586	5.163631439208984	6	7
291	290	321	320	-7.113294386785225	4.373433589935303	6	7
292	291	320	319	7.949450680239479	5.356152057647705	6	7
293	292	319	318	-5.091371858439978	4.209958553314209	6	7
294	293	318	317	-9.789518688717454	5.391225337982178	6	7
295	294	317	316	-17.105400503628953	4.413484573364258	6	7
296	295	316	315	-19.01909179051137	5.263528823852539	6	7
297	296	315	314	11.704509619918857	4.357041358947754	6	7
298	297	314	313	-2.1116041829014813	5.263689041137695	6	7
299	298	313	312	-12.099967171647528	4.404825210571289	6	7
300	299	312	311	-3.881944834579603	5.088189125061035	6	7
301	300	311	310	-18.843570464941262	4.356328964233398	6	7
311	310	344	343	-47.52216033207376	5.618790626525879	7	8
312	311	344	343	-2.073721281621579	5.1395134925842285	7	8
313	312	343	342	-14.995944498883052	4.207596302032471	7	8
314	313	342	341	-6.558317832081928	5.279090404510498	7	8
315	314	341	340	-7.28966993772637	4.535511493682861	7	8
316	315	340	339	-4.326809897944029	5.193504810333252	7	8
317	316	339	338	-6.888880286712009	4.576802730560303	7	8
318	317	338	337	-3.5324851137692126	5.266134262084961	7	8
319	318	337	336	-8.802226725460107	4.208284854888916	7	8
320	319	335	334	26.63498887630221	5.438243389129639	7	8
321	320	335	334	-18.188933948393224	3.9085123538970947	7	8
322	321	334	333	-12.809760534691431	5.491633892059326	7	8
323	322	333	332	-20.512527187221757	4.209000587463379	7	8
324	323	332	331	-16.44222106773998	5.32071590423584	7	8
325	324	331	330	-27.344455301696026	4.674504280090332	7	8
331	330	370	369	3.463718869165315	4.609188556671143	8	9
332	331	369	368	-3.254444466772255	5.116761684417725	8	9
333	332	368	367	-10.952854953802436	4.680791854858398	8	9
334	333	367	366	-6.656011306485679	5.1610002517700195	8	9
335	334	366	365	-18.123525267039483	4.625422954559326	8	9
336	335	365	364	-26.89351296056018	5.213288307189941	8	9
337	336	364	363	-0.039561799261514985	4.317297458648682	8	9
338	337	363	362	-0.06569868518174662	4.932639122009277	8	9
339	338	362	361	-22.95865940282146	4.165832996368408	8	9
340	339	361	360	-8.708653053203255	5.366296291351318	8	9
341	340	360	359	-18.104878120627806	4.5256428718566895	8	9
342	341	359	358	2.6767396127943632	5.50554895401001	8	9
343	342	358	357	-20.823008364588453	4.151352882385254	8	9
362	361	387	386	8.796420918851986	4.2696027755737305	9	10
363	362	386	385	-25.43780912510757	5.578063011169434	9	10
364	363	385	384	-0.7276334530799311	4.330747604370117	9	10
365	364	384	383	-15.739684675509874	5.2723259925842285	9	10
366	365	383	382	7.280179366217284	4.153234481811523	9	10
367	366	381	380	38.771209887317106	5.349730014801025	9	10
368	367	381	380	-22.64412261153719	4.144213676452637	9	10
369	368	380	379	-12.137533662681589	5.29041051864624	9	10
370	369	379	378	-20.100231449943557	4.465117454528809	9	10
371	370	378	377	-16.675178685901525	5.232158184051514	9	10
372	371	377	376	-51.999035285129715	4.104053497314453	9	10
377	376	402	401	-7.966576540455602	4.654934883117676	10	11
378	377	401	400	-13.637948263690786	5.2566914558410645	10	11
379	378	400	399	-27.60131128806241	4.62905216217041	10	11
380	379	399	398	-5.34677192150394	4.854118347167969	10	11
381	380	398	397	5.369016025686338	4.500793933868408	10	11
382	381	397	396	-10.862814777971149	5.3749213218688965	10	11
383	382	396	395	-7.057436948605556	4.104555130004883	10	11
384	383	395	394	-15.897317054702476	5.02979040145874	10	11
385	384	394	393	-27.391453532519453	4.717189788818359	10	11
386	385	393	392	-9.895974200113256	5.2534637451171875	10	11
387	386	392	391	-22.17156577244198	4.033989429473877	10	11
396	395	416	415	-25.09324339051804	5.481906890869141	11	12
398	397	415	414	1.9679462057436392	4.207236289978027	11	12
399	398	414	413	12.919161525357017	5.553767204284668	11	12
400	399	413	412	-23.055812797259406	4.173369884490967	11	12
401	400	412	411	0.9225357144617788	5.27315092086792	11	12
402	401	411	410	-13.362173553030704	4.791870594024658	11	12
403	402	410	409	-21.58666477108424	5.042957305908203	11	12
404	403	409	408	-51.59904269960696	4.523000240325928	11	12
408	407	462	461	-15.209113009871915	5.265511989593506	12	13
409	408	461	460	-28.481899349367414	4.681368350982666	12	13
410	409	460	459	-17.8588594320209	4.920060157775879	12	13
411	410	459	458	-16.255250272676022	4.7625322341918945	12	13
412	411	458	457	-10.879245302327403	4.658985614776611	12	13
413	412	457	456	16.393318294798544	4.320729732513428	12	13
414	413	456	455	-10.87411842586419	5.4622111320495605	12	13
415	414	455	454	-8.819987648941375	4.480172157287598	12	13
416	415	454	453	-26.939824274398948	5.420981407165527	12	13
417	416	453	452	-25.73416331182123	4.446654796600342	12	13
418	417	452	451	-20.218812111690664	5.333809852600098	12	13
419	418	451	450	-15.141263441097191	4.4992146492004395	12	13
420	419	450	449	-20.241843382811258	4.959718227386475	12	13
421	420	449	448	-43.74855743003241	4.202143669128418	12	13
422	421	449	448	133.09430192215459	5.644547462463379	12	13
426	425	443	442	174.45910322815536	4.363255977630615	12	13
427	426	445	444	83.85273377192385	4.557799816131592	12	13
428	427	443	442	50.57372804015707	4.547205448150635	12	13
429	428	443	442	-66.19520086907892	4.819157123565674	12	13
431	430	443	442	-11.076409133381038	5.472254753112793	12	13
432	431	442	441	-11.593645538978112	4.302234649658203	12	13
433	432	441	440	-30.249908428673017	5.503670692443848	12	13
434	433	440	439	-48.85101172495477	4.301077842712402	12	13
440	439	492	491	-25.13675785345352	5.271337985992432	13	14
451	450	484	483	-40.11350443047991	4.838528156280518	13	14
452	451	483	482	-26.50242385450339	5.337738513946533	13	14
453	452	482	481	-8.502176124680053	4.168467998504639	13	14
454	453	481	480	-15.138074889056796	5.340696334838867	13	14
455	454	480	479	4.014268485420669	4.44435453414917	13	14
456	455	479	478	-3.3805151442747894	5.4263916015625	13	14
457	456	478	477	-10.980262195882121	4.2098493576049805	13	14
458	457	477	476	-9.684360305176686	5.443215370178223	13	14
459	458	476	475	-6.163206836621178	3.9750816822052	13	14
460	459	475	474	2.4603829916404574	5.276735305786133	13	14
461	460	474	473	-13.742498186323163	4.398817539215088	13	14
462	461	473	472	5.111331499188957	5.308811187744141	13	14
473	472	536	535	-5.021778521508353	5.221406936645508	14	15
474	473	535	534	18.669039672329678	4.351123332977295	14	15
475	474	534	533	5.589416168164227	5.259250164031982	14	15
476	475	533	532	-13.072515133458545	4.445938587188721	14	15
477	476	532	531	-16.52904302858165	5.209528923034668	14	15
478	477	531	530	-25.71303870215461	4.4842119216918945	14	15
479	478	530	529	-7.646559082987915	5.45119047164917	14	15
480	479	529	528	-14.388937654968592	4.373856544494629	14	15
481	480	528	527	-9.237004810077028	5.085642337799072	14	15
482	481	527	526	-11.812451010193096	4.349661827087402	14	15
483	482	526	525	2.7116069732200603	4.935971736907959	14	15
484	483	525	524	6.716823312098433	4.309542655944824	14	15
485	484	522	521	-19.51800184515187	4.3949503898620605	14	15
486	485	524	523	-61.55390972106604	4.594232559204102	14	15
487	486	522	521	-47.76489390326482	4.790037155151367	14	15
488	487	520	519	22.1651492088282	5.5552873611450195	14	15
489	488	520	519	-69.96518292895172	4.780205726623535	14	15
503	502	518	517	12.319734627597777	5.3524861335754395	14	15
504	503	518	517	-60.01033766920182	4.44891881942749	14	15
505	504	518	517	21.961377039877092	5.327497959136963	14	15
506	505	517	516	-47.61194644225922	5.3706464767456055	14	15
507	506	516	515	-43.44405550185483	4.501993179321289	14	15
526	525	557	556	-49.580817600274194	5.132667064666748	15	16
527	526	556	555	-18.631765466165444	4.692267417907715	15	16
528	527	555	554	-10.664041779170518	5.368810653686523	15	16
529	528	554	553	-12.309072929344685	4.324132919311523	15	16
530	529	553	552	-24.57339780317811	5.479351043701172	15	16
531	530	552	551	16.92121921878229	4.408233642578125	15	16
532	531	551	550	1.6312114273081986	5.261053562164307	15	16
533	532	550	549	-8.503507333517035	4.628687381744385	15	16
534	533	549	548	-7.354827169783448	5.322182655334473	15	16
535	534	548	547	-15.288446380143684	4.126438140869141	15	16
536	535	547	546	-2.7394325738163277	5.2232890129089355	15	16
537	536	546	545	-3.258187802008015	4.256592273712158	15	16
538	537	545	544	-7.544523848407495	5.134274005889893	15	16
539	538	544	543	-32.88990600361156	4.369874954223633	15	16
543	542	580	579	-12.8467221457455	4.414792060852051	16	17
544	543	579	578	-12.31713520865226	4.951096057891846	16	17
545	544	578	577	-17.32865589250383	4.952519416809082	16	17
546	545	577	576	-9.66186393590794	4.524526119232178	16	17
547	546	576	575	-3.064724467806271	5.215664386749268	16	17
548	547	575	574	6.384678971671426	4.247328281402588	16	17
549	548	574	573	-2.6656400322459572	5.228544235229492	16	17
550	549	573	572	-16.32295838989648	4.2242560386657715	16	17
551	550	572	571	-9.687841284059484	4.973562717437744	16	17
552	551	571	570	-17.341278584886904	4.895902156829834	16	17
572	571	597	596	-9.465998205721643	4.824443817138672	17	18
573	572	596	595	4.220657645863453	5.032700061798096	17	18
574	573	595	594	-17.673055251575832	4.950748920440674	17	18
575	574	594	593	1.327339113126193	4.783812999725342	17	18
576	575	593	592	1.5952983725681118	5.312489032745361	17	18
577	576	592	591	-11.745438615437314	4.301584720611572	17	18
578	577	591	590	-0.0279210788142779	5.246832847595215	17	18
579	578	590	589	-31.552735532854417	4.539478302001953	17	18
580	579	589	588	-0.4035067449397155	5.08138370513916	17	18
589	588	620	619	-16.088076050276076	5.249488353729248	18	19
590	589	619	618	-16.84704269314504	4.224513053894043	18	19
591	590	617	616	46.391284063658624	5.589572906494141	18	19
592	591	617	616	-21.4132709642348	4.499026298522949	18	19
593	592	616	615	-23.515674871160854	5.139217853546143	18	19
594	593	615	614	-20.49722454693651	4.410458087921143	18	19
595	594	614	613	-18.415760556473867	5.248423099517822	18	19
596	595	613	612	-25.231321180420895	4.152893543243408	18	19
615	614	635	634	-62.60536874905231	5.451426982879639	19	20
616	615	635	634	-5.4339127562568645	5.0188117027282715	19	20
617	616	634	633	22.50965096548438	4.516708850860596	19	20
618	617	632	631	0.26694766577157536	5.540487766265869	19	20
619	618	632	631	-21.956282385087313	3.8177716732025146	19	20
620	619	630	629	40.40611172142503	5.585574150085449	19	20
621	620	630	629	-21.098679432634565	4.477304935455322	19	20
627	626	662	661	-20.156020272295375	4.673040866851807	20	21
628	627	661	660	-13.766101239756999	4.700618267059326	20	21
629	628	660	659	-20.137069417112578	5.055774688720703	20	21
630	629	659	658	-12.65775128227069	4.923880100250244	20	21
631	630	658	657	-6.611428240694965	4.878184795379639	20	21
632	631	657	656	7.107135095946315	4.486164569854736	20	21
633	632	656	655	-32.065625500054324	5.252890586853027	20	21
634	633	655	654	-34.16437264115093	4.614768028259277	20	21
656	655	173	172	41.5746148149799	5.434849262237549	21	0
657	656	173	172	-17.317909939231143	4.365910053253174	21	0
658	657	172	171	0.34708411002571243	5.411039352416992	21	0
659	658	171	170	-8.903517241478934	4.132184982299805	21	0
660	659	170	169	-8.449048642054878	5.434796333312988	21	0
661	660	169	168	-18.31337534318438	4.472989082336426	21	0
662	661	168	167	-11.988989005219144	5.172626972198486	21	0
