6	5	41	40	-11.657428807131783	5.372321128845215	0	1
7	6	40	39	-18.6330555527725	4.4626688957214355	0	1
39	38	53	52	-15.522925547810047	5.3509202003479	1	2
40	39	52	51	-13.856228897383366	4.474976539611816	1	2
41	40	51	50	-10.03407743193686	5.092378616333008	1	2
42	41	50	49	-9.83743076757986	4.925003528594971	1	2
6	5	41	40	-11.657428807131783	5.372321128845215	0	1
7	6	40	39	-18.6330555527725	4.4626688957214355	0	1
39	38	53	52	-15.522925547810047	5.3509202003479	1	2
40	39	52	51	-13.856228897383366	4.474976539611816	1	2
41	40	51	50	-10.03407743193686	5.092378616333008	1	2
42	41	50	49	-9.83743076757986	4.925003528594971	1	2
