17	16	59	58	-39.32205693548234	5.037093162536621	0	1
18	17	58	57	-19.624684134560756	5.143890380859375	0	1
19	18	57	56	-38.14295031754721	4.502358913421631	0	1
20	19	56	55	-41.42030047105048	5.356493949890137	0	1
21	20	55	54	-106.22265982794734	4.94285774230957	0	1
27	26	53	52	57.698589965608086	5.265617370605469	0	1
28	27	53	52	-23.652190111049123	4.49850606918335	0	1
29	28	52	51	-11.19444060394092	5.5224151611328125	0	1
30	29	51	50	-25.46179125340477	4.879157543182373	0	1
51	50	74	73	-14.610450075815187	4.797557830810547	1	2
52	51	73	72	-12.602064196955284	4.932070255279541	1	2
53	52	72	71	-42.17566423819863	4.290119647979736	1	2
54	53	71	70	-3.2931344384906898	5.642599582672119	1	2
55	54	70	69	0.35916691588268723	4.2917351722717285	1	2
56	55	69	68	-29.1662814782048	5.223771095275879	1	2
57	56	68	67	-60.874728883355644	4.296340465545654	1	2
58	57	68	67	0.8588581506094798	5.072353363037109	1	2
68	67	94	93	-46.222082756558905	5.240539073944092	2	3
69	68	94	93	-24.263584585733987	5.272618293762207	2	3
70	69	93	92	-24.669360148571197	4.524240970611572	2	3
71	70	91	90	-6.6492878246211164	5.478063583374023	2	3
72	71	91	90	18.64454343703425	3.9992480278015137	2	3
73	72	90	89	-9.916574869646	5.470389366149902	2	3
74	73	89	88	-21.4430861029719	4.350639343261719	2	3
75	74	88	87	-24.951721028545215	5.128920555114746	2	3
76	75	87	86	-53.91644944380291	4.368463039398193	2	3
77	76	87	86	23.30404156500341	5.215246200561523	2	3
78	77	86	85	-14.838706026732881	5.29959774017334	2	3
79	78	85	84	-41.717728775043454	4.352251052856445	2	3
85	84	109	108	-43.729155630618486	5.359441757202148	3	4
86	85	109	108	-13.37834437259611	5.441148281097412	3	4
87	86	108	107	-16.34392233398572	4.552581787109375	3	4
88	87	107	106	-35.04021863274729	5.074460029602051	3	4
89	88	106	105	-61.02742304771738	4.872179985046387	3	4
90	89	105	104	7.193884485009092	5.373074054718018	3	4
91	90	104	103	-7.457192491174329	4.737425327301025	3	4
92	91	103	102	-27.611024153975947	5.620207786560059	3	4
93	92	102	101	-18.17967991923371	4.2068257331848145	3	4
94	93	101	100	-5.170990322604852	5.192105770111084	3	4
101	100	120	119	21.178076726333316	5.200920581817627	4	5
102	101	120	119	-44.1262147262985	4.257545471191406	4	5
103	102	118	117	-54.7486265909854	5.478541851043701	4	5
104	103	117	116	-24.893243226936086	4.608771324157715	4	5
105	104	116	115	-44.091297870769814	5.2693071365356445	4	5
106	105	115	114	32.69657739290046	4.707338809967041	4	5
114	113	133	132	-36.999639041173985	5.325225830078125	5	6
115	114	132	131	-35.02863323431081	4.582282066345215	5	6
116	115	131	130	-30.99727427103467	5.083841800689697	5	6
117	116	130	129	-53.536951468698014	4.64562463760376	5	6
118	117	130	129	64.09751272843393	5.117437362670898	5	6
129	128	149	148	-63.969756551526785	5.222900867462158	6	7
130	129	148	147	33.23880505166612	5.542176723480225	6	7
131	130	147	146	-24.61175738103257	5.606554985046387	6	7
132	131	146	145	-5.724644792929087	4.2042927742004395	6	7
133	132	145	144	-6.8164805634098835	5.042725563049316	6	7
134	133	144	143	-27.75374446952915	4.948114395141602	6	7
135	134	143	142	-19.589378064872328	5.126527309417725	6	7
136	135	142	141	-48.73624373359119	4.396819591522217	6	7
137	136	142	141	33.75689438538091	5.184271335601807	6	7
142	141	19	18	-3.2744490949960006	4.670063495635986	7	0
143	142	18	17	-25.449868177661667	5.041340351104736	7	0
144	143	17	16	-21.028529903253247	4.672982692718506	7	0
145	144	16	15	-17.112805650540118	5.077416896820068	7	0
146	145	15	14	-27.931923553180283	4.771183013916016	7	0
147	146	14	13	-17.160950000431004	4.984171390533447	7	0
148	147	13	12	-41.32460336520877	4.893489837646484	7	0
17	16	59	58	-39.32205693548234	5.037093162536621	0	1
18	17	58	57	-19.624684134560756	5.143890380859375	0	1
19	18	57	56	-38.14295031754721	4.502358913421631	0	1
20	19	56	55	-41.42030047105048	5.356493949890137	0	1
21	20	55	54	-106.22265982794734	4.94285774230957	0	1
27	26	53	52	57.698589965608086	5.265617370605469	0	1
28	27	53	52	-23.652190111049123	4.49850606918335	0	1
29	28	52	51	-11.19444060394092	5.5224151611328125	0	1
30	29	51	50	-25.46179125340477	4.879157543182373	0	1
51	50	74	73	-14.610450075815187	4.797557830810547	1	2
52	51	73	72	-12.602064196955284	4.932070255279541	1	2
53	52	72	71	-42.17566423819863	4.290119647979736	1	2
54	53	71	70	-3.2931344384906898	5.642599582672119	1	2
55	54	70	69	0.35916691588268723	4.2917351722717285	1	2
56	55	69	68	-29.1662814782048	5.223771095275879	1	2
57	56	68	67	-60.874728883355644	4.296340465545654	1	2
58	57	68	67	0.8588581506094798	5.072353363037109	1	2
68	67	94	93	-46.222082756558905	5.240539073944092	2	3
69	68	94	93	-24.263584585733987	5.272618293762207	2	3
70	69	93	92	-24.669360148571197	4.524240970611572	2	3
71	70	91	90	-6.6492878246211164	5.478063583374023	2	3
72	71	91	90	18.64454343703425	3.9992480278015137	2	3
73	72	90	89	-9.916574869646	5.470389366149902	2	3
74	73	89	88	-21.4430861029719	4.350639343261719	2	3
75	74	88	87	-24.951721028545215	5.128920555114746	2	3
76	75	87	86	-53.91644944380291	4.368463039398193	2	3
77	76	87	86	23.30404156500341	5.215246200561523	2	3
78	77	86	85	-14.838706026732881	5.29959774017334	2	3
79	78	85	84	-41.717728775043454	4.352251052856445	2	3
85	84	109	108	-43.729155630618486	5.359441757202148	3	4
86	85	109	108	-13.37834437259611	5.441148281097412	3	4
87	86	108	107	-16.34392233398572	4.552581787109375	3	4
88	87	107	106	-35.04021863274729	5.074460029602051	3	4
89	88	106	105	-61.02742304771738	4.872179985046387	3	4
90	89	105	104	7.193884485009092	5.373074054718018	3	4
91	90	104	103	-7.457192491174329	4.737425327301025	3	4
92	91	103	102	-27.611024153975947	5.620207786560059	3	4
93	92	102	101	-18.17967991923371	4.2068257331848145	3	4
94	93	101	100	-5.170990322604852	5.192105770111084	3	4
101	100	120	119	21.178076726333316	5.200920581817627	4	5
102	101	120	119	-44.1262147262985	4.257545471191406	4	5
103	102	118	117	-54.7486265909854	5.478541851043701	4	5
104	103	117	116	-24.893243226936086	4.608771324157715	4	5
105	104	116	115	-44.091297870769814	5.2693071365356445	4	5
106	105	115	114	32.69657739290046	4.707338809967041	4	5
114	113	133	132	-36.999639041173985	5.325225830078125	5	6
115	114	132	131	-35.02863323431081	4.582282066345215	5	6
116	115	131	130	-30.99727427103467	5.083841800689697	5	6
117	116	130	129	-53.536951468698014	4.64562463760376	5	6
118	117	130	129	64.09751272843393	5.117437362670898	5	6
129	128	149	148	-63.969756551526785	5.222900867462158	6	7
130	129	148	147	33.23880505166612	5.542176723480225	6	7
131	130	147	146	-24.61175738103257	5.606554985046387	6	7
132	131	146	145	-5.724644792929087	4.2042927742004395	6	7
133	132	145	144	-6.8164805634098835	5.042725563049316	6	7
134	133	144	143	-27.75374446952915	4.948114395141602	6	7
135	134	143	142	-19.589378064872328	5.126527309417725	6	7
136	135	142	141	-48.73624373359119	4.396819591522217	6	7
137	136	142	141	33.75689438538091	5.184271335601807	6	7
142	141	19	18	-3.2744490949960006	4.670063495635986	7	0
143	142	18	17	-25.449868177661667	5.041340351104736	7	0
144	143	17	16	-21.028529903253247	4.672982692718506	7	0
145	144	16	15	-17.112805650540118	5.077416896820068	7	0
146	145	15	14	-27.931923553180283	4.771183013916016	7	0
147	146	14	13	-17.160950000431004	4.984171390533447	7	0
148	147	13	12	-41.32460336520877	4.893489837646484	7	0
