158	157	177	176	6.267764957322468	5.343634128570557	0	1
159	158	176	175	-0.7018733087108281	4.377813816070557	0	1
160	159	175	174	-16.382633604364873	4.90905237197876	0	1
161	160	174	173	9.083591992852366	4.225640296936035	0	1
162	161	173	172	-9.486535829399148	5.2137885093688965	0	1
163	162	172	171	-7.975941653310048	4.575311660766602	0	1
164	163	171	170	-6.918150235660738	5.129790306091309	0	1
165	164	170	169	7.811473156395912	5.049447536468506	0	1
170	169	196	195	-14.540223897989025	4.056674480438232	1	2
171	170	195	194	8.854667463424448	5.32161283493042	1	2
172	171	194	193	6.820451937830155	4.408336639404297	1	2
173	172	193	192	-1.4223204831474527	5.194346904754639	1	2
174	173	192	191	-4.480541776645563	4.777651786804199	1	2
175	174	191	190	0.2592108356738132	5.125051021575928	1	2
176	175	190	189	-5.967349108932154	4.538045406341553	1	2
177	176	189	188	-2.013483611025956	5.287276744842529	1	2
178	177	188	187	-14.074526121409075	4.2400221824646	1	2
179	178	187	186	-19.807498892627795	5.384514331817627	1	2
180	179	186	185	-50.241555006037615	4.1766676902771	1	2
186	185	217	216	3.765554961323362	4.250238418579102	2	3
187	186	216	215	-11.375288125170636	5.340607166290283	2	3
188	187	215	214	-17.726725137206703	4.631794452667236	2	3
189	188	214	213	-9.663014350729066	4.99257755279541	2	3
190	189	213	212	-4.5899524101285145	4.504766464233398	2	3
191	190	212	211	-5.619740250545199	4.964611053466797	2	3
192	191	211	210	1.5686659065679	4.731521129608154	2	3
193	192	210	209	8.731660263750397	4.78422212600708	2	3
194	193	209	208	-17.911992668185263	4.335052013397217	2	3
195	194	208	207	6.291280378130158	5.237345218658447	2	3
196	195	207	206	7.833164459675763	4.456058502197266	2	3
206	205	237	236	4.52918624491776	5.1015849113464355	3	4
207	206	236	235	-12.861236043619849	4.333822727203369	3	4
208	207	235	234	-14.608202297320412	5.268965721130371	3	4
209	208	234	233	-3.459285105586033	4.139350891113281	3	4
210	209	233	232	-19.2136443224453	5.672514915466309	3	4
211	210	232	231	-0.21809329373995193	4.3302764892578125	3	4
212	211	231	230	-0.240644560759942	5.258680820465088	3	4
213	212	230	229	-2.547157573543307	4.54297399520874	3	4
214	213	229	228	-1.5336230568267486	5.503549575805664	3	4
215	214	228	227	0.6637734821547607	4.3320512771606445	3	4
216	215	227	226	-5.463462386522817	5.222448825836182	3	4
217	216	226	225	-8.134393053829237	4.32666540145874	3	4
225	224	287	286	-8.513989990777592	5.109368324279785	4	5
226	225	286	285	-4.861424323461059	4.656665325164795	4	5
227	226	285	284	-7.728612160301805	5.066115379333496	4	5
228	227	284	283	-6.8556811583861155	4.62288761138916	4	5
229	228	283	282	-13.999913633417977	5.11592960357666	4	5
230	229	282	281	-9.597338002293682	4.445667743682861	4	5
231	230	281	280	-3.3834416672261303	5.0153703689575195	4	5
232	231	280	279	3.653962897753435	4.699916362762451	4	5
233	232	279	278	-0.6416492159715594	5.299353122711182	4	5
234	233	278	277	-2.925814194996935	4.39396333694458	4	5
235	234	277	276	1.0567124908522496	5.1650567054748535	4	5
236	235	276	275	-11.050720151279569	4.4884257316589355	4	5
237	236	275	274	-36.203131249421716	5.007906436920166	4	5
275	274	310	309	21.877060989946024	5.34971809387207	5	6
276	275	309	308	6.158516254586463	4.366259574890137	5	6
277	276	308	307	-11.263909860384187	5.106964588165283	5	6
278	277	307	306	5.661428334081373	4.5367045402526855	5	6
279	278	306	305	3.6595473051886533	5.20425271987915	5	6
280	279	305	304	-6.309002881629396	4.395722389221191	5	6
281	280	304	303	0.47309928549573954	5.164947032928467	5	6
282	281	303	302	-7.387370581253839	4.301215648651123	5	6
283	282	302	301	-8.449524562618627	5.29081916809082	5	6
284	283	301	300	-10.729972864819441	4.436436176300049	5	6
285	284	300	299	-6.33836590464747	5.129642009735107	5	6
286	285	299	298	-9.545341074285574	4.367675304412842	5	6
287	286	298	297	-3.5716973390059286	5.216868877410889	5	6
288	287	297	296	-13.506639702507716	4.391959190368652	5	6
289	288	296	295	-22.684853486514363	5.391184329986572	5	6
290	289	295	294	-50.40765365153191	4.285763263702393	5	6
294	293	349	348	38.00472583385554	5.215810298919678	6	7
295	294	348	347	-44.494409190438425	4.73979377746582	6	7
296	295	347	346	-16.327634478882448	5.565118312835693	6	7
297	296	346	345	-16.139638630093934	4.658851146697998	6	7
298	297	345	344	-14.010800723484325	5.04260778427124	6	7
299	298	344	343	-9.385276632018105	4.395401477813721	6	7
300	299	343	342	-10.595316928132663	5.125664234161377	6	7
301	300	342	341	-8.693522191705549	4.590604782104492	6	7
302	301	341	340	-0.28177144065986126	5.095789909362793	6	7
303	302	340	339	-6.143009694400881	4.5792646408081055	6	7
304	303	339	338	-10.569567504220839	4.9063191413879395	6	7
305	304	338	337	-5.686482874023661	4.589505672454834	6	7
306	305	337	336	-7.4559114413561725	5.2286505699157715	6	7
307	306	336	335	-4.81369658579925	4.542713642120361	6	7
308	307	335	334	10.531792866179064	5.008963108062744	6	7
309	308	334	333	7.611431735971538	4.564395904541016	6	7
310	309	333	332	12.59973528905536	5.1555304527282715	6	7
311	310	332	331	-26.2522936777608	4.223825454711914	6	7
312	311	331	330	-42.8419717329256	5.406063079833984	6	7
313	312	330	329	-43.99410583472509	4.7583770751953125	6	7
334	333	374	373	-52.77000212073241	4.891480445861816	7	8
335	334	374	373	22.111367044976017	4.908829689025879	7	8
336	335	372	371	4.025541484324837	4.762406826019287	7	8
337	336	371	370	-4.966433997625455	5.191616058349609	7	8
338	337	370	369	-4.065924989963767	4.401445388793945	7	8
339	338	369	368	-9.15056649415827	5.006780624389648	7	8
340	339	368	367	-3.2258277195712797	4.533869743347168	7	8
341	340	367	366	4.216860271298081	5.236888885498047	7	8
342	341	366	365	-11.776291215190367	4.26067590713501	7	8
343	342	365	364	-3.8117211734310774	5.298269748687744	7	8
344	343	364	363	-9.728803239461072	4.409346580505371	7	8
345	344	363	362	2.339511428096002	5.3494133949279785	7	8
346	345	362	361	-35.788266789251615	4.239152431488037	7	8
347	346	361	360	-6.829811342615309	5.336416721343994	7	8
348	347	360	359	12.696980354216091	4.200581073760986	7	8
349	348	359	358	-45.92719205415049	5.632329940795898	7	8
350	349	358	357	-9.58238272812144	4.66787576675415	7	8
358	357	439	438	-27.72004708440829	4.672667980194092	8	9
359	358	438	437	-14.282223486917585	5.107470512390137	8	9
360	359	437	436	0.6086493522503335	4.177480220794678	8	9
361	360	436	435	-4.332670383573335	5.084373474121094	8	9
362	361	435	434	7.719705126507977	4.159873008728027	8	9
363	362	434	433	-15.214498421020762	5.515104293823242	8	9
364	363	433	432	-19.353883295318855	4.7321367263793945	8	9
365	364	432	431	-5.692084434560282	5.022552013397217	8	9
366	365	431	430	-1.2608811051566786	4.660068988800049	8	9
367	366	430	429	-15.915736732535606	5.153429985046387	8	9
368	367	429	428	-17.188911527204652	4.6058220863342285	8	9
369	368	428	427	-8.79106480223112	4.965704917907715	8	9
370	369	427	426	-9.239764946451709	4.640757083892822	8	9
371	370	426	425	-9.17382570462993	5.161568641662598	8	9
372	371	425	424	-12.67386575644983	4.472591876983643	8	9
373	372	424	423	-24.694315613745022	5.075784683227539	8	9
374	373	423	422	-24.057130637502116	4.399106979370117	8	9
425	424	462	461	-12.107666333821555	4.356986999511719	9	10
426	425	461	460	-15.258925842392228	5.076834678649902	9	10
427	426	460	459	-10.237101788734126	4.23478889465332	9	10
428	427	459	458	-3.128153543624094	5.3011250495910645	9	10
429	428	458	457	-13.33439118654401	4.300041675567627	9	10
430	429	457	456	-12.752105891655926	5.075857162475586	9	10
431	430	456	455	-14.812554004364998	4.68565559387207	9	10
432	431	455	454	-15.822194359769362	5.190433979034424	9	10
433	432	454	453	2.3044076784193193	4.348782062530518	9	10
434	433	453	452	-6.432804798627343	5.485606670379639	9	10
435	434	452	451	1.4070258002079605	4.267590522766113	9	10
436	435	451	450	7.796817629046513	5.579652786254883	9	10
437	436	450	449	-5.317416289535674	4.329685211181641	9	10
438	437	449	448	-10.366595519572206	5.545812606811523	9	10
439	438	448	447	-20.41734817675939	4.506741046905518	9	10
440	439	447	446	-11.277805842884142	5.2368011474609375	9	10
441	440	446	445	-45.58108038987342	4.633230209350586	9	10
445	444	487	486	-27.902323040689794	4.519940376281738	10	11
446	445	486	485	-8.424591341548721	4.941079139709473	10	11
447	446	485	484	-15.735466049174008	5.094642162322998	10	11
448	447	484	483	-14.645341692579095	4.768093585968018	10	11
449	448	483	482	-0.8560713499849975	4.721031188964844	10	11
450	449	482	481	-9.179705494045695	4.464685440063477	10	11
451	450	481	480	0.7621997393449954	5.144886016845703	10	11
452	451	480	479	-10.052280547899896	4.146981716156006	10	11
453	452	479	478	-8.446681601567239	5.096004486083984	10	11
454	453	478	477	-5.114789003355645	4.798281192779541	10	11
455	454	477	476	-6.396897403344162	5.0080037117004395	10	11
456	455	476	475	-33.26093459867947	4.409844398498535	10	11
457	456	475	474	-5.088468857714785	5.244580268859863	10	11
458	457	474	473	-10.375483118713195	4.659282684326172	10	11
459	458	473	472	-9.41123978982789	5.300387382507324	10	11
460	459	472	471	-25.657010587522976	4.368850231170654	10	11
461	460	471	470	-15.004129297761265	5.383446216583252	10	11
462	461	470	469	-16.5044432905039	4.674131393432617	10	11
479	478	502	501	-7.704153087760723	5.269296169281006	11	12
480	479	501	500	-3.332007912974742	4.249639511108398	11	12
481	480	500	499	-12.336590312902885	5.687595844268799	11	12
482	481	499	498	1.7485854904812177	4.111940383911133	11	12
483	482	498	497	-4.9605637966153395	5.379288196563721	11	12
484	483	497	496	-8.256373012200827	4.360548496246338	11	12
485	484	496	495	-5.3427902488156755	5.33543586730957	11	12
486	485	495	494	-29.760469263787584	4.440799713134766	11	12
487	486	494	493	-24.12421198497174	5.21230411529541	11	12
492	491	542	541	-0.9272644688813596	5.09920597076416	12	13
493	492	541	540	-2.930583056212245	4.631990909576416	12	13
494	493	540	539	-6.539126478374002	5.0785651206970215	12	13
495	494	539	538	-28.320648760147886	4.315243721008301	12	13
496	495	538	537	-8.619351417916178	5.268032550811768	12	13
497	496	537	536	-8.308678911635814	4.552157402038574	12	13
498	497	536	535	-11.804600896955709	4.995625972747803	12	13
499	498	535	534	-5.057272677809715	4.843173980712891	12	13
500	499	534	533	-8.85224898275838	4.994855880737305	12	13
501	500	533	532	-1.7861136990902946	4.5094523429870605	12	13
502	501	532	531	8.211082944351993	5.224491119384766	12	13
532	531	560	559	-13.15846829644741	5.284936428070068	13	14
533	532	559	558	-6.537242571890213	4.486866474151611	13	14
534	533	558	557	-12.93054589921796	5.175283908843994	13	14
535	534	557	556	-5.315434549557172	4.554012775421143	13	14
536	535	556	555	0.9524500014910943	5.181761741638184	13	14
537	536	555	554	-18.354093522087915	4.1455302238464355	13	14
538	537	554	553	-13.453070904087346	5.409934997558594	13	14
539	538	553	552	7.162212773194958	4.006690502166748	13	14
540	539	552	551	-2.369104775954574	5.328860759735107	13	14
541	540	551	550	-11.186810014536949	4.447530269622803	13	14
542	541	550	549	-22.684631483915748	5.199089050292969	13	14
543	542	549	548	-28.368303512660617	4.651668071746826	13	14
548	547	588	587	43.572755452734725	5.454423904418945	14	15
549	548	588	587	-22.429390464555716	4.363105773925781	14	15
550	549	587	586	-5.391897963114421	5.216109275817871	14	15
551	550	586	585	-5.809440236644037	4.590611934661865	14	15
552	551	585	584	-4.425082431391029	4.828374862670898	14	15
553	552	584	583	-3.0876998710061474	4.501743793487549	14	15
554	553	583	582	-15.429166014724094	5.101139068603516	14	15
555	554	582	581	-23.884779033594967	4.49948787689209	14	15
556	555	581	580	-11.086618165115716	5.3922014236450195	14	15
557	556	580	579	-4.676709926675839	4.4386210441589355	14	15
558	557	579	578	-3.0549679222251407	5.109707355499268	14	15
559	558	578	577	-16.157963214595934	4.656630039215088	14	15
560	559	577	576	-1.690922711622064	5.116494178771973	14	15
577	576	608	607	-43.60886444471496	5.288264751434326	15	16
578	577	607	606	-15.799759355349444	4.519070625305176	15	16
579	578	606	605	-1.2126777075970365	5.3172993659973145	15	16
580	579	605	604	-15.507942368154705	4.2223639488220215	15	16
581	580	604	603	-30.65876949518292	5.136697769165039	15	16
582	581	603	602	14.225233489333153	4.552258014678955	15	16
583	582	602	601	-0.6374240736787097	5.020823955535889	15	16
584	583	601	600	-1.7962772128347233	4.731849670410156	15	16
585	584	600	599	-1.9647581981195907	5.053334712982178	15	16
586	585	599	598	-15.765505514432553	4.249433994293213	15	16
587	586	598	597	14.380949942243038	5.207491874694824	15	16
588	587	597	596	38.67005717371295	4.512887477874756	15	16
589	588	596	595	-36.41870273364392	5.389096260070801	15	16
590	589	595	594	-50.02265470605668	4.455193042755127	15	16
595	594	645	644	-15.118449721451096	4.596637725830078	16	17
596	595	644	643	-9.0862029324516	5.252629280090332	16	17
597	596	643	642	-14.93013073146374	4.491792678833008	16	17
598	597	642	641	-6.3718540559682495	5.106846809387207	16	17
599	598	641	640	30.67154670158334	4.295575141906738	16	17
600	599	640	639	-3.462356343500778	5.464420795440674	16	17
601	600	639	638	-10.5449763749634	4.584131717681885	16	17
602	601	638	637	-3.5698399843894415	5.251121997833252	16	17
603	602	637	636	-16.95687193325101	4.858876705169678	16	17
638	637	661	660	-1.200348642918958	5.322333335876465	17	18
639	638	660	659	18.370910621824805	4.578889846801758	17	18
640	639	659	658	9.222928747160775	4.991333961486816	17	18
641	640	658	657	4.327091442391361	4.528318405151367	17	18
642	641	656	655	47.18860488155913	5.2841997146606445	17	18
643	642	656	655	-27.1884272566765	4.350431442260742	17	18
644	643	654	653	18.08065687336875	5.501457214355469	17	18
645	644	654	653	-36.64544971547043	4.070466041564941	17	18
653	652	684	683	-4.299600871774645	5.206077575683594	18	19
654	653	683	682	-10.623015506966448	4.275143146514893	18	19
655	654	682	681	-23.222055563669223	4.930363655090332	18	19
656	655	681	680	-0.7700421246626464	4.135458469390869	18	19
657	656	680	679	-8.24162873977567	4.900088787078857	18	19
658	657	679	678	-20.049970333731537	4.578540802001953	18	19
659	658	678	677	-18.45993176300884	5.161768436431885	18	19
660	659	677	676	-14.64792119996525	4.6367645263671875	18	19
661	660	675	674	89.86019034872571	5.472421169281006	18	19
662	661	675	674	1.7727857444768682	4.164694786071777	18	19
663	662	675	674	-79.94590359970233	4.183047771453857	18	19
664	663	672	671	0.5989222853534392	5.426968097686768	18	19
665	664	672	671	-58.67441147518318	4.120975494384766	18	19
679	678	699	698	-61.46184482308916	5.6453752517700195	19	20
680	679	699	698	-8.030660476043039	5.294776916503906	19	20
681	680	698	697	12.270197791362428	4.726230144500732	19	20
682	681	697	696	-15.000466796720119	5.001471996307373	19	20
683	682	696	695	2.37947387583621	4.433751583099365	19	20
684	683	695	694	-10.888160998533342	5.235142230987549	19	20
685	684	694	693	-9.484819281283967	4.316346168518066	19	20
686	685	693	692	-17.02401345639358	5.325742244720459	19	20
687	686	692	691	-46.08142824623875	4.532886505126953	19	20
691	690	730	729	-26.880122715500306	4.975419044494629	20	21
692	691	729	728	-19.33449338163277	4.761405944824219	20	21
693	692	728	727	-19.785742246972184	5.002562046051025	20	21
694	693	727	726	-14.419859903835055	4.720508098602295	20	21
695	694	726	725	-17.14973206190285	4.880401611328125	20	21
696	695	725	724	-12.408440058125008	4.703373432159424	20	21
697	696	724	723	-11.895167212079375	5.063780307769775	20	21
698	697	723	722	-19.83438385734049	4.611663818359375	20	21
699	698	722	721	-5.880251968258149	5.069301128387451	20	21
700	699	721	720	146.9627023896967	4.72004508972168	20	21
703	702	721	720	-43.77908457117885	4.6073102951049805	20	21
707	706	717	716	-64.679270380849	4.339393138885498	20	21
708	707	718	717	-43.56026224303457	5.6734299659729	20	21
709	708	716	715	-0.3643747269794772	5.161107540130615	20	21
710	709	715	714	-37.83225376731811	4.721262454986572	20	21
724	723	165	164	29.405074124869216	5.548400402069092	21	0
725	724	165	164	-30.572148164236946	4.341701030731201	21	0
726	725	164	163	-16.86607459956911	5.395057678222656	21	0
727	726	163	162	-16.996624465477854	4.226309299468994	21	0
728	727	162	161	4.015171821304732	5.554985046386719	21	0
729	728	161	160	-26.55722143735971	4.283160209655762	21	0
730	729	160	159	4.1612086413049365	5.098415851593018	21	0
