142	141	169	168	-9.138033956312043	4.979464054107666	0	1
143	142	168	167	0.08478047730495171	4.630698204040527	0	1
144	143	167	166	-2.7803681062091155	4.960255146026611	0	1
145	144	166	165	3.6701654597164746	3.9855222702026367	0	1
146	145	165	164	-7.984389524800435	4.698121070861816	0	1
147	146	164	163	-9.0886522436132	4.4588212966918945	0	1
148	147	163	162	1.417827833927965	5.147340774536133	0	1
149	148	162	161	-0.8591256059301263	4.0323405265808105	0	1
150	149	161	160	-2.7541099605955974	5.553894996643066	0	1
151	150	160	159	-17.465420567208593	4.470839500427246	0	1
161	160	187	186	-7.823297768867994	5.333809852600098	1	2
162	161	186	185	4.271029452253571	4.758154392242432	1	2
163	162	185	184	-2.6215631550255365	5.071340084075928	1	2
164	163	184	183	9.729525772446543	4.954518795013428	1	2
165	164	183	182	-1.17713216307253	5.179938316345215	1	2
166	165	182	181	-25.755579438031095	4.970364093780518	1	2
168	167	180	179	-14.618168673344	4.634711742401123	1	2
169	168	179	178	-7.44095748111523	5.143930435180664	1	2
170	169	178	177	-8.73479763925621	4.634645462036133	1	2
177	176	206	205	-16.962871890740185	5.169677734375	2	3
178	177	205	204	-19.0850074971045	4.465240001678467	2	3
179	178	204	203	1.04248993272846	5.495881080627441	2	3
180	179	203	202	21.360952390969846	4.3390936851501465	2	3
181	180	202	201	31.29402357204932	5.294785499572754	2	3
182	181	200	199	-16.789509601946556	4.681120872497559	2	3
183	182	199	198	-20.784875367814877	5.140419006347656	2	3
184	183	198	197	-26.511601413840943	4.614245414733887	2	3
203	202	220	219	-17.483957933200458	5.351274013519287	3	4
204	203	220	219	43.61278292798199	4.812767505645752	3	4
205	204	219	218	-37.418239298007315	4.6789140701293945	3	4
206	205	218	217	-18.857548888735522	5.1240410804748535	3	4
207	206	217	216	-13.081725977051482	3.848775863647461	3	4
208	207	216	215	-16.918181698281707	5.252264499664307	3	4
209	208	215	214	-39.10483667164313	4.232870578765869	3	4
215	214	240	239	-42.31015526704611	3.775099754333496	4	5
216	215	239	238	-21.873496117231134	5.633745193481445	4	5
217	216	238	237	-12.396423910624879	4.715269088745117	4	5
218	217	237	236	-7.568292497350466	5.436349868774414	4	5
219	218	236	235	-15.666756465109726	4.802421569824219	4	5
220	219	235	234	-22.915663640518652	5.118215560913086	4	5
235	234	337	336	-12.339077714191633	5.406397342681885	5	6
236	235	336	335	-1.4560745767009193	4.456999778747559	5	6
238	237	334	333	-16.14375392747423	4.0961480140686035	5	6
239	238	333	332	-0.7550131493670533	5.11907434463501	5	6
240	239	332	331	16.76352884113651	3.969650983810425	5	6
331	330	356	355	-5.460868680360315	4.906379222869873	6	7
332	331	355	354	-0.07714868701935318	4.419082164764404	6	7
333	332	354	353	7.365447397911075	5.168675422668457	6	7
334	333	353	352	-0.4946312467750234	4.189972400665283	6	7
335	334	352	351	-11.713877608025323	5.224181175231934	6	7
336	335	351	350	3.4662068995169335	4.496596336364746	6	7
337	336	349	348	2.306463668285691	5.467953681945801	6	7
352	351	371	370	-6.625536410527717	5.1869049072265625	7	8
353	352	370	369	1.7538610628814502	4.076150417327881	7	8
354	353	369	368	3.7401150139360904	5.281593322753906	7	8
355	354	368	367	-20.62314843539173	3.973515033721924	7	8
356	355	367	366	3.936771833978774	5.439208507537842	7	8
357	356	366	365	-12.365530149129333	4.345699787139893	7	8
358	357	365	364	-20.837962355243448	5.342929363250732	7	8
359	358	364	363	-37.699961198666784	4.620314121246338	7	8
363	362	385	384	-14.86469324975403	4.51685094833374	8	9
364	363	384	383	-22.955266234241595	4.1379899978637695	8	9
365	364	383	382	-15.298637153192965	4.935865879058838	8	9
366	365	382	381	-31.738448880158142	4.806671619415283	8	9
367	366	381	380	-17.41187291912845	5.351561069488525	8	9
368	367	380	379	13.002307166661613	4.642457485198975	8	9
369	368	379	378	-4.811165453154069	5.017817974090576	8	9
370	369	378	377	-9.61577569668186	4.911367416381836	8	9
371	370	377	376	15.864189725845714	5.447197914123535	8	9
375	374	402	401	7.60757074706018	5.718729496002197	9	10
376	375	401	400	12.209840122725085	4.7812652587890625	9	10
377	376	400	399	-11.863739438152798	5.1270365715026855	9	10
378	377	399	398	-0.9659310132850909	4.395576477050781	9	10
379	378	398	397	-17.38808948586973	5.263887882232666	9	10
380	379	397	396	-17.86110203172087	4.562509536743164	9	10
381	380	396	395	-13.734438900568778	5.550396919250488	9	10
382	381	395	394	1.8710831159439723	3.766859531402588	9	10
383	382	394	393	-8.274843217060708	5.546578407287598	9	10
384	383	393	392	-1.8468733885774227	3.953019380569458	9	10
385	384	392	391	0.3042342154644929	5.655550956726074	9	10
392	391	419	418	-5.58774455576154	5.113662242889404	10	11
393	392	418	417	-9.415681413782286	4.785495281219482	10	11
394	393	417	416	-9.28304379885113	4.917175769805908	10	11
395	394	416	415	-9.508564131785544	4.799279689788818	10	11
396	395	415	414	-20.10483249358432	5.1848320960998535	10	11
397	396	414	413	-12.737314550111957	4.565464496612549	10	11
398	397	413	412	-10.291840115965021	5.116164684295654	10	11
399	398	412	411	-24.823810856304842	4.865056037902832	10	11
400	399	411	410	-14.497972405469781	5.0445756912231445	10	11
401	400	410	409	-22.699523179971667	5.061787128448486	10	11
413	412	438	437	-10.227090902323914	5.53397798538208	11	12
414	413	437	436	-8.186170344945234	4.26800012588501	11	12
415	414	436	435	-7.297058309275854	5.394047737121582	11	12
416	415	435	434	-3.0698423073881385	4.29166841506958	11	12
417	416	434	433	-0.15048678001498614	4.993938446044922	11	12
418	417	433	432	-4.970168467936327	4.5818610191345215	11	12
419	418	432	431	-16.115867479871458	4.957568645477295	11	12
420	419	431	430	-5.774164305576714	4.731106758117676	11	12
430	429	489	488	20.774496191503236	5.130837440490723	12	13
431	430	488	487	17.162351640928524	4.337660312652588	12	13
432	431	487	486	3.2433115113895257	4.956666469573975	12	13
433	432	486	485	-7.272260523345909	4.677939414978027	12	13
434	433	485	484	-5.690839711173755	4.945065021514893	12	13
435	434	484	483	1.5825160679883479	4.728863716125488	12	13
436	435	483	482	-4.586620719533465	4.96700382232666	12	13
437	436	482	481	-9.217875195621595	4.428458213806152	12	13
482	481	506	505	-55.44645004434915	5.285123825073242	13	14
483	482	506	505	1.7082281601417164	5.192235469818115	13	14
484	483	505	504	-9.511340840324463	4.68090295791626	13	14
485	484	504	503	0.9803862925876616	4.85433292388916	13	14
486	485	503	502	-5.0697548484812565	4.332697868347168	13	14
487	486	502	501	9.263756927287128	5.007376194000244	13	14
488	487	501	500	2.5190637379692813	4.24273157119751	13	14
489	488	500	499	-11.102374097402361	5.200557231903076	13	14
490	489	499	498	-11.081085602866375	4.5410614013671875	13	14
496	495	524	523	-21.327954509180984	5.219439506530762	14	15
497	496	523	522	-24.397671514238066	4.368776321411133	14	15
498	497	522	521	-9.157922237394821	5.027782917022705	14	15
499	498	521	520	7.170703332096318	4.525964736938477	14	15
500	499	520	519	2.9153804273280723	5.445575714111328	14	15
501	500	519	518	-1.4340778632777047	4.4618730545043945	14	15
502	501	518	517	-0.4836901951781638	5.142543792724609	14	15
503	502	517	516	15.25374374914474	4.1766862869262695	14	15
504	503	516	515	-2.470442624943631	5.121206760406494	14	15
505	504	515	514	-1.3857943145922567	4.679487228393555	14	15
515	514	538	537	-43.225773985429946	5.685102462768555	15	16
516	515	538	537	14.215454354992902	4.812649250030518	15	16
517	516	537	536	11.077410344369266	4.85714864730835	15	16
518	517	536	535	-2.777196224504108	4.820638179779053	15	16
519	518	535	534	-4.599764948930877	4.7778143882751465	15	16
520	519	534	533	0.5023171156734932	4.951080799102783	15	16
521	520	533	532	-9.60156739005843	4.209150791168213	15	16
522	521	532	531	-2.929722236856687	4.948827743530273	15	16
523	522	531	530	5.255544167936051	4.310420036315918	15	16
524	523	530	529	8.650033250754468	4.949527263641357	15	16
530	529	554	553	-7.763120554190039	4.730100154876709	16	17
531	530	553	552	-4.388758459286729	5.00413703918457	16	17
532	531	552	551	-7.1152162353475426	5.361364841461182	16	17
533	532	551	550	-14.661571873422657	4.732051372528076	16	17
534	533	550	549	-16.950010935504203	4.791593074798584	16	17
535	534	549	548	-5.6459122985221795	4.833738327026367	16	17
536	535	548	547	-6.331082347969209	4.961630821228027	16	17
537	536	547	546	-1.5997076727011001	4.772302627563477	16	17
549	548	582	581	-68.87065815917961	5.583446502685547	17	18
550	549	582	581	-7.119812677783205	5.002784252166748	17	18
551	550	581	580	-5.736198123958934	4.774776458740234	17	18
552	551	580	579	-1.0252908213809802	5.34112024307251	17	18
553	552	579	578	-6.647579881993242	4.417612075805664	17	18
554	553	578	577	-8.533931958470427	4.837611198425293	17	18
555	554	577	576	-19.104820335774928	4.603926658630371	17	18
576	575	594	593	-24.344193894699167	5.380585193634033	18	19
577	576	593	592	-57.81294450271266	4.066689968109131	18	19
578	577	593	592	1.6356973769579621	5.081254959106445	18	19
579	578	591	590	-10.492773953404564	4.376009941101074	18	19
580	579	590	589	0.004912262716060788	5.191516399383545	18	19
581	580	589	588	-1.84094875003442	4.787943363189697	18	19
589	588	611	610	5.902724480838567	4.854711055755615	19	20
590	589	610	609	7.754590212244489	5.710859298706055	19	20
591	590	609	608	-58.00229363616984	4.367044925689697	19	20
595	594	605	604	13.797399963249324	4.245512008666992	19	20
597	596	603	602	-37.305900152234834	3.9875922203063965	19	20
602	601	629	628	-10.475276663190604	5.1259636878967285	20	21
603	602	628	627	-16.710388913053226	4.383129596710205	20	21
604	603	627	626	-16.74245020286828	5.1421217918396	20	21
605	604	626	625	-4.269141576354536	4.662574291229248	20	21
606	605	625	624	4.309497471324822	5.334957122802734	20	21
607	606	624	623	-13.699182865247085	3.9993808269500732	20	21
608	607	623	622	13.66218711923094	5.042666912078857	20	21
609	608	622	621	-8.2785486119338	3.9720873832702637	20	21
610	609	621	620	-43.90522768027305	5.538876533508301	20	21
611	610	620	619	-52.7715243348177	3.8444199562072754	20	21
623	622	641	640	-12.923087762800058	5.695065498352051	21	22
624	623	640	639	1.595921092423181	4.038045883178711	21	22
625	624	639	638	-1.0995437553585499	5.331413745880127	21	22
626	625	638	637	-17.284277652216925	4.0669121742248535	21	22
627	626	637	636	-3.1434221650858847	5.269782543182373	21	22
628	627	636	635	-3.5929005530578917	4.187336444854736	21	22
629	628	635	634	1.8930955227158637	5.343471050262451	21	22
633	632	654	653	82.09104860245783	5.641052722930908	22	23
634	633	654	653	-5.0602279097132925	4.3507819175720215	22	23
635	634	653	652	-6.376375859000502	5.082946300506592	22	23
636	635	652	651	-10.58165439113246	4.488043308258057	22	23
637	636	651	650	-1.5217336728344357	5.118863582611084	22	23
638	637	650	649	-4.970685424018454	4.350057125091553	22	23
639	638	649	648	-10.872590066522378	5.368232727050781	22	23
640	639	648	647	-5.0187647738908	4.622591972351074	22	23
648	647	151	150	-10.506827997408578	4.686302185058594	23	0
649	648	150	149	-11.028903402258063	5.241893291473389	23	0
650	649	149	148	-9.923454444425902	3.979248285293579	23	0
651	650	148	147	-14.77165171883023	5.302412986755371	23	0
652	651	147	146	2.6206253765677143	4.319589138031006	23	0
653	652	146	145	-2.0030300412196804	4.955833911895752	23	0
654	653	145	144	7.5688516412092675	4.443201541900635	23	0
655	654	144	143	2.1443380035889814	5.505472183227539	23	0
656	655	143	142	7.834334969669791	4.122111797332764	23	0
