3	2	42	41	-2.883541858517444	5.134129524230957	0	1
4	3	41	40	-17.674957687834294	4.4538702964782715	0	1
5	4	40	39	-10.957923124513558	5.236105918884277	0	1
6	5	39	38	-13.025553063069488	4.681829929351807	0	1
7	6	38	37	-7.655774215898982	5.065226078033447	0	1
8	7	37	36	-7.440165795463665	4.906938076019287	0	1
9	8	36	35	3.0874222914978127	4.440728187561035	0	1
33	32	61	60	-35.424044599777524	4.954901218414307	1	2
34	33	60	59	-58.61970517372668	4.586039066314697	1	2
35	34	60	59	15.361231941670596	5.46379280090332	1	2
36	35	59	58	-5.189827494559084	5.219339847564697	1	2
37	36	58	57	5.392580212900857	4.437491416931152	1	2
38	37	57	56	8.111310185395887	5.3944244384765625	1	2
39	38	56	55	-12.794981950793074	4.250799655914307	1	2
40	39	54	53	26.445523514921625	5.593830108642578	1	2
41	40	54	53	-11.48144234438961	4.054803848266602	1	2
42	41	53	52	-7.8766796441856135	5.291960716247559	1	2
43	42	52	51	-26.564250799944002	4.1222825050354	1	2
44	43	50	49	11.154465382225379	5.311261177062988	1	2
45	44	50	49	-61.93408693428711	4.3620500564575195	1	2
50	49	91	90	-3.8345073500854228	4.255945205688477	2	3
51	50	90	89	-24.395558689376305	5.038346767425537	2	3
52	51	89	88	-24.62613561756319	4.779953479766846	2	3
53	52	88	87	-17.645695989988628	5.084529399871826	2	3
54	53	87	86	-25.303827536271854	4.6554388999938965	2	3
55	54	85	84	50.28748427390533	5.425114154815674	2	3
56	55	85	84	-19.69989842878762	4.252950191497803	2	3
57	56	84	83	-13.714530476269747	5.35557222366333	2	3
58	57	83	82	-5.345657323448093	4.413645267486572	2	3
59	58	82	81	-10.135523599044905	5.199246883392334	2	3
60	59	81	80	-28.312528133614315	4.327123641967773	2	3
82	81	108	107	45.954627022714426	5.5104875564575195	3	4
83	82	108	107	-24.812942135100528	4.485442161560059	3	4
84	83	106	105	6.725915913849354	5.556029796600342	3	4
85	84	106	105	-24.695262605811358	4.210885047912598	3	4
86	85	104	103	-1.7454581690746787	5.426327705383301	3	4
87	86	104	103	5.249584078080647	4.048432350158691	3	4
88	87	102	101	28.133269483137983	5.673703193664551	3	4
89	88	102	101	-15.819805944956258	3.958714723587036	3	4
90	89	101	100	2.9148416261892462	5.186071872711182	3	4
91	90	100	99	-19.604338783839662	4.44012451171875	3	4
92	91	99	98	-22.095307012554446	5.460699081420898	3	4
93	92	98	97	-51.38798023028129	4.383249282836914	3	4
98	97	151	150	-25.841479471544076	4.7167768478393555	4	5
99	98	150	149	-12.171771923530377	5.214882850646973	4	5
100	99	149	148	1.6212137395444366	4.418090343475342	4	5
101	100	148	147	5.501701003658025	5.011521339416504	4	5
102	101	147	146	-11.18744811015048	4.500663757324219	4	5
103	102	146	145	-23.10741160405141	4.8929243087768555	4	5
104	103	145	144	-5.094571764489919	4.672031879425049	4	5
105	104	144	143	-14.363407162453377	5.017259120941162	4	5
106	105	143	142	-40.41886596378764	4.35930871963501	4	5
107	106	142	141	-30.291126180552798	5.5099382400512695	4	5
108	107	141	140	-12.999557503292287	4.25896692276001	4	5
145	144	172	171	-71.93713743635224	5.624866962432861	5	6
146	145	172	171	-9.552685152118853	5.175637245178223	5	6
147	146	171	170	-2.7083366003244755	4.539646625518799	5	6
148	147	170	169	-6.680818176153533	5.216917514801025	5	6
149	148	169	168	-7.383962569673457	4.295247554779053	5	6
150	149	168	167	-6.390209590548332	5.467168807983398	5	6
151	150	167	166	-27.288503839470188	4.079294681549072	5	6
152	151	165	164	54.87655256440821	5.5506391525268555	5	6
153	152	165	164	-20.45418187218387	5.168854236602783	5	6
155	154	163	162	-19.238435163179318	3.8315083980560303	5	6
162	161	188	187	-6.222794672463989	5.397333145141602	6	7
163	162	187	186	-13.164694503197348	4.329392433166504	6	7
164	163	186	185	-13.473599582729074	5.4110565185546875	6	7
165	164	185	184	-20.113701090133492	4.609721660614014	6	7
166	165	184	183	-2.3079616753817245	5.061023712158203	6	7
167	166	183	182	-44.40904052985705	4.038792610168457	6	7
168	167	182	181	-11.032732770966522	5.414613246917725	6	7
169	168	181	180	-20.485517231439644	4.393533706665039	6	7
170	169	180	179	-16.529280920745574	4.818361759185791	6	7
171	170	179	178	2.084244517775557	4.560801029205322	6	7
178	177	229	228	-35.99335821088355	5.247607707977295	7	8
179	178	228	227	-3.1249378502647462	4.440433502197266	7	8
180	179	227	226	-18.91410092498645	5.372586727142334	7	8
181	180	226	225	-16.50526673391633	3.9743154048919678	7	8
182	181	224	223	11.342691985680817	5.380948066711426	7	8
183	182	224	223	27.510369355318748	3.818939208984375	7	8
184	183	222	221	29.232100164831355	5.534252166748047	7	8
185	184	222	221	-27.591115089682344	3.8500990867614746	7	8
186	185	221	220	-5.460551331111843	5.564532279968262	7	8
187	186	220	219	-13.954743253347361	4.2260212898254395	7	8
188	187	219	218	-16.935649984727167	5.496213912963867	7	8
189	188	218	217	27.659048589979662	4.125567436218262	7	8
217	216	262	261	-0.6847390876453926	5.08836030960083	8	9
218	217	261	260	19.660151245835635	4.537618637084961	8	9
219	218	260	259	5.16245423522548	5.135526180267334	8	9
220	219	259	258	-28.012405456431736	4.26897668838501	8	9
221	220	258	257	-1.3574389929483994	5.45954704284668	8	9
222	221	257	256	5.394465112977727	4.321368217468262	8	9
223	222	256	255	-18.512015751206686	5.378691673278809	8	9
224	223	255	254	-11.08227088876039	4.427660942077637	8	9
225	224	254	253	-15.043143611183142	5.309347629547119	8	9
226	225	253	252	-29.588032651820885	4.344176292419434	8	9
227	226	252	251	-25.560995374861825	5.231416702270508	8	9
228	227	251	250	-39.01866711323805	4.837605953216553	8	9
229	228	250	249	101.97834402312937	4.792991638183594	8	9
248	247	279	278	-17.439472191331372	5.392962455749512	9	10
249	248	279	278	-67.27254651631644	3.997692346572876	9	10
250	249	279	278	50.614800573696414	4.527782917022705	9	10
253	252	276	275	-64.65565118109899	5.5949931144714355	9	10
254	253	276	275	-14.096863313717288	5.336937427520752	9	10
255	254	275	274	-10.465357265300215	4.517618179321289	9	10
256	255	274	273	-2.206025128996397	5.079839706420898	9	10
257	256	273	272	-17.812179413034432	4.569484233856201	9	10
258	257	272	271	-31.418954961542685	5.1510796546936035	9	10
259	258	271	270	26.21942296645048	4.135544776916504	9	10
260	259	269	268	37.173428521973165	5.607688903808594	9	10
261	260	269	268	-20.963603818774434	4.227783679962158	9	10
262	261	268	267	-20.222791517230316	5.532279014587402	9	10
266	265	295	294	-43.72609188079838	5.118706703186035	10	11
267	266	294	293	-20.849313031652677	4.726997375488281	10	11
268	267	293	292	-25.749519829748085	5.1579437255859375	10	11
269	268	292	291	-15.019086853275855	4.872903823852539	10	11
270	269	291	290	-13.425438789082273	4.9462809562683105	10	11
271	270	290	289	-9.560311856128761	4.5458173751831055	10	11
272	271	289	288	-5.759527983046301	5.307878017425537	10	11
273	272	288	287	-41.67961164066888	4.744032859802246	10	11
274	273	287	286	-19.18324827732786	5.338761806488037	10	11
275	274	286	285	-28.62919507249222	4.273418426513672	10	11
289	288	8	7	36.76803297704947	5.583978176116943	11	0
290	289	8	7	-22.846650093601735	4.116288661956787	11	0
291	290	7	6	-16.750343889080362	5.575140953063965	11	0
292	291	6	5	-10.406095158105554	4.314022541046143	11	0
293	292	5	4	-3.0481610187440964	5.497110366821289	11	0
294	293	4	3	-20.450854778377604	4.231672286987305	11	0
295	294	3	2	-8.626040765824763	5.15709924697876	11	0
3	2	42	41	-2.883541858517444	5.134129524230957	0	1
4	3	41	40	-17.674957687834294	4.4538702964782715	0	1
5	4	40	39	-10.957923124513558	5.236105918884277	0	1
6	5	39	38	-13.025553063069488	4.681829929351807	0	1
7	6	38	37	-7.655774215898982	5.065226078033447	0	1
8	7	37	36	-7.440165795463665	4.906938076019287	0	1
9	8	36	35	3.0874222914978127	4.440728187561035	0	1
33	32	61	60	-35.424044599777524	4.954901218414307	1	2
34	33	60	59	-58.61970517372668	4.586039066314697	1	2
35	34	60	59	15.361231941670596	5.46379280090332	1	2
36	35	59	58	-5.189827494559084	5.219339847564697	1	2
37	36	58	57	5.392580212900857	4.437491416931152	1	2
38	37	57	56	8.111310185395887	5.3944244384765625	1	2
39	38	56	55	-12.794981950793074	4.250799655914307	1	2
40	39	54	53	26.445523514921625	5.593830108642578	1	2
41	40	54	53	-11.48144234438961	4.054803848266602	1	2
42	41	53	52	-7.8766796441856135	5.291960716247559	1	2
43	42	52	51	-26.564250799944002	4.1222825050354	1	2
44	43	50	49	11.154465382225379	5.311261177062988	1	2
45	44	50	49	-61.93408693428711	4.3620500564575195	1	2
50	49	91	90	-3.8345073500854228	4.255945205688477	2	3
51	50	90	89	-24.395558689376305	5.038346767425537	2	3
52	51	89	88	-24.62613561756319	4.779953479766846	2	3
53	52	88	87	-17.645695989988628	5.084529399871826	2	3
54	53	87	86	-25.303827536271854	4.6554388999938965	2	3
55	54	85	84	50.28748427390533	5.425114154815674	2	3
56	55	85	84	-19.69989842878762	4.252950191497803	2	3
57	56	84	83	-13.714530476269747	5.35557222366333	2	3
58	57	83	82	-5.345657323448093	4.413645267486572	2	3
59	58	82	81	-10.135523599044905	5.199246883392334	2	3
60	59	81	80	-28.312528133614315	4.327123641967773	2	3
82	81	108	107	45.954627022714426	5.5104875564575195	3	4
83	82	108	107	-24.812942135100528	4.485442161560059	3	4
84	83	106	105	6.725915913849354	5.556029796600342	3	4
85	84	106	105	-24.695262605811358	4.210885047912598	3	4
86	85	104	103	-1.7454581690746787	5.426327705383301	3	4
87	86	104	103	5.249584078080647	4.048432350158691	3	4
88	87	102	101	28.133269483137983	5.673703193664551	3	4
89	88	102	101	-15.819805944956258	3.958714723587036	3	4
90	89	101	100	2.9148416261892462	5.186071872711182	3	4
91	90	100	99	-19.604338783839662	4.44012451171875	3	4
92	91	99	98	-22.095307012554446	5.460699081420898	3	4
93	92	98	97	-51.38798023028129	4.383249282836914	3	4
98	97	151	150	-25.841479471544076	4.7167768478393555	4	5
99	98	150	149	-12.171771923530377	5.214882850646973	4	5
100	99	149	148	1.6212137395444366	4.418090343475342	4	5
101	100	148	147	5.501701003658025	5.011521339416504	4	5
102	101	147	146	-11.18744811015048	4.500663757324219	4	5
103	102	146	145	-23.10741160405141	4.8929243087768555	4	5
104	103	145	144	-5.094571764489919	4.672031879425049	4	5
105	104	144	143	-14.363407162453377	5.017259120941162	4	5
106	105	143	142	-40.41886596378764	4.35930871963501	4	5
107	106	142	141	-30.291126180552798	5.5099382400512695	4	5
108	107	141	140	-12.999557503292287	4.25896692276001	4	5
145	144	172	171	-71.93713743635224	5.624866962432861	5	6
146	145	172	171	-9.552685152118853	5.175637245178223	5	6
147	146	171	170	-2.7083366003244755	4.539646625518799	5	6
148	147	170	169	-6.680818176153533	5.216917514801025	5	6
149	148	169	168	-7.383962569673457	4.295247554779053	5	6
150	149	168	167	-6.390209590548332	5.467168807983398	5	6
151	150	167	166	-27.288503839470188	4.079294681549072	5	6
152	151	165	164	54.87655256440821	5.5506391525268555	5	6
153	152	165	164	-20.45418187218387	5.168854236602783	5	6
155	154	163	162	-19.238435163179318	3.8315083980560303	5	6
162	161	188	187	-6.222794672463989	5.397333145141602	6	7
163	162	187	186	-13.164694503197348	4.329392433166504	6	7
164	163	186	185	-13.473599582729074	5.4110565185546875	6	7
165	164	185	184	-20.113701090133492	4.609721660614014	6	7
166	165	184	183	-2.3079616753817245	5.061023712158203	6	7
167	166	183	182	-44.40904052985705	4.038792610168457	6	7
168	167	182	181	-11.032732770966522	5.414613246917725	6	7
169	168	181	180	-20.485517231439644	4.393533706665039	6	7
170	169	180	179	-16.529280920745574	4.818361759185791	6	7
171	170	179	178	2.084244517775557	4.560801029205322	6	7
178	177	229	228	-35.99335821088355	5.247607707977295	7	8
179	178	228	227	-3.1249378502647462	4.440433502197266	7	8
180	179	227	226	-18.91410092498645	5.372586727142334	7	8
181	180	226	225	-16.50526673391633	3.9743154048919678	7	8
182	181	224	223	11.342691985680817	5.380948066711426	7	8
183	182	224	223	27.510369355318748	3.818939208984375	7	8
184	183	222	221	29.232100164831355	5.534252166748047	7	8
185	184	222	221	-27.591115089682344	3.8500990867614746	7	8
186	185	221	220	-5.460551331111843	5.564532279968262	7	8
187	186	220	219	-13.954743253347361	4.2260212898254395	7	8
188	187	219	218	-16.935649984727167	5.496213912963867	7	8
189	188	218	217	27.659048589979662	4.125567436218262	7	8
217	216	262	261	-0.6847390876453926	5.08836030960083	8	9
218	217	261	260	19.660151245835635	4.537618637084961	8	9
219	218	260	259	5.16245423522548	5.135526180267334	8	9
220	219	259	258	-28.012405456431736	4.26897668838501	8	9
221	220	258	257	-1.3574389929483994	5.45954704284668	8	9
222	221	257	256	5.394465112977727	4.321368217468262	8	9
223	222	256	255	-18.512015751206686	5.378691673278809	8	9
224	223	255	254	-11.08227088876039	4.427660942077637	8	9
225	224	254	253	-15.043143611183142	5.309347629547119	8	9
226	225	253	252	-29.588032651820885	4.344176292419434	8	9
227	226	252	251	-25.560995374861825	5.231416702270508	8	9
228	227	251	250	-39.01866711323805	4.837605953216553	8	9
229	228	250	249	101.97834402312937	4.792991638183594	8	9
248	247	279	278	-17.439472191331372	5.392962455749512	9	10
249	248	279	278	-67.27254651631644	3.997692346572876	9	10
250	249	279	278	50.614800573696414	4.527782917022705	9	10
253	252	276	275	-64.65565118109899	5.5949931144714355	9	10
254	253	276	275	-14.096863313717288	5.336937427520752	9	10
255	254	275	274	-10.465357265300215	4.517618179321289	9	10
256	255	274	273	-2.206025128996397	5.079839706420898	9	10
257	256	273	272	-17.812179413034432	4.569484233856201	9	10
258	257	272	271	-31.418954961542685	5.1510796546936035	9	10
259	258	271	270	26.21942296645048	4.135544776916504	9	10
260	259	269	268	37.173428521973165	5.607688903808594	9	10
261	260	269	268	-20.963603818774434	4.227783679962158	9	10
262	261	268	267	-20.222791517230316	5.532279014587402	9	10
266	265	295	294	-43.72609188079838	5.118706703186035	10	11
267	266	294	293	-20.849313031652677	4.726997375488281	10	11
268	267	293	292	-25.749519829748085	5.1579437255859375	10	11
269	268	292	291	-15.019086853275855	4.872903823852539	10	11
270	269	291	290	-13.425438789082273	4.9462809562683105	10	11
271	270	290	289	-9.560311856128761	4.5458173751831055	10	11
272	271	289	288	-5.759527983046301	5.307878017425537	10	11
273	272	288	287	-41.67961164066888	4.744032859802246	10	11
274	273	287	286	-19.18324827732786	5.338761806488037	10	11
275	274	286	285	-28.62919507249222	4.273418426513672	10	11
289	288	8	7	36.76803297704947	5.583978176116943	11	0
290	289	8	7	-22.846650093601735	4.116288661956787	11	0
291	290	7	6	-16.750343889080362	5.575140953063965	11	0
292	291	6	5	-10.406095158105554	4.314022541046143	11	0
293	292	5	4	-3.0481610187440964	5.497110366821289	11	0
294	293	4	3	-20.450854778377604	4.231672286987305	11	0
295	294	3	2	-8.626040765824763	5.15709924697876	11	0
3	2	42	41	-2.883541858517444	5.134129524230957	0	1
4	3	41	40	-17.674957687834294	4.4538702964782715	0	1
5	4	40	39	-10.957923124513558	5.236105918884277	0	1
6	5	39	38	-13.025553063069488	4.681829929351807	0	1
7	6	38	37	-7.655774215898982	5.065226078033447	0	1
8	7	37	36	-7.440165795463665	4.906938076019287	0	1
9	8	36	35	3.0874222914978127	4.440728187561035	0	1
33	32	61	60	-35.424044599777524	4.954901218414307	1	2
34	33	60	59	-58.61970517372668	4.586039066314697	1	2
35	34	60	59	15.361231941670596	5.46379280090332	1	2
36	35	59	58	-5.189827494559084	5.219339847564697	1	2
37	36	58	57	5.392580212900857	4.437491416931152	1	2
38	37	57	56	8.111310185395887	5.3944244384765625	1	2
39	38	56	55	-12.794981950793074	4.250799655914307	1	2
40	39	54	53	26.445523514921625	5.593830108642578	1	2
41	40	54	53	-11.48144234438961	4.054803848266602	1	2
42	41	53	52	-7.8766796441856135	5.291960716247559	1	2
43	42	52	51	-26.564250799944002	4.1222825050354	1	2
44	43	50	49	11.154465382225379	5.311261177062988	1	2
45	44	50	49	-61.93408693428711	4.3620500564575195	1	2
50	49	91	90	-3.8345073500854228	4.255945205688477	2	3
51	50	90	89	-24.395558689376305	5.038346767425537	2	3
52	51	89	88	-24.62613561756319	4.779953479766846	2	3
53	52	88	87	-17.645695989988628	5.084529399871826	2	3
54	53	87	86	-25.303827536271854	4.6554388999938965	2	3
55	54	85	84	50.28748427390533	5.425114154815674	2	3
56	55	85	84	-19.69989842878762	4.252950191497803	2	3
57	56	84	83	-13.714530476269747	5.35557222366333	2	3
58	57	83	82	-5.345657323448093	4.413645267486572	2	3
59	58	82	81	-10.135523599044905	5.199246883392334	2	3
60	59	81	80	-28.312528133614315	4.327123641967773	2	3
82	81	108	107	45.954627022714426	5.5104875564575195	3	4
83	82	108	107	-24.812942135100528	4.485442161560059	3	4
84	83	106	105	6.725915913849354	5.556029796600342	3	4
85	84	106	105	-24.695262605811358	4.210885047912598	3	4
86	85	104	103	-1.7454581690746787	5.426327705383301	3	4
87	86	104	103	5.249584078080647	4.048432350158691	3	4
88	87	102	101	28.133269483137983	5.673703193664551	3	4
89	88	102	101	-15.819805944956258	3.958714723587036	3	4
90	89	101	100	2.9148416261892462	5.186071872711182	3	4
91	90	100	99	-19.604338783839662	4.44012451171875	3	4
92	91	99	98	-22.095307012554446	5.460699081420898	3	4
93	92	98	97	-51.38798023028129	4.383249282836914	3	4
98	97	151	150	-25.841479471544076	4.7167768478393555	4	5
99	98	150	149	-12.171771923530377	5.214882850646973	4	5
100	99	149	148	1.6212137395444366	4.418090343475342	4	5
101	100	148	147	5.501701003658025	5.011521339416504	4	5
102	101	147	146	-11.18744811015048	4.500663757324219	4	5
103	102	146	145	-23.10741160405141	4.8929243087768555	4	5
104	103	145	144	-5.094571764489919	4.672031879425049	4	5
105	104	144	143	-14.363407162453377	5.017259120941162	4	5
106	105	143	142	-40.41886596378764	4.35930871963501	4	5
107	106	142	141	-30.291126180552798	5.5099382400512695	4	5
108	107	141	140	-12.999557503292287	4.25896692276001	4	5
145	144	172	171	-71.93713743635224	5.624866962432861	5	6
146	145	172	171	-9.552685152118853	5.175637245178223	5	6
147	146	171	170	-2.7083366003244755	4.539646625518799	5	6
148	147	170	169	-6.680818176153533	5.216917514801025	5	6
149	148	169	168	-7.383962569673457	4.295247554779053	5	6
150	149	168	167	-6.390209590548332	5.467168807983398	5	6
151	150	167	166	-27.288503839470188	4.079294681549072	5	6
152	151	165	164	54.87655256440821	5.5506391525268555	5	6
153	152	165	164	-20.45418187218387	5.168854236602783	5	6
155	154	163	162	-19.238435163179318	3.8315083980560303	5	6
162	161	188	187	-6.222794672463989	5.397333145141602	6	7
163	162	187	186	-13.164694503197348	4.329392433166504	6	7
164	163	186	185	-13.473599582729074	5.4110565185546875	6	7
165	164	185	184	-20.113701090133492	4.609721660614014	6	7
166	165	184	183	-2.3079616753817245	5.061023712158203	6	7
167	166	183	182	-44.40904052985705	4.038792610168457	6	7
168	167	182	181	-11.032732770966522	5.414613246917725	6	7
169	168	181	180	-20.485517231439644	4.393533706665039	6	7
170	169	180	179	-16.529280920745574	4.818361759185791	6	7
171	170	179	178	2.084244517775557	4.560801029205322	6	7
178	177	229	228	-35.99335821088355	5.247607707977295	7	8
179	178	228	227	-3.1249378502647462	4.440433502197266	7	8
180	179	227	226	-18.91410092498645	5.372586727142334	7	8
181	180	226	225	-16.50526673391633	3.9743154048919678	7	8
182	181	224	223	11.342691985680817	5.380948066711426	7	8
183	182	224	223	27.510369355318748	3.818939208984375	7	8
184	183	222	221	29.232100164831355	5.534252166748047	7	8
185	184	222	221	-27.591115089682344	3.8500990867614746	7	8
186	185	221	220	-5.460551331111843	5.564532279968262	7	8
187	186	220	219	-13.954743253347361	4.2260212898254395	7	8
188	187	219	218	-16.935649984727167	5.496213912963867	7	8
189	188	218	217	27.659048589979662	4.125567436218262	7	8
217	216	262	261	-0.6847390876453926	5.08836030960083	8	9
218	217	261	260	19.660151245835635	4.537618637084961	8	9
219	218	260	259	5.16245423522548	5.135526180267334	8	9
220	219	259	258	-28.012405456431736	4.26897668838501	8	9
221	220	258	257	-1.3574389929483994	5.45954704284668	8	9
222	221	257	256	5.394465112977727	4.321368217468262	8	9
223	222	256	255	-18.512015751206686	5.378691673278809	8	9
224	223	255	254	-11.08227088876039	4.427660942077637	8	9
225	224	254	253	-15.043143611183142	5.309347629547119	8	9
226	225	253	252	-29.588032651820885	4.344176292419434	8	9
227	226	252	251	-25.560995374861825	5.231416702270508	8	9
228	227	251	250	-39.01866711323805	4.837605953216553	8	9
229	228	250	249	101.97834402312937	4.792991638183594	8	9
248	247	279	278	-17.439472191331372	5.392962455749512	9	10
249	248	279	278	-67.27254651631644	3.997692346572876	9	10
250	249	279	278	50.614800573696414	4.527782917022705	9	10
253	252	276	275	-64.65565118109899	5.5949931144714355	9	10
254	253	276	275	-14.096863313717288	5.336937427520752	9	10
255	254	275	274	-10.465357265300215	4.517618179321289	9	10
256	255	274	273	-2.206025128996397	5.079839706420898	9	10
257	256	273	272	-17.812179413034432	4.569484233856201	9	10
258	257	272	271	-31.418954961542685	5.1510796546936035	9	10
259	258	271	270	26.21942296645048	4.135544776916504	9	10
260	259	269	268	37.173428521973165	5.607688903808594	9	10
261	260	269	268	-20.963603818774434	4.227783679962158	9	10
262	261	268	267	-20.222791517230316	5.532279014587402	9	10
266	265	295	294	-43.72609188079838	5.118706703186035	10	11
267	266	294	293	-20.849313031652677	4.726997375488281	10	11
268	267	293	292	-25.749519829748085	5.1579437255859375	10	11
269	268	292	291	-15.019086853275855	4.872903823852539	10	11
270	269	291	290	-13.425438789082273	4.9462809562683105	10	11
271	270	290	289	-9.560311856128761	4.5458173751831055	10	11
272	271	289	288	-5.759527983046301	5.307878017425537	10	11
273	272	288	287	-41.67961164066888	4.744032859802246	10	11
274	273	287	286	-19.18324827732786	5.338761806488037	10	11
275	274	286	285	-28.62919507249222	4.273418426513672	10	11
289	288	8	7	36.76803297704947	5.583978176116943	11	0
290	289	8	7	-22.846650093601735	4.116288661956787	11	0
291	290	7	6	-16.750343889080362	5.575140953063965	11	0
292	291	6	5	-10.406095158105554	4.314022541046143	11	0
293	292	5	4	-3.0481610187440964	5.497110366821289	11	0
294	293	4	3	-20.450854778377604	4.231672286987305	11	0
295	294	3	2	-8.626040765824763	5.15709924697876	11	0
