20	19	60	59	-8.392705876037398	4.43283748626709	0	1
21	20	59	58	-6.851228475058815	5.428469657897949	0	1
22	21	58	57	-2.8580653147075075	4.284614562988281	0	1
23	22	57	56	-38.26501074038364	5.307656764984131	0	1
24	23	56	55	-22.16308501684275	4.067173480987549	0	1
25	24	55	54	-23.441086476016086	5.107283115386963	0	1
26	25	54	53	-16.61573753853247	4.5995635986328125	0	1
55	54	74	73	-30.612766825278054	5.022652626037598	1	2
56	55	73	72	-12.938221225895049	4.922968864440918	1	2
57	56	72	71	-6.990816352657002	4.662859916687012	1	2
58	57	71	70	-12.74080830470075	4.3332839012146	1	2
59	58	70	69	-20.272593841452817	4.947737216949463	1	2
60	59	69	68	-11.842592271397967	4.279055595397949	1	2
68	67	99	98	-42.24235719946823	5.2763543128967285	2	3
69	68	98	97	-47.921425819773184	4.5638556480407715	2	3
70	69	97	96	-15.222231937436955	5.074532985687256	2	3
71	70	96	95	-17.63283203922007	4.973036289215088	2	3
72	71	95	94	-24.968397353025306	4.270965576171875	2	3
95	94	118	117	-22.02094012661319	5.1851372718811035	3	4
96	95	117	116	-24.792977067029696	4.104898452758789	3	4
97	96	116	115	13.606185754317165	5.6287126541137695	3	4
98	97	115	114	-38.92058038388594	3.8512721061706543	3	4
99	98	113	112	36.696142141995836	5.301065444946289	3	4
100	99	113	112	-25.596282941863752	4.128281593322754	3	4
101	100	111	110	8.204692595018033	5.268890857696533	3	4
102	101	111	110	12.22146057202144	3.6731977462768555	3	4
103	102	109	108	5.069595256972752	5.315784931182861	3	4
104	103	109	108	-48.237829665982716	3.6377546787261963	3	4
109	108	151	150	-16.510547545901595	4.747071266174316	4	5
110	109	150	149	-21.961080523363812	5.196197032928467	4	5
111	110	149	148	-40.82745701534176	4.1082048416137695	4	5
113	112	147	146	-16.46264005190843	3.9908952713012695	4	5
114	113	146	145	9.06152366049791	5.306504249572754	4	5
115	114	145	144	-11.399084948215545	3.920527219772339	4	5
116	115	144	143	-43.057477785002725	5.4513773918151855	4	5
117	116	143	142	-21.766186374492626	3.6015186309814453	4	5
118	117	142	141	0.4584765743998351	5.364587783813477	4	5
119	118	141	140	-10.109413288617986	4.48497200012207	4	5
148	147	163	162	-48.07018362613287	5.356805801391602	5	6
149	148	162	161	16.635748437409887	4.046639442443848	5	6
150	149	161	160	-10.224628650493692	5.567312717437744	5	6
151	150	160	159	-24.372764427848836	3.942075729370117	5	6
159	158	189	188	-29.188632519427323	5.305295467376709	6	7
160	159	188	187	-37.97674611114036	4.1407856941223145	6	7
161	160	187	186	-16.893597338310535	5.436349868774414	6	7
162	161	186	185	-21.610068216012376	4.743351936340332	6	7
186	185	26	25	-37.634924432443086	4.2822041511535645	7	0
187	186	24	23	-0.7957316992165926	4.993814468383789	7	0
188	187	24	23	0.712665846437889	3.4422333240509033	7	0
189	188	22	21	-11.06601371873528	5.283238410949707	7	0
190	189	22	21	-33.817431670458795	3.397127389907837	7	0
191	190	21	20	-20.676076093793647	5.5151848793029785	7	0
192	191	20	19	-42.08464645042175	4.257635116577148	7	0
