5	4	21	20	-28.46826139447379	5.414454460144043	0	1
7	6	20	19	-3.46505324642851	4.76128625869751	0	1
8	7	19	18	-22.72266586091035	5.16820764541626	0	1
9	8	18	17	-2.5750909887863855	4.559854030609131	0	1
10	9	17	16	-28.870971991724197	5.174947261810303	0	1
11	10	16	15	-26.59575476125266	4.523364067077637	0	1
18	17	39	38	-3.741879035139193	4.60904598236084	1	2
19	18	38	37	-12.7854548666967	4.965919017791748	1	2
20	19	37	36	-6.904276251037252	4.716944217681885	1	2
21	20	36	35	-8.265927343928546	5.487403869628906	1	2
22	21	35	34	-23.268489536228014	4.223343372344971	1	2
23	22	34	33	-21.950040629835854	5.167133331298828	1	2
24	23	33	32	-30.67670914422513	4.676430702209473	1	2
25	24	32	31	-3.556128707269039	5.212960243225098	1	2
26	25	31	30	-38.963674734416934	4.724347114562988	1	2
30	29	53	52	4.9151653376585624	5.243644714355469	2	3
31	30	52	51	-6.0972405430471985	4.752501964569092	2	3
32	31	51	50	-17.22837407603583	4.952855587005615	2	3
33	32	50	49	-2.2895602686204106	4.4204792976379395	2	3
34	33	49	48	-3.211780403279049	5.058041095733643	2	3
35	34	48	47	-11.751446681113213	4.716821670532227	2	3
36	35	47	46	-22.45905180954046	4.9177565574646	2	3
37	36	46	45	-34.47923362395344	4.76980447769165	2	3
38	37	45	44	-18.500792556961745	4.9289093017578125	2	3
39	38	44	43	-17.665023195386773	4.669963359832764	2	3
46	45	66	65	-19.18242740232171	4.311181545257568	3	4
47	46	65	64	-5.034018993784997	5.1429619789123535	3	4
48	47	64	63	-7.040044741297202	4.487448692321777	3	4
49	48	63	62	-2.5935018732928534	5.0681867599487305	3	4
50	49	62	61	-21.677823752286713	4.4667863845825195	3	4
51	50	61	60	-13.154966946688056	5.080758571624756	3	4
52	51	60	59	-21.75050842444863	4.380363464355469	3	4
53	52	59	58	-1.661150469287172	5.307225227355957	3	4
59	58	92	91	-16.586296248984784	5.647345542907715	4	5
60	59	91	90	10.587087374173441	4.173834800720215	4	5
61	60	90	89	-1.6163243338234847	5.28626823425293	4	5
62	61	89	88	-0.2844337682372449	4.415920734405518	4	5
63	62	88	87	-5.689209951562338	4.882137775421143	4	5
64	63	87	86	-4.646913680703012	4.729331970214844	4	5
65	64	86	85	10.30904967597935	4.932204723358154	4	5
66	65	85	84	-6.557123770739817	4.616855144500732	4	5
85	84	109	108	-43.48939203700744	5.74724006652832	5	6
86	85	109	108	-6.2966203340695035	5.251650810241699	5	6
87	86	108	107	-12.058930992219096	4.480766296386719	5	6
88	87	107	106	-2.5760449481873957	5.30192232131958	5	6
89	88	106	105	5.223418715422377	4.565435409545898	5	6
90	89	105	104	5.799388174949381	5.037214756011963	5	6
91	90	104	103	23.53297310578436	4.8635640144348145	5	6
92	91	103	102	16.492026874445813	4.626672744750977	5	6
93	92	102	101	15.648098041069664	4.6277971267700195	5	6
99	98	138	137	-28.828727661785145	4.9847588539123535	6	7
100	99	137	136	-34.63312776786879	4.919214248657227	6	7
101	100	136	135	-4.443537880065063	5.069129467010498	6	7
102	101	135	134	-0.8388474371118008	4.740769386291504	6	7
103	102	134	133	-0.02491030691384596	4.995771408081055	6	7
104	103	133	132	6.449522958093998	4.736196994781494	6	7
105	104	132	131	29.068365326238087	4.9995903968811035	6	7
106	105	131	130	51.402851323825985	4.077078342437744	6	7
130	129	152	151	-18.28755676238766	4.948234558105469	7	8
131	130	151	150	-31.02045215231558	4.931793689727783	7	8
132	131	150	149	-3.9713032743487884	5.0394721031188965	7	8
133	132	149	148	10.204532154149947	4.61187219619751	7	8
134	133	148	147	0.40412341377513705	5.0593156814575195	7	8
135	134	147	146	-15.298275102713148	4.43148946762085	7	8
136	135	146	145	-24.508193766435298	5.419609546661377	7	8
137	136	145	144	6.600490803298806	4.04336404800415	7	8
138	137	144	143	11.001966372742071	5.368917942047119	7	8
142	141	174	173	-21.359873273690333	5.372870922088623	8	9
143	142	173	172	12.640888238176975	4.3469624519348145	8	9
144	143	172	171	-3.9875036133741877	5.300784111022949	8	9
145	144	171	170	-5.7411368697351985	4.336684703826904	8	9
146	145	170	169	-14.686926355035638	5.104100704193115	8	9
147	146	169	168	-18.652138473743065	4.7496337890625	8	9
148	147	168	167	-40.010403970026495	5.020179748535156	8	9
149	148	166	165	27.07195321787847	5.050228595733643	8	9
150	149	165	164	11.151799421701782	4.93194580078125	8	9
165	164	192	191	31.35779808904414	5.427615165710449	9	10
166	165	192	191	-47.32299402528955	5.095977306365967	9	10
167	166	191	190	-37.62005265790664	5.361698150634766	9	10
168	167	191	190	14.386645404695708	5.747281074523926	9	10
169	168	190	189	-0.8417896245279971	4.424217224121094	9	10
170	169	189	188	0.0565739347306951	5.027875900268555	9	10
171	170	188	187	-19.76100948940933	4.650477409362793	9	10
172	171	187	186	-11.883171713347366	5.031852722167969	9	10
173	172	186	185	-6.255266027606252	4.660837173461914	9	10
174	173	185	184	-6.19794896179345	5.157494068145752	9	10
175	174	184	183	-7.529218470694839	4.5863261222839355	9	10
183	182	212	211	-22.49372354710032	5.084744453430176	10	11
184	183	211	210	-8.958560275295406	4.707666397094727	10	11
185	184	210	209	-11.632351144220118	5.138616561889648	10	11
186	185	209	208	-9.084394817962922	4.289303779602051	10	11
187	186	208	207	-12.15089499957675	5.130995273590088	10	11
188	187	207	206	5.661663118298434	4.528999328613281	10	11
189	188	206	205	0.08096588982572006	5.056663990020752	10	11
190	189	205	204	-4.827447911633902	4.6404643058776855	10	11
191	190	204	203	-19.77832699652985	5.246372222900391	10	11
192	191	203	202	-19.720508680990296	4.6269378662109375	10	11
193	192	202	201	11.085030042408823	5.174308776855469	10	11
202	201	236	235	-26.810998758024226	5.183973789215088	11	12
203	202	235	234	-1.276605945560507	4.339591026306152	11	12
204	203	234	233	-9.185652810271463	5.06412410736084	11	12
205	204	233	232	-12.325515398637688	4.8170857429504395	11	12
206	205	232	231	-10.847079020893108	5.2181715965271	11	12
207	206	231	230	-11.795787471600212	4.438961982727051	11	12
208	207	230	229	-15.536412746020927	5.281211853027344	11	12
209	208	229	228	0.6289256171491922	4.890652656555176	11	12
210	209	228	227	-4.833590194617725	5.517930507659912	11	12
211	210	227	226	-11.799292101184445	4.432104587554932	11	12
212	211	226	225	-10.70174539442548	5.3255205154418945	11	12
213	212	225	224	-12.244568487763859	4.5953192710876465	11	12
214	213	224	223	0.040118738495921076	5.061706066131592	11	12
215	214	223	222	-15.000508250871539	4.5170063972473145	11	12
222	221	266	265	-0.8607317238160872	5.457613468170166	12	13
223	222	265	264	-6.125241634666272	4.155368328094482	12	13
224	223	264	263	-6.897022173189797	5.28014612197876	12	13
225	224	263	262	-10.511636008538499	4.549843788146973	12	13
226	225	262	261	-9.535940944290019	5.104005336761475	12	13
227	226	261	260	-12.43387222257759	5.044172286987305	12	13
228	227	260	259	-22.617656204819934	4.963951110839844	12	13
229	228	259	258	-21.712788180852623	4.5999298095703125	12	13
230	229	258	257	0.10070397715054075	5.071357727050781	12	13
231	230	257	256	1.0179008611986429	4.461493015289307	12	13
232	231	256	255	-12.115153177487574	5.144317626953125	12	13
233	232	255	254	-10.860326986770165	4.7889084815979	12	13
234	233	254	253	-9.011997466750042	4.824972152709961	12	13
235	234	253	252	-25.39832620938822	4.935053825378418	12	13
261	260	292	291	-11.390538701136569	4.842438697814941	13	14
262	261	291	290	-2.228210874365656	5.213672637939453	13	14
263	262	290	289	1.5245261505307257	4.604361057281494	13	14
264	263	289	288	-0.14913911995920698	5.293176174163818	13	14
265	264	288	287	-8.923148825795097	4.188084602355957	13	14
266	265	287	286	-7.773099494160219	5.408327579498291	13	14
267	266	286	285	-7.538170261861379	4.281182765960693	13	14
268	267	284	283	47.465538720737484	5.561295986175537	13	14
269	268	284	283	-20.627864256320315	4.5487542152404785	13	14
270	269	283	282	-23.744709198469657	4.966397285461426	13	14
271	270	282	281	-8.599148193293948	4.082717418670654	13	14
281	280	342	341	-15.726217351829881	5.095028400421143	14	15
282	281	341	340	-23.997602047279887	4.571966171264648	14	15
283	282	340	339	-11.410862785081383	4.99493408203125	14	15
284	283	339	338	-18.68772658009107	4.626382350921631	14	15
285	284	338	337	-13.116984380099625	4.829019069671631	14	15
286	285	337	336	-20.105541567058957	4.539154052734375	14	15
287	286	336	335	-4.725823013432643	5.0965189933776855	14	15
288	287	335	334	-4.452170309705963	4.4315714836120605	14	15
289	288	334	333	-20.90349283080982	5.137320041656494	14	15
290	289	333	332	-27.04333468062417	4.520528316497803	14	15
291	290	332	331	4.6473801895460705	5.408438682556152	14	15
292	291	331	330	35.263809820918596	4.495763301849365	14	15
330	329	363	362	75.40618425802823	5.217219829559326	15	16
333	332	359	358	-9.11532011445598	4.496453762054443	15	16
334	333	358	357	-15.571888402047026	5.193976879119873	15	16
335	334	357	356	-26.1482044296968	4.33347225189209	15	16
336	335	356	355	-4.461701959363408	5.394651412963867	15	16
337	336	355	354	-9.664633479318894	3.7823081016540527	15	16
338	337	354	353	-4.521296471418821	5.4701972007751465	15	16
339	338	353	352	-15.336496043358029	4.37090539932251	15	16
340	339	352	351	-0.5085000859427966	5.447774410247803	15	16
341	340	351	350	-2.8359887858099464	4.480465888977051	15	16
342	341	350	349	8.283766838526219	5.055963516235352	15	16
343	342	348	347	-38.50355336884266	4.479294300079346	15	16
350	349	389	388	6.197134342296998	4.771231651306152	16	17
351	350	388	387	10.614681159120932	4.404304027557373	16	17
352	351	387	386	4.935618390368808	5.034711837768555	16	17
353	352	386	385	-7.1763747790699846	4.340181827545166	16	17
354	353	385	384	7.971122690475007	5.346724510192871	16	17
355	354	384	383	-22.66982961412758	4.328904628753662	16	17
356	355	383	382	-19.678964172757727	5.424508571624756	16	17
357	356	382	381	-5.024515121903994	4.375574111938477	16	17
358	357	381	380	1.9548686160908728	5.082930564880371	16	17
382	381	403	402	-8.272231229268304	4.712390899658203	17	18
383	382	402	401	-6.052415671850087	4.873013973236084	17	18
384	383	401	400	1.105926422880149	4.354006767272949	17	18
385	384	400	399	-2.8971400383096575	5.423056125640869	17	18
386	385	399	398	-17.62661629128355	3.9935925006866455	17	18
387	386	398	397	7.645995991822623	5.420981407165527	17	18
388	387	397	396	-10.702684081885838	4.26394510269165	17	18
389	388	396	395	-5.476443451599255	5.124159812927246	17	18
390	389	395	394	-43.98589847425863	4.805426597595215	17	18
394	393	419	418	-12.4865209779543	5.215905666351318	18	19
395	394	418	417	-13.624306152940678	4.439054012298584	18	19
396	395	417	416	-9.371646492294559	5.245851993560791	18	19
397	396	416	415	-4.10716122808134	4.333907604217529	18	19
398	397	415	414	-15.334877251312852	5.564563751220703	18	19
399	398	414	413	15.03142680905337	3.9021382331848145	18	19
400	399	413	412	7.138234308867291	5.525270462036133	18	19
401	400	412	411	6.887724002443744	4.073428153991699	18	19
402	401	411	410	8.258598149440058	5.0977702140808105	18	19
411	410	433	432	54.84113299124054	5.6241912841796875	19	20
412	411	433	432	1.8499190093178766	4.443704128265381	19	20
413	412	432	431	-7.7356676779669495	5.053515911102295	19	20
414	413	431	430	17.739544960037268	4.36461877822876	19	20
415	414	430	429	4.9316856396744315	5.3904008865356445	19	20
416	415	429	428	-9.02129121526265	4.120481967926025	19	20
417	416	428	427	-6.433404217794832	5.199105262756348	19	20
418	417	427	426	-2.844501161520032	4.394384860992432	19	20
419	418	426	425	4.842786074119265	5.054245471954346	19	20
420	419	425	424	-1.9813636858694126	4.36482048034668	19	20
425	424	463	462	37.45877593292863	4.804548263549805	20	21
426	425	462	461	14.38289322899298	5.09937858581543	20	21
427	426	461	460	-6.391625481609046	4.437865734100342	20	21
428	427	460	459	-5.2622623490458205	5.079944133758545	20	21
429	428	459	458	-13.309597400922643	4.718344688415527	20	21
430	429	458	457	-18.139807042055505	5.074513912200928	20	21
431	430	457	456	-6.363342462409351	4.555947780609131	20	21
432	431	456	455	-4.39514068065816	5.169543266296387	20	21
433	432	455	454	24.520898782147263	4.5265583992004395	20	21
457	456	478	477	-31.353929960028122	4.775519847869873	21	22
458	457	477	476	-14.418152674428404	5.247725009918213	21	22
459	458	476	475	6.281909913109399	4.343367576599121	21	22
460	459	475	474	0.08728423994821624	5.306257724761963	21	22
461	460	474	473	4.557062406525699	4.23734188079834	21	22
462	461	473	472	-0.5326563067954625	5.140770435333252	21	22
463	462	472	471	-16.42408156999125	4.270544052124023	21	22
469	468	494	493	-20.641670020017937	4.932706832885742	22	23
470	469	493	492	-19.12024788052434	4.986316680908203	22	23
471	470	492	491	-21.753694221692257	4.9085869789123535	22	23
472	471	491	490	-20.91432651785832	4.563381671905518	22	23
473	472	490	489	-4.959357044145887	4.897171497344971	22	23
474	473	489	488	13.11902598373434	4.61730432510376	22	23
475	474	488	487	16.689536658041238	4.872847557067871	22	23
476	475	487	486	7.8991538608436285	4.528175354003906	22	23
477	476	486	485	29.78002197041162	5.078805446624756	22	23
478	477	484	483	-41.171880251170705	4.350639820098877	22	23
486	485	508	507	10.375712392950536	5.3767476081848145	23	24
487	486	507	506	7.818750142384361	4.25096321105957	23	24
488	487	506	505	-4.3245450241152215	5.121283531188965	23	24
489	488	505	504	-8.188190257245926	4.435378074645996	23	24
490	489	504	503	-6.275148699792655	5.242936134338379	23	24
491	490	503	502	-9.139542377068935	4.3415093421936035	23	24
492	491	502	501	-17.26858853113526	5.2607574462890625	23	24
493	492	501	500	-16.765520069621022	4.599648475646973	23	24
502	501	527	526	-6.777884370143919	5.60270357131958	24	25
503	502	526	525	-24.695910393490305	4.820316314697266	24	25
504	503	524	523	54.59249990688885	5.578588962554932	24	25
505	504	524	523	-5.783439641073942	4.427560806274414	24	25
506	505	523	522	-10.829914197602857	5.090948581695557	24	25
507	506	522	521	-20.416737968514674	4.771360397338867	24	25
508	507	520	519	7.839821564065654	5.4933085441589355	24	25
509	508	520	519	-68.64088150044422	4.49534797668457	24	25
510	509	520	519	-2.4061029773583154	5.30919075012207	24	25
522	521	12	11	-52.965810171885515	5.686302185058594	25	0
523	522	12	11	-5.01212493334045	5.012004852294922	25	0
524	523	11	10	-10.832447281982931	4.48545503616333	25	0
525	524	10	9	-9.723684140789663	5.278111457824707	25	0
526	525	9	8	-4.278165533346765	3.6559324264526367	25	0
527	526	8	7	11.713441169278386	5.533461093902588	25	0
