20	19	31	30	-18.749933504728	5.546119689941406	0	1
21	20	30	29	-14.513434344599855	4.450418472290039	0	1
22	21	29	28	-31.702156754630057	5.056890964508057	0	1
23	22	28	27	-27.23259995301498	4.700448036193848	0	1
28	27	44	43	-56.139184999861214	5.635634422302246	1	2
29	28	44	43	-0.5463140801236812	5.049747943878174	1	2
30	29	43	42	-12.547064372124874	4.5812859535217285	1	2
31	30	42	41	18.752104732224254	5.324300289154053	1	2
32	31	41	40	-44.0593529708078	4.287262916564941	1	2
38	37	60	59	-34.93906503071467	5.073400020599365	2	3
39	38	59	58	-44.699573995103506	4.755776405334473	2	3
40	39	58	57	-1.8907616387200104	4.659449100494385	2	3
41	40	57	56	-3.8276102799602056	4.711818695068359	2	3
42	41	56	55	-51.87326215172233	5.284167766571045	2	3
43	42	55	54	-42.91597342334175	4.659241199493408	2	3
57	56	77	76	-25.140946914780343	4.8608245849609375	3	4
58	57	75	74	-12.87049764864194	5.419993877410889	3	4
59	58	75	74	5.639852771715081	3.802826166152954	3	4
60	59	73	72	38.48182530849298	5.691342830657959	3	4
72	71	96	95	-28.972095621046048	4.931760787963867	4	5
73	72	95	94	-58.31222330818819	4.339820384979248	4	5
74	73	95	94	-24.382758964860134	5.549884796142578	4	5
75	74	93	92	13.081826665530668	4.346466064453125	4	5
76	75	92	91	-22.344190697102814	5.4325337409973145	4	5
77	76	91	90	-14.137760769273708	4.329358100891113	4	5
78	77	90	89	-3.072622118818373	5.350183963775635	4	5
79	78	89	88	-45.60059684985564	4.103024005889893	4	5
89	88	111	110	-55.170664033349944	5.515588283538818	5	6
90	89	111	110	-22.332520476630968	5.495477676391602	5	6
91	90	110	109	-9.49091003311684	4.105441570281982	5	6
92	91	108	107	26.151158403183683	5.35688591003418	5	6
93	92	108	107	-42.21071194644478	4.28402042388916	5	6
94	93	106	105	-20.250830680031985	5.337671756744385	5	6
95	94	106	105	10.397402194442469	4.119567394256592	5	6
96	95	105	104	-23.45522912976196	5.61211633682251	5	6
97	96	104	103	-24.25277581665558	4.406044960021973	5	6
104	103	131	130	-19.794267762758565	4.9749274253845215	6	7
105	104	130	129	-5.51463009824842	4.924844264984131	6	7
106	105	129	128	-8.138128382553178	4.731286525726318	6	7
107	106	128	127	-21.402344292889655	5.258569717407227	6	7
108	107	127	126	-44.590455232578186	4.146292686462402	6	7
109	108	126	125	-15.825498824798277	5.326277732849121	6	7
110	109	125	124	-26.345551136120616	4.723048686981201	6	7
130	129	23	22	5.476808206341351	5.336912631988525	7	0
131	130	23	22	-52.043948650715045	4.320102214813232	7	0
132	131	21	20	8.600220075175393	5.329944610595703	7	0
133	132	21	20	-57.61998050011071	4.345950126647949	7	0
20	19	31	30	-18.749933504728	5.546119689941406	0	1
21	20	30	29	-14.513434344599855	4.450418472290039	0	1
22	21	29	28	-31.702156754630057	5.056890964508057	0	1
23	22	28	27	-27.23259995301498	4.700448036193848	0	1
28	27	44	43	-56.139184999861214	5.635634422302246	1	2
29	28	44	43	-0.5463140801236812	5.049747943878174	1	2
30	29	43	42	-12.547064372124874	4.5812859535217285	1	2
31	30	42	41	18.752104732224254	5.324300289154053	1	2
32	31	41	40	-44.0593529708078	4.287262916564941	1	2
38	37	60	59	-34.93906503071467	5.073400020599365	2	3
39	38	59	58	-44.699573995103506	4.755776405334473	2	3
40	39	58	57	-1.8907616387200104	4.659449100494385	2	3
41	40	57	56	-3.8276102799602056	4.711818695068359	2	3
42	41	56	55	-51.87326215172233	5.284167766571045	2	3
43	42	55	54	-42.91597342334175	4.659241199493408	2	3
57	56	77	76	-25.140946914780343	4.8608245849609375	3	4
58	57	75	74	-12.87049764864194	5.419993877410889	3	4
59	58	75	74	5.639852771715081	3.802826166152954	3	4
60	59	73	72	38.48182530849298	5.691342830657959	3	4
72	71	96	95	-28.972095621046048	4.931760787963867	4	5
73	72	95	94	-58.31222330818819	4.339820384979248	4	5
74	73	95	94	-24.382758964860134	5.549884796142578	4	5
75	74	93	92	13.081826665530668	4.346466064453125	4	5
76	75	92	91	-22.344190697102814	5.4325337409973145	4	5
77	76	91	90	-14.137760769273708	4.329358100891113	4	5
78	77	90	89	-3.072622118818373	5.350183963775635	4	5
79	78	89	88	-45.60059684985564	4.103024005889893	4	5
89	88	111	110	-55.170664033349944	5.515588283538818	5	6
90	89	111	110	-22.332520476630968	5.495477676391602	5	6
91	90	110	109	-9.49091003311684	4.105441570281982	5	6
92	91	108	107	26.151158403183683	5.35688591003418	5	6
93	92	108	107	-42.21071194644478	4.28402042388916	5	6
94	93	106	105	-20.250830680031985	5.337671756744385	5	6
95	94	106	105	10.397402194442469	4.119567394256592	5	6
96	95	105	104	-23.45522912976196	5.61211633682251	5	6
97	96	104	103	-24.25277581665558	4.406044960021973	5	6
104	103	131	130	-19.794267762758565	4.9749274253845215	6	7
105	104	130	129	-5.51463009824842	4.924844264984131	6	7
106	105	129	128	-8.138128382553178	4.731286525726318	6	7
107	106	128	127	-21.402344292889655	5.258569717407227	6	7
108	107	127	126	-44.590455232578186	4.146292686462402	6	7
109	108	126	125	-15.825498824798277	5.326277732849121	6	7
110	109	125	124	-26.345551136120616	4.723048686981201	6	7
130	129	23	22	5.476808206341351	5.336912631988525	7	0
131	130	23	22	-52.043948650715045	4.320102214813232	7	0
132	131	21	20	8.600220075175393	5.329944610595703	7	0
133	132	21	20	-57.61998050011071	4.345950126647949	7	0
