85	84	102	101	-0.678303736192598	5.339296340942383	0	1
86	85	101	100	-4.989487326279142	4.941960334777832	0	1
87	86	100	99	-10.931608700610443	4.379487037658691	0	1
97	96	119	118	-13.344495429386757	5.409626007080078	1	2
98	97	118	117	-17.815790701087884	4.393321990966797	1	2
99	98	117	116	-5.934978664121061	5.046032428741455	1	2
100	99	116	115	-8.16908297331781	4.340087413787842	1	2
101	100	115	114	-7.375846594458399	5.209829330444336	1	2
102	101	114	113	-17.33687014520702	4.673296928405762	1	2
103	102	113	112	-35.022482190202226	5.261128902435303	1	2
104	103	112	111	-22.161131016728262	4.84895133972168	1	2
135	134	159	158	-30.239742129197662	5.501140594482422	2	3
136	135	158	157	-42.41271502099442	4.1559295654296875	2	3
137	136	157	156	-21.13240064569582	5.592482566833496	2	3
141	140	154	153	-37.40414335769235	4.584589004516602	2	3
142	141	153	152	-10.859014043688402	5.290053367614746	2	3
143	142	152	151	-16.72470405758029	4.651266098022461	2	3
144	143	151	150	-41.91688785375506	5.450360298156738	2	3
145	144	150	149	-48.51396533449442	4.203648567199707	2	3
150	149	175	174	-10.283773581044072	4.834469318389893	3	4
151	150	174	173	-19.694003245216795	5.104420185089111	3	4
152	151	173	172	-18.66290434834507	4.9368157386779785	3	4
194	193	213	212	-74.79538883019009	5.633605003356934	4	5
195	194	213	212	-12.924696133033038	5.186664581298828	4	5
196	195	212	211	-1.4922237435884296	4.596954345703125	4	5
197	196	211	210	-20.40140034409801	5.461796283721924	4	5
198	197	210	209	-13.307343272265626	4.345333099365234	4	5
209	208	36	35	-4.2404442087051235	5.4511919021606445	5	0
210	209	35	34	-31.215075465662153	4.618731498718262	5	0
213	212	64	63	-161.50965385498233	4.400690078735352	5	0
85	84	102	101	-0.678303736192598	5.339296340942383	0	1
86	85	101	100	-4.989487326279142	4.941960334777832	0	1
87	86	100	99	-10.931608700610443	4.379487037658691	0	1
97	96	119	118	-13.344495429386757	5.409626007080078	1	2
98	97	118	117	-17.815790701087884	4.393321990966797	1	2
99	98	117	116	-5.934978664121061	5.046032428741455	1	2
100	99	116	115	-8.16908297331781	4.340087413787842	1	2
101	100	115	114	-7.375846594458399	5.209829330444336	1	2
102	101	114	113	-17.33687014520702	4.673296928405762	1	2
103	102	113	112	-35.022482190202226	5.261128902435303	1	2
104	103	112	111	-22.161131016728262	4.84895133972168	1	2
135	134	159	158	-30.239742129197662	5.501140594482422	2	3
136	135	158	157	-42.41271502099442	4.1559295654296875	2	3
137	136	157	156	-21.13240064569582	5.592482566833496	2	3
141	140	154	153	-37.40414335769235	4.584589004516602	2	3
142	141	153	152	-10.859014043688402	5.290053367614746	2	3
143	142	152	151	-16.72470405758029	4.651266098022461	2	3
144	143	151	150	-41.91688785375506	5.450360298156738	2	3
145	144	150	149	-48.51396533449442	4.203648567199707	2	3
150	149	175	174	-10.283773581044072	4.834469318389893	3	4
151	150	174	173	-19.694003245216795	5.104420185089111	3	4
152	151	173	172	-18.66290434834507	4.9368157386779785	3	4
194	193	213	212	-74.79538883019009	5.633605003356934	4	5
195	194	213	212	-12.924696133033038	5.186664581298828	4	5
196	195	212	211	-1.4922237435884296	4.596954345703125	4	5
197	196	211	210	-20.40140034409801	5.461796283721924	4	5
198	197	210	209	-13.307343272265626	4.345333099365234	4	5
209	208	36	35	-4.2404442087051235	5.4511919021606445	5	0
210	209	35	34	-31.215075465662153	4.618731498718262	5	0
213	212	64	63	-161.50965385498233	4.400690078735352	5	0
