243	242	267	266	-1.8589804188070687	5.1429595947265625	0	1
244	243	266	265	-13.98673683443407	4.363948345184326	0	1
245	244	265	264	-29.844167127389486	5.055081367492676	0	1
246	245	264	263	26.323811294242123	4.325027942657471	0	1
247	246	263	262	7.2220442894125	4.954314708709717	0	1
248	247	262	261	0.02013989664705004	4.613239288330078	0	1
249	248	260	259	61.80712204247725	5.141501426696777	0	1
250	249	260	259	-13.966375073400958	4.021875858306885	0	1
251	250	259	258	-30.78074925838618	5.16718053817749	0	1
252	251	258	257	-21.831269377835255	4.807149887084961	0	1
256	255	283	282	-12.307749496565513	4.062710285186768	1	2
257	256	282	281	-46.05208422029396	5.0844268798828125	1	2
258	257	282	281	36.36384924426098	5.3981547355651855	1	2
259	258	281	280	14.270507505934088	5.0707197189331055	1	2
260	259	280	279	12.93726663311991	4.520220756530762	1	2
261	260	279	278	-15.65177871396473	5.502874374389648	1	2
262	261	278	277	-4.202444812098582	3.9560132026672363	1	2
263	262	277	276	13.7127431801257	5.4242753982543945	1	2
264	263	276	275	-15.39903139679545	4.28220796585083	1	2
265	264	275	274	-13.335616808171707	5.175130367279053	1	2
266	265	274	273	0.9450418212159057	4.528852462768555	1	2
267	266	273	272	-15.188420323724383	5.618401050567627	1	2
271	270	334	333	-39.8560112889776	4.705869674682617	2	3
272	271	333	332	9.877420884996276	4.130832672119141	2	3
273	272	332	331	-7.163891536423806	5.264410495758057	2	3
274	273	331	330	-1.2743353770486578	4.699470520019531	2	3
275	274	330	329	5.054594511578466	4.92574405670166	2	3
276	275	329	328	-2.6224939113433687	4.676713466644287	2	3
277	276	328	327	-13.047655758701834	4.985872745513916	2	3
278	277	327	326	-9.034677591588821	3.899468421936035	2	3
279	278	326	325	-6.402073457708573	5.148138523101807	2	3
280	279	325	324	-5.190017026781366	5.067702770233154	2	3
281	280	324	323	8.399664207016132	5.485224723815918	2	3
282	281	323	322	-8.763453645781706	4.793658256530762	2	3
323	322	352	351	-5.6835867858608795	4.474231243133545	3	4
324	323	351	350	-9.929013999275424	5.291131973266602	3	4
325	324	350	349	-7.589804515209334	4.028164863586426	3	4
326	325	349	348	-9.163044043367703	5.123349189758301	3	4
327	326	348	347	2.8642085844869656	4.157767295837402	3	4
328	327	347	346	-9.795107434074515	5.413749694824219	3	4
329	328	346	345	3.6861590948327083	4.53947114944458	3	4
330	329	345	344	-0.9796697276081765	5.229239463806152	3	4
331	330	344	343	-6.7534096445121214	4.295248508453369	3	4
332	331	343	342	-10.489664120509088	5.171359062194824	3	4
333	332	342	341	-9.886524198640227	4.174818515777588	3	4
334	333	341	340	-16.242097965202273	5.105162620544434	3	4
335	334	340	339	-30.999054640395546	5.1263275146484375	3	4
339	338	391	390	-12.775192115458267	5.278115749359131	4	5
340	339	390	389	-1.0643197187154607	4.68226432800293	4	5
341	340	389	388	4.9316448054200555	5.103272914886475	4	5
342	341	388	387	-15.790068992927367	4.810388088226318	4	5
343	342	387	386	-17.463214689103815	4.961637496948242	4	5
344	343	386	385	-16.554291114138813	4.758512496948242	4	5
345	344	385	384	-9.143853416017794	5.114131450653076	4	5
346	345	384	383	-7.790504071951246	4.532566070556641	4	5
347	346	383	382	-2.7787778380419423	4.8688063621521	4	5
348	347	382	381	-2.789742518183405	4.6471123695373535	4	5
349	348	381	380	-12.874701919960202	5.25274658203125	4	5
350	349	380	379	-11.50912259013131	4.510117053985596	4	5
351	350	379	378	-9.49888865627486	5.059031963348389	4	5
352	351	378	377	3.448678509658734	4.44653844833374	4	5
353	352	377	376	-21.751759319470676	5.294684886932373	4	5
354	353	376	375	-44.09752660418346	4.117040157318115	4	5
355	354	375	374	16.56963145261491	4.739047527313232	4	5
356	355	373	372	-50.17366206999016	4.515151023864746	4	5
357	356	372	371	-31.398252735549583	5.229506492614746	4	5
359	358	371	370	-69.19484726958814	5.231770992279053	4	5
361	360	369	368	-52.29848717637124	4.6212592124938965	4	5
376	375	415	414	12.001336081178353	4.2387566566467285	5	6
377	376	414	413	-7.092202704264051	5.338054180145264	5	6
378	377	413	412	-12.83481986595404	4.408714294433594	5	6
379	378	412	411	-21.529129288791477	5.281668663024902	5	6
380	379	411	410	-10.851132870742088	4.4997758865356445	5	6
381	380	410	409	1.2217522664441314	5.272320747375488	5	6
382	381	409	408	-0.01103731668885719	3.95601224899292	5	6
383	382	408	407	-8.607587507700922	4.953723907470703	5	6
384	383	407	406	-4.224705217460552	4.804689407348633	5	6
385	384	406	405	-2.5512460458890907	5.227095603942871	5	6
386	385	405	404	-13.592168752697539	4.170073509216309	5	6
387	386	404	403	-3.5619293078119996	5.192455291748047	5	6
388	387	403	402	-11.551216116365493	4.579172611236572	5	6
389	388	402	401	-7.372733687973079	5.10561990737915	5	6
390	389	401	400	-6.959104224358487	4.274392604827881	5	6
391	390	400	399	3.231409937278062	4.977228164672852	5	6
397	396	444	443	30.179184347822215	5.235220432281494	6	7
398	397	443	442	-1.6278971233403905	3.94057559967041	6	7
399	398	443	442	-23.47259575325719	5.656924724578857	6	7
400	399	442	441	-13.667431735562854	5.293853759765625	6	7
401	400	441	440	-23.574708311130916	4.2869086265563965	6	7
402	401	440	439	-2.5722393101617778	5.608833312988281	6	7
403	402	439	438	1.648474014956061	4.074573993682861	6	7
404	403	438	437	2.525187024762376	5.232495307922363	6	7
405	404	437	436	-10.521002390043924	4.606725215911865	6	7
406	405	436	435	-19.911154716253503	4.898202896118164	6	7
407	406	435	434	-3.902880318210499	4.96873664855957	6	7
408	407	434	433	0.7978255504051694	4.779979228973389	6	7
409	408	433	432	-15.325482259132546	4.571777820587158	6	7
410	409	432	431	-0.607921050010334	5.671678066253662	6	7
411	410	431	430	-9.786806550925627	4.086671352386475	6	7
412	411	430	429	-6.32497279835299	5.091365814208984	6	7
413	412	429	428	-26.061250422638153	4.559509754180908	6	7
414	413	428	427	-18.37114841307814	5.56559944152832	6	7
415	414	427	426	-25.69560855211529	4.35097074508667	6	7
427	426	471	470	-46.25217392773373	5.5415358543396	7	8
428	427	471	470	5.9507532180373	5.646149158477783	7	8
429	428	470	469	-14.089370007698646	4.142634391784668	7	8
430	429	469	468	8.805471260838738	5.471640110015869	7	8
431	430	468	467	-17.785029146906734	4.636566638946533	7	8
432	431	467	466	-16.8815469490004	5.409557819366455	7	8
433	432	466	465	-13.059764278933203	4.548857688903809	7	8
434	433	465	464	-23.61911037854084	4.982110023498535	7	8
435	434	464	463	-15.807135128620175	4.8047027587890625	7	8
436	435	463	462	-4.574903288553433	4.990196704864502	7	8
437	436	462	461	-3.7520919360950877	4.362085819244385	7	8
438	437	461	460	0.04700271413937652	5.150733470916748	7	8
439	438	460	459	6.071727016605455	4.293708324432373	7	8
440	439	458	457	-1.7908175108368587	5.733795642852783	7	8
441	440	458	457	-34.09165464232424	3.912513017654419	7	8
442	441	457	456	-12.982255056798438	5.6759467124938965	7	8
443	442	456	455	-13.982505274447592	4.3077006340026855	7	8
444	443	455	454	-18.899483242870964	5.17411470413208	7	8
445	444	454	453	-13.531317715946985	4.590448379516602	7	8
446	445	453	452	-34.67401622863138	5.453648090362549	7	8
447	446	452	451	-26.913442473109228	4.645190715789795	7	8
452	451	497	496	-20.672489418505712	5.177389144897461	8	9
453	452	496	495	-22.11888751640683	5.416270732879639	8	9
454	453	495	494	-13.230251715909048	4.710250377655029	8	9
455	454	494	493	-11.395765587030812	5.0327558517456055	8	9
456	455	493	492	-18.62748191164561	4.4864935874938965	8	9
457	456	492	491	-4.015322639559205	4.780519962310791	8	9
458	457	491	490	16.405810388158333	4.111156463623047	8	9
459	458	490	489	-29.078998404626688	5.718069076538086	8	9
460	459	489	488	-9.369104710045338	4.525689125061035	8	9
461	460	488	487	-11.299055247758666	5.092179775238037	8	9
462	461	487	486	8.825853448970166	4.545016765594482	8	9
463	462	485	484	54.94805761319377	5.602539539337158	8	9
464	463	485	484	-16.545332143043485	4.11765718460083	8	9
465	464	484	483	0.6531434328225288	4.987279891967773	8	9
466	465	483	482	-29.69304551253883	4.677385330200195	8	9
483	482	516	515	-2.790713710506399	4.497110843658447	9	10
484	483	515	514	-8.52993164703422	5.472898960113525	9	10
485	484	514	513	-0.8820584207584493	4.488807678222656	9	10
486	485	513	512	-13.137967913493895	5.2360358238220215	9	10
487	486	512	511	-26.06950236138934	4.147266864776611	9	10
488	487	511	510	-10.36690400774927	5.437707424163818	9	10
489	488	510	509	-11.650283500117059	4.453217506408691	9	10
490	489	509	508	-14.256484780000092	5.255023956298828	9	10
491	490	508	507	-2.1538490670537542	4.115725517272949	9	10
492	491	506	505	31.951143176478343	5.538487434387207	9	10
493	492	506	505	-29.853218215542555	4.086373329162598	9	10
494	493	505	504	-0.7468972672268093	5.392557144165039	9	10
495	494	504	503	-6.110224007265518	4.3958940505981445	9	10
496	495	503	502	-14.997411138829968	4.961618900299072	9	10
497	496	502	501	-18.27481098418999	4.554078102111816	9	10
502	501	571	570	-5.625814444774617	4.644928932189941	10	11
503	502	570	569	-0.16820537222802295	4.753557205200195	10	11
504	503	569	568	-11.57610808096259	4.984564304351807	10	11
505	504	568	567	2.027634497825354	4.727933406829834	10	11
506	505	567	566	6.281476679888968	4.439414978027344	10	11
507	506	566	565	-29.95422466125678	5.284499168395996	10	11
508	507	565	564	-16.232867479119047	4.266143321990967	10	11
509	508	564	563	-19.7167117071542	5.206549644470215	10	11
510	509	563	562	-25.398398861448168	4.334095478057861	10	11
511	510	562	561	-14.108027209902637	5.511157035827637	10	11
512	511	561	560	-25.033677938428912	4.1918625831604	10	11
513	512	559	558	45.71735909261991	5.355661869049072	10	11
514	513	559	558	-25.800199408966854	4.673393726348877	10	11
515	514	558	557	-7.055112371724064	5.471796035766602	10	11
516	515	557	556	21.560200346997316	4.475093841552734	10	11
517	516	556	555	-32.62359604187806	5.260494232177734	10	11
518	517	555	554	-3.7526538852539764	4.873381614685059	10	11
519	518	554	553	-26.485540270948654	5.445698261260986	10	11
520	519	553	552	-5.200900397814858	4.271207809448242	10	11
521	520	552	551	-26.62957344038222	5.414772033691406	10	11
522	521	551	550	-27.236236610277896	4.278684616088867	10	11
523	522	550	549	-41.4231627928142	5.551172733306885	10	11
524	523	549	548	-55.30812482245607	4.96338415145874	10	11
565	564	586	585	-20.4367441318346	5.357565402984619	11	12
566	565	585	584	57.48177877190216	5.561524391174316	11	12
567	566	585	584	-10.243489918627061	4.191478729248047	11	12
568	567	584	583	-12.137040349507572	5.156869888305664	11	12
569	568	583	582	-2.391318241239983	4.22389554977417	11	12
570	569	582	581	2.0490539034862687	5.261655807495117	11	12
571	570	581	580	-18.978881571533456	3.9903931617736816	11	12
578	577	630	629	31.68391273064183	5.480043888092041	12	13
579	578	628	627	-21.59654562870749	4.8179521560668945	12	13
580	579	626	625	21.1741958801915	5.444368362426758	12	13
581	580	626	625	-42.888407466200896	4.509997367858887	12	13
582	581	625	624	-10.594360413870307	5.667858600616455	12	13
583	582	624	623	-10.969481496183503	4.371654987335205	12	13
584	583	623	622	-5.8295695898785045	5.078283309936523	12	13
585	584	622	621	1.3522349126060442	4.661029815673828	12	13
586	585	621	620	-24.457616574975628	5.32797384262085	12	13
587	586	620	619	-15.729957079504508	4.499503135681152	12	13
588	587	619	618	-21.043998426831017	5.004852771759033	12	13
589	588	618	617	-10.487662952111677	4.675305366516113	12	13
618	617	653	652	-20.258541235394343	4.833045482635498	13	14
619	618	651	650	33.878370764349484	5.7264790534973145	13	14
620	619	651	650	-13.794362156870108	4.347878456115723	13	14
621	620	650	649	-14.401434867663248	5.1054301261901855	13	14
622	621	649	648	-1.9999089391125702	4.1309003829956055	13	14
623	622	648	647	-9.417823366365482	5.1601881980896	13	14
624	623	647	646	0.34882843434241645	4.374892234802246	13	14
625	624	646	645	-20.145929625823744	5.319933891296387	13	14
626	625	645	644	20.099821132248167	3.856130361557007	13	14
627	626	644	643	-9.680229918062608	5.576218605041504	13	14
628	627	643	642	-9.618400593378329	4.170531749725342	13	14
629	628	642	641	15.091972627332764	4.9061479568481445	13	14
630	629	641	640	-11.227564228918775	4.871711730957031	13	14
640	639	695	694	-2.6000501212509315	5.679828643798828	14	15
641	640	694	693	-3.565337416960655	4.534945011138916	14	15
642	641	693	692	-10.33745171212117	5.219503402709961	14	15
643	642	692	691	2.010253314491617	4.019633769989014	14	15
644	643	691	690	-1.0139813246918443	5.281933784484863	14	15
645	644	690	689	5.692467884480101	4.628849506378174	14	15
646	645	689	688	-18.79692619374913	5.234586715698242	14	15
647	646	688	687	-36.19314805204263	4.636176586151123	14	15
648	647	686	685	65.33033834819409	5.248067855834961	14	15
649	648	686	685	-9.299661004970819	4.369975566864014	14	15
650	649	685	684	-4.825686859907825	5.154684066772461	14	15
651	650	684	683	-27.224971158292345	4.327876567840576	14	15
652	651	683	682	-35.56628790216563	5.191293239593506	14	15
653	652	682	681	-26.25980151408539	4.686192035675049	14	15
654	653	678	677	-26.252216066126298	4.67506217956543	14	15
655	654	679	678	-38.180738171843885	5.25485897064209	14	15
656	655	678	677	-45.787614177804564	4.265672206878662	14	15
657	656	676	675	30.436964998945232	5.088109970092773	14	15
658	657	676	675	-58.092087363343644	3.975156307220459	14	15
680	679	715	714	-133.50383483653954	5.4399237632751465	15	16
681	680	715	714	-45.45989058287889	5.304012775421143	15	16
687	686	709	708	-49.60382989905053	5.449609756469727	15	16
688	687	708	707	10.711004898345871	4.42335319519043	15	16
689	688	707	706	-7.030245416853213	4.94858455657959	15	16
690	689	706	705	-11.377473146882215	4.575287342071533	15	16
691	690	705	704	6.744392367654204	5.102561950683594	15	16
692	691	704	703	6.4201943987939165	4.203237533569336	15	16
693	692	703	702	-0.6557296921588582	5.129265785217285	15	16
694	693	702	701	-4.024218838218336	4.479048728942871	15	16
695	694	701	700	15.061186488023887	5.382750511169434	15	16
701	700	772	771	-23.109154828655182	5.325302600860596	16	17
702	701	771	770	-3.3465260260517247	4.710234642028809	16	17
703	702	770	769	0.7809033940661233	5.006133556365967	16	17
704	703	769	768	2.359883433575629	4.422410488128662	16	17
705	704	767	766	28.717026242531045	5.125483512878418	16	17
706	705	767	766	-26.597508807789406	3.825239896774292	16	17
708	707	765	764	-0.7709263012507731	5.161077499389648	16	17
715	714	751	750	-19.26336335557402	5.399011611938477	16	17
716	715	750	749	-25.212587248512193	4.374367713928223	16	17
765	764	792	791	-38.263064956398544	5.40017557144165	17	18
767	766	789	788	-20.986040625214912	4.175986289978027	17	18
768	767	788	787	-35.06645636210748	5.70018196105957	17	18
769	768	787	786	-2.00653612233067	4.679074287414551	17	18
770	769	786	785	-16.780001270875328	5.089044094085693	17	18
771	770	785	784	-6.595169967142145	4.065040588378906	17	18
772	771	783	782	1.7288457763814813	5.350322246551514	17	18
773	772	783	782	-44.334922233441425	3.881967782974243	17	18
774	773	782	781	-25.97078165302296	5.675200462341309	17	18
775	774	781	780	-10.56225214304678	4.558961391448975	17	18
781	780	819	818	-20.876574036072153	4.794011116027832	18	19
782	781	818	817	3.3210153946112015	5.065698146820068	18	19
783	782	817	816	13.190541457279162	3.9881887435913086	18	19
784	783	816	815	-28.552421873536645	5.6900506019592285	18	19
785	784	815	814	-22.473371601330857	4.580259323120117	18	19
786	785	814	813	-23.96379114599597	4.972250461578369	18	19
787	786	813	812	-27.23984242740014	4.854391098022461	18	19
788	787	812	811	-6.15251177012002	5.0481719970703125	18	19
789	788	811	810	23.00575408103218	4.372890949249268	18	19
790	789	809	808	101.69896863443628	5.206677436828613	18	19
791	790	809	808	-2.7023029375138607	4.8636088371276855	18	19
792	791	809	808	-5.9262211066897885	3.8000006675720215	18	19
793	792	807	806	20.25738408080607	5.44785737991333	18	19
794	793	806	805	48.38112892314573	4.845458507537842	18	19
814	813	834	833	-71.8347389397587	5.379302978515625	19	20
815	814	832	831	8.96889091366404	5.072857856750488	19	20
816	815	831	830	4.77386255487885	4.964270114898682	19	20
817	816	830	829	-11.488727190496949	3.9923813343048096	19	20
818	817	829	828	-0.017185337174745352	5.209309101104736	19	20
819	818	828	827	-20.549464340123272	4.268972396850586	19	20
827	826	862	861	-17.99673265708396	4.985866069793701	20	21
828	827	861	860	-23.932516152070328	4.390115261077881	20	21
829	828	859	858	29.396200218702276	5.444758892059326	20	21
830	829	859	858	-18.182112302565	3.9152612686157227	20	21
831	830	858	857	-23.539055892169937	5.462585926055908	20	21
832	831	857	856	-21.964388728913008	4.492283821105957	20	21
833	832	856	855	-5.165529440479187	4.932313442230225	20	21
834	833	855	854	144.22031714364857	4.2985687255859375	20	21
835	834	855	854	50.01016375108305	5.239042282104492	20	21
837	836	854	853	37.11725258463532	4.751066207885742	20	21
858	857	252	251	-0.05614386789773446	5.676370143890381	21	0
859	858	252	251	-33.22860670351593	3.992725372314453	21	0
860	859	250	249	1.992578343875136	5.5693769454956055	21	0
861	860	250	249	2.8100660668773534	3.780898094177246	21	0
862	861	249	248	-1.4843128845817766	5.483743667602539	21	0
