30	29	44	43	0.3069995085390932	5.5332207679748535	0	1
31	30	44	43	-41.99259351055871	4.478989601135254	0	1
32	31	43	42	-11.864212313102078	5.536311149597168	0	1
33	32	42	41	-23.507543613724625	4.457705974578857	0	1
34	33	41	40	-47.073088104844885	5.268237113952637	0	1
35	34	40	39	-49.40244808770136	4.62121057510376	0	1
44	43	74	73	-58.23031549547231	5.226747035980225	1	2
45	44	74	73	-30.293796472427424	5.110174655914307	1	2
46	45	73	72	-41.400428633548294	4.290846347808838	1	2
47	46	72	71	-38.634189112441334	5.119644641876221	1	2
48	47	69	68	-25.06518978486542	5.54058837890625	1	2
49	48	68	67	-5.806832056328564	4.2746171951293945	1	2
50	49	67	66	-9.180454389308315	5.331075191497803	1	2
51	50	66	65	-10.95256088514086	3.9117214679718018	1	2
52	51	65	64	9.07681362896494	5.390068531036377	1	2
53	52	64	63	19.872063174541424	4.8504204750061035	1	2
54	53	63	62	31.129703671539197	4.7757768630981445	1	2
55	54	61	60	-4.167104470299063	4.455045700073242	1	2
65	64	102	101	-4.846701113147757	5.268385887145996	2	3
66	65	101	100	17.52212020017641	4.246707439422607	2	3
67	66	100	99	-11.069610262757031	5.276998043060303	2	3
68	67	99	98	-23.106987105095296	4.332174777984619	2	3
99	98	115	114	-50.06511530197854	5.598214149475098	3	4
100	99	115	114	-12.052035028408746	5.106605052947998	3	4
101	100	114	113	-2.6168755918708864	4.513763427734375	3	4
102	101	112	111	-16.893110457687566	5.257232666015625	3	4
103	102	112	111	-79.73315713416217	4.042272567749023	3	4
104	103	112	111	6.966705428388472	4.693970203399658	3	4
109	108	127	126	-41.44047794442467	4.9075422286987305	4	5
110	109	126	125	-31.401687273113293	5.027233600616455	4	5
111	110	125	124	-15.887156423170046	5.062227725982666	4	5
112	111	124	123	-33.71919250007998	4.373793601989746	4	5
113	112	123	122	-42.59007894426593	5.585655689239502	4	5
114	113	122	121	-48.46517506312848	4.534382343292236	4	5
126	125	149	148	-50.72282943853077	4.507664203643799	5	6
127	126	148	147	-13.924487528763661	5.260318279266357	5	6
128	127	147	146	-13.959487681499041	4.159623622894287	5	6
129	128	146	145	-13.354751095691487	5.303802967071533	5	6
130	129	145	144	-5.494642012579405	4.71828556060791	5	6
131	130	144	143	-2.8036491360340037	5.242992877960205	5	6
132	131	143	142	7.056632182011731	4.655457496643066	5	6
143	142	180	179	-23.7834078696282	4.26287317276001	6	7
144	143	179	178	-26.304825130183332	5.359622955322266	6	7
145	144	178	177	-24.99157194971992	4.578035354614258	6	7
146	145	177	176	-6.85649539554654	4.940491676330566	6	7
147	146	176	175	8.967503333372527	4.523366451263428	6	7
148	147	175	174	-12.827246652938737	4.977851390838623	6	7
149	148	174	173	-3.7525626355160093	4.381540298461914	6	7
150	149	173	172	-34.460836558846026	5.09860897064209	6	7
151	150	172	171	-20.640118536103593	4.374876499176025	6	7
172	171	33	32	-27.8359492652772	5.1279706954956055	7	0
173	172	32	31	-14.52440677086619	5.090243339538574	7	0
174	173	31	30	-28.361280868416973	4.617737293243408	7	0
175	174	30	29	-13.608408564381591	5.095799922943115	7	0
176	175	29	28	-7.534695899668158	4.684722423553467	7	0
177	176	28	27	28.636083291291357	5.035198211669922	7	0
178	177	27	26	24.805310642845516	4.383336067199707	7	0
179	178	27	26	110.06378051745804	5.522468566894531	7	0
180	179	22	21	-38.30962897233484	4.120406150817871	7	0
30	29	44	43	0.3069995085390932	5.5332207679748535	0	1
31	30	44	43	-41.99259351055871	4.478989601135254	0	1
32	31	43	42	-11.864212313102078	5.536311149597168	0	1
33	32	42	41	-23.507543613724625	4.457705974578857	0	1
34	33	41	40	-47.073088104844885	5.268237113952637	0	1
35	34	40	39	-49.40244808770136	4.62121057510376	0	1
44	43	74	73	-58.23031549547231	5.226747035980225	1	2
45	44	74	73	-30.293796472427424	5.110174655914307	1	2
46	45	73	72	-41.400428633548294	4.290846347808838	1	2
47	46	72	71	-38.634189112441334	5.119644641876221	1	2
48	47	69	68	-25.06518978486542	5.54058837890625	1	2
49	48	68	67	-5.806832056328564	4.2746171951293945	1	2
50	49	67	66	-9.180454389308315	5.331075191497803	1	2
51	50	66	65	-10.95256088514086	3.9117214679718018	1	2
52	51	65	64	9.07681362896494	5.390068531036377	1	2
53	52	64	63	19.872063174541424	4.8504204750061035	1	2
54	53	63	62	31.129703671539197	4.7757768630981445	1	2
55	54	61	60	-4.167104470299063	4.455045700073242	1	2
65	64	102	101	-4.846701113147757	5.268385887145996	2	3
66	65	101	100	17.52212020017641	4.246707439422607	2	3
67	66	100	99	-11.069610262757031	5.276998043060303	2	3
68	67	99	98	-23.106987105095296	4.332174777984619	2	3
99	98	115	114	-50.06511530197854	5.598214149475098	3	4
100	99	115	114	-12.052035028408746	5.106605052947998	3	4
101	100	114	113	-2.6168755918708864	4.513763427734375	3	4
102	101	112	111	-16.893110457687566	5.257232666015625	3	4
103	102	112	111	-79.73315713416217	4.042272567749023	3	4
104	103	112	111	6.966705428388472	4.693970203399658	3	4
109	108	127	126	-41.44047794442467	4.9075422286987305	4	5
110	109	126	125	-31.401687273113293	5.027233600616455	4	5
111	110	125	124	-15.887156423170046	5.062227725982666	4	5
112	111	124	123	-33.71919250007998	4.373793601989746	4	5
113	112	123	122	-42.59007894426593	5.585655689239502	4	5
114	113	122	121	-48.46517506312848	4.534382343292236	4	5
126	125	149	148	-50.72282943853077	4.507664203643799	5	6
127	126	148	147	-13.924487528763661	5.260318279266357	5	6
128	127	147	146	-13.959487681499041	4.159623622894287	5	6
129	128	146	145	-13.354751095691487	5.303802967071533	5	6
130	129	145	144	-5.494642012579405	4.71828556060791	5	6
131	130	144	143	-2.8036491360340037	5.242992877960205	5	6
132	131	143	142	7.056632182011731	4.655457496643066	5	6
143	142	180	179	-23.7834078696282	4.26287317276001	6	7
144	143	179	178	-26.304825130183332	5.359622955322266	6	7
145	144	178	177	-24.99157194971992	4.578035354614258	6	7
146	145	177	176	-6.85649539554654	4.940491676330566	6	7
147	146	176	175	8.967503333372527	4.523366451263428	6	7
148	147	175	174	-12.827246652938737	4.977851390838623	6	7
149	148	174	173	-3.7525626355160093	4.381540298461914	6	7
150	149	173	172	-34.460836558846026	5.09860897064209	6	7
151	150	172	171	-20.640118536103593	4.374876499176025	6	7
172	171	33	32	-27.8359492652772	5.1279706954956055	7	0
173	172	32	31	-14.52440677086619	5.090243339538574	7	0
174	173	31	30	-28.361280868416973	4.617737293243408	7	0
175	174	30	29	-13.608408564381591	5.095799922943115	7	0
176	175	29	28	-7.534695899668158	4.684722423553467	7	0
177	176	28	27	28.636083291291357	5.035198211669922	7	0
178	177	27	26	24.805310642845516	4.383336067199707	7	0
179	178	27	26	110.06378051745804	5.522468566894531	7	0
180	179	22	21	-38.30962897233484	4.120406150817871	7	0
