157	156	182	181	-14.695694056320265	5.595595836639404	0	1
158	157	181	180	25.18046553399937	4.037939071655273	0	1
159	158	180	179	3.541313594013649	4.998717308044434	0	1
160	159	179	178	-28.319777184834795	4.214507579803467	0	1
161	160	178	177	-6.394605613745024	5.302152156829834	0	1
162	161	177	176	-2.935299950491442	4.409865856170654	0	1
163	162	176	175	2.872742330673428	5.0916547775268555	0	1
164	163	175	174	10.483059140955973	4.279225826263428	0	1
175	174	200	199	8.094314276008026	4.129717826843262	1	2
176	175	199	198	7.430263077978288	5.374724388122559	1	2
177	176	198	197	-1.0915416930153843	4.19451379776001	1	2
178	177	197	196	-4.30292314747052	5.422125339508057	1	2
179	178	196	195	0.4325025406977825	4.069639682769775	1	2
180	179	194	193	35.460316113748505	5.389709949493408	1	2
181	180	194	193	-20.680157567897385	4.32625675201416	1	2
182	181	193	192	-8.278531185010415	5.4965500831604	1	2
183	182	192	191	35.526340601991095	4.117637634277344	1	2
190	189	241	240	-9.255823813063666	4.681999206542969	2	3
191	190	240	239	-30.696479204347618	5.044062614440918	2	3
192	191	239	238	-12.776723541502907	4.385390281677246	2	3
193	192	238	237	-5.906553236588484	5.056507110595703	2	3
194	193	237	236	8.488653864175292	4.38026237487793	2	3
195	194	236	235	-1.658709244230479	5.3833489418029785	2	3
196	195	235	234	1.7286909646739574	4.2271728515625	2	3
197	196	234	233	-5.960696701072386	5.019486427307129	2	3
198	197	233	232	2.554864089641156	4.8000030517578125	2	3
199	198	232	231	-13.619460368856561	4.938642978668213	2	3
200	199	231	230	0.17360466943516845	4.502444744110107	2	3
230	229	261	260	-34.4382901399859	4.423606872558594	3	4
231	230	260	259	-27.622473450082595	4.298947334289551	3	4
232	231	259	258	-16.185646065764566	5.127228736877441	3	4
233	232	258	257	-8.69932916200431	4.68714714050293	3	4
234	233	257	256	3.1159905919026905	5.202036380767822	3	4
235	234	256	255	3.1290895479449263	4.328653335571289	3	4
236	235	255	254	-6.33377935541364	5.430139064788818	3	4
237	236	254	253	-3.461219429376218	4.243215560913086	3	4
238	237	252	251	45.800984443399855	5.465155601501465	3	4
239	238	252	251	-12.296016200796146	4.115897178649902	3	4
240	239	251	250	-9.372138357332112	5.311229228973389	3	4
241	240	250	249	-24.47266095887234	4.441788673400879	3	4
242	241	249	248	-18.20902751722062	5.209063529968262	3	4
243	242	248	247	-45.499548068153175	4.475895881652832	3	4
247	246	298	297	-22.44385562187469	4.531671047210693	4	5
248	247	297	296	-16.98391708137568	4.492697238922119	4	5
249	248	296	295	-14.261259494423427	5.095023155212402	4	5
250	249	295	294	-15.009835321362184	4.4855570793151855	4	5
251	250	294	293	-12.674349428702074	4.997259616851807	4	5
252	251	293	292	-13.890347115518273	4.67849588394165	4	5
253	252	292	291	-6.798377237247037	5.296744346618652	4	5
254	253	291	290	-5.696067467669129	4.524044036865234	4	5
255	254	290	289	-4.511681820315576	4.933703422546387	4	5
256	255	289	288	-3.1149341820452143	4.838271141052246	4	5
257	256	288	287	-15.380614654716556	5.146303653717041	4	5
258	257	287	286	-7.406875228739441	4.586048126220703	4	5
259	258	286	285	-3.307181705574582	5.238503456115723	4	5
260	259	285	284	-20.36454219246966	4.389374256134033	4	5
285	284	317	316	-6.282677316485779	4.092729091644287	5	6
286	285	316	315	-17.989041615556197	5.195994853973389	5	6
287	286	315	314	-7.072247959457457	4.629444599151611	5	6
288	287	314	313	-5.770978387757843	5.116219520568848	5	6
289	288	313	312	-12.507559133695995	4.530829429626465	5	6
290	289	312	311	-14.05126224054603	5.060242652893066	5	6
291	290	311	310	-3.7631420701567064	4.506173133850098	5	6
292	291	310	309	-12.646014843360653	5.227079391479492	5	6
293	292	309	308	0.9680183046204696	4.245820999145508	5	6
294	293	308	307	3.3642548968008956	5.458560466766357	5	6
295	294	307	306	-18.440717504276254	4.3806023597717285	5	6
296	295	306	305	-1.71368977823909	5.394567966461182	5	6
297	296	305	304	-7.868276942789858	4.931125640869141	5	6
298	297	304	303	0.9421260184923987	4.99151611328125	5	6
304	303	352	351	-20.64474401218723	5.012908935546875	6	7
305	304	351	350	-12.18547047889274	4.5293049812316895	6	7
306	305	350	349	4.287959060307	5.41901969909668	6	7
307	306	349	348	7.018260526627306	4.188479900360107	6	7
308	307	348	347	-3.46395451885638	5.247657299041748	6	7
309	308	347	346	-7.456999439992806	4.4637131690979	6	7
310	309	346	345	-8.999644399046886	5.145341873168945	6	7
311	310	345	344	-14.87243222027838	4.459980487823486	6	7
312	311	344	343	-8.716069047066515	5.109518051147461	6	7
313	312	343	342	-8.871463555089456	4.6385722160339355	6	7
314	313	342	341	-10.678118749552995	5.033609867095947	6	7
315	314	341	340	-24.301574742065366	4.648001194000244	6	7
316	315	340	339	-15.720389204972516	5.115095615386963	6	7
317	316	339	338	-29.525625999253013	4.176130294799805	6	7
341	340	376	375	14.362420077964748	4.383119106292725	7	8
342	341	375	374	-6.371067699241618	5.058711528778076	7	8
343	342	374	373	-9.936255829036062	4.585926532745361	7	8
344	343	373	372	-6.314625210135426	5.052875518798828	7	8
345	344	372	371	-4.491995180008206	4.581687927246094	7	8
346	345	371	370	3.268258538842159	5.339301109313965	7	8
347	346	370	369	-9.603851514368921	4.475245475769043	7	8
348	347	369	368	-3.8614698364368474	5.1449689865112305	7	8
349	348	368	367	-7.105905030182029	4.192979335784912	7	8
350	349	367	366	5.119745854734062	5.325372219085693	7	8
351	350	366	365	-14.84805846148557	3.9921152591705322	7	8
352	351	365	364	-15.498588504532243	5.463894844055176	7	8
353	352	364	363	-20.579164850832864	4.522918224334717	7	8
354	353	363	362	-22.105884826864035	4.83666467666626	7	8
355	354	362	361	-45.184140760379115	4.242577075958252	7	8
362	361	415	414	8.836463637210345	4.205612659454346	8	9
363	362	414	413	-8.878180048238706	5.1827392578125	8	9
364	363	413	412	-22.109296950282047	4.434576988220215	8	9
365	364	412	411	-3.8229472415149797	5.045165538787842	8	9
366	365	411	410	-7.501132212304238	4.753262996673584	8	9
367	366	410	409	-24.390199570856257	5.280817985534668	8	9
368	367	409	408	-9.168023819828461	4.499297618865967	8	9
369	368	408	407	-9.97050959727003	5.034732341766357	8	9
370	369	407	406	2.909767219045605	4.411407470703125	8	9
371	370	406	405	-7.786159144156491	5.3288960456848145	8	9
372	371	405	404	-19.02898688580863	4.329159259796143	8	9
373	372	403	402	45.374067825690844	5.39271879196167	8	9
374	373	403	402	-27.3411872496683	4.327017307281494	8	9
375	374	402	401	-8.920939295536062	5.287511825561523	8	9
376	375	401	400	-35.60529110862933	4.467989444732666	8	9
406	405	433	432	-27.574076437080393	5.608686923980713	9	10
407	406	432	431	-16.11979595715163	4.300668716430664	9	10
408	407	431	430	-17.22809256429906	5.145169258117676	9	10
409	408	430	429	-10.565907544297035	4.244418144226074	9	10
410	409	429	428	-16.55534021934592	5.134640693664551	9	10
411	410	428	427	7.140967942179339	4.392345905303955	9	10
412	411	427	426	3.7831502810876034	5.412778854370117	9	10
413	412	426	425	-5.341475837542813	3.969456672668457	9	10
414	413	424	423	60.3020931943527	5.577311992645264	9	10
415	414	424	423	-20.096499811411174	4.494586944580078	9	10
416	415	423	422	-24.047392254921018	5.039372444152832	9	10
417	416	422	421	-56.48698076230631	4.516324996948242	9	10
422	421	447	446	10.329550703619361	4.57975435256958	10	11
423	422	446	445	10.984813767213891	5.349767684936523	10	11
424	423	445	444	-24.21092745097422	4.650778770446777	10	11
425	424	444	443	-3.3796796195435648	5.184138774871826	10	11
426	425	443	442	-11.664564296362451	4.4333086013793945	10	11
427	426	442	441	-15.318671448757838	4.809791564941406	10	11
428	427	441	440	-5.0124082211937235	4.598217487335205	10	11
429	428	440	439	-17.380012163689212	4.916462421417236	10	11
430	429	439	438	-15.781666142458171	4.811946392059326	10	11
441	440	461	460	-30.755487529987917	4.888911247253418	11	12
442	441	460	459	62.212666262172306	5.61087703704834	11	12
443	442	460	459	0.8551835958412762	4.269588470458984	11	12
444	443	459	458	9.407932515612503	5.554832458496094	11	12
445	444	458	457	-7.179486468624831	4.148094654083252	11	12
446	445	457	456	-6.517921805792314	5.615457057952881	11	12
447	446	456	455	-19.156225588910583	4.372647762298584	11	12
448	447	455	454	-23.913009935837238	5.133053302764893	11	12
449	448	454	453	-52.427139786930276	4.52977180480957	11	12
453	452	514	513	-32.689563215183185	5.261460781097412	12	13
454	453	513	512	-18.813553418764343	4.499220848083496	12	13
455	454	512	511	-11.119529902589681	5.532456874847412	12	13
456	455	511	510	-19.658159249512547	4.498543739318848	12	13
457	456	510	509	-13.963512803259414	5.103917598724365	12	13
458	457	509	508	10.071163453675878	4.419534206390381	12	13
459	458	508	507	4.536069642406844	5.287919998168945	12	13
460	459	507	506	-6.432772143514363	4.164687633514404	12	13
461	460	506	505	-36.89630300067388	5.485461235046387	12	13
462	461	505	504	-31.037680482733315	4.4103498458862305	12	13
463	462	504	503	-18.402862790527198	5.207307815551758	12	13
464	463	503	502	-18.29235605371621	4.6433634757995605	12	13
465	464	502	501	-23.706757524611792	5.031005859375	12	13
466	465	501	500	-41.30446905322599	4.696840286254883	12	13
471	470	495	494	-176.41363337285824	4.910577297210693	12	13
472	471	497	496	81.32132364176701	4.4645209312438965	12	13
473	472	495	494	42.830380421631716	4.638956069946289	12	13
474	473	495	494	-72.03144249195857	4.374879360198975	12	13
476	475	495	494	-8.681711794956898	5.246448040008545	12	13
477	476	494	493	-8.48202849474395	4.674539089202881	12	13
478	477	493	492	-25.11446672967517	5.035040378570557	12	13
479	478	492	491	-19.163156607163558	4.4130859375	12	13
503	502	531	530	-16.08404107960929	4.845846652984619	13	14
504	503	530	529	-23.899037866140127	5.085255146026611	13	14
505	504	529	528	-5.444573991397651	4.081025123596191	13	14
506	505	528	527	-7.136053536088774	5.004063129425049	13	14
507	506	527	526	-10.86947646579651	4.226982116699219	13	14
508	507	526	525	-10.545994041135577	5.455737113952637	13	14
509	508	525	524	-10.986920850537478	4.287278652191162	13	14
510	509	524	523	-8.370335062522747	5.340451240539551	13	14
511	510	523	522	-6.637895155587108	4.05248498916626	13	14
512	511	522	521	2.274371984998531	5.671607494354248	13	14
513	512	521	520	-10.23704518916708	3.9466116428375244	13	14
514	513	520	519	1.1130078015455698	5.071488380432129	13	14
520	519	574	573	13.420735773569858	4.954049587249756	14	15
521	520	573	572	8.898107790405254	4.619175910949707	14	15
522	521	572	571	-3.485773517516841	5.0562896728515625	14	15
523	522	571	570	-10.35923883707271	4.494944095611572	14	15
524	523	570	569	-19.78369929818337	5.143535137176514	14	15
525	524	569	568	-40.820371352919004	4.57615327835083	14	15
526	525	568	567	6.346921460133084	5.529128551483154	14	15
527	526	567	566	-2.2161570091447502	4.274555206298828	14	15
528	527	566	565	1.6679619715385205	5.330290794372559	14	15
529	528	565	564	-41.269234554176414	4.954850673675537	14	15
530	529	564	563	-20.72806565174728	4.928125381469727	14	15
531	530	563	562	-33.37739850607301	4.947874546051025	14	15
532	531	560	559	-20.607517985927192	4.416926860809326	14	15
533	532	561	560	-43.567969390970724	5.0757575035095215	14	15
534	533	560	559	-46.2543913643968	4.627270221710205	14	15
535	534	559	558	-48.918787026569866	5.503884792327881	14	15
536	535	558	557	-47.031349935255406	4.629245281219482	14	15
565	564	595	594	2.6502465407332934	4.458140850067139	15	16
566	565	594	593	-1.6398411170369598	5.5229902267456055	15	16
567	566	593	592	20.126877821920203	4.365211486816406	15	16
568	567	592	591	20.02168411705538	5.015688419342041	15	16
569	568	590	589	11.579763475861617	4.491428375244141	15	16
570	569	589	588	-8.888902114836428	5.090687274932861	15	16
571	570	588	587	-12.383241049543713	4.448772430419922	15	16
572	571	587	586	-12.692525095138325	4.849050045013428	15	16
573	572	586	585	-12.304041674043116	4.323498249053955	15	16
574	573	585	584	0.8892878193113746	5.03972053527832	15	16
575	574	584	583	-3.6154571762655734	4.232658386230469	15	16
576	575	583	582	-18.650321550477006	5.1203460693359375	15	16
577	576	582	581	-50.65098929785885	4.661377906799316	15	16
582	581	616	615	-5.366927667334938	4.556241035461426	16	17
583	582	615	614	-16.901433084113165	5.1648101806640625	16	17
584	583	614	613	-15.654327141143103	4.5822553634643555	16	17
585	584	613	612	-7.640101756794608	5.129510879516602	16	17
586	585	612	611	2.524557764725828	4.309187412261963	16	17
587	586	611	610	-12.577803444898986	5.311193943023682	16	17
588	587	610	609	0.0994351277399169	4.322262287139893	16	17
589	588	609	608	3.4215942704920237	5.138320446014404	16	17
590	589	608	607	-24.88650672426957	4.407177925109863	16	17
591	590	607	606	145.25785383297807	5.3206257820129395	16	17
594	593	602	601	-63.82697009015357	5.355611801147461	16	17
595	594	601	600	-53.23998119358959	4.700442790985107	16	17
607	606	634	633	-55.887475984070484	4.8528666496276855	17	18
608	607	632	631	-48.54144343461893	4.886813640594482	17	18
609	608	632	631	-5.188410998000409	4.883033752441406	17	18
610	609	631	630	-6.181025124461022	4.688441276550293	17	18
611	610	630	629	-3.6005979516577367	5.112416744232178	17	18
612	611	629	628	-13.195973547194317	4.446717739105225	17	18
613	612	628	627	-7.300353443787265	5.176711082458496	17	18
614	613	627	626	-16.04071531335974	4.334939002990723	17	18
615	614	626	625	-0.751548050074641	5.047123432159424	17	18
616	615	625	624	-22.31795013086133	4.626338481903076	17	18
617	616	624	623	-11.906646119971235	5.169371128082275	17	18
618	617	623	622	-49.31836228221698	4.577686786651611	17	18
623	622	666	665	-4.5066171998602265	4.690005302429199	18	19
624	623	665	664	-1.768075201769442	5.228483200073242	18	19
625	624	664	663	-34.26304701938014	4.280075550079346	18	19
626	625	663	662	-5.743405093203388	5.374783039093018	18	19
627	626	662	661	-17.00919092135035	4.4852447509765625	18	19
628	627	661	660	-6.952482144245111	5.093391418457031	18	19
629	628	660	659	-12.70715248352499	4.229040622711182	18	19
630	629	659	658	-10.089133483831347	5.191295623779297	18	19
631	630	658	657	-33.655028365394024	4.2532219886779785	18	19
632	631	657	656	5.3916152461094695	5.452028751373291	18	19
633	632	656	655	4.888470564965913	4.281308174133301	18	19
634	633	656	655	-67.7985260678841	4.784801959991455	18	19
660	659	680	679	-63.80856796494815	5.140615463256836	19	20
661	660	680	679	-18.821819163058713	4.927945137023926	19	20
662	661	679	678	23.327744095381966	4.456456661224365	19	20
663	662	678	677	12.461224902212159	5.406913757324219	19	20
664	663	677	676	-12.81183307038535	3.641538619995117	19	20
665	664	675	674	30.984163707161116	5.4535980224609375	19	20
666	665	675	674	-29.57351808608218	4.266613960266113	19	20
667	666	674	673	-9.224636360770086	5.266679286956787	19	20
668	667	673	672	-41.50038155000073	4.440650939941406	19	20
672	671	720	719	-24.44413965848911	4.979267120361328	20	21
673	672	719	718	-6.874436922125726	4.638462066650391	20	21
674	673	718	717	-16.705293094249633	5.226308345794678	20	21
675	674	717	716	-15.12443701594203	4.420551300048828	20	21
676	675	716	715	-7.958026919677397	4.843418121337891	20	21
677	676	715	714	1.2808719568849831	4.260380268096924	20	21
678	677	714	713	-28.519198496433333	5.416393756866455	20	21
679	678	713	712	-25.136632111720054	4.280564308166504	20	21
680	679	712	711	-11.062969043189018	5.2230634689331055	20	21
681	680	711	710	140.61370646289708	4.599152565002441	20	21
682	681	711	710	50.01267698741848	5.515902996063232	20	21
684	683	711	710	-36.39479010903371	4.5726470947265625	20	21
686	685	710	709	11.962371910346251	5.198876857757568	20	21
714	713	164	163	21.890016361263665	5.628190040588379	21	0
715	714	164	163	-16.565732935304585	4.149546146392822	21	0
716	715	163	162	-11.288852828565538	5.574435234069824	21	0
717	716	162	161	0.0904889893338666	4.272506237030029	21	0
718	717	161	160	-0.3938715975478447	5.315486431121826	21	0
719	718	160	159	-9.026848886661408	4.362240791320801	21	0
720	719	159	158	-3.5564053484767544	5.188511371612549	21	0
157	156	182	181	-14.695694056320265	5.595595836639404	0	1
158	157	181	180	25.18046553399937	4.037939071655273	0	1
159	158	180	179	3.541313594013649	4.998717308044434	0	1
160	159	179	178	-28.319777184834795	4.214507579803467	0	1
161	160	178	177	-6.394605613745024	5.302152156829834	0	1
162	161	177	176	-2.935299950491442	4.409865856170654	0	1
163	162	176	175	2.872742330673428	5.0916547775268555	0	1
164	163	175	174	10.483059140955973	4.279225826263428	0	1
175	174	200	199	8.094314276008026	4.129717826843262	1	2
176	175	199	198	7.430263077978288	5.374724388122559	1	2
177	176	198	197	-1.0915416930153843	4.19451379776001	1	2
178	177	197	196	-4.30292314747052	5.422125339508057	1	2
179	178	196	195	0.4325025406977825	4.069639682769775	1	2
180	179	194	193	35.460316113748505	5.389709949493408	1	2
181	180	194	193	-20.680157567897385	4.32625675201416	1	2
182	181	193	192	-8.278531185010415	5.4965500831604	1	2
183	182	192	191	35.526340601991095	4.117637634277344	1	2
190	189	241	240	-9.255823813063666	4.681999206542969	2	3
191	190	240	239	-30.696479204347618	5.044062614440918	2	3
192	191	239	238	-12.776723541502907	4.385390281677246	2	3
193	192	238	237	-5.906553236588484	5.056507110595703	2	3
194	193	237	236	8.488653864175292	4.38026237487793	2	3
195	194	236	235	-1.658709244230479	5.3833489418029785	2	3
196	195	235	234	1.7286909646739574	4.2271728515625	2	3
197	196	234	233	-5.960696701072386	5.019486427307129	2	3
198	197	233	232	2.554864089641156	4.8000030517578125	2	3
199	198	232	231	-13.619460368856561	4.938642978668213	2	3
200	199	231	230	0.17360466943516845	4.502444744110107	2	3
230	229	261	260	-34.4382901399859	4.423606872558594	3	4
231	230	260	259	-27.622473450082595	4.298947334289551	3	4
232	231	259	258	-16.185646065764566	5.127228736877441	3	4
233	232	258	257	-8.69932916200431	4.68714714050293	3	4
234	233	257	256	3.1159905919026905	5.202036380767822	3	4
235	234	256	255	3.1290895479449263	4.328653335571289	3	4
236	235	255	254	-6.33377935541364	5.430139064788818	3	4
237	236	254	253	-3.461219429376218	4.243215560913086	3	4
238	237	252	251	45.800984443399855	5.465155601501465	3	4
239	238	252	251	-12.296016200796146	4.115897178649902	3	4
240	239	251	250	-9.372138357332112	5.311229228973389	3	4
241	240	250	249	-24.47266095887234	4.441788673400879	3	4
242	241	249	248	-18.20902751722062	5.209063529968262	3	4
243	242	248	247	-45.499548068153175	4.475895881652832	3	4
247	246	298	297	-22.44385562187469	4.531671047210693	4	5
248	247	297	296	-16.98391708137568	4.492697238922119	4	5
249	248	296	295	-14.261259494423427	5.095023155212402	4	5
250	249	295	294	-15.009835321362184	4.4855570793151855	4	5
251	250	294	293	-12.674349428702074	4.997259616851807	4	5
252	251	293	292	-13.890347115518273	4.67849588394165	4	5
253	252	292	291	-6.798377237247037	5.296744346618652	4	5
254	253	291	290	-5.696067467669129	4.524044036865234	4	5
255	254	290	289	-4.511681820315576	4.933703422546387	4	5
256	255	289	288	-3.1149341820452143	4.838271141052246	4	5
257	256	288	287	-15.380614654716556	5.146303653717041	4	5
258	257	287	286	-7.406875228739441	4.586048126220703	4	5
259	258	286	285	-3.307181705574582	5.238503456115723	4	5
260	259	285	284	-20.36454219246966	4.389374256134033	4	5
285	284	317	316	-6.282677316485779	4.092729091644287	5	6
286	285	316	315	-17.989041615556197	5.195994853973389	5	6
287	286	315	314	-7.072247959457457	4.629444599151611	5	6
288	287	314	313	-5.770978387757843	5.116219520568848	5	6
289	288	313	312	-12.507559133695995	4.530829429626465	5	6
290	289	312	311	-14.05126224054603	5.060242652893066	5	6
291	290	311	310	-3.7631420701567064	4.506173133850098	5	6
292	291	310	309	-12.646014843360653	5.227079391479492	5	6
293	292	309	308	0.9680183046204696	4.245820999145508	5	6
294	293	308	307	3.3642548968008956	5.458560466766357	5	6
295	294	307	306	-18.440717504276254	4.3806023597717285	5	6
296	295	306	305	-1.71368977823909	5.394567966461182	5	6
297	296	305	304	-7.868276942789858	4.931125640869141	5	6
298	297	304	303	0.9421260184923987	4.99151611328125	5	6
304	303	352	351	-20.64474401218723	5.012908935546875	6	7
305	304	351	350	-12.18547047889274	4.5293049812316895	6	7
306	305	350	349	4.287959060307	5.41901969909668	6	7
307	306	349	348	7.018260526627306	4.188479900360107	6	7
308	307	348	347	-3.46395451885638	5.247657299041748	6	7
309	308	347	346	-7.456999439992806	4.4637131690979	6	7
310	309	346	345	-8.999644399046886	5.145341873168945	6	7
311	310	345	344	-14.87243222027838	4.459980487823486	6	7
312	311	344	343	-8.716069047066515	5.109518051147461	6	7
313	312	343	342	-8.871463555089456	4.6385722160339355	6	7
314	313	342	341	-10.678118749552995	5.033609867095947	6	7
315	314	341	340	-24.301574742065366	4.648001194000244	6	7
316	315	340	339	-15.720389204972516	5.115095615386963	6	7
317	316	339	338	-29.525625999253013	4.176130294799805	6	7
341	340	376	375	14.362420077964748	4.383119106292725	7	8
342	341	375	374	-6.371067699241618	5.058711528778076	7	8
343	342	374	373	-9.936255829036062	4.585926532745361	7	8
344	343	373	372	-6.314625210135426	5.052875518798828	7	8
345	344	372	371	-4.491995180008206	4.581687927246094	7	8
346	345	371	370	3.268258538842159	5.339301109313965	7	8
347	346	370	369	-9.603851514368921	4.475245475769043	7	8
348	347	369	368	-3.8614698364368474	5.1449689865112305	7	8
349	348	368	367	-7.105905030182029	4.192979335784912	7	8
350	349	367	366	5.119745854734062	5.325372219085693	7	8
351	350	366	365	-14.84805846148557	3.9921152591705322	7	8
352	351	365	364	-15.498588504532243	5.463894844055176	7	8
353	352	364	363	-20.579164850832864	4.522918224334717	7	8
354	353	363	362	-22.105884826864035	4.83666467666626	7	8
355	354	362	361	-45.184140760379115	4.242577075958252	7	8
362	361	415	414	8.836463637210345	4.205612659454346	8	9
363	362	414	413	-8.878180048238706	5.1827392578125	8	9
364	363	413	412	-22.109296950282047	4.434576988220215	8	9
365	364	412	411	-3.8229472415149797	5.045165538787842	8	9
366	365	411	410	-7.501132212304238	4.753262996673584	8	9
367	366	410	409	-24.390199570856257	5.280817985534668	8	9
368	367	409	408	-9.168023819828461	4.499297618865967	8	9
369	368	408	407	-9.97050959727003	5.034732341766357	8	9
370	369	407	406	2.909767219045605	4.411407470703125	8	9
371	370	406	405	-7.786159144156491	5.3288960456848145	8	9
372	371	405	404	-19.02898688580863	4.329159259796143	8	9
373	372	403	402	45.374067825690844	5.39271879196167	8	9
374	373	403	402	-27.3411872496683	4.327017307281494	8	9
375	374	402	401	-8.920939295536062	5.287511825561523	8	9
376	375	401	400	-35.60529110862933	4.467989444732666	8	9
406	405	433	432	-27.574076437080393	5.608686923980713	9	10
407	406	432	431	-16.11979595715163	4.300668716430664	9	10
408	407	431	430	-17.22809256429906	5.145169258117676	9	10
409	408	430	429	-10.565907544297035	4.244418144226074	9	10
410	409	429	428	-16.55534021934592	5.134640693664551	9	10
411	410	428	427	7.140967942179339	4.392345905303955	9	10
412	411	427	426	3.7831502810876034	5.412778854370117	9	10
413	412	426	425	-5.341475837542813	3.969456672668457	9	10
414	413	424	423	60.3020931943527	5.577311992645264	9	10
415	414	424	423	-20.096499811411174	4.494586944580078	9	10
416	415	423	422	-24.047392254921018	5.039372444152832	9	10
417	416	422	421	-56.48698076230631	4.516324996948242	9	10
422	421	447	446	10.329550703619361	4.57975435256958	10	11
423	422	446	445	10.984813767213891	5.349767684936523	10	11
424	423	445	444	-24.21092745097422	4.650778770446777	10	11
425	424	444	443	-3.3796796195435648	5.184138774871826	10	11
426	425	443	442	-11.664564296362451	4.4333086013793945	10	11
427	426	442	441	-15.318671448757838	4.809791564941406	10	11
428	427	441	440	-5.0124082211937235	4.598217487335205	10	11
429	428	440	439	-17.380012163689212	4.916462421417236	10	11
430	429	439	438	-15.781666142458171	4.811946392059326	10	11
441	440	461	460	-30.755487529987917	4.888911247253418	11	12
442	441	460	459	62.212666262172306	5.61087703704834	11	12
443	442	460	459	0.8551835958412762	4.269588470458984	11	12
444	443	459	458	9.407932515612503	5.554832458496094	11	12
445	444	458	457	-7.179486468624831	4.148094654083252	11	12
446	445	457	456	-6.517921805792314	5.615457057952881	11	12
447	446	456	455	-19.156225588910583	4.372647762298584	11	12
448	447	455	454	-23.913009935837238	5.133053302764893	11	12
449	448	454	453	-52.427139786930276	4.52977180480957	11	12
453	452	514	513	-32.689563215183185	5.261460781097412	12	13
454	453	513	512	-18.813553418764343	4.499220848083496	12	13
455	454	512	511	-11.119529902589681	5.532456874847412	12	13
456	455	511	510	-19.658159249512547	4.498543739318848	12	13
457	456	510	509	-13.963512803259414	5.103917598724365	12	13
458	457	509	508	10.071163453675878	4.419534206390381	12	13
459	458	508	507	4.536069642406844	5.287919998168945	12	13
460	459	507	506	-6.432772143514363	4.164687633514404	12	13
461	460	506	505	-36.89630300067388	5.485461235046387	12	13
462	461	505	504	-31.037680482733315	4.4103498458862305	12	13
463	462	504	503	-18.402862790527198	5.207307815551758	12	13
464	463	503	502	-18.29235605371621	4.6433634757995605	12	13
465	464	502	501	-23.706757524611792	5.031005859375	12	13
466	465	501	500	-41.30446905322599	4.696840286254883	12	13
471	470	495	494	-176.41363337285824	4.910577297210693	12	13
472	471	497	496	81.32132364176701	4.4645209312438965	12	13
473	472	495	494	42.830380421631716	4.638956069946289	12	13
474	473	495	494	-72.03144249195857	4.374879360198975	12	13
476	475	495	494	-8.681711794956898	5.246448040008545	12	13
477	476	494	493	-8.48202849474395	4.674539089202881	12	13
478	477	493	492	-25.11446672967517	5.035040378570557	12	13
479	478	492	491	-19.163156607163558	4.4130859375	12	13
503	502	531	530	-16.08404107960929	4.845846652984619	13	14
504	503	530	529	-23.899037866140127	5.085255146026611	13	14
505	504	529	528	-5.444573991397651	4.081025123596191	13	14
506	505	528	527	-7.136053536088774	5.004063129425049	13	14
507	506	527	526	-10.86947646579651	4.226982116699219	13	14
508	507	526	525	-10.545994041135577	5.455737113952637	13	14
509	508	525	524	-10.986920850537478	4.287278652191162	13	14
510	509	524	523	-8.370335062522747	5.340451240539551	13	14
511	510	523	522	-6.637895155587108	4.05248498916626	13	14
512	511	522	521	2.274371984998531	5.671607494354248	13	14
513	512	521	520	-10.23704518916708	3.9466116428375244	13	14
514	513	520	519	1.1130078015455698	5.071488380432129	13	14
520	519	574	573	13.420735773569858	4.954049587249756	14	15
521	520	573	572	8.898107790405254	4.619175910949707	14	15
522	521	572	571	-3.485773517516841	5.0562896728515625	14	15
523	522	571	570	-10.35923883707271	4.494944095611572	14	15
524	523	570	569	-19.78369929818337	5.143535137176514	14	15
525	524	569	568	-40.820371352919004	4.57615327835083	14	15
526	525	568	567	6.346921460133084	5.529128551483154	14	15
527	526	567	566	-2.2161570091447502	4.274555206298828	14	15
528	527	566	565	1.6679619715385205	5.330290794372559	14	15
529	528	565	564	-41.269234554176414	4.954850673675537	14	15
530	529	564	563	-20.72806565174728	4.928125381469727	14	15
531	530	563	562	-33.37739850607301	4.947874546051025	14	15
532	531	560	559	-20.607517985927192	4.416926860809326	14	15
533	532	561	560	-43.567969390970724	5.0757575035095215	14	15
534	533	560	559	-46.2543913643968	4.627270221710205	14	15
535	534	559	558	-48.918787026569866	5.503884792327881	14	15
536	535	558	557	-47.031349935255406	4.629245281219482	14	15
565	564	595	594	2.6502465407332934	4.458140850067139	15	16
566	565	594	593	-1.6398411170369598	5.5229902267456055	15	16
567	566	593	592	20.126877821920203	4.365211486816406	15	16
568	567	592	591	20.02168411705538	5.015688419342041	15	16
569	568	590	589	11.579763475861617	4.491428375244141	15	16
570	569	589	588	-8.888902114836428	5.090687274932861	15	16
571	570	588	587	-12.383241049543713	4.448772430419922	15	16
572	571	587	586	-12.692525095138325	4.849050045013428	15	16
573	572	586	585	-12.304041674043116	4.323498249053955	15	16
574	573	585	584	0.8892878193113746	5.03972053527832	15	16
575	574	584	583	-3.6154571762655734	4.232658386230469	15	16
576	575	583	582	-18.650321550477006	5.1203460693359375	15	16
577	576	582	581	-50.65098929785885	4.661377906799316	15	16
582	581	616	615	-5.366927667334938	4.556241035461426	16	17
583	582	615	614	-16.901433084113165	5.1648101806640625	16	17
584	583	614	613	-15.654327141143103	4.5822553634643555	16	17
585	584	613	612	-7.640101756794608	5.129510879516602	16	17
586	585	612	611	2.524557764725828	4.309187412261963	16	17
587	586	611	610	-12.577803444898986	5.311193943023682	16	17
588	587	610	609	0.0994351277399169	4.322262287139893	16	17
589	588	609	608	3.4215942704920237	5.138320446014404	16	17
590	589	608	607	-24.88650672426957	4.407177925109863	16	17
591	590	607	606	145.25785383297807	5.3206257820129395	16	17
594	593	602	601	-63.82697009015357	5.355611801147461	16	17
595	594	601	600	-53.23998119358959	4.700442790985107	16	17
607	606	634	633	-55.887475984070484	4.8528666496276855	17	18
608	607	632	631	-48.54144343461893	4.886813640594482	17	18
609	608	632	631	-5.188410998000409	4.883033752441406	17	18
610	609	631	630	-6.181025124461022	4.688441276550293	17	18
611	610	630	629	-3.6005979516577367	5.112416744232178	17	18
612	611	629	628	-13.195973547194317	4.446717739105225	17	18
613	612	628	627	-7.300353443787265	5.176711082458496	17	18
614	613	627	626	-16.04071531335974	4.334939002990723	17	18
615	614	626	625	-0.751548050074641	5.047123432159424	17	18
616	615	625	624	-22.31795013086133	4.626338481903076	17	18
617	616	624	623	-11.906646119971235	5.169371128082275	17	18
618	617	623	622	-49.31836228221698	4.577686786651611	17	18
623	622	666	665	-4.5066171998602265	4.690005302429199	18	19
624	623	665	664	-1.768075201769442	5.228483200073242	18	19
625	624	664	663	-34.26304701938014	4.280075550079346	18	19
626	625	663	662	-5.743405093203388	5.374783039093018	18	19
627	626	662	661	-17.00919092135035	4.4852447509765625	18	19
628	627	661	660	-6.952482144245111	5.093391418457031	18	19
629	628	660	659	-12.70715248352499	4.229040622711182	18	19
630	629	659	658	-10.089133483831347	5.191295623779297	18	19
631	630	658	657	-33.655028365394024	4.2532219886779785	18	19
632	631	657	656	5.3916152461094695	5.452028751373291	18	19
633	632	656	655	4.888470564965913	4.281308174133301	18	19
634	633	656	655	-67.7985260678841	4.784801959991455	18	19
660	659	680	679	-63.80856796494815	5.140615463256836	19	20
661	660	680	679	-18.821819163058713	4.927945137023926	19	20
662	661	679	678	23.327744095381966	4.456456661224365	19	20
663	662	678	677	12.461224902212159	5.406913757324219	19	20
664	663	677	676	-12.81183307038535	3.641538619995117	19	20
665	664	675	674	30.984163707161116	5.4535980224609375	19	20
666	665	675	674	-29.57351808608218	4.266613960266113	19	20
667	666	674	673	-9.224636360770086	5.266679286956787	19	20
668	667	673	672	-41.50038155000073	4.440650939941406	19	20
672	671	720	719	-24.44413965848911	4.979267120361328	20	21
673	672	719	718	-6.874436922125726	4.638462066650391	20	21
674	673	718	717	-16.705293094249633	5.226308345794678	20	21
675	674	717	716	-15.12443701594203	4.420551300048828	20	21
676	675	716	715	-7.958026919677397	4.843418121337891	20	21
677	676	715	714	1.2808719568849831	4.260380268096924	20	21
678	677	714	713	-28.519198496433333	5.416393756866455	20	21
679	678	713	712	-25.136632111720054	4.280564308166504	20	21
680	679	712	711	-11.062969043189018	5.2230634689331055	20	21
681	680	711	710	140.61370646289708	4.599152565002441	20	21
682	681	711	710	50.01267698741848	5.515902996063232	20	21
684	683	711	710	-36.39479010903371	4.5726470947265625	20	21
686	685	710	709	11.962371910346251	5.198876857757568	20	21
714	713	164	163	21.890016361263665	5.628190040588379	21	0
715	714	164	163	-16.565732935304585	4.149546146392822	21	0
716	715	163	162	-11.288852828565538	5.574435234069824	21	0
717	716	162	161	0.0904889893338666	4.272506237030029	21	0
718	717	161	160	-0.3938715975478447	5.315486431121826	21	0
719	718	160	159	-9.026848886661408	4.362240791320801	21	0
720	719	159	158	-3.5564053484767544	5.188511371612549	21	0
