17	16	44	43	-24.752724251865978	5.273479461669922	0	1
18	17	43	42	-24.45945787661887	4.480955600738525	0	1
19	18	42	41	-32.33331684824392	5.146298408508301	0	1
20	19	41	40	-41.10830961624459	4.620141506195068	0	1
41	40	59	58	-16.596654155726107	4.671612739562988	1	2
42	41	58	57	-14.677641595730408	5.175879955291748	1	2
43	42	57	56	-17.392613626455674	4.366991996765137	1	2
44	43	56	55	-13.294163016812755	5.1670403480529785	1	2
45	44	55	54	-14.862225037245626	4.935023307800293	1	2
54	53	72	71	-29.272595193285685	5.100172996520996	2	3
55	54	71	70	-34.06432763459168	4.883917808532715	2	3
56	55	70	69	-4.421003741464228	5.180942058563232	2	3
57	56	69	68	-15.332020947295591	4.499386787414551	2	3
58	57	68	67	-19.74564211434216	5.1600847244262695	2	3
59	58	67	66	-17.406780438949145	4.463281154632568	2	3
73	72	83	82	-38.0908715916674	4.862634658813477	3	4
82	81	94	93	-22.663389186443133	5.189268589019775	4	5
83	82	93	92	-19.782081712045276	4.6608781814575195	4	5
84	83	92	91	-8.176236214529732	5.010185241699219	4	5
85	84	91	90	-13.93518957537699	4.423819065093994	4	5
92	91	112	111	-16.68771093020154	5.213169574737549	5	6
93	92	111	110	-17.2089914862026	4.398242473602295	5	6
94	93	110	109	-18.645320125586355	5.275999069213867	5	6
95	94	109	108	-20.331613018604745	4.114236354827881	5	6
96	95	108	107	-25.95948683126696	5.0758256912231445	5	6
97	96	107	106	-57.561972418989676	4.643723964691162	5	6
99	98	106	105	2.9115787729906066	5.323304653167725	5	6
100	99	105	104	22.963445275453942	4.114880561828613	5	6
105	104	126	125	-17.946129134277612	4.314116477966309	6	7
106	105	125	124	-19.547869158172173	5.115354061126709	6	7
107	106	124	123	-20.610088933193573	4.703671932220459	6	7
108	107	123	122	-13.23326132287717	5.336009979248047	6	7
109	108	122	121	-22.922614606509924	4.493508815765381	6	7
110	109	121	120	-16.882223345840988	5.140130519866943	6	7
111	110	120	119	-31.607055030218877	4.5045342445373535	6	7
120	119	26	25	-36.11097497388182	5.556347846984863	7	0
121	120	26	25	9.185832731148032	5.574615478515625	7	0
122	121	25	24	-15.657319497534054	4.124537944793701	7	0
123	122	24	23	-1.7034263463845751	5.198084831237793	7	0
124	123	23	22	-15.037154506287704	4.454178333282471	7	0
125	124	22	21	11.235641460454595	4.996135711669922	7	0
126	125	20	19	-34.54018266866714	4.459567070007324	7	0
127	126	19	18	-46.47470815411986	5.2433953285217285	7	0
128	127	18	17	-105.74187015697987	4.853969097137451	7	0
130	129	19	18	89.89970447665794	5.545974254608154	7	0
153	152	24	23	44.32474166365616	5.404850959777832	7	0
154	153	24	23	-27.182012270065194	4.041487693786621	7	0
17	16	44	43	-24.752724251865978	5.273479461669922	0	1
18	17	43	42	-24.45945787661887	4.480955600738525	0	1
19	18	42	41	-32.33331684824392	5.146298408508301	0	1
20	19	41	40	-41.10830961624459	4.620141506195068	0	1
41	40	59	58	-16.596654155726107	4.671612739562988	1	2
42	41	58	57	-14.677641595730408	5.175879955291748	1	2
43	42	57	56	-17.392613626455674	4.366991996765137	1	2
44	43	56	55	-13.294163016812755	5.1670403480529785	1	2
45	44	55	54	-14.862225037245626	4.935023307800293	1	2
54	53	72	71	-29.272595193285685	5.100172996520996	2	3
55	54	71	70	-34.06432763459168	4.883917808532715	2	3
56	55	70	69	-4.421003741464228	5.180942058563232	2	3
57	56	69	68	-15.332020947295591	4.499386787414551	2	3
58	57	68	67	-19.74564211434216	5.1600847244262695	2	3
59	58	67	66	-17.406780438949145	4.463281154632568	2	3
73	72	83	82	-38.0908715916674	4.862634658813477	3	4
82	81	94	93	-22.663389186443133	5.189268589019775	4	5
83	82	93	92	-19.782081712045276	4.6608781814575195	4	5
84	83	92	91	-8.176236214529732	5.010185241699219	4	5
85	84	91	90	-13.93518957537699	4.423819065093994	4	5
92	91	112	111	-16.68771093020154	5.213169574737549	5	6
93	92	111	110	-17.2089914862026	4.398242473602295	5	6
94	93	110	109	-18.645320125586355	5.275999069213867	5	6
95	94	109	108	-20.331613018604745	4.114236354827881	5	6
96	95	108	107	-25.95948683126696	5.0758256912231445	5	6
97	96	107	106	-57.561972418989676	4.643723964691162	5	6
99	98	106	105	2.9115787729906066	5.323304653167725	5	6
100	99	105	104	22.963445275453942	4.114880561828613	5	6
105	104	126	125	-17.946129134277612	4.314116477966309	6	7
106	105	125	124	-19.547869158172173	5.115354061126709	6	7
107	106	124	123	-20.610088933193573	4.703671932220459	6	7
108	107	123	122	-13.23326132287717	5.336009979248047	6	7
109	108	122	121	-22.922614606509924	4.493508815765381	6	7
110	109	121	120	-16.882223345840988	5.140130519866943	6	7
111	110	120	119	-31.607055030218877	4.5045342445373535	6	7
120	119	26	25	-36.11097497388182	5.556347846984863	7	0
121	120	26	25	9.185832731148032	5.574615478515625	7	0
122	121	25	24	-15.657319497534054	4.124537944793701	7	0
123	122	24	23	-1.7034263463845751	5.198084831237793	7	0
124	123	23	22	-15.037154506287704	4.454178333282471	7	0
125	124	22	21	11.235641460454595	4.996135711669922	7	0
126	125	20	19	-34.54018266866714	4.459567070007324	7	0
127	126	19	18	-46.47470815411986	5.2433953285217285	7	0
128	127	18	17	-105.74187015697987	4.853969097137451	7	0
130	129	19	18	89.89970447665794	5.545974254608154	7	0
153	152	24	23	44.32474166365616	5.404850959777832	7	0
154	153	24	23	-27.182012270065194	4.041487693786621	7	0
