4	3	43	42	38.64954064096485	5.519688606262207	0	1
5	4	43	42	-28.90349773203908	4.236012935638428	0	1
6	5	42	41	-10.777899799254325	5.314125061035156	0	1
7	6	41	40	-30.367344306779824	4.557812690734863	0	1
8	7	40	39	-24.97396163795722	5.33410120010376	0	1
9	8	39	38	29.582027553695653	4.212921619415283	0	1
10	9	37	36	130.35885503426954	4.791930198669434	0	1
11	10	37	36	36.75512392254118	4.8253936767578125	0	1
12	11	32	31	-20.925838930273745	4.876370429992676	0	1
13	12	31	30	-44.31789931460112	4.209081649780273	0	1
14	13	30	29	-40.63882143966559	5.154819965362549	0	1
15	14	29	28	-49.4528783608698	4.469642162322998	0	1
16	15	27	26	43.79366054314442	5.484888553619385	0	1
17	16	27	26	-7.66204871306487	4.151942729949951	0	1
18	17	26	25	6.8716600996492	5.444841384887695	0	1
19	18	25	24	-34.28823354186958	4.203580856323242	0	1
20	19	25	24	-66.17061077962354	4.382891654968262	0	1
38	37	61	60	-55.78612529674468	4.981837272644043	1	2
39	38	60	59	-36.69948993763098	4.247274875640869	1	2
40	39	59	58	-13.726903634729803	5.574161052703857	1	2
41	40	58	57	10.857578384681085	3.986999988555908	1	2
42	41	57	56	-3.188955134067803	5.232077598571777	1	2
43	42	56	55	16.81181422841375	4.190347194671631	1	2
44	43	54	53	39.543738578485986	5.445648670196533	1	2
45	44	54	53	-25.32247522609934	4.479011058807373	1	2
53	52	82	81	-23.75986563146195	5.174873352050781	2	3
54	53	81	80	-27.836358474390863	4.578880786895752	2	3
55	54	80	79	-17.520660401828025	4.90075159072876	2	3
56	55	79	78	-5.35817838571514	4.303792953491211	2	3
57	56	78	77	12.824101712569236	5.227829933166504	2	3
58	57	77	76	25.15562315288851	4.386728286743164	2	3
59	58	73	72	-36.674761376159125	4.824462890625	2	3
60	59	73	72	-50.91873184664619	4.052494525909424	2	3
77	76	92	91	-37.65802012953953	5.419426918029785	3	4
78	77	92	91	32.17611112182285	5.334872722625732	3	4
79	78	91	90	-32.00823652279799	4.4619927406311035	3	4
80	79	90	89	-27.748877377009	5.504899978637695	3	4
81	80	89	88	-2.10474701480558	4.3037896156311035	3	4
82	81	88	87	-7.794346302206183	5.55157470703125	3	4
88	87	141	140	-13.376901586299638	5.157068252563477	4	5
89	88	140	139	-20.521409346813478	4.537231922149658	4	5
90	89	139	138	-10.436937690243543	5.2531843185424805	4	5
91	90	138	137	-6.718733427920201	4.702937602996826	4	5
92	91	137	136	-82.57582066484	5.190955638885498	4	5
137	136	155	154	35.22886250487656	5.081141948699951	5	6
138	137	155	154	-26.314541449605848	4.068368911743164	5	6
139	138	154	153	-7.523407820663298	5.442066669464111	5	6
140	139	153	152	-18.101744311414564	4.1645426750183105	5	6
141	140	152	151	-1.4977184629558524	5.272530555725098	5	6
142	141	151	150	-19.417884723992454	4.39637565612793	5	6
148	147	179	178	-34.33797550208568	4.76280403137207	6	7
149	148	178	177	-36.98899344007853	4.517971515655518	6	7
150	149	177	176	-25.52136442916508	5.231591701507568	6	7
151	150	176	175	3.1864350507815953	4.428117752075195	6	7
152	151	174	173	30.006413811277728	5.250937461853027	6	7
153	152	174	173	-26.339984634824663	4.115728378295898	6	7
154	153	173	172	0.056919999785827076	5.4832563400268555	6	7
155	154	172	171	7.698524644670699	4.707139015197754	6	7
172	171	192	191	-13.345221093688727	4.4987311363220215	7	8
173	172	191	190	-2.5506910265774954	5.481870651245117	7	8
174	173	190	189	22.650912945926652	3.9761669635772705	7	8
175	174	188	187	18.90937893679443	5.638671875	7	8
176	175	188	187	-8.265563372576628	4.1104512214660645	7	8
177	176	187	186	-12.550782326224082	5.5552263259887695	7	8
178	177	186	185	-0.40298092892213716	4.144050121307373	7	8
179	178	185	184	13.225020174870586	5.375791072845459	7	8
185	184	211	210	6.156431724012121	5.247941493988037	8	9
186	185	210	209	-2.9367195626383706	4.113476753234863	8	9
187	186	209	208	-8.417146460290425	5.266496658325195	8	9
188	187	208	207	-14.08311965484679	4.596226215362549	8	9
189	188	207	206	-8.091476399432464	5.0574846267700195	8	9
190	189	206	205	-1.5214516748307272	4.597119331359863	8	9
191	190	205	204	-14.487912358249957	5.225110054016113	8	9
192	191	204	203	-8.20443886628583	4.544106960296631	8	9
193	192	203	202	-32.61712468731855	4.949865818023682	8	9
194	193	202	201	-33.63894893805499	4.941906452178955	8	9
202	201	229	228	-73.4997797002361	5.404689788818359	9	10
203	202	229	228	-21.320884706962875	5.158710956573486	9	10
204	203	228	227	-21.77098785272775	4.452620983123779	9	10
205	204	227	226	-12.665210207619545	5.1136627197265625	9	10
206	205	226	225	2.3259120289333124	4.442000389099121	9	10
207	206	225	224	-0.6307977405137254	5.427761077880859	9	10
208	207	224	223	-9.877837971866771	4.289559364318848	9	10
209	208	223	222	-9.34329226033707	5.183729648590088	9	10
210	209	222	221	-8.355543332864467	4.429520130157471	9	10
211	210	221	220	-4.62862779035021	5.542982578277588	9	10
212	211	220	219	6.15807561775014	4.07410192489624	9	10
219	218	246	245	-9.601198939173578	5.237406253814697	10	11
220	219	245	244	-30.235458249345875	4.527525424957275	10	11
221	220	244	243	-19.63068294075083	5.198091983795166	10	11
222	221	243	242	8.751268918305138	4.308546543121338	10	11
223	222	242	241	7.223725455671348	5.053102016448975	10	11
224	223	241	240	-2.826603835796636	4.709953308105469	10	11
225	224	240	239	-18.427795800662732	5.113738536834717	10	11
226	225	239	238	-17.24163403249498	4.567507266998291	10	11
227	226	238	237	-3.733176990630674	5.313600063323975	10	11
228	227	237	236	-5.840519888936492	4.282345771789551	10	11
238	237	265	264	-28.95784109020214	5.542409896850586	11	12
239	238	264	263	-4.153580819663371	4.628661632537842	11	12
240	239	263	262	-12.753714057751177	5.077499866485596	11	12
241	240	262	261	-2.842100350199223	4.548704147338867	11	12
242	241	261	260	-7.044402152953471	5.1374101638793945	11	12
243	242	260	259	-12.148944400324163	4.21661901473999	11	12
244	243	259	258	-13.951735852879194	5.463100910186768	11	12
245	244	258	257	4.875597446948219	4.055714130401611	11	12
246	245	257	256	-8.778925018329732	5.443085670471191	11	12
247	246	256	255	-5.9900045956333345	4.207396984100342	11	12
248	247	255	254	-23.34491567602004	5.424276828765869	11	12
249	248	254	253	-48.823740979895305	4.272530555725098	11	12
254	253	280	279	-2.5322941582242295	4.5654683113098145	12	13
255	254	279	278	-12.79517670458463	5.153783798217773	12	13
256	255	278	277	-19.057928673645662	4.619149684906006	12	13
257	256	277	276	-13.717045936474248	4.886178970336914	12	13
258	257	276	275	-7.901085509289623	4.628179550170898	12	13
259	258	275	274	-10.786324515574917	5.272465705871582	12	13
260	259	274	273	-9.8777236256971	4.551473140716553	12	13
261	260	273	272	-13.869328931620604	5.025728225708008	12	13
262	261	272	271	-16.044110638258257	4.50453519821167	12	13
263	262	271	270	-2.757106363247525	5.172271251678467	12	13
264	263	270	269	-34.190335199370686	4.5082316398620605	12	13
271	270	298	297	-16.67719940988029	5.541345119476318	13	14
272	271	297	296	-5.677209484695256	4.345095157623291	13	14
273	272	296	295	-17.316572651363586	5.171710968017578	13	14
274	273	295	294	-1.4047574487594283	4.39164400100708	13	14
275	274	294	293	-4.59598778786121	5.406118869781494	13	14
276	275	293	292	-13.533965141978873	4.225199222564697	13	14
277	276	292	291	-11.711475677745941	5.235274791717529	13	14
278	277	291	290	-1.120339535824619	4.389856815338135	13	14
279	278	290	289	4.58244154648393	5.330296516418457	13	14
280	279	289	288	-26.471384078263895	4.397463321685791	13	14
281	280	288	287	-18.556470225672832	5.180116653442383	13	14
282	281	287	286	-50.86583647802179	4.213083744049072	13	14
287	286	330	329	0.5834248768198947	4.535984992980957	14	15
288	287	329	328	-21.754627875410996	5.24243688583374	14	15
289	288	328	327	-40.06783826963543	4.463339328765869	14	15
290	289	327	326	-10.887781516633188	5.435388088226318	14	15
291	290	326	325	0.9186158299849769	4.359648704528809	14	15
292	291	325	324	0.6211174823780247	5.116286754608154	14	15
293	292	324	323	-15.275177582515589	4.641667366027832	14	15
294	293	323	322	-12.460036593042249	5.172394275665283	14	15
295	294	322	321	-18.454027001318845	4.589750289916992	14	15
296	295	321	320	-2.33990629873177	5.172612190246582	14	15
297	296	320	319	-13.475376935558533	4.245655536651611	14	15
298	297	318	317	121.74561865488428	4.561429977416992	14	15
316	315	20	19	-82.38872386578595	5.225241661071777	15	0
323	322	18	17	-18.20806428036857	5.657537460327148	15	0
324	323	17	16	-2.600672550378875	4.30577278137207	15	0
325	324	16	15	1.374977577718738	5.2987775802612305	15	0
326	325	15	14	-18.049522638722298	4.2862324714660645	15	0
327	326	13	12	-25.22710122313754	5.265558242797852	15	0
328	327	13	12	-10.53331874088623	3.7817087173461914	15	0
329	328	11	10	69.19969109286913	5.605897426605225	15	0
330	329	11	10	-3.7005524785886084	4.08128547668457	15	0
331	330	10	9	-12.809305159277622	5.2778754234313965	15	0
332	331	9	8	-27.303083487270165	4.18222188949585	15	0
