8	7	43	42	-5.985439996543367	5.251946926116943	0	1
9	8	42	41	7.654847347929302	4.181029796600342	0	1
10	9	41	40	-14.030817735796646	5.4303741455078125	0	1
11	10	40	39	-16.572951680304175	4.5680437088012695	0	1
12	11	39	38	-12.83875078557136	5.149929046630859	0	1
13	12	38	37	-21.848584228324196	4.736861705780029	0	1
14	13	37	36	-6.045716163850596	5.030649662017822	0	1
15	14	36	35	-27.956257348385712	4.39347505569458	0	1
16	15	35	34	-3.024166445827953	5.450824737548828	0	1
17	16	34	33	-4.957078280628713	4.368758201599121	0	1
18	17	32	31	65.25211319507369	5.35717248916626	0	1
19	18	32	31	-2.95841989535585	4.385887622833252	0	1
36	35	63	62	-61.59875744483465	5.486188888549805	1	2
37	36	63	62	-15.950574678945651	5.207826137542725	1	2
38	37	62	61	-4.881457631449931	4.255528450012207	1	2
39	38	61	60	-5.8845189166331195	5.228803634643555	1	2
40	39	60	59	-9.046252055295923	4.61273193359375	1	2
41	40	59	58	-3.5661651214583006	5.048877239227295	1	2
42	41	58	57	-3.548251189470938	4.5915422439575195	1	2
43	42	57	56	6.369930912852543	5.170693397521973	1	2
44	43	56	55	-10.99940004514581	4.227545261383057	1	2
45	44	55	54	19.344391858612745	5.5963826179504395	1	2
47	46	54	53	-52.9285467465633	4.96251916885376	1	2
53	52	101	100	-20.137933508874617	5.0571184158325195	2	3
54	53	100	99	-21.96788433468206	4.399877071380615	2	3
55	54	99	98	-34.86990428930603	5.049417972564697	2	3
56	55	98	97	-16.694341485057002	4.545111656188965	2	3
57	56	97	96	-12.179496346402017	5.13662052154541	2	3
58	57	96	95	-7.8935936579978865	4.493844032287598	2	3
59	58	95	94	-0.6397358626186984	4.952692031860352	2	3
60	59	94	93	-12.389331238765998	4.378316402435303	2	3
61	60	93	92	6.501472788380214	5.304656982421875	2	3
62	61	92	91	-14.996238064458622	4.295210838317871	2	3
98	97	110	109	-35.30687104293845	4.496800899505615	3	4
99	98	109	108	-22.884387018730617	5.35076379776001	3	4
100	99	108	107	-7.3672395319567485	4.42702054977417	3	4
101	100	107	106	-19.432931543576146	5.274227142333984	3	4
107	106	137	136	-10.529878716337327	5.2353434562683105	4	5
108	107	136	135	-14.171097049724322	4.552706241607666	4	5
109	108	135	134	-10.346419575125863	5.051898002624512	4	5
110	109	134	133	-20.007943198071853	4.560458183288574	4	5
133	132	151	150	-27.94318135056841	5.465855121612549	5	6
134	133	151	150	15.441592233886299	4.118222236633301	5	6
135	134	150	149	-8.10706783958025	5.374053955078125	5	6
136	135	149	148	-15.916626986725523	4.493908882141113	5	6
137	136	148	147	4.258666002395247	5.378289222717285	5	6
138	137	147	146	-12.794466792257484	4.343349933624268	5	6
144	143	191	190	-17.487097077788142	5.1425018310546875	6	7
145	144	190	189	-15.484490488900624	4.385101318359375	6	7
146	145	189	188	-3.4337706456433104	5.331243991851807	6	7
147	146	188	187	-49.936206485007546	4.286052227020264	6	7
148	147	186	185	43.41022054437731	5.7301554679870605	6	7
149	148	186	185	3.255968427609166	3.9742507934570312	6	7
150	149	185	184	8.327902157504425	5.286956787109375	6	7
151	150	184	183	-18.83353965821539	4.315851211547852	6	7
152	151	183	182	-23.130655038177967	5.410866737365723	6	7
183	182	205	204	-26.030601306802833	5.662489414215088	7	8
184	183	204	203	6.219100947574105	4.405044078826904	7	8
185	184	203	202	-5.918627716861962	5.494790554046631	7	8
186	185	202	201	-9.111578049953755	4.0511369705200195	7	8
187	186	200	199	1.3669449098607918	5.528562545776367	7	8
188	187	200	199	31.552502228031546	4.083940029144287	7	8
189	188	199	198	-3.305922403660244	5.666652679443359	7	8
190	189	198	197	-20.103480199718767	4.310051441192627	7	8
191	190	197	196	-15.101802042333764	5.204982757568359	7	8
195	194	219	218	62.15635061206552	5.369755744934082	8	9
196	195	217	216	-28.680671836605892	4.0901408195495605	8	9
197	196	216	215	-2.7798634102446513	5.387551784515381	8	9
198	197	215	214	-28.421979276737755	4.377100944519043	8	9
199	198	214	213	-4.9149013336785465	5.22777795791626	8	9
200	199	213	212	3.194000269085457	4.552652835845947	8	9
201	200	212	211	-9.328520466049127	5.179158687591553	8	9
202	201	211	210	-15.263427519004209	4.4361796379089355	8	9
203	202	210	209	-14.766515487520701	5.10917854309082	8	9
204	203	209	208	-10.578743990485002	4.3403239250183105	8	9
205	204	208	207	51.64656877277585	5.368831157684326	8	9
208	207	238	237	-14.738125000449434	5.704465389251709	9	10
209	208	238	237	-41.76029779135947	4.159233093261719	9	10
210	209	237	236	-9.239443665727338	5.486081123352051	9	10
211	210	236	235	-10.173358758351563	4.362280368804932	9	10
212	211	235	234	-18.15780040524714	5.127358436584473	9	10
213	212	234	233	-19.113332034602884	4.689210891723633	9	10
214	213	233	232	-17.080491022860116	5.244534969329834	9	10
215	214	232	231	18.67270734069449	4.469937801361084	9	10
216	215	231	230	-5.056972169809263	5.422914981842041	9	10
217	216	230	229	18.817413462840538	4.1517767906188965	9	10
218	217	229	228	-3.7644273010614513	5.1391191482543945	9	10
219	218	228	227	-19.42593523477818	4.487476825714111	9	10
220	219	227	226	-30.678745842648848	5.172008514404297	9	10
221	220	226	225	-53.43681513461031	4.256356239318848	9	10
226	225	259	258	-75.58972064785496	5.633911609649658	10	11
227	226	259	258	-25.38617373467214	5.034296989440918	10	11
228	227	258	257	-31.056071919430625	4.897420406341553	10	11
229	228	257	256	-9.268323786165071	4.796539306640625	10	11
230	229	256	255	5.093131819994956	4.6027421951293945	10	11
231	230	255	254	3.1797612072114987	5.3489670753479	10	11
232	231	254	253	-11.207119236549309	4.210082054138184	10	11
233	232	253	252	-5.706824495600293	5.224516868591309	10	11
234	233	252	251	-3.3786355756668986	4.55512809753418	10	11
235	234	251	250	-6.206762941922489	5.03436279296875	10	11
236	235	250	249	-6.578582637621595	4.611670017242432	10	11
237	236	249	248	4.131610033379775	5.2024993896484375	10	11
249	248	275	274	37.81278790939021	5.203479766845703	11	12
250	249	274	273	-33.76821580942027	4.620222091674805	11	12
251	250	273	272	-15.603931368053145	5.021394729614258	11	12
252	251	272	271	-11.72785579182963	4.585566997528076	11	12
253	252	271	270	4.556539444850297	5.513248920440674	11	12
254	253	270	269	2.230057828846048	4.220678329467773	11	12
255	254	269	268	-2.4082583978733507	5.516761779785156	11	12
256	255	268	267	-24.82913111764516	4.218073844909668	11	12
257	256	266	265	11.768296474952704	5.293720245361328	11	12
258	257	266	265	-19.51394303073848	3.830869197845459	11	12
259	258	265	264	-12.284587340893616	5.427701473236084	11	12
263	262	312	311	-9.191117263179125	5.208484172821045	12	13
264	263	311	310	-20.088785201079084	4.666418552398682	12	13
265	264	310	309	-3.0657501581613964	5.14265251159668	12	13
266	265	309	308	-13.681256306462515	4.773035049438477	12	13
267	266	308	307	-17.096005398582836	5.041434288024902	12	13
268	267	307	306	-22.931233461438776	4.496605396270752	12	13
269	268	306	305	-13.335940734829162	4.685909748077393	12	13
270	269	305	304	-1.8907705952435436	4.905353546142578	12	13
271	270	304	303	-8.490619764187587	4.7679901123046875	12	13
272	271	303	302	15.987842312045917	4.495945453643799	12	13
273	272	301	300	98.6180835531328	4.698688983917236	12	13
274	273	301	300	52.77520323634642	5.548952102661133	12	13
301	300	339	338	-61.92792378813265	5.341451644897461	13	14
302	301	338	337	80.55540161916369	5.573109149932861	13	14
303	302	338	337	30.809051031042156	4.661491394042969	13	14
304	303	336	335	-20.54701056736139	5.341359615325928	13	14
305	304	335	334	-19.51730603984868	4.325434684753418	13	14
306	305	334	333	-12.626956776857327	5.404833793640137	13	14
307	306	333	332	0.21599623428264902	4.1236677169799805	13	14
308	307	332	331	-0.650038240143879	5.604703426361084	13	14
309	308	331	330	-12.929112443958045	4.147564888000488	13	14
310	309	330	329	-6.13002129753702	5.436794281005859	13	14
311	310	329	328	-1.2718910662105174	4.273427486419678	13	14
312	311	328	327	-3.161704426337605	5.360556125640869	13	14
313	312	327	326	-27.147848616856116	4.711602687835693	13	14
314	313	326	325	-1.5913044966098369	5.296810150146484	13	14
315	314	324	323	51.31856185257022	3.918915033340454	13	14
326	325	360	359	-4.129449630964575	4.77103328704834	14	15
327	326	359	358	-16.330913404130392	4.385351657867432	14	15
328	327	358	357	-10.746924251492254	5.34298849105835	14	15
329	328	357	356	-1.081607565106804	4.680501937866211	14	15
330	329	356	355	-12.615143616401324	4.977031230926514	14	15
331	330	355	354	-7.538359599661444	4.464156627655029	14	15
332	331	354	353	-16.768030799936053	5.328325271606445	14	15
333	332	353	352	3.1840518163815332	4.480710506439209	14	15
334	333	352	351	2.7616033280237056	5.388055324554443	14	15
335	334	351	350	-18.240745866577132	4.249477386474609	14	15
336	335	350	349	5.182791761873159	5.128759860992432	14	15
337	336	349	348	0.9563520303606501	4.482910633087158	14	15
351	350	380	379	-4.831269641227312	4.1151299476623535	15	16
352	351	379	378	-10.62153411662143	5.469571113586426	15	16
353	352	378	377	-5.928642509299671	4.3993635177612305	15	16
354	353	377	376	-15.702769215281474	5.270406723022461	15	16
355	354	376	375	-5.3018858169978085	4.3471832275390625	15	16
356	355	375	374	0.17326154532381816	5.215463638305664	15	16
357	356	374	373	-6.6268349575610825	4.470498561859131	15	16
358	357	373	372	0.014713099597109919	5.344418525695801	15	16
359	358	372	371	-10.447484608772674	4.139544486999512	15	16
360	359	371	370	-1.188835588985587	5.325217247009277	15	16
371	370	399	398	-16.24196808673657	5.139243125915527	16	17
372	371	398	397	0.95404995861345	4.31513786315918	16	17
373	372	397	396	-4.43447216506799	5.0034284591674805	16	17
374	373	396	395	-3.7405232184162234	4.658174991607666	16	17
375	374	395	394	-11.954822358269459	5.133397579193115	16	17
376	375	394	393	-8.992924012743027	4.545475482940674	16	17
377	376	393	392	-8.984288465998151	5.0295329093933105	16	17
378	377	392	391	-12.7094923849098	4.653369903564453	16	17
392	391	20	19	-83.27700085542702	5.170295715332031	17	0
393	392	20	19	-18.552795995240672	5.1937255859375	17	0
394	393	19	18	8.580860021120555	4.029035568237305	17	0
395	394	18	17	0.723366727212107	5.225033760070801	17	0
396	395	17	16	-2.184543915603763	4.643514156341553	17	0
397	396	16	15	-8.588632661462704	5.099548816680908	17	0
398	397	15	14	-1.7585882074215733	4.725517749786377	17	0
399	398	14	13	-7.608689086752467	5.1736931800842285	17	0
400	399	13	12	-1.4015051848450075	4.463654041290283	17	0
401	400	12	11	-14.491352905328338	5.213741302490234	17	0
402	401	11	10	-18.202520020045768	4.229557514190674	17	0
403	402	10	9	-12.458931718307404	5.093792915344238	17	0
404	403	9	8	-36.89195265861062	4.35209321975708	17	0
8	7	43	42	-5.985439996543367	5.251946926116943	0	1
9	8	42	41	7.654847347929302	4.181029796600342	0	1
10	9	41	40	-14.030817735796646	5.4303741455078125	0	1
11	10	40	39	-16.572951680304175	4.5680437088012695	0	1
12	11	39	38	-12.83875078557136	5.149929046630859	0	1
13	12	38	37	-21.848584228324196	4.736861705780029	0	1
14	13	37	36	-6.045716163850596	5.030649662017822	0	1
15	14	36	35	-27.956257348385712	4.39347505569458	0	1
16	15	35	34	-3.024166445827953	5.450824737548828	0	1
17	16	34	33	-4.957078280628713	4.368758201599121	0	1
18	17	32	31	65.25211319507369	5.35717248916626	0	1
19	18	32	31	-2.95841989535585	4.385887622833252	0	1
36	35	63	62	-61.59875744483465	5.486188888549805	1	2
37	36	63	62	-15.950574678945651	5.207826137542725	1	2
38	37	62	61	-4.881457631449931	4.255528450012207	1	2
39	38	61	60	-5.8845189166331195	5.228803634643555	1	2
40	39	60	59	-9.046252055295923	4.61273193359375	1	2
41	40	59	58	-3.5661651214583006	5.048877239227295	1	2
42	41	58	57	-3.548251189470938	4.5915422439575195	1	2
43	42	57	56	6.369930912852543	5.170693397521973	1	2
44	43	56	55	-10.99940004514581	4.227545261383057	1	2
45	44	55	54	19.344391858612745	5.5963826179504395	1	2
47	46	54	53	-52.9285467465633	4.96251916885376	1	2
53	52	101	100	-20.137933508874617	5.0571184158325195	2	3
54	53	100	99	-21.96788433468206	4.399877071380615	2	3
55	54	99	98	-34.86990428930603	5.049417972564697	2	3
56	55	98	97	-16.694341485057002	4.545111656188965	2	3
57	56	97	96	-12.179496346402017	5.13662052154541	2	3
58	57	96	95	-7.8935936579978865	4.493844032287598	2	3
59	58	95	94	-0.6397358626186984	4.952692031860352	2	3
60	59	94	93	-12.389331238765998	4.378316402435303	2	3
61	60	93	92	6.501472788380214	5.304656982421875	2	3
62	61	92	91	-14.996238064458622	4.295210838317871	2	3
98	97	110	109	-35.30687104293845	4.496800899505615	3	4
99	98	109	108	-22.884387018730617	5.35076379776001	3	4
100	99	108	107	-7.3672395319567485	4.42702054977417	3	4
101	100	107	106	-19.432931543576146	5.274227142333984	3	4
107	106	137	136	-10.529878716337327	5.2353434562683105	4	5
108	107	136	135	-14.171097049724322	4.552706241607666	4	5
109	108	135	134	-10.346419575125863	5.051898002624512	4	5
110	109	134	133	-20.007943198071853	4.560458183288574	4	5
133	132	151	150	-27.94318135056841	5.465855121612549	5	6
134	133	151	150	15.441592233886299	4.118222236633301	5	6
135	134	150	149	-8.10706783958025	5.374053955078125	5	6
136	135	149	148	-15.916626986725523	4.493908882141113	5	6
137	136	148	147	4.258666002395247	5.378289222717285	5	6
138	137	147	146	-12.794466792257484	4.343349933624268	5	6
144	143	191	190	-17.487097077788142	5.1425018310546875	6	7
145	144	190	189	-15.484490488900624	4.385101318359375	6	7
146	145	189	188	-3.4337706456433104	5.331243991851807	6	7
147	146	188	187	-49.936206485007546	4.286052227020264	6	7
148	147	186	185	43.41022054437731	5.7301554679870605	6	7
149	148	186	185	3.255968427609166	3.9742507934570312	6	7
150	149	185	184	8.327902157504425	5.286956787109375	6	7
151	150	184	183	-18.83353965821539	4.315851211547852	6	7
152	151	183	182	-23.130655038177967	5.410866737365723	6	7
183	182	205	204	-26.030601306802833	5.662489414215088	7	8
184	183	204	203	6.219100947574105	4.405044078826904	7	8
185	184	203	202	-5.918627716861962	5.494790554046631	7	8
186	185	202	201	-9.111578049953755	4.0511369705200195	7	8
187	186	200	199	1.3669449098607918	5.528562545776367	7	8
188	187	200	199	31.552502228031546	4.083940029144287	7	8
189	188	199	198	-3.305922403660244	5.666652679443359	7	8
190	189	198	197	-20.103480199718767	4.310051441192627	7	8
191	190	197	196	-15.101802042333764	5.204982757568359	7	8
195	194	219	218	62.15635061206552	5.369755744934082	8	9
196	195	217	216	-28.680671836605892	4.0901408195495605	8	9
197	196	216	215	-2.7798634102446513	5.387551784515381	8	9
198	197	215	214	-28.421979276737755	4.377100944519043	8	9
199	198	214	213	-4.9149013336785465	5.22777795791626	8	9
200	199	213	212	3.194000269085457	4.552652835845947	8	9
201	200	212	211	-9.328520466049127	5.179158687591553	8	9
202	201	211	210	-15.263427519004209	4.4361796379089355	8	9
203	202	210	209	-14.766515487520701	5.10917854309082	8	9
204	203	209	208	-10.578743990485002	4.3403239250183105	8	9
205	204	208	207	51.64656877277585	5.368831157684326	8	9
208	207	238	237	-14.738125000449434	5.704465389251709	9	10
209	208	238	237	-41.76029779135947	4.159233093261719	9	10
210	209	237	236	-9.239443665727338	5.486081123352051	9	10
211	210	236	235	-10.173358758351563	4.362280368804932	9	10
212	211	235	234	-18.15780040524714	5.127358436584473	9	10
213	212	234	233	-19.113332034602884	4.689210891723633	9	10
214	213	233	232	-17.080491022860116	5.244534969329834	9	10
215	214	232	231	18.67270734069449	4.469937801361084	9	10
216	215	231	230	-5.056972169809263	5.422914981842041	9	10
217	216	230	229	18.817413462840538	4.1517767906188965	9	10
218	217	229	228	-3.7644273010614513	5.1391191482543945	9	10
219	218	228	227	-19.42593523477818	4.487476825714111	9	10
220	219	227	226	-30.678745842648848	5.172008514404297	9	10
221	220	226	225	-53.43681513461031	4.256356239318848	9	10
226	225	259	258	-75.58972064785496	5.633911609649658	10	11
227	226	259	258	-25.38617373467214	5.034296989440918	10	11
228	227	258	257	-31.056071919430625	4.897420406341553	10	11
229	228	257	256	-9.268323786165071	4.796539306640625	10	11
230	229	256	255	5.093131819994956	4.6027421951293945	10	11
231	230	255	254	3.1797612072114987	5.3489670753479	10	11
232	231	254	253	-11.207119236549309	4.210082054138184	10	11
233	232	253	252	-5.706824495600293	5.224516868591309	10	11
234	233	252	251	-3.3786355756668986	4.55512809753418	10	11
235	234	251	250	-6.206762941922489	5.03436279296875	10	11
236	235	250	249	-6.578582637621595	4.611670017242432	10	11
237	236	249	248	4.131610033379775	5.2024993896484375	10	11
249	248	275	274	37.81278790939021	5.203479766845703	11	12
250	249	274	273	-33.76821580942027	4.620222091674805	11	12
251	250	273	272	-15.603931368053145	5.021394729614258	11	12
252	251	272	271	-11.72785579182963	4.585566997528076	11	12
253	252	271	270	4.556539444850297	5.513248920440674	11	12
254	253	270	269	2.230057828846048	4.220678329467773	11	12
255	254	269	268	-2.4082583978733507	5.516761779785156	11	12
256	255	268	267	-24.82913111764516	4.218073844909668	11	12
257	256	266	265	11.768296474952704	5.293720245361328	11	12
258	257	266	265	-19.51394303073848	3.830869197845459	11	12
259	258	265	264	-12.284587340893616	5.427701473236084	11	12
263	262	312	311	-9.191117263179125	5.208484172821045	12	13
264	263	311	310	-20.088785201079084	4.666418552398682	12	13
265	264	310	309	-3.0657501581613964	5.14265251159668	12	13
266	265	309	308	-13.681256306462515	4.773035049438477	12	13
267	266	308	307	-17.096005398582836	5.041434288024902	12	13
268	267	307	306	-22.931233461438776	4.496605396270752	12	13
269	268	306	305	-13.335940734829162	4.685909748077393	12	13
270	269	305	304	-1.8907705952435436	4.905353546142578	12	13
271	270	304	303	-8.490619764187587	4.7679901123046875	12	13
272	271	303	302	15.987842312045917	4.495945453643799	12	13
273	272	301	300	98.6180835531328	4.698688983917236	12	13
274	273	301	300	52.77520323634642	5.548952102661133	12	13
301	300	339	338	-61.92792378813265	5.341451644897461	13	14
302	301	338	337	80.55540161916369	5.573109149932861	13	14
303	302	338	337	30.809051031042156	4.661491394042969	13	14
304	303	336	335	-20.54701056736139	5.341359615325928	13	14
305	304	335	334	-19.51730603984868	4.325434684753418	13	14
306	305	334	333	-12.626956776857327	5.404833793640137	13	14
307	306	333	332	0.21599623428264902	4.1236677169799805	13	14
308	307	332	331	-0.650038240143879	5.604703426361084	13	14
309	308	331	330	-12.929112443958045	4.147564888000488	13	14
310	309	330	329	-6.13002129753702	5.436794281005859	13	14
311	310	329	328	-1.2718910662105174	4.273427486419678	13	14
312	311	328	327	-3.161704426337605	5.360556125640869	13	14
313	312	327	326	-27.147848616856116	4.711602687835693	13	14
314	313	326	325	-1.5913044966098369	5.296810150146484	13	14
315	314	324	323	51.31856185257022	3.918915033340454	13	14
326	325	360	359	-4.129449630964575	4.77103328704834	14	15
327	326	359	358	-16.330913404130392	4.385351657867432	14	15
328	327	358	357	-10.746924251492254	5.34298849105835	14	15
329	328	357	356	-1.081607565106804	4.680501937866211	14	15
330	329	356	355	-12.615143616401324	4.977031230926514	14	15
331	330	355	354	-7.538359599661444	4.464156627655029	14	15
332	331	354	353	-16.768030799936053	5.328325271606445	14	15
333	332	353	352	3.1840518163815332	4.480710506439209	14	15
334	333	352	351	2.7616033280237056	5.388055324554443	14	15
335	334	351	350	-18.240745866577132	4.249477386474609	14	15
336	335	350	349	5.182791761873159	5.128759860992432	14	15
337	336	349	348	0.9563520303606501	4.482910633087158	14	15
351	350	380	379	-4.831269641227312	4.1151299476623535	15	16
352	351	379	378	-10.62153411662143	5.469571113586426	15	16
353	352	378	377	-5.928642509299671	4.3993635177612305	15	16
354	353	377	376	-15.702769215281474	5.270406723022461	15	16
355	354	376	375	-5.3018858169978085	4.3471832275390625	15	16
356	355	375	374	0.17326154532381816	5.215463638305664	15	16
357	356	374	373	-6.6268349575610825	4.470498561859131	15	16
358	357	373	372	0.014713099597109919	5.344418525695801	15	16
359	358	372	371	-10.447484608772674	4.139544486999512	15	16
360	359	371	370	-1.188835588985587	5.325217247009277	15	16
371	370	399	398	-16.24196808673657	5.139243125915527	16	17
372	371	398	397	0.95404995861345	4.31513786315918	16	17
373	372	397	396	-4.43447216506799	5.0034284591674805	16	17
374	373	396	395	-3.7405232184162234	4.658174991607666	16	17
375	374	395	394	-11.954822358269459	5.133397579193115	16	17
376	375	394	393	-8.992924012743027	4.545475482940674	16	17
377	376	393	392	-8.984288465998151	5.0295329093933105	16	17
378	377	392	391	-12.7094923849098	4.653369903564453	16	17
392	391	20	19	-83.27700085542702	5.170295715332031	17	0
393	392	20	19	-18.552795995240672	5.1937255859375	17	0
394	393	19	18	8.580860021120555	4.029035568237305	17	0
395	394	18	17	0.723366727212107	5.225033760070801	17	0
396	395	17	16	-2.184543915603763	4.643514156341553	17	0
397	396	16	15	-8.588632661462704	5.099548816680908	17	0
398	397	15	14	-1.7585882074215733	4.725517749786377	17	0
399	398	14	13	-7.608689086752467	5.1736931800842285	17	0
400	399	13	12	-1.4015051848450075	4.463654041290283	17	0
401	400	12	11	-14.491352905328338	5.213741302490234	17	0
402	401	11	10	-18.202520020045768	4.229557514190674	17	0
403	402	10	9	-12.458931718307404	5.093792915344238	17	0
404	403	9	8	-36.89195265861062	4.35209321975708	17	0
