19	18	51	50	-4.304501690932311	5.077240467071533	0	1
20	19	50	49	-5.897647669642592	4.6772847175598145	0	1
21	20	49	48	-15.328381427957344	5.283113479614258	0	1
22	21	48	47	-19.950755591914252	4.4603352546691895	0	1
23	22	47	46	-15.628255251322502	4.942721366882324	0	1
24	23	46	45	-22.4133662017035	5.000402927398682	0	1
25	24	45	44	-13.212557520343912	4.906252861022949	0	1
26	25	44	43	-20.779773298940377	4.504185199737549	0	1
27	26	43	42	-1.6783787619973012	5.091621398925781	0	1
28	27	42	41	-1.2664906205869315	4.47730827331543	0	1
29	28	41	40	-2.8625417063403398	4.9559006690979	0	1
41	40	75	74	63.89219922088214	4.7643022537231445	1	2
42	41	75	74	-13.000636777318935	4.476670265197754	1	2
43	42	74	73	26.974510916605585	5.309344291687012	1	2
44	43	72	71	-30.279493914691486	4.454184532165527	1	2
45	44	71	70	-12.62065379217151	5.338215351104736	1	2
46	45	70	69	-12.654305346840863	4.524280071258545	1	2
47	46	69	68	-1.9513245964632904	5.0840277671813965	1	2
48	47	68	67	-3.60525314514556	4.812161922454834	1	2
49	48	67	66	-0.22874715068823162	4.899694442749023	1	2
50	49	66	65	-18.05084494686654	4.483734607696533	1	2
51	50	65	64	5.2943973148919445	4.927115440368652	1	2
52	51	64	63	-7.642266182337107	4.54209041595459	1	2
53	52	63	62	13.468642722451403	5.410742282867432	1	2
55	54	62	61	-49.640173528902494	4.839539527893066	1	2
61	60	107	106	-14.773897498306676	4.850841999053955	2	3
62	61	106	105	-18.061639021932695	4.585572719573975	2	3
63	62	105	104	-37.31707287111354	5.030056953430176	2	3
64	63	104	103	-18.235976835531698	4.647463798522949	2	3
65	64	102	101	10.632976926236998	5.2619547843933105	2	3
66	65	102	101	-33.66489579385433	3.9146668910980225	2	3
67	66	100	99	55.633380059512774	5.52649450302124	2	3
68	67	100	99	-12.27327611936047	4.3093695640563965	2	3
69	68	99	98	1.7597287034145241	5.080473899841309	2	3
70	69	98	97	-4.094448673495698	4.572169303894043	2	3
103	102	117	116	35.00558319929342	5.105660438537598	3	4
104	103	116	115	-35.98727385540315	4.0941362380981445	3	4
105	104	115	114	-17.175770504834837	5.305330753326416	3	4
106	105	114	113	-13.390573062854632	4.379166126251221	3	4
107	106	113	112	-16.52717773098811	5.366088390350342	3	4
113	112	143	142	-13.89970239431931	5.296248912811279	4	5
114	113	142	141	-15.0681712357219	4.4208292961120605	4	5
115	114	141	140	-6.986652913602829	5.208436965942383	4	5
116	115	140	139	-19.116005539862428	4.511453628540039	4	5
117	116	139	138	-25.0484322156897	5.427862644195557	4	5
139	138	157	156	-23.84432363542089	5.37565803527832	5	6
140	139	157	156	25.97745787014874	4.288680076599121	5	6
141	140	156	155	7.151001230492631	5.2865071296691895	5	6
142	141	155	154	-22.156075096450365	4.0966410636901855	5	6
143	142	154	153	-0.6922579480156102	5.230686664581299	5	6
144	143	153	152	-16.56855623744138	4.23997163772583	5	6
152	151	190	189	-0.56172678563672	5.124975204467773	6	7
153	152	189	188	-35.030286167512045	4.1077165603637695	6	7
154	153	188	187	-2.8032977574236093	5.529461860656738	6	7
155	154	187	186	6.548667044808153	3.9916582107543945	6	7
156	155	186	185	-4.590341618814325	5.386068820953369	6	7
157	156	185	184	-12.888778395839195	4.5399580001831055	6	7
158	157	184	183	-13.165119059461164	5.22495174407959	6	7
184	183	207	206	-26.301392280603313	5.42457389831543	7	8
185	184	206	205	-2.883420216074217	4.508576393127441	7	8
186	185	205	204	-8.089646139655533	5.227742671966553	7	8
187	186	204	203	-4.894293860926285	4.149905204772949	7	8
188	187	203	202	-13.160028358847912	5.531547546386719	7	8
189	188	202	201	27.105374513067378	3.8513851165771484	7	8
190	189	200	199	41.801122680609616	5.490232467651367	7	8
191	190	200	199	-24.828722895675043	4.100917339324951	7	8
192	191	199	198	-5.363330663284189	5.399935722351074	7	8
193	192	198	197	-58.513955271567816	4.247370719909668	7	8
197	196	220	219	3.3597668541583867	5.201105117797852	8	9
198	197	219	218	5.322719207911795	4.515657901763916	8	9
199	198	218	217	-14.595520599520345	5.449371337890625	8	9
200	199	217	216	-2.9333245229363634	4.439027786254883	8	9
201	200	216	215	-3.185984189790536	4.888020992279053	8	9
202	201	215	214	-8.791396447326706	4.6617751121521	8	9
203	202	214	213	-12.889763554911877	5.027111053466797	8	9
204	203	213	212	-12.829111392438373	4.492652416229248	8	9
205	204	212	211	-18.230696428963828	5.154092788696289	8	9
206	205	211	210	-17.699702576593463	4.325517654418945	8	9
207	206	210	209	49.27572174082141	5.359805583953857	8	9
211	210	240	239	-34.38453335115371	4.0608391761779785	9	10
212	211	239	238	-12.562498161645198	5.548530101776123	9	10
213	212	238	237	-10.279699215788641	4.384237289428711	9	10
214	213	237	236	-16.9747215543561	5.041871070861816	9	10
215	214	236	235	-11.653316868102584	4.468352794647217	9	10
216	215	235	234	-5.521066418562521	5.345317840576172	9	10
217	216	234	233	-4.904006809780653	4.714530944824219	9	10
218	217	233	232	-3.0013545452723847	5.06526517868042	9	10
219	218	232	231	0.7267827271130554	4.386026859283447	9	10
220	219	231	230	-4.693113002358196	5.108959674835205	9	10
221	220	230	229	-17.46416355191486	4.3394927978515625	9	10
222	221	229	228	-4.76235035073018	5.084606647491455	9	10
223	222	228	227	-54.16694444731771	4.131341934204102	9	10
228	227	261	260	-50.55816882857795	5.311268329620361	10	11
229	228	261	260	-18.570919756653055	5.271087646484375	10	11
230	229	260	259	-14.677036418625855	4.669820785522461	10	11
231	230	259	258	-16.970892771784335	4.869490146636963	10	11
232	231	258	257	-13.82181430782883	4.594796657562256	10	11
233	232	257	256	-6.305419020897596	5.225152492523193	10	11
234	233	256	255	-7.08298549750945	4.526655673980713	10	11
235	234	255	254	6.421959779848358	5.309548854827881	10	11
236	235	254	253	-11.852931740287843	4.133270740509033	10	11
237	236	253	252	-10.04459149312968	5.324152946472168	10	11
238	237	252	251	-10.544379602257727	4.617547035217285	10	11
239	238	251	250	1.0912818920855307	5.011565685272217	10	11
240	239	250	249	19.713488282594945	4.970376014709473	10	11
253	252	275	274	-13.695269470962044	5.04197883605957	11	12
254	253	274	273	5.771059179814748	4.293147563934326	11	12
255	254	273	272	-13.056811741773853	5.559590816497803	11	12
256	255	272	271	-6.67390305637769	4.108511447906494	11	12
257	256	271	270	-1.7149948460806785	5.525296211242676	11	12
258	257	270	269	-21.750552248425034	4.029697895050049	11	12
259	258	269	268	-10.077480315775208	5.470234394073486	11	12
260	259	268	267	-17.886887634031513	4.200223922729492	11	12
261	260	267	266	-13.140791440440967	5.26393985748291	11	12
265	264	323	322	-21.610745630781047	5.190680980682373	12	13
266	265	322	321	-11.523824568415792	5.028498649597168	12	13
267	266	321	320	-10.535429786377609	4.989720821380615	12	13
268	267	320	319	-18.14846586547682	4.907962799072266	12	13
269	268	319	318	-17.281955787693814	4.928455829620361	12	13
270	269	318	317	-9.144310909413582	4.684972286224365	12	13
271	270	317	316	-12.598149919722688	5.049560070037842	12	13
272	271	316	315	-23.671578761863902	4.527475833892822	12	13
273	272	315	314	-8.710599886360244	5.209611892700195	12	13
274	273	314	313	5.413604201719978	4.447545051574707	12	13
275	274	312	311	108.07415861054392	5.052614212036133	12	13
312	311	344	343	-2.2656022485911484	5.384324550628662	13	14
313	312	344	343	76.61624070549706	4.96831750869751	13	14
314	313	344	343	21.383367058754477	4.479630470275879	13	14
315	314	341	340	20.79747793144269	5.650651931762695	13	14
316	315	341	340	-8.68362230946082	3.9633967876434326	13	14
317	316	340	339	-17.747047792538627	5.5103888511657715	13	14
318	317	339	338	-9.475403350994688	4.319756031036377	13	14
319	318	338	337	-1.192923056742485	5.457653045654297	13	14
320	319	337	336	-8.846968132701258	4.087717533111572	13	14
321	320	336	335	-1.0922007927496267	5.402160167694092	13	14
322	321	335	334	-14.639758588427634	4.5007500648498535	13	14
323	322	334	333	-0.4935421439344825	5.030826568603516	13	14
324	323	333	332	-33.581128237521995	4.428177833557129	13	14
332	331	377	376	2.33387586062375	4.774655342102051	14	15
333	332	376	375	-4.982037872830616	4.577254295349121	14	15
334	333	375	374	-8.77345294411148	5.294131278991699	14	15
335	334	374	373	-6.755782084054897	4.509400367736816	14	15
336	335	373	372	-6.68399423845688	5.012917518615723	14	15
337	336	372	371	-0.1866014601600098	4.517993927001953	14	15
338	337	371	370	-13.565884781809006	5.352391242980957	14	15
339	338	370	369	-12.48012748966859	4.538887023925781	14	15
340	339	369	368	-0.7216461728616868	5.192535877227783	14	15
341	340	368	367	-19.917034466083837	4.173240661621094	14	15
342	341	367	366	6.5532235763963005	5.3970136642456055	14	15
368	367	397	396	-0.3148134246531624	4.021321773529053	15	16
369	368	396	395	-15.137416898177579	5.446000099182129	15	16
370	369	395	394	-2.1085017533823214	4.252192497253418	15	16
371	370	394	393	-7.473756156807266	5.2636590003967285	15	16
372	371	393	392	-16.204365808163022	4.444041728973389	15	16
373	372	392	391	-12.964303005851447	5.119294166564941	15	16
374	373	391	390	6.017888100733121	4.6039323806762695	15	16
375	374	390	389	-5.549282268138666	5.2629714012146	15	16
376	375	389	388	1.1793640729407575	4.506251335144043	15	16
377	376	388	387	-6.036128303920679	5.193784236907959	15	16
388	387	414	413	-15.252129712673797	5.0176568031311035	16	17
389	388	413	412	-11.554225824407094	4.699750900268555	16	17
390	389	412	411	-15.54857509172143	5.086602210998535	16	17
391	390	411	410	-13.847583727783968	4.620952606201172	16	17
392	391	410	409	-1.4864361952939993	5.0070343017578125	16	17
393	392	409	408	-4.301442289318178	4.553339958190918	16	17
394	393	408	407	-6.023296411008282	5.062828063964844	16	17
395	394	407	406	-2.86571282662515	4.6725311279296875	16	17
408	407	31	30	-4.831296759090228	5.1089091300964355	17	0
409	408	30	29	-4.0727812356044675	4.345837116241455	17	0
410	409	29	28	-8.88454561975063	5.047107696533203	17	0
411	410	28	27	-3.234049433161662	4.68735933303833	17	0
412	411	27	26	-3.947577525330566	5.006017684936523	17	0
413	412	26	25	-5.758595607574016	4.664841651916504	17	0
414	413	25	24	-12.2029052062464	5.026020050048828	17	0
415	414	24	23	-5.7812582020750245	4.527040481567383	17	0
416	415	23	22	-14.04493603372785	4.908599853515625	17	0
417	416	22	21	-18.935865916651206	4.348075866699219	17	0
418	417	21	20	-19.519963306988174	5.1289825439453125	17	0
419	418	20	19	-45.30420468268697	4.6735310554504395	17	0
420	419	19	18	-16.137956020347435	5.329038619995117	17	0
19	18	51	50	-4.304501690932311	5.077240467071533	0	1
20	19	50	49	-5.897647669642592	4.6772847175598145	0	1
21	20	49	48	-15.328381427957344	5.283113479614258	0	1
22	21	48	47	-19.950755591914252	4.4603352546691895	0	1
23	22	47	46	-15.628255251322502	4.942721366882324	0	1
24	23	46	45	-22.4133662017035	5.000402927398682	0	1
25	24	45	44	-13.212557520343912	4.906252861022949	0	1
26	25	44	43	-20.779773298940377	4.504185199737549	0	1
27	26	43	42	-1.6783787619973012	5.091621398925781	0	1
28	27	42	41	-1.2664906205869315	4.47730827331543	0	1
29	28	41	40	-2.8625417063403398	4.9559006690979	0	1
41	40	75	74	63.89219922088214	4.7643022537231445	1	2
42	41	75	74	-13.000636777318935	4.476670265197754	1	2
43	42	74	73	26.974510916605585	5.309344291687012	1	2
44	43	72	71	-30.279493914691486	4.454184532165527	1	2
45	44	71	70	-12.62065379217151	5.338215351104736	1	2
46	45	70	69	-12.654305346840863	4.524280071258545	1	2
47	46	69	68	-1.9513245964632904	5.0840277671813965	1	2
48	47	68	67	-3.60525314514556	4.812161922454834	1	2
49	48	67	66	-0.22874715068823162	4.899694442749023	1	2
50	49	66	65	-18.05084494686654	4.483734607696533	1	2
51	50	65	64	5.2943973148919445	4.927115440368652	1	2
52	51	64	63	-7.642266182337107	4.54209041595459	1	2
53	52	63	62	13.468642722451403	5.410742282867432	1	2
55	54	62	61	-49.640173528902494	4.839539527893066	1	2
61	60	107	106	-14.773897498306676	4.850841999053955	2	3
62	61	106	105	-18.061639021932695	4.585572719573975	2	3
63	62	105	104	-37.31707287111354	5.030056953430176	2	3
64	63	104	103	-18.235976835531698	4.647463798522949	2	3
65	64	102	101	10.632976926236998	5.2619547843933105	2	3
66	65	102	101	-33.66489579385433	3.9146668910980225	2	3
67	66	100	99	55.633380059512774	5.52649450302124	2	3
68	67	100	99	-12.27327611936047	4.3093695640563965	2	3
69	68	99	98	1.7597287034145241	5.080473899841309	2	3
70	69	98	97	-4.094448673495698	4.572169303894043	2	3
103	102	117	116	35.00558319929342	5.105660438537598	3	4
104	103	116	115	-35.98727385540315	4.0941362380981445	3	4
105	104	115	114	-17.175770504834837	5.305330753326416	3	4
106	105	114	113	-13.390573062854632	4.379166126251221	3	4
107	106	113	112	-16.52717773098811	5.366088390350342	3	4
113	112	143	142	-13.89970239431931	5.296248912811279	4	5
114	113	142	141	-15.0681712357219	4.4208292961120605	4	5
115	114	141	140	-6.986652913602829	5.208436965942383	4	5
116	115	140	139	-19.116005539862428	4.511453628540039	4	5
117	116	139	138	-25.0484322156897	5.427862644195557	4	5
139	138	157	156	-23.84432363542089	5.37565803527832	5	6
140	139	157	156	25.97745787014874	4.288680076599121	5	6
141	140	156	155	7.151001230492631	5.2865071296691895	5	6
142	141	155	154	-22.156075096450365	4.0966410636901855	5	6
143	142	154	153	-0.6922579480156102	5.230686664581299	5	6
144	143	153	152	-16.56855623744138	4.23997163772583	5	6
152	151	190	189	-0.56172678563672	5.124975204467773	6	7
153	152	189	188	-35.030286167512045	4.1077165603637695	6	7
154	153	188	187	-2.8032977574236093	5.529461860656738	6	7
155	154	187	186	6.548667044808153	3.9916582107543945	6	7
156	155	186	185	-4.590341618814325	5.386068820953369	6	7
157	156	185	184	-12.888778395839195	4.5399580001831055	6	7
158	157	184	183	-13.165119059461164	5.22495174407959	6	7
184	183	207	206	-26.301392280603313	5.42457389831543	7	8
185	184	206	205	-2.883420216074217	4.508576393127441	7	8
186	185	205	204	-8.089646139655533	5.227742671966553	7	8
187	186	204	203	-4.894293860926285	4.149905204772949	7	8
188	187	203	202	-13.160028358847912	5.531547546386719	7	8
189	188	202	201	27.105374513067378	3.8513851165771484	7	8
190	189	200	199	41.801122680609616	5.490232467651367	7	8
191	190	200	199	-24.828722895675043	4.100917339324951	7	8
192	191	199	198	-5.363330663284189	5.399935722351074	7	8
193	192	198	197	-58.513955271567816	4.247370719909668	7	8
197	196	220	219	3.3597668541583867	5.201105117797852	8	9
198	197	219	218	5.322719207911795	4.515657901763916	8	9
199	198	218	217	-14.595520599520345	5.449371337890625	8	9
200	199	217	216	-2.9333245229363634	4.439027786254883	8	9
201	200	216	215	-3.185984189790536	4.888020992279053	8	9
202	201	215	214	-8.791396447326706	4.6617751121521	8	9
203	202	214	213	-12.889763554911877	5.027111053466797	8	9
204	203	213	212	-12.829111392438373	4.492652416229248	8	9
205	204	212	211	-18.230696428963828	5.154092788696289	8	9
206	205	211	210	-17.699702576593463	4.325517654418945	8	9
207	206	210	209	49.27572174082141	5.359805583953857	8	9
211	210	240	239	-34.38453335115371	4.0608391761779785	9	10
212	211	239	238	-12.562498161645198	5.548530101776123	9	10
213	212	238	237	-10.279699215788641	4.384237289428711	9	10
214	213	237	236	-16.9747215543561	5.041871070861816	9	10
215	214	236	235	-11.653316868102584	4.468352794647217	9	10
216	215	235	234	-5.521066418562521	5.345317840576172	9	10
217	216	234	233	-4.904006809780653	4.714530944824219	9	10
218	217	233	232	-3.0013545452723847	5.06526517868042	9	10
219	218	232	231	0.7267827271130554	4.386026859283447	9	10
220	219	231	230	-4.693113002358196	5.108959674835205	9	10
221	220	230	229	-17.46416355191486	4.3394927978515625	9	10
222	221	229	228	-4.76235035073018	5.084606647491455	9	10
223	222	228	227	-54.16694444731771	4.131341934204102	9	10
228	227	261	260	-50.55816882857795	5.311268329620361	10	11
229	228	261	260	-18.570919756653055	5.271087646484375	10	11
230	229	260	259	-14.677036418625855	4.669820785522461	10	11
231	230	259	258	-16.970892771784335	4.869490146636963	10	11
232	231	258	257	-13.82181430782883	4.594796657562256	10	11
233	232	257	256	-6.305419020897596	5.225152492523193	10	11
234	233	256	255	-7.08298549750945	4.526655673980713	10	11
235	234	255	254	6.421959779848358	5.309548854827881	10	11
236	235	254	253	-11.852931740287843	4.133270740509033	10	11
237	236	253	252	-10.04459149312968	5.324152946472168	10	11
238	237	252	251	-10.544379602257727	4.617547035217285	10	11
239	238	251	250	1.0912818920855307	5.011565685272217	10	11
240	239	250	249	19.713488282594945	4.970376014709473	10	11
253	252	275	274	-13.695269470962044	5.04197883605957	11	12
254	253	274	273	5.771059179814748	4.293147563934326	11	12
255	254	273	272	-13.056811741773853	5.559590816497803	11	12
256	255	272	271	-6.67390305637769	4.108511447906494	11	12
257	256	271	270	-1.7149948460806785	5.525296211242676	11	12
258	257	270	269	-21.750552248425034	4.029697895050049	11	12
259	258	269	268	-10.077480315775208	5.470234394073486	11	12
260	259	268	267	-17.886887634031513	4.200223922729492	11	12
261	260	267	266	-13.140791440440967	5.26393985748291	11	12
265	264	323	322	-21.610745630781047	5.190680980682373	12	13
266	265	322	321	-11.523824568415792	5.028498649597168	12	13
267	266	321	320	-10.535429786377609	4.989720821380615	12	13
268	267	320	319	-18.14846586547682	4.907962799072266	12	13
269	268	319	318	-17.281955787693814	4.928455829620361	12	13
270	269	318	317	-9.144310909413582	4.684972286224365	12	13
271	270	317	316	-12.598149919722688	5.049560070037842	12	13
272	271	316	315	-23.671578761863902	4.527475833892822	12	13
273	272	315	314	-8.710599886360244	5.209611892700195	12	13
274	273	314	313	5.413604201719978	4.447545051574707	12	13
275	274	312	311	108.07415861054392	5.052614212036133	12	13
312	311	344	343	-2.2656022485911484	5.384324550628662	13	14
313	312	344	343	76.61624070549706	4.96831750869751	13	14
314	313	344	343	21.383367058754477	4.479630470275879	13	14
315	314	341	340	20.79747793144269	5.650651931762695	13	14
316	315	341	340	-8.68362230946082	3.9633967876434326	13	14
317	316	340	339	-17.747047792538627	5.5103888511657715	13	14
318	317	339	338	-9.475403350994688	4.319756031036377	13	14
319	318	338	337	-1.192923056742485	5.457653045654297	13	14
320	319	337	336	-8.846968132701258	4.087717533111572	13	14
321	320	336	335	-1.0922007927496267	5.402160167694092	13	14
322	321	335	334	-14.639758588427634	4.5007500648498535	13	14
323	322	334	333	-0.4935421439344825	5.030826568603516	13	14
324	323	333	332	-33.581128237521995	4.428177833557129	13	14
332	331	377	376	2.33387586062375	4.774655342102051	14	15
333	332	376	375	-4.982037872830616	4.577254295349121	14	15
334	333	375	374	-8.77345294411148	5.294131278991699	14	15
335	334	374	373	-6.755782084054897	4.509400367736816	14	15
336	335	373	372	-6.68399423845688	5.012917518615723	14	15
337	336	372	371	-0.1866014601600098	4.517993927001953	14	15
338	337	371	370	-13.565884781809006	5.352391242980957	14	15
339	338	370	369	-12.48012748966859	4.538887023925781	14	15
340	339	369	368	-0.7216461728616868	5.192535877227783	14	15
341	340	368	367	-19.917034466083837	4.173240661621094	14	15
342	341	367	366	6.5532235763963005	5.3970136642456055	14	15
368	367	397	396	-0.3148134246531624	4.021321773529053	15	16
369	368	396	395	-15.137416898177579	5.446000099182129	15	16
370	369	395	394	-2.1085017533823214	4.252192497253418	15	16
371	370	394	393	-7.473756156807266	5.2636590003967285	15	16
372	371	393	392	-16.204365808163022	4.444041728973389	15	16
373	372	392	391	-12.964303005851447	5.119294166564941	15	16
374	373	391	390	6.017888100733121	4.6039323806762695	15	16
375	374	390	389	-5.549282268138666	5.2629714012146	15	16
376	375	389	388	1.1793640729407575	4.506251335144043	15	16
377	376	388	387	-6.036128303920679	5.193784236907959	15	16
388	387	414	413	-15.252129712673797	5.0176568031311035	16	17
389	388	413	412	-11.554225824407094	4.699750900268555	16	17
390	389	412	411	-15.54857509172143	5.086602210998535	16	17
391	390	411	410	-13.847583727783968	4.620952606201172	16	17
392	391	410	409	-1.4864361952939993	5.0070343017578125	16	17
393	392	409	408	-4.301442289318178	4.553339958190918	16	17
394	393	408	407	-6.023296411008282	5.062828063964844	16	17
395	394	407	406	-2.86571282662515	4.6725311279296875	16	17
408	407	31	30	-4.831296759090228	5.1089091300964355	17	0
409	408	30	29	-4.0727812356044675	4.345837116241455	17	0
410	409	29	28	-8.88454561975063	5.047107696533203	17	0
411	410	28	27	-3.234049433161662	4.68735933303833	17	0
412	411	27	26	-3.947577525330566	5.006017684936523	17	0
413	412	26	25	-5.758595607574016	4.664841651916504	17	0
414	413	25	24	-12.2029052062464	5.026020050048828	17	0
415	414	24	23	-5.7812582020750245	4.527040481567383	17	0
416	415	23	22	-14.04493603372785	4.908599853515625	17	0
417	416	22	21	-18.935865916651206	4.348075866699219	17	0
418	417	21	20	-19.519963306988174	5.1289825439453125	17	0
419	418	20	19	-45.30420468268697	4.6735310554504395	17	0
420	419	19	18	-16.137956020347435	5.329038619995117	17	0
19	18	51	50	-4.304501690932311	5.077240467071533	0	1
20	19	50	49	-5.897647669642592	4.6772847175598145	0	1
21	20	49	48	-15.328381427957344	5.283113479614258	0	1
22	21	48	47	-19.950755591914252	4.4603352546691895	0	1
23	22	47	46	-15.628255251322502	4.942721366882324	0	1
24	23	46	45	-22.4133662017035	5.000402927398682	0	1
25	24	45	44	-13.212557520343912	4.906252861022949	0	1
26	25	44	43	-20.779773298940377	4.504185199737549	0	1
27	26	43	42	-1.6783787619973012	5.091621398925781	0	1
28	27	42	41	-1.2664906205869315	4.47730827331543	0	1
29	28	41	40	-2.8625417063403398	4.9559006690979	0	1
41	40	75	74	63.89219922088214	4.7643022537231445	1	2
42	41	75	74	-13.000636777318935	4.476670265197754	1	2
43	42	74	73	26.974510916605585	5.309344291687012	1	2
44	43	72	71	-30.279493914691486	4.454184532165527	1	2
45	44	71	70	-12.62065379217151	5.338215351104736	1	2
46	45	70	69	-12.654305346840863	4.524280071258545	1	2
47	46	69	68	-1.9513245964632904	5.0840277671813965	1	2
48	47	68	67	-3.60525314514556	4.812161922454834	1	2
49	48	67	66	-0.22874715068823162	4.899694442749023	1	2
50	49	66	65	-18.05084494686654	4.483734607696533	1	2
51	50	65	64	5.2943973148919445	4.927115440368652	1	2
52	51	64	63	-7.642266182337107	4.54209041595459	1	2
53	52	63	62	13.468642722451403	5.410742282867432	1	2
55	54	62	61	-49.640173528902494	4.839539527893066	1	2
61	60	107	106	-14.773897498306676	4.850841999053955	2	3
62	61	106	105	-18.061639021932695	4.585572719573975	2	3
63	62	105	104	-37.31707287111354	5.030056953430176	2	3
64	63	104	103	-18.235976835531698	4.647463798522949	2	3
65	64	102	101	10.632976926236998	5.2619547843933105	2	3
66	65	102	101	-33.66489579385433	3.9146668910980225	2	3
67	66	100	99	55.633380059512774	5.52649450302124	2	3
68	67	100	99	-12.27327611936047	4.3093695640563965	2	3
69	68	99	98	1.7597287034145241	5.080473899841309	2	3
70	69	98	97	-4.094448673495698	4.572169303894043	2	3
103	102	117	116	35.00558319929342	5.105660438537598	3	4
104	103	116	115	-35.98727385540315	4.0941362380981445	3	4
105	104	115	114	-17.175770504834837	5.305330753326416	3	4
106	105	114	113	-13.390573062854632	4.379166126251221	3	4
107	106	113	112	-16.52717773098811	5.366088390350342	3	4
113	112	143	142	-13.89970239431931	5.296248912811279	4	5
114	113	142	141	-15.0681712357219	4.4208292961120605	4	5
115	114	141	140	-6.986652913602829	5.208436965942383	4	5
116	115	140	139	-19.116005539862428	4.511453628540039	4	5
117	116	139	138	-25.0484322156897	5.427862644195557	4	5
139	138	157	156	-23.84432363542089	5.37565803527832	5	6
140	139	157	156	25.97745787014874	4.288680076599121	5	6
141	140	156	155	7.151001230492631	5.2865071296691895	5	6
142	141	155	154	-22.156075096450365	4.0966410636901855	5	6
143	142	154	153	-0.6922579480156102	5.230686664581299	5	6
144	143	153	152	-16.56855623744138	4.23997163772583	5	6
152	151	190	189	-0.56172678563672	5.124975204467773	6	7
153	152	189	188	-35.030286167512045	4.1077165603637695	6	7
154	153	188	187	-2.8032977574236093	5.529461860656738	6	7
155	154	187	186	6.548667044808153	3.9916582107543945	6	7
156	155	186	185	-4.590341618814325	5.386068820953369	6	7
157	156	185	184	-12.888778395839195	4.5399580001831055	6	7
158	157	184	183	-13.165119059461164	5.22495174407959	6	7
184	183	207	206	-26.301392280603313	5.42457389831543	7	8
185	184	206	205	-2.883420216074217	4.508576393127441	7	8
186	185	205	204	-8.089646139655533	5.227742671966553	7	8
187	186	204	203	-4.894293860926285	4.149905204772949	7	8
188	187	203	202	-13.160028358847912	5.531547546386719	7	8
189	188	202	201	27.105374513067378	3.8513851165771484	7	8
190	189	200	199	41.801122680609616	5.490232467651367	7	8
191	190	200	199	-24.828722895675043	4.100917339324951	7	8
192	191	199	198	-5.363330663284189	5.399935722351074	7	8
193	192	198	197	-58.513955271567816	4.247370719909668	7	8
197	196	220	219	3.3597668541583867	5.201105117797852	8	9
198	197	219	218	5.322719207911795	4.515657901763916	8	9
199	198	218	217	-14.595520599520345	5.449371337890625	8	9
200	199	217	216	-2.9333245229363634	4.439027786254883	8	9
201	200	216	215	-3.185984189790536	4.888020992279053	8	9
202	201	215	214	-8.791396447326706	4.6617751121521	8	9
203	202	214	213	-12.889763554911877	5.027111053466797	8	9
204	203	213	212	-12.829111392438373	4.492652416229248	8	9
205	204	212	211	-18.230696428963828	5.154092788696289	8	9
206	205	211	210	-17.699702576593463	4.325517654418945	8	9
207	206	210	209	49.27572174082141	5.359805583953857	8	9
211	210	240	239	-34.38453335115371	4.0608391761779785	9	10
212	211	239	238	-12.562498161645198	5.548530101776123	9	10
213	212	238	237	-10.279699215788641	4.384237289428711	9	10
214	213	237	236	-16.9747215543561	5.041871070861816	9	10
215	214	236	235	-11.653316868102584	4.468352794647217	9	10
216	215	235	234	-5.521066418562521	5.345317840576172	9	10
217	216	234	233	-4.904006809780653	4.714530944824219	9	10
218	217	233	232	-3.0013545452723847	5.06526517868042	9	10
219	218	232	231	0.7267827271130554	4.386026859283447	9	10
220	219	231	230	-4.693113002358196	5.108959674835205	9	10
221	220	230	229	-17.46416355191486	4.3394927978515625	9	10
222	221	229	228	-4.76235035073018	5.084606647491455	9	10
223	222	228	227	-54.16694444731771	4.131341934204102	9	10
228	227	261	260	-50.55816882857795	5.311268329620361	10	11
229	228	261	260	-18.570919756653055	5.271087646484375	10	11
230	229	260	259	-14.677036418625855	4.669820785522461	10	11
231	230	259	258	-16.970892771784335	4.869490146636963	10	11
232	231	258	257	-13.82181430782883	4.594796657562256	10	11
233	232	257	256	-6.305419020897596	5.225152492523193	10	11
234	233	256	255	-7.08298549750945	4.526655673980713	10	11
235	234	255	254	6.421959779848358	5.309548854827881	10	11
236	235	254	253	-11.852931740287843	4.133270740509033	10	11
237	236	253	252	-10.04459149312968	5.324152946472168	10	11
238	237	252	251	-10.544379602257727	4.617547035217285	10	11
239	238	251	250	1.0912818920855307	5.011565685272217	10	11
240	239	250	249	19.713488282594945	4.970376014709473	10	11
253	252	275	274	-13.695269470962044	5.04197883605957	11	12
254	253	274	273	5.771059179814748	4.293147563934326	11	12
255	254	273	272	-13.056811741773853	5.559590816497803	11	12
256	255	272	271	-6.67390305637769	4.108511447906494	11	12
257	256	271	270	-1.7149948460806785	5.525296211242676	11	12
258	257	270	269	-21.750552248425034	4.029697895050049	11	12
259	258	269	268	-10.077480315775208	5.470234394073486	11	12
260	259	268	267	-17.886887634031513	4.200223922729492	11	12
261	260	267	266	-13.140791440440967	5.26393985748291	11	12
265	264	323	322	-21.610745630781047	5.190680980682373	12	13
266	265	322	321	-11.523824568415792	5.028498649597168	12	13
267	266	321	320	-10.535429786377609	4.989720821380615	12	13
268	267	320	319	-18.14846586547682	4.907962799072266	12	13
269	268	319	318	-17.281955787693814	4.928455829620361	12	13
270	269	318	317	-9.144310909413582	4.684972286224365	12	13
271	270	317	316	-12.598149919722688	5.049560070037842	12	13
272	271	316	315	-23.671578761863902	4.527475833892822	12	13
273	272	315	314	-8.710599886360244	5.209611892700195	12	13
274	273	314	313	5.413604201719978	4.447545051574707	12	13
275	274	312	311	108.07415861054392	5.052614212036133	12	13
312	311	344	343	-2.2656022485911484	5.384324550628662	13	14
313	312	344	343	76.61624070549706	4.96831750869751	13	14
314	313	344	343	21.383367058754477	4.479630470275879	13	14
315	314	341	340	20.79747793144269	5.650651931762695	13	14
316	315	341	340	-8.68362230946082	3.9633967876434326	13	14
317	316	340	339	-17.747047792538627	5.5103888511657715	13	14
318	317	339	338	-9.475403350994688	4.319756031036377	13	14
319	318	338	337	-1.192923056742485	5.457653045654297	13	14
320	319	337	336	-8.846968132701258	4.087717533111572	13	14
321	320	336	335	-1.0922007927496267	5.402160167694092	13	14
322	321	335	334	-14.639758588427634	4.5007500648498535	13	14
323	322	334	333	-0.4935421439344825	5.030826568603516	13	14
324	323	333	332	-33.581128237521995	4.428177833557129	13	14
332	331	377	376	2.33387586062375	4.774655342102051	14	15
333	332	376	375	-4.982037872830616	4.577254295349121	14	15
334	333	375	374	-8.77345294411148	5.294131278991699	14	15
335	334	374	373	-6.755782084054897	4.509400367736816	14	15
336	335	373	372	-6.68399423845688	5.012917518615723	14	15
337	336	372	371	-0.1866014601600098	4.517993927001953	14	15
338	337	371	370	-13.565884781809006	5.352391242980957	14	15
339	338	370	369	-12.48012748966859	4.538887023925781	14	15
340	339	369	368	-0.7216461728616868	5.192535877227783	14	15
341	340	368	367	-19.917034466083837	4.173240661621094	14	15
342	341	367	366	6.5532235763963005	5.3970136642456055	14	15
368	367	397	396	-0.3148134246531624	4.021321773529053	15	16
369	368	396	395	-15.137416898177579	5.446000099182129	15	16
370	369	395	394	-2.1085017533823214	4.252192497253418	15	16
371	370	394	393	-7.473756156807266	5.2636590003967285	15	16
372	371	393	392	-16.204365808163022	4.444041728973389	15	16
373	372	392	391	-12.964303005851447	5.119294166564941	15	16
374	373	391	390	6.017888100733121	4.6039323806762695	15	16
375	374	390	389	-5.549282268138666	5.2629714012146	15	16
376	375	389	388	1.1793640729407575	4.506251335144043	15	16
377	376	388	387	-6.036128303920679	5.193784236907959	15	16
388	387	414	413	-15.252129712673797	5.0176568031311035	16	17
389	388	413	412	-11.554225824407094	4.699750900268555	16	17
390	389	412	411	-15.54857509172143	5.086602210998535	16	17
391	390	411	410	-13.847583727783968	4.620952606201172	16	17
392	391	410	409	-1.4864361952939993	5.0070343017578125	16	17
393	392	409	408	-4.301442289318178	4.553339958190918	16	17
394	393	408	407	-6.023296411008282	5.062828063964844	16	17
395	394	407	406	-2.86571282662515	4.6725311279296875	16	17
408	407	31	30	-4.831296759090228	5.1089091300964355	17	0
409	408	30	29	-4.0727812356044675	4.345837116241455	17	0
410	409	29	28	-8.88454561975063	5.047107696533203	17	0
411	410	28	27	-3.234049433161662	4.68735933303833	17	0
412	411	27	26	-3.947577525330566	5.006017684936523	17	0
413	412	26	25	-5.758595607574016	4.664841651916504	17	0
414	413	25	24	-12.2029052062464	5.026020050048828	17	0
415	414	24	23	-5.7812582020750245	4.527040481567383	17	0
416	415	23	22	-14.04493603372785	4.908599853515625	17	0
417	416	22	21	-18.935865916651206	4.348075866699219	17	0
418	417	21	20	-19.519963306988174	5.1289825439453125	17	0
419	418	20	19	-45.30420468268697	4.6735310554504395	17	0
420	419	19	18	-16.137956020347435	5.329038619995117	17	0
