155	154	180	179	-12.85612018300133	5.345487117767334	0	1
156	155	179	178	17.35028810239949	4.361828327178955	0	1
157	156	178	177	7.284138786274992	5.129006385803223	0	1
158	157	177	176	-20.491058093357942	4.347766876220703	0	1
159	158	176	175	-5.752574219628084	5.268519878387451	0	1
160	159	175	174	-6.0566146691852225	4.058147430419922	0	1
161	160	174	173	-7.577693084554911	5.009466648101807	0	1
162	161	173	172	16.478899812686517	4.241363525390625	0	1
173	172	198	197	-5.375351216778676	4.085792064666748	1	2
174	173	197	196	4.125889207126656	5.419684410095215	1	2
175	174	196	195	-0.35028492667863403	4.152154445648193	1	2
176	175	195	194	-12.846401695079937	5.617366313934326	1	2
177	176	194	193	6.479706594284907	4.432728290557861	1	2
178	177	192	191	39.94660530641993	5.539853572845459	1	2
179	178	192	191	-11.299581463888805	3.935197353363037	1	2
180	179	191	190	-12.018454668325965	5.1777801513671875	1	2
181	180	190	189	9.617694502643838	4.2071452140808105	1	2
188	187	239	238	-14.454028231369557	4.7359113693237305	2	3
189	188	238	237	-31.841145863135246	5.217654705047607	2	3
190	189	237	236	-8.462592721375342	4.353903770446777	2	3
191	190	236	235	-0.6835841890106337	5.165775299072266	2	3
192	191	235	234	-2.7571503699125275	4.6579670906066895	2	3
193	192	234	233	-8.576156417596772	5.35023307800293	2	3
194	193	233	232	0.889724851943875	4.325815200805664	2	3
195	194	232	231	0.8053658261040187	4.9650559425354	2	3
196	195	231	230	2.1770916991199694	4.77408504486084	2	3
197	196	230	229	-6.854901219377146	5.235370635986328	2	3
198	197	229	228	3.76957219434748	4.639097690582275	2	3
228	227	259	258	-33.9100309252432	4.281162738800049	3	4
229	228	258	257	-29.18068628455005	4.266053199768066	3	4
230	229	257	256	-9.846736518855517	5.045796871185303	3	4
231	230	256	255	-0.1637033690328616	4.734325885772705	3	4
232	231	255	254	-7.086809558191894	5.198173999786377	3	4
233	232	254	253	-0.4371946263769559	4.377383708953857	3	4
234	233	253	252	6.525729035913448	5.378854274749756	3	4
235	234	252	251	-8.633035296551043	4.1423563957214355	3	4
236	235	251	250	-9.011716873813949	5.283153533935547	3	4
237	236	250	249	-10.764046204338484	4.324971675872803	3	4
238	237	249	248	-11.137945945370861	5.219778537750244	3	4
239	238	248	247	-11.454155145126892	4.442934036254883	3	4
245	244	296	295	20.310880940711584	4.855401992797852	4	5
246	245	295	294	4.244564918475998	4.616067886352539	4	5
247	246	294	293	-16.25418531069026	5.590724468231201	4	5
248	247	293	292	-14.010893275494373	4.668087482452393	4	5
249	248	292	291	-11.943303321260762	4.827354431152344	4	5
250	249	291	290	-10.023948650754125	4.662806034088135	4	5
251	250	290	289	-0.7763461630163264	4.894454002380371	4	5
252	251	289	288	-1.2602218569682984	4.53670597076416	4	5
253	252	288	287	-14.941423394124435	5.3685173988342285	4	5
254	253	287	286	-5.351330833721503	4.663373947143555	4	5
255	254	286	285	-11.875511187902728	5.089056015014648	4	5
256	255	285	284	-11.337462678510915	4.635958671569824	4	5
257	256	284	283	-6.2512044429223685	5.057117462158203	4	5
258	257	283	282	-13.444821666212665	4.612728118896484	4	5
283	282	316	315	4.383275805461148	3.952565908432007	5	6
284	283	315	314	-25.485615034509024	5.060449600219727	5	6
285	284	314	313	-14.53341514563443	4.735190391540527	5	6
286	285	313	312	-3.6191598192479475	5.288766384124756	5	6
287	286	312	311	-7.99571396974383	4.534813404083252	5	6
288	287	311	310	-11.662448103988021	5.139824867248535	5	6
289	288	310	309	-3.2331270616439602	4.332200050354004	5	6
290	289	309	308	-15.18678611737458	5.151904106140137	5	6
291	290	308	307	-5.045602489491059	4.466928005218506	5	6
292	291	306	305	43.39139917652904	5.423483371734619	5	6
293	292	306	305	-19.18678989014838	4.236631870269775	5	6
294	293	305	304	-1.4344902556634138	5.145735740661621	5	6
295	294	304	303	0.33768510747671027	4.524449348449707	5	6
296	295	303	302	-7.977556361294796	5.081496715545654	5	6
297	296	302	301	-8.559654325453373	4.294394493103027	5	6
302	301	353	352	5.255624180695194	5.212826728820801	6	7
303	302	352	351	-19.405891041953346	5.140676975250244	6	7
304	303	351	350	-19.052304705007213	4.265459060668945	6	7
305	304	350	349	11.008473775067458	5.630584239959717	6	7
306	305	349	348	11.898838939709622	4.359642028808594	6	7
307	306	348	347	-12.158560059051512	5.494311809539795	6	7
308	307	347	346	-1.8029668013709872	4.614199638366699	6	7
309	308	346	345	-9.5031661436794	5.2356767654418945	6	7
310	309	345	344	-15.158961309766179	4.4621381759643555	6	7
311	310	344	343	-4.6368498550291255	5.075867176055908	6	7
312	311	343	342	-10.9858995798601	4.7664289474487305	6	7
313	312	342	341	-16.050718938546822	5.008981227874756	6	7
314	313	341	340	-18.0157178822355	4.425991535186768	6	7
315	314	340	339	-2.5669210882664624	5.136961936950684	6	7
316	315	339	338	-35.17215514843326	4.3575310707092285	6	7
341	340	376	375	0.139122765163804	4.80980920791626	7	8
342	341	375	374	-7.785414521071514	5.267727375030518	7	8
343	342	374	373	-16.146172419381607	4.760315895080566	7	8
344	343	373	372	-9.036797003598581	4.946932792663574	7	8
345	344	372	371	-7.273088535493489	4.507203102111816	7	8
346	345	371	370	0.32306837938262206	5.333297252655029	7	8
347	346	370	369	-7.58497698009104	4.328461170196533	7	8
348	347	369	368	-2.914337077819284	4.878332138061523	7	8
349	348	368	367	-9.571671375772743	4.3965888023376465	7	8
350	349	367	366	1.6221906266292174	5.328395843505859	7	8
351	350	366	365	-11.989066796628487	3.9290404319763184	7	8
352	351	365	364	-15.055564391741125	5.5589213371276855	7	8
353	352	364	363	-22.02796791663055	4.517368316650391	7	8
354	353	363	362	-22.29111694633829	4.9632978439331055	7	8
355	354	362	361	-40.773862330982425	4.083608627319336	7	8
362	361	418	417	5.590423341003733	4.384737491607666	8	9
363	362	417	416	-6.589282071472648	5.341696739196777	8	9
364	363	416	415	-23.85775822525155	4.427484512329102	8	9
365	364	415	414	-4.2675775830521525	4.889554500579834	8	9
366	365	414	413	-10.382912188683292	4.5465006828308105	8	9
367	366	413	412	-24.920138870722763	5.279088973999023	8	9
368	367	412	411	-9.451840675002018	4.383474826812744	8	9
369	368	411	410	-0.30493488736477053	4.955645561218262	8	9
370	369	410	409	-0.7478138860600191	4.521515369415283	8	9
371	370	409	408	-9.033347084194185	5.15812349319458	8	9
372	371	408	407	-21.057151127922662	4.399779796600342	8	9
373	372	407	406	3.798729547757201	5.482963562011719	8	9
374	373	406	405	-11.226869165890234	4.487528324127197	8	9
375	374	405	404	-14.7738771918708	5.051774024963379	8	9
376	375	404	403	-44.15197864773243	4.745750427246094	8	9
408	407	436	435	-62.36654323979498	5.737451076507568	9	10
409	408	436	435	-18.625231861532342	5.285762786865234	9	10
410	409	435	434	-13.976270697027987	4.485123157501221	9	10
411	410	434	433	-22.415653073871763	5.257204532623291	9	10
412	411	433	432	-5.341392561154863	4.517693042755127	9	10
413	412	432	431	-14.72707782177344	5.154355525970459	9	10
414	413	431	430	9.712565869086239	4.283441543579102	9	10
415	414	430	429	9.552381607631677	5.694459915161133	9	10
416	415	429	428	-8.320891499123919	4.187727928161621	9	10
417	416	427	426	58.74132547472151	5.37714958190918	9	10
418	417	427	426	-23.480216700047052	4.465575695037842	9	10
419	418	426	425	-18.07628060351752	5.183871269226074	9	10
420	419	425	424	-49.08159508095627	4.789958953857422	9	10
425	424	450	449	2.043946338812343	4.722563743591309	10	11
426	425	449	448	-5.335255818357496	5.054120063781738	10	11
427	426	448	447	-10.546465457506743	4.566779613494873	10	11
428	427	447	446	-1.2939807268811923	5.223910808563232	10	11
429	428	446	445	-10.01040319014891	4.3734025955200195	10	11
430	429	445	444	-17.80669060768143	4.88881254196167	10	11
431	430	444	443	-10.300397576921517	4.278311252593994	10	11
432	431	443	442	-17.379004075783115	4.881641864776611	10	11
433	432	442	441	-13.59774099724286	4.958634853363037	10	11
444	443	464	463	-30.65992886786802	5.03217887878418	11	12
445	444	464	463	12.680046630735394	5.738897323608398	11	12
446	445	463	462	8.836603843637834	4.01294469833374	11	12
447	446	462	461	8.82182503690009	5.470057487487793	11	12
448	447	461	460	-14.96696867629249	4.029425621032715	11	12
449	448	460	459	0.16705599898050438	5.242708206176758	11	12
450	449	459	458	-13.288356592657811	4.605522155761719	11	12
451	450	458	457	-21.925578236306148	5.197134017944336	11	12
452	451	457	456	-49.532363139634	4.542362213134766	11	12
456	455	517	516	-23.17716495344566	5.515725612640381	12	13
457	456	516	515	-20.90328666446413	4.3138508796691895	12	13
458	457	515	514	-15.888621428278176	5.283130168914795	12	13
459	458	514	513	-21.424375518133367	4.826630115509033	12	13
460	459	513	512	-14.284470067619038	5.050412178039551	12	13
461	460	512	511	8.273096326088739	4.2923760414123535	12	13
462	461	511	510	3.329756358683392	5.33397102355957	12	13
463	462	510	509	-8.060457406047032	4.33351993560791	12	13
464	463	509	508	-34.73677221744445	5.374937057495117	12	13
465	464	508	507	-29.310775827066205	4.502835273742676	12	13
466	465	507	506	-15.3553138140628	4.78245210647583	12	13
467	466	506	505	-15.509611055537137	4.800291061401367	12	13
468	467	505	504	-23.659223312486795	4.995081424713135	12	13
469	468	504	503	-40.465807943361305	4.689287185668945	12	13
474	473	498	497	176.06748989076692	4.607996463775635	12	13
475	474	500	499	80.9763961096405	4.389372825622559	12	13
476	475	498	497	50.002413186514254	4.247007369995117	12	13
477	476	498	497	-69.36754031240854	4.061089515686035	12	13
479	478	498	497	-9.233706486132567	5.484976291656494	12	13
480	479	497	496	-16.94305289673722	4.289993762969971	12	13
481	480	496	495	-21.30545585974854	5.112579822540283	12	13
482	481	495	494	-21.079572089082095	4.5973896980285645	12	13
506	505	534	533	-18.779624419805856	4.834970951080322	13	14
507	506	533	532	-26.164741352406068	4.924056053161621	13	14
508	507	532	531	-2.687449737909839	4.39263916015625	13	14
509	508	531	530	-4.601591500783764	5.205554485321045	13	14
510	509	530	529	-11.256541866049597	4.321497917175293	13	14
511	510	529	528	-8.859412180201137	5.282352447509766	13	14
512	511	528	527	-11.854506494936594	4.227091312408447	13	14
513	512	527	526	-10.759813382561667	5.430794715881348	13	14
514	513	526	525	-4.23999222372853	4.086862087249756	13	14
515	514	525	524	3.4430867536389975	5.446084499359131	13	14
516	515	524	523	-11.265605183844471	4.2036285400390625	13	14
517	516	523	522	4.554314542009331	5.147247791290283	13	14
523	522	571	570	13.521853654349831	4.836441516876221	14	15
524	523	570	569	13.19557179223166	4.514768123626709	14	15
525	524	569	568	-2.311792954726156	5.023501873016357	14	15
526	525	568	567	-17.464446414029524	4.492029190063477	14	15
527	526	567	566	-19.78055806271456	4.8207197189331055	14	15
528	527	566	565	-33.72047186069109	4.527274131774902	14	15
529	528	565	564	1.1283919623271075	5.47432804107666	14	15
530	529	564	563	0.914379780328452	4.240818977355957	14	15
531	530	563	562	0.6901864634236908	5.292291641235352	14	15
532	531	562	561	-39.345828163953435	4.95078182220459	14	15
533	532	561	560	-19.290486746000155	4.934372901916504	14	15
534	533	560	559	-31.83113658426004	4.882712364196777	14	15
535	534	557	556	-46.88897116946887	4.438377857208252	14	15
536	535	558	557	-42.75356789726582	5.0296454429626465	14	15
537	536	557	556	-56.76220744577237	4.736573219299316	14	15
538	537	556	555	-46.89288229379976	5.629369258880615	14	15
539	538	555	554	-47.95088832785513	4.576331615447998	14	15
561	560	593	592	-37.11082249226425	5.5133466720581055	15	16
562	561	592	591	-0.5924228461823154	4.123502731323242	15	16
563	562	591	590	8.232252029949535	5.114800453186035	15	16
564	563	590	589	16.414054227713265	4.412664413452148	15	16
565	564	589	588	24.84309328192099	4.683761119842529	15	16
566	565	587	586	-3.5405424255661977	4.4223809242248535	15	16
567	566	586	585	-8.932862546599711	5.2993669509887695	15	16
568	567	585	584	-10.170346986087633	4.566676139831543	15	16
569	568	584	583	-12.252348368977204	5.143878936767578	15	16
570	569	583	582	-16.345413966419404	4.252032279968262	15	16
571	570	582	581	-0.9803323304666662	5.1304216384887695	15	16
572	571	581	580	-3.4235584031836273	4.44301700592041	15	16
573	572	580	579	-7.665190163393363	5.121985912322998	15	16
574	573	579	578	-47.161146948658384	4.873253345489502	15	16
579	578	613	612	-16.291372139398664	4.622420310974121	16	17
580	579	612	611	-9.942565346313941	5.217646598815918	16	17
581	580	611	610	-7.18147855488043	4.480680465698242	16	17
582	581	610	609	-5.5706857371302565	5.255154609680176	16	17
583	582	609	608	-2.2250719859723813	4.326445579528809	16	17
584	583	608	607	-9.7065289161136	5.469831943511963	16	17
585	584	607	606	-0.7411757339403258	4.295312881469727	16	17
586	585	606	605	1.1483908884315623	5.268522262573242	16	17
606	605	629	628	-5.800593557656988	4.617612361907959	17	18
607	606	628	627	-6.999928448534941	4.634969234466553	17	18
608	607	627	626	-4.401899222533341	4.985571384429932	17	18
609	608	626	625	-9.041252655784808	4.4242262840271	17	18
610	609	625	624	-12.561151305448208	5.013479709625244	17	18
611	610	624	623	-14.819257950751604	4.53575325012207	17	18
612	611	623	622	-5.151387417649343	5.453216552734375	17	18
613	612	622	621	-23.623780968522663	4.279386043548584	17	18
614	613	621	620	-2.5572463088880575	5.462503433227539	17	18
615	614	620	619	-56.939397459601786	4.458121299743652	17	18
620	619	663	662	3.0209020618957236	4.688653469085693	18	19
621	620	662	661	-14.18848205247273	5.453644752502441	18	19
622	621	661	660	-16.591921495524634	4.141880989074707	18	19
623	622	660	659	-11.291012499577633	5.491570472717285	18	19
624	623	659	658	-22.853695946063446	4.286880970001221	18	19
625	624	658	657	-8.234886114205521	4.9260640144348145	18	19
626	625	657	656	-10.926752997379511	4.575261116027832	18	19
627	626	655	654	34.124418177200205	5.415536403656006	18	19
628	627	655	654	-30.8061870775628	4.177363872528076	18	19
629	628	653	652	82.97366926905606	5.216894626617432	18	19
630	629	653	652	-2.843775547585476	4.463005542755127	18	19
631	630	653	652	-69.04991343355512	4.642634391784668	18	19
657	656	677	676	-58.99817636068697	5.297248363494873	19	20
658	657	677	676	-17.87465322134572	5.175092697143555	19	20
659	658	676	675	16.93369206876141	4.510754585266113	19	20
660	659	674	673	24.277639982275456	5.4006733894348145	19	20
661	660	674	673	-13.4930368965615	3.672938108444214	19	20
662	661	673	672	-9.565854090546775	5.551504135131836	19	20
663	662	672	671	-17.148825608567563	4.322482109069824	19	20
664	663	671	670	-10.112077112019714	5.374068260192871	19	20
665	664	670	669	-46.08837346867941	4.304724216461182	19	20
669	668	723	722	-16.04996518172129	4.812160491943359	20	21
670	669	722	721	-8.192010783328495	4.764053821563721	20	21
671	670	721	720	-15.324139096801352	4.974969387054443	20	21
672	671	720	719	-9.422983939013369	4.896655559539795	20	21
673	672	719	718	-5.239348478361698	4.867319583892822	20	21
674	673	718	717	-14.7478098194049	4.519122123718262	20	21
675	674	717	716	-28.015795189032662	5.66162109375	20	21
676	675	716	715	-25.727383133700062	4.366730213165283	20	21
677	676	715	714	-6.717931342443487	5.170566082000732	20	21
678	677	714	713	142.61294688413403	4.518978118896484	20	21
679	678	714	713	46.86391979615946	5.705135822296143	20	21
681	680	714	713	-37.32122170061094	4.529459476470947	20	21
683	682	713	712	16.47306791727072	5.2776899337768555	20	21
684	683	711	710	11.220296511521784	4.713855743408203	20	21
685	684	710	709	28.84720076601661	4.321967124938965	20	21
686	685	709	708	-3.3487849813457182	4.198758125305176	20	21
687	686	704	703	52.02269326622795	5.37986421585083	20	21
688	687	704	703	66.91033893836556	5.4608378410339355	20	21
689	688	704	703	82.4433966233924	5.637185573577881	20	21
690	689	705	704	86.83633914134666	4.087669849395752	20	21
691	690	703	702	4.900698800520326	3.890903949737549	20	21
692	691	703	702	-69.24834754816858	3.8636789321899414	20	21
693	692	701	700	6.583601232169211	4.959697723388672	20	21
694	693	700	699	83.13656503812265	3.855435371398926	20	21
717	716	162	161	27.158908138499235	5.387058258056641	21	0
718	717	162	161	-13.042895443993453	3.7684409618377686	21	0
719	718	161	160	1.1591148272775729	5.616446018218994	21	0
720	719	160	159	-11.335276264825618	4.389326572418213	21	0
721	720	159	158	12.615706059249456	5.197836399078369	21	0
722	721	158	157	-15.569504020650168	4.401313781738281	21	0
723	722	157	156	-13.159303314583045	4.989059925079346	21	0
