109	108	158	157	-12.228110827335138	4.761237621307373	0	1
110	109	157	156	-14.174614804944401	5.119917392730713	0	1
111	110	156	155	-16.324942765327137	4.59303617477417	0	1
112	111	155	154	-6.549008069227329	5.096192836761475	0	1
113	112	154	153	-8.752374808500468	5.042293548583984	0	1
114	113	153	152	-21.41465839571327	4.694055080413818	0	1
115	114	152	151	-11.326780802423855	4.677548408508301	0	1
116	115	151	150	-16.057022021871997	5.095312118530273	0	1
117	116	150	149	-22.416068866221053	4.628019332885742	0	1
118	117	149	148	-22.951193026739105	5.148049831390381	0	1
119	118	148	147	-4.78004993066814	5.1494059562683105	0	1
144	143	180	179	-72.98979248367505	5.716923236846924	1	2
145	144	180	179	-24.2113483368135	5.005491256713867	1	2
146	145	179	178	-16.839939576471878	4.627193927764893	1	2
147	146	178	177	-15.497251080645126	5.124894142150879	1	2
148	147	177	176	-11.890129881082926	4.282245635986328	1	2
149	148	176	175	4.183577503771206	5.202163219451904	1	2
150	149	175	174	-8.386509476674048	4.506335735321045	1	2
151	150	174	173	-17.404941803163283	4.999403953552246	1	2
152	151	173	172	-22.21553244467458	4.546151638031006	1	2
153	152	172	171	-15.775701527086088	4.9432878494262695	1	2
154	153	171	170	-16.868677507926176	4.4532880783081055	1	2
155	154	170	169	-12.462642861870552	5.120255947113037	1	2
156	155	169	168	-9.801277085081272	4.284271240234375	1	2
157	156	168	167	-3.2204344040468778	5.4134626388549805	1	2
158	157	167	166	-18.38744442413236	4.2967729568481445	1	2
159	158	166	165	-6.0023851500712	5.192391872406006	1	2
160	159	165	164	-26.514500254340586	4.379795074462891	1	2
165	164	212	211	-14.218476831066459	4.722641944885254	2	3
166	165	211	210	-11.937331021520297	5.010029315948486	2	3
167	166	210	209	-10.671202498176124	4.857302665710449	2	3
168	167	209	208	-10.456675558805097	5.223811626434326	2	3
169	168	208	207	-30.308970743887123	4.197640419006348	2	3
170	169	207	206	-0.5965036793483962	5.413104057312012	2	3
171	170	206	205	-7.859998021988226	4.908114433288574	2	3
172	171	204	203	-34.22608121932298	4.481977462768555	2	3
173	172	203	202	-55.97330544772897	4.394550323486328	2	3
174	173	201	200	43.572912444822975	5.370752334594727	2	3
175	174	201	200	-24.4859200819482	4.603049278259277	2	3
176	175	199	198	4.3671591622142705	4.976616859436035	2	3
177	176	198	197	-21.740700744636804	4.342569828033447	2	3
206	205	232	231	-76.26482254265868	5.700794696807861	3	4
207	206	232	231	-26.19577409938558	5.59489107131958	3	4
208	207	231	230	0.4498738388702563	4.109699249267578	3	4
209	208	230	229	-24.679476668154436	5.4964165687561035	3	4
210	209	229	228	-9.261157548498	4.194884300231934	3	4
211	210	228	227	-1.5539875122269347	5.440700531005859	3	4
212	211	227	226	-22.988386189333838	4.095616340637207	3	4
213	212	226	225	-23.822863934927213	5.325595855712891	3	4
214	213	225	224	-59.785901443809045	4.1683855056762695	3	4
224	223	274	273	-8.119008590213353	5.156944751739502	4	5
225	224	273	272	-12.063452407285485	4.503203392028809	4	5
226	225	272	271	-10.651059683723027	5.115396976470947	4	5
227	226	271	270	-24.360690064966985	4.673667907714844	4	5
228	227	270	269	-23.901987852447075	5.028629302978516	4	5
229	228	269	268	-14.150919952127559	4.212096691131592	4	5
230	229	268	267	-13.306824733498289	4.931817531585693	4	5
231	230	267	266	-19.833590790309604	4.569271564483643	4	5
267	266	291	290	-14.378669629027357	4.308856964111328	5	6
268	267	290	289	-24.592785013327024	5.428211688995361	5	6
269	268	289	288	-18.568029823963837	4.316562175750732	5	6
270	269	287	286	24.668733142096663	5.7308197021484375	5	6
271	270	287	286	-9.681574365909878	4.051259517669678	5	6
272	271	286	285	2.309183421678973	5.326412677764893	5	6
273	272	285	284	-16.787687964869594	4.326330661773682	5	6
274	273	284	283	3.8380861735422336	5.369149684906006	5	6
275	274	283	282	-12.249932192810835	4.29569149017334	5	6
282	281	324	323	-20.65517415053357	5.0592360496521	6	7
283	282	323	322	-33.48055183965595	4.595178604125977	6	7
284	283	322	321	-10.958427595014905	5.4578776359558105	6	7
285	284	321	320	3.2287435134413722	4.082092761993408	6	7
286	285	320	319	3.3591109262537024	5.2696709632873535	6	7
287	286	319	318	-6.575922226967016	4.161966800689697	6	7
288	287	318	317	-18.435027426035422	5.158801078796387	6	7
289	288	317	316	-16.904904139790837	4.635622501373291	6	7
290	289	316	315	10.138910246086839	5.150318145751953	6	7
291	290	315	314	-18.98978282661221	5.109540939331055	6	7
294	293	312	311	-16.44538426070552	4.707342624664307	6	7
295	294	311	310	-33.940055563781684	5.580344200134277	6	7
296	295	310	309	-29.050044062361398	4.3236083984375	6	7
298	297	308	307	-35.272024554345386	4.523470401763916	6	7
299	298	308	307	-78.22741798093828	4.65216588973999	6	7
310	309	348	347	-68.55218889589113	5.278209686279297	7	8
311	310	348	347	-14.975993669008034	5.040333271026611	7	8
312	311	347	346	-16.85802506786914	4.643390655517578	7	8
313	312	346	345	14.346442234140675	5.2595624923706055	7	8
314	313	345	344	-19.166455700298858	4.5839433670043945	7	8
315	314	345	344	-49.21941954249244	4.297878742218018	7	8
316	315	343	342	-26.720251813208044	5.541465759277344	7	8
317	316	342	341	-9.880767157846503	4.1424713134765625	7	8
318	317	341	340	-12.638377818901668	5.2213850021362305	7	8
319	318	340	339	0.5207353539543647	4.383209705352783	7	8
320	319	338	337	26.066128210015897	5.63226318359375	7	8
321	320	338	337	-8.660220275195641	3.9646942615509033	7	8
322	321	336	335	2.5704463194465297	5.673282623291016	7	8
323	322	336	335	2.0429566640570176	3.758636236190796	7	8
324	323	335	334	-13.394148987953951	5.450904369354248	7	8
325	324	334	333	-11.447959415325881	4.111901760101318	7	8
326	325	333	332	-13.088225968211892	5.34358549118042	7	8
327	326	332	331	-57.15953197683252	4.262213230133057	7	8
332	331	373	372	4.642735595331738	4.674333572387695	8	9
333	332	372	371	-13.252754297544431	4.991250991821289	8	9
334	333	371	370	-29.901786013448625	4.326021671295166	8	9
335	334	370	369	-12.179162723771396	4.983771324157715	8	9
336	335	369	368	-8.07167816952386	4.81895112991333	8	9
337	336	368	367	-27.10395218354379	5.055975914001465	8	9
338	337	367	366	-9.297557418891977	4.5509843826293945	8	9
339	338	366	365	-9.723674997249256	5.199021816253662	8	9
340	339	365	364	-5.874564909225108	4.270591735839844	8	9
341	340	364	363	-9.85122136160878	5.093238830566406	8	9
342	341	363	362	-7.704805709330315	4.621453762054443	8	9
343	342	362	361	18.731597795076137	4.973817348480225	8	9
344	343	361	360	35.54284450610753	4.941720485687256	8	9
345	344	361	360	-33.734655822998725	4.13146448135376	8	9
346	345	357	356	-43.5791054423332	5.647891998291016	8	9
347	346	356	355	-37.26778626075208	4.164196014404297	8	9
366	365	389	388	-50.66170171072281	5.087616920471191	9	10
367	366	388	387	-28.008777493279805	4.818492889404297	9	10
368	367	387	386	-27.041309371679912	5.134432792663574	9	10
369	368	386	385	-10.861686339227647	4.456855773925781	9	10
370	369	385	384	-9.535383231479477	5.397638320922852	9	10
371	370	384	383	7.839376039858786	4.149084568023682	9	10
372	371	383	382	-15.336496874872243	5.584319114685059	9	10
373	372	382	381	-18.106290643725526	4.6802897453308105	9	10
374	373	381	380	-24.973621985443092	5.062315940856934	9	10
375	374	380	379	-50.959687832868944	4.599895477294922	9	10
380	379	404	403	-10.779908235622354	4.635058403015137	10	11
381	380	403	402	-24.556336838784393	5.503922939300537	10	11
382	381	402	401	-23.75965827898251	4.958387851715088	10	11
383	382	401	400	-12.805779784415014	4.873273849487305	10	11
384	383	400	399	-15.860811497183127	4.57675313949585	10	11
385	384	399	398	-14.807879335106632	5.239624500274658	10	11
386	385	398	397	-14.473851147282423	4.851747989654541	10	11
398	397	117	116	-14.854002844482027	4.398101329803467	11	0
399	398	116	115	-8.939758249730689	5.239962577819824	11	0
400	399	115	114	-2.527123323583293	4.147087097167969	11	0
401	400	114	113	-3.0399001952147486	5.253151893615723	11	0
402	401	113	112	-12.661295770837905	4.044252872467041	11	0
403	402	112	111	-4.932522748584395	5.181369781494141	11	0
404	403	111	110	-26.773437559157866	3.957749128341675	11	0
405	404	110	109	-14.10628373557401	5.280324935913086	11	0
406	405	109	108	-47.16128024072846	4.430386066436768	11	0
109	108	158	157	-12.228110827335138	4.761237621307373	0	1
110	109	157	156	-14.174614804944401	5.119917392730713	0	1
111	110	156	155	-16.324942765327137	4.59303617477417	0	1
112	111	155	154	-6.549008069227329	5.096192836761475	0	1
113	112	154	153	-8.752374808500468	5.042293548583984	0	1
114	113	153	152	-21.41465839571327	4.694055080413818	0	1
115	114	152	151	-11.326780802423855	4.677548408508301	0	1
116	115	151	150	-16.057022021871997	5.095312118530273	0	1
117	116	150	149	-22.416068866221053	4.628019332885742	0	1
118	117	149	148	-22.951193026739105	5.148049831390381	0	1
119	118	148	147	-4.78004993066814	5.1494059562683105	0	1
144	143	180	179	-72.98979248367505	5.716923236846924	1	2
145	144	180	179	-24.2113483368135	5.005491256713867	1	2
146	145	179	178	-16.839939576471878	4.627193927764893	1	2
147	146	178	177	-15.497251080645126	5.124894142150879	1	2
148	147	177	176	-11.890129881082926	4.282245635986328	1	2
149	148	176	175	4.183577503771206	5.202163219451904	1	2
150	149	175	174	-8.386509476674048	4.506335735321045	1	2
151	150	174	173	-17.404941803163283	4.999403953552246	1	2
152	151	173	172	-22.21553244467458	4.546151638031006	1	2
153	152	172	171	-15.775701527086088	4.9432878494262695	1	2
154	153	171	170	-16.868677507926176	4.4532880783081055	1	2
155	154	170	169	-12.462642861870552	5.120255947113037	1	2
156	155	169	168	-9.801277085081272	4.284271240234375	1	2
157	156	168	167	-3.2204344040468778	5.4134626388549805	1	2
158	157	167	166	-18.38744442413236	4.2967729568481445	1	2
159	158	166	165	-6.0023851500712	5.192391872406006	1	2
160	159	165	164	-26.514500254340586	4.379795074462891	1	2
165	164	212	211	-14.218476831066459	4.722641944885254	2	3
166	165	211	210	-11.937331021520297	5.010029315948486	2	3
167	166	210	209	-10.671202498176124	4.857302665710449	2	3
168	167	209	208	-10.456675558805097	5.223811626434326	2	3
169	168	208	207	-30.308970743887123	4.197640419006348	2	3
170	169	207	206	-0.5965036793483962	5.413104057312012	2	3
171	170	206	205	-7.859998021988226	4.908114433288574	2	3
172	171	204	203	-34.22608121932298	4.481977462768555	2	3
173	172	203	202	-55.97330544772897	4.394550323486328	2	3
174	173	201	200	43.572912444822975	5.370752334594727	2	3
175	174	201	200	-24.4859200819482	4.603049278259277	2	3
176	175	199	198	4.3671591622142705	4.976616859436035	2	3
177	176	198	197	-21.740700744636804	4.342569828033447	2	3
206	205	232	231	-76.26482254265868	5.700794696807861	3	4
207	206	232	231	-26.19577409938558	5.59489107131958	3	4
208	207	231	230	0.4498738388702563	4.109699249267578	3	4
209	208	230	229	-24.679476668154436	5.4964165687561035	3	4
210	209	229	228	-9.261157548498	4.194884300231934	3	4
211	210	228	227	-1.5539875122269347	5.440700531005859	3	4
212	211	227	226	-22.988386189333838	4.095616340637207	3	4
213	212	226	225	-23.822863934927213	5.325595855712891	3	4
214	213	225	224	-59.785901443809045	4.1683855056762695	3	4
224	223	274	273	-8.119008590213353	5.156944751739502	4	5
225	224	273	272	-12.063452407285485	4.503203392028809	4	5
226	225	272	271	-10.651059683723027	5.115396976470947	4	5
227	226	271	270	-24.360690064966985	4.673667907714844	4	5
228	227	270	269	-23.901987852447075	5.028629302978516	4	5
229	228	269	268	-14.150919952127559	4.212096691131592	4	5
230	229	268	267	-13.306824733498289	4.931817531585693	4	5
231	230	267	266	-19.833590790309604	4.569271564483643	4	5
267	266	291	290	-14.378669629027357	4.308856964111328	5	6
268	267	290	289	-24.592785013327024	5.428211688995361	5	6
269	268	289	288	-18.568029823963837	4.316562175750732	5	6
270	269	287	286	24.668733142096663	5.7308197021484375	5	6
271	270	287	286	-9.681574365909878	4.051259517669678	5	6
272	271	286	285	2.309183421678973	5.326412677764893	5	6
273	272	285	284	-16.787687964869594	4.326330661773682	5	6
274	273	284	283	3.8380861735422336	5.369149684906006	5	6
275	274	283	282	-12.249932192810835	4.29569149017334	5	6
282	281	324	323	-20.65517415053357	5.0592360496521	6	7
283	282	323	322	-33.48055183965595	4.595178604125977	6	7
284	283	322	321	-10.958427595014905	5.4578776359558105	6	7
285	284	321	320	3.2287435134413722	4.082092761993408	6	7
286	285	320	319	3.3591109262537024	5.2696709632873535	6	7
287	286	319	318	-6.575922226967016	4.161966800689697	6	7
288	287	318	317	-18.435027426035422	5.158801078796387	6	7
289	288	317	316	-16.904904139790837	4.635622501373291	6	7
290	289	316	315	10.138910246086839	5.150318145751953	6	7
291	290	315	314	-18.98978282661221	5.109540939331055	6	7
294	293	312	311	-16.44538426070552	4.707342624664307	6	7
295	294	311	310	-33.940055563781684	5.580344200134277	6	7
296	295	310	309	-29.050044062361398	4.3236083984375	6	7
298	297	308	307	-35.272024554345386	4.523470401763916	6	7
299	298	308	307	-78.22741798093828	4.65216588973999	6	7
310	309	348	347	-68.55218889589113	5.278209686279297	7	8
311	310	348	347	-14.975993669008034	5.040333271026611	7	8
312	311	347	346	-16.85802506786914	4.643390655517578	7	8
313	312	346	345	14.346442234140675	5.2595624923706055	7	8
314	313	345	344	-19.166455700298858	4.5839433670043945	7	8
315	314	345	344	-49.21941954249244	4.297878742218018	7	8
316	315	343	342	-26.720251813208044	5.541465759277344	7	8
317	316	342	341	-9.880767157846503	4.1424713134765625	7	8
318	317	341	340	-12.638377818901668	5.2213850021362305	7	8
319	318	340	339	0.5207353539543647	4.383209705352783	7	8
320	319	338	337	26.066128210015897	5.63226318359375	7	8
321	320	338	337	-8.660220275195641	3.9646942615509033	7	8
322	321	336	335	2.5704463194465297	5.673282623291016	7	8
323	322	336	335	2.0429566640570176	3.758636236190796	7	8
324	323	335	334	-13.394148987953951	5.450904369354248	7	8
325	324	334	333	-11.447959415325881	4.111901760101318	7	8
326	325	333	332	-13.088225968211892	5.34358549118042	7	8
327	326	332	331	-57.15953197683252	4.262213230133057	7	8
332	331	373	372	4.642735595331738	4.674333572387695	8	9
333	332	372	371	-13.252754297544431	4.991250991821289	8	9
334	333	371	370	-29.901786013448625	4.326021671295166	8	9
335	334	370	369	-12.179162723771396	4.983771324157715	8	9
336	335	369	368	-8.07167816952386	4.81895112991333	8	9
337	336	368	367	-27.10395218354379	5.055975914001465	8	9
338	337	367	366	-9.297557418891977	4.5509843826293945	8	9
339	338	366	365	-9.723674997249256	5.199021816253662	8	9
340	339	365	364	-5.874564909225108	4.270591735839844	8	9
341	340	364	363	-9.85122136160878	5.093238830566406	8	9
342	341	363	362	-7.704805709330315	4.621453762054443	8	9
343	342	362	361	18.731597795076137	4.973817348480225	8	9
344	343	361	360	35.54284450610753	4.941720485687256	8	9
345	344	361	360	-33.734655822998725	4.13146448135376	8	9
346	345	357	356	-43.5791054423332	5.647891998291016	8	9
347	346	356	355	-37.26778626075208	4.164196014404297	8	9
366	365	389	388	-50.66170171072281	5.087616920471191	9	10
367	366	388	387	-28.008777493279805	4.818492889404297	9	10
368	367	387	386	-27.041309371679912	5.134432792663574	9	10
369	368	386	385	-10.861686339227647	4.456855773925781	9	10
370	369	385	384	-9.535383231479477	5.397638320922852	9	10
371	370	384	383	7.839376039858786	4.149084568023682	9	10
372	371	383	382	-15.336496874872243	5.584319114685059	9	10
373	372	382	381	-18.106290643725526	4.6802897453308105	9	10
374	373	381	380	-24.973621985443092	5.062315940856934	9	10
375	374	380	379	-50.959687832868944	4.599895477294922	9	10
380	379	404	403	-10.779908235622354	4.635058403015137	10	11
381	380	403	402	-24.556336838784393	5.503922939300537	10	11
382	381	402	401	-23.75965827898251	4.958387851715088	10	11
383	382	401	400	-12.805779784415014	4.873273849487305	10	11
384	383	400	399	-15.860811497183127	4.57675313949585	10	11
385	384	399	398	-14.807879335106632	5.239624500274658	10	11
386	385	398	397	-14.473851147282423	4.851747989654541	10	11
398	397	117	116	-14.854002844482027	4.398101329803467	11	0
399	398	116	115	-8.939758249730689	5.239962577819824	11	0
400	399	115	114	-2.527123323583293	4.147087097167969	11	0
401	400	114	113	-3.0399001952147486	5.253151893615723	11	0
402	401	113	112	-12.661295770837905	4.044252872467041	11	0
403	402	112	111	-4.932522748584395	5.181369781494141	11	0
404	403	111	110	-26.773437559157866	3.957749128341675	11	0
405	404	110	109	-14.10628373557401	5.280324935913086	11	0
406	405	109	108	-47.16128024072846	4.430386066436768	11	0
