41	40	57	56	-65.00694482060526	5.527383327484131	0	1
42	41	57	56	-40.66747298645605	5.416668891906738	0	1
43	42	56	55	-38.18942617991664	4.630091667175293	0	1
55	54	67	66	-30.61246389245053	5.293125152587891	1	2
56	55	66	65	-13.318558696241908	4.469499588012695	1	2
57	56	65	64	18.9816759835467	5.200494766235352	1	2
66	65	81	80	-85.24968730109427	5.288679599761963	2	3
67	66	81	80	-27.065698850495096	5.0867600440979	2	3
68	67	80	79	-19.858422436592278	4.748491287231445	2	3
79	78	91	90	-22.515365294906474	5.242541790008545	3	4
80	79	90	89	-16.282087543084952	4.406200885772705	3	4
81	80	89	88	23.846788015086293	5.5195488929748535	3	4
90	89	105	104	-70.45077737795097	5.511756896972656	4	5
91	90	105	104	-18.632323874243394	5.196640968322754	4	5
92	91	104	103	-26.539032571335213	4.388847351074219	4	5
103	102	119	118	-18.477578344452077	5.149380207061768	5	6
104	103	118	117	-26.439114052482303	4.360334396362305	5	6
105	104	117	116	16.775409455648724	5.547813415527344	5	6
118	117	134	133	-69.32094786694134	5.397305011749268	6	7
119	118	134	133	-19.687578108775835	5.258791923522949	6	7
120	119	133	132	-25.058524104916128	4.471095561981201	6	7
131	130	149	148	10.01430870826682	5.208737850189209	7	8
132	131	148	147	-5.709539026288155	5.046628475189209	7	8
133	132	147	146	-22.459340090282012	4.588909149169922	7	8
134	133	146	145	-7.1272444217610635	5.056888580322266	7	8
147	146	160	159	-62.733496824132544	5.477503776550293	8	9
148	147	160	159	-24.822526482220923	5.256141662597656	8	9
149	148	159	158	-26.81573511621171	4.373922824859619	8	9
150	149	158	157	-37.01801017450635	5.384831428527832	8	9
151	150	157	156	68.96145100616086	4.214249134063721	8	9
156	155	173	172	39.16985002868276	5.147518634796143	9	10
157	156	171	170	-62.42318777472253	5.2412824630737305	9	10
158	157	171	170	1.7336269078023419	5.243216514587402	9	10
159	158	170	169	-5.641347538350863	4.5476460456848145	9	10
160	159	169	168	19.460374278650647	5.110568523406982	9	10
170	169	191	190	0.10200573502989298	4.4984331130981445	10	11
171	170	190	189	-26.327970349410997	5.197525978088379	10	11
172	171	189	188	-31.899731748511737	4.230686664581299	10	11
173	172	187	186	3.929652463957552	5.427309036254883	10	11
174	173	187	186	-55.55123691826325	4.30167293548584	10	11
189	188	41	40	-40.28772000192029	4.716561317443848	11	0
190	189	40	39	-25.799232527761816	5.116116523742676	11	0
191	190	39	38	-34.89777469941459	4.293455123901367	11	0
41	40	57	56	-65.00694482060526	5.527383327484131	0	1
42	41	57	56	-40.66747298645605	5.416668891906738	0	1
43	42	56	55	-38.18942617991664	4.630091667175293	0	1
55	54	67	66	-30.61246389245053	5.293125152587891	1	2
56	55	66	65	-13.318558696241908	4.469499588012695	1	2
57	56	65	64	18.9816759835467	5.200494766235352	1	2
66	65	81	80	-85.24968730109427	5.288679599761963	2	3
67	66	81	80	-27.065698850495096	5.0867600440979	2	3
68	67	80	79	-19.858422436592278	4.748491287231445	2	3
79	78	91	90	-22.515365294906474	5.242541790008545	3	4
80	79	90	89	-16.282087543084952	4.406200885772705	3	4
81	80	89	88	23.846788015086293	5.5195488929748535	3	4
90	89	105	104	-70.45077737795097	5.511756896972656	4	5
91	90	105	104	-18.632323874243394	5.196640968322754	4	5
92	91	104	103	-26.539032571335213	4.388847351074219	4	5
103	102	119	118	-18.477578344452077	5.149380207061768	5	6
104	103	118	117	-26.439114052482303	4.360334396362305	5	6
105	104	117	116	16.775409455648724	5.547813415527344	5	6
118	117	134	133	-69.32094786694134	5.397305011749268	6	7
119	118	134	133	-19.687578108775835	5.258791923522949	6	7
120	119	133	132	-25.058524104916128	4.471095561981201	6	7
131	130	149	148	10.01430870826682	5.208737850189209	7	8
132	131	148	147	-5.709539026288155	5.046628475189209	7	8
133	132	147	146	-22.459340090282012	4.588909149169922	7	8
134	133	146	145	-7.1272444217610635	5.056888580322266	7	8
147	146	160	159	-62.733496824132544	5.477503776550293	8	9
148	147	160	159	-24.822526482220923	5.256141662597656	8	9
149	148	159	158	-26.81573511621171	4.373922824859619	8	9
150	149	158	157	-37.01801017450635	5.384831428527832	8	9
151	150	157	156	68.96145100616086	4.214249134063721	8	9
156	155	173	172	39.16985002868276	5.147518634796143	9	10
157	156	171	170	-62.42318777472253	5.2412824630737305	9	10
158	157	171	170	1.7336269078023419	5.243216514587402	9	10
159	158	170	169	-5.641347538350863	4.5476460456848145	9	10
160	159	169	168	19.460374278650647	5.110568523406982	9	10
170	169	191	190	0.10200573502989298	4.4984331130981445	10	11
171	170	190	189	-26.327970349410997	5.197525978088379	10	11
172	171	189	188	-31.899731748511737	4.230686664581299	10	11
173	172	187	186	3.929652463957552	5.427309036254883	10	11
174	173	187	186	-55.55123691826325	4.30167293548584	10	11
189	188	41	40	-40.28772000192029	4.716561317443848	11	0
190	189	40	39	-25.799232527761816	5.116116523742676	11	0
191	190	39	38	-34.89777469941459	4.293455123901367	11	0
