15	14	59	58	-6.027456922469976	4.147946357727051	0	1
16	15	58	57	-5.8345545541471475	5.143622875213623	0	1
17	16	57	56	-6.693470964900645	4.559632301330566	0	1
18	17	56	55	-8.466220462118807	5.027648448944092	0	1
19	18	55	54	-18.21298047995968	4.3546600341796875	0	1
20	19	54	53	-28.134214398995212	5.095033168792725	0	1
21	20	53	52	-13.733423219830616	4.556828022003174	0	1
22	21	52	51	-56.54152556092554	5.508296966552734	0	1
23	22	51	50	-36.30441007265711	4.665860176086426	0	1
24	23	50	49	-35.678719294923056	5.110050201416016	0	1
25	24	47	46	-32.8764877807834	4.881487846374512	0	1
26	25	47	46	-20.098293534785885	4.962643146514893	0	1
27	26	46	45	-14.530691138229578	4.355955600738525	0	1
28	27	45	44	-30.555839516156755	4.966365814208984	0	1
29	28	44	43	-17.305592326933247	4.85750675201416	0	1
30	29	43	42	-11.349269078000601	5.052079677581787	0	1
31	30	42	41	1.9453018036496528	4.650029182434082	0	1
41	40	87	86	-16.266266926750575	4.989811420440674	1	2
42	41	86	85	-12.468101092038722	4.388731956481934	1	2
43	42	85	84	-7.675166295694224	5.177190780639648	1	2
44	43	84	83	-13.864948201063756	4.283454895019531	1	2
45	44	83	82	0.0555792040086608	5.224465370178223	1	2
46	45	82	81	-21.01681949422351	4.672066688537598	1	2
47	46	81	80	-6.478273431961455	4.972306728363037	1	2
48	47	80	79	-59.313480634164534	4.55631685256958	1	2
49	48	80	79	21.904383976203043	4.981568336486816	1	2
50	49	79	78	13.937391491447157	5.4676032066345215	1	2
51	50	78	77	-57.257094581686296	4.615592956542969	1	2
53	52	74	73	-40.03763087083277	4.309630870819092	1	2
54	53	72	71	33.42160436237998	5.5439887046813965	1	2
55	54	72	71	-25.521819952136386	4.047346115112305	1	2
56	55	70	69	49.41131604209764	5.59652042388916	1	2
57	56	70	69	-9.918489537810887	4.23553466796875	1	2
58	57	69	68	-8.61702153934558	5.376004219055176	1	2
59	58	68	67	-13.007452357159861	4.323983669281006	1	2
67	66	117	116	-13.500347932831191	5.002617359161377	2	3
68	67	116	115	-30.117803921750593	4.612406253814697	2	3
69	68	115	114	-6.574027587327337	5.287592887878418	2	3
70	69	114	113	-3.66644894512983	4.595000267028809	2	3
71	70	113	112	-20.05187867470048	5.266336917877197	2	3
72	71	112	111	13.315125073472101	3.8584554195404053	2	3
73	72	111	110	8.619344686881536	5.339480400085449	2	3
74	73	110	109	-0.46168446296312154	4.2440595626831055	2	3
75	74	109	108	26.044119606477604	5.330256938934326	2	3
78	77	107	106	1.1713172255003128	4.413430690765381	2	3
79	78	106	105	-54.21711911069443	4.966715335845947	2	3
80	79	105	104	-43.436449157239494	5.2291436195373535	2	3
81	80	104	103	-76.52454237414962	5.065768241882324	2	3
82	81	102	101	16.081354339866913	4.787758827209473	2	3
83	82	101	100	-6.886195450885576	5.088022232055664	2	3
84	83	100	99	-11.411949537996744	4.639845848083496	2	3
85	84	99	98	-9.848526288199894	5.026398658752441	2	3
86	85	98	97	-9.006060270166634	4.566515922546387	2	3
87	86	97	96	-3.5507805717499474	5.0031962394714355	2	3
98	97	150	149	16.123271570672628	4.336262226104736	3	4
99	98	149	148	-4.046875592806146	5.300873756408691	3	4
100	99	148	147	-22.581442546139286	4.028220176696777	3	4
101	100	147	146	1.8835991127213219	5.3978424072265625	3	4
102	101	146	145	-92.31658190415482	4.276583194732666	3	4
104	103	144	143	-18.678730174077696	5.561561584472656	3	4
105	104	143	142	-9.275568962988594	4.085750579833984	3	4
106	105	142	141	-12.128616758138085	5.261396884918213	3	4
107	106	141	140	-60.67681798961903	4.36587381362915	3	4
108	107	141	140	29.65987529990524	5.22125244140625	3	4
109	108	140	139	1.5731839664984888	5.397532939910889	3	4
110	109	139	138	7.7577553502267556	4.372525215148926	3	4
111	110	138	137	-11.011796830143313	5.307903289794922	3	4
112	111	137	136	5.7766833371525985	4.222741603851318	3	4
113	112	135	134	45.497731183956105	5.634305477142334	3	4
114	113	135	134	-14.479817462737168	4.202776908874512	3	4
115	114	134	133	-1.3322756895074515	5.435676574707031	3	4
116	115	133	132	-22.210897481950802	3.856799602508545	3	4
117	116	131	130	33.1758469710311	5.683650016784668	3	4
118	117	131	130	-30.49256360571042	4.388998031616211	3	4
119	118	129	128	-22.676557265943647	5.419346332550049	3	4
120	119	129	128	-82.99784535842974	4.138199329376221	3	4
121	120	129	128	1.9113409607042997	4.906410217285156	3	4
126	125	184	183	-19.453965268818298	4.886680603027344	4	5
127	126	183	182	-3.9158801845682487	4.6613922119140625	4	5
128	127	182	181	0.8903300710615575	4.960936069488525	4	5
129	128	181	180	-7.622742589817373	4.325398921966553	4	5
130	129	180	179	-38.35723616905506	5.075440406799316	4	5
131	130	179	178	-40.43634342953548	4.480109214782715	4	5
132	131	178	177	-12.202000591251831	4.864007949829102	4	5
133	132	177	176	-15.79049827505567	4.2608513832092285	4	5
134	133	176	175	-34.13207536298819	5.396231174468994	4	5
135	134	175	174	-25.72682968318625	4.257767200469971	4	5
136	135	174	173	-5.487421039173366	5.543645858764648	4	5
137	136	173	172	-1.7577185177990455	4.295456886291504	4	5
138	137	172	171	-10.869197495567425	5.27063512802124	4	5
139	138	171	170	-6.507734565466119	4.4628424644470215	4	5
140	139	170	169	-1.5799761741019622	5.286545276641846	4	5
141	140	169	168	-12.359911941321206	4.157660961151123	4	5
142	141	168	167	-11.669826419155939	5.298159599304199	4	5
143	142	167	166	-13.725022841088073	4.406378269195557	4	5
144	143	166	165	10.373100702990099	5.220585346221924	4	5
145	144	164	163	-39.450611792978634	4.2416672706604	4	5
146	145	161	160	94.49851401178415	4.402061462402344	4	5
147	146	159	158	-30.40694959930256	5.280336380004883	4	5
148	147	158	157	-35.11247268094272	4.142963886260986	4	5
149	148	156	155	46.52682978971414	5.457774639129639	4	5
150	149	156	155	-27.227611745050655	4.445789813995361	4	5
167	166	208	207	-3.1661875353426665	4.648455619812012	5	6
168	167	207	206	-8.349281826937576	4.867306232452393	5	6
169	168	206	205	3.758433586808506	4.44681978225708	5	6
170	169	205	204	-7.730584437726936	5.395863056182861	5	6
171	170	204	203	-19.199741282276708	4.32822847366333	5	6
172	171	203	202	-7.911097435137838	5.251976490020752	5	6
173	172	202	201	-19.23367305616161	4.536049842834473	5	6
174	173	201	200	-33.54222229714774	5.2041144371032715	5	6
175	174	200	199	15.222435787102988	4.606452941894531	5	6
177	176	197	196	-44.07983531039679	4.716158390045166	5	6
178	177	196	195	-38.589908109468354	5.4798994064331055	5	6
179	178	195	194	6.700891929655425	4.247594833374023	5	6
180	179	194	193	-6.263793038696367	5.336187839508057	5	6
181	180	193	192	-9.003057226650862	4.416108131408691	5	6
182	181	192	191	-16.18600883021643	5.309183597564697	5	6
183	182	191	190	-7.806944230032801	4.404949188232422	5	6
184	183	190	189	-9.826677985330038	5.188758373260498	5	6
190	189	232	231	-10.015903547292826	5.2272772789001465	6	7
191	190	231	230	-6.855698658795813	4.57488489151001	6	7
192	191	230	229	-5.267971889720391	5.1012983322143555	6	7
193	192	229	228	3.323238586641824	4.462310314178467	6	7
194	193	228	227	-5.4869183712455705	5.081801414489746	6	7
195	194	227	226	-26.972997827945537	4.556299686431885	6	7
196	195	226	225	-11.724128198120006	4.9011359214782715	6	7
197	196	225	224	2.9955989766810838	4.705801486968994	6	7
198	197	224	223	-3.238879702029502	4.952554702758789	6	7
199	198	223	222	-46.49137880995662	4.34776496887207	6	7
200	199	221	220	-46.353189633986524	4.385184288024902	6	7
201	200	222	221	-68.94767972058965	4.946887969970703	6	7
202	201	220	219	-12.05205001124441	4.548933982849121	6	7
203	202	219	218	-3.9889364373129994	5.210109710693359	6	7
204	203	218	217	-8.047046036134446	4.368560314178467	6	7
205	204	217	216	-12.852423647963434	5.227820873260498	6	7
206	205	216	215	-14.478525226250854	4.589064121246338	6	7
207	206	215	214	-9.052073784873365	4.954503059387207	6	7
208	207	214	213	-22.85760590552057	4.518768787384033	6	7
216	215	269	252	-54.38282984060607	5.736227035522461	7	8
217	216	269	252	-12.24767957091277	5.119215488433838	7	8
218	217	270	269	110.30934203734044	4.703662872314453	7	8
224	223	251	250	-25.91615175583279	5.417555332183838	7	8
225	224	250	249	-0.9418912722050361	4.56777286529541	7	8
226	225	249	248	-7.352639530994512	5.342001438140869	7	8
227	226	248	247	12.483855271340074	4.250057220458984	7	8
228	227	247	246	-0.13978127962111667	5.369346618652344	7	8
229	228	246	245	-15.667500945046214	4.3919548988342285	7	8
230	229	245	244	-7.969277718943484	5.262694835662842	7	8
231	230	244	243	-18.798826102142478	4.213711261749268	7	8
232	231	242	241	3.2482674424566502	5.52526330947876	7	8
233	232	242	241	-19.202563821473333	3.9067158699035645	7	8
234	233	240	239	19.659882559423327	5.234446048736572	7	8
235	234	240	239	-62.82274932300902	4.110939025878906	7	8
239	238	291	290	-13.964160293833826	5.18900728225708	8	9
240	239	290	289	-18.45774573264959	4.61045503616333	8	9
241	240	289	288	-19.57557565155563	5.0897016525268555	8	9
242	241	288	287	-44.53305494071215	4.585081577301025	8	9
243	242	287	286	-13.53592343965234	5.583730697631836	8	9
244	243	286	285	-30.02103321501078	4.280554294586182	8	9
245	244	285	284	-10.95317148104312	5.342896938323975	8	9
246	245	284	283	-4.305818551431428	4.6703290939331055	8	9
247	246	283	282	-3.8493891401365143	5.156853675842285	8	9
248	247	282	281	-20.617875548982934	4.294168472290039	8	9
249	248	281	280	0.9602444108589718	5.31836462020874	8	9
250	249	280	279	-1.224686164989535	4.359393119812012	8	9
251	250	279	278	40.14084705897683	5.082672119140625	8	9
252	251	278	277	21.45553719852848	5.314746856689453	8	9
269	252	278	277	-2.135903054415432	4.88993501663208	8	9
277	276	30	29	-5.0494181765788655	4.644369602203369	9	0
278	277	29	28	6.745931671152543	5.166260242462158	9	0
279	278	28	27	-13.981352274087254	5.086444854736328	9	0
280	279	27	26	-6.294535787419831	4.0470476150512695	9	0
281	280	25	24	6.717903738510353	5.416173934936523	9	0
282	281	25	24	-30.106883588021777	3.8994905948638916	9	0
283	282	24	23	-20.74083968296599	5.605201721191406	9	0
284	283	23	22	-14.648496352670898	4.55608606338501	9	0
285	284	22	21	11.232908370640146	5.545424938201904	9	0
286	285	21	20	-52.31956129225569	4.015755653381348	9	0
287	286	19	18	-28.220744582378142	4.947417259216309	9	0
288	287	19	18	5.987588993157532	3.869603157043457	9	0
289	288	17	16	46.692841868081764	5.569058418273926	9	0
290	289	17	16	-21.269298662999038	3.965003728866577	9	0
291	290	15	14	23.809970641550645	5.476619243621826	9	0
292	291	15	14	-41.817070868255925	4.221597671508789	9	0
15	14	59	58	-6.027456922469976	4.147946357727051	0	1
16	15	58	57	-5.8345545541471475	5.143622875213623	0	1
17	16	57	56	-6.693470964900645	4.559632301330566	0	1
18	17	56	55	-8.466220462118807	5.027648448944092	0	1
19	18	55	54	-18.21298047995968	4.3546600341796875	0	1
20	19	54	53	-28.134214398995212	5.095033168792725	0	1
21	20	53	52	-13.733423219830616	4.556828022003174	0	1
22	21	52	51	-56.54152556092554	5.508296966552734	0	1
23	22	51	50	-36.30441007265711	4.665860176086426	0	1
24	23	50	49	-35.678719294923056	5.110050201416016	0	1
25	24	47	46	-32.8764877807834	4.881487846374512	0	1
26	25	47	46	-20.098293534785885	4.962643146514893	0	1
27	26	46	45	-14.530691138229578	4.355955600738525	0	1
28	27	45	44	-30.555839516156755	4.966365814208984	0	1
29	28	44	43	-17.305592326933247	4.85750675201416	0	1
30	29	43	42	-11.349269078000601	5.052079677581787	0	1
31	30	42	41	1.9453018036496528	4.650029182434082	0	1
41	40	87	86	-16.266266926750575	4.989811420440674	1	2
42	41	86	85	-12.468101092038722	4.388731956481934	1	2
43	42	85	84	-7.675166295694224	5.177190780639648	1	2
44	43	84	83	-13.864948201063756	4.283454895019531	1	2
45	44	83	82	0.0555792040086608	5.224465370178223	1	2
46	45	82	81	-21.01681949422351	4.672066688537598	1	2
47	46	81	80	-6.478273431961455	4.972306728363037	1	2
48	47	80	79	-59.313480634164534	4.55631685256958	1	2
49	48	80	79	21.904383976203043	4.981568336486816	1	2
50	49	79	78	13.937391491447157	5.4676032066345215	1	2
51	50	78	77	-57.257094581686296	4.615592956542969	1	2
53	52	74	73	-40.03763087083277	4.309630870819092	1	2
54	53	72	71	33.42160436237998	5.5439887046813965	1	2
55	54	72	71	-25.521819952136386	4.047346115112305	1	2
56	55	70	69	49.41131604209764	5.59652042388916	1	2
57	56	70	69	-9.918489537810887	4.23553466796875	1	2
58	57	69	68	-8.61702153934558	5.376004219055176	1	2
59	58	68	67	-13.007452357159861	4.323983669281006	1	2
67	66	117	116	-13.500347932831191	5.002617359161377	2	3
68	67	116	115	-30.117803921750593	4.612406253814697	2	3
69	68	115	114	-6.574027587327337	5.287592887878418	2	3
70	69	114	113	-3.66644894512983	4.595000267028809	2	3
71	70	113	112	-20.05187867470048	5.266336917877197	2	3
72	71	112	111	13.315125073472101	3.8584554195404053	2	3
73	72	111	110	8.619344686881536	5.339480400085449	2	3
74	73	110	109	-0.46168446296312154	4.2440595626831055	2	3
75	74	109	108	26.044119606477604	5.330256938934326	2	3
78	77	107	106	1.1713172255003128	4.413430690765381	2	3
79	78	106	105	-54.21711911069443	4.966715335845947	2	3
80	79	105	104	-43.436449157239494	5.2291436195373535	2	3
81	80	104	103	-76.52454237414962	5.065768241882324	2	3
82	81	102	101	16.081354339866913	4.787758827209473	2	3
83	82	101	100	-6.886195450885576	5.088022232055664	2	3
84	83	100	99	-11.411949537996744	4.639845848083496	2	3
85	84	99	98	-9.848526288199894	5.026398658752441	2	3
86	85	98	97	-9.006060270166634	4.566515922546387	2	3
87	86	97	96	-3.5507805717499474	5.0031962394714355	2	3
98	97	150	149	16.123271570672628	4.336262226104736	3	4
99	98	149	148	-4.046875592806146	5.300873756408691	3	4
100	99	148	147	-22.581442546139286	4.028220176696777	3	4
101	100	147	146	1.8835991127213219	5.3978424072265625	3	4
102	101	146	145	-92.31658190415482	4.276583194732666	3	4
104	103	144	143	-18.678730174077696	5.561561584472656	3	4
105	104	143	142	-9.275568962988594	4.085750579833984	3	4
106	105	142	141	-12.128616758138085	5.261396884918213	3	4
107	106	141	140	-60.67681798961903	4.36587381362915	3	4
108	107	141	140	29.65987529990524	5.22125244140625	3	4
109	108	140	139	1.5731839664984888	5.397532939910889	3	4
110	109	139	138	7.7577553502267556	4.372525215148926	3	4
111	110	138	137	-11.011796830143313	5.307903289794922	3	4
112	111	137	136	5.7766833371525985	4.222741603851318	3	4
113	112	135	134	45.497731183956105	5.634305477142334	3	4
114	113	135	134	-14.479817462737168	4.202776908874512	3	4
115	114	134	133	-1.3322756895074515	5.435676574707031	3	4
116	115	133	132	-22.210897481950802	3.856799602508545	3	4
117	116	131	130	33.1758469710311	5.683650016784668	3	4
118	117	131	130	-30.49256360571042	4.388998031616211	3	4
119	118	129	128	-22.676557265943647	5.419346332550049	3	4
120	119	129	128	-82.99784535842974	4.138199329376221	3	4
121	120	129	128	1.9113409607042997	4.906410217285156	3	4
126	125	184	183	-19.453965268818298	4.886680603027344	4	5
127	126	183	182	-3.9158801845682487	4.6613922119140625	4	5
128	127	182	181	0.8903300710615575	4.960936069488525	4	5
129	128	181	180	-7.622742589817373	4.325398921966553	4	5
130	129	180	179	-38.35723616905506	5.075440406799316	4	5
131	130	179	178	-40.43634342953548	4.480109214782715	4	5
132	131	178	177	-12.202000591251831	4.864007949829102	4	5
133	132	177	176	-15.79049827505567	4.2608513832092285	4	5
134	133	176	175	-34.13207536298819	5.396231174468994	4	5
135	134	175	174	-25.72682968318625	4.257767200469971	4	5
136	135	174	173	-5.487421039173366	5.543645858764648	4	5
137	136	173	172	-1.7577185177990455	4.295456886291504	4	5
138	137	172	171	-10.869197495567425	5.27063512802124	4	5
139	138	171	170	-6.507734565466119	4.4628424644470215	4	5
140	139	170	169	-1.5799761741019622	5.286545276641846	4	5
141	140	169	168	-12.359911941321206	4.157660961151123	4	5
142	141	168	167	-11.669826419155939	5.298159599304199	4	5
143	142	167	166	-13.725022841088073	4.406378269195557	4	5
144	143	166	165	10.373100702990099	5.220585346221924	4	5
145	144	164	163	-39.450611792978634	4.2416672706604	4	5
146	145	161	160	94.49851401178415	4.402061462402344	4	5
147	146	159	158	-30.40694959930256	5.280336380004883	4	5
148	147	158	157	-35.11247268094272	4.142963886260986	4	5
149	148	156	155	46.52682978971414	5.457774639129639	4	5
150	149	156	155	-27.227611745050655	4.445789813995361	4	5
167	166	208	207	-3.1661875353426665	4.648455619812012	5	6
168	167	207	206	-8.349281826937576	4.867306232452393	5	6
169	168	206	205	3.758433586808506	4.44681978225708	5	6
170	169	205	204	-7.730584437726936	5.395863056182861	5	6
171	170	204	203	-19.199741282276708	4.32822847366333	5	6
172	171	203	202	-7.911097435137838	5.251976490020752	5	6
173	172	202	201	-19.23367305616161	4.536049842834473	5	6
174	173	201	200	-33.54222229714774	5.2041144371032715	5	6
175	174	200	199	15.222435787102988	4.606452941894531	5	6
177	176	197	196	-44.07983531039679	4.716158390045166	5	6
178	177	196	195	-38.589908109468354	5.4798994064331055	5	6
179	178	195	194	6.700891929655425	4.247594833374023	5	6
180	179	194	193	-6.263793038696367	5.336187839508057	5	6
181	180	193	192	-9.003057226650862	4.416108131408691	5	6
182	181	192	191	-16.18600883021643	5.309183597564697	5	6
183	182	191	190	-7.806944230032801	4.404949188232422	5	6
184	183	190	189	-9.826677985330038	5.188758373260498	5	6
190	189	232	231	-10.015903547292826	5.2272772789001465	6	7
191	190	231	230	-6.855698658795813	4.57488489151001	6	7
192	191	230	229	-5.267971889720391	5.1012983322143555	6	7
193	192	229	228	3.323238586641824	4.462310314178467	6	7
194	193	228	227	-5.4869183712455705	5.081801414489746	6	7
195	194	227	226	-26.972997827945537	4.556299686431885	6	7
196	195	226	225	-11.724128198120006	4.9011359214782715	6	7
197	196	225	224	2.9955989766810838	4.705801486968994	6	7
198	197	224	223	-3.238879702029502	4.952554702758789	6	7
199	198	223	222	-46.49137880995662	4.34776496887207	6	7
200	199	221	220	-46.353189633986524	4.385184288024902	6	7
201	200	222	221	-68.94767972058965	4.946887969970703	6	7
202	201	220	219	-12.05205001124441	4.548933982849121	6	7
203	202	219	218	-3.9889364373129994	5.210109710693359	6	7
204	203	218	217	-8.047046036134446	4.368560314178467	6	7
205	204	217	216	-12.852423647963434	5.227820873260498	6	7
206	205	216	215	-14.478525226250854	4.589064121246338	6	7
207	206	215	214	-9.052073784873365	4.954503059387207	6	7
208	207	214	213	-22.85760590552057	4.518768787384033	6	7
216	215	269	252	-54.38282984060607	5.736227035522461	7	8
217	216	269	252	-12.24767957091277	5.119215488433838	7	8
218	217	270	269	110.30934203734044	4.703662872314453	7	8
224	223	251	250	-25.91615175583279	5.417555332183838	7	8
225	224	250	249	-0.9418912722050361	4.56777286529541	7	8
226	225	249	248	-7.352639530994512	5.342001438140869	7	8
227	226	248	247	12.483855271340074	4.250057220458984	7	8
228	227	247	246	-0.13978127962111667	5.369346618652344	7	8
229	228	246	245	-15.667500945046214	4.3919548988342285	7	8
230	229	245	244	-7.969277718943484	5.262694835662842	7	8
231	230	244	243	-18.798826102142478	4.213711261749268	7	8
232	231	242	241	3.2482674424566502	5.52526330947876	7	8
233	232	242	241	-19.202563821473333	3.9067158699035645	7	8
234	233	240	239	19.659882559423327	5.234446048736572	7	8
235	234	240	239	-62.82274932300902	4.110939025878906	7	8
239	238	291	290	-13.964160293833826	5.18900728225708	8	9
240	239	290	289	-18.45774573264959	4.61045503616333	8	9
241	240	289	288	-19.57557565155563	5.0897016525268555	8	9
242	241	288	287	-44.53305494071215	4.585081577301025	8	9
243	242	287	286	-13.53592343965234	5.583730697631836	8	9
244	243	286	285	-30.02103321501078	4.280554294586182	8	9
245	244	285	284	-10.95317148104312	5.342896938323975	8	9
246	245	284	283	-4.305818551431428	4.6703290939331055	8	9
247	246	283	282	-3.8493891401365143	5.156853675842285	8	9
248	247	282	281	-20.617875548982934	4.294168472290039	8	9
249	248	281	280	0.9602444108589718	5.31836462020874	8	9
250	249	280	279	-1.224686164989535	4.359393119812012	8	9
251	250	279	278	40.14084705897683	5.082672119140625	8	9
252	251	278	277	21.45553719852848	5.314746856689453	8	9
269	252	278	277	-2.135903054415432	4.88993501663208	8	9
277	276	30	29	-5.0494181765788655	4.644369602203369	9	0
278	277	29	28	6.745931671152543	5.166260242462158	9	0
279	278	28	27	-13.981352274087254	5.086444854736328	9	0
280	279	27	26	-6.294535787419831	4.0470476150512695	9	0
281	280	25	24	6.717903738510353	5.416173934936523	9	0
282	281	25	24	-30.106883588021777	3.8994905948638916	9	0
283	282	24	23	-20.74083968296599	5.605201721191406	9	0
284	283	23	22	-14.648496352670898	4.55608606338501	9	0
285	284	22	21	11.232908370640146	5.545424938201904	9	0
286	285	21	20	-52.31956129225569	4.015755653381348	9	0
287	286	19	18	-28.220744582378142	4.947417259216309	9	0
288	287	19	18	5.987588993157532	3.869603157043457	9	0
289	288	17	16	46.692841868081764	5.569058418273926	9	0
290	289	17	16	-21.269298662999038	3.965003728866577	9	0
291	290	15	14	23.809970641550645	5.476619243621826	9	0
292	291	15	14	-41.817070868255925	4.221597671508789	9	0
15	14	59	58	-6.027456922469976	4.147946357727051	0	1
16	15	58	57	-5.8345545541471475	5.143622875213623	0	1
17	16	57	56	-6.693470964900645	4.559632301330566	0	1
18	17	56	55	-8.466220462118807	5.027648448944092	0	1
19	18	55	54	-18.21298047995968	4.3546600341796875	0	1
20	19	54	53	-28.134214398995212	5.095033168792725	0	1
21	20	53	52	-13.733423219830616	4.556828022003174	0	1
22	21	52	51	-56.54152556092554	5.508296966552734	0	1
23	22	51	50	-36.30441007265711	4.665860176086426	0	1
24	23	50	49	-35.678719294923056	5.110050201416016	0	1
25	24	47	46	-32.8764877807834	4.881487846374512	0	1
26	25	47	46	-20.098293534785885	4.962643146514893	0	1
27	26	46	45	-14.530691138229578	4.355955600738525	0	1
28	27	45	44	-30.555839516156755	4.966365814208984	0	1
29	28	44	43	-17.305592326933247	4.85750675201416	0	1
30	29	43	42	-11.349269078000601	5.052079677581787	0	1
31	30	42	41	1.9453018036496528	4.650029182434082	0	1
41	40	87	86	-16.266266926750575	4.989811420440674	1	2
42	41	86	85	-12.468101092038722	4.388731956481934	1	2
43	42	85	84	-7.675166295694224	5.177190780639648	1	2
44	43	84	83	-13.864948201063756	4.283454895019531	1	2
45	44	83	82	0.0555792040086608	5.224465370178223	1	2
46	45	82	81	-21.01681949422351	4.672066688537598	1	2
47	46	81	80	-6.478273431961455	4.972306728363037	1	2
48	47	80	79	-59.313480634164534	4.55631685256958	1	2
49	48	80	79	21.904383976203043	4.981568336486816	1	2
50	49	79	78	13.937391491447157	5.4676032066345215	1	2
51	50	78	77	-57.257094581686296	4.615592956542969	1	2
53	52	74	73	-40.03763087083277	4.309630870819092	1	2
54	53	72	71	33.42160436237998	5.5439887046813965	1	2
55	54	72	71	-25.521819952136386	4.047346115112305	1	2
56	55	70	69	49.41131604209764	5.59652042388916	1	2
57	56	70	69	-9.918489537810887	4.23553466796875	1	2
58	57	69	68	-8.61702153934558	5.376004219055176	1	2
59	58	68	67	-13.007452357159861	4.323983669281006	1	2
67	66	117	116	-13.500347932831191	5.002617359161377	2	3
68	67	116	115	-30.117803921750593	4.612406253814697	2	3
69	68	115	114	-6.574027587327337	5.287592887878418	2	3
70	69	114	113	-3.66644894512983	4.595000267028809	2	3
71	70	113	112	-20.05187867470048	5.266336917877197	2	3
72	71	112	111	13.315125073472101	3.8584554195404053	2	3
73	72	111	110	8.619344686881536	5.339480400085449	2	3
74	73	110	109	-0.46168446296312154	4.2440595626831055	2	3
75	74	109	108	26.044119606477604	5.330256938934326	2	3
78	77	107	106	1.1713172255003128	4.413430690765381	2	3
79	78	106	105	-54.21711911069443	4.966715335845947	2	3
80	79	105	104	-43.436449157239494	5.2291436195373535	2	3
81	80	104	103	-76.52454237414962	5.065768241882324	2	3
82	81	102	101	16.081354339866913	4.787758827209473	2	3
83	82	101	100	-6.886195450885576	5.088022232055664	2	3
84	83	100	99	-11.411949537996744	4.639845848083496	2	3
85	84	99	98	-9.848526288199894	5.026398658752441	2	3
86	85	98	97	-9.006060270166634	4.566515922546387	2	3
87	86	97	96	-3.5507805717499474	5.0031962394714355	2	3
98	97	150	149	16.123271570672628	4.336262226104736	3	4
99	98	149	148	-4.046875592806146	5.300873756408691	3	4
100	99	148	147	-22.581442546139286	4.028220176696777	3	4
101	100	147	146	1.8835991127213219	5.3978424072265625	3	4
102	101	146	145	-92.31658190415482	4.276583194732666	3	4
104	103	144	143	-18.678730174077696	5.561561584472656	3	4
105	104	143	142	-9.275568962988594	4.085750579833984	3	4
106	105	142	141	-12.128616758138085	5.261396884918213	3	4
107	106	141	140	-60.67681798961903	4.36587381362915	3	4
108	107	141	140	29.65987529990524	5.22125244140625	3	4
109	108	140	139	1.5731839664984888	5.397532939910889	3	4
110	109	139	138	7.7577553502267556	4.372525215148926	3	4
111	110	138	137	-11.011796830143313	5.307903289794922	3	4
112	111	137	136	5.7766833371525985	4.222741603851318	3	4
113	112	135	134	45.497731183956105	5.634305477142334	3	4
114	113	135	134	-14.479817462737168	4.202776908874512	3	4
115	114	134	133	-1.3322756895074515	5.435676574707031	3	4
116	115	133	132	-22.210897481950802	3.856799602508545	3	4
117	116	131	130	33.1758469710311	5.683650016784668	3	4
118	117	131	130	-30.49256360571042	4.388998031616211	3	4
119	118	129	128	-22.676557265943647	5.419346332550049	3	4
120	119	129	128	-82.99784535842974	4.138199329376221	3	4
121	120	129	128	1.9113409607042997	4.906410217285156	3	4
126	125	184	183	-19.453965268818298	4.886680603027344	4	5
127	126	183	182	-3.9158801845682487	4.6613922119140625	4	5
128	127	182	181	0.8903300710615575	4.960936069488525	4	5
129	128	181	180	-7.622742589817373	4.325398921966553	4	5
130	129	180	179	-38.35723616905506	5.075440406799316	4	5
131	130	179	178	-40.43634342953548	4.480109214782715	4	5
132	131	178	177	-12.202000591251831	4.864007949829102	4	5
133	132	177	176	-15.79049827505567	4.2608513832092285	4	5
134	133	176	175	-34.13207536298819	5.396231174468994	4	5
135	134	175	174	-25.72682968318625	4.257767200469971	4	5
136	135	174	173	-5.487421039173366	5.543645858764648	4	5
137	136	173	172	-1.7577185177990455	4.295456886291504	4	5
138	137	172	171	-10.869197495567425	5.27063512802124	4	5
139	138	171	170	-6.507734565466119	4.4628424644470215	4	5
140	139	170	169	-1.5799761741019622	5.286545276641846	4	5
141	140	169	168	-12.359911941321206	4.157660961151123	4	5
142	141	168	167	-11.669826419155939	5.298159599304199	4	5
143	142	167	166	-13.725022841088073	4.406378269195557	4	5
144	143	166	165	10.373100702990099	5.220585346221924	4	5
145	144	164	163	-39.450611792978634	4.2416672706604	4	5
146	145	161	160	94.49851401178415	4.402061462402344	4	5
147	146	159	158	-30.40694959930256	5.280336380004883	4	5
148	147	158	157	-35.11247268094272	4.142963886260986	4	5
149	148	156	155	46.52682978971414	5.457774639129639	4	5
150	149	156	155	-27.227611745050655	4.445789813995361	4	5
167	166	208	207	-3.1661875353426665	4.648455619812012	5	6
168	167	207	206	-8.349281826937576	4.867306232452393	5	6
169	168	206	205	3.758433586808506	4.44681978225708	5	6
170	169	205	204	-7.730584437726936	5.395863056182861	5	6
171	170	204	203	-19.199741282276708	4.32822847366333	5	6
172	171	203	202	-7.911097435137838	5.251976490020752	5	6
173	172	202	201	-19.23367305616161	4.536049842834473	5	6
174	173	201	200	-33.54222229714774	5.2041144371032715	5	6
175	174	200	199	15.222435787102988	4.606452941894531	5	6
177	176	197	196	-44.07983531039679	4.716158390045166	5	6
178	177	196	195	-38.589908109468354	5.4798994064331055	5	6
179	178	195	194	6.700891929655425	4.247594833374023	5	6
180	179	194	193	-6.263793038696367	5.336187839508057	5	6
181	180	193	192	-9.003057226650862	4.416108131408691	5	6
182	181	192	191	-16.18600883021643	5.309183597564697	5	6
183	182	191	190	-7.806944230032801	4.404949188232422	5	6
184	183	190	189	-9.826677985330038	5.188758373260498	5	6
190	189	232	231	-10.015903547292826	5.2272772789001465	6	7
191	190	231	230	-6.855698658795813	4.57488489151001	6	7
192	191	230	229	-5.267971889720391	5.1012983322143555	6	7
193	192	229	228	3.323238586641824	4.462310314178467	6	7
194	193	228	227	-5.4869183712455705	5.081801414489746	6	7
195	194	227	226	-26.972997827945537	4.556299686431885	6	7
196	195	226	225	-11.724128198120006	4.9011359214782715	6	7
197	196	225	224	2.9955989766810838	4.705801486968994	6	7
198	197	224	223	-3.238879702029502	4.952554702758789	6	7
199	198	223	222	-46.49137880995662	4.34776496887207	6	7
200	199	221	220	-46.353189633986524	4.385184288024902	6	7
201	200	222	221	-68.94767972058965	4.946887969970703	6	7
202	201	220	219	-12.05205001124441	4.548933982849121	6	7
203	202	219	218	-3.9889364373129994	5.210109710693359	6	7
204	203	218	217	-8.047046036134446	4.368560314178467	6	7
205	204	217	216	-12.852423647963434	5.227820873260498	6	7
206	205	216	215	-14.478525226250854	4.589064121246338	6	7
207	206	215	214	-9.052073784873365	4.954503059387207	6	7
208	207	214	213	-22.85760590552057	4.518768787384033	6	7
216	215	269	252	-54.38282984060607	5.736227035522461	7	8
217	216	269	252	-12.24767957091277	5.119215488433838	7	8
218	217	270	269	110.30934203734044	4.703662872314453	7	8
224	223	251	250	-25.91615175583279	5.417555332183838	7	8
225	224	250	249	-0.9418912722050361	4.56777286529541	7	8
226	225	249	248	-7.352639530994512	5.342001438140869	7	8
227	226	248	247	12.483855271340074	4.250057220458984	7	8
228	227	247	246	-0.13978127962111667	5.369346618652344	7	8
229	228	246	245	-15.667500945046214	4.3919548988342285	7	8
230	229	245	244	-7.969277718943484	5.262694835662842	7	8
231	230	244	243	-18.798826102142478	4.213711261749268	7	8
232	231	242	241	3.2482674424566502	5.52526330947876	7	8
233	232	242	241	-19.202563821473333	3.9067158699035645	7	8
234	233	240	239	19.659882559423327	5.234446048736572	7	8
235	234	240	239	-62.82274932300902	4.110939025878906	7	8
239	238	291	290	-13.964160293833826	5.18900728225708	8	9
240	239	290	289	-18.45774573264959	4.61045503616333	8	9
241	240	289	288	-19.57557565155563	5.0897016525268555	8	9
242	241	288	287	-44.53305494071215	4.585081577301025	8	9
243	242	287	286	-13.53592343965234	5.583730697631836	8	9
244	243	286	285	-30.02103321501078	4.280554294586182	8	9
245	244	285	284	-10.95317148104312	5.342896938323975	8	9
246	245	284	283	-4.305818551431428	4.6703290939331055	8	9
247	246	283	282	-3.8493891401365143	5.156853675842285	8	9
248	247	282	281	-20.617875548982934	4.294168472290039	8	9
249	248	281	280	0.9602444108589718	5.31836462020874	8	9
250	249	280	279	-1.224686164989535	4.359393119812012	8	9
251	250	279	278	40.14084705897683	5.082672119140625	8	9
252	251	278	277	21.45553719852848	5.314746856689453	8	9
269	252	278	277	-2.135903054415432	4.88993501663208	8	9
277	276	30	29	-5.0494181765788655	4.644369602203369	9	0
278	277	29	28	6.745931671152543	5.166260242462158	9	0
279	278	28	27	-13.981352274087254	5.086444854736328	9	0
280	279	27	26	-6.294535787419831	4.0470476150512695	9	0
281	280	25	24	6.717903738510353	5.416173934936523	9	0
282	281	25	24	-30.106883588021777	3.8994905948638916	9	0
283	282	24	23	-20.74083968296599	5.605201721191406	9	0
284	283	23	22	-14.648496352670898	4.55608606338501	9	0
285	284	22	21	11.232908370640146	5.545424938201904	9	0
286	285	21	20	-52.31956129225569	4.015755653381348	9	0
287	286	19	18	-28.220744582378142	4.947417259216309	9	0
288	287	19	18	5.987588993157532	3.869603157043457	9	0
289	288	17	16	46.692841868081764	5.569058418273926	9	0
290	289	17	16	-21.269298662999038	3.965003728866577	9	0
291	290	15	14	23.809970641550645	5.476619243621826	9	0
292	291	15	14	-41.817070868255925	4.221597671508789	9	0
