14	13	41	40	-26.729986931524365	5.099180221557617	0	1
15	14	40	39	-24.539422311318784	4.5021514892578125	0	1
16	15	39	38	-12.11128376586765	5.126893997192383	0	1
17	16	38	37	-44.237856229264914	4.252086639404297	0	1
38	37	54	53	10.347244293365604	4.192812442779541	1	2
39	38	53	52	-11.859893318559715	5.39743709564209	1	2
40	39	52	51	-10.60986496983935	4.299568176269531	1	2
41	40	51	50	-8.8233632640574	5.211342811584473	1	2
42	41	50	49	-19.3651542945463	4.92036771774292	1	2
49	48	67	66	-18.011283318481688	4.923509120941162	2	3
50	49	66	65	-34.5989647317352	4.531585693359375	2	3
51	50	65	64	-13.05681933518684	5.2116618156433105	2	3
52	51	64	63	-18.648075880121535	4.205651760101318	2	3
53	52	63	62	-27.13900468758554	5.284877777099609	2	3
54	53	62	61	-9.24040704462723	4.505130767822266	2	3
68	67	78	77	-40.61827263304709	4.571707248687744	3	4
69	68	77	76	-34.6853256866457	5.434682369232178	3	4
70	69	76	75	-63.60358618372127	4.416565418243408	3	4
76	75	88	87	-14.50787339234263	4.394017696380615	4	5
77	76	87	86	-26.408574538050598	5.324411392211914	4	5
78	77	86	85	-17.511856129646638	4.63722562789917	4	5
86	85	104	103	-13.794989636507498	4.13046932220459	5	6
87	86	103	102	-9.603174104705014	5.2825446128845215	5	6
88	87	102	101	-15.802120399472566	4.41243314743042	5	6
89	88	101	100	-28.938010511893793	5.136739730834961	5	6
90	89	100	99	-57.656598637246354	4.563851356506348	5	6
14	13	41	40	-26.729986931524365	5.099180221557617	0	1
15	14	40	39	-24.539422311318784	4.5021514892578125	0	1
16	15	39	38	-12.11128376586765	5.126893997192383	0	1
17	16	38	37	-44.237856229264914	4.252086639404297	0	1
38	37	54	53	10.347244293365604	4.192812442779541	1	2
39	38	53	52	-11.859893318559715	5.39743709564209	1	2
40	39	52	51	-10.60986496983935	4.299568176269531	1	2
41	40	51	50	-8.8233632640574	5.211342811584473	1	2
42	41	50	49	-19.3651542945463	4.92036771774292	1	2
49	48	67	66	-18.011283318481688	4.923509120941162	2	3
50	49	66	65	-34.5989647317352	4.531585693359375	2	3
51	50	65	64	-13.05681933518684	5.2116618156433105	2	3
52	51	64	63	-18.648075880121535	4.205651760101318	2	3
53	52	63	62	-27.13900468758554	5.284877777099609	2	3
54	53	62	61	-9.24040704462723	4.505130767822266	2	3
68	67	78	77	-40.61827263304709	4.571707248687744	3	4
69	68	77	76	-34.6853256866457	5.434682369232178	3	4
70	69	76	75	-63.60358618372127	4.416565418243408	3	4
76	75	88	87	-14.50787339234263	4.394017696380615	4	5
77	76	87	86	-26.408574538050598	5.324411392211914	4	5
78	77	86	85	-17.511856129646638	4.63722562789917	4	5
86	85	104	103	-13.794989636507498	4.13046932220459	5	6
87	86	103	102	-9.603174104705014	5.2825446128845215	5	6
88	87	102	101	-15.802120399472566	4.41243314743042	5	6
89	88	101	100	-28.938010511893793	5.136739730834961	5	6
90	89	100	99	-57.656598637246354	4.563851356506348	5	6
