40	39	54	53	-23.66542160093254	5.146877288818359	1	2
41	40	53	52	-20.710265149108416	4.445130348205566	1	2
42	41	52	51	-12.312281488341338	5.051515579223633	1	2
51	50	63	62	-17.104766024991147	4.241852760314941	2	3
52	51	62	61	2.2341019985829362	5.413536071777344	2	3
53	52	61	60	-6.5048165280813715	4.205975532531738	2	3
67	66	84	83	40.40588633002047	5.471818447113037	3	4
82	81	96	95	-25.650191344186915	5.098069667816162	4	5
83	82	95	94	-10.055448871946693	4.477044582366943	4	5
84	83	94	93	-16.489646501739866	5.463682651519775	4	5
92	91	106	105	-9.73378216765601	5.133639335632324	5	6
93	92	105	104	-18.7068315352434	4.690659523010254	5	6
94	93	104	103	-17.56838028766317	5.003941059112549	5	6
95	94	103	102	-29.34454290837422	4.48121452331543	5	6
104	103	118	117	-12.665491754230429	5.3223371505737305	6	7
105	104	117	116	-14.369161305556926	4.438510417938232	6	7
106	105	116	115	-16.96879063398093	5.078061580657959	6	7
107	106	115	114	-17.30123964410815	4.557875633239746	6	7
114	113	128	127	-17.37758245498892	5.0532050132751465	7	8
115	114	127	126	-22.818889674548313	4.637154579162598	7	8
116	115	126	125	-18.113118892253596	4.995532035827637	7	8
117	116	125	124	-20.21285439996825	4.610178470611572	7	8
125	124	14	13	-57.92652029722496	5.4939141273498535	8	0
126	125	14	13	0.9177448707842077	5.271827697753906	8	0
127	126	13	12	-9.623252971645844	4.349608421325684	8	0
128	127	12	11	12.64065847946915	5.1933274269104	8	0
40	39	54	53	-23.66542160093254	5.146877288818359	1	2
41	40	53	52	-20.710265149108416	4.445130348205566	1	2
42	41	52	51	-12.312281488341338	5.051515579223633	1	2
51	50	63	62	-17.104766024991147	4.241852760314941	2	3
52	51	62	61	2.2341019985829362	5.413536071777344	2	3
53	52	61	60	-6.5048165280813715	4.205975532531738	2	3
67	66	84	83	40.40588633002047	5.471818447113037	3	4
82	81	96	95	-25.650191344186915	5.098069667816162	4	5
83	82	95	94	-10.055448871946693	4.477044582366943	4	5
84	83	94	93	-16.489646501739866	5.463682651519775	4	5
92	91	106	105	-9.73378216765601	5.133639335632324	5	6
93	92	105	104	-18.7068315352434	4.690659523010254	5	6
94	93	104	103	-17.56838028766317	5.003941059112549	5	6
95	94	103	102	-29.34454290837422	4.48121452331543	5	6
104	103	118	117	-12.665491754230429	5.3223371505737305	6	7
105	104	117	116	-14.369161305556926	4.438510417938232	6	7
106	105	116	115	-16.96879063398093	5.078061580657959	6	7
107	106	115	114	-17.30123964410815	4.557875633239746	6	7
114	113	128	127	-17.37758245498892	5.0532050132751465	7	8
115	114	127	126	-22.818889674548313	4.637154579162598	7	8
116	115	126	125	-18.113118892253596	4.995532035827637	7	8
117	116	125	124	-20.21285439996825	4.610178470611572	7	8
125	124	14	13	-57.92652029722496	5.4939141273498535	8	0
126	125	14	13	0.9177448707842077	5.271827697753906	8	0
127	126	13	12	-9.623252971645844	4.349608421325684	8	0
128	127	12	11	12.64065847946915	5.1933274269104	8	0
