75	74	124	123	-18.070732865699792	4.945039749145508	0	1
76	75	123	122	-14.46730187535406	4.957340240478516	0	1
77	76	122	121	-37.64846301770357	4.92460823059082	0	1
78	77	121	120	24.349035229656714	4.890713691711426	0	1
79	78	120	119	3.621276649709925	5.169748783111572	0	1
80	79	119	118	12.141768946475464	4.578031063079834	0	1
119	118	144	143	-2.995295455768225	4.084640979766846	1	2
120	119	143	142	4.066874317520698	5.437038898468018	1	2
121	120	142	141	-24.07431763267654	4.447731971740723	1	2
122	121	141	140	-18.41888850140129	5.19329309463501	1	2
123	122	140	139	-26.655551159044894	4.587089538574219	1	2
124	123	139	138	-12.251313811173702	5.502895832061768	1	2
125	124	138	137	-8.434378154815347	4.41293478012085	1	2
126	125	137	136	3.8256600766419786	5.194135665893555	1	2
127	126	136	135	-4.122367686011052	4.484499931335449	1	2
135	134	168	167	-18.989043435304676	4.919957160949707	2	3
136	135	167	166	-4.040835847448492	4.9024577140808105	2	3
137	136	166	165	-17.41357069762228	4.877850532531738	2	3
138	137	165	164	-22.455779199334067	4.5705342292785645	2	3
139	138	163	162	60.815936530540895	5.6577653884887695	2	3
140	139	163	162	8.063217072923637	4.441679000854492	2	3
141	140	162	161	33.31279627400155	4.83206033706665	2	3
142	141	160	159	-43.6363712145825	4.5133538246154785	2	3
163	162	187	186	57.85070992788551	4.591328144073486	3	4
164	163	186	185	35.88913563931817	5.125669956207275	3	4
165	164	185	184	-24.601050977200966	4.220183849334717	3	4
166	165	183	182	34.48476706840648	5.555597305297852	3	4
167	166	183	182	-28.8082480935804	4.4521870613098145	3	4
168	167	182	181	-11.963820632102513	5.130034923553467	3	4
182	181	213	212	-17.961522690609034	5.1633620262146	4	5
183	182	212	211	-33.394204316966274	4.530490875244141	4	5
184	183	210	209	40.118410513615224	5.466284275054932	4	5
185	184	210	209	-13.47076693064386	4.130977630615234	4	5
186	185	208	207	31.742747845513932	5.338360786437988	4	5
187	186	208	207	-44.13526023496468	3.963261127471924	4	5
189	188	206	205	-40.87723561560353	4.249614715576172	4	5
190	189	205	204	-35.72101728221179	5.531653881072998	4	5
193	192	204	203	57.148079058598036	5.4640326499938965	4	5
195	194	201	200	-26.40359548760113	3.730055809020996	4	5
208	207	230	229	-42.079444959088555	5.45701789855957	5	6
209	208	229	228	-49.38612943055447	5.006686210632324	5	6
210	209	228	227	39.719000174590484	4.335546970367432	5	6
211	210	227	226	-12.645050608876147	5.563862323760986	5	6
212	211	226	225	15.303072092944472	4.045069694519043	5	6
213	212	225	224	5.517823051050134	5.613980293273926	5	6
214	213	224	223	4.8658749954377045	4.611418724060059	5	6
215	214	222	221	-68.80801720940154	5.370178699493408	5	6
216	215	223	222	-21.23997717669712	5.096277236938477	5	6
217	216	222	221	-32.543199501914714	4.4414591789245605	5	6
222	221	252	251	-69.46402465643196	5.714393615722656	6	7
223	222	252	251	-20.439116976700756	5.264824390411377	6	7
224	223	251	250	-8.086388899454155	4.400888442993164	6	7
225	224	250	249	-13.288843172111324	4.885408401489258	6	7
226	225	249	248	-6.099291447428684	4.6332011222839355	6	7
227	226	248	247	-20.75620586699822	5.5178446769714355	6	7
228	227	247	246	-22.401409959674783	4.839211940765381	6	7
229	228	246	245	-18.831355508448883	5.1353254318237305	6	7
230	229	245	244	-19.47142991889424	4.566267967224121	6	7
231	230	244	243	-43.13104012782118	4.998645782470703	6	7
232	231	243	242	-31.595672721021504	4.496960163116455	6	7
244	243	265	264	38.032973336635244	5.63826322555542	7	8
245	244	265	264	-28.716366189068584	3.9715726375579834	7	8
246	245	264	263	-10.182321606301224	5.352107524871826	7	8
247	246	263	262	-19.849538714177093	4.467616558074951	7	8
248	247	262	261	-11.089184268653955	5.325542449951172	7	8
249	248	261	260	-10.761510796791974	4.103587627410889	7	8
250	249	260	259	-0.08468961765110479	5.579222679138184	7	8
251	250	259	258	-11.045455895667132	4.3441162109375	7	8
252	251	258	257	-14.398765288298158	5.243668079376221	7	8
256	255	295	294	-30.332704177477567	4.586726188659668	8	9
257	256	294	293	-19.907342542383628	4.908381462097168	8	9
258	257	293	292	-12.303554932260983	4.784118175506592	8	9
259	258	292	291	-4.943181641687741	4.8185954093933105	8	9
260	259	291	290	2.8810570037726793	4.908722400665283	8	9
261	260	290	289	-14.073562496877175	4.543791770935059	8	9
262	261	289	288	-12.512739662836642	5.0472493171691895	8	9
263	262	288	287	-23.7155732012207	4.690120220184326	8	9
264	263	287	286	-4.758316805751388	4.900118350982666	8	9
265	264	286	285	-14.293531219945546	4.2236480712890625	8	9
288	287	315	314	-43.3535215441091	5.559411525726318	9	10
289	288	315	314	3.2302250381573643	5.4330878257751465	9	10
290	289	314	313	-9.17396594570091	4.2602057456970215	9	10
291	290	313	312	-10.849721589468107	5.231213092803955	9	10
292	291	312	311	-12.911892908673853	4.5525288581848145	9	10
293	292	311	310	-9.030392098069711	5.123160362243652	9	10
294	293	310	309	-5.769645425276316	4.1342597007751465	9	10
295	294	309	308	3.7122245231269804	5.159999370574951	9	10
296	295	308	307	-20.791434967998974	4.704912185668945	9	10
306	305	345	344	16.8320244325713	4.545202732086182	10	11
307	306	344	343	-9.174545657804241	5.230731010437012	10	11
308	307	343	342	-1.8485646877889008	3.837203025817871	10	11
309	308	341	340	60.263756081627626	5.60613489151001	10	11
310	309	341	340	-4.231345599143482	4.269143581390381	10	11
311	310	340	339	-12.461052372615246	5.153388500213623	10	11
312	311	339	338	-19.31812857660246	4.717312812805176	10	11
313	312	338	337	-16.008010449196206	4.931135654449463	10	11
314	313	337	336	-2.5153145706247484	4.6271185874938965	10	11
315	314	336	335	-7.334230554746035	5.2606730461120605	10	11
336	335	363	362	-10.846726327638239	5.4015583992004395	11	12
337	336	362	361	2.3071058522589913	4.409247875213623	11	12
338	337	361	360	-3.4245178812647534	5.526745796203613	11	12
339	338	360	359	-11.942709823503762	4.336724758148193	11	12
340	339	359	358	1.7537101004247055	5.408126354217529	11	12
341	340	358	357	3.540215135525627	4.730059623718262	11	12
342	341	357	356	-2.0332625515298326	5.237984657287598	11	12
343	342	356	355	5.333952186369619	4.2533369064331055	11	12
344	343	354	353	50.621526456645675	5.6870012283325195	11	12
345	344	354	353	-12.665992065053242	4.721445083618164	11	12
352	351	383	382	-11.903300583268813	4.704985618591309	12	13
353	352	382	381	-12.046659802388513	5.301819324493408	12	13
354	353	381	380	-10.164906512600393	4.592757225036621	12	13
355	354	380	379	-6.484913505432976	5.1095051765441895	12	13
356	355	379	378	-9.914536369306838	4.397722244262695	12	13
357	356	378	377	-22.893736609430224	5.03706169128418	12	13
358	357	377	376	-4.167198920326927	4.730159282684326	12	13
359	358	376	375	-3.74190232005796	5.181904315948486	12	13
360	359	375	374	3.893028293023325	3.978785276412964	12	13
361	360	373	372	66.1518940742322	5.577240467071533	12	13
362	361	373	372	-3.1629234660566876	4.488189220428467	12	13
363	362	372	371	-6.673945395289124	5.012451648712158	12	13
372	371	403	402	16.75802570822622	5.102541923522949	13	14
373	372	402	401	13.110220127769677	4.665068626403809	13	14
374	373	401	400	-6.507882575478827	5.341286659240723	13	14
375	374	400	399	3.3212363620985594	4.097780704498291	13	14
376	375	399	398	-2.427004060205738	5.428920269012451	13	14
377	376	398	397	-15.257418726980212	4.322911262512207	13	14
378	377	397	396	-3.7927150947872703	5.174777507781982	13	14
379	378	396	395	-7.227693624362086	4.540780544281006	13	14
380	379	395	394	-3.773146618309352	5.09595251083374	13	14
381	380	394	393	-19.241847938719314	4.532582759857178	13	14
382	381	393	392	-13.937380883279758	5.02012825012207	13	14
383	382	392	391	-14.035262481868912	4.367798805236816	13	14
384	383	391	390	-13.264611721242373	5.047770023345947	13	14
385	384	390	389	-50.42588889197723	4.429856300354004	13	14
389	388	427	426	-29.683235902567947	4.965640068054199	14	15
390	389	426	425	-24.257534011718004	4.776525020599365	14	15
391	390	425	424	-34.78805747003106	5.032039642333984	14	15
392	391	424	423	-23.96142098207346	4.669020652770996	14	15
393	392	423	422	-20.49323742609028	4.871975421905518	14	15
394	393	422	421	-3.926098486596138	4.793558597564697	14	15
395	394	421	420	-4.989610040002283	5.079395294189453	14	15
396	395	420	419	-0.3436111073131478	4.825511455535889	14	15
397	396	419	418	-0.48444295130795423	4.859006404876709	14	15
398	397	418	417	-7.832751908639142	4.879448890686035	14	15
399	398	417	416	-13.55899995577079	5.072068691253662	14	15
400	399	416	415	-36.876956956280154	4.341773986816406	14	15
401	400	414	413	72.44322623010777	5.255430221557617	14	15
402	401	414	413	-12.201202509263391	4.1066508293151855	14	15
416	415	450	449	-21.355497935665866	5.308095932006836	15	16
417	416	449	448	39.8847266821093	5.671507358551025	15	16
418	417	449	448	-23.282954228413615	4.372686386108398	15	16
419	418	448	447	-4.555512510669273	5.416910648345947	15	16
420	419	447	446	-14.06568173896193	4.607845306396484	15	16
421	420	446	445	-7.085001266906332	5.357421875	15	16
422	421	445	444	-16.928445658382103	4.296226501464844	15	16
423	422	444	443	1.6709118557925104	5.59260368347168	15	16
424	423	443	442	-36.897448505840174	4.258082389831543	15	16
425	424	442	441	-12.088999932316286	5.434133529663086	15	16
426	425	441	440	-22.687634498609185	4.35532808303833	15	16
427	426	440	439	-20.864581394992793	5.186222553253174	15	16
441	440	479	478	-29.934964954175964	4.423789978027344	16	17
442	441	478	477	-10.450924140786245	5.554825305938721	16	17
443	442	477	476	-28.88120464625296	4.422893524169922	16	17
444	443	475	474	36.13704683376794	5.542154788970947	16	17
445	444	475	474	-21.18394142987362	4.560136318206787	16	17
446	445	474	473	-18.07936337473191	5.0824127197265625	16	17
447	446	473	472	-22.142303655224616	4.6663713455200195	16	17
475	474	85	84	-68.52864691862082	5.426412582397461	17	0
476	475	85	84	-39.816226136921166	5.364468097686768	17	0
477	476	84	83	26.908597844847584	4.594700336456299	17	0
478	477	82	81	9.934951702609702	5.434787750244141	17	0
479	478	82	81	-17.842547209118223	3.6525306701660156	17	0
480	479	80	79	56.34790651404756	5.569347858428955	17	0
481	480	80	79	5.964718838040293	4.188562870025635	17	0
482	481	79	78	-7.170542442749464	5.4419684410095215	17	0
483	482	78	77	-1.3120835955578523	4.160995006561279	17	0
75	74	124	123	-18.070732865699792	4.945039749145508	0	1
76	75	123	122	-14.46730187535406	4.957340240478516	0	1
77	76	122	121	-37.64846301770357	4.92460823059082	0	1
78	77	121	120	24.349035229656714	4.890713691711426	0	1
79	78	120	119	3.621276649709925	5.169748783111572	0	1
80	79	119	118	12.141768946475464	4.578031063079834	0	1
119	118	144	143	-2.995295455768225	4.084640979766846	1	2
120	119	143	142	4.066874317520698	5.437038898468018	1	2
121	120	142	141	-24.07431763267654	4.447731971740723	1	2
122	121	141	140	-18.41888850140129	5.19329309463501	1	2
123	122	140	139	-26.655551159044894	4.587089538574219	1	2
124	123	139	138	-12.251313811173702	5.502895832061768	1	2
125	124	138	137	-8.434378154815347	4.41293478012085	1	2
126	125	137	136	3.8256600766419786	5.194135665893555	1	2
127	126	136	135	-4.122367686011052	4.484499931335449	1	2
135	134	168	167	-18.989043435304676	4.919957160949707	2	3
136	135	167	166	-4.040835847448492	4.9024577140808105	2	3
137	136	166	165	-17.41357069762228	4.877850532531738	2	3
138	137	165	164	-22.455779199334067	4.5705342292785645	2	3
139	138	163	162	60.815936530540895	5.6577653884887695	2	3
140	139	163	162	8.063217072923637	4.441679000854492	2	3
141	140	162	161	33.31279627400155	4.83206033706665	2	3
142	141	160	159	-43.6363712145825	4.5133538246154785	2	3
163	162	187	186	57.85070992788551	4.591328144073486	3	4
164	163	186	185	35.88913563931817	5.125669956207275	3	4
165	164	185	184	-24.601050977200966	4.220183849334717	3	4
166	165	183	182	34.48476706840648	5.555597305297852	3	4
167	166	183	182	-28.8082480935804	4.4521870613098145	3	4
168	167	182	181	-11.963820632102513	5.130034923553467	3	4
182	181	213	212	-17.961522690609034	5.1633620262146	4	5
183	182	212	211	-33.394204316966274	4.530490875244141	4	5
184	183	210	209	40.118410513615224	5.466284275054932	4	5
185	184	210	209	-13.47076693064386	4.130977630615234	4	5
186	185	208	207	31.742747845513932	5.338360786437988	4	5
187	186	208	207	-44.13526023496468	3.963261127471924	4	5
189	188	206	205	-40.87723561560353	4.249614715576172	4	5
190	189	205	204	-35.72101728221179	5.531653881072998	4	5
193	192	204	203	57.148079058598036	5.4640326499938965	4	5
195	194	201	200	-26.40359548760113	3.730055809020996	4	5
208	207	230	229	-42.079444959088555	5.45701789855957	5	6
209	208	229	228	-49.38612943055447	5.006686210632324	5	6
210	209	228	227	39.719000174590484	4.335546970367432	5	6
211	210	227	226	-12.645050608876147	5.563862323760986	5	6
212	211	226	225	15.303072092944472	4.045069694519043	5	6
213	212	225	224	5.517823051050134	5.613980293273926	5	6
214	213	224	223	4.8658749954377045	4.611418724060059	5	6
215	214	222	221	-68.80801720940154	5.370178699493408	5	6
216	215	223	222	-21.23997717669712	5.096277236938477	5	6
217	216	222	221	-32.543199501914714	4.4414591789245605	5	6
222	221	252	251	-69.46402465643196	5.714393615722656	6	7
223	222	252	251	-20.439116976700756	5.264824390411377	6	7
224	223	251	250	-8.086388899454155	4.400888442993164	6	7
225	224	250	249	-13.288843172111324	4.885408401489258	6	7
226	225	249	248	-6.099291447428684	4.6332011222839355	6	7
227	226	248	247	-20.75620586699822	5.5178446769714355	6	7
228	227	247	246	-22.401409959674783	4.839211940765381	6	7
229	228	246	245	-18.831355508448883	5.1353254318237305	6	7
230	229	245	244	-19.47142991889424	4.566267967224121	6	7
231	230	244	243	-43.13104012782118	4.998645782470703	6	7
232	231	243	242	-31.595672721021504	4.496960163116455	6	7
244	243	265	264	38.032973336635244	5.63826322555542	7	8
245	244	265	264	-28.716366189068584	3.9715726375579834	7	8
246	245	264	263	-10.182321606301224	5.352107524871826	7	8
247	246	263	262	-19.849538714177093	4.467616558074951	7	8
248	247	262	261	-11.089184268653955	5.325542449951172	7	8
249	248	261	260	-10.761510796791974	4.103587627410889	7	8
250	249	260	259	-0.08468961765110479	5.579222679138184	7	8
251	250	259	258	-11.045455895667132	4.3441162109375	7	8
252	251	258	257	-14.398765288298158	5.243668079376221	7	8
256	255	295	294	-30.332704177477567	4.586726188659668	8	9
257	256	294	293	-19.907342542383628	4.908381462097168	8	9
258	257	293	292	-12.303554932260983	4.784118175506592	8	9
259	258	292	291	-4.943181641687741	4.8185954093933105	8	9
260	259	291	290	2.8810570037726793	4.908722400665283	8	9
261	260	290	289	-14.073562496877175	4.543791770935059	8	9
262	261	289	288	-12.512739662836642	5.0472493171691895	8	9
263	262	288	287	-23.7155732012207	4.690120220184326	8	9
264	263	287	286	-4.758316805751388	4.900118350982666	8	9
265	264	286	285	-14.293531219945546	4.2236480712890625	8	9
288	287	315	314	-43.3535215441091	5.559411525726318	9	10
289	288	315	314	3.2302250381573643	5.4330878257751465	9	10
290	289	314	313	-9.17396594570091	4.2602057456970215	9	10
291	290	313	312	-10.849721589468107	5.231213092803955	9	10
292	291	312	311	-12.911892908673853	4.5525288581848145	9	10
293	292	311	310	-9.030392098069711	5.123160362243652	9	10
294	293	310	309	-5.769645425276316	4.1342597007751465	9	10
295	294	309	308	3.7122245231269804	5.159999370574951	9	10
296	295	308	307	-20.791434967998974	4.704912185668945	9	10
306	305	345	344	16.8320244325713	4.545202732086182	10	11
307	306	344	343	-9.174545657804241	5.230731010437012	10	11
308	307	343	342	-1.8485646877889008	3.837203025817871	10	11
309	308	341	340	60.263756081627626	5.60613489151001	10	11
310	309	341	340	-4.231345599143482	4.269143581390381	10	11
311	310	340	339	-12.461052372615246	5.153388500213623	10	11
312	311	339	338	-19.31812857660246	4.717312812805176	10	11
313	312	338	337	-16.008010449196206	4.931135654449463	10	11
314	313	337	336	-2.5153145706247484	4.6271185874938965	10	11
315	314	336	335	-7.334230554746035	5.2606730461120605	10	11
336	335	363	362	-10.846726327638239	5.4015583992004395	11	12
337	336	362	361	2.3071058522589913	4.409247875213623	11	12
338	337	361	360	-3.4245178812647534	5.526745796203613	11	12
339	338	360	359	-11.942709823503762	4.336724758148193	11	12
340	339	359	358	1.7537101004247055	5.408126354217529	11	12
341	340	358	357	3.540215135525627	4.730059623718262	11	12
342	341	357	356	-2.0332625515298326	5.237984657287598	11	12
343	342	356	355	5.333952186369619	4.2533369064331055	11	12
344	343	354	353	50.621526456645675	5.6870012283325195	11	12
345	344	354	353	-12.665992065053242	4.721445083618164	11	12
352	351	383	382	-11.903300583268813	4.704985618591309	12	13
353	352	382	381	-12.046659802388513	5.301819324493408	12	13
354	353	381	380	-10.164906512600393	4.592757225036621	12	13
355	354	380	379	-6.484913505432976	5.1095051765441895	12	13
356	355	379	378	-9.914536369306838	4.397722244262695	12	13
357	356	378	377	-22.893736609430224	5.03706169128418	12	13
358	357	377	376	-4.167198920326927	4.730159282684326	12	13
359	358	376	375	-3.74190232005796	5.181904315948486	12	13
360	359	375	374	3.893028293023325	3.978785276412964	12	13
361	360	373	372	66.1518940742322	5.577240467071533	12	13
362	361	373	372	-3.1629234660566876	4.488189220428467	12	13
363	362	372	371	-6.673945395289124	5.012451648712158	12	13
372	371	403	402	16.75802570822622	5.102541923522949	13	14
373	372	402	401	13.110220127769677	4.665068626403809	13	14
374	373	401	400	-6.507882575478827	5.341286659240723	13	14
375	374	400	399	3.3212363620985594	4.097780704498291	13	14
376	375	399	398	-2.427004060205738	5.428920269012451	13	14
377	376	398	397	-15.257418726980212	4.322911262512207	13	14
378	377	397	396	-3.7927150947872703	5.174777507781982	13	14
379	378	396	395	-7.227693624362086	4.540780544281006	13	14
380	379	395	394	-3.773146618309352	5.09595251083374	13	14
381	380	394	393	-19.241847938719314	4.532582759857178	13	14
382	381	393	392	-13.937380883279758	5.02012825012207	13	14
383	382	392	391	-14.035262481868912	4.367798805236816	13	14
384	383	391	390	-13.264611721242373	5.047770023345947	13	14
385	384	390	389	-50.42588889197723	4.429856300354004	13	14
389	388	427	426	-29.683235902567947	4.965640068054199	14	15
390	389	426	425	-24.257534011718004	4.776525020599365	14	15
391	390	425	424	-34.78805747003106	5.032039642333984	14	15
392	391	424	423	-23.96142098207346	4.669020652770996	14	15
393	392	423	422	-20.49323742609028	4.871975421905518	14	15
394	393	422	421	-3.926098486596138	4.793558597564697	14	15
395	394	421	420	-4.989610040002283	5.079395294189453	14	15
396	395	420	419	-0.3436111073131478	4.825511455535889	14	15
397	396	419	418	-0.48444295130795423	4.859006404876709	14	15
398	397	418	417	-7.832751908639142	4.879448890686035	14	15
399	398	417	416	-13.55899995577079	5.072068691253662	14	15
400	399	416	415	-36.876956956280154	4.341773986816406	14	15
401	400	414	413	72.44322623010777	5.255430221557617	14	15
402	401	414	413	-12.201202509263391	4.1066508293151855	14	15
416	415	450	449	-21.355497935665866	5.308095932006836	15	16
417	416	449	448	39.8847266821093	5.671507358551025	15	16
418	417	449	448	-23.282954228413615	4.372686386108398	15	16
419	418	448	447	-4.555512510669273	5.416910648345947	15	16
420	419	447	446	-14.06568173896193	4.607845306396484	15	16
421	420	446	445	-7.085001266906332	5.357421875	15	16
422	421	445	444	-16.928445658382103	4.296226501464844	15	16
423	422	444	443	1.6709118557925104	5.59260368347168	15	16
424	423	443	442	-36.897448505840174	4.258082389831543	15	16
425	424	442	441	-12.088999932316286	5.434133529663086	15	16
426	425	441	440	-22.687634498609185	4.35532808303833	15	16
427	426	440	439	-20.864581394992793	5.186222553253174	15	16
441	440	479	478	-29.934964954175964	4.423789978027344	16	17
442	441	478	477	-10.450924140786245	5.554825305938721	16	17
443	442	477	476	-28.88120464625296	4.422893524169922	16	17
444	443	475	474	36.13704683376794	5.542154788970947	16	17
445	444	475	474	-21.18394142987362	4.560136318206787	16	17
446	445	474	473	-18.07936337473191	5.0824127197265625	16	17
447	446	473	472	-22.142303655224616	4.6663713455200195	16	17
475	474	85	84	-68.52864691862082	5.426412582397461	17	0
476	475	85	84	-39.816226136921166	5.364468097686768	17	0
477	476	84	83	26.908597844847584	4.594700336456299	17	0
478	477	82	81	9.934951702609702	5.434787750244141	17	0
479	478	82	81	-17.842547209118223	3.6525306701660156	17	0
480	479	80	79	56.34790651404756	5.569347858428955	17	0
481	480	80	79	5.964718838040293	4.188562870025635	17	0
482	481	79	78	-7.170542442749464	5.4419684410095215	17	0
483	482	78	77	-1.3120835955578523	4.160995006561279	17	0
75	74	124	123	-18.070732865699792	4.945039749145508	0	1
76	75	123	122	-14.46730187535406	4.957340240478516	0	1
77	76	122	121	-37.64846301770357	4.92460823059082	0	1
78	77	121	120	24.349035229656714	4.890713691711426	0	1
79	78	120	119	3.621276649709925	5.169748783111572	0	1
80	79	119	118	12.141768946475464	4.578031063079834	0	1
119	118	144	143	-2.995295455768225	4.084640979766846	1	2
120	119	143	142	4.066874317520698	5.437038898468018	1	2
121	120	142	141	-24.07431763267654	4.447731971740723	1	2
122	121	141	140	-18.41888850140129	5.19329309463501	1	2
123	122	140	139	-26.655551159044894	4.587089538574219	1	2
124	123	139	138	-12.251313811173702	5.502895832061768	1	2
125	124	138	137	-8.434378154815347	4.41293478012085	1	2
126	125	137	136	3.8256600766419786	5.194135665893555	1	2
127	126	136	135	-4.122367686011052	4.484499931335449	1	2
135	134	168	167	-18.989043435304676	4.919957160949707	2	3
136	135	167	166	-4.040835847448492	4.9024577140808105	2	3
137	136	166	165	-17.41357069762228	4.877850532531738	2	3
138	137	165	164	-22.455779199334067	4.5705342292785645	2	3
139	138	163	162	60.815936530540895	5.6577653884887695	2	3
140	139	163	162	8.063217072923637	4.441679000854492	2	3
141	140	162	161	33.31279627400155	4.83206033706665	2	3
142	141	160	159	-43.6363712145825	4.5133538246154785	2	3
163	162	187	186	57.85070992788551	4.591328144073486	3	4
164	163	186	185	35.88913563931817	5.125669956207275	3	4
165	164	185	184	-24.601050977200966	4.220183849334717	3	4
166	165	183	182	34.48476706840648	5.555597305297852	3	4
167	166	183	182	-28.8082480935804	4.4521870613098145	3	4
168	167	182	181	-11.963820632102513	5.130034923553467	3	4
182	181	213	212	-17.961522690609034	5.1633620262146	4	5
183	182	212	211	-33.394204316966274	4.530490875244141	4	5
184	183	210	209	40.118410513615224	5.466284275054932	4	5
185	184	210	209	-13.47076693064386	4.130977630615234	4	5
186	185	208	207	31.742747845513932	5.338360786437988	4	5
187	186	208	207	-44.13526023496468	3.963261127471924	4	5
189	188	206	205	-40.87723561560353	4.249614715576172	4	5
190	189	205	204	-35.72101728221179	5.531653881072998	4	5
193	192	204	203	57.148079058598036	5.4640326499938965	4	5
195	194	201	200	-26.40359548760113	3.730055809020996	4	5
208	207	230	229	-42.079444959088555	5.45701789855957	5	6
209	208	229	228	-49.38612943055447	5.006686210632324	5	6
210	209	228	227	39.719000174590484	4.335546970367432	5	6
211	210	227	226	-12.645050608876147	5.563862323760986	5	6
212	211	226	225	15.303072092944472	4.045069694519043	5	6
213	212	225	224	5.517823051050134	5.613980293273926	5	6
214	213	224	223	4.8658749954377045	4.611418724060059	5	6
215	214	222	221	-68.80801720940154	5.370178699493408	5	6
216	215	223	222	-21.23997717669712	5.096277236938477	5	6
217	216	222	221	-32.543199501914714	4.4414591789245605	5	6
222	221	252	251	-69.46402465643196	5.714393615722656	6	7
223	222	252	251	-20.439116976700756	5.264824390411377	6	7
224	223	251	250	-8.086388899454155	4.400888442993164	6	7
225	224	250	249	-13.288843172111324	4.885408401489258	6	7
226	225	249	248	-6.099291447428684	4.6332011222839355	6	7
227	226	248	247	-20.75620586699822	5.5178446769714355	6	7
228	227	247	246	-22.401409959674783	4.839211940765381	6	7
229	228	246	245	-18.831355508448883	5.1353254318237305	6	7
230	229	245	244	-19.47142991889424	4.566267967224121	6	7
231	230	244	243	-43.13104012782118	4.998645782470703	6	7
232	231	243	242	-31.595672721021504	4.496960163116455	6	7
244	243	265	264	38.032973336635244	5.63826322555542	7	8
245	244	265	264	-28.716366189068584	3.9715726375579834	7	8
246	245	264	263	-10.182321606301224	5.352107524871826	7	8
247	246	263	262	-19.849538714177093	4.467616558074951	7	8
248	247	262	261	-11.089184268653955	5.325542449951172	7	8
249	248	261	260	-10.761510796791974	4.103587627410889	7	8
250	249	260	259	-0.08468961765110479	5.579222679138184	7	8
251	250	259	258	-11.045455895667132	4.3441162109375	7	8
252	251	258	257	-14.398765288298158	5.243668079376221	7	8
256	255	295	294	-30.332704177477567	4.586726188659668	8	9
257	256	294	293	-19.907342542383628	4.908381462097168	8	9
258	257	293	292	-12.303554932260983	4.784118175506592	8	9
259	258	292	291	-4.943181641687741	4.8185954093933105	8	9
260	259	291	290	2.8810570037726793	4.908722400665283	8	9
261	260	290	289	-14.073562496877175	4.543791770935059	8	9
262	261	289	288	-12.512739662836642	5.0472493171691895	8	9
263	262	288	287	-23.7155732012207	4.690120220184326	8	9
264	263	287	286	-4.758316805751388	4.900118350982666	8	9
265	264	286	285	-14.293531219945546	4.2236480712890625	8	9
288	287	315	314	-43.3535215441091	5.559411525726318	9	10
289	288	315	314	3.2302250381573643	5.4330878257751465	9	10
290	289	314	313	-9.17396594570091	4.2602057456970215	9	10
291	290	313	312	-10.849721589468107	5.231213092803955	9	10
292	291	312	311	-12.911892908673853	4.5525288581848145	9	10
293	292	311	310	-9.030392098069711	5.123160362243652	9	10
294	293	310	309	-5.769645425276316	4.1342597007751465	9	10
295	294	309	308	3.7122245231269804	5.159999370574951	9	10
296	295	308	307	-20.791434967998974	4.704912185668945	9	10
306	305	345	344	16.8320244325713	4.545202732086182	10	11
307	306	344	343	-9.174545657804241	5.230731010437012	10	11
308	307	343	342	-1.8485646877889008	3.837203025817871	10	11
309	308	341	340	60.263756081627626	5.60613489151001	10	11
310	309	341	340	-4.231345599143482	4.269143581390381	10	11
311	310	340	339	-12.461052372615246	5.153388500213623	10	11
312	311	339	338	-19.31812857660246	4.717312812805176	10	11
313	312	338	337	-16.008010449196206	4.931135654449463	10	11
314	313	337	336	-2.5153145706247484	4.6271185874938965	10	11
315	314	336	335	-7.334230554746035	5.2606730461120605	10	11
336	335	363	362	-10.846726327638239	5.4015583992004395	11	12
337	336	362	361	2.3071058522589913	4.409247875213623	11	12
338	337	361	360	-3.4245178812647534	5.526745796203613	11	12
339	338	360	359	-11.942709823503762	4.336724758148193	11	12
340	339	359	358	1.7537101004247055	5.408126354217529	11	12
341	340	358	357	3.540215135525627	4.730059623718262	11	12
342	341	357	356	-2.0332625515298326	5.237984657287598	11	12
343	342	356	355	5.333952186369619	4.2533369064331055	11	12
344	343	354	353	50.621526456645675	5.6870012283325195	11	12
345	344	354	353	-12.665992065053242	4.721445083618164	11	12
352	351	383	382	-11.903300583268813	4.704985618591309	12	13
353	352	382	381	-12.046659802388513	5.301819324493408	12	13
354	353	381	380	-10.164906512600393	4.592757225036621	12	13
355	354	380	379	-6.484913505432976	5.1095051765441895	12	13
356	355	379	378	-9.914536369306838	4.397722244262695	12	13
357	356	378	377	-22.893736609430224	5.03706169128418	12	13
358	357	377	376	-4.167198920326927	4.730159282684326	12	13
359	358	376	375	-3.74190232005796	5.181904315948486	12	13
360	359	375	374	3.893028293023325	3.978785276412964	12	13
361	360	373	372	66.1518940742322	5.577240467071533	12	13
362	361	373	372	-3.1629234660566876	4.488189220428467	12	13
363	362	372	371	-6.673945395289124	5.012451648712158	12	13
372	371	403	402	16.75802570822622	5.102541923522949	13	14
373	372	402	401	13.110220127769677	4.665068626403809	13	14
374	373	401	400	-6.507882575478827	5.341286659240723	13	14
375	374	400	399	3.3212363620985594	4.097780704498291	13	14
376	375	399	398	-2.427004060205738	5.428920269012451	13	14
377	376	398	397	-15.257418726980212	4.322911262512207	13	14
378	377	397	396	-3.7927150947872703	5.174777507781982	13	14
379	378	396	395	-7.227693624362086	4.540780544281006	13	14
380	379	395	394	-3.773146618309352	5.09595251083374	13	14
381	380	394	393	-19.241847938719314	4.532582759857178	13	14
382	381	393	392	-13.937380883279758	5.02012825012207	13	14
383	382	392	391	-14.035262481868912	4.367798805236816	13	14
384	383	391	390	-13.264611721242373	5.047770023345947	13	14
385	384	390	389	-50.42588889197723	4.429856300354004	13	14
389	388	427	426	-29.683235902567947	4.965640068054199	14	15
390	389	426	425	-24.257534011718004	4.776525020599365	14	15
391	390	425	424	-34.78805747003106	5.032039642333984	14	15
392	391	424	423	-23.96142098207346	4.669020652770996	14	15
393	392	423	422	-20.49323742609028	4.871975421905518	14	15
394	393	422	421	-3.926098486596138	4.793558597564697	14	15
395	394	421	420	-4.989610040002283	5.079395294189453	14	15
396	395	420	419	-0.3436111073131478	4.825511455535889	14	15
397	396	419	418	-0.48444295130795423	4.859006404876709	14	15
398	397	418	417	-7.832751908639142	4.879448890686035	14	15
399	398	417	416	-13.55899995577079	5.072068691253662	14	15
400	399	416	415	-36.876956956280154	4.341773986816406	14	15
401	400	414	413	72.44322623010777	5.255430221557617	14	15
402	401	414	413	-12.201202509263391	4.1066508293151855	14	15
416	415	450	449	-21.355497935665866	5.308095932006836	15	16
417	416	449	448	39.8847266821093	5.671507358551025	15	16
418	417	449	448	-23.282954228413615	4.372686386108398	15	16
419	418	448	447	-4.555512510669273	5.416910648345947	15	16
420	419	447	446	-14.06568173896193	4.607845306396484	15	16
421	420	446	445	-7.085001266906332	5.357421875	15	16
422	421	445	444	-16.928445658382103	4.296226501464844	15	16
423	422	444	443	1.6709118557925104	5.59260368347168	15	16
424	423	443	442	-36.897448505840174	4.258082389831543	15	16
425	424	442	441	-12.088999932316286	5.434133529663086	15	16
426	425	441	440	-22.687634498609185	4.35532808303833	15	16
427	426	440	439	-20.864581394992793	5.186222553253174	15	16
441	440	479	478	-29.934964954175964	4.423789978027344	16	17
442	441	478	477	-10.450924140786245	5.554825305938721	16	17
443	442	477	476	-28.88120464625296	4.422893524169922	16	17
444	443	475	474	36.13704683376794	5.542154788970947	16	17
445	444	475	474	-21.18394142987362	4.560136318206787	16	17
446	445	474	473	-18.07936337473191	5.0824127197265625	16	17
447	446	473	472	-22.142303655224616	4.6663713455200195	16	17
475	474	85	84	-68.52864691862082	5.426412582397461	17	0
476	475	85	84	-39.816226136921166	5.364468097686768	17	0
477	476	84	83	26.908597844847584	4.594700336456299	17	0
478	477	82	81	9.934951702609702	5.434787750244141	17	0
479	478	82	81	-17.842547209118223	3.6525306701660156	17	0
480	479	80	79	56.34790651404756	5.569347858428955	17	0
481	480	80	79	5.964718838040293	4.188562870025635	17	0
482	481	79	78	-7.170542442749464	5.4419684410095215	17	0
483	482	78	77	-1.3120835955578523	4.160995006561279	17	0
75	74	124	123	-18.070732865699792	4.945039749145508	0	1
76	75	123	122	-14.46730187535406	4.957340240478516	0	1
77	76	122	121	-37.64846301770357	4.92460823059082	0	1
78	77	121	120	24.349035229656714	4.890713691711426	0	1
79	78	120	119	3.621276649709925	5.169748783111572	0	1
80	79	119	118	12.141768946475464	4.578031063079834	0	1
119	118	144	143	-2.995295455768225	4.084640979766846	1	2
120	119	143	142	4.066874317520698	5.437038898468018	1	2
121	120	142	141	-24.07431763267654	4.447731971740723	1	2
122	121	141	140	-18.41888850140129	5.19329309463501	1	2
123	122	140	139	-26.655551159044894	4.587089538574219	1	2
124	123	139	138	-12.251313811173702	5.502895832061768	1	2
125	124	138	137	-8.434378154815347	4.41293478012085	1	2
126	125	137	136	3.8256600766419786	5.194135665893555	1	2
127	126	136	135	-4.122367686011052	4.484499931335449	1	2
135	134	168	167	-18.989043435304676	4.919957160949707	2	3
136	135	167	166	-4.040835847448492	4.9024577140808105	2	3
137	136	166	165	-17.41357069762228	4.877850532531738	2	3
138	137	165	164	-22.455779199334067	4.5705342292785645	2	3
139	138	163	162	60.815936530540895	5.6577653884887695	2	3
140	139	163	162	8.063217072923637	4.441679000854492	2	3
141	140	162	161	33.31279627400155	4.83206033706665	2	3
142	141	160	159	-43.6363712145825	4.5133538246154785	2	3
163	162	187	186	57.85070992788551	4.591328144073486	3	4
164	163	186	185	35.88913563931817	5.125669956207275	3	4
165	164	185	184	-24.601050977200966	4.220183849334717	3	4
166	165	183	182	34.48476706840648	5.555597305297852	3	4
167	166	183	182	-28.8082480935804	4.4521870613098145	3	4
168	167	182	181	-11.963820632102513	5.130034923553467	3	4
182	181	213	212	-17.961522690609034	5.1633620262146	4	5
183	182	212	211	-33.394204316966274	4.530490875244141	4	5
184	183	210	209	40.118410513615224	5.466284275054932	4	5
185	184	210	209	-13.47076693064386	4.130977630615234	4	5
186	185	208	207	31.742747845513932	5.338360786437988	4	5
187	186	208	207	-44.13526023496468	3.963261127471924	4	5
189	188	206	205	-40.87723561560353	4.249614715576172	4	5
190	189	205	204	-35.72101728221179	5.531653881072998	4	5
193	192	204	203	57.148079058598036	5.4640326499938965	4	5
195	194	201	200	-26.40359548760113	3.730055809020996	4	5
208	207	230	229	-42.079444959088555	5.45701789855957	5	6
209	208	229	228	-49.38612943055447	5.006686210632324	5	6
210	209	228	227	39.719000174590484	4.335546970367432	5	6
211	210	227	226	-12.645050608876147	5.563862323760986	5	6
212	211	226	225	15.303072092944472	4.045069694519043	5	6
213	212	225	224	5.517823051050134	5.613980293273926	5	6
214	213	224	223	4.8658749954377045	4.611418724060059	5	6
215	214	222	221	-68.80801720940154	5.370178699493408	5	6
216	215	223	222	-21.23997717669712	5.096277236938477	5	6
217	216	222	221	-32.543199501914714	4.4414591789245605	5	6
222	221	252	251	-69.46402465643196	5.714393615722656	6	7
223	222	252	251	-20.439116976700756	5.264824390411377	6	7
224	223	251	250	-8.086388899454155	4.400888442993164	6	7
225	224	250	249	-13.288843172111324	4.885408401489258	6	7
226	225	249	248	-6.099291447428684	4.6332011222839355	6	7
227	226	248	247	-20.75620586699822	5.5178446769714355	6	7
228	227	247	246	-22.401409959674783	4.839211940765381	6	7
229	228	246	245	-18.831355508448883	5.1353254318237305	6	7
230	229	245	244	-19.47142991889424	4.566267967224121	6	7
231	230	244	243	-43.13104012782118	4.998645782470703	6	7
232	231	243	242	-31.595672721021504	4.496960163116455	6	7
244	243	265	264	38.032973336635244	5.63826322555542	7	8
245	244	265	264	-28.716366189068584	3.9715726375579834	7	8
246	245	264	263	-10.182321606301224	5.352107524871826	7	8
247	246	263	262	-19.849538714177093	4.467616558074951	7	8
248	247	262	261	-11.089184268653955	5.325542449951172	7	8
249	248	261	260	-10.761510796791974	4.103587627410889	7	8
250	249	260	259	-0.08468961765110479	5.579222679138184	7	8
251	250	259	258	-11.045455895667132	4.3441162109375	7	8
252	251	258	257	-14.398765288298158	5.243668079376221	7	8
256	255	295	294	-30.332704177477567	4.586726188659668	8	9
257	256	294	293	-19.907342542383628	4.908381462097168	8	9
258	257	293	292	-12.303554932260983	4.784118175506592	8	9
259	258	292	291	-4.943181641687741	4.8185954093933105	8	9
260	259	291	290	2.8810570037726793	4.908722400665283	8	9
261	260	290	289	-14.073562496877175	4.543791770935059	8	9
262	261	289	288	-12.512739662836642	5.0472493171691895	8	9
263	262	288	287	-23.7155732012207	4.690120220184326	8	9
264	263	287	286	-4.758316805751388	4.900118350982666	8	9
265	264	286	285	-14.293531219945546	4.2236480712890625	8	9
288	287	315	314	-43.3535215441091	5.559411525726318	9	10
289	288	315	314	3.2302250381573643	5.4330878257751465	9	10
290	289	314	313	-9.17396594570091	4.2602057456970215	9	10
291	290	313	312	-10.849721589468107	5.231213092803955	9	10
292	291	312	311	-12.911892908673853	4.5525288581848145	9	10
293	292	311	310	-9.030392098069711	5.123160362243652	9	10
294	293	310	309	-5.769645425276316	4.1342597007751465	9	10
295	294	309	308	3.7122245231269804	5.159999370574951	9	10
296	295	308	307	-20.791434967998974	4.704912185668945	9	10
306	305	345	344	16.8320244325713	4.545202732086182	10	11
307	306	344	343	-9.174545657804241	5.230731010437012	10	11
308	307	343	342	-1.8485646877889008	3.837203025817871	10	11
309	308	341	340	60.263756081627626	5.60613489151001	10	11
310	309	341	340	-4.231345599143482	4.269143581390381	10	11
311	310	340	339	-12.461052372615246	5.153388500213623	10	11
312	311	339	338	-19.31812857660246	4.717312812805176	10	11
313	312	338	337	-16.008010449196206	4.931135654449463	10	11
314	313	337	336	-2.5153145706247484	4.6271185874938965	10	11
315	314	336	335	-7.334230554746035	5.2606730461120605	10	11
336	335	363	362	-10.846726327638239	5.4015583992004395	11	12
337	336	362	361	2.3071058522589913	4.409247875213623	11	12
338	337	361	360	-3.4245178812647534	5.526745796203613	11	12
339	338	360	359	-11.942709823503762	4.336724758148193	11	12
340	339	359	358	1.7537101004247055	5.408126354217529	11	12
341	340	358	357	3.540215135525627	4.730059623718262	11	12
342	341	357	356	-2.0332625515298326	5.237984657287598	11	12
343	342	356	355	5.333952186369619	4.2533369064331055	11	12
344	343	354	353	50.621526456645675	5.6870012283325195	11	12
345	344	354	353	-12.665992065053242	4.721445083618164	11	12
352	351	383	382	-11.903300583268813	4.704985618591309	12	13
353	352	382	381	-12.046659802388513	5.301819324493408	12	13
354	353	381	380	-10.164906512600393	4.592757225036621	12	13
355	354	380	379	-6.484913505432976	5.1095051765441895	12	13
356	355	379	378	-9.914536369306838	4.397722244262695	12	13
357	356	378	377	-22.893736609430224	5.03706169128418	12	13
358	357	377	376	-4.167198920326927	4.730159282684326	12	13
359	358	376	375	-3.74190232005796	5.181904315948486	12	13
360	359	375	374	3.893028293023325	3.978785276412964	12	13
361	360	373	372	66.1518940742322	5.577240467071533	12	13
362	361	373	372	-3.1629234660566876	4.488189220428467	12	13
363	362	372	371	-6.673945395289124	5.012451648712158	12	13
372	371	403	402	16.75802570822622	5.102541923522949	13	14
373	372	402	401	13.110220127769677	4.665068626403809	13	14
374	373	401	400	-6.507882575478827	5.341286659240723	13	14
375	374	400	399	3.3212363620985594	4.097780704498291	13	14
376	375	399	398	-2.427004060205738	5.428920269012451	13	14
377	376	398	397	-15.257418726980212	4.322911262512207	13	14
378	377	397	396	-3.7927150947872703	5.174777507781982	13	14
379	378	396	395	-7.227693624362086	4.540780544281006	13	14
380	379	395	394	-3.773146618309352	5.09595251083374	13	14
381	380	394	393	-19.241847938719314	4.532582759857178	13	14
382	381	393	392	-13.937380883279758	5.02012825012207	13	14
383	382	392	391	-14.035262481868912	4.367798805236816	13	14
384	383	391	390	-13.264611721242373	5.047770023345947	13	14
385	384	390	389	-50.42588889197723	4.429856300354004	13	14
389	388	427	426	-29.683235902567947	4.965640068054199	14	15
390	389	426	425	-24.257534011718004	4.776525020599365	14	15
391	390	425	424	-34.78805747003106	5.032039642333984	14	15
392	391	424	423	-23.96142098207346	4.669020652770996	14	15
393	392	423	422	-20.49323742609028	4.871975421905518	14	15
394	393	422	421	-3.926098486596138	4.793558597564697	14	15
395	394	421	420	-4.989610040002283	5.079395294189453	14	15
396	395	420	419	-0.3436111073131478	4.825511455535889	14	15
397	396	419	418	-0.48444295130795423	4.859006404876709	14	15
398	397	418	417	-7.832751908639142	4.879448890686035	14	15
399	398	417	416	-13.55899995577079	5.072068691253662	14	15
400	399	416	415	-36.876956956280154	4.341773986816406	14	15
401	400	414	413	72.44322623010777	5.255430221557617	14	15
402	401	414	413	-12.201202509263391	4.1066508293151855	14	15
416	415	450	449	-21.355497935665866	5.308095932006836	15	16
417	416	449	448	39.8847266821093	5.671507358551025	15	16
418	417	449	448	-23.282954228413615	4.372686386108398	15	16
419	418	448	447	-4.555512510669273	5.416910648345947	15	16
420	419	447	446	-14.06568173896193	4.607845306396484	15	16
421	420	446	445	-7.085001266906332	5.357421875	15	16
422	421	445	444	-16.928445658382103	4.296226501464844	15	16
423	422	444	443	1.6709118557925104	5.59260368347168	15	16
424	423	443	442	-36.897448505840174	4.258082389831543	15	16
425	424	442	441	-12.088999932316286	5.434133529663086	15	16
426	425	441	440	-22.687634498609185	4.35532808303833	15	16
427	426	440	439	-20.864581394992793	5.186222553253174	15	16
441	440	479	478	-29.934964954175964	4.423789978027344	16	17
442	441	478	477	-10.450924140786245	5.554825305938721	16	17
443	442	477	476	-28.88120464625296	4.422893524169922	16	17
444	443	475	474	36.13704683376794	5.542154788970947	16	17
445	444	475	474	-21.18394142987362	4.560136318206787	16	17
446	445	474	473	-18.07936337473191	5.0824127197265625	16	17
447	446	473	472	-22.142303655224616	4.6663713455200195	16	17
475	474	85	84	-68.52864691862082	5.426412582397461	17	0
476	475	85	84	-39.816226136921166	5.364468097686768	17	0
477	476	84	83	26.908597844847584	4.594700336456299	17	0
478	477	82	81	9.934951702609702	5.434787750244141	17	0
479	478	82	81	-17.842547209118223	3.6525306701660156	17	0
480	479	80	79	56.34790651404756	5.569347858428955	17	0
481	480	80	79	5.964718838040293	4.188562870025635	17	0
482	481	79	78	-7.170542442749464	5.4419684410095215	17	0
483	482	78	77	-1.3120835955578523	4.160995006561279	17	0
