4	3	18	17	64.2309115020588	4.805788993835449	0	1
5	4	18	17	-13.957745516230489	5.197359561920166	0	1
6	5	17	16	-14.561967829355337	5.310718536376953	0	1
7	6	16	15	0.30650703385762845	4.293784141540527	0	1
8	7	15	14	-23.03719438188032	5.215169429779053	0	1
15	14	32	31	-7.547950443178014	5.07200288772583	1	2
16	15	31	30	-20.68306666190922	4.553921699523926	1	2
17	16	30	29	13.409318481401689	5.378767013549805	1	2
18	17	29	28	-86.31959698773474	4.17349100112915	1	2
19	18	29	28	-12.71944476243246	4.973662853240967	1	2
20	19	28	27	-6.347342433587842	5.231729507446289	1	2
21	20	27	26	-10.93001050013244	4.607326984405518	1	2
26	25	51	50	-32.18339826039773	4.962823390960693	2	3
27	26	50	49	-58.85901967462644	4.590337753295898	2	3
28	27	49	48	-12.383331864058281	5.2265238761901855	2	3
29	28	48	47	-5.260031290133231	4.507591247558594	2	3
30	29	47	46	-55.319305023526645	5.132380962371826	2	3
31	30	46	45	-44.08393290951486	4.706862926483154	2	3
48	47	64	63	-34.87281585051929	5.063022136688232	3	4
49	48	62	61	-8.722470659741331	5.539692401885986	3	4
50	49	62	61	14.894214975607955	3.8703980445861816	3	4
51	50	61	60	-5.835439936638184	5.293277263641357	3	4
52	51	60	59	-27.325069240831432	4.660067081451416	3	4
59	58	79	78	-35.19456229897208	5.669666767120361	4	5
60	59	78	77	-35.885330694812474	4.327986240386963	4	5
61	60	76	75	49.96227383982921	5.57875394821167	4	5
62	61	76	75	-5.624200043179691	4.232046127319336	4	5
63	62	75	74	-20.389137441524312	5.489223480224609	4	5
64	63	74	73	-9.75289627200707	4.29033899307251	4	5
65	64	73	72	-6.225300913018305	5.475842475891113	4	5
66	65	72	71	-37.45416672699895	4.479194641113281	4	5
72	71	92	91	-59.99849988252772	5.590457916259766	5	6
73	72	92	91	-23.487532710473303	5.468235969543457	5	6
74	73	91	90	-10.598945024699267	4.132920742034912	5	6
75	74	89	88	22.72236095085223	5.461058616638184	5	6
76	75	89	88	-26.701033852938497	4.352815628051758	5	6
77	76	87	86	1.8479245339693953	4.937459468841553	5	6
78	77	87	86	25.593097792259176	4.607361316680908	5	6
86	85	109	108	-24.05031901321811	5.2814249992370605	6	7
87	86	108	107	-29.441043832018885	4.587306976318359	6	7
88	87	107	106	-12.157201379080188	5.128931522369385	6	7
89	88	106	105	-39.72741857060296	4.257734298706055	6	7
90	89	105	104	-13.848138112687137	5.285178184509277	6	7
91	90	104	103	-29.878896196161513	4.611833572387695	6	7
110	109	8	7	-73.56284709559377	5.380156993865967	7	0
111	110	7	6	10.832842928463313	5.27392578125	7	0
112	111	7	6	-68.19925362516751	4.305319786071777	7	0
113	112	7	6	6.378226442168285	5.024600982666016	7	0
4	3	18	17	64.2309115020588	4.805788993835449	0	1
5	4	18	17	-13.957745516230489	5.197359561920166	0	1
6	5	17	16	-14.561967829355337	5.310718536376953	0	1
7	6	16	15	0.30650703385762845	4.293784141540527	0	1
8	7	15	14	-23.03719438188032	5.215169429779053	0	1
15	14	32	31	-7.547950443178014	5.07200288772583	1	2
16	15	31	30	-20.68306666190922	4.553921699523926	1	2
17	16	30	29	13.409318481401689	5.378767013549805	1	2
18	17	29	28	-86.31959698773474	4.17349100112915	1	2
19	18	29	28	-12.71944476243246	4.973662853240967	1	2
20	19	28	27	-6.347342433587842	5.231729507446289	1	2
21	20	27	26	-10.93001050013244	4.607326984405518	1	2
26	25	51	50	-32.18339826039773	4.962823390960693	2	3
27	26	50	49	-58.85901967462644	4.590337753295898	2	3
28	27	49	48	-12.383331864058281	5.2265238761901855	2	3
29	28	48	47	-5.260031290133231	4.507591247558594	2	3
30	29	47	46	-55.319305023526645	5.132380962371826	2	3
31	30	46	45	-44.08393290951486	4.706862926483154	2	3
48	47	64	63	-34.87281585051929	5.063022136688232	3	4
49	48	62	61	-8.722470659741331	5.539692401885986	3	4
50	49	62	61	14.894214975607955	3.8703980445861816	3	4
51	50	61	60	-5.835439936638184	5.293277263641357	3	4
52	51	60	59	-27.325069240831432	4.660067081451416	3	4
59	58	79	78	-35.19456229897208	5.669666767120361	4	5
60	59	78	77	-35.885330694812474	4.327986240386963	4	5
61	60	76	75	49.96227383982921	5.57875394821167	4	5
62	61	76	75	-5.624200043179691	4.232046127319336	4	5
63	62	75	74	-20.389137441524312	5.489223480224609	4	5
64	63	74	73	-9.75289627200707	4.29033899307251	4	5
65	64	73	72	-6.225300913018305	5.475842475891113	4	5
66	65	72	71	-37.45416672699895	4.479194641113281	4	5
72	71	92	91	-59.99849988252772	5.590457916259766	5	6
73	72	92	91	-23.487532710473303	5.468235969543457	5	6
74	73	91	90	-10.598945024699267	4.132920742034912	5	6
75	74	89	88	22.72236095085223	5.461058616638184	5	6
76	75	89	88	-26.701033852938497	4.352815628051758	5	6
77	76	87	86	1.8479245339693953	4.937459468841553	5	6
78	77	87	86	25.593097792259176	4.607361316680908	5	6
86	85	109	108	-24.05031901321811	5.2814249992370605	6	7
87	86	108	107	-29.441043832018885	4.587306976318359	6	7
88	87	107	106	-12.157201379080188	5.128931522369385	6	7
89	88	106	105	-39.72741857060296	4.257734298706055	6	7
90	89	105	104	-13.848138112687137	5.285178184509277	6	7
91	90	104	103	-29.878896196161513	4.611833572387695	6	7
110	109	8	7	-73.56284709559377	5.380156993865967	7	0
111	110	7	6	10.832842928463313	5.27392578125	7	0
112	111	7	6	-68.19925362516751	4.305319786071777	7	0
113	112	7	6	6.378226442168285	5.024600982666016	7	0
