426	425	444	443	50.36583165587706	5.398624897003174	0	1
427	426	444	443	-24.68426466151061	4.51215124130249	0	1
428	427	443	442	0.8222522247598748	5.061604022979736	0	1
429	428	442	441	-16.354124917380283	4.614870548248291	0	1
430	429	441	440	0.7794448916485608	4.814455509185791	0	1
431	430	440	439	-26.376555742169945	3.9826412200927734	0	1
432	431	439	438	-39.84355502394551	4.795787334442139	0	1
433	432	438	437	-33.92041106804511	4.719563007354736	0	1
441	440	461	460	18.260980554030226	5.604219913482666	1	2
442	441	461	460	-14.634530936237436	4.20671272277832	1	2
443	442	460	459	-9.257957315527202	5.558365345001221	1	2
444	443	459	458	9.170751347911764	4.005157947540283	1	2
445	444	458	457	-2.369434629614548	5.654326915740967	1	2
446	445	457	456	-6.645260097857743	4.151599407196045	1	2
447	446	456	455	8.751373709038807	5.723913192749023	1	2
448	447	455	454	-15.809688958936825	4.581385135650635	1	2
455	454	475	474	-27.123005449038658	4.643898010253906	2	3
456	455	474	473	-18.23259056926854	4.965348720550537	2	3
457	456	473	472	-8.20791856268928	4.322122097015381	2	3
458	457	472	471	-12.355956535530336	5.391226768493652	2	3
459	458	471	470	-12.688404381385864	4.543078899383545	2	3
460	459	470	469	0.883592659694843	5.446207523345947	2	3
461	460	469	468	-2.6884417502184905	3.9623897075653076	2	3
462	461	468	467	-2.471970534704211	4.988765716552734	2	3
466	465	495	494	-16.855388434516204	5.114557266235352	3	4
467	466	494	493	-2.650256025573792	4.497125148773193	3	4
468	467	493	492	-0.39326765963037796	4.950111389160156	3	4
469	468	492	491	7.174397680441328	4.605135917663574	3	4
470	469	490	489	16.915323769207454	5.649135112762451	3	4
471	470	490	489	-14.319895789272257	4.111893653869629	3	4
472	471	488	487	34.54702757267762	5.259941101074219	3	4
473	472	488	487	-15.542898053089557	3.9098756313323975	3	4
474	473	487	486	-2.6184989907312533	5.266763210296631	3	4
475	474	486	485	-15.114175063448439	4.127474784851074	3	4
486	485	517	516	-15.781643491453906	4.592312812805176	4	5
487	486	516	515	-28.122844640180126	4.917335510253906	4	5
488	487	515	514	-20.246997189898536	4.603819847106934	4	5
489	488	513	512	37.47034719418664	5.430261611938477	4	5
490	489	513	512	-32.97322482918457	3.9861974716186523	4	5
491	490	512	511	-18.200038742743864	5.417965412139893	4	5
492	491	511	510	2.899032855077884	4.128387451171875	4	5
493	492	510	509	7.294354790995937	5.050767421722412	4	5
494	493	509	508	-16.222182952265083	4.360919952392578	4	5
495	494	508	507	7.6118713712663295	5.513838768005371	4	5
508	507	539	538	-13.530383044207579	5.176210880279541	5	6
509	508	538	537	-5.102702570349164	4.235640525817871	5	6
510	509	537	536	-20.271947850883755	5.035209655761719	5	6
511	510	536	535	-9.425672528376253	4.832383632659912	5	6
512	511	535	534	-26.414259774430622	5.267515659332275	5	6
513	512	534	533	26.16848631587506	4.03758430480957	5	6
514	513	532	531	-0.9575349115510956	5.5343756675720215	5	6
515	514	532	531	-10.83516631533792	4.051595211029053	5	6
516	515	530	529	37.761068650975574	5.345523834228516	5	6
517	516	530	529	-18.028164105923658	4.094595909118652	5	6
518	517	529	528	1.7654808610072528	5.368569850921631	5	6
519	518	528	527	-29.005018964620696	4.356644630432129	5	6
527	526	576	575	49.70868101382784	5.530211448669434	6	7
528	527	576	575	-15.505839527411508	4.383111000061035	6	7
529	528	575	574	-13.984453893180014	5.185710906982422	6	7
530	529	574	573	-7.132217681668819	4.895683765411377	6	7
531	530	573	572	-15.454440774998183	4.955174922943115	6	7
532	531	572	571	-12.445406194541665	4.690792083740234	6	7
533	532	571	570	-29.10127361201178	5.179473400115967	6	7
534	533	570	569	-21.378787212183905	4.634283542633057	6	7
535	534	569	568	-18.46996469331586	5.243678092956543	6	7
536	535	568	567	-54.47830297372936	4.403321266174316	6	7
537	536	567	566	5.338598103056637	5.63319730758667	6	7
538	537	566	565	-8.182428820789319	4.6659016609191895	6	7
539	538	565	564	-6.218537530137985	4.9482526779174805	6	7
540	539	564	563	-29.979596719340318	4.454029083251953	6	7
569	568	604	603	122.13263600878881	5.708956241607666	7	8
570	569	604	603	30.50812435396096	4.307844638824463	7	8
571	570	604	603	114.14881481825765	5.430209636688232	7	8
572	571	600	599	-26.231266305221766	4.310410499572754	7	8
573	572	599	598	-11.918121825136843	5.147627830505371	7	8
574	573	598	597	-1.699583709356246	4.644858360290527	7	8
575	574	597	596	0.10044858029107688	5.018028736114502	7	8
576	575	596	595	7.073736287047758	4.54398250579834	7	8
577	576	595	594	-12.130740152509713	5.26181173324585	7	8
578	577	594	593	-8.830298539815063	4.133501052856445	7	8
579	578	593	592	10.562994025721405	5.22427225112915	7	8
580	579	592	591	0.829034800977943	4.742621898651123	7	8
592	591	617	616	3.0946146680980564	4.427270889282227	8	9
593	592	616	615	-8.514168784316274	5.017320156097412	8	9
594	593	615	614	5.632640591623858	4.5153889656066895	8	9
595	594	614	613	-3.769601481456186	4.840585708618164	8	9
596	595	613	612	-14.434877660405899	4.544872283935547	8	9
597	596	612	611	0.39201400017442334	5.106381893157959	8	9
598	597	611	610	-6.304962819437758	4.3161797523498535	8	9
599	598	610	609	5.2384684077558035	5.143146514892578	8	9
600	599	609	608	-8.932101934215542	4.274651527404785	8	9
609	608	638	637	-25.061462926422454	3.8268377780914307	9	10
610	609	637	636	-8.251614176770008	5.528819561004639	9	10
611	610	636	635	-4.9591773443679505	4.254683971405029	9	10
612	611	635	634	-9.783104777394728	5.299724102020264	9	10
613	612	634	633	-8.331349110686503	4.2840728759765625	9	10
614	613	633	632	-11.758105496290911	5.319358825683594	9	10
615	614	632	631	-12.635169032625058	4.74785852432251	9	10
616	615	630	629	38.50966497939842	5.183003902435303	9	10
617	616	630	629	-34.94730728208306	4.094651699066162	9	10
618	617	629	628	-18.384053202155858	4.983187675476074	9	10
619	618	628	627	-10.441455833666499	4.3003010749816895	9	10
620	619	627	626	-25.883262316762433	4.7757110595703125	9	10
621	620	626	625	-45.557896125992485	4.671350479125977	9	10
626	625	695	694	-34.28862419134262	5.015186309814453	10	11
627	626	694	693	-27.22543756753986	5.200243949890137	10	11
628	627	693	692	-25.393746749350896	4.6771111488342285	10	11
629	628	692	691	-6.244620240890806	4.673064231872559	10	11
630	629	691	690	-0.8800554549024865	4.727223873138428	10	11
631	630	690	689	-20.693216363155994	5.416506767272949	10	11
632	631	689	688	7.389853996560675	3.7468833923339844	10	11
633	632	688	687	7.941467692177145	4.9214558601379395	10	11
634	633	687	686	7.187764614192018	4.698727607727051	10	11
635	634	686	685	-2.35696238394062	4.52617073059082	10	11
636	635	685	684	-2.1145997543377213	4.731386661529541	10	11
686	685	718	717	-15.976840585029155	5.346044063568115	11	12
687	686	717	716	-4.476574197710067	4.828368663787842	11	12
688	687	716	715	4.671147180676487	5.071407318115234	11	12
689	688	715	714	6.518126224721379	3.963109254837036	11	12
690	689	714	713	-15.176854437702813	5.558523178100586	11	12
691	690	713	712	0.8109245116561841	4.262024879455566	11	12
692	691	712	711	-6.175299256560263	5.381492614746094	11	12
693	692	711	710	-15.656733638691989	4.59254264831543	11	12
694	693	710	709	-9.471551772263226	5.290326118469238	11	12
695	694	709	708	-32.668044542782255	4.578269004821777	11	12
707	706	758	757	1.5232029002068759	4.489570617675781	12	13
708	707	757	756	-29.737621872181993	5.352061748504639	12	13
709	708	756	755	-12.775748669544807	4.817043304443359	12	13
710	709	755	754	-14.170725242782359	4.727953910827637	12	13
711	710	754	753	-53.614446080799084	3.9919450283050537	12	13
712	711	752	751	49.32720044466237	5.2321391105651855	12	13
713	712	752	751	-26.760649063304584	4.0380120277404785	12	13
714	713	751	750	-2.6555737258365473	5.525142669677734	12	13
715	714	750	749	-27.027679322724023	4.364325523376465	12	13
751	750	773	772	-45.47835688498031	5.300537586212158	13	14
752	751	772	771	-3.737646864199774	4.215415954589844	13	14
753	752	770	769	-19.26577409906069	5.158259391784668	13	14
754	753	770	769	27.571396025281945	4.0428595542907715	13	14
755	754	769	768	-11.336144399209745	5.561670303344727	13	14
756	755	768	767	-17.320747965374235	3.9905426502227783	13	14
757	756	767	766	2.7564279827054716	5.139894485473633	13	14
758	757	766	765	-15.69565935261418	4.3485236167907715	13	14
766	765	788	787	-1.850087392586942	4.551732063293457	14	15
767	766	786	785	47.815922344108564	5.538123607635498	14	15
768	767	786	785	-17.9205040947654	4.372815132141113	14	15
769	768	785	784	-24.78862255068452	5.666186809539795	14	15
770	769	784	783	-22.387143102885286	4.715734004974365	14	15
788	787	433	432	17.384951834999345	5.028460502624512	15	0
