15	14	48	47	-6.527007264498507	5.285882472991943	0	1
16	15	47	46	-12.340782483972179	4.354455471038818	0	1
17	16	46	45	-12.57465254299036	5.090740203857422	0	1
18	17	45	44	-13.953435603274722	4.364469528198242	0	1
19	18	44	43	-7.715465972712385	5.008619785308838	0	1
20	19	43	42	-23.00651283085887	4.624837875366211	0	1
21	20	42	41	-14.792687285909523	4.701313018798828	0	1
22	21	41	40	-23.338311225273024	5.007190704345703	0	1
23	22	40	39	-5.6623919596181125	5.155045032501221	0	1
24	23	39	38	-7.1169265253891005	4.733925819396973	0	1
25	24	38	37	2.4744929976689503	5.107339382171631	0	1
26	25	37	36	-4.02923864738765	4.412237644195557	0	1
41	40	68	67	-56.20495446503636	5.628489017486572	1	2
42	41	68	67	-4.220490435105557	5.3421950340271	1	2
43	42	67	66	-8.890807563637697	4.132996082305908	1	2
44	43	66	65	0.5052885058142813	5.252857685089111	1	2
45	44	65	64	-13.38668510404094	4.647098064422607	1	2
46	45	64	63	2.1085723318704312	5.333147048950195	1	2
47	46	63	62	-19.651703456155612	4.547112941741943	1	2
48	47	62	61	-1.3743937093568959	5.179491996765137	1	2
49	48	61	60	-2.062969275605622	4.566896915435791	1	2
50	49	60	59	10.166696455064908	5.074161052703857	1	2
52	51	59	58	-45.37901706888458	4.954125881195068	1	2
58	57	111	110	-27.285606820555884	5.007541179656982	2	3
59	58	110	109	-15.333094917706735	4.768709182739258	2	3
60	59	109	108	-44.32870804247382	4.989846706390381	2	3
61	60	108	107	-21.577156341380984	4.973167896270752	2	3
62	61	107	106	-6.894386431180482	5.268929481506348	2	3
63	62	106	105	-15.252651813158755	3.967123508453369	2	3
64	63	104	103	46.34959945870079	5.375043869018555	2	3
65	64	104	103	-17.586266881011426	3.941582441329956	2	3
66	65	103	102	7.593467763035655	5.218574047088623	2	3
67	66	102	101	-7.367123172943376	4.462096691131592	2	3
107	106	120	119	2.74791565134429	5.737233638763428	3	4
108	107	120	119	-32.00753652501257	3.851994514465332	3	4
109	108	119	118	-21.187479761382793	5.102980613708496	3	4
110	109	118	117	-14.70917923310758	4.5327324867248535	3	4
111	110	117	116	-13.243862826165893	5.2092108726501465	3	4
117	116	147	146	-13.70848059835504	5.300387382507324	4	5
118	117	146	145	-14.723351778460309	4.7351274490356445	4	5
119	118	145	144	-5.6808969517391965	5.215961456298828	4	5
120	119	144	143	-20.01582908625342	4.760119438171387	4	5
143	142	161	160	-11.826344599970897	5.1359124183654785	5	6
144	143	161	160	27.19462500295859	4.0616888999938965	5	6
145	144	160	159	16.009368963450598	5.32265567779541	5	6
146	145	159	158	-21.160891547964713	4.364582061767578	5	6
147	146	158	157	-1.7841205695235076	5.022157669067383	5	6
148	147	157	156	-16.999564854640166	4.423581600189209	5	6
156	155	197	196	1.6533036016367724	5.221286773681641	6	7
157	156	196	195	-30.357362129495858	4.284952640533447	6	7
158	157	195	194	-4.59116041731222	5.257273197174072	6	7
159	158	194	193	12.212739224735179	4.374130725860596	6	7
160	159	192	191	58.32820795771297	5.190849304199219	6	7
161	160	192	191	-18.582888854618204	4.092977523803711	6	7
162	161	191	190	-28.43276763388189	5.559388160705566	6	7
191	190	214	213	-34.88067428450063	5.63437032699585	7	8
192	191	213	212	-2.908005037041527	4.469455242156982	7	8
193	192	211	210	22.943790071283424	5.592203140258789	7	8
194	193	211	210	-13.745116848626898	4.203133583068848	7	8
195	194	210	209	-1.119977114760356	5.5127716064453125	7	8
196	195	209	208	22.546991586479745	4.0012335777282715	7	8
197	196	208	207	-9.017478568019115	5.599156856536865	7	8
198	197	207	206	-23.77971882521835	4.371450424194336	7	8
204	203	227	226	-13.15306608084452	4.841461658477783	8	9
205	204	226	225	-2.650946257464418	4.309952735900879	8	9
206	205	225	224	-9.970797533279068	5.154223918914795	8	9
207	206	224	223	-6.875813496287742	4.616034984588623	8	9
208	207	223	222	4.458825459143651	5.1066389083862305	8	9
209	208	222	221	-8.809614227743836	4.550450801849365	8	9
210	209	221	220	-14.089598462250088	5.118800163269043	8	9
211	210	220	219	-5.975824634939629	4.5035576820373535	8	9
212	211	219	218	-18.96464534364293	5.1548357009887695	8	9
213	212	218	217	-12.45680524347208	4.323253631591797	8	9
214	213	217	216	51.29852026486633	5.2264227867126465	8	9
217	216	247	246	-18.837271529250703	5.723825454711914	9	10
218	217	247	246	-39.95906047440758	4.185088157653809	9	10
219	218	246	245	-7.689174760818564	5.35028076171875	9	10
220	219	245	244	-7.888367258165756	4.517136096954346	9	10
221	220	244	243	-18.661910057969514	4.805829048156738	9	10
222	221	243	242	-9.144371504861214	4.5117506980896	9	10
223	222	242	241	-15.753853528263864	5.087173938751221	9	10
224	223	241	240	13.860786512221951	4.527656555175781	9	10
225	224	240	239	17.35735959875765	5.5655059814453125	9	10
226	225	239	238	-13.501031906068036	4.502206325531006	9	10
227	226	238	237	-18.0902516533845	5.617642879486084	9	10
228	227	237	236	-11.903770160285399	4.607493877410889	9	10
229	228	236	235	-5.778302353879944	5.2266035079956055	9	10
230	229	235	234	-47.15880379027161	4.42362117767334	9	10
235	234	268	267	-65.26188047785446	5.633415699005127	10	11
236	235	268	267	-25.617608423994668	4.899837017059326	10	11
237	236	267	266	-15.274567655940716	4.8143768310546875	10	11
238	237	266	265	1.248159611157412	4.766512870788574	10	11
239	238	265	264	-2.785092550507291	4.5094804763793945	10	11
240	239	264	263	-20.127686488177684	5.1224565505981445	10	11
241	240	263	262	-6.494935975886816	4.660591125488281	10	11
242	241	262	261	-8.386910058154516	4.737348556518555	10	11
243	242	261	260	-8.296173834540717	4.819546222686768	10	11
244	243	260	259	-6.741941929823096	4.999797821044922	10	11
245	244	259	258	-11.078761464062012	4.6660637855529785	10	11
246	245	258	257	-3.5293326048932547	4.9358296394348145	10	11
259	258	283	282	-8.920499539312615	4.766873359680176	11	12
260	259	282	281	-15.332111914895107	5.0076823234558105	11	12
261	260	281	280	-0.15355298028849357	4.431413173675537	11	12
262	261	280	279	1.4145398594055436	5.14168119430542	11	12
263	262	279	278	-6.495389876743456	4.4712066650390625	11	12
264	263	278	277	-11.038136882660437	4.820350646972656	11	12
265	264	277	276	-15.137618242190552	4.484772205352783	11	12
266	265	276	275	-10.945007892083874	4.936411380767822	11	12
267	266	275	274	-20.141455028758934	4.041439533233643	11	12
268	267	274	273	-7.740992252199044	5.38846492767334	11	12
272	271	322	321	-6.134734948051873	5.246156692504883	12	13
273	272	321	320	-17.759789794002877	5.096761703491211	12	13
274	273	320	319	-10.702847970154952	5.112821578979492	12	13
275	274	319	318	-18.110908524626918	4.524077415466309	12	13
276	275	318	317	-16.921271328295674	4.982617378234863	12	13
277	276	317	316	-9.466373280158217	4.959121227264404	12	13
278	277	316	315	-6.414305094541495	4.862228870391846	12	13
279	278	315	314	-29.835733971957936	4.495931148529053	12	13
280	279	314	313	-7.832945920449122	5.002743244171143	12	13
281	280	313	312	9.749316246448325	4.535876274108887	12	13
312	311	342	341	22.595361451393604	5.657534122467041	13	14
313	312	342	341	-40.03517935749952	4.34134578704834	13	14
314	313	340	339	24.97276403983395	5.612286567687988	13	14
315	314	340	339	-7.186836471122345	4.03082275390625	13	14
316	315	338	337	33.066986578999355	5.6320037841796875	13	14
317	316	338	337	-10.348151130807794	4.203376293182373	13	14
318	317	337	336	-3.0167309825578728	5.47875452041626	13	14
319	318	336	335	-11.71713920880334	4.3506999015808105	13	14
320	319	335	334	-0.07365896873861624	5.369737148284912	13	14
321	320	334	333	-18.39602630663623	4.321322917938232	13	14
322	321	333	332	-4.785524210528813	5.481326580047607	13	14
323	322	332	331	-36.10911607470743	4.819397926330566	13	14
331	330	376	375	63.66682310472479	5.596198558807373	14	15
332	331	376	375	-8.002609811868371	4.4944586753845215	14	15
333	332	375	374	-5.476795558006761	5.623106956481934	14	15
334	333	374	373	-3.5962207771501937	4.094566345214844	14	15
335	334	373	372	-15.389439584427313	5.057730197906494	14	15
336	335	372	371	1.4101413269003567	4.559042453765869	14	15
337	336	371	370	-12.43169569596509	4.900119781494141	14	15
338	337	370	369	-9.911205002368504	4.3684186935424805	14	15
339	338	369	368	-3.420374946634718	5.197296142578125	14	15
340	339	368	367	-22.043399963529644	4.388266563415527	14	15
341	340	366	365	25.567375045757448	5.662121772766113	14	15
342	341	366	365	-25.541054105719365	4.271368503570557	14	15
366	365	398	397	-53.05488963787364	5.588771820068359	15	16
367	366	398	397	-20.391261052120488	5.102027416229248	15	16
368	367	397	396	-10.27625921933198	3.569122552871704	15	16
369	368	396	395	-11.642018894433125	5.475244522094727	15	16
370	369	395	394	-12.230606548804829	4.268937110900879	15	16
371	370	394	393	-5.405026309161385	5.5593061447143555	15	16
372	371	393	392	-10.080515381686908	4.75765323638916	15	16
373	372	392	391	-2.9696032635995766	5.098209381103516	15	16
374	373	391	390	1.5378185112437797	4.889795303344727	15	16
375	374	390	389	-14.965892758786074	5.423249244689941	15	16
376	375	389	388	-1.8951326728124898	4.045158863067627	15	16
388	387	416	415	-12.492174573436396	4.983086109161377	16	17
389	388	415	414	-6.740274809007646	4.664333820343018	16	17
390	389	414	413	-9.75412530654692	5.063344955444336	16	17
391	390	413	412	-10.293741198804769	4.7939043045043945	16	17
392	391	412	411	-8.619607224328043	5.024938106536865	16	17
393	392	411	410	-6.835328401990588	4.968111038208008	16	17
394	393	410	409	-10.926254840592927	5.046465873718262	16	17
395	394	409	408	-5.926690182827945	4.638282775878906	16	17
396	395	407	406	105.02446689248507	5.446831226348877	16	17
397	396	407	406	37.98030475682758	4.487001895904541	16	17
409	408	27	26	-73.83750607577281	5.521044731140137	17	0
410	409	27	26	-7.638257278141536	5.019102096557617	17	0
411	410	26	25	-12.90579223102832	4.818395614624023	17	0
412	411	25	24	-7.867896035712758	4.632148265838623	17	0
413	412	24	23	-5.532839245166864	4.382277011871338	17	0
414	413	23	22	-1.7322437169002618	4.786293029785156	17	0
415	414	22	21	-5.86912090674781	4.817474365234375	17	0
416	415	21	20	-7.595714064853444	4.737732887268066	17	0
417	416	20	19	-8.71177541222371	4.957858562469482	17	0
418	417	19	18	-15.21878230121636	5.202669143676758	17	0
419	418	18	17	-15.621690659003827	4.624466896057129	17	0
420	419	17	16	-14.905508425568156	5.261512756347656	17	0
421	420	16	15	-39.620870767288864	5.0684027671813965	17	0
