11	10	43	42	-3.450246131366929	5.413929462432861	0	1
12	11	42	41	-15.757874773449862	4.355410575866699	0	1
13	12	41	40	-15.174901104987931	5.102007865905762	0	1
14	13	40	39	-38.44731111585376	4.597294807434082	0	1
15	14	39	38	-21.09649573052666	5.603932857513428	0	1
16	15	38	37	26.081096031775264	4.066028118133545	0	1
17	16	36	35	107.77155496424388	5.385313034057617	0	1
18	17	36	35	11.489882096195615	4.665857315063477	0	1
19	18	34	33	-24.972046485803187	4.876663684844971	0	1
20	19	34	33	-54.61637307048663	5.143354415893555	0	1
21	20	34	33	0.15316596021904183	5.016479015350342	0	1
22	21	31	30	-21.14573210547004	4.5483317375183105	0	1
38	37	59	58	-27.108216792266056	4.483764171600342	1	2
39	38	58	57	-28.70208857271933	5.509699821472168	1	2
40	39	57	56	12.73022989391209	3.980381488800049	1	2
41	40	55	54	65.02754322718192	5.6832075119018555	1	2
42	41	55	54	-10.858868077122018	4.437587738037109	1	2
43	42	54	53	-9.35618846815306	5.254048824310303	1	2
44	43	53	52	-15.92676197962083	4.584191799163818	1	2
45	44	52	51	-9.39630031974635	5.331896781921387	1	2
46	45	51	50	-44.86275077902086	4.300029277801514	1	2
51	50	76	75	-68.29546012001059	5.609119415283203	2	3
52	51	76	75	-23.729568711122166	5.036233901977539	2	3
53	52	75	74	-13.363753273162073	4.841928482055664	2	3
54	53	74	73	-11.78999930212405	4.645664691925049	2	3
55	54	73	72	-6.905030200521772	4.7852864265441895	2	3
56	55	72	71	0.23172797650961752	5.149092674255371	2	3
57	56	71	70	13.92169782181663	4.435360908508301	2	3
58	57	70	69	21.19470894528923	5.205238342285156	2	3
59	58	68	67	-47.37118111198233	4.543806076049805	2	3
71	70	86	85	-27.454272178870998	5.065695762634277	3	4
72	71	86	85	37.42156690424451	5.127412796020508	3	4
73	72	85	84	-39.49191627426811	5.018476486206055	3	4
74	73	84	83	-15.797187587521663	5.278135299682617	3	4
75	74	83	82	-8.677414028579822	4.3130292892456055	3	4
76	75	82	81	-6.918487792124166	5.279513835906982	3	4
82	81	125	124	-12.951202101945317	5.185046672821045	4	5
83	82	124	123	-25.442829566882452	4.827095031738281	4	5
84	83	123	122	-22.356841508818906	5.093805313110352	4	5
85	84	122	121	-0.07330914382654956	4.734303951263428	4	5
122	121	138	137	-23.125951897856943	4.276969909667969	5	6
123	122	137	136	1.0170018613648633	5.503937244415283	5	6
124	123	136	135	-22.141107748760646	4.246124267578125	5	6
125	124	135	134	-2.765665175841955	5.024223327636719	5	6
126	125	134	133	-2.5021172129513465	4.600072860717773	5	6
133	132	154	153	-8.96731493139203	5.450140953063965	6	7
134	133	153	152	-19.276187733541317	4.571566581726074	6	7
135	134	152	151	-10.07832268680572	5.329559803009033	6	7
136	135	151	150	7.798762325304537	4.426102638244629	6	7
137	136	150	149	-0.2475648688904292	5.185357570648193	6	7
138	137	149	148	4.424229176582035	4.554431438446045	6	7
139	138	148	147	23.212638078736592	4.808810710906982	6	7
148	147	170	169	-3.9144295668505635	5.010326862335205	7	8
149	148	169	168	9.289618713546304	4.5964035987854	7	8
150	149	168	167	13.223619484824127	5.59254789352417	7	8
151	150	167	166	-38.524304736068785	4.237218856811523	7	8
152	151	165	164	17.752777966334484	5.6005048751831055	7	8
153	152	165	164	-31.24478510042952	4.031459331512451	7	8
154	153	163	162	21.411924380630936	5.614955902099609	7	8
155	154	163	162	0.25127068370229116	4.043580532073975	7	8
162	161	202	201	-16.429107455985367	5.183939456939697	8	9
163	162	201	200	-4.27021678491517	4.605062961578369	8	9
164	163	200	199	-12.257804510966512	5.352222919464111	8	9
165	164	199	198	5.7306240503295705	4.366013050079346	8	9
166	165	197	196	0.5252254458591582	5.53495979309082	8	9
167	166	197	196	30.577528156142897	4.319091796875	8	9
168	167	196	195	-17.2840126359884	5.512704849243164	8	9
169	168	195	194	-4.672377139608866	4.4433135986328125	8	9
170	169	194	193	-15.270902197743982	5.257688045501709	8	9
171	170	193	192	-11.46223447814091	4.239339351654053	8	9
172	171	192	191	9.007394122615196	5.572749614715576	8	9
173	172	191	190	-2.246548868346214	3.9908089637756348	8	9
174	173	191	190	-63.48484323394119	5.3230719566345215	8	9
175	174	189	188	23.97169913752678	5.31425142288208	8	9
176	175	189	188	-53.931063022678146	4.610134124755859	8	9
177	176	188	187	-45.123328996359746	5.6686201095581055	8	9
178	177	188	187	-47.58045349847652	5.304052829742432	8	9
179	178	187	186	-31.59796787773192	4.350889205932617	8	9
192	191	221	220	22.122263346040842	5.604953289031982	9	10
193	192	221	220	-31.577290269338803	4.675436496734619	9	10
194	193	220	219	-16.633888984268253	5.500436305999756	9	10
195	194	219	218	-20.978320524881813	4.7207465171813965	9	10
196	195	218	217	-12.943514987999125	5.254852294921875	9	10
197	196	217	216	-4.674843197437266	4.264354705810547	9	10
198	197	216	215	-16.426771369820848	5.527510643005371	9	10
199	198	215	214	2.8674479463647597	4.378991603851318	9	10
200	199	214	213	-10.577716739732304	5.447359085083008	9	10
201	200	213	212	-3.4937227321681434	4.3103790283203125	9	10
202	201	212	211	0.7903935551632341	5.4810872077941895	9	10
203	202	211	210	-20.50758192324498	4.238871097564697	9	10
210	209	238	237	6.137855040699834	5.225682735443115	10	11
211	210	237	236	-31.526491873427258	4.356175899505615	10	11
212	211	236	235	-14.523735034571493	5.362692832946777	10	11
213	212	235	234	-0.3125222487625063	4.6939921379089355	10	11
214	213	234	233	-9.085736486050001	5.197274208068848	10	11
215	214	233	232	-20.596234064554505	4.829677104949951	10	11
216	215	232	231	-14.36192233283071	5.068241596221924	10	11
217	216	231	230	-1.7681687846648668	4.824453830718994	10	11
218	217	230	229	-16.031016770354753	5.125678539276123	10	11
219	218	229	228	-17.51863541694722	4.607174396514893	10	11
220	219	228	227	-7.643024213046748	5.1596879959106445	10	11
221	220	227	226	-3.9932721412958463	4.648030757904053	10	11
228	227	259	258	-20.480434963557556	5.73441743850708	11	12
229	228	258	257	-27.908128855323547	4.37818717956543	11	12
230	229	257	256	-18.392600471570145	5.37938117980957	11	12
231	230	256	255	-16.412446956748937	4.6064958572387695	11	12
232	231	255	254	-10.586686472022853	5.363571643829346	11	12
233	232	254	253	-0.9441614942791136	4.344419479370117	11	12
234	233	253	252	-2.1013857187901865	5.492337703704834	11	12
235	234	252	251	-9.6469971174614	4.4841084480285645	11	12
236	235	251	250	-2.0292811380340696	5.375972747802734	11	12
237	236	250	249	-2.504595842306428	3.958940029144287	11	12
238	237	249	248	-7.709664004846959	5.699321269989014	11	12
239	238	248	247	-19.088782857255833	4.2873406410217285	11	12
240	239	247	246	-22.087222724632703	5.304885387420654	11	12
241	240	246	245	-57.0507338741837	4.4299397468566895	11	12
245	244	276	275	-18.398954315959763	5.139878749847412	12	13
246	245	275	274	-11.009427520051618	4.742101192474365	12	13
247	246	274	273	-17.234442028257607	5.182308197021484	12	13
248	247	273	272	-31.739016836062063	4.575223922729492	12	13
249	248	272	271	-11.52523171758672	5.386690616607666	12	13
250	249	271	270	13.077824090616186	4.304520130157471	12	13
251	250	270	269	-2.813106638366157	5.404510974884033	12	13
252	251	269	268	-9.285398904790737	4.6043267250061035	12	13
253	252	268	267	-10.428036248811297	5.108668327331543	12	13
254	253	267	266	-12.943790325549356	4.738432884216309	12	13
255	254	266	265	-2.7930025031946113	5.316971302032471	12	13
256	255	265	264	-33.804912954653965	4.258024215698242	12	13
267	266	292	291	-3.2974034976655213	4.157738208770752	13	14
268	267	291	290	-0.22093030113383652	5.334146022796631	13	14
269	268	290	289	-8.000609290280812	4.573125839233398	13	14
270	269	289	288	-16.786632829138103	5.254870891571045	13	14
271	270	288	287	-8.4967585132251	4.444634914398193	13	14
272	271	287	286	-15.418625382808514	5.4620256423950195	13	14
273	272	286	285	4.495046610004296	4.099556922912598	13	14
274	273	285	284	1.776178626098421	5.561146259307861	13	14
275	274	284	283	-28.225003911985066	4.461094379425049	13	14
276	275	283	282	-7.564253200513954	5.421365261077881	13	14
277	276	282	281	-46.11473533991137	4.2894110679626465	13	14
281	280	324	323	-25.82001391483026	4.707695960998535	14	15
282	281	323	322	-3.838496077864113	4.889352798461914	14	15
283	282	322	321	-14.477629878192008	5.55458402633667	14	15
284	283	321	320	-13.485353895631015	4.262612342834473	14	15
285	284	320	319	-5.857241683871779	5.437568187713623	14	15
286	285	319	318	-4.604820908185214	4.3512349128723145	14	15
287	286	318	317	-12.265769398543423	5.2614850997924805	14	15
288	287	317	316	-29.817305435078836	4.598048686981201	14	15
289	288	316	315	-19.79349629127133	4.897550106048584	14	15
290	289	315	314	-17.416617614361506	4.965786457061768	14	15
291	290	314	313	-29.266235427952758	5.185575008392334	14	15
292	291	313	312	14.61225061354969	4.794516086578369	14	15
319	318	22	21	-2.236589085844714	4.57072639465332	15	0
320	319	21	20	-12.691857088716796	5.503238201141357	15	0
321	320	20	19	6.137462059592582	4.2350897789001465	15	0
322	321	19	18	-13.345237252925342	5.48225212097168	15	0
323	322	18	17	-13.53903857052087	4.506092548370361	15	0
324	323	17	16	-13.84291462077701	5.131859302520752	15	0
11	10	43	42	-3.450246131366929	5.413929462432861	0	1
12	11	42	41	-15.757874773449862	4.355410575866699	0	1
13	12	41	40	-15.174901104987931	5.102007865905762	0	1
14	13	40	39	-38.44731111585376	4.597294807434082	0	1
15	14	39	38	-21.09649573052666	5.603932857513428	0	1
16	15	38	37	26.081096031775264	4.066028118133545	0	1
17	16	36	35	107.77155496424388	5.385313034057617	0	1
18	17	36	35	11.489882096195615	4.665857315063477	0	1
19	18	34	33	-24.972046485803187	4.876663684844971	0	1
20	19	34	33	-54.61637307048663	5.143354415893555	0	1
21	20	34	33	0.15316596021904183	5.016479015350342	0	1
22	21	31	30	-21.14573210547004	4.5483317375183105	0	1
38	37	59	58	-27.108216792266056	4.483764171600342	1	2
39	38	58	57	-28.70208857271933	5.509699821472168	1	2
40	39	57	56	12.73022989391209	3.980381488800049	1	2
41	40	55	54	65.02754322718192	5.6832075119018555	1	2
42	41	55	54	-10.858868077122018	4.437587738037109	1	2
43	42	54	53	-9.35618846815306	5.254048824310303	1	2
44	43	53	52	-15.92676197962083	4.584191799163818	1	2
45	44	52	51	-9.39630031974635	5.331896781921387	1	2
46	45	51	50	-44.86275077902086	4.300029277801514	1	2
51	50	76	75	-68.29546012001059	5.609119415283203	2	3
52	51	76	75	-23.729568711122166	5.036233901977539	2	3
53	52	75	74	-13.363753273162073	4.841928482055664	2	3
54	53	74	73	-11.78999930212405	4.645664691925049	2	3
55	54	73	72	-6.905030200521772	4.7852864265441895	2	3
56	55	72	71	0.23172797650961752	5.149092674255371	2	3
57	56	71	70	13.92169782181663	4.435360908508301	2	3
58	57	70	69	21.19470894528923	5.205238342285156	2	3
59	58	68	67	-47.37118111198233	4.543806076049805	2	3
71	70	86	85	-27.454272178870998	5.065695762634277	3	4
72	71	86	85	37.42156690424451	5.127412796020508	3	4
73	72	85	84	-39.49191627426811	5.018476486206055	3	4
74	73	84	83	-15.797187587521663	5.278135299682617	3	4
75	74	83	82	-8.677414028579822	4.3130292892456055	3	4
76	75	82	81	-6.918487792124166	5.279513835906982	3	4
82	81	125	124	-12.951202101945317	5.185046672821045	4	5
83	82	124	123	-25.442829566882452	4.827095031738281	4	5
84	83	123	122	-22.356841508818906	5.093805313110352	4	5
85	84	122	121	-0.07330914382654956	4.734303951263428	4	5
122	121	138	137	-23.125951897856943	4.276969909667969	5	6
123	122	137	136	1.0170018613648633	5.503937244415283	5	6
124	123	136	135	-22.141107748760646	4.246124267578125	5	6
125	124	135	134	-2.765665175841955	5.024223327636719	5	6
126	125	134	133	-2.5021172129513465	4.600072860717773	5	6
133	132	154	153	-8.96731493139203	5.450140953063965	6	7
134	133	153	152	-19.276187733541317	4.571566581726074	6	7
135	134	152	151	-10.07832268680572	5.329559803009033	6	7
136	135	151	150	7.798762325304537	4.426102638244629	6	7
137	136	150	149	-0.2475648688904292	5.185357570648193	6	7
138	137	149	148	4.424229176582035	4.554431438446045	6	7
139	138	148	147	23.212638078736592	4.808810710906982	6	7
148	147	170	169	-3.9144295668505635	5.010326862335205	7	8
149	148	169	168	9.289618713546304	4.5964035987854	7	8
150	149	168	167	13.223619484824127	5.59254789352417	7	8
151	150	167	166	-38.524304736068785	4.237218856811523	7	8
152	151	165	164	17.752777966334484	5.6005048751831055	7	8
153	152	165	164	-31.24478510042952	4.031459331512451	7	8
154	153	163	162	21.411924380630936	5.614955902099609	7	8
155	154	163	162	0.25127068370229116	4.043580532073975	7	8
162	161	202	201	-16.429107455985367	5.183939456939697	8	9
163	162	201	200	-4.27021678491517	4.605062961578369	8	9
164	163	200	199	-12.257804510966512	5.352222919464111	8	9
165	164	199	198	5.7306240503295705	4.366013050079346	8	9
166	165	197	196	0.5252254458591582	5.53495979309082	8	9
167	166	197	196	30.577528156142897	4.319091796875	8	9
168	167	196	195	-17.2840126359884	5.512704849243164	8	9
169	168	195	194	-4.672377139608866	4.4433135986328125	8	9
170	169	194	193	-15.270902197743982	5.257688045501709	8	9
171	170	193	192	-11.46223447814091	4.239339351654053	8	9
172	171	192	191	9.007394122615196	5.572749614715576	8	9
173	172	191	190	-2.246548868346214	3.9908089637756348	8	9
174	173	191	190	-63.48484323394119	5.3230719566345215	8	9
175	174	189	188	23.97169913752678	5.31425142288208	8	9
176	175	189	188	-53.931063022678146	4.610134124755859	8	9
177	176	188	187	-45.123328996359746	5.6686201095581055	8	9
178	177	188	187	-47.58045349847652	5.304052829742432	8	9
179	178	187	186	-31.59796787773192	4.350889205932617	8	9
192	191	221	220	22.122263346040842	5.604953289031982	9	10
193	192	221	220	-31.577290269338803	4.675436496734619	9	10
194	193	220	219	-16.633888984268253	5.500436305999756	9	10
195	194	219	218	-20.978320524881813	4.7207465171813965	9	10
196	195	218	217	-12.943514987999125	5.254852294921875	9	10
197	196	217	216	-4.674843197437266	4.264354705810547	9	10
198	197	216	215	-16.426771369820848	5.527510643005371	9	10
199	198	215	214	2.8674479463647597	4.378991603851318	9	10
200	199	214	213	-10.577716739732304	5.447359085083008	9	10
201	200	213	212	-3.4937227321681434	4.3103790283203125	9	10
202	201	212	211	0.7903935551632341	5.4810872077941895	9	10
203	202	211	210	-20.50758192324498	4.238871097564697	9	10
210	209	238	237	6.137855040699834	5.225682735443115	10	11
211	210	237	236	-31.526491873427258	4.356175899505615	10	11
212	211	236	235	-14.523735034571493	5.362692832946777	10	11
213	212	235	234	-0.3125222487625063	4.6939921379089355	10	11
214	213	234	233	-9.085736486050001	5.197274208068848	10	11
215	214	233	232	-20.596234064554505	4.829677104949951	10	11
216	215	232	231	-14.36192233283071	5.068241596221924	10	11
217	216	231	230	-1.7681687846648668	4.824453830718994	10	11
218	217	230	229	-16.031016770354753	5.125678539276123	10	11
219	218	229	228	-17.51863541694722	4.607174396514893	10	11
220	219	228	227	-7.643024213046748	5.1596879959106445	10	11
221	220	227	226	-3.9932721412958463	4.648030757904053	10	11
228	227	259	258	-20.480434963557556	5.73441743850708	11	12
229	228	258	257	-27.908128855323547	4.37818717956543	11	12
230	229	257	256	-18.392600471570145	5.37938117980957	11	12
231	230	256	255	-16.412446956748937	4.6064958572387695	11	12
232	231	255	254	-10.586686472022853	5.363571643829346	11	12
233	232	254	253	-0.9441614942791136	4.344419479370117	11	12
234	233	253	252	-2.1013857187901865	5.492337703704834	11	12
235	234	252	251	-9.6469971174614	4.4841084480285645	11	12
236	235	251	250	-2.0292811380340696	5.375972747802734	11	12
237	236	250	249	-2.504595842306428	3.958940029144287	11	12
238	237	249	248	-7.709664004846959	5.699321269989014	11	12
239	238	248	247	-19.088782857255833	4.2873406410217285	11	12
240	239	247	246	-22.087222724632703	5.304885387420654	11	12
241	240	246	245	-57.0507338741837	4.4299397468566895	11	12
245	244	276	275	-18.398954315959763	5.139878749847412	12	13
246	245	275	274	-11.009427520051618	4.742101192474365	12	13
247	246	274	273	-17.234442028257607	5.182308197021484	12	13
248	247	273	272	-31.739016836062063	4.575223922729492	12	13
249	248	272	271	-11.52523171758672	5.386690616607666	12	13
250	249	271	270	13.077824090616186	4.304520130157471	12	13
251	250	270	269	-2.813106638366157	5.404510974884033	12	13
252	251	269	268	-9.285398904790737	4.6043267250061035	12	13
253	252	268	267	-10.428036248811297	5.108668327331543	12	13
254	253	267	266	-12.943790325549356	4.738432884216309	12	13
255	254	266	265	-2.7930025031946113	5.316971302032471	12	13
256	255	265	264	-33.804912954653965	4.258024215698242	12	13
267	266	292	291	-3.2974034976655213	4.157738208770752	13	14
268	267	291	290	-0.22093030113383652	5.334146022796631	13	14
269	268	290	289	-8.000609290280812	4.573125839233398	13	14
270	269	289	288	-16.786632829138103	5.254870891571045	13	14
271	270	288	287	-8.4967585132251	4.444634914398193	13	14
272	271	287	286	-15.418625382808514	5.4620256423950195	13	14
273	272	286	285	4.495046610004296	4.099556922912598	13	14
274	273	285	284	1.776178626098421	5.561146259307861	13	14
275	274	284	283	-28.225003911985066	4.461094379425049	13	14
276	275	283	282	-7.564253200513954	5.421365261077881	13	14
277	276	282	281	-46.11473533991137	4.2894110679626465	13	14
281	280	324	323	-25.82001391483026	4.707695960998535	14	15
282	281	323	322	-3.838496077864113	4.889352798461914	14	15
283	282	322	321	-14.477629878192008	5.55458402633667	14	15
284	283	321	320	-13.485353895631015	4.262612342834473	14	15
285	284	320	319	-5.857241683871779	5.437568187713623	14	15
286	285	319	318	-4.604820908185214	4.3512349128723145	14	15
287	286	318	317	-12.265769398543423	5.2614850997924805	14	15
288	287	317	316	-29.817305435078836	4.598048686981201	14	15
289	288	316	315	-19.79349629127133	4.897550106048584	14	15
290	289	315	314	-17.416617614361506	4.965786457061768	14	15
291	290	314	313	-29.266235427952758	5.185575008392334	14	15
292	291	313	312	14.61225061354969	4.794516086578369	14	15
319	318	22	21	-2.236589085844714	4.57072639465332	15	0
320	319	21	20	-12.691857088716796	5.503238201141357	15	0
321	320	20	19	6.137462059592582	4.2350897789001465	15	0
322	321	19	18	-13.345237252925342	5.48225212097168	15	0
323	322	18	17	-13.53903857052087	4.506092548370361	15	0
324	323	17	16	-13.84291462077701	5.131859302520752	15	0
