36	35	63	62	-24.77782941038808	4.953297138214111	0	1
37	36	62	61	-12.979355424505899	4.345706939697266	0	1
38	37	61	60	-30.35659022643057	5.144906044006348	0	1
39	38	60	59	-47.59869110434641	4.53684663772583	0	1
61	60	76	75	-14.426502198114969	5.1831536293029785	1	2
62	61	75	74	-22.975315416853253	4.688544273376465	1	2
63	62	74	73	-26.630982538857786	4.93617582321167	1	2
64	63	73	72	-13.965980633853325	4.603845119476318	1	2
71	70	91	90	11.118852633323373	4.863468170166016	2	3
72	71	90	89	-20.134576967305374	4.926272392272949	2	3
73	72	89	88	-26.456014787633396	4.731183052062988	2	3
74	73	88	87	-10.238585815672034	5.179206848144531	2	3
75	74	87	86	-29.73677345493472	4.637426853179932	2	3
91	90	101	100	-46.85226451359085	4.967001914978027	3	4
92	91	99	98	-16.054694970323865	5.072757244110107	3	4
93	92	99	98	-69.24995368127989	4.540543556213379	3	4
99	98	110	109	-16.18802676846307	4.761932849884033	4	5
100	99	109	108	-45.12144955944975	4.884401321411133	4	5
101	100	108	107	-59.87021811417455	4.990362644195557	4	5
106	105	127	126	-13.76859280819541	5.318227291107178	5	6
107	106	126	125	-65.66373675095562	4.264681339263916	5	6
108	107	126	125	21.340035898689344	5.167901039123535	5	6
109	108	125	124	-2.4363430390338388	5.108297824859619	5	6
110	109	124	123	-10.913324892834588	4.490418910980225	5	6
111	110	123	122	-21.378843948225477	5.033257007598877	5	6
112	111	122	121	-54.08551541349674	4.769735336303711	5	6
113	112	121	120	-41.62627170285465	5.513372421264648	5	6
114	113	121	120	-0.24078653450233312	5.2343363761901855	5	6
115	114	120	119	12.63669133487532	4.127626895904541	5	6
120	119	140	139	-6.487117978659847	4.350167274475098	6	7
121	120	139	138	-22.256265968370766	4.9355268478393555	6	7
122	121	138	137	-21.9961653107405	4.844157695770264	6	7
123	122	137	136	-15.990726439172473	5.147817611694336	6	7
124	123	136	135	-20.75756456829241	4.819077968597412	6	7
125	124	135	134	-21.144821067466037	4.917529106140137	6	7
126	125	134	133	-35.44435947617656	4.752472400665283	6	7
135	134	44	43	45.56231142351978	5.568794250488281	7	0
136	135	44	43	-14.549726049800904	4.323578834533691	7	0
137	136	43	42	-5.183479843706638	5.1322784423828125	7	0
138	137	42	41	-14.80829785775265	4.539840221405029	7	0
139	138	41	40	11.717160842569534	4.972602844238281	7	0
140	139	39	38	-38.32462562938388	4.637823581695557	7	0
141	140	38	37	-44.71902655946395	5.094348907470703	7	0
142	141	37	36	-98.08443710447875	4.690888404846191	7	0
167	166	43	42	43.78901810177257	5.398827075958252	7	0
168	167	43	42	-17.686842336797916	4.100379943847656	7	0
36	35	63	62	-24.77782941038808	4.953297138214111	0	1
37	36	62	61	-12.979355424505899	4.345706939697266	0	1
38	37	61	60	-30.35659022643057	5.144906044006348	0	1
39	38	60	59	-47.59869110434641	4.53684663772583	0	1
61	60	76	75	-14.426502198114969	5.1831536293029785	1	2
62	61	75	74	-22.975315416853253	4.688544273376465	1	2
63	62	74	73	-26.630982538857786	4.93617582321167	1	2
64	63	73	72	-13.965980633853325	4.603845119476318	1	2
71	70	91	90	11.118852633323373	4.863468170166016	2	3
72	71	90	89	-20.134576967305374	4.926272392272949	2	3
73	72	89	88	-26.456014787633396	4.731183052062988	2	3
74	73	88	87	-10.238585815672034	5.179206848144531	2	3
75	74	87	86	-29.73677345493472	4.637426853179932	2	3
91	90	101	100	-46.85226451359085	4.967001914978027	3	4
92	91	99	98	-16.054694970323865	5.072757244110107	3	4
93	92	99	98	-69.24995368127989	4.540543556213379	3	4
99	98	110	109	-16.18802676846307	4.761932849884033	4	5
100	99	109	108	-45.12144955944975	4.884401321411133	4	5
101	100	108	107	-59.87021811417455	4.990362644195557	4	5
106	105	127	126	-13.76859280819541	5.318227291107178	5	6
107	106	126	125	-65.66373675095562	4.264681339263916	5	6
108	107	126	125	21.340035898689344	5.167901039123535	5	6
109	108	125	124	-2.4363430390338388	5.108297824859619	5	6
110	109	124	123	-10.913324892834588	4.490418910980225	5	6
111	110	123	122	-21.378843948225477	5.033257007598877	5	6
112	111	122	121	-54.08551541349674	4.769735336303711	5	6
113	112	121	120	-41.62627170285465	5.513372421264648	5	6
114	113	121	120	-0.24078653450233312	5.2343363761901855	5	6
115	114	120	119	12.63669133487532	4.127626895904541	5	6
120	119	140	139	-6.487117978659847	4.350167274475098	6	7
121	120	139	138	-22.256265968370766	4.9355268478393555	6	7
122	121	138	137	-21.9961653107405	4.844157695770264	6	7
123	122	137	136	-15.990726439172473	5.147817611694336	6	7
124	123	136	135	-20.75756456829241	4.819077968597412	6	7
125	124	135	134	-21.144821067466037	4.917529106140137	6	7
126	125	134	133	-35.44435947617656	4.752472400665283	6	7
135	134	44	43	45.56231142351978	5.568794250488281	7	0
136	135	44	43	-14.549726049800904	4.323578834533691	7	0
137	136	43	42	-5.183479843706638	5.1322784423828125	7	0
138	137	42	41	-14.80829785775265	4.539840221405029	7	0
139	138	41	40	11.717160842569534	4.972602844238281	7	0
140	139	39	38	-38.32462562938388	4.637823581695557	7	0
141	140	38	37	-44.71902655946395	5.094348907470703	7	0
142	141	37	36	-98.08443710447875	4.690888404846191	7	0
167	166	43	42	43.78901810177257	5.398827075958252	7	0
168	167	43	42	-17.686842336797916	4.100379943847656	7	0
