40	39	55	54	-21.81841436998392	5.210147857666016	1	2
41	40	54	53	-24.518124575742053	4.6250457763671875	1	2
42	41	53	52	-14.674482141723905	4.970195293426514	1	2
52	51	64	62	-36.85103641560621	4.237933158874512	2	3
53	52	62	61	42.51459441870846	5.508647441864014	2	3
54	53	62	61	-23.54113638265007	4.184603691101074	2	3
68	67	86	85	88.32945913000196	4.944722652435303	3	4
69	68	86	85	-14.532682258339015	5.378697395324707	3	4
71	70	84	83	-39.69554874370649	4.733253479003906	3	4
83	82	97	96	-23.89395879301379	5.083482265472412	4	5
84	83	96	95	-4.4555750211985385	4.542218208312988	4	5
85	84	95	94	-10.418146843167305	5.454812526702881	4	5
86	85	94	93	-3.3278605812256754	4.332571983337402	4	5
93	92	107	106	-13.73792830801025	4.941821575164795	5	6
94	93	106	105	-21.096981908651536	4.821781635284424	5	6
95	94	105	104	-18.3888075610288	5.01285457611084	5	6
96	95	104	103	-9.967651698080644	4.686492919921875	5	6
105	104	119	118	-12.840670537345119	5.07628059387207	6	7
106	105	118	117	-11.83907885932659	4.480863571166992	6	7
107	106	117	116	-18.491420296264202	5.115523815155029	6	7
108	107	116	115	-14.231786991583052	4.381804943084717	6	7
115	114	129	128	-15.485865705985997	5.028461456298828	7	8
116	115	128	127	-20.339104702848957	4.616384983062744	7	8
117	116	127	126	-15.430739814744902	5.099967956542969	7	8
118	117	126	125	-26.385588943601583	4.51405143737793	7	8
126	125	14	13	-50.95281381161399	5.438694953918457	8	0
127	126	14	13	2.494642320019574	5.379339694976807	8	0
128	127	13	12	-11.54417876893027	4.268004894256592	8	0
129	128	12	11	14.548479293988105	5.328537940979004	8	0
40	39	55	54	-21.81841436998392	5.210147857666016	1	2
41	40	54	53	-24.518124575742053	4.6250457763671875	1	2
42	41	53	52	-14.674482141723905	4.970195293426514	1	2
52	51	64	62	-36.85103641560621	4.237933158874512	2	3
53	52	62	61	42.51459441870846	5.508647441864014	2	3
54	53	62	61	-23.54113638265007	4.184603691101074	2	3
68	67	86	85	88.32945913000196	4.944722652435303	3	4
69	68	86	85	-14.532682258339015	5.378697395324707	3	4
71	70	84	83	-39.69554874370649	4.733253479003906	3	4
83	82	97	96	-23.89395879301379	5.083482265472412	4	5
84	83	96	95	-4.4555750211985385	4.542218208312988	4	5
85	84	95	94	-10.418146843167305	5.454812526702881	4	5
86	85	94	93	-3.3278605812256754	4.332571983337402	4	5
93	92	107	106	-13.73792830801025	4.941821575164795	5	6
94	93	106	105	-21.096981908651536	4.821781635284424	5	6
95	94	105	104	-18.3888075610288	5.01285457611084	5	6
96	95	104	103	-9.967651698080644	4.686492919921875	5	6
105	104	119	118	-12.840670537345119	5.07628059387207	6	7
106	105	118	117	-11.83907885932659	4.480863571166992	6	7
107	106	117	116	-18.491420296264202	5.115523815155029	6	7
108	107	116	115	-14.231786991583052	4.381804943084717	6	7
115	114	129	128	-15.485865705985997	5.028461456298828	7	8
116	115	128	127	-20.339104702848957	4.616384983062744	7	8
117	116	127	126	-15.430739814744902	5.099967956542969	7	8
118	117	126	125	-26.385588943601583	4.51405143737793	7	8
126	125	14	13	-50.95281381161399	5.438694953918457	8	0
127	126	14	13	2.494642320019574	5.379339694976807	8	0
128	127	13	12	-11.54417876893027	4.268004894256592	8	0
129	128	12	11	14.548479293988105	5.328537940979004	8	0
