11	10	54	53	-11.075756729417185	4.705241680145264	0	1
12	11	53	52	-11.95824143933129	5.003476142883301	0	1
13	12	52	51	-13.068391196241722	4.866865158081055	0	1
14	13	51	50	-15.847122228244677	5.240082740783691	0	1
15	14	50	49	-11.820091533538372	4.559020042419434	0	1
16	15	49	48	-63.96197258432968	5.2053542137146	0	1
17	16	48	47	-60.12714701019556	5.262346267700195	0	1
18	17	49	48	-78.58006166451318	4.835081577301025	0	1
19	18	46	45	-29.02339170291679	4.222972869873047	0	1
20	19	45	44	19.273591696261025	5.4801859855651855	0	1
21	20	44	43	-24.307340683362504	4.667943000793457	0	1
40	39	77	76	-17.51315130525796	5.459609031677246	1	2
41	40	76	75	-37.390194276662584	4.325965881347656	1	2
42	41	75	74	-28.861753847030382	5.144474983215332	1	2
43	42	74	73	-21.458093800563386	4.824319362640381	1	2
44	43	72	71	18.525808966802746	5.7323808670043945	1	2
49	48	67	66	28.987032054221334	5.507201194763184	1	2
50	49	67	66	-36.410519426843834	4.450541019439697	1	2
51	50	66	65	-18.862570714580535	5.156552791595459	1	2
52	51	65	64	-3.238065489236811	4.4951171875	1	2
53	52	64	63	-8.843153860114086	5.2274250984191895	1	2
54	53	63	62	-26.235659707355346	4.374212741851807	1	2
55	54	61	60	9.381498108614457	5.236983776092529	1	2
56	55	61	60	-68.48189231469804	4.018219470977783	1	2
60	59	102	101	-32.820481156619884	4.609574317932129	2	3
61	60	101	100	-26.4795005881272	4.808296203613281	2	3
62	61	100	99	-33.54917305853454	4.847390651702881	2	3
63	62	99	98	-25.399273293476497	4.794992446899414	2	3
64	63	98	97	-17.433666816225752	5.105696678161621	2	3
65	64	97	96	-21.996797462473786	4.652447700500488	2	3
66	65	96	95	0.46150644074225267	4.950363636016846	2	3
67	66	95	94	18.019302643271956	4.894186019897461	2	3
70	69	93	92	-50.386677605651734	5.083360195159912	2	3
71	70	92	91	-24.52517488333345	5.129446983337402	2	3
72	71	91	90	-36.67961299160869	4.7738847732543945	2	3
73	72	90	89	-28.46918420467594	5.119366645812988	2	3
74	73	89	88	-32.87175127386808	4.612763404846191	2	3
75	74	88	87	15.132174154035782	5.241233825683594	2	3
76	75	86	85	-45.88066581881819	4.382060527801514	2	3
89	88	128	127	-76.425474298099	5.229674816131592	3	4
90	89	128	127	-16.460998273133136	5.070342540740967	3	4
91	90	127	126	29.697224914240095	4.585372447967529	3	4
92	91	125	124	-27.869183214010846	5.271223068237305	3	4
93	92	124	123	-17.012151104975317	4.415791034698486	3	4
94	93	122	121	53.01707459114439	5.502374172210693	3	4
95	94	122	121	-30.19122040332173	4.191300868988037	3	4
96	95	121	120	-21.398682514269762	5.619572162628174	3	4
97	96	120	119	-14.234997758539128	4.262640476226807	3	4
98	97	119	118	6.256643246125039	5.607942581176758	3	4
99	98	118	117	-56.13280383215539	4.148653030395508	3	4
100	99	116	115	13.774629485107253	5.2484283447265625	3	4
101	100	116	115	-32.84989211545972	4.193717956542969	3	4
102	101	114	113	18.73623995445201	5.32357120513916	3	4
113	112	156	155	-4.752983636944924	5.03442907333374	4	5
114	113	155	154	-42.02610476193151	3.960401773452759	4	5
115	114	154	153	-14.21102032946501	5.431743144989014	4	5
116	115	153	152	-7.687702154180741	4.539920330047607	4	5
117	116	152	151	-11.73428267303532	4.820828437805176	4	5
118	117	151	150	-10.836221600817934	4.447949409484863	4	5
119	118	150	149	-54.41382968535628	5.234506607055664	4	5
120	119	149	148	-52.19285580988715	4.75610876083374	4	5
121	120	148	147	-7.053162705772765	5.2337188720703125	4	5
122	121	147	146	-13.176880137188494	4.766476154327393	4	5
123	122	146	145	-6.32845885035244	5.013617992401123	4	5
124	123	145	144	-9.342900777378569	4.776543140411377	4	5
140	139	181	180	-58.391892679392086	5.1589579582214355	5	6
141	140	180	179	55.611321079023746	5.644381999969482	5	6
142	141	180	179	-19.514350677867213	4.45775032043457	5	6
143	142	179	178	-15.802307937365024	5.287281513214111	5	6
144	143	178	177	-21.15192186339724	4.523365497589111	5	6
145	144	177	176	-29.621306218200317	5.197573661804199	5	6
147	146	175	174	-60.34745907895558	5.656793594360352	5	6
149	148	173	172	-59.36296409595193	5.101461410522461	5	6
150	149	173	172	-8.14631915922198	5.471779823303223	5	6
151	150	172	171	1.941253680877187	4.4809393882751465	5	6
152	151	171	170	-17.690514114680266	5.486402988433838	5	6
153	152	170	169	-16.0061494701575	4.411254405975342	5	6
154	153	169	168	-12.848570326737322	5.493937969207764	5	6
155	154	168	167	22.67344157755712	3.9048800468444824	5	6
156	155	167	166	-3.0950844892401475	5.715791702270508	5	6
157	156	166	165	-28.35333200158522	4.691601276397705	5	6
163	162	209	208	-20.396245121603535	4.598769187927246	6	7
164	163	208	207	-33.594346525869426	4.571617603302002	6	7
165	164	207	206	-25.3252442576079	4.947041034698486	6	7
166	165	206	205	-46.31953776464914	4.322803974151611	6	7
167	166	205	204	-5.107397399870483	5.206230640411377	6	7
168	167	204	203	0.2745232012106217	4.512393474578857	6	7
169	168	203	202	-11.029747735782623	5.03367805480957	6	7
170	169	202	201	-12.734002296310956	4.577874660491943	6	7
171	170	201	200	-26.31547210172426	4.915895938873291	6	7
172	171	200	199	-18.75384678635657	4.669500350952148	6	7
173	172	198	197	89.32044625203108	5.629603862762451	6	7
174	173	198	197	-14.908392891874623	4.901852130889893	6	7
175	174	198	197	48.74575513245779	4.830406188964844	6	7
176	175	196	195	-8.179258246130699	4.322511672973633	6	7
177	176	195	194	-23.011777023441624	5.3048787117004395	6	7
178	177	194	193	-30.162606694337242	4.536999702453613	6	7
179	178	193	192	-5.817912552185694	5.226443767547607	6	7
180	179	192	191	-10.579492220583996	4.64725923538208	6	7
192	191	29	28	-75.67140713351193	5.407475471496582	7	0
193	192	29	28	-29.164389930605456	4.739385604858398	7	0
194	193	28	27	2.889399707111365	4.803329944610596	7	0
195	194	26	25	-1.9135471979729175	5.3267693519592285	7	0
196	195	25	24	-33.511370534567845	4.4313645362854	7	0
197	196	24	23	10.485448288314702	5.047455787658691	7	0
198	197	23	22	-28.76153619646126	4.439758777618408	7	0
199	198	22	21	-43.31056590407567	5.125667572021484	7	0
200	199	21	20	-40.527208716009824	3.808527708053589	7	0
201	200	20	19	-21.87457747982367	5.158990859985352	7	0
202	201	19	18	-9.098570183691203	4.542622089385986	7	0
203	202	18	17	-17.170412237791115	5.1032586097717285	7	0
204	203	17	16	-3.8128868928327893	4.492532730102539	7	0
205	204	15	14	-56.72681185468999	5.380910396575928	7	0
206	205	15	14	-24.538066162378737	3.7745361328125	7	0
207	206	13	12	9.249441471533927	5.548955917358398	7	0
208	207	13	12	-6.00934061004744	3.767198085784912	7	0
209	208	12	11	-15.501066573614809	5.373845100402832	7	0
210	209	11	10	-25.30937538925201	4.405862331390381	7	0
