17	16	54	53	-29.448594178255053	4.4110260009765625	0	1
18	17	53	52	-7.375039889911822	5.324606895446777	0	1
19	18	52	51	-13.7648540562204	4.5552592277526855	0	1
20	19	51	50	-14.855058648521654	4.959388256072998	0	1
21	20	50	49	-10.700935566434238	4.958319664001465	0	1
22	21	49	48	-10.835420189216467	4.78725528717041	0	1
23	22	48	47	-19.50431871183651	4.540474891662598	0	1
24	23	47	46	-11.249787087945398	5.1190104484558105	0	1
25	24	46	45	-5.810493040955843	4.689101696014404	0	1
26	25	45	44	-15.777736518562152	5.291160583496094	0	1
27	26	44	43	2.249540709987455	4.554504871368408	0	1
28	27	42	41	51.65825708845415	5.22210168838501	0	1
29	28	41	40	-96.06684970202933	4.856540203094482	0	1
30	29	39	38	14.376791184663984	4.5856733322143555	0	1
43	42	78	77	-10.598956441590307	5.19622278213501	1	2
44	43	77	76	-32.801964490768526	4.509480953216553	1	2
45	44	76	75	-9.036293585646872	5.268613338470459	1	2
46	45	75	74	-3.175474895377177	4.258113384246826	1	2
47	46	74	73	24.997973895659662	5.428175449371338	1	2
48	47	73	72	-50.95577373599217	4.454100608825684	1	2
49	48	72	71	-16.55401556326426	5.303353786468506	1	2
50	49	71	70	-17.963691318097812	4.14116096496582	1	2
51	50	70	69	-12.73359703123647	5.168895244598389	1	2
52	51	69	68	-3.9996733098559085	4.516591548919678	1	2
53	52	67	66	16.900866445042293	5.539252281188965	1	2
54	53	67	66	-22.465133336761983	4.290769100189209	1	2
55	54	65	64	42.23099303916491	5.380460739135742	1	2
56	55	65	64	-30.0804646734545	4.705981254577637	1	2
57	56	64	63	-24.217854442808264	5.168758392333984	1	2
58	57	63	62	-47.753636671821454	4.678443431854248	1	2
63	62	101	100	-19.742956171695575	4.61912202835083	2	3
64	63	100	99	-22.439537604275785	5.221745491027832	2	3
65	64	99	98	-15.268583886197547	4.741312026977539	2	3
66	65	97	96	62.42753083078706	4.950320720672607	2	3
67	66	97	96	-28.048703888758162	3.9939396381378174	2	3
68	67	96	95	-26.520852704933066	5.695583820343018	2	3
69	68	95	94	-16.536891056035437	4.588942527770996	2	3
70	69	94	93	-13.99593629245568	5.008286476135254	2	3
71	70	93	92	-14.813574490649328	5.212911605834961	2	3
72	71	91	90	-33.269145389494476	5.212421894073486	2	3
73	72	90	89	-10.043672233531636	4.146113395690918	2	3
74	73	88	87	38.19594764127419	5.447362899780273	2	3
75	74	88	87	-10.4623284552054	4.167120933532715	2	3
91	90	121	120	105.48979226335803	5.353672504425049	3	4
92	91	121	120	24.70520052998384	4.10440731048584	3	4
93	92	121	120	-48.67403109326061	4.0513529777526855	3	4
94	93	118	117	-24.175124951139892	5.622403144836426	3	4
95	94	117	116	-24.521382119993696	4.293131351470947	3	4
96	95	116	115	-31.716976267634497	5.199356555938721	3	4
97	96	115	114	25.929807262750174	4.769999027252197	3	4
99	98	113	112	-35.089281534015086	4.3401899337768555	3	4
100	99	112	111	-1.2931937558578848	5.3861403465271	3	4
101	100	111	110	-21.396729726369795	4.422386169433594	3	4
110	109	145	144	-1.5767329046653118	4.894166469573975	4	5
111	110	144	143	-17.49178904924043	4.83794641494751	4	5
112	111	143	142	-15.021667197260868	4.893449783325195	4	5
113	112	142	141	-9.545389998613864	4.277608871459961	4	5
114	113	141	140	-20.038959012224748	5.156793117523193	4	5
115	114	140	139	-16.26111903503918	4.77791690826416	4	5
116	115	139	138	-7.877774212491559	4.713320255279541	4	5
117	116	138	137	-9.97285499504043	4.824096202850342	4	5
138	137	163	162	-16.961359069570157	4.771401882171631	5	6
139	138	162	161	-7.513739582839932	5.310073375701904	5	6
140	139	161	160	-22.699968729189184	4.4131855964660645	5	6
141	140	160	159	-12.427833766180386	5.17183780670166	5	6
142	141	159	158	-15.061617314472025	4.413802146911621	5	6
143	142	158	157	-15.24508630542701	5.4026198387146	5	6
144	143	157	156	-4.035689426517003	4.427894115447998	5	6
145	144	156	155	-8.494774034859475	5.26166296005249	5	6
146	145	155	154	-15.254623667199624	4.5582594871521	5	6
147	146	154	153	-10.906120323508436	5.202638626098633	5	6
148	147	153	152	-38.58956394519372	4.23981237411499	5	6
153	152	190	189	-19.2969284627841	4.966750621795654	6	7
154	153	189	188	-23.563375157468904	5.186097621917725	6	7
155	154	188	187	-16.252357157398606	4.671737194061279	6	7
156	155	187	186	-7.424679436501505	4.991190433502197	6	7
157	156	186	185	-3.551411187606387	4.813016414642334	6	7
158	157	185	184	-3.450939135628478	4.992856979370117	6	7
159	158	184	183	-10.629032451692483	4.458518028259277	6	7
160	159	183	182	-5.056908130535008	4.728934288024902	6	7
161	160	182	181	-29.931861991213403	4.689218997955322	6	7
162	161	181	180	-24.37327373680029	5.204494953155518	6	7
163	162	180	179	-23.163308674727972	4.914046764373779	6	7
166	165	177	176	-13.809132212789189	4.798553466796875	6	7
178	177	211	210	-26.623851083767452	5.057003974914551	7	8
179	178	210	209	-22.475099932730096	4.421958923339844	7	8
180	179	208	207	65.64436371868246	4.621805191040039	7	8
181	180	208	207	57.54610201192133	5.14249849319458	7	8
182	181	208	207	35.95700111904723	4.14899206161499	7	8
183	182	206	205	-15.871034849582598	5.250473976135254	7	8
184	183	205	204	-7.543113474958076	4.283267498016357	7	8
185	184	204	203	-15.03335618117721	5.223897457122803	7	8
186	185	203	202	-9.539963211174783	4.50943660736084	7	8
187	186	202	201	2.346830441121547	5.372015476226807	7	8
188	187	201	200	-25.87743052796576	4.045475006103516	7	8
189	188	200	199	-7.05423179554965	5.585175514221191	7	8
190	189	199	198	-27.440115443160426	4.27995491027832	7	8
191	190	198	197	-6.611492840281886	5.125169277191162	7	8
192	191	197	196	-46.84858939273574	4.669654846191406	7	8
197	196	232	231	5.098776449661745	4.335349082946777	8	9
198	197	231	230	-5.914432706836606	5.547087669372559	8	9
199	198	230	229	-12.38336768471928	4.504486083984375	8	9
200	199	229	228	-15.030514132989582	5.0912017822265625	8	9
201	200	228	227	-11.726250606055384	4.598199367523193	8	9
202	201	227	226	-16.34082056791994	5.361783981323242	8	9
203	202	226	225	-35.192827028512916	4.297883987426758	8	9
204	203	225	224	-12.446675754354812	4.9845967292785645	8	9
205	204	224	223	-10.540039880689022	4.46628999710083	8	9
206	205	223	222	-2.248426610920674	5.458327293395996	8	9
223	222	251	250	-1.2177798297024702	5.203749656677246	9	10
224	223	250	249	14.383545858970079	4.416027069091797	9	10
225	224	249	248	25.945943742721454	5.3016815185546875	9	10
226	225	247	246	-24.97040888857286	4.141275882720947	9	10
227	226	245	244	13.37993610986496	5.720837593078613	9	10
228	227	245	244	-30.15212674655672	4.293393135070801	9	10
229	228	244	243	-16.593065594863194	5.263538837432861	9	10
230	229	243	242	-6.14745399524558	4.334107398986816	9	10
231	230	242	241	-9.648541146720168	5.600475311279297	9	10
232	231	241	240	-5.585461697185736	4.09254789352417	9	10
233	232	239	238	23.36566997758673	5.4188690185546875	9	10
234	233	239	238	-59.69828783834229	4.021051406860352	9	10
239	238	266	265	-17.317221742497182	4.8733391761779785	10	11
240	239	265	264	-14.264837674450677	4.943719387054443	10	11
241	240	264	263	-12.821805907294982	4.825447082519531	10	11
242	241	263	262	-14.374862150388324	4.96543550491333	10	11
243	242	262	261	-8.65040654002615	4.812201499938965	10	11
244	243	261	260	-18.08365662050527	4.81535005569458	10	11
245	244	260	259	-12.005126416726617	4.877145767211914	10	11
260	259	25	24	-7.777674833174376	4.301154136657715	11	0
261	260	24	23	-2.8879993374448514	5.170841693878174	11	0
262	261	23	22	-9.421508607422743	4.409827709197998	11	0
263	262	22	21	-13.6318812043917	5.11972713470459	11	0
264	263	21	20	-10.184969269415717	4.530857563018799	11	0
265	264	20	19	-8.8186319609736	5.103969097137451	11	0
266	265	19	18	-17.192497074512584	4.589881420135498	11	0
267	266	18	17	-10.503566146281688	5.213078022003174	11	0
268	267	17	16	-34.333691587037556	4.569997787475586	11	0
17	16	54	53	-29.448594178255053	4.4110260009765625	0	1
18	17	53	52	-7.375039889911822	5.324606895446777	0	1
19	18	52	51	-13.7648540562204	4.5552592277526855	0	1
20	19	51	50	-14.855058648521654	4.959388256072998	0	1
21	20	50	49	-10.700935566434238	4.958319664001465	0	1
22	21	49	48	-10.835420189216467	4.78725528717041	0	1
23	22	48	47	-19.50431871183651	4.540474891662598	0	1
24	23	47	46	-11.249787087945398	5.1190104484558105	0	1
25	24	46	45	-5.810493040955843	4.689101696014404	0	1
26	25	45	44	-15.777736518562152	5.291160583496094	0	1
27	26	44	43	2.249540709987455	4.554504871368408	0	1
28	27	42	41	51.65825708845415	5.22210168838501	0	1
29	28	41	40	-96.06684970202933	4.856540203094482	0	1
30	29	39	38	14.376791184663984	4.5856733322143555	0	1
43	42	78	77	-10.598956441590307	5.19622278213501	1	2
44	43	77	76	-32.801964490768526	4.509480953216553	1	2
45	44	76	75	-9.036293585646872	5.268613338470459	1	2
46	45	75	74	-3.175474895377177	4.258113384246826	1	2
47	46	74	73	24.997973895659662	5.428175449371338	1	2
48	47	73	72	-50.95577373599217	4.454100608825684	1	2
49	48	72	71	-16.55401556326426	5.303353786468506	1	2
50	49	71	70	-17.963691318097812	4.14116096496582	1	2
51	50	70	69	-12.73359703123647	5.168895244598389	1	2
52	51	69	68	-3.9996733098559085	4.516591548919678	1	2
53	52	67	66	16.900866445042293	5.539252281188965	1	2
54	53	67	66	-22.465133336761983	4.290769100189209	1	2
55	54	65	64	42.23099303916491	5.380460739135742	1	2
56	55	65	64	-30.0804646734545	4.705981254577637	1	2
57	56	64	63	-24.217854442808264	5.168758392333984	1	2
58	57	63	62	-47.753636671821454	4.678443431854248	1	2
63	62	101	100	-19.742956171695575	4.61912202835083	2	3
64	63	100	99	-22.439537604275785	5.221745491027832	2	3
65	64	99	98	-15.268583886197547	4.741312026977539	2	3
66	65	97	96	62.42753083078706	4.950320720672607	2	3
67	66	97	96	-28.048703888758162	3.9939396381378174	2	3
68	67	96	95	-26.520852704933066	5.695583820343018	2	3
69	68	95	94	-16.536891056035437	4.588942527770996	2	3
70	69	94	93	-13.99593629245568	5.008286476135254	2	3
71	70	93	92	-14.813574490649328	5.212911605834961	2	3
72	71	91	90	-33.269145389494476	5.212421894073486	2	3
73	72	90	89	-10.043672233531636	4.146113395690918	2	3
74	73	88	87	38.19594764127419	5.447362899780273	2	3
75	74	88	87	-10.4623284552054	4.167120933532715	2	3
91	90	121	120	105.48979226335803	5.353672504425049	3	4
92	91	121	120	24.70520052998384	4.10440731048584	3	4
93	92	121	120	-48.67403109326061	4.0513529777526855	3	4
94	93	118	117	-24.175124951139892	5.622403144836426	3	4
95	94	117	116	-24.521382119993696	4.293131351470947	3	4
96	95	116	115	-31.716976267634497	5.199356555938721	3	4
97	96	115	114	25.929807262750174	4.769999027252197	3	4
99	98	113	112	-35.089281534015086	4.3401899337768555	3	4
100	99	112	111	-1.2931937558578848	5.3861403465271	3	4
101	100	111	110	-21.396729726369795	4.422386169433594	3	4
110	109	145	144	-1.5767329046653118	4.894166469573975	4	5
111	110	144	143	-17.49178904924043	4.83794641494751	4	5
112	111	143	142	-15.021667197260868	4.893449783325195	4	5
113	112	142	141	-9.545389998613864	4.277608871459961	4	5
114	113	141	140	-20.038959012224748	5.156793117523193	4	5
115	114	140	139	-16.26111903503918	4.77791690826416	4	5
116	115	139	138	-7.877774212491559	4.713320255279541	4	5
117	116	138	137	-9.97285499504043	4.824096202850342	4	5
138	137	163	162	-16.961359069570157	4.771401882171631	5	6
139	138	162	161	-7.513739582839932	5.310073375701904	5	6
140	139	161	160	-22.699968729189184	4.4131855964660645	5	6
141	140	160	159	-12.427833766180386	5.17183780670166	5	6
142	141	159	158	-15.061617314472025	4.413802146911621	5	6
143	142	158	157	-15.24508630542701	5.4026198387146	5	6
144	143	157	156	-4.035689426517003	4.427894115447998	5	6
145	144	156	155	-8.494774034859475	5.26166296005249	5	6
146	145	155	154	-15.254623667199624	4.5582594871521	5	6
147	146	154	153	-10.906120323508436	5.202638626098633	5	6
148	147	153	152	-38.58956394519372	4.23981237411499	5	6
153	152	190	189	-19.2969284627841	4.966750621795654	6	7
154	153	189	188	-23.563375157468904	5.186097621917725	6	7
155	154	188	187	-16.252357157398606	4.671737194061279	6	7
156	155	187	186	-7.424679436501505	4.991190433502197	6	7
157	156	186	185	-3.551411187606387	4.813016414642334	6	7
158	157	185	184	-3.450939135628478	4.992856979370117	6	7
159	158	184	183	-10.629032451692483	4.458518028259277	6	7
160	159	183	182	-5.056908130535008	4.728934288024902	6	7
161	160	182	181	-29.931861991213403	4.689218997955322	6	7
162	161	181	180	-24.37327373680029	5.204494953155518	6	7
163	162	180	179	-23.163308674727972	4.914046764373779	6	7
166	165	177	176	-13.809132212789189	4.798553466796875	6	7
178	177	211	210	-26.623851083767452	5.057003974914551	7	8
179	178	210	209	-22.475099932730096	4.421958923339844	7	8
180	179	208	207	65.64436371868246	4.621805191040039	7	8
181	180	208	207	57.54610201192133	5.14249849319458	7	8
182	181	208	207	35.95700111904723	4.14899206161499	7	8
183	182	206	205	-15.871034849582598	5.250473976135254	7	8
184	183	205	204	-7.543113474958076	4.283267498016357	7	8
185	184	204	203	-15.03335618117721	5.223897457122803	7	8
186	185	203	202	-9.539963211174783	4.50943660736084	7	8
187	186	202	201	2.346830441121547	5.372015476226807	7	8
188	187	201	200	-25.87743052796576	4.045475006103516	7	8
189	188	200	199	-7.05423179554965	5.585175514221191	7	8
190	189	199	198	-27.440115443160426	4.27995491027832	7	8
191	190	198	197	-6.611492840281886	5.125169277191162	7	8
192	191	197	196	-46.84858939273574	4.669654846191406	7	8
197	196	232	231	5.098776449661745	4.335349082946777	8	9
198	197	231	230	-5.914432706836606	5.547087669372559	8	9
199	198	230	229	-12.38336768471928	4.504486083984375	8	9
200	199	229	228	-15.030514132989582	5.0912017822265625	8	9
201	200	228	227	-11.726250606055384	4.598199367523193	8	9
202	201	227	226	-16.34082056791994	5.361783981323242	8	9
203	202	226	225	-35.192827028512916	4.297883987426758	8	9
204	203	225	224	-12.446675754354812	4.9845967292785645	8	9
205	204	224	223	-10.540039880689022	4.46628999710083	8	9
206	205	223	222	-2.248426610920674	5.458327293395996	8	9
223	222	251	250	-1.2177798297024702	5.203749656677246	9	10
224	223	250	249	14.383545858970079	4.416027069091797	9	10
225	224	249	248	25.945943742721454	5.3016815185546875	9	10
226	225	247	246	-24.97040888857286	4.141275882720947	9	10
227	226	245	244	13.37993610986496	5.720837593078613	9	10
228	227	245	244	-30.15212674655672	4.293393135070801	9	10
229	228	244	243	-16.593065594863194	5.263538837432861	9	10
230	229	243	242	-6.14745399524558	4.334107398986816	9	10
231	230	242	241	-9.648541146720168	5.600475311279297	9	10
232	231	241	240	-5.585461697185736	4.09254789352417	9	10
233	232	239	238	23.36566997758673	5.4188690185546875	9	10
234	233	239	238	-59.69828783834229	4.021051406860352	9	10
239	238	266	265	-17.317221742497182	4.8733391761779785	10	11
240	239	265	264	-14.264837674450677	4.943719387054443	10	11
241	240	264	263	-12.821805907294982	4.825447082519531	10	11
242	241	263	262	-14.374862150388324	4.96543550491333	10	11
243	242	262	261	-8.65040654002615	4.812201499938965	10	11
244	243	261	260	-18.08365662050527	4.81535005569458	10	11
245	244	260	259	-12.005126416726617	4.877145767211914	10	11
260	259	25	24	-7.777674833174376	4.301154136657715	11	0
261	260	24	23	-2.8879993374448514	5.170841693878174	11	0
262	261	23	22	-9.421508607422743	4.409827709197998	11	0
263	262	22	21	-13.6318812043917	5.11972713470459	11	0
264	263	21	20	-10.184969269415717	4.530857563018799	11	0
265	264	20	19	-8.8186319609736	5.103969097137451	11	0
266	265	19	18	-17.192497074512584	4.589881420135498	11	0
267	266	18	17	-10.503566146281688	5.213078022003174	11	0
268	267	17	16	-34.333691587037556	4.569997787475586	11	0
17	16	54	53	-29.448594178255053	4.4110260009765625	0	1
18	17	53	52	-7.375039889911822	5.324606895446777	0	1
19	18	52	51	-13.7648540562204	4.5552592277526855	0	1
20	19	51	50	-14.855058648521654	4.959388256072998	0	1
21	20	50	49	-10.700935566434238	4.958319664001465	0	1
22	21	49	48	-10.835420189216467	4.78725528717041	0	1
23	22	48	47	-19.50431871183651	4.540474891662598	0	1
24	23	47	46	-11.249787087945398	5.1190104484558105	0	1
25	24	46	45	-5.810493040955843	4.689101696014404	0	1
26	25	45	44	-15.777736518562152	5.291160583496094	0	1
27	26	44	43	2.249540709987455	4.554504871368408	0	1
28	27	42	41	51.65825708845415	5.22210168838501	0	1
29	28	41	40	-96.06684970202933	4.856540203094482	0	1
30	29	39	38	14.376791184663984	4.5856733322143555	0	1
43	42	78	77	-10.598956441590307	5.19622278213501	1	2
44	43	77	76	-32.801964490768526	4.509480953216553	1	2
45	44	76	75	-9.036293585646872	5.268613338470459	1	2
46	45	75	74	-3.175474895377177	4.258113384246826	1	2
47	46	74	73	24.997973895659662	5.428175449371338	1	2
48	47	73	72	-50.95577373599217	4.454100608825684	1	2
49	48	72	71	-16.55401556326426	5.303353786468506	1	2
50	49	71	70	-17.963691318097812	4.14116096496582	1	2
51	50	70	69	-12.73359703123647	5.168895244598389	1	2
52	51	69	68	-3.9996733098559085	4.516591548919678	1	2
53	52	67	66	16.900866445042293	5.539252281188965	1	2
54	53	67	66	-22.465133336761983	4.290769100189209	1	2
55	54	65	64	42.23099303916491	5.380460739135742	1	2
56	55	65	64	-30.0804646734545	4.705981254577637	1	2
57	56	64	63	-24.217854442808264	5.168758392333984	1	2
58	57	63	62	-47.753636671821454	4.678443431854248	1	2
63	62	101	100	-19.742956171695575	4.61912202835083	2	3
64	63	100	99	-22.439537604275785	5.221745491027832	2	3
65	64	99	98	-15.268583886197547	4.741312026977539	2	3
66	65	97	96	62.42753083078706	4.950320720672607	2	3
67	66	97	96	-28.048703888758162	3.9939396381378174	2	3
68	67	96	95	-26.520852704933066	5.695583820343018	2	3
69	68	95	94	-16.536891056035437	4.588942527770996	2	3
70	69	94	93	-13.99593629245568	5.008286476135254	2	3
71	70	93	92	-14.813574490649328	5.212911605834961	2	3
72	71	91	90	-33.269145389494476	5.212421894073486	2	3
73	72	90	89	-10.043672233531636	4.146113395690918	2	3
74	73	88	87	38.19594764127419	5.447362899780273	2	3
75	74	88	87	-10.4623284552054	4.167120933532715	2	3
91	90	121	120	105.48979226335803	5.353672504425049	3	4
92	91	121	120	24.70520052998384	4.10440731048584	3	4
93	92	121	120	-48.67403109326061	4.0513529777526855	3	4
94	93	118	117	-24.175124951139892	5.622403144836426	3	4
95	94	117	116	-24.521382119993696	4.293131351470947	3	4
96	95	116	115	-31.716976267634497	5.199356555938721	3	4
97	96	115	114	25.929807262750174	4.769999027252197	3	4
99	98	113	112	-35.089281534015086	4.3401899337768555	3	4
100	99	112	111	-1.2931937558578848	5.3861403465271	3	4
101	100	111	110	-21.396729726369795	4.422386169433594	3	4
110	109	145	144	-1.5767329046653118	4.894166469573975	4	5
111	110	144	143	-17.49178904924043	4.83794641494751	4	5
112	111	143	142	-15.021667197260868	4.893449783325195	4	5
113	112	142	141	-9.545389998613864	4.277608871459961	4	5
114	113	141	140	-20.038959012224748	5.156793117523193	4	5
115	114	140	139	-16.26111903503918	4.77791690826416	4	5
116	115	139	138	-7.877774212491559	4.713320255279541	4	5
117	116	138	137	-9.97285499504043	4.824096202850342	4	5
138	137	163	162	-16.961359069570157	4.771401882171631	5	6
139	138	162	161	-7.513739582839932	5.310073375701904	5	6
140	139	161	160	-22.699968729189184	4.4131855964660645	5	6
141	140	160	159	-12.427833766180386	5.17183780670166	5	6
142	141	159	158	-15.061617314472025	4.413802146911621	5	6
143	142	158	157	-15.24508630542701	5.4026198387146	5	6
144	143	157	156	-4.035689426517003	4.427894115447998	5	6
145	144	156	155	-8.494774034859475	5.26166296005249	5	6
146	145	155	154	-15.254623667199624	4.5582594871521	5	6
147	146	154	153	-10.906120323508436	5.202638626098633	5	6
148	147	153	152	-38.58956394519372	4.23981237411499	5	6
153	152	190	189	-19.2969284627841	4.966750621795654	6	7
154	153	189	188	-23.563375157468904	5.186097621917725	6	7
155	154	188	187	-16.252357157398606	4.671737194061279	6	7
156	155	187	186	-7.424679436501505	4.991190433502197	6	7
157	156	186	185	-3.551411187606387	4.813016414642334	6	7
158	157	185	184	-3.450939135628478	4.992856979370117	6	7
159	158	184	183	-10.629032451692483	4.458518028259277	6	7
160	159	183	182	-5.056908130535008	4.728934288024902	6	7
161	160	182	181	-29.931861991213403	4.689218997955322	6	7
162	161	181	180	-24.37327373680029	5.204494953155518	6	7
163	162	180	179	-23.163308674727972	4.914046764373779	6	7
166	165	177	176	-13.809132212789189	4.798553466796875	6	7
178	177	211	210	-26.623851083767452	5.057003974914551	7	8
179	178	210	209	-22.475099932730096	4.421958923339844	7	8
180	179	208	207	65.64436371868246	4.621805191040039	7	8
181	180	208	207	57.54610201192133	5.14249849319458	7	8
182	181	208	207	35.95700111904723	4.14899206161499	7	8
183	182	206	205	-15.871034849582598	5.250473976135254	7	8
184	183	205	204	-7.543113474958076	4.283267498016357	7	8
185	184	204	203	-15.03335618117721	5.223897457122803	7	8
186	185	203	202	-9.539963211174783	4.50943660736084	7	8
187	186	202	201	2.346830441121547	5.372015476226807	7	8
188	187	201	200	-25.87743052796576	4.045475006103516	7	8
189	188	200	199	-7.05423179554965	5.585175514221191	7	8
190	189	199	198	-27.440115443160426	4.27995491027832	7	8
191	190	198	197	-6.611492840281886	5.125169277191162	7	8
192	191	197	196	-46.84858939273574	4.669654846191406	7	8
197	196	232	231	5.098776449661745	4.335349082946777	8	9
198	197	231	230	-5.914432706836606	5.547087669372559	8	9
199	198	230	229	-12.38336768471928	4.504486083984375	8	9
200	199	229	228	-15.030514132989582	5.0912017822265625	8	9
201	200	228	227	-11.726250606055384	4.598199367523193	8	9
202	201	227	226	-16.34082056791994	5.361783981323242	8	9
203	202	226	225	-35.192827028512916	4.297883987426758	8	9
204	203	225	224	-12.446675754354812	4.9845967292785645	8	9
205	204	224	223	-10.540039880689022	4.46628999710083	8	9
206	205	223	222	-2.248426610920674	5.458327293395996	8	9
223	222	251	250	-1.2177798297024702	5.203749656677246	9	10
224	223	250	249	14.383545858970079	4.416027069091797	9	10
225	224	249	248	25.945943742721454	5.3016815185546875	9	10
226	225	247	246	-24.97040888857286	4.141275882720947	9	10
227	226	245	244	13.37993610986496	5.720837593078613	9	10
228	227	245	244	-30.15212674655672	4.293393135070801	9	10
229	228	244	243	-16.593065594863194	5.263538837432861	9	10
230	229	243	242	-6.14745399524558	4.334107398986816	9	10
231	230	242	241	-9.648541146720168	5.600475311279297	9	10
232	231	241	240	-5.585461697185736	4.09254789352417	9	10
233	232	239	238	23.36566997758673	5.4188690185546875	9	10
234	233	239	238	-59.69828783834229	4.021051406860352	9	10
239	238	266	265	-17.317221742497182	4.8733391761779785	10	11
240	239	265	264	-14.264837674450677	4.943719387054443	10	11
241	240	264	263	-12.821805907294982	4.825447082519531	10	11
242	241	263	262	-14.374862150388324	4.96543550491333	10	11
243	242	262	261	-8.65040654002615	4.812201499938965	10	11
244	243	261	260	-18.08365662050527	4.81535005569458	10	11
245	244	260	259	-12.005126416726617	4.877145767211914	10	11
260	259	25	24	-7.777674833174376	4.301154136657715	11	0
261	260	24	23	-2.8879993374448514	5.170841693878174	11	0
262	261	23	22	-9.421508607422743	4.409827709197998	11	0
263	262	22	21	-13.6318812043917	5.11972713470459	11	0
264	263	21	20	-10.184969269415717	4.530857563018799	11	0
265	264	20	19	-8.8186319609736	5.103969097137451	11	0
266	265	19	18	-17.192497074512584	4.589881420135498	11	0
267	266	18	17	-10.503566146281688	5.213078022003174	11	0
268	267	17	16	-34.333691587037556	4.569997787475586	11	0
