18	17	41	40	-15.91159548424102	5.340145111083984	0	1
19	18	40	39	-19.892242134087073	4.479060173034668	0	1
20	19	39	38	-14.600569535578252	5.106849193572998	0	1
21	20	38	37	-2.0308158950254227	4.408437728881836	0	1
22	21	37	36	-43.450578835684844	5.323921203613281	0	1
23	22	36	35	-25.432969968827628	4.307615756988525	0	1
24	23	35	34	-28.086657839344046	5.412309646606445	0	1
25	24	34	33	-27.684264189584123	4.091520309448242	0	1
36	35	56	55	-72.75545709433884	5.467756271362305	1	2
37	36	56	55	-18.826019032828913	5.230484485626221	1	2
38	37	55	54	-17.50842013907872	4.338037014007568	1	2
39	38	54	53	-8.732296405438042	5.461929798126221	1	2
40	39	53	52	-10.159404487752882	4.416445732116699	1	2
41	40	52	51	-3.665926645499778	5.470813274383545	1	2
42	41	51	50	-21.077262347572198	4.754491806030273	1	2
49	48	72	71	-7.161664915425097	4.189958095550537	2	3
50	49	71	70	-22.742285845682936	4.984485149383545	2	3
51	50	70	69	-53.74761879086204	4.670023441314697	2	3
52	51	69	68	11.233296022315812	5.407599449157715	2	3
53	52	68	67	-1.2246952146527377	4.390452861785889	2	3
54	53	67	66	8.347972914268501	5.232413291931152	2	3
55	54	66	65	-16.681505813719237	4.335322380065918	2	3
56	55	65	64	1.5290445682909968	5.392239570617676	2	3
68	67	85	84	-20.78851192264554	4.8491411209106445	3	4
69	68	83	82	-18.30886894758245	5.496857643127441	3	4
70	69	83	82	21.48900868602827	4.4694108963012695	3	4
71	70	82	81	-13.63362166441604	5.244781970977783	3	4
72	71	81	80	-21.17406242364936	4.521346569061279	3	4
73	72	80	79	-25.24737885723009	5.011556625366211	3	4
78	77	96	95	0.9964560044827133	5.403205871582031	4	5
79	78	96	95	-52.42795550707796	4.4540114402771	4	5
80	79	95	94	-6.027324494902998	5.356406211853027	4	5
81	80	94	93	-23.875651949073717	4.642589569091797	4	5
82	81	93	92	-8.142947237967912	5.0738067626953125	4	5
83	82	92	91	-8.616141202736044	4.611568450927734	4	5
84	83	91	90	-15.246450388876388	5.112009525299072	4	5
85	84	90	89	-19.897232212846234	4.628378868103027	4	5
90	89	117	116	-66.76643477100515	5.520206451416016	5	6
91	90	117	116	-10.905090945481492	4.863990306854248	5	6
92	91	116	115	1.1681571952879133	4.598600387573242	5	6
93	92	114	113	73.24057883359183	4.868283271789551	5	6
94	93	110	109	-66.38513414112568	4.217416286468506	5	6
95	94	108	107	-10.388576673271555	5.032576084136963	5	6
96	95	108	107	20.01687309948373	4.174985408782959	5	6
97	96	107	106	-23.440142607567925	5.676833152770996	5	6
98	97	106	105	-0.16833216410721938	4.19224739074707	5	6
105	104	134	133	-9.111496196336624	5.082363128662109	6	7
106	105	133	132	-15.964295443179154	4.626285076141357	6	7
107	106	132	131	-5.681211148602791	5.062677383422852	6	7
108	107	131	130	-4.069330626101815	4.700727939605713	6	7
109	108	130	129	-13.525488307660302	5.146626949310303	6	7
110	109	129	128	5.962158694976029	4.164741516113281	6	7
111	110	128	127	58.72289422506024	5.547961711883545	6	7
127	126	146	145	-47.918766430690624	5.558804512023926	7	8
128	127	146	145	-4.737353398106877	4.911093711853027	7	8
129	128	145	144	-16.537935729502713	4.624809265136719	7	8
130	129	144	143	-14.485314338784136	5.093490123748779	7	8
131	130	143	142	-11.354560240286848	4.541903972625732	7	8
132	131	142	141	-0.8635302937228992	5.306195259094238	7	8
133	132	141	140	-25.44392230592836	4.377747058868408	7	8
134	133	140	139	-7.423785966821722	5.327415943145752	7	8
140	139	160	159	-16.81742881202398	5.101004600524902	8	9
141	140	159	158	-1.391124473066335	4.324493408203125	8	9
142	141	157	156	53.90620390494395	5.377018451690674	8	9
143	142	157	156	-15.327703152058579	4.329146385192871	8	9
144	143	156	155	2.8607542388494087	5.103395938873291	8	9
156	155	26	25	-8.382851062035476	5.091472148895264	9	0
157	156	25	24	-14.834495167196716	4.399250507354736	9	0
158	157	23	22	-10.687612290389295	5.435693740844727	9	0
159	158	23	22	-28.662958700831467	3.7178242206573486	9	0
160	159	21	20	-17.18321077013506	5.696056842803955	9	0
161	160	21	20	-60.9458844448131	3.942937135696411	9	0
162	161	19	18	9.49931868362974	5.21601676940918	9	0
163	162	19	18	-58.096537513046414	4.472480297088623	9	0
18	17	41	40	-15.91159548424102	5.340145111083984	0	1
19	18	40	39	-19.892242134087073	4.479060173034668	0	1
20	19	39	38	-14.600569535578252	5.106849193572998	0	1
21	20	38	37	-2.0308158950254227	4.408437728881836	0	1
22	21	37	36	-43.450578835684844	5.323921203613281	0	1
23	22	36	35	-25.432969968827628	4.307615756988525	0	1
24	23	35	34	-28.086657839344046	5.412309646606445	0	1
25	24	34	33	-27.684264189584123	4.091520309448242	0	1
36	35	56	55	-72.75545709433884	5.467756271362305	1	2
37	36	56	55	-18.826019032828913	5.230484485626221	1	2
38	37	55	54	-17.50842013907872	4.338037014007568	1	2
39	38	54	53	-8.732296405438042	5.461929798126221	1	2
40	39	53	52	-10.159404487752882	4.416445732116699	1	2
41	40	52	51	-3.665926645499778	5.470813274383545	1	2
42	41	51	50	-21.077262347572198	4.754491806030273	1	2
49	48	72	71	-7.161664915425097	4.189958095550537	2	3
50	49	71	70	-22.742285845682936	4.984485149383545	2	3
51	50	70	69	-53.74761879086204	4.670023441314697	2	3
52	51	69	68	11.233296022315812	5.407599449157715	2	3
53	52	68	67	-1.2246952146527377	4.390452861785889	2	3
54	53	67	66	8.347972914268501	5.232413291931152	2	3
55	54	66	65	-16.681505813719237	4.335322380065918	2	3
56	55	65	64	1.5290445682909968	5.392239570617676	2	3
68	67	85	84	-20.78851192264554	4.8491411209106445	3	4
69	68	83	82	-18.30886894758245	5.496857643127441	3	4
70	69	83	82	21.48900868602827	4.4694108963012695	3	4
71	70	82	81	-13.63362166441604	5.244781970977783	3	4
72	71	81	80	-21.17406242364936	4.521346569061279	3	4
73	72	80	79	-25.24737885723009	5.011556625366211	3	4
78	77	96	95	0.9964560044827133	5.403205871582031	4	5
79	78	96	95	-52.42795550707796	4.4540114402771	4	5
80	79	95	94	-6.027324494902998	5.356406211853027	4	5
81	80	94	93	-23.875651949073717	4.642589569091797	4	5
82	81	93	92	-8.142947237967912	5.0738067626953125	4	5
83	82	92	91	-8.616141202736044	4.611568450927734	4	5
84	83	91	90	-15.246450388876388	5.112009525299072	4	5
85	84	90	89	-19.897232212846234	4.628378868103027	4	5
90	89	117	116	-66.76643477100515	5.520206451416016	5	6
91	90	117	116	-10.905090945481492	4.863990306854248	5	6
92	91	116	115	1.1681571952879133	4.598600387573242	5	6
93	92	114	113	73.24057883359183	4.868283271789551	5	6
94	93	110	109	-66.38513414112568	4.217416286468506	5	6
95	94	108	107	-10.388576673271555	5.032576084136963	5	6
96	95	108	107	20.01687309948373	4.174985408782959	5	6
97	96	107	106	-23.440142607567925	5.676833152770996	5	6
98	97	106	105	-0.16833216410721938	4.19224739074707	5	6
105	104	134	133	-9.111496196336624	5.082363128662109	6	7
106	105	133	132	-15.964295443179154	4.626285076141357	6	7
107	106	132	131	-5.681211148602791	5.062677383422852	6	7
108	107	131	130	-4.069330626101815	4.700727939605713	6	7
109	108	130	129	-13.525488307660302	5.146626949310303	6	7
110	109	129	128	5.962158694976029	4.164741516113281	6	7
111	110	128	127	58.72289422506024	5.547961711883545	6	7
127	126	146	145	-47.918766430690624	5.558804512023926	7	8
128	127	146	145	-4.737353398106877	4.911093711853027	7	8
129	128	145	144	-16.537935729502713	4.624809265136719	7	8
130	129	144	143	-14.485314338784136	5.093490123748779	7	8
131	130	143	142	-11.354560240286848	4.541903972625732	7	8
132	131	142	141	-0.8635302937228992	5.306195259094238	7	8
133	132	141	140	-25.44392230592836	4.377747058868408	7	8
134	133	140	139	-7.423785966821722	5.327415943145752	7	8
140	139	160	159	-16.81742881202398	5.101004600524902	8	9
141	140	159	158	-1.391124473066335	4.324493408203125	8	9
142	141	157	156	53.90620390494395	5.377018451690674	8	9
143	142	157	156	-15.327703152058579	4.329146385192871	8	9
144	143	156	155	2.8607542388494087	5.103395938873291	8	9
156	155	26	25	-8.382851062035476	5.091472148895264	9	0
157	156	25	24	-14.834495167196716	4.399250507354736	9	0
158	157	23	22	-10.687612290389295	5.435693740844727	9	0
159	158	23	22	-28.662958700831467	3.7178242206573486	9	0
160	159	21	20	-17.18321077013506	5.696056842803955	9	0
161	160	21	20	-60.9458844448131	3.942937135696411	9	0
162	161	19	18	9.49931868362974	5.21601676940918	9	0
163	162	19	18	-58.096537513046414	4.472480297088623	9	0
