55	54	67	66	5.354668614718576	5.392230987548828	0	1
56	55	67	66	-61.5232901088132	4.160027503967285	0	1
57	56	67	66	22.74404316902577	5.026374340057373	0	1
58	57	66	65	4.183914724729654	5.153257369995117	0	1
59	58	65	64	-21.89378188365206	4.69411563873291	0	1
65	64	59	58	-20.68627363980069	4.9644694328308105	1	0
66	65	58	57	4.619001141880552	4.69411563873291	1	0
67	66	57	56	22.2097424551172	5.153257369995117	1	0
68	67	55	54	-19.170339987142427	4.160027503967285	1	0
55	54	67	66	5.354668614718576	5.392230987548828	0	1
56	55	67	66	-61.5232901088132	4.160027503967285	0	1
57	56	67	66	22.74404316902577	5.026374340057373	0	1
58	57	66	65	4.183914724729654	5.153257369995117	0	1
59	58	65	64	-21.89378188365206	4.69411563873291	0	1
65	64	59	58	-20.68627363980069	4.9644694328308105	1	0
66	65	58	57	4.619001141880552	4.69411563873291	1	0
67	66	57	56	22.2097424551172	5.153257369995117	1	0
68	67	55	54	-19.170339987142427	4.160027503967285	1	0
