41	40	55	54	-20.994034546861364	5.301839351654053	1	2
42	41	54	53	-14.54149909754219	4.477216720581055	1	2
43	42	53	52	-10.243977347555449	5.118170261383057	1	2
52	51	64	63	-11.11211725748034	4.205733776092529	2	3
53	52	63	62	-0.6436062497695731	5.438482284545898	2	3
54	53	62	61	-13.119098163050214	4.491016387939453	2	3
68	67	85	84	42.88631860111454	5.29651403427124	3	4
69	68	85	84	-44.12383570788469	5.680657863616943	3	4
71	70	84	83	-36.96545568752759	4.377341270446777	3	4
83	82	97	96	-23.454364859491044	5.078436851501465	4	5
84	83	96	95	-15.109812647268743	4.462866306304932	4	5
85	84	95	94	-27.324282675768018	5.226787567138672	4	5
93	92	106	105	-11.891795258657613	5.418463230133057	5	6
94	93	105	104	-19.893885781772795	4.485657215118408	5	6
95	94	104	103	-5.378281307242158	4.999826908111572	5	6
96	95	103	102	-16.478646056953544	4.511948108673096	5	6
103	102	118	117	-65.15920579505715	5.660472869873047	6	7
104	103	118	117	-9.682046594657272	5.409081935882568	6	7
105	104	117	116	-9.043290573821416	4.553203582763672	6	7
106	105	116	115	-17.32570627891591	5.103476047515869	6	7
107	106	115	114	-6.740640770890705	4.48169469833374	6	7
114	113	128	127	-14.652321265542328	5.005431652069092	7	8
115	114	127	126	-25.414144051532663	4.757169723510742	7	8
116	115	126	125	-17.137698766015596	5.040818691253662	7	8
117	116	125	124	-21.842668301112695	4.63835334777832	7	8
125	124	15	14	-52.69547106388186	5.58201789855957	8	0
126	125	15	14	5.0338484252659725	5.209151744842529	8	0
127	126	14	13	-9.851193187408416	4.41379976272583	8	0
128	127	13	12	12.228455188392921	4.980958938598633	8	0
41	40	55	54	-20.994034546861364	5.301839351654053	1	2
42	41	54	53	-14.54149909754219	4.477216720581055	1	2
43	42	53	52	-10.243977347555449	5.118170261383057	1	2
52	51	64	63	-11.11211725748034	4.205733776092529	2	3
53	52	63	62	-0.6436062497695731	5.438482284545898	2	3
54	53	62	61	-13.119098163050214	4.491016387939453	2	3
68	67	85	84	42.88631860111454	5.29651403427124	3	4
69	68	85	84	-44.12383570788469	5.680657863616943	3	4
71	70	84	83	-36.96545568752759	4.377341270446777	3	4
83	82	97	96	-23.454364859491044	5.078436851501465	4	5
84	83	96	95	-15.109812647268743	4.462866306304932	4	5
85	84	95	94	-27.324282675768018	5.226787567138672	4	5
93	92	106	105	-11.891795258657613	5.418463230133057	5	6
94	93	105	104	-19.893885781772795	4.485657215118408	5	6
95	94	104	103	-5.378281307242158	4.999826908111572	5	6
96	95	103	102	-16.478646056953544	4.511948108673096	5	6
103	102	118	117	-65.15920579505715	5.660472869873047	6	7
104	103	118	117	-9.682046594657272	5.409081935882568	6	7
105	104	117	116	-9.043290573821416	4.553203582763672	6	7
106	105	116	115	-17.32570627891591	5.103476047515869	6	7
107	106	115	114	-6.740640770890705	4.48169469833374	6	7
114	113	128	127	-14.652321265542328	5.005431652069092	7	8
115	114	127	126	-25.414144051532663	4.757169723510742	7	8
116	115	126	125	-17.137698766015596	5.040818691253662	7	8
117	116	125	124	-21.842668301112695	4.63835334777832	7	8
125	124	15	14	-52.69547106388186	5.58201789855957	8	0
126	125	15	14	5.0338484252659725	5.209151744842529	8	0
127	126	14	13	-9.851193187408416	4.41379976272583	8	0
128	127	13	12	12.228455188392921	4.980958938598633	8	0
