10	9	41	40	-11.880218874820116	5.169817924499512	0	1
11	10	40	39	-7.880074709113389	4.521363258361816	0	1
12	11	39	38	-5.5162898760505925	5.087087154388428	0	1
13	12	38	37	-31.94944192755996	4.446467399597168	0	1
14	13	37	36	-19.868813349789363	5.400691509246826	0	1
15	14	36	35	-14.568147262032925	4.45115327835083	0	1
16	15	35	34	-8.992950393882271	5.121486186981201	0	1
17	16	34	33	-32.64944601663832	5.390911102294922	0	1
18	17	33	32	-76.94303817748035	5.635970592498779	0	1
20	19	30	29	-14.895949131149546	5.365009784698486	0	1
21	20	29	28	-1.725862564856123	4.622816562652588	0	1
22	21	28	27	-22.805670263751214	4.94622802734375	0	1
28	27	64	63	-26.797230285630473	5.171177387237549	1	2
29	28	63	62	-25.72530987596967	4.532802104949951	1	2
30	29	61	60	11.771905713103546	5.402768135070801	1	2
31	30	61	60	-42.12572315798847	4.188732147216797	1	2
32	31	60	59	-44.99092154070111	5.25343132019043	1	2
33	32	59	58	65.14181999976748	5.246310710906982	1	2
34	33	59	58	-20.546121878815654	4.2895050048828125	1	2
35	34	58	57	-8.004529950225432	5.566056728363037	1	2
36	35	57	56	-14.670655404536713	4.0604166984558105	1	2
37	36	56	55	-6.73721052449901	5.485439300537109	1	2
38	37	55	54	-3.1825568366016443	3.808868885040283	1	2
39	38	54	53	-3.4343924294405057	5.485415458679199	1	2
40	39	53	52	-11.63568788852333	4.483938694000244	1	2
41	40	52	51	-4.661657850862427	5.154314041137695	1	2
42	41	51	50	-21.91666327953574	4.573409080505371	1	2
48	47	99	98	-27.811308705926233	4.8787031173706055	2	3
49	48	98	97	-24.314445155368393	4.550200462341309	2	3
50	49	97	96	-44.71820942723777	4.923984050750732	2	3
51	50	96	95	-39.45820547956297	4.789129734039307	2	3
52	51	95	94	-2.8490867138414315	5.201047420501709	2	3
53	52	94	93	1.4264840381517796	4.5291056632995605	2	3
54	53	93	92	3.4588543441186195	4.811817169189453	2	3
55	54	92	91	-0.1830497679081062	4.448842525482178	2	3
56	55	91	90	-10.948293969143185	5.095461845397949	2	3
57	56	90	89	-16.97759359234281	4.512261867523193	2	3
58	57	89	88	-18.63885097604623	4.785840034484863	2	3
59	58	88	87	-6.796262461014924	4.4804840087890625	2	3
60	59	87	86	-29.73306679384122	5.337470531463623	2	3
61	60	86	85	-35.69155294781483	4.3428053855896	2	3
62	61	85	84	-64.72815504427156	4.822411060333252	2	3
63	62	83	82	14.538211349319074	4.353817462921143	2	3
87	86	121	120	30.02314539230104	5.5951457023620605	3	4
88	87	121	120	-22.460840207248804	4.338678359985352	3	4
89	88	120	119	-13.344491887124075	5.433090686798096	3	4
90	89	119	118	-7.873114424051351	4.248150825500488	3	4
91	90	118	117	-1.8294544961504013	5.349477291107178	3	4
92	91	117	116	0.8984755857294214	4.445353984832764	3	4
93	92	116	115	-2.068239426170153	5.124802589416504	3	4
94	93	115	114	-19.611642516952937	4.256033420562744	3	4
96	95	113	112	-43.74281651199956	3.8313629627227783	3	4
97	96	111	110	19.08256270483697	5.4168500900268555	3	4
98	97	111	110	-30.93288874184582	4.117516994476318	3	4
99	98	110	109	-11.94831238776666	5.552796363830566	3	4
100	99	109	108	-10.525408480798964	4.213887691497803	3	4
107	106	147	146	-7.28816806441127	4.567777156829834	4	5
108	107	146	145	-19.121128541183097	5.020922660827637	4	5
109	108	145	144	-21.16960059011773	4.656421661376953	4	5
110	109	144	143	-2.753510375029955	5.322365760803223	4	5
111	110	143	142	-10.375045271777472	4.284696102142334	4	5
112	111	142	141	-17.0803431867486	5.231960296630859	4	5
113	112	141	140	-4.026245448755372	4.204829692840576	4	5
114	113	140	139	-40.88818892191671	5.466902732849121	4	5
115	114	139	138	-39.17808835412409	4.5722198486328125	4	5
116	115	138	137	-32.050770295389526	5.0895094871521	4	5
117	116	137	136	-11.906160812387542	4.687126636505127	4	5
118	117	136	135	-10.01664017126264	5.1284966468811035	4	5
119	118	135	134	13.560303438993003	4.344647407531738	4	5
120	119	134	133	-4.229874938827048	5.242250442504883	4	5
121	120	133	132	-9.961427335075996	4.363021373748779	4	5
122	121	132	131	-21.9817163887447	5.5009260177612305	4	5
132	131	172	171	-5.8489788136346785	5.636627674102783	5	6
133	132	171	170	-14.016146506699137	4.642321586608887	5	6
134	133	170	169	-19.455765286171985	4.933890342712402	5	6
135	134	169	168	-19.041716811750444	4.754336357116699	5	6
136	135	168	167	-5.321100240404159	5.343813896179199	5	6
137	136	167	166	6.646241507835348	4.026661396026611	5	6
138	137	166	165	21.736064821222165	5.246079444885254	5	6
139	138	164	163	-28.878955667869622	4.199757099151611	5	6
140	139	163	162	-19.390149502517822	5.326816558837891	5	6
141	140	162	161	-15.484214345258591	4.419624328613281	5	6
142	141	161	160	-8.833672944962787	5.463064670562744	5	6
143	142	160	159	-9.174888048909699	4.052208423614502	5	6
144	143	159	158	-4.99461292627552	5.466638565063477	5	6
145	144	158	157	-5.546401507500672	4.065508842468262	5	6
146	145	156	155	56.942470735238	5.530422210693359	5	6
147	146	156	155	-20.709007818041886	4.652384281158447	5	6
155	154	198	197	-23.466131930162902	5.257898807525635	6	7
156	155	197	196	-14.923842771169465	4.53971529006958	6	7
157	156	196	195	-5.733690035060064	4.924415588378906	6	7
158	157	195	194	-33.63872011201394	3.8887112140655518	6	7
159	158	194	193	-6.33775495193713	5.418292045593262	6	7
160	159	193	192	-1.8002628083224914	4.403714179992676	6	7
161	160	192	191	-5.319983123588345	5.2028889656066895	6	7
162	161	191	190	-20.75473989416967	4.183039665222168	6	7
163	162	190	189	3.8355040153476514	4.949274063110352	6	7
164	163	189	188	-28.072334915800003	4.344603538513184	6	7
165	164	187	186	92.50836087507487	5.166020393371582	6	7
168	167	187	186	7.291060889971776	4.835440158843994	6	7
169	168	185	184	-44.327448515984415	4.316045761108398	6	7
170	169	184	183	-11.30138147220711	5.234040260314941	6	7
171	170	183	182	3.6112593203915444	4.410578727722168	6	7
189	188	218	217	18.043497393374732	4.224137783050537	7	8
190	189	217	216	-20.610509382426088	5.56809663772583	7	8
191	190	216	215	12.79655089627259	4.079548358917236	7	8
192	191	215	214	-7.295460169938162	5.595193386077881	7	8
193	192	214	213	-4.719506748225841	4.224799156188965	7	8
194	193	213	212	-14.108314412604727	5.349815368652344	7	8
195	194	212	211	16.81121415159213	3.988973617553711	7	8
196	195	210	209	-8.549343788665018	5.587165832519531	7	8
197	196	210	209	-62.90979310985497	4.3518500328063965	7	8
198	197	208	207	21.346013460815648	5.395121097564697	7	8
199	198	208	207	-13.544928124980162	3.8724966049194336	7	8
207	206	252	251	-28.179035119270086	4.920777320861816	8	9
208	207	251	250	-23.569114430889336	4.732264041900635	8	9
209	208	250	249	-13.665588451092558	5.2407546043396	8	9
210	209	249	248	4.132898876708204	4.230052471160889	8	9
211	210	247	246	15.572901574477429	5.44863748550415	8	9
212	211	247	246	-42.247392757355826	4.415757656097412	8	9
213	212	246	245	-13.848720882100658	5.388473987579346	8	9
214	213	245	244	-9.32348372502198	4.761387825012207	8	9
215	214	244	243	-8.932572698722284	4.995144367218018	8	9
216	215	243	242	-6.545824482548531	4.498390197753906	8	9
217	216	242	241	-9.381177487049177	4.993368148803711	8	9
218	217	241	240	-6.0334039334101375	4.481990814208984	8	9
242	241	22	21	-8.103628139468606	5.440120697021484	9	0
243	242	21	20	-27.564286403747825	4.309759616851807	9	0
244	243	20	19	-12.623830540776826	5.480434417724609	9	0
245	244	19	18	-7.800168341083075	4.451214790344238	9	0
246	245	18	17	-17.146487375728896	5.361468315124512	9	0
247	246	17	16	-6.542135214253779	3.90976619720459	9	0
248	247	16	15	-14.769853577796793	5.466084003448486	9	0
249	248	15	14	-29.778995541428795	4.370606899261475	9	0
250	249	13	12	13.146199710015752	5.496257305145264	9	0
251	250	13	12	-17.706323415670155	3.9332618713378906	9	0
252	251	11	10	40.97904982825155	5.529990196228027	9	0
253	252	11	10	-32.843018187782256	4.344053745269775	9	0
