39	38	53	52	-24.38233360467602	5.082092761993408	1	2
40	39	52	51	-24.310556602287054	4.515199184417725	1	2
41	40	51	50	-7.919379043571592	4.98119592666626	1	2
42	41	50	49	1.9717768885513731	4.618104934692383	1	2
49	48	64	63	-8.016199794430863	5.360426425933838	2	3
50	49	63	62	-22.273006775229348	4.471613883972168	2	3
51	50	62	61	-13.01379993863564	5.133107662200928	2	3
52	51	61	60	-12.644743678578314	4.2982177734375	2	3
53	52	60	59	-6.294435319761907	5.241226673126221	2	3
54	53	59	58	-30.63975960725104	4.538753032684326	2	3
67	66	84	83	37.47186917612556	5.118899822235107	3	4
70	69	83	82	-51.86044757091158	4.512785911560059	3	4
85	84	93	92	-35.68972173534359	4.86380672454834	4	5
92	91	102	101	-8.02995640647663	5.227423667907715	5	6
93	92	101	100	-19.704789305901237	4.592360496520996	5	6
100	99	114	113	-12.660735299932016	5.171064376831055	6	7
101	100	113	112	-0.6623033023067851	4.320558071136475	6	7
102	101	112	111	-10.806456916864816	5.146353244781494	6	7
103	102	111	110	-12.569220771449707	4.329631328582764	6	7
110	109	124	123	-12.15356777793688	5.061670780181885	7	8
111	110	123	122	-13.044285132450927	4.589240074157715	7	8
112	111	122	121	-9.703733482163734	5.116833209991455	7	8
113	112	121	120	-15.13257748994173	4.418605804443359	7	8
121	120	13	12	-50.38444398980577	5.410843372344971	8	0
122	121	13	12	-1.2123795045107997	4.931335926055908	8	0
123	122	12	11	-16.63631503036876	4.345188140869141	8	0
124	123	11	10	10.010274052108828	5.084969997406006	8	0
125	124	9	8	-46.59588767092535	3.8933537006378174	8	0
39	38	53	52	-24.38233360467602	5.082092761993408	1	2
40	39	52	51	-24.310556602287054	4.515199184417725	1	2
41	40	51	50	-7.919379043571592	4.98119592666626	1	2
42	41	50	49	1.9717768885513731	4.618104934692383	1	2
49	48	64	63	-8.016199794430863	5.360426425933838	2	3
50	49	63	62	-22.273006775229348	4.471613883972168	2	3
51	50	62	61	-13.01379993863564	5.133107662200928	2	3
52	51	61	60	-12.644743678578314	4.2982177734375	2	3
53	52	60	59	-6.294435319761907	5.241226673126221	2	3
54	53	59	58	-30.63975960725104	4.538753032684326	2	3
67	66	84	83	37.47186917612556	5.118899822235107	3	4
70	69	83	82	-51.86044757091158	4.512785911560059	3	4
85	84	93	92	-35.68972173534359	4.86380672454834	4	5
92	91	102	101	-8.02995640647663	5.227423667907715	5	6
93	92	101	100	-19.704789305901237	4.592360496520996	5	6
100	99	114	113	-12.660735299932016	5.171064376831055	6	7
101	100	113	112	-0.6623033023067851	4.320558071136475	6	7
102	101	112	111	-10.806456916864816	5.146353244781494	6	7
103	102	111	110	-12.569220771449707	4.329631328582764	6	7
110	109	124	123	-12.15356777793688	5.061670780181885	7	8
111	110	123	122	-13.044285132450927	4.589240074157715	7	8
112	111	122	121	-9.703733482163734	5.116833209991455	7	8
113	112	121	120	-15.13257748994173	4.418605804443359	7	8
121	120	13	12	-50.38444398980577	5.410843372344971	8	0
122	121	13	12	-1.2123795045107997	4.931335926055908	8	0
123	122	12	11	-16.63631503036876	4.345188140869141	8	0
124	123	11	10	10.010274052108828	5.084969997406006	8	0
125	124	9	8	-46.59588767092535	3.8933537006378174	8	0
