11	10	37	36	27.38457510022915	5.122095584869385	0	1
12	11	37	36	-35.128024822428536	4.522644996643066	0	1
13	12	36	35	-33.96405489122577	5.07181978225708	0	1
36	35	51	50	-15.903674489164274	5.123959541320801	1	2
37	36	50	49	-13.572873315934165	4.411153316497803	1	2
38	37	49	48	-19.747189997786194	5.020482540130615	1	2
39	38	48	47	-19.05341528180959	4.686187744140625	1	2
40	39	47	46	-23.151493281769937	5.378251075744629	1	2
41	40	46	45	-37.167540839248076	4.3243408203125	1	2
46	45	66	65	-16.368873236109323	4.4401984214782715	2	3
47	46	65	64	-21.85136245097894	5.387600898742676	2	3
48	47	64	63	-28.670791990968485	4.126997470855713	2	3
49	48	63	62	-8.943474107432023	5.3217244148254395	2	3
50	49	62	61	-36.787649423750075	4.396392822265625	2	3
51	50	61	60	-8.787704990281597	5.469176292419434	2	3
52	51	60	59	-15.604317261869534	4.603893756866455	2	3
66	65	77	76	-52.51902222499334	4.695605278015137	3	4
76	75	84	83	-22.98331639236543	5.243096828460693	4	5
77	76	83	82	-9.325646084937501	4.518738269805908	4	5
82	81	102	101	-10.019709770230733	5.627256393432617	5	6
83	82	101	100	-17.347657002123334	4.3545145988464355	5	6
84	83	100	99	-14.625293766627637	5.155062198638916	5	6
85	84	99	98	-18.431848635063123	4.4678497314453125	5	6
86	85	98	97	-26.982239390918643	5.137239933013916	5	6
87	86	97	96	-52.76300560792729	4.653948783874512	5	6
88	87	96	95	-41.10904115029759	5.45576810836792	5	6
89	88	96	95	-1.858075910391682	5.168437957763672	5	6
90	89	95	94	19.053496334644723	4.19362735748291	5	6
95	94	115	114	-1.3069577841113387	4.320806503295898	6	7
96	95	114	113	-21.344611482999824	5.041006088256836	6	7
97	96	113	112	-26.192716053267095	4.827559471130371	6	7
98	97	112	111	-17.831526419575248	5.245212554931641	6	7
99	98	111	110	-26.550579841582206	4.468776226043701	6	7
100	99	110	109	-9.933259590702031	5.253075122833252	6	7
101	100	109	108	-24.18603153944506	4.551004886627197	6	7
111	110	19	18	-18.723622061518842	5.000219345092773	7	0
112	111	18	17	-10.76669621874833	4.909120559692383	7	0
113	112	17	16	-16.765095152556103	4.544192314147949	7	0
114	113	16	15	13.766317926235283	5.106884002685547	7	0
115	114	14	13	-39.34419587632314	4.510683536529541	7	0
116	115	13	12	-41.99094242371651	5.257210731506348	7	0
117	116	12	11	-100.07167482271099	4.728157997131348	7	0
142	141	18	17	43.87140500547163	5.419312000274658	7	0
143	142	18	17	-25.064283895978562	4.409770488739014	7	0
11	10	37	36	27.38457510022915	5.122095584869385	0	1
12	11	37	36	-35.128024822428536	4.522644996643066	0	1
13	12	36	35	-33.96405489122577	5.07181978225708	0	1
36	35	51	50	-15.903674489164274	5.123959541320801	1	2
37	36	50	49	-13.572873315934165	4.411153316497803	1	2
38	37	49	48	-19.747189997786194	5.020482540130615	1	2
39	38	48	47	-19.05341528180959	4.686187744140625	1	2
40	39	47	46	-23.151493281769937	5.378251075744629	1	2
41	40	46	45	-37.167540839248076	4.3243408203125	1	2
46	45	66	65	-16.368873236109323	4.4401984214782715	2	3
47	46	65	64	-21.85136245097894	5.387600898742676	2	3
48	47	64	63	-28.670791990968485	4.126997470855713	2	3
49	48	63	62	-8.943474107432023	5.3217244148254395	2	3
50	49	62	61	-36.787649423750075	4.396392822265625	2	3
51	50	61	60	-8.787704990281597	5.469176292419434	2	3
52	51	60	59	-15.604317261869534	4.603893756866455	2	3
66	65	77	76	-52.51902222499334	4.695605278015137	3	4
76	75	84	83	-22.98331639236543	5.243096828460693	4	5
77	76	83	82	-9.325646084937501	4.518738269805908	4	5
82	81	102	101	-10.019709770230733	5.627256393432617	5	6
83	82	101	100	-17.347657002123334	4.3545145988464355	5	6
84	83	100	99	-14.625293766627637	5.155062198638916	5	6
85	84	99	98	-18.431848635063123	4.4678497314453125	5	6
86	85	98	97	-26.982239390918643	5.137239933013916	5	6
87	86	97	96	-52.76300560792729	4.653948783874512	5	6
88	87	96	95	-41.10904115029759	5.45576810836792	5	6
89	88	96	95	-1.858075910391682	5.168437957763672	5	6
90	89	95	94	19.053496334644723	4.19362735748291	5	6
95	94	115	114	-1.3069577841113387	4.320806503295898	6	7
96	95	114	113	-21.344611482999824	5.041006088256836	6	7
97	96	113	112	-26.192716053267095	4.827559471130371	6	7
98	97	112	111	-17.831526419575248	5.245212554931641	6	7
99	98	111	110	-26.550579841582206	4.468776226043701	6	7
100	99	110	109	-9.933259590702031	5.253075122833252	6	7
101	100	109	108	-24.18603153944506	4.551004886627197	6	7
111	110	19	18	-18.723622061518842	5.000219345092773	7	0
112	111	18	17	-10.76669621874833	4.909120559692383	7	0
113	112	17	16	-16.765095152556103	4.544192314147949	7	0
114	113	16	15	13.766317926235283	5.106884002685547	7	0
115	114	14	13	-39.34419587632314	4.510683536529541	7	0
116	115	13	12	-41.99094242371651	5.257210731506348	7	0
117	116	12	11	-100.07167482271099	4.728157997131348	7	0
142	141	18	17	43.87140500547163	5.419312000274658	7	0
143	142	18	17	-25.064283895978562	4.409770488739014	7	0
