786	785	814	813	-14.204364027706083	5.1525187492370605	0	1
787	786	813	812	-15.614138610229029	4.546591281890869	0	1
788	787	812	811	-8.003561709357054	5.228817939758301	0	1
789	788	811	810	-9.824608272851972	4.705105304718018	0	1
790	789	810	809	-16.84639143172471	5.097252368927002	0	1
791	790	809	808	-12.508468424204246	4.506318092346191	0	1
792	791	808	807	-10.92218417133889	5.081099033355713	0	1
793	792	807	806	-30.52504024917424	4.669073104858398	0	1
794	793	806	805	-41.75901744701677	5.170712947845459	0	1
795	794	805	804	46.02963110879864	4.803019046783447	0	1
796	795	804	803	10.249804995019003	5.308934211730957	0	1
804	803	833	832	42.8662810434517	4.646549701690674	1	2
805	804	833	832	-24.103185397920385	4.493289470672607	1	2
806	805	832	831	-17.579959119913827	5.289069175720215	1	2
807	806	831	830	4.358331159974107	4.364917278289795	1	2
808	807	830	829	-6.3419261469817565	5.2127885818481445	1	2
809	808	829	828	-13.509598554012634	4.469059467315674	1	2
810	809	828	827	-17.527683559521087	5.064850807189941	1	2
811	810	827	826	-9.44366200519432	4.4938859939575195	1	2
812	811	826	825	-3.224728594246598	5.347715854644775	1	2
813	812	825	824	-8.665038555754627	4.427955627441406	1	2
814	813	824	823	-9.629804386352445	5.287898063659668	1	2
815	814	823	822	-24.323171068685696	4.4475555419921875	1	2
822	821	873	872	28.70908050014353	5.465849876403809	2	3
823	822	873	872	-37.64638485887416	4.125675201416016	2	3
824	823	872	871	1.8714098392315541	5.457065582275391	2	3
825	824	871	870	-15.57283420832747	4.633333206176758	2	3
826	825	870	869	-12.99637763490832	5.056616306304932	2	3
827	826	869	868	-25.646353038711926	4.404197692871094	2	3
828	827	868	867	-10.85558047647914	5.187300205230713	2	3
829	828	867	866	-32.33465584927944	4.362179756164551	2	3
830	829	866	865	6.52124259392225	5.430239677429199	2	3
831	830	865	864	-21.862818059975446	4.253955841064453	2	3
832	831	864	863	11.591959631041284	5.456900119781494	2	3
833	832	863	862	-28.806071462107642	4.260030269622803	2	3
867	866	886	885	-133.584373312529	4.514121055603027	3	4
868	867	886	885	-3.1520127149278316	4.389101028442383	3	4
869	868	886	885	-30.197221854330525	4.179511070251465	3	4
870	869	883	882	19.922331559335095	5.486374378204346	3	4
871	870	883	882	-21.26504436537003	3.8767144680023193	3	4
872	871	881	880	15.140439187551497	5.588517665863037	3	4
873	872	881	880	17.013525809179182	3.9101006984710693	3	4
874	873	879	878	50.76457336260568	5.63497257232666	3	4
878	877	901	900	-22.735605908521578	5.15242338180542	4	5
879	878	900	899	-0.12315814134536461	4.463974952697754	4	5
880	879	899	898	-3.7070870962121827	5.2516632080078125	4	5
881	880	898	897	7.648737182102461	4.2239227294921875	4	5
882	881	896	895	28.228475742689323	5.077096462249756	4	5
883	882	896	895	-35.5517662766662	4.180323600769043	4	5
884	883	895	894	-51.17004114217188	5.246829032897949	4	5
885	884	894	893	-27.908820351477136	4.426331996917725	4	5
886	885	893	892	20.578241929203035	5.526193141937256	4	5
892	891	926	925	73.19004401166802	5.259932518005371	5	6
896	895	915	914	5.171219253852221	5.105346202850342	5	6
897	896	915	914	-1.4695938734496459	5.448022842407227	5	6
898	897	914	913	4.538488334836046	4.043368339538574	5	6
899	898	913	912	-5.529509216873235	5.529595851898193	5	6
900	899	912	911	-15.705417824487762	4.057769775390625	5	6
901	900	911	910	-17.528359415599684	5.435244083404541	5	6
902	901	910	909	-15.5788544928111	4.229005813598633	5	6
909	908	952	951	-20.91716975900254	4.960773944854736	6	7
910	909	951	950	-8.310383247746884	4.4385294914245605	6	7
911	910	950	949	-8.917031679916771	5.189881324768066	6	7
912	911	949	948	-12.64811755638867	4.60050106048584	6	7
913	912	948	947	-12.492599761155823	5.342055320739746	6	7
914	913	947	946	-33.31596203792339	4.34685754776001	6	7
915	914	946	945	-9.546163918030397	5.6493940353393555	6	7
916	915	945	944	-6.642873957762615	4.341990947723389	6	7
917	916	944	943	-36.376521486405466	5.241569519042969	6	7
918	917	943	942	-50.65283327726494	4.414506435394287	6	7
924	923	940	939	-176.87843177876036	5.079023361206055	6	7
925	924	941	940	142.84573267112242	4.840032577514648	6	7
926	925	941	940	83.96800075551204	4.933661937713623	6	7
927	926	941	940	10.132620236608583	4.817171573638916	6	7
928	927	940	939	-40.850572116451104	3.954052209854126	6	7
943	942	971	970	-64.41802155370256	5.298334121704102	7	8
944	943	971	970	-24.628723002722808	5.462771415710449	7	8
945	944	970	969	-29.489485125809093	4.6953043937683105	7	8
946	945	969	968	-29.626794387833446	5.162036418914795	7	8
947	946	968	967	4.916078157432318	3.89290714263916	7	8
948	947	966	965	34.26141595016657	5.691623210906982	7	8
949	948	966	965	-6.502118138289451	4.020434379577637	7	8
950	949	965	964	-5.089290091463253	5.453073501586914	7	8
951	950	964	963	-16.85425830697615	4.209327220916748	7	8
952	951	963	962	-1.2507815591409608	5.277104377746582	7	8
953	952	962	961	-25.897567239523582	4.331076145172119	7	8
961	960	988	987	-16.000150742976878	5.32076358795166	8	9
962	961	987	986	-7.805477933531399	4.3400139808654785	8	9
963	962	986	985	-6.418257759245882	5.283226013183594	8	9
964	963	985	984	-7.291887340296293	4.192187309265137	8	9
965	964	984	983	-3.376965806466457	5.108269214630127	8	9
966	965	983	982	-8.892701818555466	4.687260150909424	8	9
967	966	982	981	-19.9404301210052	5.329983711242676	8	9
968	967	981	980	-5.43625881161708	4.152326583862305	8	9
969	968	980	979	-5.141284825442285	5.421755790710449	8	9
970	969	979	978	-44.228357156158424	4.387739658355713	8	9
980	979	1011	1010	-27.432161612288382	5.6016011238098145	9	10
981	980	1010	1009	-4.92315838764776	4.21771240234375	9	10
982	981	1009	1008	-0.36632182387134327	5.557957172393799	9	10
983	982	1008	1007	-6.285792709683766	4.418040752410889	9	10
984	983	1007	1006	-7.878164223769972	5.158095359802246	9	10
985	984	1006	1005	-7.469607616103658	4.371517658233643	9	10
986	985	1005	1004	-12.380900839099336	5.306941986083984	9	10
987	986	1004	1003	1.9087527740358805	4.2405924797058105	9	10
988	987	1003	1002	1.2909199826022826	5.329494953155518	9	10
989	988	1002	1001	-35.34346242267065	4.05911111831665	9	10
990	989	1001	1000	-20.86749695081744	5.528016090393066	9	10
991	990	1000	999	-57.950535666100436	4.484574794769287	9	10
992	991	999	998	-32.68993173166937	5.4948201179504395	9	10
997	996	1042	1041	9.053387310189484	5.235646724700928	10	11
998	997	1041	1040	-5.243478861362393	4.410816192626953	10	11
999	998	1040	1039	-8.13470665432608	5.182775020599365	10	11
1000	999	1039	1038	-6.121944337619841	4.510595798492432	10	11
1001	1000	1038	1037	-4.004400239774617	5.229293346405029	10	11
1002	1001	1037	1036	-6.571758875413274	4.407509803771973	10	11
1003	1002	1036	1035	-37.9399201277917	5.397908687591553	10	11
1004	1003	1035	1034	-29.287641023776054	4.758465766906738	10	11
1005	1004	1034	1033	-16.186662202605216	5.0526509284973145	10	11
1006	1005	1033	1032	-3.032070711519963	4.5895280838012695	10	11
1007	1006	1032	1031	-3.2649798573503492	5.109154224395752	10	11
1008	1007	1031	1030	-8.102306737188767	4.7171220779418945	10	11
1009	1008	1030	1029	-16.78641358772117	4.935317516326904	10	11
1029	1028	1061	1060	2.5815619233244176	5.140307903289795	11	12
1030	1029	1060	1059	7.941714561592253	4.987310886383057	11	12
1031	1030	1059	1058	2.2876087160994807	4.690903663635254	11	12
1032	1031	1058	1057	-0.5676917166854745	5.102589130401611	11	12
1033	1032	1057	1056	-15.035126889785383	4.198920249938965	11	12
1034	1033	1056	1055	-7.879639448127923	5.438620567321777	11	12
1035	1034	1055	1054	-20.945144600877033	4.051091194152832	11	12
1036	1035	1053	1052	43.99323534625253	5.348167896270752	11	12
1037	1036	1053	1052	-27.666450211684072	4.077433109283447	11	12
1038	1037	1051	1050	38.55615292297257	5.520503520965576	11	12
1039	1038	1051	1050	-12.85259406037748	4.20169734954834	11	12
1040	1039	1050	1049	-6.2051145485636825	5.2244873046875	11	12
1041	1040	1049	1048	-15.602640505667559	4.392600059509277	11	12
1042	1041	1048	1047	-7.9551230571919795	5.562168121337891	11	12
1048	1047	1103	1102	-11.557106381993078	5.334752559661865	12	13
1049	1048	1102	1101	10.129436859188115	4.400257587432861	12	13
1050	1049	1101	1100	4.448058609552004	5.007456302642822	12	13
1051	1050	1100	1099	-1.833681348872725	4.616876602172852	12	13
1052	1051	1099	1098	-8.411041321195093	5.2147674560546875	12	13
1053	1052	1098	1097	-2.5469506043289267	4.064581394195557	12	13
1054	1053	1097	1096	-1.2302702025003098	5.154939651489258	12	13
1055	1054	1096	1095	-41.87843082829221	4.361732006072998	12	13
1056	1055	1095	1094	-29.348958921481017	5.2963786125183105	12	13
1057	1056	1094	1093	-40.991113368578176	4.383546829223633	12	13
1058	1057	1092	1091	45.37225185791002	5.538122177124023	12	13
1059	1058	1092	1091	-20.353504617583162	4.315868377685547	12	13
1060	1059	1090	1089	51.49546623621993	5.391222953796387	12	13
1061	1060	1090	1089	-10.036484052249458	4.104907512664795	12	13
1062	1061	1088	1087	96.18521586407465	5.0157790184021	12	13
1063	1062	1088	1087	14.429801163607458	4.214826583862305	12	13
1064	1063	1088	1087	-72.73163380503408	3.9293203353881836	12	13
1065	1064	1086	1085	-32.63413854063627	5.251674652099609	12	13
1066	1065	1085	1084	-71.91491964449942	4.299283027648926	12	13
1096	1095	1120	1119	-42.31989291168772	5.724884986877441	13	14
1097	1096	1120	1119	-11.419541190757636	5.1497297286987305	13	14
1098	1097	1119	1118	10.169486258490776	4.863466739654541	13	14
1099	1098	1118	1117	-16.734352233564827	5.014622688293457	13	14
1100	1099	1117	1116	14.919771662795512	4.547335147857666	13	14
1101	1100	1116	1115	6.208116102702401	5.314646244049072	13	14
1102	1101	1115	1114	-9.647169834462009	4.283751487731934	13	14
1103	1102	1114	1113	1.917107186827141	5.33101224899292	13	14
1104	1103	1113	1112	-24.162823334255148	4.024541854858398	13	14
1105	1104	1112	1111	-19.358476728763847	5.608105182647705	13	14
1106	1105	1111	1110	-45.2549852443719	4.579095840454102	13	14
1109	1108	1139	1138	-56.44870064777829	4.468337535858154	14	15
1110	1109	1139	1138	-123.51279348772269	4.472474098205566	14	15
1111	1110	1135	1134	-19.909115560988973	4.9631428718566895	14	15
1112	1111	1134	1133	-20.70983897106683	5.070226669311523	14	15
1113	1112	1133	1132	-14.036618386577322	4.3706464767456055	14	15
1114	1113	1132	1131	-16.384786499289525	5.291218280792236	14	15
1115	1114	1131	1130	-10.561460008275777	4.415772438049316	14	15
1116	1115	1130	1129	-2.380695631734963	5.231771945953369	14	15
1117	1116	1129	1128	0.24260420187791593	4.523407459259033	14	15
1129	1128	793	792	-18.557384267777216	4.341886043548584	15	0
1130	1129	792	791	-24.2977290139322	5.201846122741699	15	0
1131	1130	791	790	-1.279489834800185	4.228292465209961	15	0
1132	1131	790	789	-11.301245867779055	5.479835510253906	15	0
1133	1132	789	788	-3.3057279289895827	4.040474891662598	15	0
1134	1133	788	787	-7.511855986665813	5.472914218902588	15	0
1135	1134	787	786	-15.938749126780362	4.24370813369751	15	0
1136	1135	786	785	-12.433499506503116	5.151737689971924	15	0
