108	109	13	14	-61.78899946492	5.209390640258789	0	7
13	14	20	21	-26.866857188378386	4.537525177001953	1	0
12	13	21	22	-8.89557466389557	5.105359077453613	1	0
11	12	22	23	-22.44059818410566	4.46125602722168	1	0
24	25	31	32	-38.40309731241925	5.744884490966797	2	1
24	25	32	33	23.94556830251224	5.473063945770264	2	1
22	23	33	34	-5.148870378618715	4.259446620941162	2	1
21	22	34	35	-14.678096936029151	5.15198278427124	2	1
20	21	35	36	-3.567218119625376	4.5503363609313965	2	1
34	35	49	50	-40.73843007006202	5.3343353271484375	3	2
33	34	50	51	-51.560762373482426	4.532594203948975	3	2
32	33	51	52	-10.550203702663367	4.665483474731445	3	2
31	32	52	53	2.8062062751909043	5.0463457107543945	3	2
30	31	53	54	-47.879385117474705	5.16403865814209	3	2
29	30	54	55	-31.640255082958276	4.441917896270752	3	2
54	55	60	61	12.475548588214659	4.084230422973633	4	3
52	53	61	62	-6.439651347466735	5.4194841384887695	4	3
52	53	62	63	-51.69679818188503	3.957860231399536	4	3
51	52	63	64	-29.552880486441712	5.489688396453857	4	3
50	51	64	65	-21.932571134592788	4.742613315582275	4	3
65	66	71	72	-31.089375399889175	5.4624738693237305	5	4
64	65	72	73	-8.014712102260743	3.913665771484375	5	4
63	64	73	74	-10.67094832016619	5.686468601226807	5	4
62	63	74	75	-26.691329076021475	4.260098457336426	5	4
60	61	75	76	45.779371504612165	5.398989200592041	5	4
60	61	76	77	-21.98041123313551	4.2024245262146	5	4
77	78	84	85	-43.868218142490726	5.54909086227417	6	5
76	77	85	86	-14.433899061285183	5.654007911682129	6	5
76	77	86	87	-42.68362645743873	4.146941184997559	6	5
75	76	87	88	-27.02443413299143	5.5215229988098145	6	5
74	75	88	89	-9.746269644380387	4.2858757972717285	6	5
72	73	89	90	41.608872779231476	5.534332752227783	6	5
72	73	90	91	-27.1045998052494	4.11356258392334	6	5
91	92	100	101	-22.973953786332746	5.37571907043457	7	6
90	91	101	102	-13.36985605760053	4.400242805480957	7	6
89	90	102	103	-22.789090068972463	5.003721237182617	7	6
88	89	103	104	-9.467598857044344	4.342209339141846	7	6
87	88	104	105	-34.898292325715374	5.349822998046875	7	6
86	87	105	106	-27.124117257315014	4.158614158630371	7	6
85	86	106	107	-14.97761264178885	5.059056282043457	7	6
84	85	107	108	-17.255660246670523	4.141391277313232	7	6
108	109	13	14	-61.78899946492	5.209390640258789	0	7
13	14	20	21	-26.866857188378386	4.537525177001953	1	0
12	13	21	22	-8.89557466389557	5.105359077453613	1	0
11	12	22	23	-22.44059818410566	4.46125602722168	1	0
24	25	31	32	-38.40309731241925	5.744884490966797	2	1
24	25	32	33	23.94556830251224	5.473063945770264	2	1
22	23	33	34	-5.148870378618715	4.259446620941162	2	1
21	22	34	35	-14.678096936029151	5.15198278427124	2	1
20	21	35	36	-3.567218119625376	4.5503363609313965	2	1
34	35	49	50	-40.73843007006202	5.3343353271484375	3	2
33	34	50	51	-51.560762373482426	4.532594203948975	3	2
32	33	51	52	-10.550203702663367	4.665483474731445	3	2
31	32	52	53	2.8062062751909043	5.0463457107543945	3	2
30	31	53	54	-47.879385117474705	5.16403865814209	3	2
29	30	54	55	-31.640255082958276	4.441917896270752	3	2
54	55	60	61	12.475548588214659	4.084230422973633	4	3
52	53	61	62	-6.439651347466735	5.4194841384887695	4	3
52	53	62	63	-51.69679818188503	3.957860231399536	4	3
51	52	63	64	-29.552880486441712	5.489688396453857	4	3
50	51	64	65	-21.932571134592788	4.742613315582275	4	3
65	66	71	72	-31.089375399889175	5.4624738693237305	5	4
64	65	72	73	-8.014712102260743	3.913665771484375	5	4
63	64	73	74	-10.67094832016619	5.686468601226807	5	4
62	63	74	75	-26.691329076021475	4.260098457336426	5	4
60	61	75	76	45.779371504612165	5.398989200592041	5	4
60	61	76	77	-21.98041123313551	4.2024245262146	5	4
77	78	84	85	-43.868218142490726	5.54909086227417	6	5
76	77	85	86	-14.433899061285183	5.654007911682129	6	5
76	77	86	87	-42.68362645743873	4.146941184997559	6	5
75	76	87	88	-27.02443413299143	5.5215229988098145	6	5
74	75	88	89	-9.746269644380387	4.2858757972717285	6	5
72	73	89	90	41.608872779231476	5.534332752227783	6	5
72	73	90	91	-27.1045998052494	4.11356258392334	6	5
91	92	100	101	-22.973953786332746	5.37571907043457	7	6
90	91	101	102	-13.36985605760053	4.400242805480957	7	6
89	90	102	103	-22.789090068972463	5.003721237182617	7	6
88	89	103	104	-9.467598857044344	4.342209339141846	7	6
87	88	104	105	-34.898292325715374	5.349822998046875	7	6
86	87	105	106	-27.124117257315014	4.158614158630371	7	6
85	86	106	107	-14.97761264178885	5.059056282043457	7	6
84	85	107	108	-17.255660246670523	4.141391277313232	7	6
