136	137	7	8	-66.63758583878325	5.489439487457275	0	9
135	136	8	9	22.69953078809773	5.3773112297058105	0	9
135	136	9	10	-28.977405040344507	4.318857669830322	0	9
134	135	10	11	-9.912659678223402	5.257891654968262	0	9
133	134	11	12	-8.489410747095313	4.425987243652344	0	9
132	133	12	13	-14.90023398709976	5.22819709777832	0	9
131	132	13	14	-10.517680056504371	4.242267608642578	0	9
130	131	14	15	-7.704494378673776	5.129704475402832	0	9
129	130	15	16	-7.31789825488711	4.592545032501221	0	9
14	15	22	23	-20.18949636140887	5.322137832641602	1	0
13	14	23	24	-16.281395227079745	4.553325176239014	1	0
12	13	24	25	-11.973512770632952	5.255154609680176	1	0
11	12	25	26	3.8557997376024034	4.168186664581299	1	0
10	11	26	27	-22.698426001781705	5.348753452301025	1	0
9	10	27	28	-10.90561854504487	4.624607563018799	1	0
8	9	28	29	-39.53610088258966	5.461513519287109	1	0
7	8	29	30	-27.520682655484308	4.454412460327148	1	0
6	7	30	31	-55.06525642046498	5.27418327331543	1	0
5	6	31	32	-32.881437626043855	4.569413661956787	1	0
4	5	32	33	-16.09833896360642	5.078128337860107	1	0
3	4	33	34	33.62486347567956	4.399979591369629	1	0
33	34	39	40	-45.28752863922558	4.596294403076172	2	1
32	33	40	41	-19.58861760871326	5.345022201538086	2	1
31	32	41	42	-19.520387885858703	4.708163738250732	2	1
30	31	42	43	-5.806180149475462	5.200874328613281	2	1
29	30	43	44	-38.268851394264104	4.4521894454956055	2	1
44	45	52	53	-23.365876856560426	5.17987060546875	3	2
43	44	53	54	-45.845876608018614	4.475898742675781	3	2
42	43	54	55	-4.4525408428031135	5.388875484466553	3	2
41	42	55	56	-16.19674334943211	4.44009256362915	3	2
40	41	56	57	-10.079929784657141	5.044145107269287	3	2
39	40	57	58	-25.670493563494578	4.647536277770996	3	2
57	58	63	64	-10.782951262394448	4.633249759674072	4	3
56	57	64	65	-11.0628061713894	5.080070972442627	4	3
55	56	65	66	-19.03738009753783	4.504692077636719	4	3
54	55	66	67	-10.320803782216315	5.131866455078125	4	3
53	54	67	68	-17.66275878391866	4.573832988739014	4	3
67	68	72	73	21.647103554672942	4.280123710632324	5	4
66	67	73	74	-1.6946914833011741	5.121623516082764	5	4
65	66	74	75	-13.791274799184567	4.451776504516602	5	4
64	65	75	76	-11.144785554744841	5.163305759429932	5	4
63	64	76	77	-16.785402084198974	4.554192543029785	5	4
72	73	87	88	-19.42897471211358	4.900290489196777	6	5
86	87	94	95	-40.83122737792074	5.385504722595215	7	6
85	86	95	96	-51.05875906359016	4.42403507232666	7	6
83	84	96	97	31.700235742724384	5.649960041046143	7	6
83	84	97	98	-33.34122299107563	4.510497093200684	7	6
82	83	98	99	-9.71029683037386	5.274216651916504	7	6
81	82	99	100	-34.78301121235719	4.103582859039307	7	6
105	106	112	113	-32.772820176710766	5.476644039154053	8	7
105	106	113	114	10.18570514614411	5.486939907073975	8	7
104	105	114	115	-8.776774999647493	4.347583770751953	8	7
103	104	115	116	-4.828972285895952	5.083673477172852	8	7
102	103	116	117	-4.37336322983237	4.556056499481201	8	7
101	102	117	118	33.883088262183165	5.2622456550598145	8	7
99	100	118	119	-10.636664131112934	4.235591888427734	8	7
98	99	119	120	-21.576565855355792	5.1110053062438965	8	7
97	98	120	121	-8.43365611098404	4.864390850067139	8	7
119	120	128	129	-27.029597167743397	5.278623580932617	9	8
118	119	129	130	-38.51527877059565	4.61423397064209	9	8
117	118	130	131	-11.140517250918746	5.271188259124756	9	8
116	117	131	132	-15.627373126509879	4.492199420928955	9	8
115	116	132	133	-8.851671493130553	5.274081230163574	9	8
114	115	133	134	-10.970910991492747	4.399461269378662	9	8
113	114	134	135	-4.745109108171979	5.126393795013428	9	8
112	113	135	136	-7.3998612643908865	4.344881534576416	9	8
136	137	7	8	-66.63758583878325	5.489439487457275	0	9
135	136	8	9	22.69953078809773	5.3773112297058105	0	9
135	136	9	10	-28.977405040344507	4.318857669830322	0	9
134	135	10	11	-9.912659678223402	5.257891654968262	0	9
133	134	11	12	-8.489410747095313	4.425987243652344	0	9
132	133	12	13	-14.90023398709976	5.22819709777832	0	9
131	132	13	14	-10.517680056504371	4.242267608642578	0	9
130	131	14	15	-7.704494378673776	5.129704475402832	0	9
129	130	15	16	-7.31789825488711	4.592545032501221	0	9
14	15	22	23	-20.18949636140887	5.322137832641602	1	0
13	14	23	24	-16.281395227079745	4.553325176239014	1	0
12	13	24	25	-11.973512770632952	5.255154609680176	1	0
11	12	25	26	3.8557997376024034	4.168186664581299	1	0
10	11	26	27	-22.698426001781705	5.348753452301025	1	0
9	10	27	28	-10.90561854504487	4.624607563018799	1	0
8	9	28	29	-39.53610088258966	5.461513519287109	1	0
7	8	29	30	-27.520682655484308	4.454412460327148	1	0
6	7	30	31	-55.06525642046498	5.27418327331543	1	0
5	6	31	32	-32.881437626043855	4.569413661956787	1	0
4	5	32	33	-16.09833896360642	5.078128337860107	1	0
3	4	33	34	33.62486347567956	4.399979591369629	1	0
33	34	39	40	-45.28752863922558	4.596294403076172	2	1
32	33	40	41	-19.58861760871326	5.345022201538086	2	1
31	32	41	42	-19.520387885858703	4.708163738250732	2	1
30	31	42	43	-5.806180149475462	5.200874328613281	2	1
29	30	43	44	-38.268851394264104	4.4521894454956055	2	1
44	45	52	53	-23.365876856560426	5.17987060546875	3	2
43	44	53	54	-45.845876608018614	4.475898742675781	3	2
42	43	54	55	-4.4525408428031135	5.388875484466553	3	2
41	42	55	56	-16.19674334943211	4.44009256362915	3	2
40	41	56	57	-10.079929784657141	5.044145107269287	3	2
39	40	57	58	-25.670493563494578	4.647536277770996	3	2
57	58	63	64	-10.782951262394448	4.633249759674072	4	3
56	57	64	65	-11.0628061713894	5.080070972442627	4	3
55	56	65	66	-19.03738009753783	4.504692077636719	4	3
54	55	66	67	-10.320803782216315	5.131866455078125	4	3
53	54	67	68	-17.66275878391866	4.573832988739014	4	3
67	68	72	73	21.647103554672942	4.280123710632324	5	4
66	67	73	74	-1.6946914833011741	5.121623516082764	5	4
65	66	74	75	-13.791274799184567	4.451776504516602	5	4
64	65	75	76	-11.144785554744841	5.163305759429932	5	4
63	64	76	77	-16.785402084198974	4.554192543029785	5	4
72	73	87	88	-19.42897471211358	4.900290489196777	6	5
86	87	94	95	-40.83122737792074	5.385504722595215	7	6
85	86	95	96	-51.05875906359016	4.42403507232666	7	6
83	84	96	97	31.700235742724384	5.649960041046143	7	6
83	84	97	98	-33.34122299107563	4.510497093200684	7	6
82	83	98	99	-9.71029683037386	5.274216651916504	7	6
81	82	99	100	-34.78301121235719	4.103582859039307	7	6
105	106	112	113	-32.772820176710766	5.476644039154053	8	7
105	106	113	114	10.18570514614411	5.486939907073975	8	7
104	105	114	115	-8.776774999647493	4.347583770751953	8	7
103	104	115	116	-4.828972285895952	5.083673477172852	8	7
102	103	116	117	-4.37336322983237	4.556056499481201	8	7
101	102	117	118	33.883088262183165	5.2622456550598145	8	7
99	100	118	119	-10.636664131112934	4.235591888427734	8	7
98	99	119	120	-21.576565855355792	5.1110053062438965	8	7
97	98	120	121	-8.43365611098404	4.864390850067139	8	7
119	120	128	129	-27.029597167743397	5.278623580932617	9	8
118	119	129	130	-38.51527877059565	4.61423397064209	9	8
117	118	130	131	-11.140517250918746	5.271188259124756	9	8
116	117	131	132	-15.627373126509879	4.492199420928955	9	8
115	116	132	133	-8.851671493130553	5.274081230163574	9	8
114	115	133	134	-10.970910991492747	4.399461269378662	9	8
113	114	134	135	-4.745109108171979	5.126393795013428	9	8
112	113	135	136	-7.3998612643908865	4.344881534576416	9	8
