236	237	10	11	-6.81165227207411	4.632721424102783	0	7
235	236	11	12	-3.526683464039828	5.491387844085693	0	7
234	235	12	13	-14.208366535108466	4.172763824462891	0	7
232	233	13	14	2.324249093750112	5.395151138305664	0	7
232	233	14	15	-52.154567625052195	4.088100433349609	0	7
13	14	55	56	-30.13263852415657	5.246356964111328	1	0
12	13	56	57	-16.382090593913006	4.540233612060547	1	0
11	12	57	58	-3.9696435607508533	5.09769868850708	1	0
10	11	58	59	-8.230267334207053	4.60610818862915	1	0
9	10	59	60	-45.26558869020088	4.880768299102783	1	0
8	9	60	61	-41.81867999494203	4.2744951248168945	1	0
60	61	66	67	1.6850856014546796	4.3625006675720215	2	1
58	59	67	68	-15.79752559145203	5.610071182250977	2	1
58	59	68	69	-47.15022222328822	3.685659408569336	2	1
56	57	69	70	46.190416390837626	5.248193740844727	2	1
56	57	70	71	-27.49042244072617	4.320767402648926	2	1
69	70	118	119	-35.65462917989251	4.905603408813477	3	2
68	69	119	120	-36.589901992676324	4.2639079093933105	3	2
67	68	120	121	-16.947592479259004	5.350574970245361	3	2
66	67	121	122	-18.307800630128074	4.5270891189575195	3	2
122	123	134	135	-60.95318797374901	5.616833686828613	4	3
122	123	135	136	-28.788107258471538	5.661681652069092	4	3
121	122	136	137	10.71239964135117	4.123521327972412	4	3
120	121	137	138	-9.986275314439222	5.434569835662842	4	3
119	120	138	139	-10.401382326311918	4.238558292388916	4	3
118	119	139	140	-0.5868765171755466	5.387729167938232	4	3
117	118	140	141	-39.91078427025293	4.165143013000488	4	3
114	115	141	142	-27.803168885619588	4.989950656890869	4	3
114	115	142	143	-24.87175925807888	3.6158695220947266	4	3
139	140	191	192	-17.948106016115688	4.702879428863525	5	4
138	139	192	193	-14.855235596437279	4.6958417892456055	5	4
137	138	193	194	-40.630139267266294	4.540935039520264	5	4
136	137	194	195	-37.75854149454019	4.48737907409668	5	4
135	136	195	196	2.2355037331292205	4.999524116516113	5	4
134	135	196	197	13.39762809892837	4.4846110343933105	5	4
133	134	197	198	-34.33158739508007	5.6502227783203125	5	4
132	133	198	199	-13.707325065315338	4.387951850891113	5	4
201	202	206	207	-43.223378065918794	5.559764385223389	6	5
200	201	207	208	-38.76498970298048	4.514206886291504	6	5
199	200	208	209	-15.128351306456581	5.3303728103637695	6	5
198	199	209	210	-15.048242792528333	4.1323089599609375	6	5
196	197	211	212	-13.943154427472262	4.306112289428711	6	5
195	196	212	213	7.495468233375195	5.498079299926758	6	5
194	195	213	214	-15.061059096206089	4.1858229637146	6	5
193	194	214	215	5.28830060391413	5.334147930145264	6	5
192	193	215	216	-38.27508239758166	3.8315043449401855	6	5
209	210	232	233	-20.64063379325736	4.429019927978516	7	6
208	209	233	234	-38.140317787726325	5.220818042755127	7	6
207	208	234	235	-25.135379891200657	4.838028907775879	7	6
206	207	235	236	-21.6079889127298	5.26131010055542	7	6
205	206	236	237	-20.03281194016055	4.678837299346924	7	6
