471	472	95	96	-1.6561413715250355	4.725237846374512	0	17
470	471	96	97	-5.062610554047606	5.048983097076416	0	17
469	470	97	98	-16.50621701204374	4.205902099609375	0	17
468	469	98	99	-12.254590165703373	5.529895305633545	0	17
467	468	99	100	2.412171488700064	4.010715007781982	0	17
98	99	116	117	15.793924694187567	5.399551868438721	1	0
97	98	117	118	16.114186375467618	4.3313069343566895	1	0
96	97	118	119	2.4700157096277615	4.977754592895508	1	0
95	96	119	120	-13.433487071093628	4.471076488494873	1	0
94	95	120	121	-12.13605672759915	4.809647083282471	1	0
93	94	121	122	-13.720830681117643	4.757652282714844	1	0
122	123	134	135	-5.454714410272178	5.024994850158691	2	1
121	122	135	136	-16.202575084514542	4.215185165405273	2	1
120	121	136	137	-17.479056987325958	5.279962539672852	2	1
119	120	137	138	-18.682754934384544	4.4475626945495605	2	1
118	119	138	139	-12.38199729894346	5.433975696563721	2	1
117	118	139	140	-11.152903438090346	4.568061351776123	2	1
138	139	149	150	-17.39922484247162	4.989168643951416	3	2
137	138	150	151	-18.153071154664257	4.511038780212402	3	2
136	137	151	152	-36.47461347721098	5.155363082885742	3	2
135	136	152	153	-65.05727797930915	4.75162410736084	3	2
134	135	155	156	-19.526401245281725	4.715222358703613	3	2
132	133	156	157	3.6190814732153354	5.299548149108887	3	2
131	132	157	158	6.249700251464276	4.256629943847656	3	2
130	131	158	159	-8.556561770358872	4.919589042663574	3	2
129	130	159	160	-23.46404038110063	4.349483489990234	3	2
159	160	165	166	-39.23961180941963	4.579500198364258	4	3
157	158	166	167	26.38266135152437	5.42657995223999	4	3
157	158	167	168	-20.22988451765649	4.14763879776001	4	3
155	156	168	169	6.195624307947549	5.44321870803833	4	3
155	156	169	170	41.85752761232198	4.0139479637146	4	3
169	170	193	194	-53.344643657103674	4.389214515686035	5	4
167	168	194	195	32.28878907153624	5.671345233917236	5	4
167	168	195	196	-26.464929265594375	4.719625473022461	5	4
166	167	196	197	-19.87769279306095	4.98063325881958	5	4
165	166	197	198	0.13637100887361928	4.739089488983154	5	4
197	198	218	219	42.50435988917081	5.73959493637085	6	5
197	198	219	220	-18.122873113501026	4.922227382659912	6	5
196	197	220	221	-9.12467441821808	5.331575393676758	6	5
195	196	221	222	-1.7188289004141288	4.432666301727295	6	5
194	195	222	223	6.804340281778434	5.377421855926514	6	5
193	194	223	224	-42.11513683417911	4.040384292602539	6	5
223	224	235	236	-41.023539794186405	4.470356464385986	7	6
222	223	236	237	-1.2691447597471877	5.109994411468506	7	6
221	222	237	238	3.688147749599881	4.375637531280518	7	6
220	221	238	239	-10.965742213870847	5.344372272491455	7	6
219	220	239	240	-0.03482305567918529	4.509369373321533	7	6
218	219	240	241	-9.71871573872659	5.144064426422119	7	6
217	218	241	242	-11.371359156806253	4.574743747711182	7	6
216	217	242	243	-3.6164632925015585	5.33756685256958	7	6
215	216	243	244	-6.330407792427023	4.122260093688965	7	6
243	244	250	251	-36.628952399093045	4.380832195281982	8	7
242	243	251	252	-7.027237475435243	5.509730339050293	8	7
241	242	252	253	-14.775489447403057	4.276174545288086	8	7
240	241	253	254	-6.171042217409308	5.253764629364014	8	7
239	240	254	255	1.5072079842753814	4.082536697387695	8	7
238	239	255	256	6.220553508743918	5.313999652862549	8	7
237	238	256	257	-25.214914643226198	4.2062883377075195	8	7
236	237	257	258	-25.667186728308735	5.435969829559326	8	7
235	236	258	259	-33.23576048968149	4.854186534881592	8	7
257	258	289	290	-22.38853132396532	4.767584800720215	9	8
256	257	290	291	-14.79439368634303	4.292933464050293	9	8
255	256	291	292	-4.587327725901794	5.065251350402832	9	8
254	255	292	293	7.134743651366389	4.20896577835083	9	8
253	254	293	294	-26.416362360971462	5.651350021362305	9	8
252	253	294	295	-18.69044287390713	4.410824775695801	9	8
251	252	295	296	-20.12471665130354	4.714570045471191	9	8
250	251	296	297	-1.5060006917223332	4.59196138381958	9	8
299	300	308	309	-33.92636068548319	5.671682357788086	10	9
298	299	309	310	-6.166637076965452	4.424494743347168	10	9
297	298	310	311	-20.21155735847194	5.418494701385498	10	9
296	297	311	312	4.864490658557963	4.138438701629639	10	9
295	296	312	313	0.2824836913344789	5.419524192810059	10	9
294	295	313	314	-11.124938079496674	4.03989839553833	10	9
292	293	314	315	5.590583832585394	5.381047248840332	10	9
292	293	315	316	-54.80707206486752	3.9871087074279785	10	9
291	292	316	317	-24.191754021557962	5.523621082305908	10	9
314	315	328	329	-19.57457228083962	5.389650821685791	11	10
313	314	329	330	-2.049711766440313	4.852681636810303	11	10
312	313	330	331	-1.844788892863056	4.99869441986084	11	10
311	312	331	332	-8.614256346976005	4.095348358154297	11	10
310	311	332	333	-16.137381099486564	5.3017377853393555	11	10
309	310	333	334	-24.022674652863792	4.132701396942139	11	10
308	309	334	335	-14.305939529433358	5.232388019561768	11	10
307	308	335	336	-16.21580945535362	4.198244571685791	11	10
336	337	343	344	-62.51996905656398	5.735061168670654	12	11
336	337	344	345	-7.30566434976478	4.932973384857178	12	11
335	336	345	346	-7.413232590357085	4.745058536529541	12	11
334	335	346	347	-10.448497703195114	5.37673282623291	12	11
333	334	347	348	-11.607347575524305	4.140068054199219	12	11
332	333	348	349	5.691595781659838	5.352730751037598	12	11
331	332	349	350	-23.702455368783575	3.9885177612304688	12	11
330	331	350	351	-0.25982788655151917	5.357359409332275	12	11
329	330	351	352	-1.6173790103113017	4.396484851837158	12	11
351	352	389	390	1.4725561524766388	4.605913162231445	13	12
350	351	390	391	-4.797231341197553	4.880582809448242	13	12
349	350	391	392	-16.652196607002406	4.3527984619140625	13	12
348	349	392	393	-14.344901313703186	5.337803840637207	13	12
347	348	393	394	-0.3186529776116468	4.3658905029296875	13	12
345	346	394	395	52.83432298999366	5.363611221313477	13	12
345	346	395	396	-9.999808271080324	4.266304969787598	13	12
344	345	396	397	-18.60735215873798	5.156143665313721	13	12
343	344	397	398	-27.386702763207655	4.634498119354248	13	12
397	398	404	405	-11.969371257096892	4.367284297943115	14	13
396	397	405	406	-9.678575808348686	5.198609352111816	14	13
395	396	406	407	-11.953689598771751	4.152934551239014	14	13
394	395	407	408	-6.866776447226451	5.457021236419678	14	13
393	394	408	409	-10.377835295016453	4.368297576904297	14	13
392	393	409	410	-3.305142478427796	5.4437103271484375	14	13
391	392	410	411	-1.7286529551006147	4.313094615936279	14	13
390	391	411	412	0.44957449645137443	5.474482536315918	14	13
389	390	412	413	-0.9744854785298157	4.492797374725342	14	13
413	414	429	430	-19.264800208050243	5.520405292510986	15	14
412	413	430	431	-17.037350190090574	4.380875587463379	15	14
411	412	431	432	-1.2393433261341706	4.884706497192383	15	14
410	411	432	433	-9.92305979679098	4.684580326080322	15	14
409	410	433	434	-15.550850685754552	5.344371795654297	15	14
408	409	434	435	-16.279370842817393	4.578372955322266	15	14
407	408	435	436	-9.79426722469628	4.886173248291016	15	14
406	407	436	437	-12.644973510074772	4.565354824066162	15	14
405	406	437	438	-13.21757262430072	4.827690601348877	15	14
404	405	438	439	-4.368580472348534	4.794351577758789	15	14
439	440	447	448	-52.08195120676072	5.669130802154541	16	15
439	440	448	449	-1.5492263159576725	5.5073323249816895	16	15
438	439	449	450	-7.038172735291918	4.549108505249023	16	15
437	438	450	451	-9.869834696932527	5.283504486083984	16	15
436	437	451	452	-19.84888110797638	4.4662370681762695	16	15
435	436	452	453	-19.48615183146509	5.310344696044922	16	15
434	435	453	454	4.506251806098259	4.330126762390137	16	15
432	433	454	455	37.563046873908235	5.528324604034424	16	15
432	433	455	456	-24.34121903225585	4.137197017669678	16	15
454	455	464	465	-12.748234900264537	4.900733470916748	17	16
453	454	465	466	-11.251227755496664	4.4836039543151855	17	16
452	453	466	467	-17.04058530999009	5.524320602416992	17	16
451	452	467	468	-7.008836936897449	4.283616542816162	17	16
450	451	468	469	-7.70027968071121	5.134460926055908	17	16
449	450	469	470	-8.312000468769018	4.202217102050781	17	16
448	449	470	471	-23.082687698042786	4.725989818572998	17	16
447	448	471	472	-13.458594599044089	4.525414943695068	17	16
