95	96	82	83	-17.876762282175616	5.223951816558838	0	1
94	95	83	84	-13.400725136887488	4.656178951263428	0	1
92	93	84	85	-18.09380844149229	5.268026351928711	0	1
92	93	85	86	-70.39940060264522	4.290632724761963	0	1
85	86	92	93	-55.004575551487044	5.7020745277404785	1	0
84	85	93	94	-56.825788238112054	4.290632724761963	1	0
83	84	94	95	-11.308452400189768	5.4620561599731445	1	0
82	83	95	96	-20.107785949788962	4.656178951263428	1	0
95	96	82	83	-17.876762282175616	5.223951816558838	0	1
94	95	83	84	-13.400725136887488	4.656178951263428	0	1
92	93	84	85	-18.09380844149229	5.268026351928711	0	1
92	93	85	86	-70.39940060264522	4.290632724761963	0	1
85	86	92	93	-55.004575551487044	5.7020745277404785	1	0
84	85	93	94	-56.825788238112054	4.290632724761963	1	0
83	84	94	95	-11.308452400189768	5.4620561599731445	1	0
82	83	95	96	-20.107785949788962	4.656178951263428	1	0
