392	393	8	9	-48.012153447968835	5.327871799468994	0	17
391	392	9	10	-17.84654902993704	4.067769527435303	0	17
390	391	10	11	-17.84078096579641	5.297280311584473	0	17
389	390	11	12	-16.718853852047413	4.24345064163208	0	17
388	389	12	13	3.669004412532206	5.290920257568359	0	17
387	388	13	14	-4.2353684324482455	4.678427696228027	0	17
386	387	14	15	-7.742296196538891	4.8189826011657715	0	17
385	386	15	16	-2.529551950305708	4.7401533126831055	0	17
384	385	16	17	-16.723012205302176	4.946508884429932	0	17
383	384	17	18	0.9929157294082587	4.2700090408325195	0	17
382	383	18	19	-4.61292196024662	5.365627765655518	0	17
381	382	19	20	-17.56687852954546	4.281481742858887	0	17
380	381	20	21	-9.8504089845715	5.149174690246582	0	17
20	21	29	30	-24.169952662887777	5.2687602043151855	1	0
19	20	30	31	-3.8508072791761903	4.543290138244629	1	0
18	19	31	32	-6.994881949119529	5.003811836242676	1	0
17	18	32	33	-8.377622719766594	4.285691261291504	1	0
16	17	33	34	6.491957709940502	5.402466773986816	1	0
15	16	34	35	0.6375348369908435	4.5997209548950195	1	0
14	15	35	36	-18.014408025287672	5.229841232299805	1	0
13	14	36	37	-16.823478476260693	4.705713272094727	1	0
12	13	37	38	-22.611533760380173	4.606042861938477	1	0
11	12	38	39	-15.609604533397478	5.028926372528076	1	0
10	11	39	40	-12.362006268411937	4.783259391784668	1	0
9	10	40	41	-20.329796895676445	4.596414089202881	1	0
8	9	41	42	1.881016212671921	5.273701190948486	1	0
7	8	42	43	-7.854917794897056	4.284358978271484	1	0
46	47	52	53	-75.73420151071042	4.754281520843506	2	1
45	46	53	54	3.158979833047114	5.201106548309326	2	1
45	46	54	55	4.031194876463576	4.849072456359863	2	1
43	44	55	56	-7.649373629896112	5.568974494934082	2	1
42	43	56	57	2.938340415531112	4.493698596954346	2	1
41	42	57	58	0.7630879337008382	5.147819519042969	2	1
40	41	58	59	-2.1377871206242602	4.932863712310791	2	1
39	40	59	60	-2.2602522229460416	4.719377040863037	2	1
38	39	60	61	-0.4847489311579503	4.720098972320557	2	1
37	38	61	62	-8.983049562224114	5.165398120880127	2	1
36	37	62	63	-18.84481331222683	4.5919904708862305	2	1
35	36	63	64	-19.99130873145257	5.382654666900635	2	1
34	35	64	65	-58.437566899581775	4.362547874450684	2	1
34	35	65	66	36.16684732454903	4.877411842346191	2	1
61	62	90	91	-44.18336898975005	5.154952049255371	3	2
60	61	91	92	42.57146370339941	4.751048564910889	3	2
59	60	92	93	-6.601281542878716	5.238206386566162	3	2
58	59	93	94	-0.6572913517839305	4.509307861328125	3	2
57	58	94	95	-8.909658486619255	4.789420127868652	3	2
56	57	95	96	-14.832109068693088	4.423092842102051	3	2
55	56	96	97	-12.476680334200685	4.950374603271484	3	2
54	55	97	98	-35.675674427950185	4.640854358673096	3	2
53	54	98	99	-18.738729934597142	4.776085376739502	3	2
52	53	99	100	-21.445333713214474	4.8352885246276855	3	2
99	100	105	106	-19.91320657150108	4.298509120941162	4	3
98	99	106	107	-12.155938701268749	5.021060943603516	4	3
97	98	107	108	-14.91104517434241	4.660885334014893	4	3
96	97	108	109	-27.31001411251735	5.198770523071289	4	3
108	109	131	132	16.282100536710324	5.108583927154541	5	4
108	109	132	133	-11.42117241271462	5.293630599975586	5	4
107	108	133	134	-4.1976276242824655	4.336004734039307	5	4
106	107	134	135	-18.407355128168458	5.268034934997559	5	4
105	106	135	136	-14.625774748606466	4.513524055480957	5	4
136	137	144	145	-67.60385958149224	5.686408996582031	6	5
136	137	145	146	-18.394382461607485	5.002328395843506	6	5
135	136	146	147	1.0281628945024743	4.467413425445557	6	5
134	135	147	148	-19.23294144989317	5.243890285491943	6	5
133	134	148	149	24.200184296787036	4.181488990783691	6	5
131	132	149	150	-6.217974834233444	5.529165744781494	6	5
131	132	150	151	-68.03035598987695	4.246307849884033	6	5
150	151	184	185	-22.84496300359584	5.007490634918213	7	6
149	150	185	186	-14.924582392944933	5.089531898498535	7	6
148	149	186	187	-23.67212239065054	4.520133018493652	7	6
147	148	187	188	8.46240592999812	5.296960353851318	7	6
146	147	188	189	6.922601104711777	3.9447731971740723	7	6
145	146	189	190	-25.27035291277845	5.418755054473877	7	6
144	145	190	191	1.1567816550707366	4.275397777557373	7	6
193	194	198	199	-41.48367296562935	5.555173873901367	8	7
192	193	199	200	-12.422762206950388	4.248271465301514	8	7
190	191	200	201	28.884594178896887	5.615433692932129	8	7
190	191	201	202	-14.261930293070886	4.0460100173950195	8	7
188	189	202	203	37.777531264192184	5.575611114501953	8	7
188	189	203	204	-20.989477716691383	4.07874870300293	8	7
187	188	204	205	0.5260804076454887	5.331414699554443	8	7
186	187	205	206	-10.443941307018939	4.323117733001709	8	7
185	186	206	207	-9.511061251824627	5.133764743804932	8	7
184	185	207	208	-27.0005087894801	4.306351184844971	8	7
206	207	211	212	-4.273015044992078	5.490654468536377	9	8
205	206	212	213	-12.573322075216884	4.38914680480957	9	8
204	205	213	214	-10.455037000976937	5.265223979949951	9	8
203	204	214	215	-25.292553716375604	4.7017107009887695	9	8
202	203	215	216	-11.133738383487739	4.963259220123291	9	8
201	202	216	217	-8.21523287148911	4.733503341674805	9	8
200	201	217	218	-7.458133366627991	4.795111656188965	9	8
199	200	218	219	-20.411325421025317	4.239535808563232	9	8
198	199	219	220	0.04211362646303274	5.366575241088867	9	8
197	198	220	221	-2.8052746742897523	4.605289936065674	9	8
223	224	228	229	-42.03980427768439	5.406804084777832	10	9
222	223	229	230	-15.933430096508783	4.162801742553711	10	9
221	222	230	231	-11.862867085220904	4.881222248077393	10	9
220	221	231	232	-11.966566214093989	4.156122207641602	10	9
219	220	232	233	2.6392536079515887	4.818642616271973	10	9
218	219	233	234	-9.093553892537411	4.628386974334717	10	9
217	218	234	235	-7.224250340541457	5.199408054351807	10	9
216	217	235	236	-7.330559817366042	4.630571365356445	10	9
215	216	236	237	-16.691600234697738	5.181186199188232	10	9
214	215	237	238	-4.010668343287218	4.2223711013793945	10	9
213	214	238	239	-4.392418408637832	5.2538533210754395	10	9
212	213	239	240	-20.545255403559754	4.127697467803955	10	9
239	240	248	249	12.925509322362473	4.7408528327941895	11	10
238	239	249	250	-13.666939950817367	5.0471272468566895	11	10
237	238	250	251	-11.58729380260336	4.609952926635742	11	10
236	237	251	252	3.8226141810191	5.135915279388428	11	10
235	236	252	253	-17.629846205441233	4.6135759353637695	11	10
234	235	253	254	-13.032430311968	5.238427639007568	11	10
233	234	254	255	13.124631750004157	4.327888011932373	11	10
232	233	255	256	-10.889694584306701	5.1243696212768555	11	10
231	232	256	257	-7.299802676036791	4.833902359008789	11	10
230	231	257	258	-12.730660051725804	5.15578556060791	11	10
229	230	258	259	-21.76954926585131	4.313225269317627	11	10
258	259	264	265	-15.577254874478067	4.294898509979248	12	11
257	258	265	266	-19.560252025890975	5.4937424659729	12	11
256	257	266	267	-7.158749546358483	4.150661945343018	12	11
255	256	267	268	-13.265660325627445	5.314020156860352	12	11
254	255	268	269	-9.687613048180639	4.169344902038574	12	11
253	254	269	270	6.501906325791549	5.437865734100342	12	11
252	253	270	271	4.285979185793745	4.128664493560791	12	11
251	252	271	272	-15.61699280579104	5.250941753387451	12	11
250	251	272	273	-15.59747406996116	4.88187313079834	12	11
249	250	273	274	-37.203520941861036	5.330315589904785	12	11
248	249	274	275	44.19496983774128	4.6945343017578125	12	11
270	271	303	304	-2.7132886341623528	4.3831305503845215	13	12
269	270	304	305	-11.923564145244457	5.255615711212158	13	12
268	269	305	306	-13.694365920535052	4.733774185180664	13	12
267	268	306	307	-11.339794737687429	4.651594161987305	13	12
266	267	307	308	-16.759385525128828	4.759616374969482	13	12
265	266	308	309	-16.158395987377038	4.851985931396484	13	12
264	265	309	310	-5.721338566763681	4.8371500968933105	13	12
263	264	310	311	-10.960859747369911	5.009435176849365	13	12
262	263	311	312	-11.854719425177702	4.706441402435303	13	12
312	313	321	322	-29.122968696211665	5.498869895935059	14	13
311	312	322	323	-7.254597300982332	4.643805027008057	14	13
310	311	323	324	-6.984482967155367	5.2135233879089355	14	13
309	310	324	325	-1.5430331117258642	4.464483737945557	14	13
308	309	325	326	-9.89118074570812	5.377812385559082	14	13
307	308	326	327	-1.990317181619314	4.079709053039551	14	13
306	307	327	328	-9.69815942777866	5.2873992919921875	14	13
305	306	328	329	-18.56707721652385	4.283073425292969	14	13
303	304	329	330	28.711114505709986	5.221693992614746	14	13
303	304	330	331	-25.578140060774395	4.002252101898193	14	13
330	331	343	344	-3.2013018025242643	4.259176731109619	15	14
329	330	344	345	-16.943992500839713	5.173560619354248	15	14
328	329	345	346	4.9720144093931715	4.496103286743164	15	14
327	328	346	347	-7.528492540309272	5.271136283874512	15	14
326	327	347	348	-13.824947342365128	4.4510908126831055	15	14
325	326	348	349	0.9296551033406038	5.2345967292785645	15	14
324	325	349	350	-13.177012312630495	4.4111833572387695	15	14
323	324	350	351	-2.7698195324748904	5.014615058898926	15	14
322	323	351	352	-13.144964157963777	4.900092124938965	15	14
321	322	352	353	-11.949102200627385	5.275167942047119	15	14
320	321	353	354	3.3575683977453665	4.400497913360596	15	14
353	354	364	365	-10.915220321268011	4.518110275268555	16	15
352	353	365	366	-2.0826569268788493	5.429196834564209	16	15
351	352	366	367	-6.722181245678508	4.251071453094482	16	15
350	351	367	368	-1.9474672280950311	5.197145462036133	16	15
349	350	368	369	-13.455818255546314	4.584352493286133	16	15
348	349	369	370	-14.491487177826578	5.0132737159729	16	15
347	348	370	371	-5.854603396919344	4.517432689666748	16	15
346	347	371	372	-1.4161898243000561	5.383005619049072	16	15
345	346	372	373	-22.19749514210958	4.418774127960205	16	15
344	345	373	374	-7.74104450667137	5.355917453765869	16	15
343	344	374	375	-9.626398993094291	4.075657844543457	16	15
371	372	380	381	-11.276274512079077	5.575736045837402	17	16
370	371	381	382	-8.405691034593113	4.479487419128418	17	16
369	370	382	383	-5.74004366189501	5.215166091918945	17	16
368	369	383	384	-6.344468865693415	4.648865699768066	17	16
367	368	384	385	-12.991536261401851	4.967474460601807	17	16
366	367	385	386	-16.182780645286844	4.679933071136475	17	16
365	366	386	387	-2.1028404382347694	5.193027019500732	17	16
364	365	387	388	-13.054505239422621	4.546721458435059	17	16
