713	714	148	149	5.124524215196856	4.400081634521484	0	21
712	713	149	150	-16.333800295283385	5.157998085021973	0	21
711	712	150	151	-6.749478205476339	4.3392333984375	0	21
710	711	151	152	-15.493871685582365	5.3385701179504395	0	21
709	710	152	153	-11.76937511343754	4.126227855682373	0	21
708	709	153	154	-27.823730198610516	5.639156818389893	0	21
153	154	158	159	-5.163631257804094	4.590473651885986	1	0
152	153	159	160	-11.637198137269051	4.4928412437438965	1	0
151	152	160	161	-3.688203745840626	5.166580677032471	1	0
150	151	161	162	9.271455061321682	4.636264801025391	1	0
149	150	162	163	10.353682974102474	5.206175804138184	1	0
148	149	163	164	-19.04608076386667	4.211745262145996	1	0
147	148	164	165	-3.6643527785082557	5.012465953826904	1	0
146	147	165	166	4.81698266648231	4.293802738189697	1	0
168	169	173	174	-30.112212708779172	5.533945560455322	2	1
167	168	174	175	-1.4035586795006336	4.224205493927002	2	1
166	167	175	176	-14.502272101989778	5.401305675506592	2	1
165	166	176	177	-0.6544088901361678	4.143345355987549	2	1
164	165	177	178	-5.711746078666713	5.549531936645508	2	1
163	164	178	179	-4.806752117850108	4.215102672576904	2	1
162	163	179	180	-7.190067754368308	5.296257972717285	2	1
161	162	180	181	-2.2910267942236477	4.684266090393066	2	1
160	161	181	182	6.683259730569139	5.3013787269592285	2	1
159	160	182	183	16.73236518443386	4.378507614135742	2	1
158	159	183	184	2.7182634125479406	5.390397071838379	2	1
183	184	195	196	7.101467380730278	5.260275363922119	3	2
182	183	196	197	-4.967415209003241	4.3271307945251465	3	2
181	182	197	198	-10.194087186546188	5.242396354675293	3	2
180	181	198	199	5.097352136703746	4.639002799987793	3	2
179	180	199	200	-5.286648648050699	4.881927967071533	3	2
178	179	200	201	-3.9903780633973387	4.404829978942871	3	2
177	178	201	202	0.8659804825884546	5.0970330238342285	3	2
176	177	202	203	-8.566186595566961	4.012094497680664	3	2
175	176	203	204	-12.283852459744516	5.293542385101318	3	2
174	175	204	205	-15.842340438545838	4.144341945648193	3	2
173	174	205	206	-5.912399252053535	5.4275803565979	3	2
205	206	213	214	-53.61691004261462	5.562800407409668	4	3
205	206	214	215	-6.958094277362308	5.19594669342041	4	3
204	205	215	216	-15.233534240191112	4.223541736602783	4	3
203	204	216	217	4.712432770768332	5.399783611297607	4	3
202	203	217	218	-5.370399354299856	4.076435565948486	4	3
200	201	218	219	64.57156834742295	5.540317535400391	4	3
200	201	219	220	0.8280097270447356	4.390017986297607	4	3
198	199	220	221	43.73533062261717	5.252681732177734	4	3
198	199	221	222	-20.151612038428535	4.204465866088867	4	3
197	198	222	223	-7.799404431983833	5.571343898773193	4	3
196	197	223	224	-26.182085221205643	4.249355792999268	4	3
195	196	224	225	-9.984576096462872	5.2287139892578125	4	3
194	195	225	226	12.622471087802234	4.5860137939453125	4	3
225	226	261	262	-33.41035467425637	4.724827766418457	5	4
224	225	262	263	-15.200065470991785	5.077178955078125	5	4
223	224	263	264	-2.0380122312035676	4.772322177886963	5	4
222	223	264	265	5.581584215208979	5.147668361663818	5	4
221	222	265	266	2.1407330746968563	4.409373760223389	5	4
220	221	266	267	0.7297090073236323	5.31963586807251	5	4
219	220	267	268	-4.982754296655233	4.627638816833496	5	4
218	219	268	269	-2.009388231463799	4.987051963806152	5	4
217	218	269	270	-17.133290590042996	4.513731479644775	5	4
216	217	270	271	-7.6012319405961675	5.1896467208862305	5	4
215	216	271	272	-9.110590448370312	4.797454833984375	5	4
214	215	272	273	-3.9022267621236795	5.147671699523926	5	4
213	214	273	274	-14.346451939369292	4.511455535888672	5	4
276	277	281	282	-43.06947961581451	5.486509799957275	6	5
275	276	282	283	-25.26477849362241	4.214605808258057	6	5
274	275	283	284	-7.8409127767200895	5.385394096374512	6	5
273	274	284	285	-9.195631795064882	4.379305362701416	6	5
272	273	285	286	-5.365991286979734	5.263890266418457	6	5
271	272	286	287	-6.878605237171877	4.309363842010498	6	5
270	271	287	288	-6.165740572843296	5.198670864105225	6	5
269	270	288	289	-14.863084856627458	4.393601417541504	6	5
268	269	289	290	-9.774858776885441	5.118705749511719	6	5
267	268	290	291	-2.9458793614281196	4.422635555267334	6	5
266	267	291	292	5.493413198014298	5.1248908042907715	6	5
265	266	292	293	1.8168997457667244	4.555767059326172	6	5
264	265	293	294	-2.3725607558401425	5.037174701690674	6	5
263	264	294	295	-5.535998093538052	4.560127258300781	6	5
262	263	295	296	-0.8766423209875268	5.2318620681762695	6	5
261	262	296	297	26.469018821267117	4.192634105682373	6	5
296	297	318	319	39.949401608034144	5.607943058013916	7	6
296	297	319	320	13.399541029731113	4.390650272369385	7	6
295	296	320	321	12.247378671553436	5.626894474029541	7	6
294	295	321	322	12.20343737923665	4.42036771774292	7	6
293	294	322	323	3.426817138016369	5.164050102233887	7	6
292	293	323	324	-10.787477842418937	4.576741695404053	7	6
291	292	324	325	-15.023311301124899	5.113379955291748	7	6
290	291	325	326	-10.954629908201635	4.530678749084473	7	6
289	290	326	327	-11.787264713707854	5.049164295196533	7	6
288	289	327	328	-8.982919545438703	4.6665754318237305	7	6
287	288	328	329	-11.507828113537634	5.188164234161377	7	6
286	287	329	330	-6.5021081573606665	4.410557270050049	7	6
285	286	330	331	-7.376204993305973	5.220510959625244	7	6
284	285	331	332	-14.662358616747388	4.474575519561768	7	6
283	284	332	333	-16.014662481183752	5.2764811515808105	7	6
282	283	333	334	-22.977971787770652	4.477111339569092	7	6
281	282	334	335	-30.186552414376308	5.347021102905273	7	6
280	281	335	336	53.914206252360756	4.373743057250977	7	6
336	337	344	345	-6.209422130133519	5.1120219230651855	8	7
335	336	345	346	-43.30839573869547	4.535349369049072	8	7
333	334	346	347	53.80111056172326	5.509263515472412	8	7
333	334	347	348	-16.353677796930658	4.346827030181885	8	7
332	333	348	349	-29.4079234190893	5.278853893280029	8	7
331	332	349	350	14.618223585114931	4.2141313552856445	8	7
330	331	350	351	-16.056053055960845	5.402276515960693	8	7
329	330	351	352	1.5914936563338125	4.4271159172058105	8	7
328	329	352	353	-6.090223486678988	5.353262424468994	8	7
327	328	353	354	5.809294811075921	4.19126033782959	8	7
326	327	354	355	-4.054367730470281	5.449563026428223	8	7
325	326	355	356	-10.2176926801223	4.189107894897461	8	7
324	325	356	357	-7.270031163167922	5.466908931732178	8	7
323	324	357	358	-10.381952418846064	4.158512592315674	8	7
322	323	358	359	-4.439360710257995	5.2504401206970215	8	7
321	322	359	360	-6.744361008606698	4.552371501922607	8	7
320	321	360	361	-41.72867937958183	4.915590286254883	8	7
319	320	361	362	-32.61338201534036	4.144942283630371	8	7
364	365	402	403	-33.238641293191264	5.220475673675537	9	8
363	364	403	404	-30.85244045052902	4.769400596618652	9	8
362	363	404	405	-39.51986346181238	5.089106559753418	9	8
361	362	405	406	-58.44730152892953	4.63486909866333	9	8
359	360	406	407	-17.049316506758334	5.372016906738281	9	8
359	360	407	408	-68.90589515692186	4.0141119956970215	9	8
359	360	408	409	10.064249284507941	4.74273157119751	9	8
358	359	409	410	-23.79198662426168	5.462787628173828	9	8
357	358	410	411	-8.96834133013259	4.432909965515137	9	8
356	357	411	412	-11.22345334053007	5.144856929779053	9	8
355	356	412	413	-10.331964581324776	4.51747465133667	9	8
354	355	413	414	-0.23771263782885818	5.183965682983398	9	8
353	354	414	415	-7.107205793306673	4.397831916809082	9	8
352	353	415	416	-0.5346364934772923	5.190743446350098	9	8
351	352	416	417	-0.25051918804790835	4.519286155700684	9	8
350	351	417	418	-11.624808509111011	5.159829139709473	9	8
349	350	418	419	-24.373475691790937	4.166900634765625	9	8
348	349	419	420	3.095938068999834	5.4820637702941895	9	8
347	348	420	421	-0.3935079700318368	4.393410682678223	9	8
346	347	421	422	0.777545117443123	5.100778102874756	9	8
345	346	422	423	-20.921689178156615	4.2298784255981445	9	8
344	345	423	424	-19.43746980212623	5.136958599090576	9	8
425	426	430	431	-36.39785302265246	5.409848213195801	10	9
424	425	431	432	-20.606576161753743	4.5494256019592285	10	9
423	424	432	433	-12.379201528660875	5.006976127624512	10	9
422	423	433	434	-6.990802662523402	4.290064334869385	10	9
421	422	434	435	-6.3105448936864414	5.302242279052734	10	9
420	421	435	436	9.662585060448517	4.3268914222717285	10	9
419	420	436	437	2.7114331463986745	5.422761917114258	10	9
418	419	437	438	-15.008356662768609	4.113219261169434	10	9
416	417	438	439	33.31930582089571	5.495319843292236	10	9
416	417	439	440	-23.13970866050201	4.4117045402526855	10	9
415	416	440	441	-1.347207467538532	5.258802890777588	10	9
414	415	441	442	-6.261734627561868	4.667044162750244	10	9
413	414	442	443	-8.766048477324608	5.2680487632751465	10	9
412	413	443	444	-9.777285283408206	4.409820556640625	10	9
411	412	444	445	-8.293722511795742	5.228727340698242	10	9
410	411	445	446	-22.329459577042204	4.245783805847168	10	9
409	410	446	447	4.4056019164562175	5.374890327453613	10	9
446	447	456	457	-24.841414268244247	5.370190143585205	11	10
445	446	457	458	-14.798203728717462	4.417781829833984	11	10
444	445	458	459	-6.7451359050048465	5.240056037902832	11	10
443	444	459	460	2.4173651511962397	4.2656097412109375	11	10
442	443	460	461	-0.9830277559137934	5.211110591888428	11	10
441	442	461	462	-13.692930287810071	4.517143726348877	11	10
440	441	462	463	-16.13891719785478	5.214513778686523	11	10
439	440	463	464	-2.6362434982382195	4.299844741821289	11	10
438	439	464	465	-22.416270974534253	5.4654622077941895	11	10
437	438	465	466	-23.281760397466957	4.460348129272461	11	10
436	437	466	467	-19.76213634106976	5.3050618171691895	11	10
435	436	467	468	10.442235188098849	4.390480995178223	11	10
434	435	468	469	9.379159360914725	4.81558895111084	11	10
433	434	469	470	1.4170809968033273	4.703821659088135	11	10
432	433	470	471	-25.32538431476963	4.819469451904297	11	10
431	432	471	472	-15.765458416682264	4.771651268005371	11	10
430	431	472	473	-11.19286201973594	5.0431013107299805	11	10
429	430	473	474	-20.081651829402073	4.982634544372559	11	10
473	474	480	481	-30.9912351730104	4.477581024169922	12	11
472	473	481	482	-29.28340207012967	5.239412307739258	12	11
471	472	482	483	4.183991861101959	4.359609127044678	12	11
469	470	483	484	35.31404665376235	5.620185852050781	12	11
469	470	484	485	-3.0493204661071083	3.9703521728515625	12	11
468	469	485	486	0.9192108635269562	5.3973846435546875	12	11
467	468	486	487	3.741359047953913	4.126992225646973	12	11
465	466	487	488	74.96683826945059	5.58129358291626	12	11
489	490	515	516	-21.181734472888014	4.967737674713135	13	12
488	489	516	517	-20.975918167360273	4.68507194519043	13	12
487	488	517	518	-23.341763508490946	4.915518760681152	13	12
486	487	518	519	-16.70503251994279	4.265466213226318	13	12
485	486	519	520	-1.0387599673316577	5.349812030792236	13	12
484	485	520	521	-18.52643514038254	4.70058012008667	13	12
483	484	521	522	-11.011092045642014	5.299708843231201	13	12
482	483	522	523	-14.271222067304937	4.345259189605713	13	12
481	482	523	524	-21.35439619842513	5.288259029388428	13	12
480	481	524	525	-5.257493127521681	4.3380889892578125	13	12
527	528	533	534	-31.787393784030026	5.0421857833862305	14	13
526	527	534	535	-18.722755945451077	4.485637664794922	14	13
525	526	535	536	-1.9480768155493238	5.293337345123291	14	13
524	525	536	537	-3.7080611355265742	4.438847064971924	14	13
523	524	537	538	3.4355707826007	5.407745838165283	14	13
522	523	538	539	-24.94665631360442	4.099417209625244	14	13
521	522	539	540	-13.94329715993839	5.484436988830566	14	13
520	521	540	541	4.073769421426453	4.210452556610107	14	13
519	520	541	542	3.5559619857243057	5.332420349121094	14	13
518	519	542	543	-16.465016999505927	4.248879909515381	14	13
516	517	543	544	22.189586700422915	5.495217800140381	14	13
516	517	544	545	-64.54482538620894	4.036603927612305	14	13
516	517	545	546	19.188872238544594	5.732882499694824	14	13
515	516	546	547	38.094032720013246	5.039222717285156	14	13
550	551	555	556	-46.336741670394765	5.375155925750732	15	14
549	550	556	557	-34.931349047249135	4.375365734100342	15	14
548	549	557	558	-35.304030440674865	5.599166393280029	15	14
547	548	558	559	-59.65663727188654	4.1741132736206055	15	14
546	547	560	561	-66.93556189969243	4.368998050689697	15	14
544	545	561	562	42.98735306932057	4.672686576843262	15	14
543	544	562	563	-1.0562238490484488	5.4390997886657715	15	14
542	543	563	564	-15.450519777743732	4.045216083526611	15	14
541	542	564	565	-16.656048663512077	5.308601379394531	15	14
540	541	565	566	-24.707002368720016	4.50843620300293	15	14
539	540	566	567	-20.920658619825023	5.385490894317627	15	14
538	539	567	568	-12.156897637955218	4.523837566375732	15	14
537	538	568	569	-1.694411992536483	5.253058910369873	15	14
536	537	569	570	-5.0829548855060995	4.434089183807373	15	14
535	536	570	571	-8.157146750841497	4.9780707359313965	15	14
534	535	571	572	-7.720150768485751	4.563408374786377	15	14
533	534	572	573	-23.582811259632518	5.41931676864624	15	14
532	533	573	574	54.90572600385879	4.489099979400635	15	14
573	574	580	581	-31.733014386554	4.224503040313721	16	15
571	572	581	582	77.63223926447624	5.461038589477539	16	15
571	572	582	583	5.768681229225347	4.438897132873535	16	15
570	571	583	584	-11.290211205639821	5.146420478820801	16	15
569	570	584	585	-0.8959025764876928	4.383829116821289	16	15
568	569	585	586	-8.851959507086006	5.130847930908203	16	15
567	568	586	587	0.29316270009960765	4.418788433074951	16	15
566	567	587	588	14.208607994353	5.110830783843994	16	15
565	566	588	589	-27.648826901775816	4.4005045890808105	16	15
564	565	589	590	-16.262494668071795	5.058201313018799	16	15
563	564	590	591	-12.31475864622137	4.193081378936768	16	15
562	563	591	592	4.350736294386062	5.399270057678223	16	15
561	562	592	593	-52.544506708090495	4.590786457061768	16	15
561	562	593	594	31.076426662081268	4.945886135101318	16	15
587	588	620	621	-24.90992710530201	4.708596229553223	17	16
586	587	621	622	-4.705555969665263	4.5113091468811035	17	16
585	586	622	623	-7.678156255886579	5.371241092681885	17	16
584	585	623	624	4.756697295974073	4.2728190422058105	17	16
583	584	624	625	12.560692629845928	5.260255813598633	17	16
582	583	625	626	1.9284629980653043	4.333337306976318	17	16
581	582	626	627	-3.774889903058439	5.183892726898193	17	16
580	581	627	628	-12.538580260976238	4.423152923583984	17	16
579	580	628	629	-11.320411088675018	5.419532299041748	17	16
629	630	636	637	-30.227541747387487	4.4357147216796875	18	17
628	629	637	638	-15.101770167548604	5.506737232208252	18	17
627	628	638	639	-23.17304204851999	4.081640720367432	18	17
626	627	639	640	-15.361456734126786	5.509273052215576	18	17
625	626	640	641	9.266544921839023	4.313077926635742	18	17
624	625	641	642	10.886080885570847	5.215611934661865	18	17
623	624	642	643	-6.285557991707541	4.471075534820557	18	17
622	623	643	644	9.462087148385756	5.125065803527832	18	17
621	622	644	645	-3.4987564513794807	4.291308879852295	18	17
620	621	645	646	15.139376190649529	5.426783561706543	18	17
648	649	655	656	-44.13940656591905	5.50139856338501	19	18
647	648	656	657	-14.387226414825017	4.200176239013672	19	18
646	647	657	658	-3.6363695191335004	5.496959686279297	19	18
645	646	658	659	-2.476987680874317	4.315422534942627	19	18
644	645	659	660	23.26006896588984	4.124375343322754	19	18
643	644	660	661	-4.725541909264697	5.653830051422119	19	18
642	643	661	662	-16.74147238208994	4.358239650726318	19	18
641	642	662	663	-20.282975651608574	5.153773784637451	19	18
640	641	663	664	-16.8198984933333	4.543813228607178	19	18
639	640	664	665	-13.339043678892759	4.821987628936768	19	18
638	639	665	666	-6.15282584009594	4.491800308227539	19	18
637	638	666	667	-13.530943332561375	4.65561056137085	19	18
636	637	667	668	-12.007437631926994	4.424768924713135	19	18
635	636	668	669	-8.237676745884986	5.169753551483154	19	18
670	671	675	676	-45.04931768523429	5.441076278686523	20	19
669	670	676	677	-21.497928593377303	4.536288261413574	20	19
668	669	677	678	-12.219306652911069	5.209692001342773	20	19
667	668	678	679	-6.058647639919008	4.285114765167236	20	19
666	667	679	680	1.361318365975718	5.251224040985107	20	19
665	666	680	681	-19.929003751631875	4.4829864501953125	20	19
664	665	681	682	12.597107041761967	5.145645618438721	20	19
663	664	682	683	-3.687211209475354	4.766483306884766	20	19
662	663	683	684	-135.56724695840765	5.118522644042969	20	19
662	663	684	685	-51.22032328033269	5.2731032371521	20	19
692	693	699	700	-3.1167103698481076	4.373137474060059	21	20
691	692	700	701	13.741307756632851	4.996955394744873	21	20
689	690	701	702	-68.61613943001089	4.323783874511719	21	20
689	690	702	703	30.071147291327563	5.157299518585205	21	20
685	686	704	705	53.35747423165783	5.321274757385254	21	20
685	686	705	706	28.10855287752768	4.562689304351807	21	20
681	682	706	707	-24.052789926091002	5.1939826011657715	21	20
680	681	707	708	-7.657375628308531	4.396219253540039	21	20
679	680	708	709	-11.105530916441262	5.127964973449707	21	20
678	679	709	710	-13.946245127991238	4.52609920501709	21	20
677	678	710	711	-22.426023384405195	5.090023994445801	21	20
676	677	711	712	-30.262670683078703	4.715456962585449	21	20
675	676	712	713	-18.096215980764352	5.127807140350342	21	20
674	675	713	714	-22.339992215595405	4.6593852043151855	21	20
713	714	148	149	5.124524215196856	4.400081634521484	0	21
712	713	149	150	-16.333800295283385	5.157998085021973	0	21
711	712	150	151	-6.749478205476339	4.3392333984375	0	21
710	711	151	152	-15.493871685582365	5.3385701179504395	0	21
709	710	152	153	-11.76937511343754	4.126227855682373	0	21
708	709	153	154	-27.823730198610516	5.639156818389893	0	21
153	154	158	159	-5.163631257804094	4.590473651885986	1	0
152	153	159	160	-11.637198137269051	4.4928412437438965	1	0
151	152	160	161	-3.688203745840626	5.166580677032471	1	0
150	151	161	162	9.271455061321682	4.636264801025391	1	0
149	150	162	163	10.353682974102474	5.206175804138184	1	0
148	149	163	164	-19.04608076386667	4.211745262145996	1	0
147	148	164	165	-3.6643527785082557	5.012465953826904	1	0
146	147	165	166	4.81698266648231	4.293802738189697	1	0
168	169	173	174	-30.112212708779172	5.533945560455322	2	1
167	168	174	175	-1.4035586795006336	4.224205493927002	2	1
166	167	175	176	-14.502272101989778	5.401305675506592	2	1
165	166	176	177	-0.6544088901361678	4.143345355987549	2	1
164	165	177	178	-5.711746078666713	5.549531936645508	2	1
163	164	178	179	-4.806752117850108	4.215102672576904	2	1
162	163	179	180	-7.190067754368308	5.296257972717285	2	1
161	162	180	181	-2.2910267942236477	4.684266090393066	2	1
160	161	181	182	6.683259730569139	5.3013787269592285	2	1
159	160	182	183	16.73236518443386	4.378507614135742	2	1
158	159	183	184	2.7182634125479406	5.390397071838379	2	1
183	184	195	196	7.101467380730278	5.260275363922119	3	2
182	183	196	197	-4.967415209003241	4.3271307945251465	3	2
181	182	197	198	-10.194087186546188	5.242396354675293	3	2
180	181	198	199	5.097352136703746	4.639002799987793	3	2
179	180	199	200	-5.286648648050699	4.881927967071533	3	2
178	179	200	201	-3.9903780633973387	4.404829978942871	3	2
177	178	201	202	0.8659804825884546	5.0970330238342285	3	2
176	177	202	203	-8.566186595566961	4.012094497680664	3	2
175	176	203	204	-12.283852459744516	5.293542385101318	3	2
174	175	204	205	-15.842340438545838	4.144341945648193	3	2
173	174	205	206	-5.912399252053535	5.4275803565979	3	2
205	206	213	214	-53.61691004261462	5.562800407409668	4	3
205	206	214	215	-6.958094277362308	5.19594669342041	4	3
204	205	215	216	-15.233534240191112	4.223541736602783	4	3
203	204	216	217	4.712432770768332	5.399783611297607	4	3
202	203	217	218	-5.370399354299856	4.076435565948486	4	3
200	201	218	219	64.57156834742295	5.540317535400391	4	3
200	201	219	220	0.8280097270447356	4.390017986297607	4	3
198	199	220	221	43.73533062261717	5.252681732177734	4	3
198	199	221	222	-20.151612038428535	4.204465866088867	4	3
197	198	222	223	-7.799404431983833	5.571343898773193	4	3
196	197	223	224	-26.182085221205643	4.249355792999268	4	3
195	196	224	225	-9.984576096462872	5.2287139892578125	4	3
194	195	225	226	12.622471087802234	4.5860137939453125	4	3
225	226	261	262	-33.41035467425637	4.724827766418457	5	4
224	225	262	263	-15.200065470991785	5.077178955078125	5	4
223	224	263	264	-2.0380122312035676	4.772322177886963	5	4
222	223	264	265	5.581584215208979	5.147668361663818	5	4
221	222	265	266	2.1407330746968563	4.409373760223389	5	4
220	221	266	267	0.7297090073236323	5.31963586807251	5	4
219	220	267	268	-4.982754296655233	4.627638816833496	5	4
218	219	268	269	-2.009388231463799	4.987051963806152	5	4
217	218	269	270	-17.133290590042996	4.513731479644775	5	4
216	217	270	271	-7.6012319405961675	5.1896467208862305	5	4
215	216	271	272	-9.110590448370312	4.797454833984375	5	4
214	215	272	273	-3.9022267621236795	5.147671699523926	5	4
213	214	273	274	-14.346451939369292	4.511455535888672	5	4
276	277	281	282	-43.06947961581451	5.486509799957275	6	5
275	276	282	283	-25.26477849362241	4.214605808258057	6	5
274	275	283	284	-7.8409127767200895	5.385394096374512	6	5
273	274	284	285	-9.195631795064882	4.379305362701416	6	5
272	273	285	286	-5.365991286979734	5.263890266418457	6	5
271	272	286	287	-6.878605237171877	4.309363842010498	6	5
270	271	287	288	-6.165740572843296	5.198670864105225	6	5
269	270	288	289	-14.863084856627458	4.393601417541504	6	5
268	269	289	290	-9.774858776885441	5.118705749511719	6	5
267	268	290	291	-2.9458793614281196	4.422635555267334	6	5
266	267	291	292	5.493413198014298	5.1248908042907715	6	5
265	266	292	293	1.8168997457667244	4.555767059326172	6	5
264	265	293	294	-2.3725607558401425	5.037174701690674	6	5
263	264	294	295	-5.535998093538052	4.560127258300781	6	5
262	263	295	296	-0.8766423209875268	5.2318620681762695	6	5
261	262	296	297	26.469018821267117	4.192634105682373	6	5
296	297	318	319	39.949401608034144	5.607943058013916	7	6
296	297	319	320	13.399541029731113	4.390650272369385	7	6
295	296	320	321	12.247378671553436	5.626894474029541	7	6
294	295	321	322	12.20343737923665	4.42036771774292	7	6
293	294	322	323	3.426817138016369	5.164050102233887	7	6
292	293	323	324	-10.787477842418937	4.576741695404053	7	6
291	292	324	325	-15.023311301124899	5.113379955291748	7	6
290	291	325	326	-10.954629908201635	4.530678749084473	7	6
289	290	326	327	-11.787264713707854	5.049164295196533	7	6
288	289	327	328	-8.982919545438703	4.6665754318237305	7	6
287	288	328	329	-11.507828113537634	5.188164234161377	7	6
286	287	329	330	-6.5021081573606665	4.410557270050049	7	6
285	286	330	331	-7.376204993305973	5.220510959625244	7	6
284	285	331	332	-14.662358616747388	4.474575519561768	7	6
283	284	332	333	-16.014662481183752	5.2764811515808105	7	6
282	283	333	334	-22.977971787770652	4.477111339569092	7	6
281	282	334	335	-30.186552414376308	5.347021102905273	7	6
280	281	335	336	53.914206252360756	4.373743057250977	7	6
336	337	344	345	-6.209422130133519	5.1120219230651855	8	7
335	336	345	346	-43.30839573869547	4.535349369049072	8	7
333	334	346	347	53.80111056172326	5.509263515472412	8	7
333	334	347	348	-16.353677796930658	4.346827030181885	8	7
332	333	348	349	-29.4079234190893	5.278853893280029	8	7
331	332	349	350	14.618223585114931	4.2141313552856445	8	7
330	331	350	351	-16.056053055960845	5.402276515960693	8	7
329	330	351	352	1.5914936563338125	4.4271159172058105	8	7
328	329	352	353	-6.090223486678988	5.353262424468994	8	7
327	328	353	354	5.809294811075921	4.19126033782959	8	7
326	327	354	355	-4.054367730470281	5.449563026428223	8	7
325	326	355	356	-10.2176926801223	4.189107894897461	8	7
324	325	356	357	-7.270031163167922	5.466908931732178	8	7
323	324	357	358	-10.381952418846064	4.158512592315674	8	7
322	323	358	359	-4.439360710257995	5.2504401206970215	8	7
321	322	359	360	-6.744361008606698	4.552371501922607	8	7
320	321	360	361	-41.72867937958183	4.915590286254883	8	7
319	320	361	362	-32.61338201534036	4.144942283630371	8	7
364	365	402	403	-33.238641293191264	5.220475673675537	9	8
363	364	403	404	-30.85244045052902	4.769400596618652	9	8
362	363	404	405	-39.51986346181238	5.089106559753418	9	8
361	362	405	406	-58.44730152892953	4.63486909866333	9	8
359	360	406	407	-17.049316506758334	5.372016906738281	9	8
359	360	407	408	-68.90589515692186	4.0141119956970215	9	8
359	360	408	409	10.064249284507941	4.74273157119751	9	8
358	359	409	410	-23.79198662426168	5.462787628173828	9	8
357	358	410	411	-8.96834133013259	4.432909965515137	9	8
356	357	411	412	-11.22345334053007	5.144856929779053	9	8
355	356	412	413	-10.331964581324776	4.51747465133667	9	8
354	355	413	414	-0.23771263782885818	5.183965682983398	9	8
353	354	414	415	-7.107205793306673	4.397831916809082	9	8
352	353	415	416	-0.5346364934772923	5.190743446350098	9	8
351	352	416	417	-0.25051918804790835	4.519286155700684	9	8
350	351	417	418	-11.624808509111011	5.159829139709473	9	8
349	350	418	419	-24.373475691790937	4.166900634765625	9	8
348	349	419	420	3.095938068999834	5.4820637702941895	9	8
347	348	420	421	-0.3935079700318368	4.393410682678223	9	8
346	347	421	422	0.777545117443123	5.100778102874756	9	8
345	346	422	423	-20.921689178156615	4.2298784255981445	9	8
344	345	423	424	-19.43746980212623	5.136958599090576	9	8
425	426	430	431	-36.39785302265246	5.409848213195801	10	9
424	425	431	432	-20.606576161753743	4.5494256019592285	10	9
423	424	432	433	-12.379201528660875	5.006976127624512	10	9
422	423	433	434	-6.990802662523402	4.290064334869385	10	9
421	422	434	435	-6.3105448936864414	5.302242279052734	10	9
420	421	435	436	9.662585060448517	4.3268914222717285	10	9
419	420	436	437	2.7114331463986745	5.422761917114258	10	9
418	419	437	438	-15.008356662768609	4.113219261169434	10	9
416	417	438	439	33.31930582089571	5.495319843292236	10	9
416	417	439	440	-23.13970866050201	4.4117045402526855	10	9
415	416	440	441	-1.347207467538532	5.258802890777588	10	9
414	415	441	442	-6.261734627561868	4.667044162750244	10	9
413	414	442	443	-8.766048477324608	5.2680487632751465	10	9
412	413	443	444	-9.777285283408206	4.409820556640625	10	9
411	412	444	445	-8.293722511795742	5.228727340698242	10	9
410	411	445	446	-22.329459577042204	4.245783805847168	10	9
409	410	446	447	4.4056019164562175	5.374890327453613	10	9
446	447	456	457	-24.841414268244247	5.370190143585205	11	10
445	446	457	458	-14.798203728717462	4.417781829833984	11	10
444	445	458	459	-6.7451359050048465	5.240056037902832	11	10
443	444	459	460	2.4173651511962397	4.2656097412109375	11	10
442	443	460	461	-0.9830277559137934	5.211110591888428	11	10
441	442	461	462	-13.692930287810071	4.517143726348877	11	10
440	441	462	463	-16.13891719785478	5.214513778686523	11	10
439	440	463	464	-2.6362434982382195	4.299844741821289	11	10
438	439	464	465	-22.416270974534253	5.4654622077941895	11	10
437	438	465	466	-23.281760397466957	4.460348129272461	11	10
436	437	466	467	-19.76213634106976	5.3050618171691895	11	10
435	436	467	468	10.442235188098849	4.390480995178223	11	10
434	435	468	469	9.379159360914725	4.81558895111084	11	10
433	434	469	470	1.4170809968033273	4.703821659088135	11	10
432	433	470	471	-25.32538431476963	4.819469451904297	11	10
431	432	471	472	-15.765458416682264	4.771651268005371	11	10
430	431	472	473	-11.19286201973594	5.0431013107299805	11	10
429	430	473	474	-20.081651829402073	4.982634544372559	11	10
473	474	480	481	-30.9912351730104	4.477581024169922	12	11
472	473	481	482	-29.28340207012967	5.239412307739258	12	11
471	472	482	483	4.183991861101959	4.359609127044678	12	11
469	470	483	484	35.31404665376235	5.620185852050781	12	11
469	470	484	485	-3.0493204661071083	3.9703521728515625	12	11
468	469	485	486	0.9192108635269562	5.3973846435546875	12	11
467	468	486	487	3.741359047953913	4.126992225646973	12	11
465	466	487	488	74.96683826945059	5.58129358291626	12	11
489	490	515	516	-21.181734472888014	4.967737674713135	13	12
488	489	516	517	-20.975918167360273	4.68507194519043	13	12
487	488	517	518	-23.341763508490946	4.915518760681152	13	12
486	487	518	519	-16.70503251994279	4.265466213226318	13	12
485	486	519	520	-1.0387599673316577	5.349812030792236	13	12
484	485	520	521	-18.52643514038254	4.70058012008667	13	12
483	484	521	522	-11.011092045642014	5.299708843231201	13	12
482	483	522	523	-14.271222067304937	4.345259189605713	13	12
481	482	523	524	-21.35439619842513	5.288259029388428	13	12
480	481	524	525	-5.257493127521681	4.3380889892578125	13	12
527	528	533	534	-31.787393784030026	5.0421857833862305	14	13
526	527	534	535	-18.722755945451077	4.485637664794922	14	13
525	526	535	536	-1.9480768155493238	5.293337345123291	14	13
524	525	536	537	-3.7080611355265742	4.438847064971924	14	13
523	524	537	538	3.4355707826007	5.407745838165283	14	13
522	523	538	539	-24.94665631360442	4.099417209625244	14	13
521	522	539	540	-13.94329715993839	5.484436988830566	14	13
520	521	540	541	4.073769421426453	4.210452556610107	14	13
519	520	541	542	3.5559619857243057	5.332420349121094	14	13
518	519	542	543	-16.465016999505927	4.248879909515381	14	13
516	517	543	544	22.189586700422915	5.495217800140381	14	13
516	517	544	545	-64.54482538620894	4.036603927612305	14	13
516	517	545	546	19.188872238544594	5.732882499694824	14	13
515	516	546	547	38.094032720013246	5.039222717285156	14	13
550	551	555	556	-46.336741670394765	5.375155925750732	15	14
549	550	556	557	-34.931349047249135	4.375365734100342	15	14
548	549	557	558	-35.304030440674865	5.599166393280029	15	14
547	548	558	559	-59.65663727188654	4.1741132736206055	15	14
546	547	560	561	-66.93556189969243	4.368998050689697	15	14
544	545	561	562	42.98735306932057	4.672686576843262	15	14
543	544	562	563	-1.0562238490484488	5.4390997886657715	15	14
542	543	563	564	-15.450519777743732	4.045216083526611	15	14
541	542	564	565	-16.656048663512077	5.308601379394531	15	14
540	541	565	566	-24.707002368720016	4.50843620300293	15	14
539	540	566	567	-20.920658619825023	5.385490894317627	15	14
538	539	567	568	-12.156897637955218	4.523837566375732	15	14
537	538	568	569	-1.694411992536483	5.253058910369873	15	14
536	537	569	570	-5.0829548855060995	4.434089183807373	15	14
535	536	570	571	-8.157146750841497	4.9780707359313965	15	14
534	535	571	572	-7.720150768485751	4.563408374786377	15	14
533	534	572	573	-23.582811259632518	5.41931676864624	15	14
532	533	573	574	54.90572600385879	4.489099979400635	15	14
573	574	580	581	-31.733014386554	4.224503040313721	16	15
571	572	581	582	77.63223926447624	5.461038589477539	16	15
571	572	582	583	5.768681229225347	4.438897132873535	16	15
570	571	583	584	-11.290211205639821	5.146420478820801	16	15
569	570	584	585	-0.8959025764876928	4.383829116821289	16	15
568	569	585	586	-8.851959507086006	5.130847930908203	16	15
567	568	586	587	0.29316270009960765	4.418788433074951	16	15
566	567	587	588	14.208607994353	5.110830783843994	16	15
565	566	588	589	-27.648826901775816	4.4005045890808105	16	15
564	565	589	590	-16.262494668071795	5.058201313018799	16	15
563	564	590	591	-12.31475864622137	4.193081378936768	16	15
562	563	591	592	4.350736294386062	5.399270057678223	16	15
561	562	592	593	-52.544506708090495	4.590786457061768	16	15
561	562	593	594	31.076426662081268	4.945886135101318	16	15
587	588	620	621	-24.90992710530201	4.708596229553223	17	16
586	587	621	622	-4.705555969665263	4.5113091468811035	17	16
585	586	622	623	-7.678156255886579	5.371241092681885	17	16
584	585	623	624	4.756697295974073	4.2728190422058105	17	16
583	584	624	625	12.560692629845928	5.260255813598633	17	16
582	583	625	626	1.9284629980653043	4.333337306976318	17	16
581	582	626	627	-3.774889903058439	5.183892726898193	17	16
580	581	627	628	-12.538580260976238	4.423152923583984	17	16
579	580	628	629	-11.320411088675018	5.419532299041748	17	16
629	630	636	637	-30.227541747387487	4.4357147216796875	18	17
628	629	637	638	-15.101770167548604	5.506737232208252	18	17
627	628	638	639	-23.17304204851999	4.081640720367432	18	17
626	627	639	640	-15.361456734126786	5.509273052215576	18	17
625	626	640	641	9.266544921839023	4.313077926635742	18	17
624	625	641	642	10.886080885570847	5.215611934661865	18	17
623	624	642	643	-6.285557991707541	4.471075534820557	18	17
622	623	643	644	9.462087148385756	5.125065803527832	18	17
621	622	644	645	-3.4987564513794807	4.291308879852295	18	17
620	621	645	646	15.139376190649529	5.426783561706543	18	17
648	649	655	656	-44.13940656591905	5.50139856338501	19	18
647	648	656	657	-14.387226414825017	4.200176239013672	19	18
646	647	657	658	-3.6363695191335004	5.496959686279297	19	18
645	646	658	659	-2.476987680874317	4.315422534942627	19	18
644	645	659	660	23.26006896588984	4.124375343322754	19	18
643	644	660	661	-4.725541909264697	5.653830051422119	19	18
642	643	661	662	-16.74147238208994	4.358239650726318	19	18
641	642	662	663	-20.282975651608574	5.153773784637451	19	18
640	641	663	664	-16.8198984933333	4.543813228607178	19	18
639	640	664	665	-13.339043678892759	4.821987628936768	19	18
638	639	665	666	-6.15282584009594	4.491800308227539	19	18
637	638	666	667	-13.530943332561375	4.65561056137085	19	18
636	637	667	668	-12.007437631926994	4.424768924713135	19	18
635	636	668	669	-8.237676745884986	5.169753551483154	19	18
670	671	675	676	-45.04931768523429	5.441076278686523	20	19
669	670	676	677	-21.497928593377303	4.536288261413574	20	19
668	669	677	678	-12.219306652911069	5.209692001342773	20	19
667	668	678	679	-6.058647639919008	4.285114765167236	20	19
666	667	679	680	1.361318365975718	5.251224040985107	20	19
665	666	680	681	-19.929003751631875	4.4829864501953125	20	19
664	665	681	682	12.597107041761967	5.145645618438721	20	19
663	664	682	683	-3.687211209475354	4.766483306884766	20	19
662	663	683	684	-135.56724695840765	5.118522644042969	20	19
662	663	684	685	-51.22032328033269	5.2731032371521	20	19
692	693	699	700	-3.1167103698481076	4.373137474060059	21	20
691	692	700	701	13.741307756632851	4.996955394744873	21	20
689	690	701	702	-68.61613943001089	4.323783874511719	21	20
689	690	702	703	30.071147291327563	5.157299518585205	21	20
685	686	704	705	53.35747423165783	5.321274757385254	21	20
685	686	705	706	28.10855287752768	4.562689304351807	21	20
681	682	706	707	-24.052789926091002	5.1939826011657715	21	20
680	681	707	708	-7.657375628308531	4.396219253540039	21	20
679	680	708	709	-11.105530916441262	5.127964973449707	21	20
678	679	709	710	-13.946245127991238	4.52609920501709	21	20
677	678	710	711	-22.426023384405195	5.090023994445801	21	20
676	677	711	712	-30.262670683078703	4.715456962585449	21	20
675	676	712	713	-18.096215980764352	5.127807140350342	21	20
674	675	713	714	-22.339992215595405	4.6593852043151855	21	20
