809	810	427	428	-48.32301146175646	5.227301597595215	0	15
809	810	428	429	-15.203556466882647	4.794948577880859	0	15
808	809	429	430	-17.43829416568202	4.253396034240723	0	15
807	808	430	431	-7.951820921307294	5.665547847747803	0	15
806	807	431	432	-2.642272667246262	4.144638538360596	0	15
805	806	432	433	-10.311356119553825	5.10896110534668	0	15
804	805	433	434	31.010898499470976	4.160830497741699	0	15
432	433	437	438	-9.665311908164213	5.211962699890137	1	0
431	432	438	439	-27.1141642596584	4.38916540145874	1	0
430	431	439	440	-2.2908915477823704	4.915553092956543	1	0
429	430	440	441	-5.399892097077447	4.675788879394531	1	0
428	429	441	442	3.9393820064106655	4.58943510055542	1	0
427	428	442	443	-15.075204973078877	4.750869274139404	1	0
448	449	454	455	-63.902601884001804	5.670614719390869	2	1
446	447	455	456	17.85333011062301	4.609567165374756	2	1
444	445	456	457	45.857674024836534	5.528674125671387	2	1
444	445	457	458	10.930328125649282	3.6931746006011963	2	1
443	444	458	459	17.706244089803214	5.412818431854248	2	1
442	443	459	460	-15.812171502017383	4.3305583000183105	2	1
441	442	460	461	-17.114825233873947	5.408844470977783	2	1
440	441	461	462	-2.6303655224789244	4.731563091278076	2	1
461	462	467	468	-6.131173689229948	4.513973236083984	3	2
460	461	468	469	-0.9042322444898172	4.993444442749023	3	2
459	460	469	470	-7.073582642660475	4.2822065353393555	3	2
458	459	470	471	-11.781767374405511	5.176381587982178	3	2
457	458	471	472	-20.517403850699377	4.4807820320129395	3	2
456	457	472	473	-4.981883128747569	5.252975940704346	3	2
455	456	473	474	-11.112158244938197	4.469053745269775	3	2
454	455	474	475	-24.162938422217373	5.0415825843811035	3	2
478	479	483	484	5.173696185241707	5.048838138580322	4	3
475	476	484	485	13.82239036966242	4.050649642944336	4	3
474	475	485	486	-9.300239564500394	5.147747993469238	4	3
473	474	486	487	0.4474572360135267	4.120337963104248	4	3
472	473	487	488	-6.457660406793033	4.993894577026367	4	3
471	472	488	489	-10.049597572899986	4.3187174797058105	4	3
470	471	489	490	-10.96164736700134	5.231689929962158	4	3
469	470	490	491	-11.492800049258204	4.178666591644287	4	3
468	469	491	492	-0.16126087292322902	5.232256889343262	4	3
467	468	492	493	0.09802540910071694	4.524231433868408	4	3
466	467	493	494	-1.0652549313048378	5.232902526855469	4	3
465	466	494	495	-17.815302730201648	4.687798500061035	4	3
494	495	505	506	-10.209842430139995	4.824599266052246	5	4
493	494	506	507	1.339707033271824	5.090561866760254	5	4
492	493	507	508	-10.283356954037068	4.557701587677002	5	4
491	492	508	509	-18.356162899383108	5.2394208908081055	5	4
490	491	509	510	-0.8330849475953943	4.154200077056885	5	4
489	490	510	511	-26.575359427566674	5.546296119689941	5	4
488	489	511	512	-3.152027582545888	4.483842372894287	5	4
487	488	512	513	-3.6734109072927015	5.192115783691406	5	4
486	487	513	514	-23.134233152640217	4.413780689239502	5	4
485	486	514	515	-20.520355933711503	5.144395351409912	5	4
484	485	515	516	-20.350101821435484	4.837488651275635	5	4
483	484	516	517	-14.315867725800645	4.987833023071289	5	4
516	517	524	525	-68.25046166287996	5.405925273895264	6	5
516	517	525	526	-21.53926275025166	4.8783721923828125	6	5
515	516	526	527	-13.559929929398555	4.584414958953857	6	5
514	515	527	528	-27.15177281543037	5.358928203582764	6	5
513	514	528	529	3.8677442503703987	3.9944844245910645	6	5
512	513	529	530	-10.842386507937103	5.595909118652344	6	5
511	512	530	531	-2.2749054581226673	4.239251613616943	6	5
510	511	531	532	20.129426064702912	5.290337085723877	6	5
509	510	532	533	-37.83807405024575	4.169274806976318	6	5
507	508	533	534	46.33504419365024	5.274392127990723	6	5
507	508	534	535	-23.091272287974782	4.445188999176025	6	5
506	507	535	536	-25.895246975371915	5.510704517364502	6	5
505	506	536	537	-23.126283860003408	4.811620712280273	6	5
535	536	565	566	-11.31410453376437	5.064013481140137	7	6
534	535	566	567	-1.3746541538825285	4.306814670562744	7	6
533	534	567	568	-18.539866610763937	5.339744567871094	7	6
532	533	568	569	-14.3804092567081	4.496182918548584	7	6
531	532	569	570	-17.34170021259705	5.2701311111450195	7	6
530	531	570	571	-24.60251867582662	4.4410624504089355	7	6
529	530	571	572	-22.08430350053692	4.961528778076172	7	6
528	529	572	573	-37.38743470802015	4.801752090454102	7	6
527	528	573	574	-9.141586686021538	4.972228527069092	7	6
526	527	574	575	6.0185716939104585	4.323304176330566	7	6
525	526	575	576	-13.209696233750186	4.861104965209961	7	6
524	525	576	577	-18.245105981215303	4.752789497375488	7	6
523	524	577	578	-5.462959128582664	5.6043829917907715	7	6
522	523	578	579	-26.568944150487027	4.612983226776123	7	6
581	582	589	590	-34.116791795853274	5.521267414093018	8	7
580	581	590	591	74.28378323036672	4.665622234344482	8	7
579	580	591	592	6.161614448614625	5.53648567199707	8	7
578	579	592	593	12.739978205864732	4.523867130279541	8	7
577	578	593	594	-1.6570687079876558	4.941089153289795	8	7
576	577	594	595	-1.1382211016317725	4.419350624084473	8	7
575	576	595	596	10.470918974792777	5.142597198486328	8	7
574	575	596	597	-20.39828608060097	4.447877883911133	8	7
573	574	597	598	-15.927479499096469	5.3982133865356445	8	7
572	573	598	599	-6.766927959881472	4.526319980621338	8	7
571	572	599	600	-34.40404721182536	5.547130107879639	8	7
570	571	600	601	-66.95718593746713	4.382490158081055	8	7
570	571	601	602	1.6297238166950534	5.46323823928833	8	7
568	569	604	605	48.98510933967634	4.32378625869751	8	7
599	600	607	608	-16.212597319455142	5.501192092895508	9	8
599	600	608	609	-5.3303497796650525	5.74059534072876	9	8
598	599	609	610	-4.43308731123049	4.128774642944336	9	8
597	598	610	611	7.342183759695648	5.36713981628418	9	8
596	597	611	612	-8.392737136710931	4.256344795227051	9	8
595	596	612	613	-10.460108683567253	5.16317892074585	9	8
594	595	613	614	-6.528116396205983	4.566722869873047	9	8
593	594	614	615	-4.088581341913142	4.934140205383301	9	8
592	593	615	616	2.0256097736061713	4.720752239227295	9	8
591	592	616	617	3.333915572901278	5.133057594299316	9	8
590	591	617	618	-22.31084376690167	3.9832541942596436	9	8
619	620	628	629	-30.822058345042976	4.15401554107666	10	9
618	619	629	630	-18.321329066308557	5.031158924102783	10	9
617	618	630	631	-18.94470233299191	4.530914306640625	10	9
616	617	631	632	-9.933887698054097	5.374606132507324	10	9
615	616	632	633	2.8138064429603427	4.523504734039307	10	9
614	615	633	634	-1.6649628485881116	5.070052623748779	10	9
613	614	634	635	0.7058662380000591	4.530930042266846	10	9
612	613	635	636	-6.5272315960583995	5.068752765655518	10	9
611	612	636	637	-6.730127485937227	4.392409801483154	10	9
610	611	637	638	-11.659449517348854	5.426476001739502	10	9
609	610	638	639	12.584555418241711	3.9485690593719482	10	9
637	638	709	710	10.815831353715183	5.233055591583252	11	10
636	637	710	711	16.109154587095716	4.387744426727295	11	10
635	636	711	712	1.4672803096431273	4.8646979331970215	11	10
634	635	712	713	-0.296864776409014	4.6224684715271	11	10
633	634	713	714	-5.60995381277566	5.289547920227051	11	10
632	633	714	715	-3.0744177294378523	4.2120537757873535	11	10
631	632	715	716	-4.982658384354432	4.856985092163086	11	10
630	631	716	717	-9.545411913764305	4.507973670959473	11	10
629	630	717	718	-25.908449159898193	5.058917045593262	11	10
628	629	718	719	-22.55826101939118	4.809271812438965	11	10
627	628	719	720	-4.214038858757917	4.96821928024292	11	10
718	719	736	737	-16.202782443416083	4.371182918548584	12	11
717	718	737	738	-9.897387435190584	5.230808734893799	12	11
716	717	738	739	-11.78034579433376	4.316588401794434	12	11
715	716	739	740	-0.14172867175466586	5.466132164001465	12	11
714	715	740	741	-18.919852159712846	4.449467182159424	12	11
713	714	741	742	-11.496450075203756	5.407259464263916	12	11
712	713	742	743	16.525731862232945	4.06125020980835	12	11
711	712	743	744	2.1261160978697746	5.471707344055176	12	11
710	711	744	745	-17.78995617997687	4.419467926025391	12	11
741	742	767	768	-8.935240310457214	5.168726444244385	13	12
740	741	768	769	-8.972674860278023	4.184155464172363	13	12
739	740	769	770	-25.30573290131143	5.18087100982666	13	12
738	739	770	771	-8.643381358706513	4.481147766113281	13	12
737	738	771	772	-37.23686319317394	5.14765739440918	13	12
736	737	772	773	-25.428112881702944	4.629560947418213	13	12
735	736	773	774	-8.900913145276418	5.267019271850586	13	12
734	735	774	775	-15.413681550137683	4.452098369598389	13	12
775	776	783	784	-4.947185214107544	4.729610443115234	14	13
774	775	784	785	-4.196082897563342	4.206325054168701	14	13
773	774	785	786	-14.54558447237575	5.424568176269531	14	13
772	773	786	787	-7.253803622023578	4.26630973815918	14	13
771	772	787	788	5.523021225997011	5.443090915679932	14	13
770	771	788	789	-36.94749090407202	3.869272232055664	14	13
769	770	789	790	-9.800715011557951	5.3660783767700195	14	13
768	769	790	791	-67.68908727875213	4.189338684082031	14	13
768	769	791	792	11.162687037654868	5.351175308227539	14	13
787	788	801	802	-15.715477618760739	4.850493907928467	15	14
786	787	802	803	-22.02485806264084	4.8021039962768555	15	14
785	786	803	804	-9.048690846287778	5.300170421600342	15	14
784	785	804	805	9.780233780422535	4.158754348754883	15	14
783	784	805	806	3.5233625033927294	5.391394138336182	15	14
782	783	806	807	4.871940514621191	4.990774154663086	15	14
