386	387	9	10	-34.58986722269015	5.180044174194336	0	17
385	386	10	11	-22.56044551819433	4.308955192565918	0	17
384	385	11	12	-14.6038492246171	4.845806121826172	0	17
383	384	12	13	-21.41894615662652	4.517565727233887	0	17
382	383	13	14	1.0391268479467541	5.2509307861328125	0	17
381	382	14	15	-15.73534751534129	4.876874923706055	0	17
380	381	15	16	-9.24825731708708	4.8935699462890625	0	17
379	380	16	17	-0.081186991963798	4.825393199920654	0	17
378	379	17	18	-0.33207476457536456	4.989424228668213	0	17
377	378	18	19	-7.425885860670033	4.528830051422119	0	17
376	377	19	20	4.714403317794299	5.1864705085754395	0	17
375	376	20	21	-22.48127831426229	4.30166482925415	0	17
19	20	32	33	7.169043858450513	5.02756929397583	1	0
18	19	33	34	7.57291919098202	4.244987964630127	1	0
17	18	34	35	-15.059460244695652	5.435091972351074	1	0
16	17	35	36	-2.282574073066145	4.383379936218262	1	0
15	16	36	37	-19.53206211321113	5.383310317993164	1	0
14	15	37	38	-10.082402101997214	4.450009822845459	1	0
13	14	38	39	-16.9210159435538	5.00133752822876	1	0
12	13	39	40	-15.628028416216283	5.013923168182373	1	0
11	12	40	41	-18.777875593724087	4.583823204040527	1	0
10	11	41	42	-16.832349215224326	4.7812089920043945	1	0
9	10	42	43	0.025829851606002385	5.387729167938232	1	0
8	9	43	44	-1.2362700356330951	4.245184898376465	1	0
47	48	53	54	-75.76597720241378	4.77424955368042	2	1
46	47	54	55	3.592654484233012	5.094300270080566	2	1
46	47	55	56	1.0863610156410435	4.757114410400391	2	1
44	45	56	57	-6.897958646214409	5.613799571990967	2	1
43	44	57	58	2.376853333005421	4.272546768188477	2	1
42	43	58	59	-5.1209871729664265	5.039824962615967	2	1
41	42	59	60	-7.000127754897883	4.824206829071045	2	1
40	41	60	61	-17.792826914941887	4.463768005371094	2	1
39	40	61	62	-1.1110556981152822	4.966252326965332	2	1
38	39	62	63	-5.254742132935939	4.983532905578613	2	1
37	38	63	64	-18.1877649241782	4.324594020843506	2	1
36	37	64	65	-19.978062609284123	5.154029846191406	2	1
35	36	65	66	-57.48289770969377	4.802267551422119	2	1
35	36	66	67	26.20733567600988	4.869332313537598	2	1
62	63	90	91	-13.412673744054953	5.398135185241699	3	2
61	62	91	92	5.582523443454829	4.296508312225342	3	2
60	61	92	93	-1.268620056823537	4.882540702819824	3	2
59	60	93	94	-0.8259729078681354	4.445053577423096	3	2
58	59	94	95	-15.59004287087461	5.301246166229248	3	2
57	58	95	96	-26.794977503504168	4.4932026863098145	3	2
56	57	96	97	-13.099640920043885	4.806784629821777	3	2
55	56	97	98	-36.12196547058448	4.1822614669799805	3	2
54	55	98	99	-21.47962779493221	5.0540571212768555	3	2
53	54	99	100	-20.35595517743458	4.824368000030518	3	2
99	100	105	106	-11.828794718940596	4.395902633666992	4	3
98	99	106	107	-6.272653655422102	5.073946952819824	4	3
97	98	107	108	-25.39425652561963	4.33195686340332	4	3
95	96	108	109	21.28229319574806	5.398011684417725	4	3
108	109	131	132	24.669107672103888	5.452089309692383	5	4
108	109	132	133	-10.172060803570997	5.424546718597412	5	4
107	108	133	134	-8.164978216972237	4.07412576675415	5	4
106	107	134	135	-9.913111672066073	5.234584331512451	5	4
105	106	135	136	-19.04867003990985	4.616466999053955	5	4
104	105	136	137	-4.538616744408013	5.389784812927246	5	4
103	104	137	138	5.526533594972117	4.290132522583008	5	4
137	138	144	145	-28.818125370028486	4.565983772277832	6	5
136	137	145	146	-15.938353264209427	4.922586441040039	6	5
135	136	146	147	-3.850505880894862	4.802635669708252	6	5
134	135	147	148	-23.83018980032453	5.002717971801758	6	5
133	134	148	149	23.86224688033925	4.405411243438721	6	5
132	133	149	150	22.59340746252613	5.6684956550598145	6	5
131	132	150	151	-66.50815389480982	4.269237995147705	6	5
150	151	176	177	-26.914166250567433	5.104220867156982	7	6
149	150	177	178	-12.837437683361488	4.987396717071533	7	6
148	149	178	179	-21.515575289419623	4.438985347747803	7	6
146	147	179	180	50.44892653308134	5.579924583435059	7	6
146	147	180	181	-5.793565321621727	4.460899829864502	7	6
145	146	181	182	-12.112405266292026	4.472903251647949	7	6
144	145	182	183	-8.683102751136632	4.540876865386963	7	6
143	144	183	184	-12.233085883573207	5.0680975914001465	7	6
142	143	184	185	-21.449745002635364	4.556410789489746	7	6
185	186	191	192	-25.43092316119378	5.267690181732178	8	7
184	185	192	193	-8.555959904791147	4.301207065582275	8	7
183	184	193	194	-10.916370490245844	5.380264759063721	8	7
182	183	194	195	-3.06865463636295	4.408371448516846	8	7
181	182	195	196	-0.7207496879391577	5.165599346160889	8	7
180	181	196	197	-2.655121717820693	4.328347682952881	8	7
179	180	197	198	0.4146391589143676	5.411864280700684	8	7
178	179	198	199	-15.841692651428438	4.112501621246338	8	7
177	178	199	200	-7.68942934280596	5.114063739776611	8	7
176	177	200	201	-25.545633299858103	4.556275367736816	8	7
200	201	203	204	47.35846396380099	5.47302770614624	9	8
199	200	204	205	-9.427054289110787	5.107681751251221	9	8
198	199	205	206	-15.233045668341743	4.411989212036133	9	8
197	198	206	207	-11.325803752720358	5.104560375213623	9	8
196	197	207	208	-15.438214170921157	4.462031841278076	9	8
195	196	208	209	-2.436650189719148	4.873947620391846	9	8
194	195	209	210	-7.360500124539762	5.006713390350342	9	8
193	194	210	211	-10.0235786968291	4.516598224639893	9	8
192	193	211	212	-7.111190121083836	4.713551998138428	9	8
191	192	212	213	-9.31786876297403	5.258122444152832	9	8
190	191	213	214	-6.485010443169219	4.324737548828125	9	8
214	215	222	223	-6.762363314925879	5.669541358947754	10	9
213	214	223	224	-1.0277276464415706	4.39523458480835	10	9
212	213	224	225	4.421210531793519	5.228220462799072	10	9
211	212	225	226	-0.7282621153970092	4.106602191925049	10	9
210	211	226	227	-5.841722457803577	5.253149509429932	10	9
209	210	227	228	-2.657105333378074	4.444404125213623	10	9
208	209	228	229	-10.452945976345143	5.1226277351379395	10	9
207	208	229	230	-22.15843215231665	4.520761489868164	10	9
206	207	230	231	-9.519810761146564	5.04960298538208	10	9
205	206	231	232	-13.785567681783057	4.236880779266357	10	9
231	232	243	244	2.2091753270435786	5.080723762512207	11	10
230	231	244	245	-4.779608497875817	5.156527519226074	11	10
229	230	245	246	-4.705278985170076	4.430609226226807	11	10
228	229	246	247	-9.656254948311101	4.944777011871338	11	10
227	228	247	248	-13.158876438346335	4.7245659828186035	11	10
226	227	248	249	-11.140516601249814	5.388740062713623	11	10
225	226	249	250	17.10012388501733	3.900129556655884	11	10
224	225	250	251	-3.898328893658885	5.532054424285889	11	10
223	224	251	252	-8.64922347534417	4.478326797485352	11	10
222	223	252	253	-7.3038662558510445	4.965925693511963	11	10
221	222	253	254	-9.503708261597225	4.5169830322265625	11	10
253	254	258	259	40.876446073868784	5.661907196044922	12	11
253	254	259	260	-16.739113110316737	4.258813381195068	12	11
252	253	260	261	-14.670159349457753	5.583415985107422	12	11
251	252	261	262	-1.8047104349645782	4.252009868621826	12	11
249	250	262	263	25.288005115209796	5.595318794250488	12	11
249	250	263	264	-23.674039787783556	3.986743450164795	12	11
248	249	264	265	0.8563927787394344	5.525603771209717	12	11
247	248	265	266	3.5623311553129664	4.256682872772217	12	11
246	247	266	267	-8.15759813476089	5.1665802001953125	12	11
245	246	267	268	-18.501894691002082	4.694211006164551	12	11
244	245	268	269	-34.67369308305449	4.927398204803467	12	11
243	244	269	270	52.7715690775717	4.883952617645264	12	11
270	271	295	296	-47.40688476223825	4.930691242218018	13	12
266	267	296	297	-49.85476086077171	4.75283145904541	13	12
266	267	297	298	15.281460745600679	5.181533336639404	13	12
265	266	298	299	-7.2322730387670715	4.410181045532227	13	12
264	265	299	300	-18.402936268806535	5.1930036544799805	13	12
263	264	300	301	-11.284267182334721	4.234938621520996	13	12
262	263	301	302	-13.40547117337152	4.764977931976318	13	12
261	262	302	303	-21.58594498365599	4.622984409332275	13	12
260	261	303	304	-13.856061379133086	5.021608829498291	13	12
259	260	304	305	-10.485382699184624	4.700986862182617	13	12
258	259	305	306	-16.09894449561388	4.705392360687256	13	12
257	258	306	307	-6.592996530063824	4.667189121246338	13	12
307	308	313	314	1.6886179407313555	5.381109714508057	14	13
307	308	316	317	-30.701982390704277	5.224071025848389	14	13
306	307	317	318	-1.6879854502215652	4.644810676574707	14	13
305	306	318	319	-7.239427323330971	5.2631516456604	14	13
304	305	319	320	-4.881395704366475	4.340470314025879	14	13
303	304	320	321	-9.585684668572041	5.258477687835693	14	13
302	303	321	322	-2.077337305654059	4.120409965515137	14	13
301	302	322	323	-5.892128122694013	5.4069366455078125	14	13
300	301	323	324	-27.977251066545556	4.392501354217529	14	13
298	299	324	325	21.266436796636693	5.412336826324463	14	13
298	299	325	326	-24.812304271048536	4.158080101013184	14	13
297	298	326	327	-55.79991316940238	5.4457807540893555	14	13
296	297	327	328	82.92053804474514	5.2205400466918945	14	13
296	297	328	329	28.97612224777033	4.288882732391357	14	13
325	326	337	338	-2.2212815882795653	4.378198623657227	15	14
324	325	338	339	-10.357883809397869	5.096238136291504	15	14
323	324	339	340	-3.5222067077034964	4.286623954772949	15	14
322	323	340	341	-10.27196029887579	5.144635200500488	15	14
321	322	341	342	-17.10123510182334	4.561084270477295	15	14
320	321	342	343	-2.4128309012151687	5.331286907196045	15	14
319	320	343	344	-9.962952023615236	4.466537952423096	15	14
318	319	344	345	1.043074431345149	4.838135719299316	15	14
317	318	345	346	-12.271264901857872	4.426289081573486	15	14
316	317	346	347	-11.267082014504629	5.206745624542236	15	14
315	316	347	348	2.258755672893455	4.417423725128174	15	14
347	348	358	359	-11.107793668920099	4.347546100616455	16	15
346	347	359	360	-3.300236553946284	5.435734748840332	16	15
345	346	360	361	-3.6525665196822756	4.2144365310668945	16	15
344	345	361	362	-4.708562854837545	5.391002655029297	16	15
343	344	362	363	-9.44915449199659	4.767899990081787	16	15
342	343	363	364	-13.65131112946617	5.066447734832764	16	15
341	342	364	365	-2.461346247779687	4.32694673538208	16	15
340	341	365	366	-6.440130014332029	5.220321178436279	16	15
339	340	366	367	-12.753255343555143	4.380305290222168	16	15
338	339	367	368	-5.018147148965934	5.663184642791748	16	15
337	338	368	369	7.291856636145998	4.089758396148682	16	15
365	366	374	375	-3.0735807172368492	5.181794166564941	17	16
364	365	375	376	-10.826284733740238	4.653573513031006	17	16
363	364	376	377	-3.8078630731282987	5.052800178527832	17	16
362	363	377	378	-1.957495107693218	4.676156520843506	17	16
361	362	378	379	-9.372197096333242	5.172841548919678	17	16
360	361	379	380	-22.03439974881745	4.805164813995361	17	16
359	360	380	381	-10.724673302580465	5.021881580352783	17	16
358	359	381	382	-18.04855648815108	4.602050304412842	17	16
