163	164	18	19	-58.494579977646794	5.677769184112549	0	9
163	164	19	20	17.337353429407212	4.826641082763672	0	9
161	162	20	21	-34.30453785208571	4.341485977172852	0	9
159	160	21	22	-11.24707116774657	4.998587131500244	0	9
159	160	22	23	-76.88934427004719	4.144656658172607	0	9
159	160	23	24	10.051331766553366	5.3015828132629395	0	9
157	158	26	27	-20.69188767466231	4.2168402671813965	0	9
156	157	27	28	-8.841298732779238	5.243229866027832	0	9
155	156	28	29	-25.980547710407876	4.651777744293213	0	9
27	28	36	37	-36.200655512925756	4.988928318023682	1	0
26	27	37	38	-30.090604968367558	4.699131965637207	1	0
25	26	38	39	-58.38347758637965	5.023849964141846	1	0
24	25	39	40	-64.75771686806607	5.058832168579102	1	0
21	22	40	41	-11.809386925161586	5.2351861000061035	1	0
20	21	41	42	-24.464878835703175	4.766655921936035	1	0
19	20	42	43	-9.80063377663622	4.96795654296875	1	0
18	19	43	44	-4.614520273919908	4.499593734741211	1	0
44	45	52	53	-74.91949758297345	5.633190155029297	2	1
44	45	53	54	-21.467059819116386	5.175136089324951	2	1
43	44	54	55	6.031682080057687	4.515142917633057	2	1
42	43	55	56	-0.9057474989443336	5.203323841094971	2	1
41	42	56	57	-8.790823791209874	4.571004867553711	2	1
40	41	57	58	-17.07867294122057	5.327077388763428	2	1
39	40	58	59	-29.070350428960115	4.084224700927734	2	1
58	59	67	68	-6.812287251156958	5.0435404777526855	3	2
57	58	68	69	1.6805259071463743	5.280580997467041	3	2
56	57	69	70	14.356262894732534	4.499028205871582	3	2
55	56	70	71	-17.9210665028778	5.3525800704956055	3	2
54	55	71	72	6.321376742375668	4.328012943267822	3	2
53	54	72	73	-37.041529299005404	5.43701696395874	3	2
52	53	73	74	-23.142429148774124	4.688204765319824	3	2
74	75	84	85	-18.129552243319484	5.205446243286133	4	3
73	74	85	86	-8.625311133182715	4.460184097290039	4	3
71	72	86	87	-12.663023881902074	5.391355514526367	4	3
71	72	87	88	-52.03024869382644	4.452469825744629	4	3
69	70	88	89	28.764395950298702	5.482723712921143	4	3
69	70	89	90	-29.255672027661493	4.189543724060059	4	3
88	89	93	94	-20.277364376465755	5.187616348266602	5	4
87	88	94	95	-4.735277780446542	4.4507036209106445	5	4
86	87	95	96	-10.265852541511288	5.482149124145508	5	4
85	86	96	97	-19.350998919897492	4.655465602874756	5	4
84	85	97	98	-21.028742194843243	5.038858890533447	5	4
83	84	98	99	-7.422464627841021	4.352882385253906	5	4
82	83	99	100	-54.598021903890384	5.404593467712402	5	4
81	82	100	101	-26.956652310213354	4.518379211425781	5	4
100	101	106	107	-26.924548518045032	4.233068466186523	6	5
98	99	107	108	-17.81384270889595	5.661508560180664	6	5
98	99	108	109	-56.82219219609188	4.1654486656188965	6	5
96	97	109	110	-3.5525660981675298	4.801122665405273	6	5
96	97	110	111	-63.59447672165349	3.816202402114868	6	5
95	96	112	113	0.780380696596254	5.209639072418213	6	5
94	95	113	114	-17.41677275051452	4.30020809173584	6	5
109	110	127	128	-8.585757773467298	5.284941673278809	7	6
108	109	128	129	-15.253049972634221	4.223851203918457	7	6
107	108	129	130	-9.521153790320696	5.422335147857666	7	6
106	107	130	131	-8.044855566724008	4.535046577453613	7	6
131	132	140	141	-11.748532772836628	5.126517295837402	8	7
130	131	141	142	-9.485576421246886	4.551082611083984	8	7
129	130	142	143	-7.1767745481529035	5.190716743469238	8	7
128	129	143	144	-19.58851188539486	4.489297866821289	8	7
127	128	144	145	-19.294461531714248	5.147861957550049	8	7
126	127	145	146	-1.9502536443849472	4.304448127746582	8	7
143	144	155	156	14.489992193812531	5.094610691070557	9	8
142	143	156	157	-1.024059146056447	4.957784175872803	9	8
141	142	157	158	2.76741879006205	4.452436923980713	9	8
140	141	158	159	-13.994405757133775	5.436357021331787	9	8
139	140	159	160	-24.257811888669455	4.294235706329346	9	8
163	164	18	19	-58.494579977646794	5.677769184112549	0	9
163	164	19	20	17.337353429407212	4.826641082763672	0	9
161	162	20	21	-34.30453785208571	4.341485977172852	0	9
159	160	21	22	-11.24707116774657	4.998587131500244	0	9
159	160	22	23	-76.88934427004719	4.144656658172607	0	9
159	160	23	24	10.051331766553366	5.3015828132629395	0	9
157	158	26	27	-20.69188767466231	4.2168402671813965	0	9
156	157	27	28	-8.841298732779238	5.243229866027832	0	9
155	156	28	29	-25.980547710407876	4.651777744293213	0	9
27	28	36	37	-36.200655512925756	4.988928318023682	1	0
26	27	37	38	-30.090604968367558	4.699131965637207	1	0
25	26	38	39	-58.38347758637965	5.023849964141846	1	0
24	25	39	40	-64.75771686806607	5.058832168579102	1	0
21	22	40	41	-11.809386925161586	5.2351861000061035	1	0
20	21	41	42	-24.464878835703175	4.766655921936035	1	0
19	20	42	43	-9.80063377663622	4.96795654296875	1	0
18	19	43	44	-4.614520273919908	4.499593734741211	1	0
44	45	52	53	-74.91949758297345	5.633190155029297	2	1
44	45	53	54	-21.467059819116386	5.175136089324951	2	1
43	44	54	55	6.031682080057687	4.515142917633057	2	1
42	43	55	56	-0.9057474989443336	5.203323841094971	2	1
41	42	56	57	-8.790823791209874	4.571004867553711	2	1
40	41	57	58	-17.07867294122057	5.327077388763428	2	1
39	40	58	59	-29.070350428960115	4.084224700927734	2	1
58	59	67	68	-6.812287251156958	5.0435404777526855	3	2
57	58	68	69	1.6805259071463743	5.280580997467041	3	2
56	57	69	70	14.356262894732534	4.499028205871582	3	2
55	56	70	71	-17.9210665028778	5.3525800704956055	3	2
54	55	71	72	6.321376742375668	4.328012943267822	3	2
53	54	72	73	-37.041529299005404	5.43701696395874	3	2
52	53	73	74	-23.142429148774124	4.688204765319824	3	2
74	75	84	85	-18.129552243319484	5.205446243286133	4	3
73	74	85	86	-8.625311133182715	4.460184097290039	4	3
71	72	86	87	-12.663023881902074	5.391355514526367	4	3
71	72	87	88	-52.03024869382644	4.452469825744629	4	3
69	70	88	89	28.764395950298702	5.482723712921143	4	3
69	70	89	90	-29.255672027661493	4.189543724060059	4	3
88	89	93	94	-20.277364376465755	5.187616348266602	5	4
87	88	94	95	-4.735277780446542	4.4507036209106445	5	4
86	87	95	96	-10.265852541511288	5.482149124145508	5	4
85	86	96	97	-19.350998919897492	4.655465602874756	5	4
84	85	97	98	-21.028742194843243	5.038858890533447	5	4
83	84	98	99	-7.422464627841021	4.352882385253906	5	4
82	83	99	100	-54.598021903890384	5.404593467712402	5	4
81	82	100	101	-26.956652310213354	4.518379211425781	5	4
100	101	106	107	-26.924548518045032	4.233068466186523	6	5
98	99	107	108	-17.81384270889595	5.661508560180664	6	5
98	99	108	109	-56.82219219609188	4.1654486656188965	6	5
96	97	109	110	-3.5525660981675298	4.801122665405273	6	5
96	97	110	111	-63.59447672165349	3.816202402114868	6	5
95	96	112	113	0.780380696596254	5.209639072418213	6	5
94	95	113	114	-17.41677275051452	4.30020809173584	6	5
109	110	127	128	-8.585757773467298	5.284941673278809	7	6
108	109	128	129	-15.253049972634221	4.223851203918457	7	6
107	108	129	130	-9.521153790320696	5.422335147857666	7	6
106	107	130	131	-8.044855566724008	4.535046577453613	7	6
131	132	140	141	-11.748532772836628	5.126517295837402	8	7
130	131	141	142	-9.485576421246886	4.551082611083984	8	7
129	130	142	143	-7.1767745481529035	5.190716743469238	8	7
128	129	143	144	-19.58851188539486	4.489297866821289	8	7
127	128	144	145	-19.294461531714248	5.147861957550049	8	7
126	127	145	146	-1.9502536443849472	4.304448127746582	8	7
143	144	155	156	14.489992193812531	5.094610691070557	9	8
142	143	156	157	-1.024059146056447	4.957784175872803	9	8
141	142	157	158	2.76741879006205	4.452436923980713	9	8
140	141	158	159	-13.994405757133775	5.436357021331787	9	8
139	140	159	160	-24.257811888669455	4.294235706329346	9	8
