553	554	213	214	-14.468214389007656	5.5098652839660645	0	15
552	553	214	215	-6.283816019474109	4.3208465576171875	0	15
551	552	215	216	-14.163601592580465	5.141053676605225	0	15
550	551	216	217	12.567801320067813	4.445138454437256	0	15
549	550	217	218	-15.39286331977163	5.313765525817871	0	15
548	549	218	219	14.544729890832167	4.270054340362549	0	15
217	218	231	232	-8.276522045059055	5.517547607421875	1	0
216	217	232	233	-34.307863409991356	4.577354431152344	1	0
215	216	233	234	-12.276557171004546	4.86890983581543	1	0
214	215	234	235	-7.2000620481379185	4.588255405426025	1	0
213	214	235	236	-4.407905804236688	4.960608959197998	1	0
212	213	236	237	-7.858582002554938	4.510133266448975	1	0
237	238	248	249	-14.862294661580977	5.036448955535889	2	1
236	237	249	250	-12.26120488888509	4.462646484375	2	1
235	236	250	251	-5.154403558466992	5.136515140533447	2	1
234	235	251	252	-26.060613444789396	4.796436309814453	2	1
233	234	252	253	-6.414215666182667	5.1229143142700195	2	1
232	233	253	254	-7.6963884600158625	4.276299953460693	2	1
231	232	254	255	-24.6954221038074	5.377429485321045	2	1
254	255	265	266	-6.99035199572195	5.376603126525879	3	2
253	254	266	267	-6.878596515987724	4.366163730621338	3	2
252	253	267	268	-10.472739925319912	5.060928821563721	3	2
251	252	268	269	-0.1700259626120106	4.743169784545898	3	2
250	251	269	270	-13.307347561796332	4.682133197784424	3	2
249	250	270	271	-6.279631114876891	4.920819282531738	3	2
248	249	271	272	-9.150393357298205	4.862578868865967	3	2
247	248	272	273	-5.507244020142522	4.546970844268799	3	2
273	274	281	282	-7.318772990759131	5.294866561889648	4	3
272	273	282	283	-12.003410284435086	4.520661354064941	4	3
271	272	283	284	-13.57687556720898	4.897159099578857	4	3
270	271	284	285	1.4959706895679503	4.5108513832092285	4	3
269	270	285	286	-16.596683343070175	5.441473007202148	4	3
268	269	286	287	7.246932474197007	4.410250663757324	4	3
267	268	287	288	-0.11493364128027576	5.041704177856445	4	3
266	267	288	289	-3.603448222430182	4.0283050537109375	4	3
265	266	289	290	-10.550339929184988	5.427281856536865	4	3
264	265	290	291	17.28474201711871	4.345419406890869	4	3
290	291	304	305	0.13174748424761842	4.647576808929443	5	4
289	290	305	306	-9.671028375845696	5.54661226272583	5	4
288	289	306	307	-12.710396284658298	4.317569732666016	5	4
287	288	307	308	-5.524815326199048	5.142989635467529	5	4
286	287	308	309	-11.022459673158094	4.789892673492432	5	4
284	285	309	310	56.16387068430671	5.153080940246582	5	4
284	285	310	311	-7.512015965855612	4.163879871368408	5	4
283	284	311	312	-9.503470682567917	5.122984409332275	5	4
282	283	312	313	-10.217463689994762	4.970466136932373	5	4
281	282	313	314	-14.706236530967663	4.991439342498779	5	4
280	281	314	315	-14.349851168481115	4.793787002563477	5	4
318	319	326	327	8.965628898060922	4.970285415649414	6	5
316	317	327	328	-18.454375261711224	4.179075241088867	6	5
315	316	328	329	-21.16382109430965	5.520715236663818	6	5
314	315	329	330	-0.16774158206700857	4.229333877563477	6	5
313	314	330	331	-12.967777899638566	5.389902591705322	6	5
312	313	331	332	-0.9214145170397327	4.177123069763184	6	5
311	312	332	333	4.066990653670861	5.3131561279296875	6	5
310	311	333	334	-18.036197118182105	4.205122947692871	6	5
309	310	334	335	-3.5929879222565098	5.146313190460205	6	5
308	309	335	336	-13.331418595005289	4.419713020324707	6	5
307	308	336	337	-13.262100692148211	4.948568344116211	6	5
306	307	337	338	-8.56908995466207	4.568626880645752	6	5
305	306	338	339	8.81494493326875	5.312603950500488	6	5
304	305	339	340	-21.33093209183988	4.144505500793457	6	5
336	337	351	352	-13.091808230407533	5.183438777923584	7	6
335	336	352	353	-16.427902969632118	4.6453962326049805	7	6
334	335	353	354	-6.186094192808679	5.126225471496582	7	6
333	334	354	355	-2.653253370160099	4.494133472442627	7	6
332	333	355	356	-17.203161544860443	5.051883697509766	7	6
331	332	356	357	-19.43582446188421	4.391059875488281	7	6
330	331	357	358	-4.894121278052915	4.78555154800415	7	6
329	330	358	359	-13.532506938518603	4.485438823699951	7	6
328	329	359	360	-24.958941928300124	5.241246700286865	7	6
327	328	360	361	-22.11487952257518	4.198960304260254	7	6
326	327	361	362	-7.002536777621351	5.152544975280762	7	6
325	326	362	363	-4.020150566336465	4.491072177886963	7	6
324	325	363	364	-16.078999550855123	5.394102573394775	7	6
323	324	364	365	0.07894734803823865	4.426700592041016	7	6
364	365	370	371	-8.035752682533328	4.424715995788574	8	7
363	364	371	372	1.5583510457472294	5.246379375457764	8	7
362	363	372	373	-4.412678411679449	4.312510013580322	8	7
361	362	373	374	-4.872206868870271	5.0931715965271	8	7
360	361	374	375	-12.463384644297964	4.430654048919678	8	7
359	360	375	376	-1.499122795531361	5.588572978973389	8	7
358	359	376	377	-23.63813296549856	3.9257636070251465	8	7
357	358	377	378	-11.10810150249472	5.642543792724609	8	7
356	357	378	379	-22.132808119289038	4.525027751922607	8	7
377	378	402	403	-25.126316195047693	5.229470252990723	9	8
376	377	403	404	-28.263138939445145	4.55482292175293	9	8
375	376	404	405	-9.820939960542153	5.132932186126709	9	8
374	375	405	406	2.5825484245652564	4.411296367645264	9	8
373	374	406	407	3.524605488790861	5.021978855133057	9	8
372	373	407	408	-3.568483981863025	4.5132551193237305	9	8
371	372	408	409	-4.355877752806619	4.936151027679443	9	8
370	371	409	410	-7.927639484358663	4.6843414306640625	9	8
369	370	410	411	-15.498341631528357	5.1445088386535645	9	8
368	369	411	412	-28.798722225901788	4.570572853088379	9	8
412	413	420	421	-25.67721918645611	5.2430219650268555	10	9
411	412	421	422	-8.121454400701955	4.935556411743164	10	9
410	411	422	423	-5.05297809585244	4.953959941864014	10	9
409	410	423	424	-13.581900117795806	4.530269145965576	10	9
408	409	424	425	-2.0180204873621617	5.171863079071045	10	9
407	408	425	426	-11.417955620311028	4.344612121582031	10	9
406	407	426	427	-7.328622916529288	5.014291763305664	10	9
405	406	427	428	-0.08187340663638264	4.3716888427734375	10	9
404	405	428	429	-10.704225448839182	5.166017532348633	10	9
403	404	429	430	-16.410824185946677	4.48910665512085	10	9
429	430	462	463	47.23958144111478	4.615793228149414	11	10
428	429	463	464	5.285157233476108	5.278258323669434	11	10
427	428	464	465	-7.964868072563675	4.307904243469238	11	10
426	427	465	466	-10.898664812145585	5.265218734741211	11	10
425	426	466	467	-16.963484596738823	4.442964553833008	11	10
424	425	467	468	-5.473129294845301	5.051191806793213	11	10
423	424	468	469	-10.598775037402792	4.440595626831055	11	10
422	423	469	470	-11.539225265722733	5.053313732147217	11	10
421	422	470	471	-17.422879547818336	4.785400390625	11	10
420	421	471	472	-22.389898485919172	5.1550750732421875	11	10
473	474	484	485	-77.59992380134166	5.539242267608643	12	11
473	474	485	486	-18.26519336842271	5.232807636260986	12	11
472	473	486	487	-16.787184327792833	3.9851582050323486	12	11
471	472	487	488	-17.623411913456902	5.624319076538086	12	11
470	471	488	489	-6.536100391144015	4.118042469024658	12	11
469	470	489	490	-21.182849408836468	5.362442970275879	12	11
468	469	490	491	-10.172318640079387	4.669669151306152	12	11
467	468	491	492	-13.59630734957318	5.292717933654785	12	11
466	467	492	493	4.98846432641214	4.5970869064331055	12	11
465	466	493	494	-5.49875264236262	5.223750591278076	12	11
464	465	494	495	8.738930104878087	4.090947151184082	12	11
463	464	495	496	7.013070103590113	5.360070705413818	12	11
462	463	496	497	-29.590442041472294	4.3291096687316895	12	11
495	496	506	507	-6.290016869720143	5.228625774383545	13	12
494	495	507	508	-24.939907493043037	4.298752307891846	13	12
493	494	508	509	-13.911720037199313	4.804306983947754	13	12
492	493	509	510	6.699474210787793	4.54261589050293	13	12
491	492	510	511	-17.794756438595854	5.241799831390381	13	12
490	491	511	512	-16.737089289379462	4.603089809417725	13	12
489	490	512	513	-4.127318137261785	4.182174205780029	13	12
488	489	513	514	-2.6746642203537947	4.419881820678711	13	12
487	488	514	515	-28.282762075660088	5.355831623077393	13	12
486	487	515	516	-15.588740826891312	3.9619195461273193	13	12
485	486	516	517	-20.210761800456908	4.85276985168457	13	12
484	485	517	518	-19.216333211256106	4.866799354553223	13	12
517	518	523	524	16.43963284193057	4.668567657470703	14	13
516	517	524	525	-14.635098869765235	4.982766151428223	14	13
515	516	525	526	4.303281468036357	4.2524824142456055	14	13
513	514	526	527	12.741868735927088	5.266937732696533	14	13
513	514	527	528	-50.14695389230789	4.755941867828369	14	13
512	513	528	529	-11.936796361397596	5.220802307128906	14	13
511	512	529	530	-6.376306559276456	4.451296806335449	14	13
509	510	530	531	-5.881136046202535	5.59363317489624	14	13
509	510	531	532	-57.229764064894724	4.386148452758789	14	13
528	529	545	546	-23.95326763142962	5.313858509063721	15	14
527	528	546	547	-12.814956317017126	4.4888129234313965	15	14
526	527	547	548	-5.482076919343103	4.938347816467285	15	14
525	526	548	549	-11.332709400435592	4.854140758514404	15	14
524	525	549	550	12.01403951091157	5.325523853302002	15	14
523	524	550	551	-18.351013730519302	4.406379699707031	15	14
522	523	551	552	-15.011904884658593	5.071292877197266	15	14
521	522	552	553	-35.02623096797708	4.059176921844482	15	14
553	554	213	214	-14.468214389007656	5.5098652839660645	0	15
552	553	214	215	-6.283816019474109	4.3208465576171875	0	15
551	552	215	216	-14.163601592580465	5.141053676605225	0	15
550	551	216	217	12.567801320067813	4.445138454437256	0	15
549	550	217	218	-15.39286331977163	5.313765525817871	0	15
548	549	218	219	14.544729890832167	4.270054340362549	0	15
217	218	231	232	-8.276522045059055	5.517547607421875	1	0
216	217	232	233	-34.307863409991356	4.577354431152344	1	0
215	216	233	234	-12.276557171004546	4.86890983581543	1	0
214	215	234	235	-7.2000620481379185	4.588255405426025	1	0
213	214	235	236	-4.407905804236688	4.960608959197998	1	0
212	213	236	237	-7.858582002554938	4.510133266448975	1	0
237	238	248	249	-14.862294661580977	5.036448955535889	2	1
236	237	249	250	-12.26120488888509	4.462646484375	2	1
235	236	250	251	-5.154403558466992	5.136515140533447	2	1
234	235	251	252	-26.060613444789396	4.796436309814453	2	1
233	234	252	253	-6.414215666182667	5.1229143142700195	2	1
232	233	253	254	-7.6963884600158625	4.276299953460693	2	1
231	232	254	255	-24.6954221038074	5.377429485321045	2	1
254	255	265	266	-6.99035199572195	5.376603126525879	3	2
253	254	266	267	-6.878596515987724	4.366163730621338	3	2
252	253	267	268	-10.472739925319912	5.060928821563721	3	2
251	252	268	269	-0.1700259626120106	4.743169784545898	3	2
250	251	269	270	-13.307347561796332	4.682133197784424	3	2
249	250	270	271	-6.279631114876891	4.920819282531738	3	2
248	249	271	272	-9.150393357298205	4.862578868865967	3	2
247	248	272	273	-5.507244020142522	4.546970844268799	3	2
273	274	281	282	-7.318772990759131	5.294866561889648	4	3
272	273	282	283	-12.003410284435086	4.520661354064941	4	3
271	272	283	284	-13.57687556720898	4.897159099578857	4	3
270	271	284	285	1.4959706895679503	4.5108513832092285	4	3
269	270	285	286	-16.596683343070175	5.441473007202148	4	3
268	269	286	287	7.246932474197007	4.410250663757324	4	3
267	268	287	288	-0.11493364128027576	5.041704177856445	4	3
266	267	288	289	-3.603448222430182	4.0283050537109375	4	3
265	266	289	290	-10.550339929184988	5.427281856536865	4	3
264	265	290	291	17.28474201711871	4.345419406890869	4	3
290	291	304	305	0.13174748424761842	4.647576808929443	5	4
289	290	305	306	-9.671028375845696	5.54661226272583	5	4
288	289	306	307	-12.710396284658298	4.317569732666016	5	4
287	288	307	308	-5.524815326199048	5.142989635467529	5	4
286	287	308	309	-11.022459673158094	4.789892673492432	5	4
284	285	309	310	56.16387068430671	5.153080940246582	5	4
284	285	310	311	-7.512015965855612	4.163879871368408	5	4
283	284	311	312	-9.503470682567917	5.122984409332275	5	4
282	283	312	313	-10.217463689994762	4.970466136932373	5	4
281	282	313	314	-14.706236530967663	4.991439342498779	5	4
280	281	314	315	-14.349851168481115	4.793787002563477	5	4
318	319	326	327	8.965628898060922	4.970285415649414	6	5
316	317	327	328	-18.454375261711224	4.179075241088867	6	5
315	316	328	329	-21.16382109430965	5.520715236663818	6	5
314	315	329	330	-0.16774158206700857	4.229333877563477	6	5
313	314	330	331	-12.967777899638566	5.389902591705322	6	5
312	313	331	332	-0.9214145170397327	4.177123069763184	6	5
311	312	332	333	4.066990653670861	5.3131561279296875	6	5
310	311	333	334	-18.036197118182105	4.205122947692871	6	5
309	310	334	335	-3.5929879222565098	5.146313190460205	6	5
308	309	335	336	-13.331418595005289	4.419713020324707	6	5
307	308	336	337	-13.262100692148211	4.948568344116211	6	5
306	307	337	338	-8.56908995466207	4.568626880645752	6	5
305	306	338	339	8.81494493326875	5.312603950500488	6	5
304	305	339	340	-21.33093209183988	4.144505500793457	6	5
336	337	351	352	-13.091808230407533	5.183438777923584	7	6
335	336	352	353	-16.427902969632118	4.6453962326049805	7	6
334	335	353	354	-6.186094192808679	5.126225471496582	7	6
333	334	354	355	-2.653253370160099	4.494133472442627	7	6
332	333	355	356	-17.203161544860443	5.051883697509766	7	6
331	332	356	357	-19.43582446188421	4.391059875488281	7	6
330	331	357	358	-4.894121278052915	4.78555154800415	7	6
329	330	358	359	-13.532506938518603	4.485438823699951	7	6
328	329	359	360	-24.958941928300124	5.241246700286865	7	6
327	328	360	361	-22.11487952257518	4.198960304260254	7	6
326	327	361	362	-7.002536777621351	5.152544975280762	7	6
325	326	362	363	-4.020150566336465	4.491072177886963	7	6
324	325	363	364	-16.078999550855123	5.394102573394775	7	6
323	324	364	365	0.07894734803823865	4.426700592041016	7	6
364	365	370	371	-8.035752682533328	4.424715995788574	8	7
363	364	371	372	1.5583510457472294	5.246379375457764	8	7
362	363	372	373	-4.412678411679449	4.312510013580322	8	7
361	362	373	374	-4.872206868870271	5.0931715965271	8	7
360	361	374	375	-12.463384644297964	4.430654048919678	8	7
359	360	375	376	-1.499122795531361	5.588572978973389	8	7
358	359	376	377	-23.63813296549856	3.9257636070251465	8	7
357	358	377	378	-11.10810150249472	5.642543792724609	8	7
356	357	378	379	-22.132808119289038	4.525027751922607	8	7
377	378	402	403	-25.126316195047693	5.229470252990723	9	8
376	377	403	404	-28.263138939445145	4.55482292175293	9	8
375	376	404	405	-9.820939960542153	5.132932186126709	9	8
374	375	405	406	2.5825484245652564	4.411296367645264	9	8
373	374	406	407	3.524605488790861	5.021978855133057	9	8
372	373	407	408	-3.568483981863025	4.5132551193237305	9	8
371	372	408	409	-4.355877752806619	4.936151027679443	9	8
370	371	409	410	-7.927639484358663	4.6843414306640625	9	8
369	370	410	411	-15.498341631528357	5.1445088386535645	9	8
368	369	411	412	-28.798722225901788	4.570572853088379	9	8
412	413	420	421	-25.67721918645611	5.2430219650268555	10	9
411	412	421	422	-8.121454400701955	4.935556411743164	10	9
410	411	422	423	-5.05297809585244	4.953959941864014	10	9
409	410	423	424	-13.581900117795806	4.530269145965576	10	9
408	409	424	425	-2.0180204873621617	5.171863079071045	10	9
407	408	425	426	-11.417955620311028	4.344612121582031	10	9
406	407	426	427	-7.328622916529288	5.014291763305664	10	9
405	406	427	428	-0.08187340663638264	4.3716888427734375	10	9
404	405	428	429	-10.704225448839182	5.166017532348633	10	9
403	404	429	430	-16.410824185946677	4.48910665512085	10	9
429	430	462	463	47.23958144111478	4.615793228149414	11	10
428	429	463	464	5.285157233476108	5.278258323669434	11	10
427	428	464	465	-7.964868072563675	4.307904243469238	11	10
426	427	465	466	-10.898664812145585	5.265218734741211	11	10
425	426	466	467	-16.963484596738823	4.442964553833008	11	10
424	425	467	468	-5.473129294845301	5.051191806793213	11	10
423	424	468	469	-10.598775037402792	4.440595626831055	11	10
422	423	469	470	-11.539225265722733	5.053313732147217	11	10
421	422	470	471	-17.422879547818336	4.785400390625	11	10
420	421	471	472	-22.389898485919172	5.1550750732421875	11	10
473	474	484	485	-77.59992380134166	5.539242267608643	12	11
473	474	485	486	-18.26519336842271	5.232807636260986	12	11
472	473	486	487	-16.787184327792833	3.9851582050323486	12	11
471	472	487	488	-17.623411913456902	5.624319076538086	12	11
470	471	488	489	-6.536100391144015	4.118042469024658	12	11
469	470	489	490	-21.182849408836468	5.362442970275879	12	11
468	469	490	491	-10.172318640079387	4.669669151306152	12	11
467	468	491	492	-13.59630734957318	5.292717933654785	12	11
466	467	492	493	4.98846432641214	4.5970869064331055	12	11
465	466	493	494	-5.49875264236262	5.223750591278076	12	11
464	465	494	495	8.738930104878087	4.090947151184082	12	11
463	464	495	496	7.013070103590113	5.360070705413818	12	11
462	463	496	497	-29.590442041472294	4.3291096687316895	12	11
495	496	506	507	-6.290016869720143	5.228625774383545	13	12
494	495	507	508	-24.939907493043037	4.298752307891846	13	12
493	494	508	509	-13.911720037199313	4.804306983947754	13	12
492	493	509	510	6.699474210787793	4.54261589050293	13	12
491	492	510	511	-17.794756438595854	5.241799831390381	13	12
490	491	511	512	-16.737089289379462	4.603089809417725	13	12
489	490	512	513	-4.127318137261785	4.182174205780029	13	12
488	489	513	514	-2.6746642203537947	4.419881820678711	13	12
487	488	514	515	-28.282762075660088	5.355831623077393	13	12
486	487	515	516	-15.588740826891312	3.9619195461273193	13	12
485	486	516	517	-20.210761800456908	4.85276985168457	13	12
484	485	517	518	-19.216333211256106	4.866799354553223	13	12
517	518	523	524	16.43963284193057	4.668567657470703	14	13
516	517	524	525	-14.635098869765235	4.982766151428223	14	13
515	516	525	526	4.303281468036357	4.2524824142456055	14	13
513	514	526	527	12.741868735927088	5.266937732696533	14	13
513	514	527	528	-50.14695389230789	4.755941867828369	14	13
512	513	528	529	-11.936796361397596	5.220802307128906	14	13
511	512	529	530	-6.376306559276456	4.451296806335449	14	13
509	510	530	531	-5.881136046202535	5.59363317489624	14	13
509	510	531	532	-57.229764064894724	4.386148452758789	14	13
528	529	545	546	-23.95326763142962	5.313858509063721	15	14
527	528	546	547	-12.814956317017126	4.4888129234313965	15	14
526	527	547	548	-5.482076919343103	4.938347816467285	15	14
525	526	548	549	-11.332709400435592	4.854140758514404	15	14
524	525	549	550	12.01403951091157	5.325523853302002	15	14
523	524	550	551	-18.351013730519302	4.406379699707031	15	14
522	523	551	552	-15.011904884658593	5.071292877197266	15	14
521	522	552	553	-35.02623096797708	4.059176921844482	15	14
553	554	213	214	-14.468214389007656	5.5098652839660645	0	15
552	553	214	215	-6.283816019474109	4.3208465576171875	0	15
551	552	215	216	-14.163601592580465	5.141053676605225	0	15
550	551	216	217	12.567801320067813	4.445138454437256	0	15
549	550	217	218	-15.39286331977163	5.313765525817871	0	15
548	549	218	219	14.544729890832167	4.270054340362549	0	15
217	218	231	232	-8.276522045059055	5.517547607421875	1	0
216	217	232	233	-34.307863409991356	4.577354431152344	1	0
215	216	233	234	-12.276557171004546	4.86890983581543	1	0
214	215	234	235	-7.2000620481379185	4.588255405426025	1	0
213	214	235	236	-4.407905804236688	4.960608959197998	1	0
212	213	236	237	-7.858582002554938	4.510133266448975	1	0
237	238	248	249	-14.862294661580977	5.036448955535889	2	1
236	237	249	250	-12.26120488888509	4.462646484375	2	1
235	236	250	251	-5.154403558466992	5.136515140533447	2	1
234	235	251	252	-26.060613444789396	4.796436309814453	2	1
233	234	252	253	-6.414215666182667	5.1229143142700195	2	1
232	233	253	254	-7.6963884600158625	4.276299953460693	2	1
231	232	254	255	-24.6954221038074	5.377429485321045	2	1
254	255	265	266	-6.99035199572195	5.376603126525879	3	2
253	254	266	267	-6.878596515987724	4.366163730621338	3	2
252	253	267	268	-10.472739925319912	5.060928821563721	3	2
251	252	268	269	-0.1700259626120106	4.743169784545898	3	2
250	251	269	270	-13.307347561796332	4.682133197784424	3	2
249	250	270	271	-6.279631114876891	4.920819282531738	3	2
248	249	271	272	-9.150393357298205	4.862578868865967	3	2
247	248	272	273	-5.507244020142522	4.546970844268799	3	2
273	274	281	282	-7.318772990759131	5.294866561889648	4	3
272	273	282	283	-12.003410284435086	4.520661354064941	4	3
271	272	283	284	-13.57687556720898	4.897159099578857	4	3
270	271	284	285	1.4959706895679503	4.5108513832092285	4	3
269	270	285	286	-16.596683343070175	5.441473007202148	4	3
268	269	286	287	7.246932474197007	4.410250663757324	4	3
267	268	287	288	-0.11493364128027576	5.041704177856445	4	3
266	267	288	289	-3.603448222430182	4.0283050537109375	4	3
265	266	289	290	-10.550339929184988	5.427281856536865	4	3
264	265	290	291	17.28474201711871	4.345419406890869	4	3
290	291	304	305	0.13174748424761842	4.647576808929443	5	4
289	290	305	306	-9.671028375845696	5.54661226272583	5	4
288	289	306	307	-12.710396284658298	4.317569732666016	5	4
287	288	307	308	-5.524815326199048	5.142989635467529	5	4
286	287	308	309	-11.022459673158094	4.789892673492432	5	4
284	285	309	310	56.16387068430671	5.153080940246582	5	4
284	285	310	311	-7.512015965855612	4.163879871368408	5	4
283	284	311	312	-9.503470682567917	5.122984409332275	5	4
282	283	312	313	-10.217463689994762	4.970466136932373	5	4
281	282	313	314	-14.706236530967663	4.991439342498779	5	4
280	281	314	315	-14.349851168481115	4.793787002563477	5	4
318	319	326	327	8.965628898060922	4.970285415649414	6	5
316	317	327	328	-18.454375261711224	4.179075241088867	6	5
315	316	328	329	-21.16382109430965	5.520715236663818	6	5
314	315	329	330	-0.16774158206700857	4.229333877563477	6	5
313	314	330	331	-12.967777899638566	5.389902591705322	6	5
312	313	331	332	-0.9214145170397327	4.177123069763184	6	5
311	312	332	333	4.066990653670861	5.3131561279296875	6	5
310	311	333	334	-18.036197118182105	4.205122947692871	6	5
309	310	334	335	-3.5929879222565098	5.146313190460205	6	5
308	309	335	336	-13.331418595005289	4.419713020324707	6	5
307	308	336	337	-13.262100692148211	4.948568344116211	6	5
306	307	337	338	-8.56908995466207	4.568626880645752	6	5
305	306	338	339	8.81494493326875	5.312603950500488	6	5
304	305	339	340	-21.33093209183988	4.144505500793457	6	5
336	337	351	352	-13.091808230407533	5.183438777923584	7	6
335	336	352	353	-16.427902969632118	4.6453962326049805	7	6
334	335	353	354	-6.186094192808679	5.126225471496582	7	6
333	334	354	355	-2.653253370160099	4.494133472442627	7	6
332	333	355	356	-17.203161544860443	5.051883697509766	7	6
331	332	356	357	-19.43582446188421	4.391059875488281	7	6
330	331	357	358	-4.894121278052915	4.78555154800415	7	6
329	330	358	359	-13.532506938518603	4.485438823699951	7	6
328	329	359	360	-24.958941928300124	5.241246700286865	7	6
327	328	360	361	-22.11487952257518	4.198960304260254	7	6
326	327	361	362	-7.002536777621351	5.152544975280762	7	6
325	326	362	363	-4.020150566336465	4.491072177886963	7	6
324	325	363	364	-16.078999550855123	5.394102573394775	7	6
323	324	364	365	0.07894734803823865	4.426700592041016	7	6
364	365	370	371	-8.035752682533328	4.424715995788574	8	7
363	364	371	372	1.5583510457472294	5.246379375457764	8	7
362	363	372	373	-4.412678411679449	4.312510013580322	8	7
361	362	373	374	-4.872206868870271	5.0931715965271	8	7
360	361	374	375	-12.463384644297964	4.430654048919678	8	7
359	360	375	376	-1.499122795531361	5.588572978973389	8	7
358	359	376	377	-23.63813296549856	3.9257636070251465	8	7
357	358	377	378	-11.10810150249472	5.642543792724609	8	7
356	357	378	379	-22.132808119289038	4.525027751922607	8	7
377	378	402	403	-25.126316195047693	5.229470252990723	9	8
376	377	403	404	-28.263138939445145	4.55482292175293	9	8
375	376	404	405	-9.820939960542153	5.132932186126709	9	8
374	375	405	406	2.5825484245652564	4.411296367645264	9	8
373	374	406	407	3.524605488790861	5.021978855133057	9	8
372	373	407	408	-3.568483981863025	4.5132551193237305	9	8
371	372	408	409	-4.355877752806619	4.936151027679443	9	8
370	371	409	410	-7.927639484358663	4.6843414306640625	9	8
369	370	410	411	-15.498341631528357	5.1445088386535645	9	8
368	369	411	412	-28.798722225901788	4.570572853088379	9	8
412	413	420	421	-25.67721918645611	5.2430219650268555	10	9
411	412	421	422	-8.121454400701955	4.935556411743164	10	9
410	411	422	423	-5.05297809585244	4.953959941864014	10	9
409	410	423	424	-13.581900117795806	4.530269145965576	10	9
408	409	424	425	-2.0180204873621617	5.171863079071045	10	9
407	408	425	426	-11.417955620311028	4.344612121582031	10	9
406	407	426	427	-7.328622916529288	5.014291763305664	10	9
405	406	427	428	-0.08187340663638264	4.3716888427734375	10	9
404	405	428	429	-10.704225448839182	5.166017532348633	10	9
403	404	429	430	-16.410824185946677	4.48910665512085	10	9
429	430	462	463	47.23958144111478	4.615793228149414	11	10
428	429	463	464	5.285157233476108	5.278258323669434	11	10
427	428	464	465	-7.964868072563675	4.307904243469238	11	10
426	427	465	466	-10.898664812145585	5.265218734741211	11	10
425	426	466	467	-16.963484596738823	4.442964553833008	11	10
424	425	467	468	-5.473129294845301	5.051191806793213	11	10
423	424	468	469	-10.598775037402792	4.440595626831055	11	10
422	423	469	470	-11.539225265722733	5.053313732147217	11	10
421	422	470	471	-17.422879547818336	4.785400390625	11	10
420	421	471	472	-22.389898485919172	5.1550750732421875	11	10
473	474	484	485	-77.59992380134166	5.539242267608643	12	11
473	474	485	486	-18.26519336842271	5.232807636260986	12	11
472	473	486	487	-16.787184327792833	3.9851582050323486	12	11
471	472	487	488	-17.623411913456902	5.624319076538086	12	11
470	471	488	489	-6.536100391144015	4.118042469024658	12	11
469	470	489	490	-21.182849408836468	5.362442970275879	12	11
468	469	490	491	-10.172318640079387	4.669669151306152	12	11
467	468	491	492	-13.59630734957318	5.292717933654785	12	11
466	467	492	493	4.98846432641214	4.5970869064331055	12	11
465	466	493	494	-5.49875264236262	5.223750591278076	12	11
464	465	494	495	8.738930104878087	4.090947151184082	12	11
463	464	495	496	7.013070103590113	5.360070705413818	12	11
462	463	496	497	-29.590442041472294	4.3291096687316895	12	11
495	496	506	507	-6.290016869720143	5.228625774383545	13	12
494	495	507	508	-24.939907493043037	4.298752307891846	13	12
493	494	508	509	-13.911720037199313	4.804306983947754	13	12
492	493	509	510	6.699474210787793	4.54261589050293	13	12
491	492	510	511	-17.794756438595854	5.241799831390381	13	12
490	491	511	512	-16.737089289379462	4.603089809417725	13	12
489	490	512	513	-4.127318137261785	4.182174205780029	13	12
488	489	513	514	-2.6746642203537947	4.419881820678711	13	12
487	488	514	515	-28.282762075660088	5.355831623077393	13	12
486	487	515	516	-15.588740826891312	3.9619195461273193	13	12
485	486	516	517	-20.210761800456908	4.85276985168457	13	12
484	485	517	518	-19.216333211256106	4.866799354553223	13	12
517	518	523	524	16.43963284193057	4.668567657470703	14	13
516	517	524	525	-14.635098869765235	4.982766151428223	14	13
515	516	525	526	4.303281468036357	4.2524824142456055	14	13
513	514	526	527	12.741868735927088	5.266937732696533	14	13
513	514	527	528	-50.14695389230789	4.755941867828369	14	13
512	513	528	529	-11.936796361397596	5.220802307128906	14	13
511	512	529	530	-6.376306559276456	4.451296806335449	14	13
509	510	530	531	-5.881136046202535	5.59363317489624	14	13
509	510	531	532	-57.229764064894724	4.386148452758789	14	13
528	529	545	546	-23.95326763142962	5.313858509063721	15	14
527	528	546	547	-12.814956317017126	4.4888129234313965	15	14
526	527	547	548	-5.482076919343103	4.938347816467285	15	14
525	526	548	549	-11.332709400435592	4.854140758514404	15	14
524	525	549	550	12.01403951091157	5.325523853302002	15	14
523	524	550	551	-18.351013730519302	4.406379699707031	15	14
522	523	551	552	-15.011904884658593	5.071292877197266	15	14
521	522	552	553	-35.02623096797708	4.059176921844482	15	14
