288	289	6	7	-36.89355267547052	5.602652549743652	0	15
287	288	7	8	-14.325752030256908	4.3410797119140625	0	15
286	287	8	9	-18.635073860325754	5.612722396850586	0	15
285	286	9	10	2.433679782060219	4.176786422729492	0	15
283	284	10	11	-32.79558292259918	5.4369306564331055	0	15
283	284	11	12	3.1306738549435655	3.7338013648986816	0	15
282	283	12	13	11.484964682314168	5.348428249359131	0	15
281	282	13	14	-18.221768343374382	4.526638031005859	0	15
280	281	14	15	-6.8761952925871315	5.028929233551025	0	15
14	15	24	25	-11.451753623470031	5.307058334350586	1	0
13	14	25	26	-20.067929469222335	4.26904296875	1	0
12	13	26	27	-42.40545059295077	5.4899702072143555	1	0
11	12	27	28	-68.38013750811348	4.7596564292907715	1	0
9	10	29	30	8.369553843255193	4.181425094604492	1	0
8	9	30	31	3.9312543350607685	5.460813999176025	1	0
7	8	31	32	-9.086877598223673	4.5138044357299805	1	0
5	6	32	33	7.683193159625155	5.146546363830566	1	0
5	6	33	34	-50.5773238409044	4.346070289611816	1	0
4	5	34	35	-11.695641164835326	5.393233299255371	1	0
3	4	35	36	-29.139626742393233	4.796706199645996	1	0
38	39	47	48	-16.067852824349952	5.043067932128906	2	1
37	38	48	49	-3.2400187603650648	4.3032026290893555	2	1
36	37	49	50	-19.76972146527081	5.270678520202637	2	1
35	36	50	51	-6.329050127217025	4.453629016876221	2	1
34	35	51	52	-24.692957515912727	5.196499824523926	2	1
33	34	52	53	-17.305444185305912	4.632223129272461	2	1
32	33	53	54	-3.499452286834331	5.247747898101807	2	1
31	32	54	55	5.366443595395522	4.423407077789307	2	1
30	31	55	56	-5.262499992304577	5.2923455238342285	2	1
29	30	56	57	-16.363471453330703	4.400286674499512	2	1
51	52	67	68	-29.567638039699123	5.723451137542725	3	2
50	51	69	70	-30.14644174533249	5.369216442108154	3	2
49	50	70	71	-11.730598896842732	5.401593208312988	3	2
48	49	71	72	-19.453476400684046	4.284125804901123	3	2
47	48	72	73	-16.317680853523726	5.27731466293335	3	2
46	47	73	74	-20.0551778791812	4.66994571685791	3	2
73	74	78	79	42.34599150844527	5.522508144378662	4	3
73	74	79	80	-16.850497368900815	4.203566551208496	4	3
72	73	80	81	-6.724858666951922	5.3723063468933105	4	3
71	72	81	82	-29.31126819205335	4.056012153625488	4	3
70	71	82	83	-28.408127555066418	5.265254974365234	4	3
82	83	131	132	-42.010826207336436	4.7369303703308105	5	4
82	83	132	133	-2.691327216551075	5.105242729187012	5	4
81	82	133	134	-17.681522082453434	4.669064521789551	5	4
80	81	134	135	-18.54749908306091	5.117520332336426	5	4
79	80	135	136	-9.596080998432505	4.613442897796631	5	4
78	79	136	137	-13.256007929470973	5.397292137145996	5	4
77	78	137	138	-5.007769003333362	4.658459186553955	5	4
137	138	143	144	-11.19285079397231	4.53572416305542	6	5
136	137	144	145	-2.7650045640202747	5.13381814956665	6	5
135	136	145	146	-7.747484977036309	4.539770603179932	6	5
134	135	146	147	-7.287849847589666	5.096034049987793	6	5
133	134	147	148	-5.99053490017495	4.212655544281006	6	5
132	133	148	149	-2.2264591048696865	5.339837551116943	6	5
131	132	149	150	-29.91994956053158	4.005832672119141	6	5
148	149	163	164	-7.963395508538083	5.1243791580200195	7	6
147	148	164	165	-6.265907043540451	4.543214321136475	7	6
146	147	165	166	-5.246194704605161	5.2368245124816895	7	6
145	146	166	167	-6.951006010217934	4.732595443725586	7	6
144	145	167	168	-19.11526974226037	5.000824928283691	7	6
143	144	168	169	-2.4179215903587603	4.577659606933594	7	6
142	143	169	170	-17.56325659454999	5.37872838973999	7	6
141	142	170	171	-4.049071143751887	4.361555576324463	7	6
170	171	176	177	-10.071643205099468	4.217024803161621	8	7
169	170	177	178	-2.6875890656650814	5.382676124572754	8	7
168	169	178	179	-2.3458356632783954	4.11231803894043	8	7
167	168	179	180	-0.10441173536557104	5.65087890625	8	7
166	167	180	181	-2.162053511030734	4.052424907684326	8	7
165	166	181	182	-3.384896089215005	5.512785911560059	8	7
164	165	182	183	-17.457560076936392	4.007833480834961	8	7
181	182	193	194	-9.547766347380133	5.427201747894287	9	8
180	181	194	195	0.24698947490069437	4.39339017868042	9	8
179	180	195	196	8.024182045991012	5.022387981414795	9	8
178	179	196	197	-10.658928228076643	4.371035099029541	9	8
177	178	197	198	-11.51081445217639	5.155923366546631	9	8
176	177	198	199	-6.458808551434247	4.535315036773682	9	8
199	200	207	208	-60.64741007507466	5.419764518737793	10	9
199	200	208	209	-16.88105802935799	5.494345664978027	10	9
198	199	209	210	-5.907556107378229	3.9949135780334473	10	9
197	198	210	211	6.742827049946865	5.594944477081299	10	9
196	197	211	212	-17.091614996515855	4.114343643188477	10	9
195	196	212	213	-12.665082195925043	5.32070779800415	10	9
194	195	213	214	-9.244403152386623	4.632044315338135	10	9
212	213	223	224	-11.702226299735925	4.994845867156982	11	10
211	212	224	225	-12.978140672175256	4.528816223144531	11	10
210	211	225	226	-9.968891216878415	5.124756336212158	11	10
209	210	226	227	-23.059692002057588	4.626035213470459	11	10
208	209	227	228	-19.293926162368653	5.281524181365967	11	10
207	208	228	229	8.704896945067912	3.9948019981384277	11	10
205	206	229	230	38.42626544226027	5.551884651184082	11	10
205	206	230	231	-14.21528881870109	4.209482669830322	11	10
230	231	236	237	-25.95513657458732	4.181227207183838	12	11
229	230	237	238	-4.753791090227601	5.336852073669434	12	11
228	229	238	239	-17.436208403893026	4.324779987335205	12	11
226	227	239	240	29.3361457235035	5.735818862915039	12	11
226	227	240	241	-3.241464406557179	4.014313220977783	12	11
225	226	241	242	-14.397126418000036	5.450410842895508	12	11
224	225	242	243	-2.7926027916422993	4.27696418762207	12	11
241	242	252	253	-19.576126875727024	5.032620429992676	13	12
240	241	253	254	4.8845595738151335	4.266442775726318	13	12
238	239	254	255	48.59018965169901	5.394023418426514	13	12
238	239	255	256	-14.1595998232464	4.399765968322754	13	12
237	238	256	257	-31.039787865173665	5.205867767333984	13	12
236	237	257	258	-13.56377757379469	4.395644187927246	13	12
260	261	265	266	-43.23483430387376	5.527320861816406	14	13
259	260	266	267	-23.478116668575847	4.716464519500732	14	13
258	259	267	268	-16.279180625669074	5.044583320617676	14	13
257	258	268	269	1.0891047221478387	4.362877368927002	14	13
255	256	269	270	11.97870989157892	5.443219184875488	14	13
255	256	270	271	-17.61568524560262	3.839806079864502	14	13
253	254	271	272	35.19285034059531	5.671264171600342	14	13
253	254	272	273	-10.775747190665927	3.959117889404297	14	13
271	272	280	281	-16.189780407544628	5.341793060302734	15	14
270	271	281	282	5.2754153112461415	4.2459235191345215	15	14
268	269	282	283	55.83531624114235	5.182782173156738	15	14
268	269	283	284	-12.090844028343163	4.083587646484375	15	14
267	268	284	285	-33.07305695010154	5.677318572998047	15	14
266	267	285	286	-18.54654619105212	4.336960315704346	15	14
265	266	286	287	-8.692927798077429	5.315442085266113	15	14
288	289	6	7	-36.89355267547052	5.602652549743652	0	15
287	288	7	8	-14.325752030256908	4.3410797119140625	0	15
286	287	8	9	-18.635073860325754	5.612722396850586	0	15
285	286	9	10	2.433679782060219	4.176786422729492	0	15
283	284	10	11	-32.79558292259918	5.4369306564331055	0	15
283	284	11	12	3.1306738549435655	3.7338013648986816	0	15
282	283	12	13	11.484964682314168	5.348428249359131	0	15
281	282	13	14	-18.221768343374382	4.526638031005859	0	15
280	281	14	15	-6.8761952925871315	5.028929233551025	0	15
14	15	24	25	-11.451753623470031	5.307058334350586	1	0
13	14	25	26	-20.067929469222335	4.26904296875	1	0
12	13	26	27	-42.40545059295077	5.4899702072143555	1	0
11	12	27	28	-68.38013750811348	4.7596564292907715	1	0
9	10	29	30	8.369553843255193	4.181425094604492	1	0
8	9	30	31	3.9312543350607685	5.460813999176025	1	0
7	8	31	32	-9.086877598223673	4.5138044357299805	1	0
5	6	32	33	7.683193159625155	5.146546363830566	1	0
5	6	33	34	-50.5773238409044	4.346070289611816	1	0
4	5	34	35	-11.695641164835326	5.393233299255371	1	0
3	4	35	36	-29.139626742393233	4.796706199645996	1	0
38	39	47	48	-16.067852824349952	5.043067932128906	2	1
37	38	48	49	-3.2400187603650648	4.3032026290893555	2	1
36	37	49	50	-19.76972146527081	5.270678520202637	2	1
35	36	50	51	-6.329050127217025	4.453629016876221	2	1
34	35	51	52	-24.692957515912727	5.196499824523926	2	1
33	34	52	53	-17.305444185305912	4.632223129272461	2	1
32	33	53	54	-3.499452286834331	5.247747898101807	2	1
31	32	54	55	5.366443595395522	4.423407077789307	2	1
30	31	55	56	-5.262499992304577	5.2923455238342285	2	1
29	30	56	57	-16.363471453330703	4.400286674499512	2	1
51	52	67	68	-29.567638039699123	5.723451137542725	3	2
50	51	69	70	-30.14644174533249	5.369216442108154	3	2
49	50	70	71	-11.730598896842732	5.401593208312988	3	2
48	49	71	72	-19.453476400684046	4.284125804901123	3	2
47	48	72	73	-16.317680853523726	5.27731466293335	3	2
46	47	73	74	-20.0551778791812	4.66994571685791	3	2
73	74	78	79	42.34599150844527	5.522508144378662	4	3
73	74	79	80	-16.850497368900815	4.203566551208496	4	3
72	73	80	81	-6.724858666951922	5.3723063468933105	4	3
71	72	81	82	-29.31126819205335	4.056012153625488	4	3
70	71	82	83	-28.408127555066418	5.265254974365234	4	3
82	83	131	132	-42.010826207336436	4.7369303703308105	5	4
82	83	132	133	-2.691327216551075	5.105242729187012	5	4
81	82	133	134	-17.681522082453434	4.669064521789551	5	4
80	81	134	135	-18.54749908306091	5.117520332336426	5	4
79	80	135	136	-9.596080998432505	4.613442897796631	5	4
78	79	136	137	-13.256007929470973	5.397292137145996	5	4
77	78	137	138	-5.007769003333362	4.658459186553955	5	4
137	138	143	144	-11.19285079397231	4.53572416305542	6	5
136	137	144	145	-2.7650045640202747	5.13381814956665	6	5
135	136	145	146	-7.747484977036309	4.539770603179932	6	5
134	135	146	147	-7.287849847589666	5.096034049987793	6	5
133	134	147	148	-5.99053490017495	4.212655544281006	6	5
132	133	148	149	-2.2264591048696865	5.339837551116943	6	5
131	132	149	150	-29.91994956053158	4.005832672119141	6	5
148	149	163	164	-7.963395508538083	5.1243791580200195	7	6
147	148	164	165	-6.265907043540451	4.543214321136475	7	6
146	147	165	166	-5.246194704605161	5.2368245124816895	7	6
145	146	166	167	-6.951006010217934	4.732595443725586	7	6
144	145	167	168	-19.11526974226037	5.000824928283691	7	6
143	144	168	169	-2.4179215903587603	4.577659606933594	7	6
142	143	169	170	-17.56325659454999	5.37872838973999	7	6
141	142	170	171	-4.049071143751887	4.361555576324463	7	6
170	171	176	177	-10.071643205099468	4.217024803161621	8	7
169	170	177	178	-2.6875890656650814	5.382676124572754	8	7
168	169	178	179	-2.3458356632783954	4.11231803894043	8	7
167	168	179	180	-0.10441173536557104	5.65087890625	8	7
166	167	180	181	-2.162053511030734	4.052424907684326	8	7
165	166	181	182	-3.384896089215005	5.512785911560059	8	7
164	165	182	183	-17.457560076936392	4.007833480834961	8	7
181	182	193	194	-9.547766347380133	5.427201747894287	9	8
180	181	194	195	0.24698947490069437	4.39339017868042	9	8
179	180	195	196	8.024182045991012	5.022387981414795	9	8
178	179	196	197	-10.658928228076643	4.371035099029541	9	8
177	178	197	198	-11.51081445217639	5.155923366546631	9	8
176	177	198	199	-6.458808551434247	4.535315036773682	9	8
199	200	207	208	-60.64741007507466	5.419764518737793	10	9
199	200	208	209	-16.88105802935799	5.494345664978027	10	9
198	199	209	210	-5.907556107378229	3.9949135780334473	10	9
197	198	210	211	6.742827049946865	5.594944477081299	10	9
196	197	211	212	-17.091614996515855	4.114343643188477	10	9
195	196	212	213	-12.665082195925043	5.32070779800415	10	9
194	195	213	214	-9.244403152386623	4.632044315338135	10	9
212	213	223	224	-11.702226299735925	4.994845867156982	11	10
211	212	224	225	-12.978140672175256	4.528816223144531	11	10
210	211	225	226	-9.968891216878415	5.124756336212158	11	10
209	210	226	227	-23.059692002057588	4.626035213470459	11	10
208	209	227	228	-19.293926162368653	5.281524181365967	11	10
207	208	228	229	8.704896945067912	3.9948019981384277	11	10
205	206	229	230	38.42626544226027	5.551884651184082	11	10
205	206	230	231	-14.21528881870109	4.209482669830322	11	10
230	231	236	237	-25.95513657458732	4.181227207183838	12	11
229	230	237	238	-4.753791090227601	5.336852073669434	12	11
228	229	238	239	-17.436208403893026	4.324779987335205	12	11
226	227	239	240	29.3361457235035	5.735818862915039	12	11
226	227	240	241	-3.241464406557179	4.014313220977783	12	11
225	226	241	242	-14.397126418000036	5.450410842895508	12	11
224	225	242	243	-2.7926027916422993	4.27696418762207	12	11
241	242	252	253	-19.576126875727024	5.032620429992676	13	12
240	241	253	254	4.8845595738151335	4.266442775726318	13	12
238	239	254	255	48.59018965169901	5.394023418426514	13	12
238	239	255	256	-14.1595998232464	4.399765968322754	13	12
237	238	256	257	-31.039787865173665	5.205867767333984	13	12
236	237	257	258	-13.56377757379469	4.395644187927246	13	12
260	261	265	266	-43.23483430387376	5.527320861816406	14	13
259	260	266	267	-23.478116668575847	4.716464519500732	14	13
258	259	267	268	-16.279180625669074	5.044583320617676	14	13
257	258	268	269	1.0891047221478387	4.362877368927002	14	13
255	256	269	270	11.97870989157892	5.443219184875488	14	13
255	256	270	271	-17.61568524560262	3.839806079864502	14	13
253	254	271	272	35.19285034059531	5.671264171600342	14	13
253	254	272	273	-10.775747190665927	3.959117889404297	14	13
271	272	280	281	-16.189780407544628	5.341793060302734	15	14
270	271	281	282	5.2754153112461415	4.2459235191345215	15	14
268	269	282	283	55.83531624114235	5.182782173156738	15	14
268	269	283	284	-12.090844028343163	4.083587646484375	15	14
267	268	284	285	-33.07305695010154	5.677318572998047	15	14
266	267	285	286	-18.54654619105212	4.336960315704346	15	14
265	266	286	287	-8.692927798077429	5.315442085266113	15	14
