26	27	43	44	-22.333447447377313	5.456645488739014	1	0
25	26	44	45	-7.549204193878617	4.439459800720215	1	0
47	48	54	55	-76.03532396929917	5.604799270629883	2	1
47	48	55	56	-19.501591742931083	5.289988040924072	2	1
46	47	56	57	5.6597697303712815	4.136005401611328	2	1
45	46	57	58	1.7066677633340812	5.2495436668396	2	1
44	45	58	59	-22.656158009124145	4.535833358764648	2	1
43	44	59	60	-6.172650603576644	5.2849812507629395	2	1
42	43	60	61	-16.157059120609222	4.610020160675049	2	1
61	62	67	68	-19.952092119227217	5.347048282623291	3	2
60	61	68	69	-15.050499440256457	4.226043701171875	3	2
59	60	69	70	-17.801977483776607	5.3879923820495605	3	2
58	59	70	71	-16.577333706344163	4.893577575683594	3	2
57	58	71	72	-29.08552711400839	5.02372407913208	3	2
56	57	72	73	-21.38764028176246	4.523861885070801	3	2
55	56	73	74	-11.964704769677537	5.214151859283447	3	2
54	55	74	75	6.497765406134063	4.57279109954834	3	2
77	78	83	84	-43.541415429636984	5.5285820960998535	4	3
76	77	84	85	-11.780671868365125	4.476629257202148	4	3
74	75	85	86	-26.101798589097605	5.4533491134643555	4	3
74	75	86	87	-58.613410708981355	4.126105785369873	4	3
72	73	87	88	14.5921211834702	5.518242835998535	4	3
72	73	88	89	-20.211810160421592	4.174592971801758	4	3
70	71	89	90	1.2867200281994333	5.613403797149658	4	3
89	90	99	100	8.927783307710287	4.952486038208008	5	4
88	89	100	101	-12.207728086161614	5.050163745880127	5	4
88	89	101	102	-74.59959019936879	4.175421714782715	5	4
86	87	106	107	-33.05025374860464	4.833958625793457	5	4
85	86	107	108	-22.271839881137605	5.5004048347473145	5	4
84	85	108	109	-27.31698749131975	4.202685832977295	5	4
83	84	109	110	3.6192060840437468	5.497474670410156	5	4
112	113	119	120	-34.35094069958911	5.491485118865967	6	5
112	113	120	121	28.461020921135088	5.139596939086914	6	5
110	111	121	122	-14.932994360165857	4.534168243408203	6	5
109	110	122	123	-19.476513174614887	5.192768096923828	6	5
108	109	123	124	-15.337317839079711	4.543946743011475	6	5
107	108	124	125	-10.965042006521792	5.114896774291992	6	5
124	125	133	134	-29.834475226693076	5.441390514373779	7	6
123	124	134	135	1.3265537468343618	4.4021782875061035	7	6
122	123	135	136	-17.689211818563404	5.4271440505981445	7	6
121	122	136	137	-26.46608602095145	4.397510051727295	7	6
120	121	137	138	-18.463692753546717	5.3363261222839355	7	6
26	27	43	44	-22.333447447377313	5.456645488739014	1	0
25	26	44	45	-7.549204193878617	4.439459800720215	1	0
47	48	54	55	-76.03532396929917	5.604799270629883	2	1
47	48	55	56	-19.501591742931083	5.289988040924072	2	1
46	47	56	57	5.6597697303712815	4.136005401611328	2	1
45	46	57	58	1.7066677633340812	5.2495436668396	2	1
44	45	58	59	-22.656158009124145	4.535833358764648	2	1
43	44	59	60	-6.172650603576644	5.2849812507629395	2	1
42	43	60	61	-16.157059120609222	4.610020160675049	2	1
61	62	67	68	-19.952092119227217	5.347048282623291	3	2
60	61	68	69	-15.050499440256457	4.226043701171875	3	2
59	60	69	70	-17.801977483776607	5.3879923820495605	3	2
58	59	70	71	-16.577333706344163	4.893577575683594	3	2
57	58	71	72	-29.08552711400839	5.02372407913208	3	2
56	57	72	73	-21.38764028176246	4.523861885070801	3	2
55	56	73	74	-11.964704769677537	5.214151859283447	3	2
54	55	74	75	6.497765406134063	4.57279109954834	3	2
77	78	83	84	-43.541415429636984	5.5285820960998535	4	3
76	77	84	85	-11.780671868365125	4.476629257202148	4	3
74	75	85	86	-26.101798589097605	5.4533491134643555	4	3
74	75	86	87	-58.613410708981355	4.126105785369873	4	3
72	73	87	88	14.5921211834702	5.518242835998535	4	3
72	73	88	89	-20.211810160421592	4.174592971801758	4	3
70	71	89	90	1.2867200281994333	5.613403797149658	4	3
89	90	99	100	8.927783307710287	4.952486038208008	5	4
88	89	100	101	-12.207728086161614	5.050163745880127	5	4
88	89	101	102	-74.59959019936879	4.175421714782715	5	4
86	87	106	107	-33.05025374860464	4.833958625793457	5	4
85	86	107	108	-22.271839881137605	5.5004048347473145	5	4
84	85	108	109	-27.31698749131975	4.202685832977295	5	4
83	84	109	110	3.6192060840437468	5.497474670410156	5	4
112	113	119	120	-34.35094069958911	5.491485118865967	6	5
112	113	120	121	28.461020921135088	5.139596939086914	6	5
110	111	121	122	-14.932994360165857	4.534168243408203	6	5
109	110	122	123	-19.476513174614887	5.192768096923828	6	5
108	109	123	124	-15.337317839079711	4.543946743011475	6	5
107	108	124	125	-10.965042006521792	5.114896774291992	6	5
124	125	133	134	-29.834475226693076	5.441390514373779	7	6
123	124	134	135	1.3265537468343618	4.4021782875061035	7	6
122	123	135	136	-17.689211818563404	5.4271440505981445	7	6
121	122	136	137	-26.46608602095145	4.397510051727295	7	6
120	121	137	138	-18.463692753546717	5.3363261222839355	7	6
