178	179	21	22	11.847642708781303	5.123680114746094	0	7
178	179	22	23	-58.285808475038635	4.120406150817871	0	7
178	179	23	24	64.3820330624354	5.4933857917785645	0	7
176	177	27	28	32.73875047675999	4.383336067199707	0	7
175	176	28	29	-6.991358521870538	5.035198211669922	0	7
174	175	29	30	-14.787658637987283	4.684722423553467	0	7
173	174	30	31	-25.769180918482707	5.095799922943115	0	7
172	173	31	32	-16.34338112331171	4.617737293243408	0	7
171	172	32	33	-28.042420660973065	5.090243339538574	0	7
34	35	39	40	-45.53725469302879	5.060592174530029	1	0
33	34	40	41	-52.98446824485167	4.62121057510376	1	0
32	33	41	42	-19.780726819905684	5.268237113952637	1	0
31	32	42	43	-14.878124914286685	4.457705974578857	1	0
30	31	43	44	-34.38905995866396	5.536311149597168	1	0
29	30	44	45	-34.223575519954515	4.478989601135254	1	0
54	55	59	60	-60.4824679490913	5.377810478210449	2	1
54	55	60	61	-3.4394456951768326	5.301938533782959	2	1
53	54	61	62	-48.45686734658148	4.455045700073242	2	1
52	53	62	63	-35.772544904058584	5.33713436126709	2	1
52	53	63	64	20.317422309753113	4.7757768630981445	2	1
51	52	64	65	10.197341352275675	4.8504204750061035	2	1
50	51	65	66	-7.865893140602878	5.390068531036377	2	1
49	50	66	67	-12.75103300596307	3.9117214679718018	2	1
48	49	67	68	-4.600863529597042	5.331075191497803	2	1
47	48	68	69	-32.14381252452202	4.2746171951293945	2	1
46	47	69	70	-5.135564968655999	5.54058837890625	2	1
45	46	72	73	-34.60489245935028	5.119644641876221	2	1
44	45	73	74	-35.67976968752109	4.290846347808838	2	1
67	68	98	99	-20.11320229715902	4.958337783813477	3	2
66	67	99	100	-13.564450449384548	4.332174777984619	3	2
65	66	100	101	13.787658773300457	5.276998043060303	3	2
64	65	101	102	-6.0170136628442545	4.246707439422607	3	2
63	64	102	103	4.448960059744288	5.268385887145996	3	2
103	104	111	112	6.448062110911474	5.088089466094971	4	3
101	102	112	113	-14.073606826578107	4.042272567749023	4	3
100	101	113	114	-2.163842298106697	5.4103193283081055	4	3
99	100	114	115	-13.63147695926944	4.513763427734375	4	3
113	114	121	122	-40.23329975255186	5.552618503570557	5	4
112	113	122	123	-51.37024020345585	4.534382343292236	5	4
111	112	123	124	-26.658069081145996	5.585655689239502	5	4
110	111	124	125	-18.50341069570648	4.373793601989746	5	4
109	110	125	126	-31.170240827464557	5.062227725982666	5	4
108	109	126	127	-40.541288634238676	5.027233600616455	5	4
132	133	142	143	-66.90202034191665	5.130094051361084	6	5
130	131	143	144	-3.1791611988693	4.655457496643066	6	5
129	130	144	145	-4.93223509781315	5.242992877960205	6	5
128	129	145	146	-15.034445200026783	4.71828556060791	6	5
127	128	146	147	-10.912475701752966	5.303802967071533	6	5
126	127	147	148	-17.758109509650705	4.159623622894287	6	5
124	125	148	149	10.857146709817844	5.257688045501709	6	5
124	125	149	150	6.834030906168857	4.507664203643799	6	5
150	151	171	172	-16.63621407031821	5.330461502075195	7	6
149	150	172	173	-39.77324036511854	4.374876499176025	7	6
148	149	173	174	-3.186864642843998	5.09860897064209	7	6
147	148	174	175	-14.628452127885923	4.381540298461914	7	6
146	147	175	176	8.039330641958117	4.977851390838623	7	6
145	146	176	177	-7.484119742448059	4.523366451263428	7	6
144	145	177	178	-23.21717385611763	4.940491676330566	7	6
143	144	178	179	-30.667932840568813	4.578035354614258	7	6
142	143	179	180	-18.668015771947445	5.359622955322266	7	6
178	179	21	22	11.847642708781303	5.123680114746094	0	7
178	179	22	23	-58.285808475038635	4.120406150817871	0	7
178	179	23	24	64.3820330624354	5.4933857917785645	0	7
176	177	27	28	32.73875047675999	4.383336067199707	0	7
175	176	28	29	-6.991358521870538	5.035198211669922	0	7
174	175	29	30	-14.787658637987283	4.684722423553467	0	7
173	174	30	31	-25.769180918482707	5.095799922943115	0	7
172	173	31	32	-16.34338112331171	4.617737293243408	0	7
171	172	32	33	-28.042420660973065	5.090243339538574	0	7
34	35	39	40	-45.53725469302879	5.060592174530029	1	0
33	34	40	41	-52.98446824485167	4.62121057510376	1	0
32	33	41	42	-19.780726819905684	5.268237113952637	1	0
31	32	42	43	-14.878124914286685	4.457705974578857	1	0
30	31	43	44	-34.38905995866396	5.536311149597168	1	0
29	30	44	45	-34.223575519954515	4.478989601135254	1	0
54	55	59	60	-60.4824679490913	5.377810478210449	2	1
54	55	60	61	-3.4394456951768326	5.301938533782959	2	1
53	54	61	62	-48.45686734658148	4.455045700073242	2	1
52	53	62	63	-35.772544904058584	5.33713436126709	2	1
52	53	63	64	20.317422309753113	4.7757768630981445	2	1
51	52	64	65	10.197341352275675	4.8504204750061035	2	1
50	51	65	66	-7.865893140602878	5.390068531036377	2	1
49	50	66	67	-12.75103300596307	3.9117214679718018	2	1
48	49	67	68	-4.600863529597042	5.331075191497803	2	1
47	48	68	69	-32.14381252452202	4.2746171951293945	2	1
46	47	69	70	-5.135564968655999	5.54058837890625	2	1
45	46	72	73	-34.60489245935028	5.119644641876221	2	1
44	45	73	74	-35.67976968752109	4.290846347808838	2	1
67	68	98	99	-20.11320229715902	4.958337783813477	3	2
66	67	99	100	-13.564450449384548	4.332174777984619	3	2
65	66	100	101	13.787658773300457	5.276998043060303	3	2
64	65	101	102	-6.0170136628442545	4.246707439422607	3	2
63	64	102	103	4.448960059744288	5.268385887145996	3	2
103	104	111	112	6.448062110911474	5.088089466094971	4	3
101	102	112	113	-14.073606826578107	4.042272567749023	4	3
100	101	113	114	-2.163842298106697	5.4103193283081055	4	3
99	100	114	115	-13.63147695926944	4.513763427734375	4	3
113	114	121	122	-40.23329975255186	5.552618503570557	5	4
112	113	122	123	-51.37024020345585	4.534382343292236	5	4
111	112	123	124	-26.658069081145996	5.585655689239502	5	4
110	111	124	125	-18.50341069570648	4.373793601989746	5	4
109	110	125	126	-31.170240827464557	5.062227725982666	5	4
108	109	126	127	-40.541288634238676	5.027233600616455	5	4
132	133	142	143	-66.90202034191665	5.130094051361084	6	5
130	131	143	144	-3.1791611988693	4.655457496643066	6	5
129	130	144	145	-4.93223509781315	5.242992877960205	6	5
128	129	145	146	-15.034445200026783	4.71828556060791	6	5
127	128	146	147	-10.912475701752966	5.303802967071533	6	5
126	127	147	148	-17.758109509650705	4.159623622894287	6	5
124	125	148	149	10.857146709817844	5.257688045501709	6	5
124	125	149	150	6.834030906168857	4.507664203643799	6	5
150	151	171	172	-16.63621407031821	5.330461502075195	7	6
149	150	172	173	-39.77324036511854	4.374876499176025	7	6
148	149	173	174	-3.186864642843998	5.09860897064209	7	6
147	148	174	175	-14.628452127885923	4.381540298461914	7	6
146	147	175	176	8.039330641958117	4.977851390838623	7	6
145	146	176	177	-7.484119742448059	4.523366451263428	7	6
144	145	177	178	-23.21717385611763	4.940491676330566	7	6
143	144	178	179	-30.667932840568813	4.578035354614258	7	6
142	143	179	180	-18.668015771947445	5.359622955322266	7	6
