312	313	6	7	-38.044937294822205	5.635973930358887	0	15
312	313	7	8	-21.57089268608745	5.4325175285339355	0	15
311	312	8	9	-11.6929435114558	3.9481217861175537	0	15
310	311	9	10	-5.688256976785372	5.092247486114502	0	15
309	310	10	11	8.153179989985492	4.408027648925781	0	15
307	308	11	12	-36.92899483372531	5.553074836730957	0	15
307	308	12	13	-1.5772245290988849	4.1493611335754395	0	15
306	307	13	14	-3.745614908731374	5.619871616363525	0	15
305	306	14	15	5.365874933092758	4.494943141937256	0	15
303	304	15	16	22.249430490781485	5.3621134757995605	0	15
303	304	16	17	-14.714551327969586	4.085850715637207	0	15
301	302	17	18	45.27116567663525	5.485164642333984	0	15
301	302	18	19	-26.98150512478842	4.013339519500732	0	15
300	301	19	20	-13.467412981101718	5.198749542236328	0	15
19	20	27	28	-50.231898364866524	5.325241565704346	1	0
19	20	28	29	-13.86577992465757	5.293155193328857	1	0
18	19	29	30	-8.728748865614845	4.599244117736816	1	0
17	18	30	31	-3.2949088257348946	5.373759746551514	1	0
16	17	31	32	-9.340717618026673	4.295478343963623	1	0
15	16	32	33	2.5477553114705334	5.465115547180176	1	0
14	15	33	34	1.4333554116431322	4.127815246582031	1	0
12	13	35	36	-52.97355758055097	4.243537425994873	1	0
10	11	37	38	-56.82296553597091	4.037517547607422	1	0
10	11	38	39	47.949174218871626	4.904453277587891	1	0
8	9	40	41	42.819391848909035	4.597048759460449	1	0
6	7	41	42	37.88137587598492	5.386595249176025	1	0
6	7	42	43	-33.45354911988211	4.133540630340576	1	0
5	6	43	44	-34.56325499767047	5.511114597320557	1	0
4	5	44	45	-21.121282880887627	4.933011531829834	1	0
47	48	55	56	-62.45787346088782	5.654344081878662	2	1
47	48	56	57	-9.597074665309345	5.299446105957031	2	1
46	47	57	58	-18.702384663087045	4.55959939956665	2	1
44	45	59	60	-0.27123803870985536	4.04126501083374	2	1
43	44	60	61	5.285917755684906	5.389175891876221	2	1
42	43	61	62	-21.655753387904916	3.807457447052002	2	1
61	62	76	77	-2.6310676947155542	5.115410327911377	3	2
60	61	77	78	6.117503348573895	5.704590320587158	3	2
59	60	78	79	45.8025710684928	4.202971935272217	3	2
57	58	79	80	55.13286888670451	5.218332290649414	3	2
57	58	80	81	-17.323315809750184	4.0435471534729	3	2
56	57	81	82	-32.24963619623346	5.301520824432373	3	2
55	56	82	83	-33.444866605324876	4.277828693389893	3	2
82	83	88	89	-4.6214583785195815	3.9299001693725586	4	3
80	81	89	90	-1.2225458557828197	5.468490123748779	4	3
80	81	90	91	-41.875405584956425	3.9638757705688477	4	3
78	79	92	93	15.97513938808665	4.275516986846924	4	3
77	78	93	94	44.271995999958406	5.660931587219238	4	3
76	77	94	95	81.80153442468544	5.308872222900391	4	3
92	93	126	127	31.47255230974662	5.048306941986084	5	4
92	93	127	128	-55.37262635628395	4.1289238929748535	5	4
90	91	129	130	-19.81963706149864	4.396953105926514	5	4
89	90	130	131	-10.385007141682323	5.214518070220947	5	4
88	89	131	132	-20.90817533541865	4.6573991775512695	5	4
132	133	140	141	-57.28826523788958	4.995395660400391	6	5
132	133	141	142	-18.88331586455525	4.733633995056152	6	5
131	132	142	143	13.400524418271607	4.392536640167236	6	5
130	131	143	144	-19.934210038355427	5.3979268074035645	6	5
129	130	144	145	-1.001260266175927	4.23737907409668	6	5
127	128	145	146	-30.85341444422139	5.369462966918945	6	5
145	146	157	158	-51.69570645866976	5.259385108947754	7	6
145	146	158	159	-5.083845422983889	5.458561420440674	7	6
144	145	159	160	-19.130463915439922	4.7966108322143555	7	6
143	144	160	161	-3.914658449073029	5.1530280113220215	7	6
142	143	161	162	-2.298785210223499	4.254555702209473	7	6
141	142	162	163	-8.834181610516982	5.41689920425415	7	6
140	141	163	164	-20.731680042660003	4.308999061584473	7	6
139	140	164	165	-17.156458155109675	5.195789813995361	7	6
138	139	165	166	-3.6547603034015212	5.084722995758057	7	6
165	166	170	171	38.26505659508137	5.412445068359375	8	7
165	166	171	172	-1.5695808429831668	4.197981834411621	8	7
164	165	172	173	-2.3079321182669394	5.033436298370361	8	7
163	164	173	174	-0.4833829634112341	4.495636940002441	8	7
161	162	174	175	40.696880258179895	4.9089460372924805	8	7
161	162	175	176	-21.586343405391748	4.109029293060303	8	7
160	161	176	177	-15.118745796179347	5.496129035949707	8	7
159	160	177	178	-12.964456820041796	4.624205112457275	8	7
158	159	178	179	-12.225788704324309	5.252597332000732	8	7
157	158	179	180	-28.53069877305058	4.237918376922607	8	7
180	181	191	192	-10.999297025442376	4.874814510345459	9	8
179	180	192	193	-15.291162498420894	4.878070831298828	9	8
178	179	193	194	-12.749237555019391	5.597280502319336	9	8
177	178	194	195	-1.0451426502845669	4.538177013397217	9	8
176	177	195	196	5.586635444131178	5.2983012199401855	9	8
175	176	196	197	-18.33423107028195	4.385524749755859	9	8
174	175	197	198	-7.50494317454369	5.411728858947754	9	8
173	174	198	199	-12.944363367950524	4.824874401092529	9	8
172	173	199	200	-8.413671604346476	5.371027946472168	9	8
171	172	200	201	1.6829017255928675	4.190345764160156	9	8
169	170	202	203	-41.96801595282845	4.664620876312256	9	8
202	203	208	209	23.154311688113935	4.618271350860596	10	9
200	201	209	210	-6.477318517402823	5.449002265930176	10	9
200	201	210	211	-35.91173532743735	4.127954483032227	10	9
198	199	211	212	25.891696195093157	5.662725925445557	10	9
198	199	212	213	0.27561254168448296	4.031174182891846	10	9
197	198	213	214	-4.252374092201606	5.529031753540039	10	9
196	197	214	215	-15.995103093638654	4.382554531097412	10	9
195	196	215	216	-3.682009840801625	5.4573445320129395	10	9
194	195	216	217	-11.333882578934098	4.288186073303223	10	9
193	194	217	218	2.6067541428502152	5.123993396759033	10	9
192	193	218	219	6.482355665238601	4.138730525970459	10	9
217	218	228	229	-22.601510465815153	5.4141845703125	11	10
216	217	229	230	-2.453883550951758	4.16087007522583	11	10
215	216	230	231	-14.103940210994981	5.295814037322998	11	10
214	215	231	232	-1.109692297421417	4.717928409576416	11	10
213	214	232	233	-20.933773699470375	5.355981349945068	11	10
212	213	233	234	-13.814546475018986	4.3835296630859375	11	10
210	211	234	235	44.08952912992705	5.408879280090332	11	10
210	211	235	236	-17.972356289792046	4.187790393829346	11	10
209	210	236	237	1.913598732374376	5.408692359924316	11	10
208	209	237	238	12.86031903747995	4.016682147979736	11	10
237	238	246	247	26.325487045133904	5.574525833129883	12	11
237	238	247	248	-16.677591918337043	3.927741289138794	12	11
235	236	248	249	42.25326523521515	5.525543689727783	12	11
235	236	249	250	-4.1139030030410275	3.7927331924438477	12	11
234	235	250	251	-9.370828694201858	5.250553607940674	12	11
233	234	251	252	-12.685477510788754	4.285985946655273	12	11
232	233	252	253	-4.5942012377838655	5.603089332580566	12	11
231	232	253	254	-38.23555762309371	4.0906662940979	12	11
230	231	254	255	-8.024060865653912	5.634098052978516	12	11
229	230	256	257	-28.546522260007798	4.372856140136719	12	11
252	253	267	268	1.2198483375205298	5.185728073120117	13	12
251	252	268	269	-6.624079813141713	4.484652519226074	13	12
250	251	269	270	-7.538016906619459	5.212533473968506	13	12
249	250	270	271	-9.745575465476811	4.332118511199951	13	12
248	249	271	272	0.7407335934423771	5.25269079208374	13	12
247	248	272	273	-15.9031694384859	4.266519069671631	13	12
246	247	273	274	-31.05186291475896	5.238603115081787	13	12
245	246	274	275	-6.362732867766317	4.225552558898926	13	12
244	245	275	276	-16.113175931649803	5.34113883972168	13	12
243	244	276	277	-28.485587650919513	4.793848037719727	13	12
276	277	283	284	-17.75570459305348	4.132136344909668	14	13
275	276	284	285	-22.90565087783397	5.1625261306762695	14	13
274	275	285	286	-10.96408042344876	4.1837263107299805	14	13
273	274	286	287	6.735612718557613	5.338830947875977	14	13
272	273	287	288	-19.457477696243135	4.431211471557617	14	13
270	271	289	290	-4.344426522169131	4.601724624633789	14	13
269	270	290	291	2.360199912512581	5.478370666503906	14	13
268	269	291	292	-11.212131580482142	4.272510051727295	14	13
267	268	292	293	-0.555907521662937	5.456916809082031	14	13
292	293	300	301	-13.474525558634857	5.189605712890625	15	14
291	292	301	302	-6.074324564728474	4.19258975982666	15	14
290	291	302	303	-12.748614543241988	5.225518703460693	15	14
289	290	303	304	-4.709465980868773	4.512486457824707	15	14
288	289	304	305	-10.196309278434764	5.112666606903076	15	14
287	288	305	306	-13.390274838190578	4.104395389556885	15	14
286	287	306	307	-1.5242184295927115	4.4856672286987305	15	14
285	286	307	308	-8.065802396104154	4.090648651123047	15	14
284	285	308	309	-19.730931361420165	4.854077339172363	15	14
283	284	309	310	-22.630009529843555	4.389209747314453	15	14
