211	212	189	190	-29.82987195291032	5.41322135925293	0	1
210	211	190	191	-27.58173443498433	4.2001519203186035	0	1
209	210	191	192	-6.766921816119837	5.170904159545898	0	1
208	209	192	193	-0.10027545126099498	4.507290840148926	0	1
207	208	193	194	-20.44238570091396	5.43922233581543	0	1
206	207	194	195	-15.16620408836223	4.337296962738037	0	1
205	206	195	196	-4.783437554799896	5.157039165496826	0	1
204	205	196	197	-20.170070741949065	4.6241302490234375	0	1
196	197	204	205	-17.892147205580773	5.226817607879639	1	0
195	196	205	206	-5.3925005008906854	4.6241302490234375	1	0
194	195	206	207	-12.678952517345634	5.157039165496826	1	0
193	194	207	208	-25.5299975288791	4.337296962738037	1	0
192	193	208	209	-0.08195208852885769	5.43922233581543	1	0
191	192	209	210	-7.803258167109951	4.507290840148926	1	0
190	191	210	211	-22.259144167389547	5.170904159545898	1	0
189	190	211	212	-38.00683906216282	4.2001519203186035	1	0
211	212	189	190	-29.82987195291032	5.41322135925293	0	1
210	211	190	191	-27.58173443498433	4.2001519203186035	0	1
209	210	191	192	-6.766921816119837	5.170904159545898	0	1
208	209	192	193	-0.10027545126099498	4.507290840148926	0	1
207	208	193	194	-20.44238570091396	5.43922233581543	0	1
206	207	194	195	-15.16620408836223	4.337296962738037	0	1
205	206	195	196	-4.783437554799896	5.157039165496826	0	1
204	205	196	197	-20.170070741949065	4.6241302490234375	0	1
196	197	204	205	-17.892147205580773	5.226817607879639	1	0
195	196	205	206	-5.3925005008906854	4.6241302490234375	1	0
194	195	206	207	-12.678952517345634	5.157039165496826	1	0
193	194	207	208	-25.5299975288791	4.337296962738037	1	0
192	193	208	209	-0.08195208852885769	5.43922233581543	1	0
191	192	209	210	-7.803258167109951	4.507290840148926	1	0
190	191	210	211	-22.259144167389547	5.170904159545898	1	0
189	190	211	212	-38.00683906216282	4.2001519203186035	1	0
