147	148	2	3	-56.94705717787987	5.43616247177124	0	7
147	148	3	4	-20.641696563673307	5.48665714263916	0	7
146	147	4	5	-18.149906646592402	4.141312599182129	0	7
144	145	5	6	-15.090640899573161	5.509256362915039	0	7
144	145	6	7	-55.60111131119785	4.05472993850708	0	7
142	143	7	8	-48.07336607349019	4.598387241363525	0	7
142	143	8	9	-2.4595999846217778	3.7451231479644775	0	7
140	141	10	11	-16.17994513873502	4.413097381591797	0	7
138	139	11	12	26.368863459291934	5.247801780700684	0	7
138	139	12	13	-27.110613755108673	4.008192539215088	0	7
137	138	13	14	-31.302263237186505	5.4108476638793945	0	7
13	14	18	19	16.988263650797023	5.658202648162842	1	0
12	13	20	21	-35.817843603900464	4.927296161651611	1	0
11	12	21	22	-22.502014731931286	5.015918254852295	1	0
10	11	22	23	-21.052925739653812	4.500361919403076	1	0
9	10	23	24	-59.826007321841196	4.902076721191406	1	0
8	9	24	25	-47.65857410797094	4.427378177642822	1	0
6	7	25	26	45.77286585704575	5.592385768890381	1	0
6	7	26	27	-17.426578330092262	4.34812068939209	1	0
5	6	27	28	-7.265358885448193	5.374868392944336	1	0
4	5	28	29	-11.137194431963612	4.746149063110352	1	0
3	4	29	30	-18.023071736682848	4.9453325271606445	1	0
2	3	30	31	-25.175405374634767	4.507998466491699	1	0
30	31	38	39	3.1612493552292165	4.716724872589111	2	1
29	30	39	40	-10.84993276337435	5.440067291259766	2	1
28	29	40	41	-9.38255290217056	4.090265274047852	2	1
27	28	41	42	-15.360811588832608	5.335945129394531	2	1
26	27	42	43	-15.18900590725502	4.368479251861572	2	1
25	26	43	44	-4.925213164921801	5.287194728851318	2	1
24	25	44	45	-12.034927321825247	4.370745658874512	2	1
22	23	45	46	-16.58284608241656	5.540328502655029	2	1
22	23	46	47	-57.99972726725047	4.041557788848877	2	1
20	21	47	48	-50.87268113639525	5.349484920501709	2	1
20	21	48	49	-10.94383166704374	5.085357666015625	2	1
49	50	57	58	-46.679423463486884	5.558376312255859	3	2
49	50	58	59	-1.4542079415979514	5.205092430114746	3	2
48	49	59	60	-9.802052592116471	4.160820484161377	3	2
46	47	60	61	43.99050329505334	5.322323322296143	3	2
46	47	61	62	-19.741312159388855	4.251331329345703	3	2
45	46	62	63	-4.949351077523159	5.045497417449951	3	2
44	45	63	64	-9.79339325059677	4.517237663269043	3	2
43	44	64	65	-2.1436619860119914	4.744192123413086	3	2
42	43	65	66	-10.894374794739623	4.951912879943848	3	2
41	42	66	67	-19.90402935839859	5.117863178253174	3	2
40	41	67	68	2.7276838776225834	4.176462173461914	3	2
39	40	68	69	-39.59769836867086	5.697038173675537	3	2
38	39	69	70	-59.938436120513174	4.672107696533203	3	2
72	73	77	78	-43.192365358075016	5.623055458068848	4	3
71	72	78	79	-12.24317670949013	4.179518699645996	4	3
70	71	79	80	-23.41158336527549	5.365636825561523	4	3
69	70	80	81	2.8781098006036463	4.147553443908691	4	3
67	68	81	82	-27.688916660579945	5.6209797859191895	4	3
67	68	82	83	-68.23021083609099	4.140875816345215	4	3
65	66	83	84	-30.77800094703708	4.9753522872924805	4	3
65	66	84	85	17.698283188518122	4.226447105407715	4	3
64	65	85	86	-12.235022792181168	5.496550559997559	4	3
63	64	86	87	-13.82648624952857	4.37533712387085	4	3
62	63	87	88	-12.814249331634477	5.092813491821289	4	3
61	62	88	89	-13.40195129101567	4.711291790008545	4	3
60	61	89	90	-0.9580217290513937	5.2413129806518555	4	3
59	60	90	91	-6.126682386566966	4.5879621505737305	4	3
58	59	91	92	-4.897267098075997	5.007811546325684	4	3
57	58	92	93	-5.38130438852044	4.5574798583984375	4	3
91	92	100	101	-7.237499910994119	5.365469455718994	5	4
90	91	101	102	-3.321831272610789	4.472334861755371	5	4
89	90	102	103	-15.9402314781763	5.197792053222656	5	4
88	89	103	104	14.019340286248111	4.242104530334473	5	4
86	87	105	106	-27.607582349331405	4.325329303741455	5	4
85	86	106	107	-46.887428948350816	5.132660865783691	5	4
84	85	107	108	-64.6351012361549	4.757917404174805	5	4
84	85	108	109	-14.52217848265724	4.788924694061279	5	4
82	83	109	110	-5.6540022737165385	4.140592098236084	5	4
81	82	110	111	-21.09108542455863	5.040262222290039	5	4
80	81	111	112	-7.946024269018429	4.217767715454102	5	4
79	80	112	113	-22.885776660678314	5.432084083557129	5	4
78	79	113	114	-27.948298142991625	4.487558364868164	5	4
77	78	114	115	-8.580624833882341	5.270217418670654	5	4
76	77	115	116	-23.54742465687931	4.508636951446533	5	4
115	116	121	122	15.993968964292863	5.548583507537842	6	5
115	116	122	123	-34.836972277209775	4.6765007972717285	6	5
114	115	123	124	-13.6518862126185	5.117016792297363	6	5
113	114	124	125	-13.812453318523854	4.383289337158203	6	5
112	113	125	126	-1.1512894200030803	5.491915225982666	6	5
111	112	126	127	-22.440641365948657	3.859987497329712	6	5
109	110	127	128	18.95506257091997	5.473260402679443	6	5
109	110	128	129	-38.09515770103441	4.107632160186768	6	5
108	109	129	130	-13.079117766907736	5.51071834564209	6	5
107	108	130	131	-9.909642458694467	4.147111892700195	6	5
129	130	137	138	-6.356538006806537	5.23214864730835	7	6
128	129	138	139	-16.90690966824452	4.578226089477539	7	6
127	128	139	140	-14.926737889924109	5.099030017852783	7	6
126	127	140	141	-25.2385672149702	4.569979667663574	7	6
125	126	141	142	-4.016951912990155	5.093163967132568	7	6
124	125	142	143	-12.807445744658205	4.574904441833496	7	6
123	124	143	144	-29.55277692117484	4.807351112365723	7	6
122	123	144	145	-2.7990254783756146	4.586185455322266	7	6
121	122	145	146	-41.668139455247676	5.178718090057373	7	6
120	121	146	147	-43.779254972560196	4.461639404296875	7	6
