696	697	163	164	32.952538793335755	5.668242931365967	0	21
696	697	164	165	-20.998511618445228	4.661286354064941	0	21
695	696	165	166	-16.343792774229957	5.27885627746582	0	21
694	695	166	167	1.7899495166705428	3.930020570755005	0	21
693	694	167	168	-20.13701895999148	5.357057094573975	0	21
167	168	176	177	-6.708711779625736	5.106935024261475	1	0
166	167	177	178	-9.331041468684509	4.556084156036377	1	0
164	165	179	180	1.9645551076061039	4.609928607940674	1	0
163	164	180	181	10.180421451438681	5.105795383453369	1	0
162	163	181	182	12.11284200222998	4.455358505249023	1	0
181	182	193	194	44.16122123749615	5.716732501983643	2	1
181	182	194	195	-10.739537469267107	4.626575946807861	2	1
180	181	195	196	1.9286479354864299	5.406078338623047	2	1
179	180	196	197	7.544291540746403	4.581683158874512	2	1
178	179	197	198	9.580875529127303	5.2289204597473145	2	1
177	178	198	199	-10.523120910614441	3.999734878540039	2	1
176	177	199	200	-3.2156616321151845	5.53824520111084	2	1
175	176	200	201	-8.338327915190318	4.314822196960449	2	1
201	202	211	212	-2.4534322536757607	4.986019134521484	3	2
200	201	212	213	20.70514140331163	4.954826831817627	3	2
199	200	213	214	13.313589852359385	5.077511787414551	3	2
198	199	214	215	5.902544965345187	4.1646599769592285	3	2
197	198	215	216	5.735804974064042	5.059890270233154	3	2
196	197	216	217	-7.409742023375154	4.201261043548584	3	2
195	196	217	218	-7.282855834498293	5.13909387588501	3	2
194	195	218	219	-5.509215711563372	4.647599220275879	3	2
193	194	219	220	-15.061193401235267	5.021127700805664	3	2
192	193	220	221	-18.216322492913697	4.567839622497559	3	2
191	192	221	222	-5.127822323201862	4.9690775871276855	3	2
190	191	222	223	-18.604791748497203	4.968002796173096	3	2
222	223	229	230	-9.91172253654591	4.468233108520508	4	3
221	222	230	231	-15.822106077418848	5.509422779083252	4	3
220	221	231	232	-16.541383463809616	4.194906711578369	4	3
219	220	232	233	7.77132025571663	4.8783721923828125	4	3
218	219	233	234	-9.894974270772803	4.9095282554626465	4	3
216	217	234	235	34.07646329690349	5.534956932067871	4	3
216	217	235	236	-2.567809264598403	4.062517166137695	4	3
215	216	236	237	7.57343489321799	5.691811561584473	4	3
214	215	237	238	-6.651074305418198	4.451881408691406	4	3
213	214	238	239	-6.645279556317342	5.121518611907959	4	3
212	213	239	240	0.8428489802513498	4.0905351638793945	4	3
211	212	240	241	4.745958344170094	4.847861289978027	4	3
239	240	276	277	-8.621950919483096	4.327343463897705	5	4
238	239	277	278	-6.4416850247252855	5.683492660522461	5	4
237	238	278	279	-7.577841596774488	4.465508460998535	5	4
236	237	279	280	-18.183858372853425	5.314006328582764	5	4
235	236	280	281	7.663770054960871	4.0360894203186035	5	4
234	235	281	282	6.583269916827169	5.443450450897217	5	4
233	234	282	283	-3.353151022090451	4.173251152038574	5	4
232	233	283	284	-32.803381459263534	5.100706100463867	5	4
231	232	284	285	-14.6933060490501	4.571591854095459	5	4
230	231	285	286	-7.764871256856838	5.050734996795654	5	4
229	230	286	287	0.07660947918563625	4.313671588897705	5	4
287	288	296	297	-8.92580610710219	5.597070693969727	6	5
286	287	297	298	2.2138002646780426	4.588666915893555	6	5
285	286	298	299	-2.6086411514935923	5.089894771575928	6	5
284	285	299	300	9.747586178868328	4.581433296203613	6	5
282	283	300	301	15.871809399115458	5.477524757385254	6	5
282	283	301	302	-23.630722054702492	3.773419141769409	6	5
280	281	302	303	40.49850684184052	5.349852085113525	6	5
280	281	303	304	-22.130098915211473	4.05676794052124	6	5
278	279	304	305	61.634267913941265	5.292091369628906	6	5
278	279	305	306	-11.808747406525557	4.2725300788879395	6	5
277	278	306	307	5.946323414688254	5.170914649963379	6	5
276	277	307	308	-29.08888658211132	4.339794635772705	6	5
275	276	308	309	16.931428317154662	5.480696201324463	6	5
274	275	309	310	41.24082391191615	4.50804328918457	6	5
317	318	323	324	-43.51628050529659	5.5748610496521	7	6
316	317	324	325	-47.19860495733596	4.751250267028809	7	6
314	315	325	326	-59.49694562367161	5.688263893127441	7	6
313	314	326	327	-32.44577775326079	4.64005184173584	7	6
311	312	327	328	44.859858699323446	5.134549140930176	7	6
311	312	328	329	-21.427466900863845	4.611243724822998	7	6
310	311	329	330	-8.384457926974056	5.316678524017334	7	6
309	310	330	331	-1.1847923461195846	4.581636428833008	7	6
308	309	331	332	-5.5300898212065865	5.683250904083252	7	6
307	308	332	333	-17.20762006697141	4.537310600280762	7	6
306	307	333	334	-6.397149079893007	5.093005657196045	7	6
305	306	334	335	6.255471272996261	4.50972843170166	7	6
304	305	335	336	-11.126149902057618	5.371185779571533	7	6
303	304	336	337	-10.85031909176299	4.565042495727539	7	6
302	303	337	338	-12.398251643150378	4.863898754119873	7	6
301	302	338	339	-19.495441392473644	4.749497413635254	7	6
299	300	339	340	52.06558066782979	5.324288845062256	7	6
299	300	340	341	-7.437099588352964	4.163797855377197	7	6
298	299	341	342	-0.5523906564895218	5.181808948516846	7	6
297	298	342	343	-8.039406745184904	4.4134111404418945	7	6
296	297	343	344	-21.875029756089823	5.129151821136475	7	6
295	296	344	345	-16.902832216793872	4.458515644073486	7	6
294	295	345	346	-21.779479598115447	5.217404365539551	7	6
293	294	346	347	-20.328325554537205	4.863166809082031	7	6
346	347	355	356	53.137454031445245	5.626884460449219	8	7
346	347	356	357	-14.410469218270626	4.816006660461426	8	7
345	346	357	358	-15.505915270618104	4.962657928466797	8	7
344	345	358	359	-14.797198885845475	4.584919452667236	8	7
343	344	359	360	-11.718785086243281	5.625744342803955	8	7
342	343	360	361	-9.268648273693923	3.953010082244873	8	7
341	342	361	362	-6.672961323018984	5.474981784820557	8	7
340	341	362	363	-5.382897075107975	4.368070125579834	8	7
339	340	363	364	-3.941579774476771	5.060967445373535	8	7
338	339	364	365	5.8290741040704575	4.264597415924072	8	7
337	338	365	366	-11.979519356310307	5.248307704925537	8	7
336	337	366	367	-1.7138981167137017	4.863992214202881	8	7
335	336	367	368	-0.647563425400594	5.379002571105957	8	7
334	335	368	369	-21.227170836653237	4.149528980255127	8	7
333	334	369	370	-3.6240298285452566	4.992053508758545	8	7
332	333	370	371	20.131087064897287	4.639509201049805	8	7
330	331	371	372	44.351803538717	5.40903377532959	8	7
330	331	372	373	-16.77762724833198	4.438704967498779	8	7
329	330	373	374	-13.539676558331148	5.177929401397705	8	7
328	329	374	375	-16.642711148245805	4.590660095214844	8	7
327	328	375	376	-49.65560669548795	4.5873494148254395	8	7
375	376	396	397	-31.534988981107325	5.58644437789917	9	8
374	375	397	398	3.7178753118578234	4.917157173156738	9	8
374	375	398	399	-75.16579034147111	4.299078464508057	9	8
372	373	399	400	-102.53567792139533	5.1381611824035645	9	8
373	374	400	401	-34.83563001505425	5.171914577484131	9	8
372	373	401	402	-47.88138656363327	4.874586582183838	9	8
371	372	402	403	-38.06151306245939	5.402248382568359	9	8
371	372	403	404	14.565676417149868	5.482819557189941	9	8
370	371	404	405	0.7205066894380158	4.029643535614014	9	8
369	370	405	406	-12.355080432824206	4.823471546173096	9	8
368	369	406	407	-11.752179842543512	4.5973219871521	9	8
367	368	407	408	-13.300924438988996	5.1641740798950195	9	8
366	367	408	409	-11.726039843014993	4.520334243774414	9	8
365	366	409	410	-2.547783936624189	5.122928619384766	9	8
364	365	410	411	-9.669652856405081	4.6943488121032715	9	8
363	364	411	412	-7.599630414418347	4.918544292449951	9	8
362	363	412	413	-6.427403757082113	4.435567855834961	9	8
361	362	413	414	-12.925259236146738	4.916031360626221	9	8
360	361	414	415	-26.772619519287385	4.566354751586914	9	8
359	360	415	416	-14.703016514004258	5.262872219085693	9	8
358	359	416	417	8.051746137656494	4.424477577209473	9	8
357	358	417	418	-7.1963499839509995	5.246474742889404	9	8
356	357	418	419	-4.832101438565188	4.542313098907471	9	8
355	356	419	420	-13.15780479609833	5.004689693450928	9	8
354	355	420	421	-14.687594295559094	5.04257869720459	9	8
421	422	426	427	-24.03933305960561	5.0534257888793945	10	9
420	421	427	428	-19.663864156679004	4.755227088928223	10	9
419	420	428	429	-8.76344786456278	5.05297327041626	10	9
418	419	429	430	-10.026475582339097	4.464034557342529	10	9
417	418	430	431	-8.396235219919696	5.450113296508789	10	9
416	417	431	432	3.818024619094856	3.7924745082855225	10	9
415	416	432	433	-7.15333571254179	5.639923572540283	10	9
414	415	433	434	-13.036816548183948	4.02631950378418	10	9
413	414	434	435	-9.524888863186934	5.355830669403076	10	9
412	413	435	436	-12.567351534282396	4.427555084228516	10	9
411	412	436	437	6.874527724427939	5.4353179931640625	10	9
410	411	437	438	-0.2773357604722333	4.729288101196289	10	9
409	410	438	439	-10.704930483660858	5.275613784790039	10	9
408	409	439	440	-26.385870600888317	4.25044584274292	10	9
407	408	440	441	-1.8894805071721932	5.078220367431641	10	9
406	407	441	442	-10.148941943727976	4.13329553604126	10	9
405	406	442	443	-24.905153708837997	5.640061855316162	10	9
442	443	448	449	-11.464509490527675	5.4032440185546875	11	10
441	442	449	450	-22.310301916135195	4.133299350738525	11	10
440	441	450	451	-26.50366116105298	5.288796424865723	11	10
439	440	451	452	-1.7849007309204772	4.368799209594727	11	10
438	439	452	453	-3.7462183126234874	5.191350936889648	11	10
437	438	453	454	-6.2996744857243865	4.460003852844238	11	10
436	437	454	455	-26.46913472810489	5.1996612548828125	11	10
435	436	455	456	-6.86578539380535	4.900002956390381	11	10
434	435	456	457	-18.66799399707471	5.585698127746582	11	10
433	434	457	458	-20.48788226589545	4.801412105560303	11	10
432	433	458	459	-15.721195237802837	5.252688407897949	11	10
431	432	459	460	-7.905233857245042	3.9841725826263428	11	10
430	431	460	461	11.581650961752898	5.393571376800537	11	10
429	430	461	462	1.0590701288090596	4.704354763031006	11	10
428	429	462	463	-14.021339746798839	4.974096775054932	11	10
427	428	463	464	-2.689668814500023	4.48469352722168	11	10
426	427	464	465	-18.88464886894978	4.804994583129883	11	10
464	465	472	473	-62.80733476654769	5.468398571014404	12	11
464	465	473	474	-14.456183636831698	5.728706359863281	12	11
463	464	474	475	-6.9347594725799215	4.327291488647461	12	11
462	463	475	476	-3.3819213701354083	5.472489356994629	12	11
461	462	476	477	8.599100952162326	4.125823974609375	12	11
460	461	477	478	-0.8737415170647298	5.427987575531006	12	11
459	460	478	479	6.409479441016893	4.192393779754639	12	11
457	458	479	480	81.93833428219824	5.516708850860596	12	11
481	482	497	498	-11.796345329493088	5.307643890380859	13	12
480	481	498	499	-22.40471292534747	4.202658653259277	13	12
479	480	499	500	-8.449416556041934	4.842872142791748	13	12
478	479	500	501	-23.907516881407986	4.452683448791504	13	12
476	477	501	502	43.69240934392521	5.496431350708008	13	12
476	477	502	503	-21.058408548746097	4.669723987579346	13	12
475	476	503	504	-1.4762841921086896	5.251705169677734	13	12
474	475	504	505	-12.006039816990508	4.498532772064209	13	12
473	474	505	506	-24.16411897495472	5.38085412979126	13	12
472	473	506	507	-23.892659631650567	3.960104465484619	13	12
471	472	507	508	-23.247133351091872	5.221334457397461	13	12
470	471	508	509	3.751455099592261	4.648128032684326	13	12
508	509	516	517	-23.261750673142476	5.209753036499023	14	13
507	508	517	518	-6.382516957639138	5.027737617492676	14	13
506	507	518	519	-5.77163674740886	4.3620076179504395	14	13
505	506	519	520	11.496383683600632	5.320518970489502	14	13
504	505	520	521	-25.01869931449211	4.028459548950195	14	13
503	504	521	522	-17.02182256635016	5.388285160064697	14	13
502	503	522	523	-4.9632254715782125	4.225045680999756	14	13
501	502	523	524	5.410205710532471	5.275496482849121	14	13
500	501	524	525	-14.114611913098571	4.348995685577393	14	13
498	499	525	526	32.064223296729416	5.329262733459473	14	13
498	499	526	527	-35.75906351815253	4.345821857452393	14	13
497	498	527	528	-25.406383848009792	5.038463115692139	14	13
532	533	539	540	-52.12567404757972	5.3638834953308105	15	14
531	532	540	541	-52.966758449556025	4.564185619354248	15	14
530	531	541	542	-47.0015731174499	5.4641523361206055	15	14
527	528	542	543	8.730367735352786	4.267253875732422	15	14
527	528	543	544	-50.85901880664873	5.4866862297058105	15	14
528	529	544	545	-87.57343823124747	4.4551472663879395	15	14
526	527	545	546	-10.733953992005022	4.898289680480957	15	14
525	526	546	547	-4.623640358099827	5.0958709716796875	15	14
524	525	547	548	-15.791831125814271	4.46176815032959	15	14
523	524	548	549	-14.04455812512493	5.185297966003418	15	14
522	523	549	550	-7.144043317011353	4.310235023498535	15	14
521	522	550	551	-16.698274095703585	5.6526994705200195	15	14
520	521	551	552	-12.869351443434955	4.626405239105225	15	14
519	520	552	553	-1.027197482980068	5.1960577964782715	15	14
518	519	553	554	-2.1337908627694278	4.485291004180908	15	14
517	518	554	555	-16.935534601714057	5.18379020690918	15	14
516	517	555	556	8.915044173391392	4.14554500579834	15	14
515	516	556	557	4.127088595930758	5.489638328552246	15	14
514	515	557	558	-9.691178680760272	4.0898661613464355	15	14
557	558	564	565	1.5982354196569202	4.300984859466553	16	15
556	557	565	566	-8.844564487471075	5.1120758056640625	16	15
555	556	566	567	5.792916484141835	4.530784606933594	16	15
554	555	567	568	13.115535202711579	5.559703826904297	16	15
553	554	568	569	0.17655367987092088	4.1501593589782715	16	15
552	553	569	570	-10.046013618133358	5.095326900482178	16	15
551	552	570	571	-0.779577557929409	4.700687408447266	16	15
550	551	571	572	10.490087856450728	5.229007244110107	16	15
549	550	572	573	-29.198400959753865	4.296106815338135	16	15
548	549	573	574	-7.34511142557653	5.0484843254089355	16	15
547	548	574	575	-12.188030030447647	4.430157661437988	16	15
546	547	575	576	-13.797995984623523	5.243198394775391	16	15
545	546	576	577	-15.041916794173773	4.728514194488525	16	15
571	572	594	595	-24.61877256446895	4.967676639556885	17	16
570	571	595	596	-6.588974749336043	4.800209999084473	17	16
569	570	596	597	0.0053087115157992235	5.169999122619629	17	16
568	569	597	598	14.19111215109524	4.293368816375732	17	16
567	568	598	599	-5.66247105228576	5.340224266052246	17	16
566	567	599	600	-1.8523217414778061	4.39515495300293	17	16
565	566	600	601	1.2835645481403197	5.062053680419922	17	16
564	565	601	602	-16.745832123184595	4.512256622314453	17	16
563	564	602	603	-12.576316250751074	5.18642520904541	17	16
562	563	603	604	13.072874144875005	4.423336505889893	17	16
603	604	614	615	-1.5685971724604924	4.13040828704834	18	17
602	603	615	616	-5.833140288028056	5.528073787689209	18	17
601	602	616	617	9.04854992294062	4.103276252746582	18	17
600	601	617	618	-5.420474037842546	5.477138042449951	18	17
599	600	618	619	-0.030578045883599185	3.8895771503448486	18	17
598	599	619	620	17.17091581713687	5.1507182121276855	18	17
597	598	620	621	-8.718431520811974	4.343875408172607	18	17
596	597	621	622	3.2174244160225194	5.071069240570068	18	17
595	596	622	623	-1.2144868380576088	4.709686279296875	18	17
592	593	623	624	-55.481888342639586	5.103043556213379	18	17
626	627	633	634	-49.481631816564146	5.381223201751709	19	18
625	626	634	635	-45.69581127357411	4.834463596343994	19	18
624	625	635	636	-19.4374460886076	4.962076663970947	19	18
623	624	636	637	13.214576735209764	5.234129905700684	19	18
622	623	637	638	18.924065855965303	4.376541614532471	19	18
621	622	638	639	-11.644164836729399	5.432267189025879	19	18
620	621	639	640	-16.77092122271197	4.62380313873291	19	18
619	620	640	641	-23.196910112981346	5.344265937805176	19	18
618	619	641	642	-20.912645946705887	4.712255477905273	19	18
617	618	642	643	-8.40716477499018	4.931098937988281	19	18
616	617	643	644	-1.3227611873068996	4.498204231262207	19	18
615	616	644	645	-10.430887468917762	4.451202869415283	19	18
614	615	645	646	-23.326954140983084	4.531101703643799	19	18
646	647	660	661	-52.79235203528065	5.637052536010742	20	19
646	647	661	662	9.716114123199356	5.227075099945068	20	19
645	646	662	663	-9.491429468269935	4.184487819671631	20	19
643	644	663	664	36.7665366499474	5.485633850097656	20	19
643	644	664	665	-15.014256631192255	4.423953533172607	20	19
642	643	665	666	5.801819082675747	5.049988269805908	20	19
641	642	666	667	-8.90027529213051	4.994525909423828	20	19
639	640	667	668	-111.86602681333223	4.8876543045043945	20	19
640	641	668	669	-61.54458136082164	5.356817722320557	20	19
674	675	683	684	-62.33548563631341	4.842407703399658	21	20
673	674	684	685	-52.42146717566967	5.049785137176514	21	20
674	675	685	686	-154.34976792042178	4.781761646270752	21	20
669	670	687	688	37.09549647048907	5.499965667724609	21	20
669	670	688	689	10.983826925996286	4.605117321014404	21	20
665	666	689	690	-19.67523133387152	5.179479598999023	21	20
664	665	690	691	-20.19019255060346	4.659389019012451	21	20
663	664	691	692	-4.816182027128982	5.24776029586792	21	20
662	663	692	693	-4.114380516706278	4.239530563354492	21	20
661	662	693	694	-21.148839446795037	5.288229465484619	21	20
660	661	694	695	-21.66256553257236	4.817367076873779	21	20
659	660	695	696	-14.125916549597221	4.840173721313477	21	20
658	659	696	697	-7.556923967072656	4.290420055389404	21	20
