592	593	138	139	41.865601015691766	5.606292247772217	0	21
592	593	139	140	-17.005866966570668	4.42345666885376	0	21
591	592	140	141	-18.748777579209552	5.146359443664551	0	21
590	591	141	142	-1.6313051161455256	4.314581871032715	0	21
589	590	142	143	-7.319125591153713	5.4910125732421875	0	21
588	589	143	144	-4.284323710373477	3.8933801651000977	0	21
587	588	144	145	-21.068161150707354	5.381482124328613	0	21
144	145	149	150	-7.408042128286169	4.8240180015563965	1	0
143	144	150	151	-9.34068854246269	4.61245059967041	1	0
142	143	151	152	7.583734997444717	5.114713191986084	1	0
141	142	152	153	-10.795412280117189	4.519599914550781	1	0
140	141	153	154	-8.372481942659759	5.089880466461182	1	0
139	140	154	155	1.151834406970417	4.586538314819336	1	0
138	139	155	156	-8.020838826206873	5.401434898376465	1	0
137	138	156	157	-1.0447964241690595	4.178757190704346	1	0
157	158	165	166	-57.88276570689606	5.6549811363220215	2	1
157	158	166	167	-10.812912549317852	5.390750885009766	2	1
156	157	167	168	-7.286019521459654	4.218053817749023	2	1
155	156	168	169	1.9850208338128672	5.388068199157715	2	1
154	155	169	170	5.540470125872244	4.1155805587768555	2	1
153	154	170	171	3.2007582175446907	5.451308250427246	2	1
152	153	171	172	0.16940451957417535	4.340409278869629	2	1
151	152	172	173	2.0433917275916724	5.231186389923096	2	1
150	151	173	174	-5.947209201384646	4.2796630859375	2	1
149	150	174	175	-7.958441393689656	5.258745193481445	2	1
177	178	194	195	-56.45322427619102	4.327209949493408	3	2
176	177	195	196	-51.225658044250686	5.192078113555908	3	2
176	177	196	197	-96.67868327277834	4.174612045288086	3	2
174	175	197	198	12.67439343879516	5.394526958465576	3	2
173	174	198	199	-1.795921512812109	4.463195323944092	3	2
172	173	199	200	-1.890130201878444	5.280799388885498	3	2
171	172	200	201	-2.064381059989156	4.635434150695801	3	2
170	171	201	202	-3.222053510986179	5.021479606628418	3	2
169	170	202	203	-1.4616874534928213	4.610991477966309	3	2
168	169	203	204	-0.14644461393911842	4.979327201843262	3	2
167	168	204	205	1.8411867553311279	4.541322708129883	3	2
166	167	205	206	-12.508777916098264	5.086424827575684	3	2
165	166	206	207	-19.064587614744408	4.674805164337158	3	2
164	165	207	208	-11.250787442904759	5.1574506759643555	3	2
209	210	214	215	-39.626716975045554	5.372168064117432	4	3
208	209	215	216	-16.490603173350262	4.205467224121094	4	3
207	208	216	217	-16.39608501930475	5.227232933044434	4	3
206	207	217	218	1.7095341386792813	4.282141208648682	4	3
205	206	218	219	-4.569553946057546	5.3944597244262695	4	3
204	205	219	220	1.5283131552627498	4.170952796936035	4	3
203	204	220	221	-3.667957475751368	5.516948223114014	4	3
202	203	221	222	15.227801841053232	4.245263576507568	4	3
201	202	222	223	-14.472814540923297	5.603080749511719	4	3
200	201	223	224	-9.628228614159195	4.298036098480225	4	3
199	200	224	225	-4.867484635510218	5.4614105224609375	4	3
198	199	225	226	-3.789875669045901	4.300495147705078	4	3
197	198	226	227	-0.158230480818085	5.19345760345459	4	3
196	197	227	228	-3.682984829918257	4.547474384307861	4	3
194	195	228	229	107.21754636980225	4.748355865478516	4	3
194	195	229	230	11.65645013735696	5.308570384979248	4	3
228	229	241	242	-28.658290143110875	5.40572452545166	5	4
227	228	242	243	-16.199486885113895	4.46769905090332	5	4
226	227	243	244	-10.296916432892589	5.133822441101074	5	4
225	226	244	245	-15.669244716587372	4.51215124130249	5	4
224	225	245	246	-8.632868909637972	5.1398606300354	5	4
223	224	246	247	-5.276654439338894	4.546731472015381	5	4
221	222	247	248	32.24525522521369	5.242102146148682	5	4
221	222	248	249	-23.43457185885653	3.9728989601135254	5	4
220	221	249	250	0.6387035776563574	5.3750529289245605	5	4
219	220	250	251	-12.438706300849864	4.254884719848633	5	4
218	219	251	252	-4.5495533991045995	5.218479633331299	5	4
217	218	252	253	1.8644872227579603	4.211362361907959	5	4
216	217	253	254	-11.247523899397411	5.280057907104492	5	4
215	216	254	255	-26.59854598322529	4.5121750831604	5	4
214	215	255	256	-15.080092386939452	5.235322952270508	5	4
213	214	256	257	-26.58866844891375	4.704867362976074	5	4
256	257	262	263	19.916965015002706	4.555338382720947	6	5
255	256	263	264	-8.739349771718793	4.996528625488281	6	5
254	255	264	265	-7.952495764384619	4.3235182762146	6	5
253	254	265	266	5.504386200540338	5.357471942901611	6	5
252	253	266	267	-22.360426063738384	4.275534629821777	6	5
251	252	267	268	-6.749214638669381	5.388391017913818	6	5
250	251	268	269	-7.130136853619434	4.253906726837158	6	5
249	250	269	270	-6.649475391353638	5.232054710388184	6	5
248	249	270	271	-12.986228162798495	4.23550271987915	6	5
247	248	271	272	2.8063928745786924	5.427944660186768	6	5
246	247	272	273	-2.070329244706316	4.380440711975098	6	5
245	246	273	274	2.0289158919593953	5.181659698486328	6	5
244	245	274	275	-5.722172846586258	4.432295322418213	6	5
243	244	275	276	-18.15443190034467	5.122542381286621	6	5
242	243	276	277	-36.51945858486067	4.466572284698486	6	5
275	276	289	290	-15.090165359705733	5.300722599029541	7	6
274	275	290	291	-19.215847277449186	4.474752426147461	7	6
273	274	291	292	-8.60525200516114	4.944950103759766	7	6
272	273	292	293	5.225627135409949	4.336838722229004	7	6
271	272	293	294	-3.861360058503081	5.357099533081055	7	6
270	271	294	295	-13.939020531988259	4.46189022064209	7	6
269	270	295	296	-7.713428270644602	5.245610237121582	7	6
268	269	296	297	-14.25243677609346	4.5992326736450195	7	6
267	268	297	298	-9.416359390524514	5.073208808898926	7	6
266	267	298	299	-12.60721702751295	4.537069320678711	7	6
265	266	299	300	-7.172184429557624	5.29332160949707	7	6
264	265	300	301	-7.708935028519089	4.511786460876465	7	6
263	264	301	302	-3.91708328635392	5.33347225189209	7	6
262	263	302	303	-5.425574387335102	4.311132431030273	7	6
303	304	310	311	-64.97581496504587	5.488429069519043	8	7
303	304	311	312	-16.116640142395223	5.4611430168151855	8	7
302	303	312	313	-10.371154286135496	4.1780290603637695	8	7
301	302	313	314	-24.221055974127506	5.385194778442383	8	7
300	301	314	315	22.34804501649618	4.2524213790893555	8	7
299	300	315	316	-8.366710075847573	5.375395774841309	8	7
298	299	316	317	4.540425034274306	4.324380397796631	8	7
297	298	317	318	-3.519283413200389	5.2039947509765625	8	7
296	297	318	319	-5.088827327412483	4.339945316314697	8	7
295	296	319	320	-8.109415253402036	5.329746723175049	8	7
294	295	320	321	-12.150000797480466	4.496365070343018	8	7
293	294	321	322	-22.31082238460542	5.4154953956604	8	7
292	293	322	323	-31.566857851124738	4.4723219871521	8	7
321	322	333	334	-2.455214259363214	5.382072448730469	9	8
320	321	334	335	-7.624137048214727	4.461227893829346	9	8
319	320	335	336	-10.89859303541395	5.017426490783691	9	8
318	319	336	337	-6.000561256282271	4.294887065887451	9	8
317	318	337	338	-6.456859057027705	5.162713050842285	9	8
316	317	338	339	-15.458734465099647	4.5824294090271	9	8
315	316	339	340	-11.999259070798837	5.0533833503723145	9	8
314	315	340	341	-21.292582059929806	4.364740371704102	9	8
313	314	341	342	2.514697469738362	5.441474914550781	9	8
312	313	342	343	-15.651708142389372	4.34271240234375	9	8
311	312	343	344	-12.151262380175512	4.878321170806885	9	8
310	311	344	345	0.7041501995711885	4.468320369720459	9	8
345	346	352	353	-47.45212359270604	5.701857566833496	10	9
345	346	353	354	-0.9570691852605709	5.338615417480469	10	9
344	345	354	355	2.986479562002646	4.39307165145874	10	9
343	344	355	356	-5.769549497198183	5.220583438873291	10	9
342	343	356	357	-0.9503396867946705	4.18566370010376	10	9
341	342	357	358	-5.433283294728389	5.542227745056152	10	9
340	341	358	359	-11.035596302887933	4.168337345123291	10	9
339	340	359	360	-6.59079049870038	5.433648109436035	10	9
338	339	360	361	-22.100503801771996	4.246009826660156	10	9
337	338	361	362	-7.444151940078638	5.110894680023193	10	9
336	337	362	363	-21.339998442507838	4.552497386932373	10	9
361	362	366	367	-26.616874056786546	4.814571857452393	11	10
360	361	367	368	-14.493039619332283	4.286262035369873	11	10
359	360	368	369	-20.222013240995405	5.459160327911377	11	10
358	359	369	370	-18.545476084828742	4.271474838256836	11	10
357	358	370	371	-13.075315992623532	5.435012340545654	11	10
356	357	371	372	4.633862816569908	4.063530921936035	11	10
355	356	372	373	-1.2334903339422674	5.3707380294799805	11	10
354	355	373	374	-4.613874124309661	4.225571155548096	11	10
353	354	374	375	-1.2616836843905666	5.155845642089844	11	10
352	353	375	376	-13.3471766911102	4.657135009765625	11	10
377	378	383	384	18.328705710724954	5.465598106384277	12	11
377	378	384	385	-23.141827688725648	4.2132978439331055	12	11
376	377	385	386	-5.339771073809149	5.2962517738342285	12	11
375	376	386	387	-16.04066125539242	4.062440872192383	12	11
374	375	387	388	-14.481760928700647	5.488889217376709	12	11
373	374	388	389	-2.774190667700193	4.1186981201171875	12	11
372	373	389	390	-1.4456278522633117	5.513177394866943	12	11
371	372	390	391	14.687624348855081	3.859889268875122	12	11
369	370	391	392	81.6351569909913	5.406658172607422	12	11
369	370	392	393	7.085109233420655	5.598206996917725	12	11
393	394	413	414	-6.503890046215961	5.078911781311035	13	12
392	393	414	415	-15.948182176719243	4.542450904846191	13	12
391	392	415	416	-9.177179925031956	4.989770889282227	13	12
390	391	416	417	-30.64323530787488	4.749638557434082	13	12
389	390	417	418	-8.437057533305246	5.43409538269043	13	12
388	389	418	419	-10.502194846439972	4.381647109985352	13	12
387	388	419	420	-4.944113495475938	5.2630109786987305	13	12
386	387	420	421	-11.03380025988297	4.519820690155029	13	12
385	386	421	422	-24.560448898288723	5.175022602081299	13	12
384	385	422	423	-20.143056372564	4.594040870666504	13	12
383	384	423	424	-8.20472164857344	5.302917957305908	13	12
423	424	431	432	-6.650278730004435	5.400012493133545	14	13
422	423	432	433	-9.230108990480668	4.139652252197266	14	13
421	422	433	434	-12.190715777473283	5.492497444152832	14	13
420	421	434	435	-8.481286473680388	3.991759777069092	14	13
419	420	435	436	-9.537901293450084	5.642438888549805	14	13
418	419	436	437	-9.326131109110122	4.192650318145752	14	13
417	418	437	438	4.988401496220518	5.473338603973389	14	13
416	417	438	439	-17.34460207576368	4.339308261871338	14	13
415	416	439	440	-7.989478250590512	5.313016414642334	14	13
414	415	440	441	-32.00434207635809	4.230867862701416	14	13
413	414	441	442	-23.475289108565608	5.178171634674072	14	13
446	447	451	452	-57.69844931449799	5.414217948913574	15	14
446	447	452	453	-36.45822466583649	5.501368522644043	15	14
445	446	453	454	-40.98326226574129	4.363483905792236	15	14
443	444	454	455	16.1835118629096	5.647746562957764	15	14
443	444	455	456	-59.25508798690102	4.536643981933594	15	14
442	443	456	457	-50.46319119306777	5.340920448303223	15	14
441	442	457	458	-20.694954883428178	4.791530132293701	15	14
440	441	458	459	-6.564877826661835	4.378900527954102	15	14
439	440	459	460	-14.155474685487334	5.101037502288818	15	14
438	439	460	461	-5.4371703675654945	4.747591018676758	15	14
437	438	461	462	-7.356523522434235	4.941916465759277	15	14
436	437	462	463	-14.931166563078278	4.447693824768066	15	14
435	436	463	464	-24.237611439459354	5.209201335906982	15	14
434	435	464	465	-26.279039654092298	4.391779899597168	15	14
433	434	465	466	0.4696458446624723	5.166736125946045	15	14
432	433	466	467	4.068618690618742	4.347891330718994	15	14
431	432	467	468	-0.7536982655911494	5.179931640625	15	14
430	431	468	469	-7.20865356276144	4.219048976898193	15	14
469	470	477	478	5.118142039579419	5.404176712036133	16	15
468	469	478	479	-11.898080296916211	4.65717887878418	16	15
467	468	479	480	-9.676747559527	5.26992654800415	16	15
466	467	480	481	-11.278418659647071	4.377279281616211	16	15
465	466	481	482	-6.3463663383989	5.027634620666504	16	15
464	465	482	483	3.6441236408149478	4.832869052886963	16	15
463	464	483	484	10.189261259173383	5.217830181121826	16	15
462	463	484	485	-21.174525834391698	4.417101860046387	16	15
461	462	485	486	3.0401365822904	5.293054580688477	16	15
460	461	486	487	-11.545521787185308	4.342399597167969	16	15
459	460	487	488	-32.03078959841759	5.409032344818115	16	15
458	459	488	489	-64.73459836069833	4.448275566101074	16	15
483	484	500	501	-22.587145213366373	4.998410701751709	17	16
482	483	501	502	-0.6785052951443451	4.552337646484375	17	16
481	482	502	503	-7.0344622503592955	5.210674285888672	17	16
480	481	503	504	-9.692726010084273	4.726221561431885	17	16
479	480	504	505	5.188670667718374	5.196645736694336	17	16
478	479	505	506	-4.71455680206873	4.492208957672119	17	16
477	478	506	507	-10.929979853217596	4.981114387512207	17	16
476	477	507	508	-17.515730842346006	4.925998210906982	17	16
508	509	516	517	-9.085183691526915	5.42889928817749	18	17
507	508	517	518	-12.589072105767244	4.480536937713623	18	17
506	507	518	519	-9.994777187889065	5.095761299133301	18	17
505	506	519	520	-11.566984477525171	4.720802307128906	18	17
504	505	520	521	-6.0469208550749585	5.096814155578613	18	17
503	504	521	522	2.5283490757556333	4.665024280548096	18	17
502	503	522	523	11.97198055520142	4.810200214385986	18	17
501	502	523	524	-11.402186481758688	4.976617813110352	18	17
500	501	524	525	-15.944050435351008	4.682834625244141	18	17
498	499	525	526	19.20119564437767	5.1677703857421875	18	17
498	499	526	527	-19.514837027630396	4.59519624710083	18	17
527	528	539	540	-26.276516286739167	5.446775913238525	19	18
526	527	540	541	-38.1350717039835	4.456048488616943	19	18
525	526	541	542	-9.352369557584337	5.243249893188477	19	18
524	525	542	543	5.057098308824551	5.012393474578857	19	18
523	524	543	544	13.473948898452106	4.015178680419922	19	18
522	523	544	545	-23.082699736528532	5.377801895141602	19	18
521	522	545	546	-18.381232922406912	4.539937496185303	19	18
520	521	546	547	-16.67322861238134	5.202867031097412	19	18
519	520	547	548	-8.08405948822452	4.726658821105957	19	18
518	519	548	549	-14.844426108380617	5.094592094421387	19	18
517	518	549	550	-10.57630821222949	4.819939613342285	19	18
516	517	550	551	-13.415654340754285	5.112542629241943	19	18
515	516	551	552	-14.172920215526846	4.52810525894165	19	18
554	555	559	560	-43.06877841395173	5.464021682739258	20	19
553	554	560	561	-24.48363146430887	4.216540336608887	20	19
552	553	561	562	-14.534158542162084	5.4459004402160645	20	19
551	552	562	563	-7.96019811006298	4.226840019226074	20	19
550	551	563	564	-6.076354226114206	5.434876441955566	20	19
549	550	564	565	-2.006730457537454	4.3204121589660645	20	19
548	549	565	566	12.094092317485293	5.19227933883667	20	19
547	548	566	567	-8.37255730619096	4.426107883453369	20	19
565	566	585	586	-25.674679073644064	5.196547508239746	21	20
564	565	586	587	-12.327098070573584	4.754608631134033	21	20
563	564	587	588	-3.872760616641186	5.053126335144043	21	20
562	563	588	589	-17.920887853058243	4.447338581085205	21	20
561	562	589	590	-25.725010842643666	5.145055294036865	21	20
560	561	590	591	-12.03777945159018	4.4163618087768555	21	20
559	560	591	592	-8.506871961480487	5.363189697265625	21	20
558	559	592	593	-24.90110459164268	4.553304672241211	21	20
