107	108	91	92	1.5609573611865168	3.9322519302368164	0	1
106	107	92	93	-20.031940976990608	5.159638404846191	0	1
105	106	93	94	-18.928719660086376	4.5156354904174805	0	1
93	94	105	106	-15.831903854974923	5.37016487121582	1	0
92	93	106	107	-22.866121546087978	4.5156354904174805	1	0
91	92	107	108	1.1490679225872695	5.159638404846191	1	0
90	91	108	109	-52.998475548523665	3.9322519302368164	1	0
107	108	91	92	1.5609573611865168	3.9322519302368164	0	1
106	107	92	93	-20.031940976990608	5.159638404846191	0	1
105	106	93	94	-18.928719660086376	4.5156354904174805	0	1
93	94	105	106	-15.831903854974923	5.37016487121582	1	0
92	93	106	107	-22.866121546087978	4.5156354904174805	1	0
91	92	107	108	1.1490679225872695	5.159638404846191	1	0
90	91	108	109	-52.998475548523665	3.9322519302368164	1	0
