1082	1083	819	820	32.57868100642647	5.579120635986328	0	11
1082	1083	820	821	-23.11101014987937	4.182461738586426	0	11
1081	1082	821	822	-7.311223518117639	5.180568218231201	0	11
1080	1081	822	823	-20.591308656485705	4.410627841949463	0	11
1079	1080	823	824	-14.830346364288605	5.479027271270752	0	11
1078	1079	824	825	-8.804095608746623	4.120851993560791	0	11
1077	1078	825	826	-2.007502899444504	5.488687515258789	0	11
1076	1077	826	827	-28.633464460584666	4.244689464569092	0	11
1075	1076	827	828	-11.176180793196037	5.170734405517578	0	11
1074	1075	828	829	-2.187990358484644	4.572985649108887	0	11
1073	1074	829	830	-26.319458270972795	5.030783653259277	0	11
831	832	839	840	-28.00713310431079	5.327766418457031	1	0
830	831	840	841	-34.86980738825436	4.516674518585205	1	0
829	830	841	842	8.567002295794696	5.426692962646484	1	0
828	829	842	843	2.3429928346210107	4.522866725921631	1	0
827	828	843	844	-13.825722007021852	4.722023963928223	1	0
826	827	844	845	-8.285706922663659	4.603487968444824	1	0
825	826	845	846	-18.87828792893042	5.205575466156006	1	0
824	825	846	847	-23.48051239052317	4.713292598724365	1	0
823	824	847	848	-10.894757179934702	5.17403507232666	1	0
822	823	848	849	-12.930265915240186	4.457791328430176	1	0
821	822	849	850	-30.016745754137077	4.980525016784668	1	0
820	821	850	851	-12.415836345313352	4.408321857452393	1	0
819	820	851	852	-15.773007044892553	5.231056213378906	1	0
853	854	858	859	-51.39389060423571	5.45763635635376	2	1
852	853	859	860	-35.2900602529133	4.424950122833252	2	1
850	851	860	861	39.822632450606655	5.496590614318848	2	1
850	851	861	862	-6.833001563616422	4.157257080078125	2	1
849	850	862	863	1.8852053082765359	5.605961322784424	2	1
848	849	863	864	-22.35947411482755	3.9062283039093018	2	1
846	847	864	865	32.12377123566465	5.4997076988220215	2	1
846	847	865	866	-20.208304570599168	4.267581462860107	2	1
845	846	866	867	-16.343275698594077	5.481568813323975	2	1
844	845	867	868	-9.812461611376097	4.214001178741455	2	1
843	844	868	869	-1.2378705069071465	5.419589996337891	2	1
842	843	869	870	-2.8133340332033954	3.8643996715545654	2	1
841	842	870	871	-14.344593056965287	5.2544636726379395	2	1
840	841	871	872	-12.839664005221245	4.492788314819336	2	1
871	872	877	878	0.6559338104811879	4.328807830810547	3	2
870	871	878	879	-12.526511257361975	5.06515645980835	3	2
869	870	879	880	-33.7562413803633	4.373790740966797	3	2
868	869	880	881	-10.303885880271972	5.1323933601379395	3	2
867	868	881	882	-11.953704362918192	4.706693172454834	3	2
866	867	882	883	-15.59009820983668	4.786118984222412	3	2
865	866	883	884	-12.747172916915318	4.714353561401367	3	2
864	865	884	885	-20.31993230499765	5.046878337860107	3	2
863	864	885	886	-23.741851657937275	4.632453441619873	3	2
862	863	886	887	-11.219814131768818	4.967108726501465	3	2
861	862	887	888	-1.852308312499891	4.44256591796875	3	2
860	861	888	889	-5.4999674891143595	5.114551544189453	3	2
859	860	889	890	-17.674450103806425	4.523658752441406	3	2
858	859	890	891	-8.553838772963596	5.1492462158203125	3	2
890	891	898	899	-64.85610872529797	5.399362564086914	4	3
890	891	899	900	-19.0045527822334	5.2303876876831055	4	3
889	890	900	901	-14.208400813936555	4.237303256988525	4	3
888	889	901	902	-3.021694060175143	5.166143417358398	4	3
887	888	902	903	-15.393552494750569	4.347638130187988	4	3
886	887	903	904	-15.88620853053278	5.180353164672852	4	3
885	886	904	905	0.6175008271667786	4.338430404663086	4	3
884	885	905	906	-8.737742511394785	5.446419715881348	4	3
883	884	906	907	-2.9555594570069457	3.783379554748535	4	3
882	883	907	908	-7.8469698336829	5.417141437530518	4	3
881	882	908	909	-15.258811572689778	4.376069068908691	4	3
880	881	909	910	-15.345563178392053	5.189618110656738	4	3
879	880	910	911	-24.996993803048802	4.373935222625732	4	3
878	879	911	912	-9.06185789251839	5.149781703948975	4	3
877	878	912	913	-28.932137365152293	4.291381359100342	4	3
915	916	920	921	-55.15481931794599	5.633299827575684	5	4
914	915	921	922	-33.54437246782088	4.430660247802734	5	4
913	914	922	923	-13.28441664698388	5.352118492126465	5	4
912	913	923	924	-16.093756761753248	4.513950824737549	5	4
911	912	924	925	-21.15393233697029	4.99263858795166	5	4
910	911	925	926	-5.747205978430496	4.704219341278076	5	4
909	910	926	927	-24.632807112629123	5.307921886444092	5	4
908	909	927	928	-20.53336094440375	4.542174816131592	5	4
907	908	928	929	-28.524672846629002	5.224042892456055	5	4
906	907	929	930	-32.958679742771956	4.494627475738525	5	4
905	906	930	931	-11.300915803883532	5.388379096984863	5	4
904	905	931	932	-2.0271366005107856	4.650362968444824	5	4
903	904	932	933	5.022615478154153	5.022244453430176	5	4
902	903	933	934	-6.987712050493191	4.634128093719482	5	4
901	902	934	935	-15.66473079978313	4.558948993682861	5	4
900	901	935	936	-11.670156090108483	4.860818862915039	5	4
899	900	936	937	-16.917809158499082	5.0274248123168945	5	4
898	899	937	938	-22.396162197708232	4.404975414276123	5	4
938	939	950	951	-62.36736634498545	5.686169147491455	6	5
938	939	951	952	-6.76928007665056	5.436922073364258	6	5
937	938	952	953	-16.342197771737354	4.258383750915527	6	5
935	936	953	954	-8.015804732280294	5.264448642730713	6	5
935	936	954	955	24.643320601048664	4.2470011711120605	6	5
934	935	955	956	-1.5777908420583477	5.553112506866455	6	5
933	934	956	957	-20.645123914451755	4.251551628112793	6	5
932	933	957	958	-10.133788462948447	5.15173864364624	6	5
931	932	958	959	-26.069661540142	4.617276668548584	6	5
930	931	959	960	-8.044310867416971	5.063812732696533	6	5
929	930	960	961	-13.348963268044123	4.367999076843262	6	5
928	929	961	962	2.497324449858639	5.191892147064209	6	5
927	928	962	963	-35.63514254227467	3.9279911518096924	6	5
926	927	963	964	-17.71511012569882	5.664738655090332	6	5
925	926	965	966	16.355639334356425	5.5349531173706055	6	5
923	924	967	968	-45.133394821914045	4.206547737121582	6	5
966	967	974	975	-5.071913753014894	5.449353218078613	7	6
965	966	975	976	-9.861124257249536	3.913154363632202	7	6
964	965	976	977	8.776785493368521	5.373754501342773	7	6
963	964	977	978	10.987798930807738	4.258298873901367	7	6
963	964	978	979	-65.21953116881255	4.318022727966309	7	6
961	962	979	980	-8.41053269740628	5.0562028884887695	7	6
960	961	980	981	-2.6611979120103912	4.3681135177612305	7	6
959	960	981	982	-14.150901845848121	5.207259654998779	7	6
958	959	982	983	-4.806736416446666	4.3408918380737305	7	6
957	958	983	984	-19.24328223513908	5.089445114135742	7	6
956	957	984	985	-24.265465043859802	4.4312639236450195	7	6
955	956	985	986	-22.95625510098587	5.081305503845215	7	6
954	955	986	987	-45.81440887146046	4.72850227355957	7	6
952	953	987	988	52.49604751420604	5.303474426269531	7	6
952	953	988	989	-7.9127592831493	4.073089599609375	7	6
951	952	989	990	-27.15539659525311	5.185237884521484	7	6
950	951	990	991	-14.675622714323252	4.869847297668457	7	6
949	950	991	992	-13.123616505212523	5.206048965454102	7	6
948	949	992	993	-23.582948030140653	4.562586307525635	7	6
995	996	1000	1001	-38.86686000933012	5.4711012840271	8	7
994	995	1001	1002	-24.04508173797602	4.048764228820801	8	7
993	994	1002	1003	-28.468731198800086	5.493312358856201	8	7
992	993	1003	1004	-5.673091386511544	4.1819305419921875	8	7
991	992	1004	1005	-19.376962547188132	5.183555603027344	8	7
990	991	1005	1006	-7.738110138834676	4.583304405212402	8	7
989	990	1006	1007	-3.1610321511547252	5.246215343475342	8	7
988	989	1007	1008	-8.96424096210793	3.9759626388549805	8	7
987	988	1008	1009	-1.6367010855372177	5.240843296051025	8	7
986	987	1009	1010	-0.8424605563321856	4.649115085601807	8	7
1008	1009	1042	1043	-20.68167264080684	5.236343860626221	9	8
1007	1008	1043	1044	-34.387342264833826	4.833926200866699	9	8
1006	1007	1044	1045	-6.360378526010597	4.941915512084961	9	8
1005	1006	1045	1046	-5.440209818605599	4.417509078979492	9	8
1004	1005	1046	1047	-26.687305042698398	4.8102030754089355	9	8
1003	1004	1047	1048	-10.091665953134832	4.751274108886719	9	8
1002	1003	1048	1049	-24.56428562770789	4.990461349487305	9	8
1001	1002	1049	1050	-14.730933795403642	4.21506404876709	9	8
1000	1001	1050	1051	6.612379922914884	5.519903659820557	9	8
1050	1051	1058	1059	-64.79901615801438	5.431077480316162	10	9
1050	1051	1059	1060	-20.967648555492698	5.187903881072998	10	9
1049	1050	1060	1061	2.5871498573675784	4.636384010314941	10	9
1048	1049	1061	1062	11.43235041058775	5.348964691162109	10	9
1047	1048	1062	1063	-12.465450445968452	4.293220520019531	10	9
1046	1047	1063	1064	0.8366167542633506	5.1981306076049805	10	9
1045	1046	1064	1065	-22.618643395954297	3.9571962356567383	10	9
1043	1044	1065	1066	48.7314598520238	5.420727729797363	10	9
1043	1044	1066	1067	-22.006615509166227	4.173050880432129	10	9
1065	1066	1073	1074	-14.21666457698293	5.1371541023254395	11	10
1064	1065	1074	1075	-26.693775431048795	4.7190775871276855	11	10
1063	1064	1075	1076	-6.256322982406477	4.955718994140625	11	10
1062	1063	1076	1077	1.8662019597811639	4.303880214691162	11	10
1061	1062	1077	1078	-5.6677195883509786	4.944007873535156	11	10
1060	1061	1078	1079	-11.556807119088015	4.755741119384766	11	10
1059	1060	1079	1080	-7.690777336909461	4.607443809509277	11	10
1058	1059	1080	1081	-23.14890940918461	4.484930515289307	11	10
1082	1083	819	820	32.57868100642647	5.579120635986328	0	11
1082	1083	820	821	-23.11101014987937	4.182461738586426	0	11
1081	1082	821	822	-7.311223518117639	5.180568218231201	0	11
1080	1081	822	823	-20.591308656485705	4.410627841949463	0	11
1079	1080	823	824	-14.830346364288605	5.479027271270752	0	11
1078	1079	824	825	-8.804095608746623	4.120851993560791	0	11
1077	1078	825	826	-2.007502899444504	5.488687515258789	0	11
1076	1077	826	827	-28.633464460584666	4.244689464569092	0	11
1075	1076	827	828	-11.176180793196037	5.170734405517578	0	11
1074	1075	828	829	-2.187990358484644	4.572985649108887	0	11
1073	1074	829	830	-26.319458270972795	5.030783653259277	0	11
831	832	839	840	-28.00713310431079	5.327766418457031	1	0
830	831	840	841	-34.86980738825436	4.516674518585205	1	0
829	830	841	842	8.567002295794696	5.426692962646484	1	0
828	829	842	843	2.3429928346210107	4.522866725921631	1	0
827	828	843	844	-13.825722007021852	4.722023963928223	1	0
826	827	844	845	-8.285706922663659	4.603487968444824	1	0
825	826	845	846	-18.87828792893042	5.205575466156006	1	0
824	825	846	847	-23.48051239052317	4.713292598724365	1	0
823	824	847	848	-10.894757179934702	5.17403507232666	1	0
822	823	848	849	-12.930265915240186	4.457791328430176	1	0
821	822	849	850	-30.016745754137077	4.980525016784668	1	0
820	821	850	851	-12.415836345313352	4.408321857452393	1	0
819	820	851	852	-15.773007044892553	5.231056213378906	1	0
853	854	858	859	-51.39389060423571	5.45763635635376	2	1
852	853	859	860	-35.2900602529133	4.424950122833252	2	1
850	851	860	861	39.822632450606655	5.496590614318848	2	1
850	851	861	862	-6.833001563616422	4.157257080078125	2	1
849	850	862	863	1.8852053082765359	5.605961322784424	2	1
848	849	863	864	-22.35947411482755	3.9062283039093018	2	1
846	847	864	865	32.12377123566465	5.4997076988220215	2	1
846	847	865	866	-20.208304570599168	4.267581462860107	2	1
845	846	866	867	-16.343275698594077	5.481568813323975	2	1
844	845	867	868	-9.812461611376097	4.214001178741455	2	1
843	844	868	869	-1.2378705069071465	5.419589996337891	2	1
842	843	869	870	-2.8133340332033954	3.8643996715545654	2	1
841	842	870	871	-14.344593056965287	5.2544636726379395	2	1
840	841	871	872	-12.839664005221245	4.492788314819336	2	1
871	872	877	878	0.6559338104811879	4.328807830810547	3	2
870	871	878	879	-12.526511257361975	5.06515645980835	3	2
869	870	879	880	-33.7562413803633	4.373790740966797	3	2
868	869	880	881	-10.303885880271972	5.1323933601379395	3	2
867	868	881	882	-11.953704362918192	4.706693172454834	3	2
866	867	882	883	-15.59009820983668	4.786118984222412	3	2
865	866	883	884	-12.747172916915318	4.714353561401367	3	2
864	865	884	885	-20.31993230499765	5.046878337860107	3	2
863	864	885	886	-23.741851657937275	4.632453441619873	3	2
862	863	886	887	-11.219814131768818	4.967108726501465	3	2
861	862	887	888	-1.852308312499891	4.44256591796875	3	2
860	861	888	889	-5.4999674891143595	5.114551544189453	3	2
859	860	889	890	-17.674450103806425	4.523658752441406	3	2
858	859	890	891	-8.553838772963596	5.1492462158203125	3	2
890	891	898	899	-64.85610872529797	5.399362564086914	4	3
890	891	899	900	-19.0045527822334	5.2303876876831055	4	3
889	890	900	901	-14.208400813936555	4.237303256988525	4	3
888	889	901	902	-3.021694060175143	5.166143417358398	4	3
887	888	902	903	-15.393552494750569	4.347638130187988	4	3
886	887	903	904	-15.88620853053278	5.180353164672852	4	3
885	886	904	905	0.6175008271667786	4.338430404663086	4	3
884	885	905	906	-8.737742511394785	5.446419715881348	4	3
883	884	906	907	-2.9555594570069457	3.783379554748535	4	3
882	883	907	908	-7.8469698336829	5.417141437530518	4	3
881	882	908	909	-15.258811572689778	4.376069068908691	4	3
880	881	909	910	-15.345563178392053	5.189618110656738	4	3
879	880	910	911	-24.996993803048802	4.373935222625732	4	3
878	879	911	912	-9.06185789251839	5.149781703948975	4	3
877	878	912	913	-28.932137365152293	4.291381359100342	4	3
915	916	920	921	-55.15481931794599	5.633299827575684	5	4
914	915	921	922	-33.54437246782088	4.430660247802734	5	4
913	914	922	923	-13.28441664698388	5.352118492126465	5	4
912	913	923	924	-16.093756761753248	4.513950824737549	5	4
911	912	924	925	-21.15393233697029	4.99263858795166	5	4
910	911	925	926	-5.747205978430496	4.704219341278076	5	4
909	910	926	927	-24.632807112629123	5.307921886444092	5	4
908	909	927	928	-20.53336094440375	4.542174816131592	5	4
907	908	928	929	-28.524672846629002	5.224042892456055	5	4
906	907	929	930	-32.958679742771956	4.494627475738525	5	4
905	906	930	931	-11.300915803883532	5.388379096984863	5	4
904	905	931	932	-2.0271366005107856	4.650362968444824	5	4
903	904	932	933	5.022615478154153	5.022244453430176	5	4
902	903	933	934	-6.987712050493191	4.634128093719482	5	4
901	902	934	935	-15.66473079978313	4.558948993682861	5	4
900	901	935	936	-11.670156090108483	4.860818862915039	5	4
899	900	936	937	-16.917809158499082	5.0274248123168945	5	4
898	899	937	938	-22.396162197708232	4.404975414276123	5	4
938	939	950	951	-62.36736634498545	5.686169147491455	6	5
938	939	951	952	-6.76928007665056	5.436922073364258	6	5
937	938	952	953	-16.342197771737354	4.258383750915527	6	5
935	936	953	954	-8.015804732280294	5.264448642730713	6	5
935	936	954	955	24.643320601048664	4.2470011711120605	6	5
934	935	955	956	-1.5777908420583477	5.553112506866455	6	5
933	934	956	957	-20.645123914451755	4.251551628112793	6	5
932	933	957	958	-10.133788462948447	5.15173864364624	6	5
931	932	958	959	-26.069661540142	4.617276668548584	6	5
930	931	959	960	-8.044310867416971	5.063812732696533	6	5
929	930	960	961	-13.348963268044123	4.367999076843262	6	5
928	929	961	962	2.497324449858639	5.191892147064209	6	5
927	928	962	963	-35.63514254227467	3.9279911518096924	6	5
926	927	963	964	-17.71511012569882	5.664738655090332	6	5
925	926	965	966	16.355639334356425	5.5349531173706055	6	5
923	924	967	968	-45.133394821914045	4.206547737121582	6	5
966	967	974	975	-5.071913753014894	5.449353218078613	7	6
965	966	975	976	-9.861124257249536	3.913154363632202	7	6
964	965	976	977	8.776785493368521	5.373754501342773	7	6
963	964	977	978	10.987798930807738	4.258298873901367	7	6
963	964	978	979	-65.21953116881255	4.318022727966309	7	6
961	962	979	980	-8.41053269740628	5.0562028884887695	7	6
960	961	980	981	-2.6611979120103912	4.3681135177612305	7	6
959	960	981	982	-14.150901845848121	5.207259654998779	7	6
958	959	982	983	-4.806736416446666	4.3408918380737305	7	6
957	958	983	984	-19.24328223513908	5.089445114135742	7	6
956	957	984	985	-24.265465043859802	4.4312639236450195	7	6
955	956	985	986	-22.95625510098587	5.081305503845215	7	6
954	955	986	987	-45.81440887146046	4.72850227355957	7	6
952	953	987	988	52.49604751420604	5.303474426269531	7	6
952	953	988	989	-7.9127592831493	4.073089599609375	7	6
951	952	989	990	-27.15539659525311	5.185237884521484	7	6
950	951	990	991	-14.675622714323252	4.869847297668457	7	6
949	950	991	992	-13.123616505212523	5.206048965454102	7	6
948	949	992	993	-23.582948030140653	4.562586307525635	7	6
995	996	1000	1001	-38.86686000933012	5.4711012840271	8	7
994	995	1001	1002	-24.04508173797602	4.048764228820801	8	7
993	994	1002	1003	-28.468731198800086	5.493312358856201	8	7
992	993	1003	1004	-5.673091386511544	4.1819305419921875	8	7
991	992	1004	1005	-19.376962547188132	5.183555603027344	8	7
990	991	1005	1006	-7.738110138834676	4.583304405212402	8	7
989	990	1006	1007	-3.1610321511547252	5.246215343475342	8	7
988	989	1007	1008	-8.96424096210793	3.9759626388549805	8	7
987	988	1008	1009	-1.6367010855372177	5.240843296051025	8	7
986	987	1009	1010	-0.8424605563321856	4.649115085601807	8	7
1008	1009	1042	1043	-20.68167264080684	5.236343860626221	9	8
1007	1008	1043	1044	-34.387342264833826	4.833926200866699	9	8
1006	1007	1044	1045	-6.360378526010597	4.941915512084961	9	8
1005	1006	1045	1046	-5.440209818605599	4.417509078979492	9	8
1004	1005	1046	1047	-26.687305042698398	4.8102030754089355	9	8
1003	1004	1047	1048	-10.091665953134832	4.751274108886719	9	8
1002	1003	1048	1049	-24.56428562770789	4.990461349487305	9	8
1001	1002	1049	1050	-14.730933795403642	4.21506404876709	9	8
1000	1001	1050	1051	6.612379922914884	5.519903659820557	9	8
1050	1051	1058	1059	-64.79901615801438	5.431077480316162	10	9
1050	1051	1059	1060	-20.967648555492698	5.187903881072998	10	9
1049	1050	1060	1061	2.5871498573675784	4.636384010314941	10	9
1048	1049	1061	1062	11.43235041058775	5.348964691162109	10	9
1047	1048	1062	1063	-12.465450445968452	4.293220520019531	10	9
1046	1047	1063	1064	0.8366167542633506	5.1981306076049805	10	9
1045	1046	1064	1065	-22.618643395954297	3.9571962356567383	10	9
1043	1044	1065	1066	48.7314598520238	5.420727729797363	10	9
1043	1044	1066	1067	-22.006615509166227	4.173050880432129	10	9
1065	1066	1073	1074	-14.21666457698293	5.1371541023254395	11	10
1064	1065	1074	1075	-26.693775431048795	4.7190775871276855	11	10
1063	1064	1075	1076	-6.256322982406477	4.955718994140625	11	10
1062	1063	1076	1077	1.8662019597811639	4.303880214691162	11	10
1061	1062	1077	1078	-5.6677195883509786	4.944007873535156	11	10
1060	1061	1078	1079	-11.556807119088015	4.755741119384766	11	10
1059	1060	1079	1080	-7.690777336909461	4.607443809509277	11	10
1058	1059	1080	1081	-23.14890940918461	4.484930515289307	11	10
1082	1083	819	820	32.57868100642647	5.579120635986328	0	11
1082	1083	820	821	-23.11101014987937	4.182461738586426	0	11
1081	1082	821	822	-7.311223518117639	5.180568218231201	0	11
1080	1081	822	823	-20.591308656485705	4.410627841949463	0	11
1079	1080	823	824	-14.830346364288605	5.479027271270752	0	11
1078	1079	824	825	-8.804095608746623	4.120851993560791	0	11
1077	1078	825	826	-2.007502899444504	5.488687515258789	0	11
1076	1077	826	827	-28.633464460584666	4.244689464569092	0	11
1075	1076	827	828	-11.176180793196037	5.170734405517578	0	11
1074	1075	828	829	-2.187990358484644	4.572985649108887	0	11
1073	1074	829	830	-26.319458270972795	5.030783653259277	0	11
831	832	839	840	-28.00713310431079	5.327766418457031	1	0
830	831	840	841	-34.86980738825436	4.516674518585205	1	0
829	830	841	842	8.567002295794696	5.426692962646484	1	0
828	829	842	843	2.3429928346210107	4.522866725921631	1	0
827	828	843	844	-13.825722007021852	4.722023963928223	1	0
826	827	844	845	-8.285706922663659	4.603487968444824	1	0
825	826	845	846	-18.87828792893042	5.205575466156006	1	0
824	825	846	847	-23.48051239052317	4.713292598724365	1	0
823	824	847	848	-10.894757179934702	5.17403507232666	1	0
822	823	848	849	-12.930265915240186	4.457791328430176	1	0
821	822	849	850	-30.016745754137077	4.980525016784668	1	0
820	821	850	851	-12.415836345313352	4.408321857452393	1	0
819	820	851	852	-15.773007044892553	5.231056213378906	1	0
853	854	858	859	-51.39389060423571	5.45763635635376	2	1
852	853	859	860	-35.2900602529133	4.424950122833252	2	1
850	851	860	861	39.822632450606655	5.496590614318848	2	1
850	851	861	862	-6.833001563616422	4.157257080078125	2	1
849	850	862	863	1.8852053082765359	5.605961322784424	2	1
848	849	863	864	-22.35947411482755	3.9062283039093018	2	1
846	847	864	865	32.12377123566465	5.4997076988220215	2	1
846	847	865	866	-20.208304570599168	4.267581462860107	2	1
845	846	866	867	-16.343275698594077	5.481568813323975	2	1
844	845	867	868	-9.812461611376097	4.214001178741455	2	1
843	844	868	869	-1.2378705069071465	5.419589996337891	2	1
842	843	869	870	-2.8133340332033954	3.8643996715545654	2	1
841	842	870	871	-14.344593056965287	5.2544636726379395	2	1
840	841	871	872	-12.839664005221245	4.492788314819336	2	1
871	872	877	878	0.6559338104811879	4.328807830810547	3	2
870	871	878	879	-12.526511257361975	5.06515645980835	3	2
869	870	879	880	-33.7562413803633	4.373790740966797	3	2
868	869	880	881	-10.303885880271972	5.1323933601379395	3	2
867	868	881	882	-11.953704362918192	4.706693172454834	3	2
866	867	882	883	-15.59009820983668	4.786118984222412	3	2
865	866	883	884	-12.747172916915318	4.714353561401367	3	2
864	865	884	885	-20.31993230499765	5.046878337860107	3	2
863	864	885	886	-23.741851657937275	4.632453441619873	3	2
862	863	886	887	-11.219814131768818	4.967108726501465	3	2
861	862	887	888	-1.852308312499891	4.44256591796875	3	2
860	861	888	889	-5.4999674891143595	5.114551544189453	3	2
859	860	889	890	-17.674450103806425	4.523658752441406	3	2
858	859	890	891	-8.553838772963596	5.1492462158203125	3	2
890	891	898	899	-64.85610872529797	5.399362564086914	4	3
890	891	899	900	-19.0045527822334	5.2303876876831055	4	3
889	890	900	901	-14.208400813936555	4.237303256988525	4	3
888	889	901	902	-3.021694060175143	5.166143417358398	4	3
887	888	902	903	-15.393552494750569	4.347638130187988	4	3
886	887	903	904	-15.88620853053278	5.180353164672852	4	3
885	886	904	905	0.6175008271667786	4.338430404663086	4	3
884	885	905	906	-8.737742511394785	5.446419715881348	4	3
883	884	906	907	-2.9555594570069457	3.783379554748535	4	3
882	883	907	908	-7.8469698336829	5.417141437530518	4	3
881	882	908	909	-15.258811572689778	4.376069068908691	4	3
880	881	909	910	-15.345563178392053	5.189618110656738	4	3
879	880	910	911	-24.996993803048802	4.373935222625732	4	3
878	879	911	912	-9.06185789251839	5.149781703948975	4	3
877	878	912	913	-28.932137365152293	4.291381359100342	4	3
915	916	920	921	-55.15481931794599	5.633299827575684	5	4
914	915	921	922	-33.54437246782088	4.430660247802734	5	4
913	914	922	923	-13.28441664698388	5.352118492126465	5	4
912	913	923	924	-16.093756761753248	4.513950824737549	5	4
911	912	924	925	-21.15393233697029	4.99263858795166	5	4
910	911	925	926	-5.747205978430496	4.704219341278076	5	4
909	910	926	927	-24.632807112629123	5.307921886444092	5	4
908	909	927	928	-20.53336094440375	4.542174816131592	5	4
907	908	928	929	-28.524672846629002	5.224042892456055	5	4
906	907	929	930	-32.958679742771956	4.494627475738525	5	4
905	906	930	931	-11.300915803883532	5.388379096984863	5	4
904	905	931	932	-2.0271366005107856	4.650362968444824	5	4
903	904	932	933	5.022615478154153	5.022244453430176	5	4
902	903	933	934	-6.987712050493191	4.634128093719482	5	4
901	902	934	935	-15.66473079978313	4.558948993682861	5	4
900	901	935	936	-11.670156090108483	4.860818862915039	5	4
899	900	936	937	-16.917809158499082	5.0274248123168945	5	4
898	899	937	938	-22.396162197708232	4.404975414276123	5	4
938	939	950	951	-62.36736634498545	5.686169147491455	6	5
938	939	951	952	-6.76928007665056	5.436922073364258	6	5
937	938	952	953	-16.342197771737354	4.258383750915527	6	5
935	936	953	954	-8.015804732280294	5.264448642730713	6	5
935	936	954	955	24.643320601048664	4.2470011711120605	6	5
934	935	955	956	-1.5777908420583477	5.553112506866455	6	5
933	934	956	957	-20.645123914451755	4.251551628112793	6	5
932	933	957	958	-10.133788462948447	5.15173864364624	6	5
931	932	958	959	-26.069661540142	4.617276668548584	6	5
930	931	959	960	-8.044310867416971	5.063812732696533	6	5
929	930	960	961	-13.348963268044123	4.367999076843262	6	5
928	929	961	962	2.497324449858639	5.191892147064209	6	5
927	928	962	963	-35.63514254227467	3.9279911518096924	6	5
926	927	963	964	-17.71511012569882	5.664738655090332	6	5
925	926	965	966	16.355639334356425	5.5349531173706055	6	5
923	924	967	968	-45.133394821914045	4.206547737121582	6	5
966	967	974	975	-5.071913753014894	5.449353218078613	7	6
965	966	975	976	-9.861124257249536	3.913154363632202	7	6
964	965	976	977	8.776785493368521	5.373754501342773	7	6
963	964	977	978	10.987798930807738	4.258298873901367	7	6
963	964	978	979	-65.21953116881255	4.318022727966309	7	6
961	962	979	980	-8.41053269740628	5.0562028884887695	7	6
960	961	980	981	-2.6611979120103912	4.3681135177612305	7	6
959	960	981	982	-14.150901845848121	5.207259654998779	7	6
958	959	982	983	-4.806736416446666	4.3408918380737305	7	6
957	958	983	984	-19.24328223513908	5.089445114135742	7	6
956	957	984	985	-24.265465043859802	4.4312639236450195	7	6
955	956	985	986	-22.95625510098587	5.081305503845215	7	6
954	955	986	987	-45.81440887146046	4.72850227355957	7	6
952	953	987	988	52.49604751420604	5.303474426269531	7	6
952	953	988	989	-7.9127592831493	4.073089599609375	7	6
951	952	989	990	-27.15539659525311	5.185237884521484	7	6
950	951	990	991	-14.675622714323252	4.869847297668457	7	6
949	950	991	992	-13.123616505212523	5.206048965454102	7	6
948	949	992	993	-23.582948030140653	4.562586307525635	7	6
995	996	1000	1001	-38.86686000933012	5.4711012840271	8	7
994	995	1001	1002	-24.04508173797602	4.048764228820801	8	7
993	994	1002	1003	-28.468731198800086	5.493312358856201	8	7
992	993	1003	1004	-5.673091386511544	4.1819305419921875	8	7
991	992	1004	1005	-19.376962547188132	5.183555603027344	8	7
990	991	1005	1006	-7.738110138834676	4.583304405212402	8	7
989	990	1006	1007	-3.1610321511547252	5.246215343475342	8	7
988	989	1007	1008	-8.96424096210793	3.9759626388549805	8	7
987	988	1008	1009	-1.6367010855372177	5.240843296051025	8	7
986	987	1009	1010	-0.8424605563321856	4.649115085601807	8	7
1008	1009	1042	1043	-20.68167264080684	5.236343860626221	9	8
1007	1008	1043	1044	-34.387342264833826	4.833926200866699	9	8
1006	1007	1044	1045	-6.360378526010597	4.941915512084961	9	8
1005	1006	1045	1046	-5.440209818605599	4.417509078979492	9	8
1004	1005	1046	1047	-26.687305042698398	4.8102030754089355	9	8
1003	1004	1047	1048	-10.091665953134832	4.751274108886719	9	8
1002	1003	1048	1049	-24.56428562770789	4.990461349487305	9	8
1001	1002	1049	1050	-14.730933795403642	4.21506404876709	9	8
1000	1001	1050	1051	6.612379922914884	5.519903659820557	9	8
1050	1051	1058	1059	-64.79901615801438	5.431077480316162	10	9
1050	1051	1059	1060	-20.967648555492698	5.187903881072998	10	9
1049	1050	1060	1061	2.5871498573675784	4.636384010314941	10	9
1048	1049	1061	1062	11.43235041058775	5.348964691162109	10	9
1047	1048	1062	1063	-12.465450445968452	4.293220520019531	10	9
1046	1047	1063	1064	0.8366167542633506	5.1981306076049805	10	9
1045	1046	1064	1065	-22.618643395954297	3.9571962356567383	10	9
1043	1044	1065	1066	48.7314598520238	5.420727729797363	10	9
1043	1044	1066	1067	-22.006615509166227	4.173050880432129	10	9
1065	1066	1073	1074	-14.21666457698293	5.1371541023254395	11	10
1064	1065	1074	1075	-26.693775431048795	4.7190775871276855	11	10
1063	1064	1075	1076	-6.256322982406477	4.955718994140625	11	10
1062	1063	1076	1077	1.8662019597811639	4.303880214691162	11	10
1061	1062	1077	1078	-5.6677195883509786	4.944007873535156	11	10
1060	1061	1078	1079	-11.556807119088015	4.755741119384766	11	10
1059	1060	1079	1080	-7.690777336909461	4.607443809509277	11	10
1058	1059	1080	1081	-23.14890940918461	4.484930515289307	11	10
