116	117	17	18	-74.56730669094914	5.247068881988525	0	7
116	117	18	19	-27.3732368656112	5.296794891357422	0	7
115	116	19	20	-56.53117938500062	4.664844512939453	0	7
115	116	20	21	22.28206087943501	5.358181953430176	0	7
114	115	21	22	-9.343057810833344	5.207765579223633	0	7
113	114	22	23	1.9640815718494868	4.368926525115967	0	7
111	112	23	24	23.835490065942547	5.539499282836914	0	7
16	17	39	40	-25.885732315716456	5.363330364227295	1	0
15	16	40	41	-24.2706642097901	4.154228210449219	1	0
43	44	48	49	-44.41064955801955	5.302765369415283	2	1
42	43	49	50	-32.97334739689051	4.618459701538086	2	1
41	42	50	51	-16.192558490333955	5.166013240814209	2	1
40	41	51	52	-24.11559248705792	4.6874799728393555	2	1
39	40	52	53	-37.04664199442707	5.216569423675537	2	1
54	55	62	63	-30.821679404544657	5.391906261444092	3	2
53	54	63	64	-44.13384890430056	4.307926177978516	3	2
52	53	64	65	-10.68257939567779	5.478378772735596	3	2
51	52	65	66	-15.397243936614469	4.35095739364624	3	2
50	51	66	67	-37.783335311831046	5.297407627105713	3	2
49	50	67	68	-34.236337293885924	4.6106719970703125	3	2
48	49	68	69	-3.1721250483617167	5.179057598114014	3	2
69	70	77	78	-31.909302871835326	4.7505059242248535	4	3
68	69	78	79	-49.346162534995855	5.205172061920166	4	3
78	79	84	85	-21.635979299359274	4.9068603515625	5	4
77	78	85	86	-35.8598743945835	4.4061174392700195	5	4
76	77	86	87	-19.897809548484634	5.276968955993652	5	4
75	76	87	88	-21.999071356107567	4.586401462554932	5	4
88	89	98	99	-30.922250929155652	4.957937717437744	6	5
87	88	99	100	-22.43132064891432	4.859115123748779	6	5
86	87	100	101	-18.65638678812303	5.145823001861572	6	5
85	86	101	102	-7.235076551223762	4.348059177398682	6	5
84	85	102	103	-3.9897212909500537	5.407306671142578	6	5
102	103	110	111	-20.0397974669272	5.228891849517822	7	6
101	102	111	112	6.5040432741091285	4.29138708114624	7	6
100	101	112	113	-18.473180958701985	5.716194152832031	7	6
99	100	113	114	-14.934205829099145	4.417178630828857	7	6
98	99	114	115	-21.760004828234067	5.150710582733154	7	6
97	98	115	116	-31.971123033317912	4.637070655822754	7	6
116	117	17	18	-74.56730669094914	5.247068881988525	0	7
116	117	18	19	-27.3732368656112	5.296794891357422	0	7
115	116	19	20	-56.53117938500062	4.664844512939453	0	7
115	116	20	21	22.28206087943501	5.358181953430176	0	7
114	115	21	22	-9.343057810833344	5.207765579223633	0	7
113	114	22	23	1.9640815718494868	4.368926525115967	0	7
111	112	23	24	23.835490065942547	5.539499282836914	0	7
16	17	39	40	-25.885732315716456	5.363330364227295	1	0
15	16	40	41	-24.2706642097901	4.154228210449219	1	0
43	44	48	49	-44.41064955801955	5.302765369415283	2	1
42	43	49	50	-32.97334739689051	4.618459701538086	2	1
41	42	50	51	-16.192558490333955	5.166013240814209	2	1
40	41	51	52	-24.11559248705792	4.6874799728393555	2	1
39	40	52	53	-37.04664199442707	5.216569423675537	2	1
54	55	62	63	-30.821679404544657	5.391906261444092	3	2
53	54	63	64	-44.13384890430056	4.307926177978516	3	2
52	53	64	65	-10.68257939567779	5.478378772735596	3	2
51	52	65	66	-15.397243936614469	4.35095739364624	3	2
50	51	66	67	-37.783335311831046	5.297407627105713	3	2
49	50	67	68	-34.236337293885924	4.6106719970703125	3	2
48	49	68	69	-3.1721250483617167	5.179057598114014	3	2
69	70	77	78	-31.909302871835326	4.7505059242248535	4	3
68	69	78	79	-49.346162534995855	5.205172061920166	4	3
78	79	84	85	-21.635979299359274	4.9068603515625	5	4
77	78	85	86	-35.8598743945835	4.4061174392700195	5	4
76	77	86	87	-19.897809548484634	5.276968955993652	5	4
75	76	87	88	-21.999071356107567	4.586401462554932	5	4
88	89	98	99	-30.922250929155652	4.957937717437744	6	5
87	88	99	100	-22.43132064891432	4.859115123748779	6	5
86	87	100	101	-18.65638678812303	5.145823001861572	6	5
85	86	101	102	-7.235076551223762	4.348059177398682	6	5
84	85	102	103	-3.9897212909500537	5.407306671142578	6	5
102	103	110	111	-20.0397974669272	5.228891849517822	7	6
101	102	111	112	6.5040432741091285	4.29138708114624	7	6
100	101	112	113	-18.473180958701985	5.716194152832031	7	6
99	100	113	114	-14.934205829099145	4.417178630828857	7	6
98	99	114	115	-21.760004828234067	5.150710582733154	7	6
97	98	115	116	-31.971123033317912	4.637070655822754	7	6
