305	306	8	9	-8.552523057881363	5.315639019012451	0	15
304	305	9	10	3.3344410868344903	3.822246551513672	0	15
302	303	10	11	-31.5239890815337	5.038652420043945	0	15
302	303	11	12	12.961907623009012	3.891385316848755	0	15
300	301	12	13	13.792783046082663	5.295485973358154	0	15
300	301	13	14	-46.45474344161765	4.555717468261719	0	15
299	300	14	15	-3.9694719689247973	5.437650680541992	0	15
298	299	15	16	0.18006308010815558	4.337132930755615	0	15
297	298	16	17	-7.740323553596581	5.226186275482178	0	15
296	297	17	18	-19.869678960118044	4.338697910308838	0	15
14	15	31	32	-9.488659247148682	5.266615867614746	1	0
13	14	32	33	6.050311734364982	4.355134010314941	1	0
12	13	33	34	-29.187577174645106	5.266986846923828	1	0
11	12	34	35	-60.92089998273596	4.433947563171387	1	0
10	11	35	36	0.3365446669526924	5.600348949432373	1	0
9	10	36	37	-56.58160014433931	4.097643852233887	1	0
9	10	37	38	40.32199626698078	4.814533233642578	1	0
7	8	39	40	45.937444721451364	4.798579216003418	1	0
5	6	40	41	5.084892720385892	5.6129584312438965	1	0
5	6	41	42	-40.56269783337717	4.246975898742676	1	0
4	5	42	43	-22.75642920177727	5.203556060791016	1	0
3	4	43	44	-12.752131288672583	4.331523895263672	1	0
46	47	54	55	-61.25547651568777	5.300599575042725	2	1
45	46	55	56	39.438673829286216	4.877517223358154	2	1
45	46	56	57	-25.171360785021974	4.270288944244385	2	1
43	44	57	58	36.47298414923794	5.490941524505615	2	1
43	44	58	59	-16.05398638371699	3.893929958343506	2	1
42	43	59	60	1.4203431645313531	5.383520126342773	2	1
41	42	60	61	-19.29041543288039	3.80755615234375	2	1
60	61	75	76	9.160187217999324	4.376800537109375	3	2
58	59	77	78	46.66709335079444	4.381711006164551	3	2
57	58	78	79	7.679501844625334	5.2285566329956055	3	2
56	57	79	80	-4.710666628958843	4.25550651550293	3	2
55	56	80	81	-46.01169532398528	5.27344274520874	3	2
54	55	81	82	-27.31262759196824	4.634428977966309	3	2
81	82	87	88	-23.10461163886627	4.087464332580566	4	3
79	80	88	89	2.008325056630926	5.274779796600342	4	3
79	80	89	90	-35.47803936262145	3.8726084232330322	4	3
77	78	90	91	-45.89865479983892	5.089545249938965	4	3
77	78	91	92	19.99668821510239	4.672761917114258	4	3
76	77	92	93	52.038369567422954	5.3336381912231445	4	3
75	76	93	94	88.20313445753054	5.021623134613037	4	3
91	92	125	126	26.796280397974627	5.12160062789917	5	4
91	92	126	127	-60.041786804403685	4.115131855010986	5	4
90	91	127	128	-2.5148407664622643	5.455774307250977	5	4
89	90	128	129	-24.277001462554338	4.554010391235352	5	4
88	89	129	130	-12.51116000172277	5.419862270355225	5	4
87	88	130	131	-8.89987361184618	4.500680446624756	5	4
131	132	140	141	-26.112848045755687	5.373351097106934	6	5
130	131	141	142	9.897547345406121	4.215566158294678	6	5
129	130	142	143	-13.245455018789654	5.362393379211426	6	5
128	129	143	144	-12.86576886027441	4.349702835083008	6	5
127	128	144	145	-4.2606498129919235	5.167088031768799	6	5
144	145	156	157	-66.05371642814958	5.125574588775635	7	6
144	145	157	158	-19.77501736547345	4.932910919189453	7	6
143	144	158	159	-9.759175539891672	5.158102035522461	7	6
142	143	159	160	-12.610613872012616	4.695874214172363	7	6
141	142	160	161	6.595619239459435	4.10734224319458	7	6
140	141	161	162	-7.86375660240406	5.509857177734375	7	6
139	140	162	163	-21.10987553209005	4.087852478027344	7	6
138	139	163	164	-8.28417062638668	4.903092384338379	7	6
137	138	164	165	-15.081036627395447	4.911545276641846	7	6
164	165	169	170	36.490308796892016	5.128045082092285	8	7
164	165	170	171	8.653342558541981	4.168888092041016	8	7
163	164	171	172	-3.247915847986894	5.346535682678223	8	7
162	163	172	173	-8.469218282559828	4.373988628387451	8	7
160	161	173	174	34.48232865901915	5.076305389404297	8	7
160	161	174	175	-31.821548402012194	4.102045059204102	8	7
159	160	175	176	-7.8001422686279005	5.403834819793701	8	7
158	159	176	177	-16.46059518868567	4.5132951736450195	8	7
157	158	177	178	-15.277484026653587	5.077453136444092	8	7
156	157	178	179	-38.697587745552745	4.2011823654174805	8	7
154	155	179	180	102.38360896445374	5.647727012634277	8	7
177	178	187	188	-6.770211084635266	4.9471235275268555	9	8
176	177	188	189	-2.053861054366366	4.358192443847656	9	8
175	176	189	190	5.026912028157757	5.027448654174805	9	8
174	175	190	191	-7.904645491652425	4.539615631103516	9	8
173	174	191	192	-13.004665909550315	5.192530155181885	9	8
172	173	192	193	-11.005112903191334	4.523956298828125	9	8
171	172	193	194	-7.842288501558995	5.0214433670043945	9	8
170	171	194	195	-2.8617637521858175	3.9900739192962646	9	8
169	170	195	196	-25.519778135057514	5.500312328338623	9	8
168	169	196	197	-43.45527219488517	4.48934268951416	9	8
196	197	202	203	33.435273260072414	4.412543773651123	10	9
194	195	203	204	-4.182753568687055	5.283252239227295	10	9
194	195	204	205	-38.530022767215115	4.033123970031738	10	9
193	194	205	206	-9.353426291314932	5.588625431060791	10	9
192	193	206	207	-0.9931150723430248	4.1041364669799805	10	9
191	192	207	208	-8.199817136188093	5.476735591888428	10	9
190	191	208	209	-15.839513416922392	4.214877605438232	10	9
189	190	209	210	-14.26922380644048	5.339486598968506	10	9
188	189	210	211	-16.96102898275241	4.306369304656982	10	9
187	188	211	212	1.058577686248538	5.311765193939209	10	9
213	214	221	222	-46.64062524481728	4.726776599884033	11	10
212	213	222	223	-3.7126421674468864	4.546475887298584	11	10
211	212	223	224	-12.861210921329393	5.3913726806640625	11	10
210	211	224	225	2.2101959478044138	4.41512393951416	11	10
209	210	225	226	-9.795331604213287	5.217689037322998	11	10
208	209	226	227	-9.67478975193568	4.212681293487549	11	10
207	208	227	228	-13.040123523597575	5.222964286804199	11	10
206	207	228	229	-16.452984407172657	4.465554237365723	11	10
205	206	229	230	-19.59813897251221	5.349612712860107	11	10
204	205	230	231	-3.1399184011846204	4.317902565002441	11	10
203	204	231	232	3.3108980409539046	5.286739349365234	11	10
202	203	232	233	-6.356791327217086	4.31366491317749	11	10
201	202	233	234	-3.225128946286395	4.947389125823975	11	10
200	201	234	235	11.161486912841786	4.462208271026611	11	10
234	235	240	241	-40.396970205114954	4.3150177001953125	12	11
233	234	241	242	-6.747106193654504	5.58112096786499	12	11
232	233	242	243	10.067247494089186	4.0471649169921875	12	11
231	232	243	244	-10.793836272099828	5.382652759552002	12	11
230	231	244	245	-10.795583976554877	4.254690170288086	12	11
228	229	245	246	45.832140529274305	5.291845798492432	12	11
228	229	246	247	-16.23687372605379	4.065818786621094	12	11
227	228	247	248	-3.8612378005840795	5.323494911193848	12	11
226	227	248	249	-22.869045260362206	3.955592155456543	12	11
247	248	262	263	-10.026287596750043	5.109350204467773	13	12
246	247	263	264	-3.51805270495003	4.485716342926025	13	12
245	246	264	265	-17.471497897812576	5.174368858337402	13	12
244	245	265	266	-1.208739970684474	4.308326244354248	13	12
243	244	266	267	-0.6667304576269057	5.103429317474365	13	12
242	243	267	268	-5.508482477761324	4.291879653930664	13	12
241	242	268	269	-37.01726947402438	5.707880973815918	13	12
240	241	269	270	0.9340565176011565	4.193511009216309	13	12
270	271	278	279	-76.76985242076111	5.077800273895264	14	13
270	271	279	280	-15.783473555612268	5.004981517791748	14	13
269	270	280	281	-18.304174224573845	4.6446733474731445	14	13
267	268	281	282	12.510123157946516	5.1199116706848145	14	13
267	268	282	283	-31.6779697772198	4.180735111236572	14	13
266	267	283	284	-6.921744753867531	5.442785739898682	14	13
265	266	284	285	-11.41311443825209	4.100239276885986	14	13
264	265	285	286	3.490397556982768	5.374032974243164	14	13
263	264	286	287	-3.238744584415194	3.951835870742798	14	13
262	263	287	288	3.0400445471074153	5.380803108215332	14	13
287	288	295	296	-15.203050646896672	4.808991432189941	15	14
286	287	296	297	-9.973390129392095	4.257400989532471	15	14
285	286	297	298	-5.33079478585237	5.271336555480957	15	14
284	285	298	299	-11.707296276614723	4.452637672424316	15	14
283	284	299	300	-8.829198209911302	5.093347549438477	15	14
282	283	300	301	10.242035121769495	4.092251777648926	15	14
281	282	301	302	-16.99113185936988	5.409940242767334	15	14
280	281	302	303	-13.2199726998323	4.553983688354492	15	14
279	280	303	304	-32.393373528139335	4.983453273773193	15	14
278	279	304	305	-18.30462842527416	4.7110419273376465	15	14
