721	722	165	166	1.7350048036728312	4.076041221618652	0	21
720	721	166	167	-14.2149899539733	5.238192558288574	0	21
719	720	167	168	-9.324864337576859	4.523402214050293	0	21
718	719	168	169	-23.648999162728355	5.4818010330200195	0	21
168	169	173	174	-2.930734150253713	4.807007312774658	1	0
167	168	174	175	-0.4101638163626367	4.66798734664917	1	0
166	167	175	176	-2.486658649041438	4.766783237457275	1	0
165	166	176	177	-16.21131376317581	4.653365135192871	1	0
164	165	177	178	-18.662226841380086	4.857293605804443	1	0
163	164	178	179	-3.5499075973645633	4.26220178604126	1	0
162	163	179	180	3.223312353333787	4.935283660888672	1	0
161	162	180	181	26.442607745080867	4.812804698944092	1	0
183	184	190	191	-40.98741060682344	5.514895915985107	2	1
182	183	191	192	-30.57258099019526	4.055070400238037	2	1
180	181	192	193	46.483340282541924	5.544649124145508	2	1
180	181	193	194	-10.10058206567274	4.2444071769714355	2	1
179	180	194	195	-1.5277129822380433	5.205509185791016	2	1
178	179	195	196	5.049479831666607	4.319582939147949	2	1
177	178	196	197	-6.23574987411416	5.333076000213623	2	1
176	177	197	198	-0.5791588203724668	4.203421115875244	2	1
175	176	198	199	0.9679972026965312	5.462640762329102	2	1
174	175	199	200	-4.037109848603947	4.394430160522461	2	1
173	174	200	201	-6.553991992894183	5.242349147796631	2	1
200	201	210	211	-1.1537310568417054	5.26299524307251	3	2
199	200	211	212	2.4518980892036804	4.722584247589111	3	2
198	199	212	213	1.1994034068352746	5.061681747436523	3	2
197	198	213	214	-3.1474033310406693	4.577880859375	3	2
196	197	214	215	7.66548039855259	5.340737819671631	3	2
195	196	215	216	-9.48900436577198	4.152596950531006	3	2
194	195	216	217	-0.8157589369288138	5.07887077331543	3	2
193	194	217	218	-9.56775374204323	4.768666744232178	3	2
192	193	218	219	-11.257340593021164	4.926731586456299	3	2
191	192	219	220	-26.058385993473202	4.284814834594727	3	2
190	191	220	221	-9.83945380090151	5.147482872009277	3	2
189	190	221	222	-16.413818698961393	4.904645919799805	3	2
221	222	228	229	-7.8651308147300805	4.776160717010498	4	3
220	221	229	230	-12.046004761724916	5.154665470123291	4	3
219	220	230	231	-15.397731710566005	4.2177019119262695	4	3
218	219	231	232	10.853267523535006	4.982663631439209	4	3
217	218	232	233	-2.2133057808628025	4.817385196685791	4	3
216	217	233	234	-18.69775776177069	5.513848781585693	4	3
215	216	234	235	-15.35942453055565	4.61553430557251	4	3
214	215	235	236	-4.276020903379937	5.442097187042236	4	3
213	214	236	237	-3.881756151317897	4.207791328430176	4	3
212	213	237	238	-14.74033796570316	5.30195951461792	4	3
211	212	238	239	-34.53323403944255	4.627196311950684	4	3
239	240	275	276	-31.401242830633485	5.315762519836426	5	4
238	239	276	277	29.499728845184904	4.80707311630249	5	4
237	238	277	278	1.1066651319901488	5.164798259735107	5	4
236	237	278	279	6.044489571643256	4.619636535644531	5	4
235	236	279	280	10.048275831691932	5.018378734588623	5	4
234	235	280	281	10.50121949428391	4.5977325439453125	5	4
233	234	281	282	2.7776454697934185	5.078000068664551	5	4
232	233	282	283	-8.820655638945777	4.394306659698486	5	4
231	232	283	284	-50.46707689136937	5.307475566864014	5	4
230	231	284	285	-12.942625443744452	4.47808313369751	5	4
229	230	285	286	-4.316135237980697	5.243304252624512	5	4
228	229	286	287	14.306171774367874	4.6354475021362305	5	4
289	290	294	295	-25.651682473468725	5.572559833526611	6	5
288	289	295	296	-12.136872424998247	4.305233478546143	6	5
287	288	296	297	-5.7447853397023545	5.418947219848633	6	5
286	287	297	298	-6.519914297559304	4.421175479888916	6	5
285	286	298	299	-7.031154260242913	5.033485412597656	6	5
284	285	299	300	0.771816124002501	4.705428600311279	6	5
282	283	300	301	14.73914598079374	5.267539978027344	6	5
282	283	301	302	-32.5940671902536	4.026248931884766	6	5
281	282	302	303	-4.63154877936905	5.373928070068359	6	5
280	281	303	304	-6.8682020667879025	4.191673755645752	6	5
279	280	304	305	-1.0838783504703822	5.33541202545166	6	5
278	279	305	306	-2.4794419659745164	4.675835132598877	6	5
277	278	306	307	-9.924980875343998	4.9783854484558105	6	5
276	277	307	308	-8.916655439818392	4.34448766708374	6	5
275	276	308	309	-4.153928379132828	5.426271915435791	6	5
274	275	309	310	19.499390602182228	4.144050598144531	6	5
316	317	340	341	-7.423563408650757	5.505176067352295	7	6
316	317	341	342	-63.34363944523732	4.475372314453125	7	6
314	315	342	343	-45.29666697095402	5.386324405670166	7	6
313	314	343	344	-47.493688809117614	4.3676557540893555	7	6
312	313	344	345	-37.37781280834642	5.631855487823486	7	6
311	312	345	346	-5.190523657033006	4.196138858795166	7	6
310	311	346	347	-2.46302689935031	5.33445405960083	7	6
309	310	347	348	8.323374277840479	4.591360092163086	7	6
307	308	348	349	66.42975338104857	4.969310283660889	7	6
307	308	349	350	-6.843622883713079	4.405407428741455	7	6
306	307	350	351	-0.8305499480483134	5.339231967926025	7	6
305	306	351	352	-18.220823467680095	4.618466854095459	7	6
304	305	352	353	-18.226143440497783	5.1888427734375	7	6
303	304	353	354	-20.098872844338697	4.4885382652282715	7	6
302	303	354	355	-12.754069848009115	5.123427391052246	7	6
301	302	355	356	4.456107932619078	4.6075239181518555	7	6
300	301	356	357	6.875375204473539	5.360647678375244	7	6
299	300	357	358	-6.77276694526251	4.303155899047852	7	6
298	299	358	359	1.890026392006278	5.199437618255615	7	6
297	298	359	360	-9.651251873636197	4.443675994873047	7	6
296	297	360	361	-12.82239499271783	4.960511207580566	7	6
295	296	361	362	-24.614162399834168	4.566804885864258	7	6
294	295	362	363	-10.868195857242075	4.971816539764404	7	6
293	294	363	364	-26.7808282845636	4.815410614013672	7	6
364	365	372	373	-8.378843816277628	5.316701412200928	8	7
363	364	373	374	-23.64199930972704	4.570197582244873	8	7
362	363	374	375	-20.262077891302727	4.930776596069336	8	7
361	362	375	376	-16.186416785767623	4.757352828979492	8	7
360	361	376	377	-19.33549500753526	5.36677360534668	8	7
359	360	377	378	-4.438746499804899	4.25969123840332	8	7
358	359	378	379	-4.452765670636184	5.335094928741455	8	7
357	358	379	380	5.554775471079344	4.3015828132629395	8	7
356	357	380	381	-0.45783551526266447	5.31650972366333	8	7
355	356	381	382	-2.512820530822002	4.311468601226807	8	7
354	355	382	383	0.37562031394396406	5.331705570220947	8	7
353	354	383	384	-1.909193603758657	4.392807960510254	8	7
352	353	384	385	-0.15184694447725985	5.2758636474609375	8	7
351	352	385	386	-20.503092998432606	4.104447364807129	8	7
350	351	386	387	-0.0021312717352240623	5.391393184661865	8	7
349	350	387	388	-20.88508174700547	4.717060089111328	8	7
348	349	388	389	-3.9690651400779298	5.0965142250061035	8	7
347	348	389	390	6.374658960447846	4.243001461029053	8	7
346	347	390	391	-9.890889345352125	5.063629150390625	8	7
345	346	391	392	-7.652006555878678	4.7028489112854	8	7
390	391	432	433	-31.078925306661368	5.487243175506592	9	8
389	390	433	434	-37.20995794551626	4.209000110626221	9	8
388	389	434	435	0.9880893340191299	4.852875709533691	9	8
387	388	435	436	12.270596222868525	4.629092693328857	9	8
386	387	436	437	-9.823343787435716	5.059268474578857	9	8
385	386	437	438	-12.20164960015852	4.5469160079956055	9	8
384	385	438	439	-8.235853149183699	5.133517265319824	9	8
383	384	439	440	-3.1293595626370077	4.681013584136963	9	8
382	383	440	441	-4.864346897441014	5.141618728637695	9	8
381	382	441	442	2.114485391072533	4.14478874206543	9	8
380	381	442	443	0.2606331281188468	5.291123390197754	9	8
379	380	443	444	-9.328568804875925	4.526034355163574	9	8
378	379	444	445	-15.973476207354748	4.989276885986328	9	8
377	378	445	446	-20.991279918564683	4.684441089630127	9	8
376	377	446	447	-11.33348974618509	5.436811923980713	9	8
375	376	447	448	-1.687533167478153	4.691030502319336	9	8
374	375	448	449	-16.156333713562297	5.015542984008789	9	8
373	374	449	450	-9.874241297895354	4.559506416320801	9	8
372	373	450	451	-3.9134868690733136	5.160331726074219	9	8
371	372	451	452	-25.35824210021681	4.586213111877441	9	8
451	452	457	458	-19.07654858168406	4.412862777709961	10	9
450	451	458	459	-20.056500268132204	5.148881435394287	10	9
449	450	459	460	-7.671836039929184	4.586609840393066	10	9
448	449	460	461	-12.314355582754922	5.441070556640625	10	9
447	448	461	462	17.658543097507625	4.00833797454834	10	9
446	447	462	463	-3.304121235313253	5.5771331787109375	10	9
445	446	463	464	-16.038321933294387	4.148810863494873	10	9
443	444	464	465	36.32315881646277	5.392546653747559	10	9
443	444	465	466	-17.39609653474184	4.269293785095215	10	9
442	443	466	467	5.764105829199343	5.27193021774292	10	9
441	442	467	468	-18.971044225547903	4.286428451538086	10	9
440	441	468	469	-8.047993897009576	5.389219284057617	10	9
439	440	469	470	-8.607485063393504	4.448620319366455	10	9
438	439	470	471	-6.577947386431214	5.004566669464111	10	9
437	438	471	472	-4.363051809303651	4.609461784362793	10	9
436	437	472	473	-9.421293312547931	4.997715473175049	10	9
435	436	473	474	-49.89156440829718	4.673051834106445	10	9
470	471	480	481	-7.631350860181596	5.223397731781006	11	10
469	470	481	482	3.3647806860436313	4.522445201873779	11	10
468	469	482	483	-0.07254413071733355	5.505782127380371	11	10
467	468	483	484	-16.26105600811645	4.262117385864258	11	10
466	467	484	485	-24.551030699974884	5.079195976257324	11	10
465	466	485	486	-14.69894558770941	4.800100326538086	11	10
464	465	486	487	-20.60576727545107	5.318167686462402	11	10
463	464	487	488	-17.303187699459265	4.768030166625977	11	10
462	463	488	489	-13.698001076854007	5.3929595947265625	11	10
461	462	489	490	-14.725660077681452	4.100682735443115	11	10
460	461	490	491	12.289184992564085	5.50123929977417	11	10
459	460	491	492	9.533018855882657	4.574690818786621	11	10
458	459	492	493	-23.700977203221278	4.945981025695801	11	10
457	458	493	494	-15.235272719322328	4.619087219238281	11	10
494	495	502	503	-72.35613592959719	5.5205559730529785	12	11
493	494	504	505	6.822350549398232	4.326488018035889	12	11
492	493	505	506	0.21368547156508316	5.567933559417725	12	11
491	492	506	507	-3.3675079778270534	4.131207466125488	12	11
490	491	507	508	9.28833746228774	5.4095458984375	12	11
489	490	508	509	14.878969938802692	4.371696949005127	12	11
487	488	509	510	59.99622745586018	5.49388313293457	12	11
511	512	527	528	-18.208324607510875	5.231461048126221	13	12
510	511	528	529	-17.633286062833406	4.303504467010498	13	12
509	510	529	530	1.9441839519954753	4.688085556030273	13	12
508	509	530	531	-22.708890251142513	4.767736911773682	13	12
507	508	531	532	-17.337327553946245	5.132538318634033	13	12
506	507	532	533	-15.463292735382977	4.757850170135498	13	12
505	506	533	534	-2.812193814209236	5.452953338623047	13	12
504	505	534	535	-15.576431916895082	4.434035778045654	13	12
503	504	535	536	-27.47744377075146	5.37761116027832	13	12
502	503	536	537	-20.894992295855246	4.003859996795654	13	12
501	502	537	538	-16.958950332950085	4.941364765167236	13	12
500	501	538	539	-19.728045042054124	4.626346111297607	13	12
538	539	546	547	6.256591779401379	5.063437461853027	14	13
537	538	547	548	-11.313385206681112	4.952959060668945	14	13
536	537	548	549	7.836677829737929	4.3621931076049805	14	13
534	535	549	550	21.929594697230428	5.21096658706665	14	13
534	535	550	551	-30.08354905337686	3.945890188217163	14	13
533	534	551	552	-13.261710326969867	5.532966136932373	14	13
532	533	552	553	-2.9728995216956133	4.232449531555176	14	13
531	532	553	554	4.229180180958443	5.308056831359863	14	13
530	531	554	555	-15.695735996401362	4.402818202972412	14	13
529	530	555	556	-20.060932414045077	5.402772903442383	14	13
528	529	556	557	-35.47179864631488	4.643080234527588	14	13
527	528	557	558	-22.64467584922871	5.201186656951904	14	13
560	561	571	572	-39.16638728562583	5.461846828460693	15	14
559	560	572	573	-37.35212543628691	4.49591064453125	15	14
557	558	573	574	-55.98518886757314	4.4239115715026855	15	14
558	559	574	575	-90.4546811517273	4.358349323272705	15	14
556	557	575	576	2.4940596740862357	4.739047050476074	15	14
555	556	576	577	-12.255748874392166	5.1522216796875	15	14
554	555	577	578	-13.890834906014664	4.408805847167969	15	14
553	554	578	579	-14.748833090242682	5.102819919586182	15	14
552	553	579	580	-3.294283964706727	4.490438461303711	15	14
551	552	580	581	-16.20373442362975	5.660877227783203	15	14
550	551	581	582	-18.191112277926972	4.50712776184082	15	14
549	550	582	583	-5.95409869782513	5.258828639984131	15	14
548	549	583	584	-5.642529404650627	4.714016437530518	15	14
547	548	584	585	3.1795482158060437	5.323719501495361	15	14
546	547	585	586	8.433979706443518	4.333301067352295	15	14
588	589	593	594	-38.395623646861594	5.399500370025635	16	15
587	588	594	595	-13.69929576542988	4.654608726501465	16	15
586	587	595	596	3.938503947523886	5.452785968780518	16	15
585	586	596	597	6.542736990460223	4.528844356536865	16	15
584	585	597	598	-20.665393041607423	5.391414165496826	16	15
583	584	598	599	2.83363824216991	4.38087272644043	16	15
582	583	599	600	0.12608015817485005	5.122158050537109	16	15
581	582	600	601	4.874411730253788	4.6668314933776855	16	15
580	581	601	602	17.356987764965833	5.09263801574707	16	15
579	580	602	603	-34.22298790888196	4.557271480560303	16	15
578	579	603	604	-7.679456664352169	5.126619338989258	16	15
577	578	604	605	-10.941374445206089	4.214667797088623	16	15
576	577	605	606	-27.078295980541053	5.453612804412842	16	15
575	576	606	607	-53.34975785524867	4.558956146240234	16	15
574	575	607	608	-11.835198489841115	5.499326705932617	16	15
601	602	622	623	-32.24632142640795	4.756222248077393	17	16
600	601	623	624	-8.421487356537893	5.043471813201904	17	16
599	600	624	625	-8.706474830450093	5.266640663146973	17	16
598	599	625	626	13.227782331573893	4.361074447631836	17	16
596	597	626	627	53.83558033871814	5.2530646324157715	17	16
596	597	627	628	-11.991132430196043	4.167672157287598	17	16
595	596	628	629	-12.722212029028881	5.224822998046875	17	16
594	595	629	630	-13.250460592071006	4.580441951751709	17	16
593	594	630	631	-18.092658996608822	5.353719234466553	17	16
592	593	631	632	-20.065604348806737	4.822116851806641	17	16
632	633	641	642	-15.033972850626862	5.382386684417725	18	17
631	632	642	643	-18.55933831367991	4.25421142578125	18	17
630	631	643	644	-12.061239043543974	5.2896342277526855	18	17
629	630	644	645	-6.944870564845128	4.108578681945801	18	17
627	628	646	647	8.19302137699364	3.9216136932373047	18	17
626	627	647	648	8.193255353425977	5.557824611663818	18	17
625	626	648	649	-18.608347857587784	4.2931013107299805	18	17
624	625	649	650	9.172697701789241	5.092308521270752	18	17
623	624	650	651	-6.51435157228531	4.582605838775635	18	17
622	623	651	652	-7.241269568651974	4.87387752532959	18	17
653	654	662	663	-45.986351862113246	4.375395774841309	19	18
652	653	663	664	-5.178959771989125	5.336033344268799	19	18
651	652	664	665	1.8320823555612782	4.784460067749023	19	18
650	651	665	666	25.87900153790693	4.342392921447754	19	18
649	650	666	667	-11.407045671565948	5.617674350738525	19	18
648	649	667	668	-19.673356759230973	4.263585090637207	19	18
647	648	668	669	-20.354017276471644	5.2045512199401855	19	18
646	647	669	670	-28.508080510000294	4.346317291259766	19	18
645	646	670	671	-8.006456595873495	5.236711025238037	19	18
644	645	671	672	-5.276920292882558	4.064480304718018	19	18
643	644	672	673	-5.938632774235769	5.035580635070801	19	18
642	643	673	674	-9.486239884506883	4.751733303070068	19	18
641	642	674	675	-16.83454292869851	4.898654937744141	19	18
676	677	682	683	16.749932273332096	5.0826849937438965	20	19
676	677	685	686	-47.972750110793875	5.433834075927734	20	19
675	676	686	687	-13.705874697585562	4.536237716674805	20	19
674	675	687	688	-13.971975767933943	5.574784755706787	20	19
673	674	688	689	6.3960033525013005	4.281038761138916	20	19
672	673	689	690	1.7169342844928288	5.400203227996826	20	19
671	672	690	691	-20.39180538531839	4.483339786529541	20	19
670	671	691	692	8.028326035163241	5.210553169250488	20	19
669	670	692	693	-6.879431261109224	4.510287761688232	20	19
668	669	693	694	-141.31287099502907	5.076175689697266	20	19
668	669	694	695	-55.82518173668225	5.4945807456970215	20	19
702	703	708	709	40.6959000400192	5.359156608581543	21	20
702	703	709	710	-21.06597344051124	4.117782115936279	21	20
699	700	710	711	12.220359232687555	5.718626976013184	21	20
699	700	711	712	-56.34781023666588	4.467486381530762	21	20
700	701	712	713	-168.73054245662775	4.618680953979492	21	20
695	696	714	715	55.77959988974776	5.684381484985352	21	20
692	693	715	716	-4.18548019011755	4.490917682647705	21	20
691	692	716	717	-9.187137463469453	4.952637195587158	21	20
690	691	717	718	-10.890333230583655	4.489719390869141	21	20
689	690	718	719	-19.884447827566373	5.130790710449219	21	20
688	689	719	720	-25.323712399440833	4.513931751251221	21	20
687	688	720	721	-5.030403815838241	5.1490797996521	21	20
686	687	721	722	-15.665718377907206	4.451488494873047	21	20
721	722	165	166	1.7350048036728312	4.076041221618652	0	21
720	721	166	167	-14.2149899539733	5.238192558288574	0	21
719	720	167	168	-9.324864337576859	4.523402214050293	0	21
718	719	168	169	-23.648999162728355	5.4818010330200195	0	21
168	169	173	174	-2.930734150253713	4.807007312774658	1	0
167	168	174	175	-0.4101638163626367	4.66798734664917	1	0
166	167	175	176	-2.486658649041438	4.766783237457275	1	0
165	166	176	177	-16.21131376317581	4.653365135192871	1	0
164	165	177	178	-18.662226841380086	4.857293605804443	1	0
163	164	178	179	-3.5499075973645633	4.26220178604126	1	0
162	163	179	180	3.223312353333787	4.935283660888672	1	0
161	162	180	181	26.442607745080867	4.812804698944092	1	0
183	184	190	191	-40.98741060682344	5.514895915985107	2	1
182	183	191	192	-30.57258099019526	4.055070400238037	2	1
180	181	192	193	46.483340282541924	5.544649124145508	2	1
180	181	193	194	-10.10058206567274	4.2444071769714355	2	1
179	180	194	195	-1.5277129822380433	5.205509185791016	2	1
178	179	195	196	5.049479831666607	4.319582939147949	2	1
177	178	196	197	-6.23574987411416	5.333076000213623	2	1
176	177	197	198	-0.5791588203724668	4.203421115875244	2	1
175	176	198	199	0.9679972026965312	5.462640762329102	2	1
174	175	199	200	-4.037109848603947	4.394430160522461	2	1
173	174	200	201	-6.553991992894183	5.242349147796631	2	1
200	201	210	211	-1.1537310568417054	5.26299524307251	3	2
199	200	211	212	2.4518980892036804	4.722584247589111	3	2
198	199	212	213	1.1994034068352746	5.061681747436523	3	2
197	198	213	214	-3.1474033310406693	4.577880859375	3	2
196	197	214	215	7.66548039855259	5.340737819671631	3	2
195	196	215	216	-9.48900436577198	4.152596950531006	3	2
194	195	216	217	-0.8157589369288138	5.07887077331543	3	2
193	194	217	218	-9.56775374204323	4.768666744232178	3	2
192	193	218	219	-11.257340593021164	4.926731586456299	3	2
191	192	219	220	-26.058385993473202	4.284814834594727	3	2
190	191	220	221	-9.83945380090151	5.147482872009277	3	2
189	190	221	222	-16.413818698961393	4.904645919799805	3	2
221	222	228	229	-7.8651308147300805	4.776160717010498	4	3
220	221	229	230	-12.046004761724916	5.154665470123291	4	3
219	220	230	231	-15.397731710566005	4.2177019119262695	4	3
218	219	231	232	10.853267523535006	4.982663631439209	4	3
217	218	232	233	-2.2133057808628025	4.817385196685791	4	3
216	217	233	234	-18.69775776177069	5.513848781585693	4	3
215	216	234	235	-15.35942453055565	4.61553430557251	4	3
214	215	235	236	-4.276020903379937	5.442097187042236	4	3
213	214	236	237	-3.881756151317897	4.207791328430176	4	3
212	213	237	238	-14.74033796570316	5.30195951461792	4	3
211	212	238	239	-34.53323403944255	4.627196311950684	4	3
239	240	275	276	-31.401242830633485	5.315762519836426	5	4
238	239	276	277	29.499728845184904	4.80707311630249	5	4
237	238	277	278	1.1066651319901488	5.164798259735107	5	4
236	237	278	279	6.044489571643256	4.619636535644531	5	4
235	236	279	280	10.048275831691932	5.018378734588623	5	4
234	235	280	281	10.50121949428391	4.5977325439453125	5	4
233	234	281	282	2.7776454697934185	5.078000068664551	5	4
232	233	282	283	-8.820655638945777	4.394306659698486	5	4
231	232	283	284	-50.46707689136937	5.307475566864014	5	4
230	231	284	285	-12.942625443744452	4.47808313369751	5	4
229	230	285	286	-4.316135237980697	5.243304252624512	5	4
228	229	286	287	14.306171774367874	4.6354475021362305	5	4
289	290	294	295	-25.651682473468725	5.572559833526611	6	5
288	289	295	296	-12.136872424998247	4.305233478546143	6	5
287	288	296	297	-5.7447853397023545	5.418947219848633	6	5
286	287	297	298	-6.519914297559304	4.421175479888916	6	5
285	286	298	299	-7.031154260242913	5.033485412597656	6	5
284	285	299	300	0.771816124002501	4.705428600311279	6	5
282	283	300	301	14.73914598079374	5.267539978027344	6	5
282	283	301	302	-32.5940671902536	4.026248931884766	6	5
281	282	302	303	-4.63154877936905	5.373928070068359	6	5
280	281	303	304	-6.8682020667879025	4.191673755645752	6	5
279	280	304	305	-1.0838783504703822	5.33541202545166	6	5
278	279	305	306	-2.4794419659745164	4.675835132598877	6	5
277	278	306	307	-9.924980875343998	4.9783854484558105	6	5
276	277	307	308	-8.916655439818392	4.34448766708374	6	5
275	276	308	309	-4.153928379132828	5.426271915435791	6	5
274	275	309	310	19.499390602182228	4.144050598144531	6	5
316	317	340	341	-7.423563408650757	5.505176067352295	7	6
316	317	341	342	-63.34363944523732	4.475372314453125	7	6
314	315	342	343	-45.29666697095402	5.386324405670166	7	6
313	314	343	344	-47.493688809117614	4.3676557540893555	7	6
312	313	344	345	-37.37781280834642	5.631855487823486	7	6
311	312	345	346	-5.190523657033006	4.196138858795166	7	6
310	311	346	347	-2.46302689935031	5.33445405960083	7	6
309	310	347	348	8.323374277840479	4.591360092163086	7	6
307	308	348	349	66.42975338104857	4.969310283660889	7	6
307	308	349	350	-6.843622883713079	4.405407428741455	7	6
306	307	350	351	-0.8305499480483134	5.339231967926025	7	6
305	306	351	352	-18.220823467680095	4.618466854095459	7	6
304	305	352	353	-18.226143440497783	5.1888427734375	7	6
303	304	353	354	-20.098872844338697	4.4885382652282715	7	6
302	303	354	355	-12.754069848009115	5.123427391052246	7	6
301	302	355	356	4.456107932619078	4.6075239181518555	7	6
300	301	356	357	6.875375204473539	5.360647678375244	7	6
299	300	357	358	-6.77276694526251	4.303155899047852	7	6
298	299	358	359	1.890026392006278	5.199437618255615	7	6
297	298	359	360	-9.651251873636197	4.443675994873047	7	6
296	297	360	361	-12.82239499271783	4.960511207580566	7	6
295	296	361	362	-24.614162399834168	4.566804885864258	7	6
294	295	362	363	-10.868195857242075	4.971816539764404	7	6
293	294	363	364	-26.7808282845636	4.815410614013672	7	6
364	365	372	373	-8.378843816277628	5.316701412200928	8	7
363	364	373	374	-23.64199930972704	4.570197582244873	8	7
362	363	374	375	-20.262077891302727	4.930776596069336	8	7
361	362	375	376	-16.186416785767623	4.757352828979492	8	7
360	361	376	377	-19.33549500753526	5.36677360534668	8	7
359	360	377	378	-4.438746499804899	4.25969123840332	8	7
358	359	378	379	-4.452765670636184	5.335094928741455	8	7
357	358	379	380	5.554775471079344	4.3015828132629395	8	7
356	357	380	381	-0.45783551526266447	5.31650972366333	8	7
355	356	381	382	-2.512820530822002	4.311468601226807	8	7
354	355	382	383	0.37562031394396406	5.331705570220947	8	7
353	354	383	384	-1.909193603758657	4.392807960510254	8	7
352	353	384	385	-0.15184694447725985	5.2758636474609375	8	7
351	352	385	386	-20.503092998432606	4.104447364807129	8	7
350	351	386	387	-0.0021312717352240623	5.391393184661865	8	7
349	350	387	388	-20.88508174700547	4.717060089111328	8	7
348	349	388	389	-3.9690651400779298	5.0965142250061035	8	7
347	348	389	390	6.374658960447846	4.243001461029053	8	7
346	347	390	391	-9.890889345352125	5.063629150390625	8	7
345	346	391	392	-7.652006555878678	4.7028489112854	8	7
390	391	432	433	-31.078925306661368	5.487243175506592	9	8
389	390	433	434	-37.20995794551626	4.209000110626221	9	8
388	389	434	435	0.9880893340191299	4.852875709533691	9	8
387	388	435	436	12.270596222868525	4.629092693328857	9	8
386	387	436	437	-9.823343787435716	5.059268474578857	9	8
385	386	437	438	-12.20164960015852	4.5469160079956055	9	8
384	385	438	439	-8.235853149183699	5.133517265319824	9	8
383	384	439	440	-3.1293595626370077	4.681013584136963	9	8
382	383	440	441	-4.864346897441014	5.141618728637695	9	8
381	382	441	442	2.114485391072533	4.14478874206543	9	8
380	381	442	443	0.2606331281188468	5.291123390197754	9	8
379	380	443	444	-9.328568804875925	4.526034355163574	9	8
378	379	444	445	-15.973476207354748	4.989276885986328	9	8
377	378	445	446	-20.991279918564683	4.684441089630127	9	8
376	377	446	447	-11.33348974618509	5.436811923980713	9	8
375	376	447	448	-1.687533167478153	4.691030502319336	9	8
374	375	448	449	-16.156333713562297	5.015542984008789	9	8
373	374	449	450	-9.874241297895354	4.559506416320801	9	8
372	373	450	451	-3.9134868690733136	5.160331726074219	9	8
371	372	451	452	-25.35824210021681	4.586213111877441	9	8
451	452	457	458	-19.07654858168406	4.412862777709961	10	9
450	451	458	459	-20.056500268132204	5.148881435394287	10	9
449	450	459	460	-7.671836039929184	4.586609840393066	10	9
448	449	460	461	-12.314355582754922	5.441070556640625	10	9
447	448	461	462	17.658543097507625	4.00833797454834	10	9
446	447	462	463	-3.304121235313253	5.5771331787109375	10	9
445	446	463	464	-16.038321933294387	4.148810863494873	10	9
443	444	464	465	36.32315881646277	5.392546653747559	10	9
443	444	465	466	-17.39609653474184	4.269293785095215	10	9
442	443	466	467	5.764105829199343	5.27193021774292	10	9
441	442	467	468	-18.971044225547903	4.286428451538086	10	9
440	441	468	469	-8.047993897009576	5.389219284057617	10	9
439	440	469	470	-8.607485063393504	4.448620319366455	10	9
438	439	470	471	-6.577947386431214	5.004566669464111	10	9
437	438	471	472	-4.363051809303651	4.609461784362793	10	9
436	437	472	473	-9.421293312547931	4.997715473175049	10	9
435	436	473	474	-49.89156440829718	4.673051834106445	10	9
470	471	480	481	-7.631350860181596	5.223397731781006	11	10
469	470	481	482	3.3647806860436313	4.522445201873779	11	10
468	469	482	483	-0.07254413071733355	5.505782127380371	11	10
467	468	483	484	-16.26105600811645	4.262117385864258	11	10
466	467	484	485	-24.551030699974884	5.079195976257324	11	10
465	466	485	486	-14.69894558770941	4.800100326538086	11	10
464	465	486	487	-20.60576727545107	5.318167686462402	11	10
463	464	487	488	-17.303187699459265	4.768030166625977	11	10
462	463	488	489	-13.698001076854007	5.3929595947265625	11	10
461	462	489	490	-14.725660077681452	4.100682735443115	11	10
460	461	490	491	12.289184992564085	5.50123929977417	11	10
459	460	491	492	9.533018855882657	4.574690818786621	11	10
458	459	492	493	-23.700977203221278	4.945981025695801	11	10
457	458	493	494	-15.235272719322328	4.619087219238281	11	10
494	495	502	503	-72.35613592959719	5.5205559730529785	12	11
493	494	504	505	6.822350549398232	4.326488018035889	12	11
492	493	505	506	0.21368547156508316	5.567933559417725	12	11
491	492	506	507	-3.3675079778270534	4.131207466125488	12	11
490	491	507	508	9.28833746228774	5.4095458984375	12	11
489	490	508	509	14.878969938802692	4.371696949005127	12	11
487	488	509	510	59.99622745586018	5.49388313293457	12	11
511	512	527	528	-18.208324607510875	5.231461048126221	13	12
510	511	528	529	-17.633286062833406	4.303504467010498	13	12
509	510	529	530	1.9441839519954753	4.688085556030273	13	12
508	509	530	531	-22.708890251142513	4.767736911773682	13	12
507	508	531	532	-17.337327553946245	5.132538318634033	13	12
506	507	532	533	-15.463292735382977	4.757850170135498	13	12
505	506	533	534	-2.812193814209236	5.452953338623047	13	12
504	505	534	535	-15.576431916895082	4.434035778045654	13	12
503	504	535	536	-27.47744377075146	5.37761116027832	13	12
502	503	536	537	-20.894992295855246	4.003859996795654	13	12
501	502	537	538	-16.958950332950085	4.941364765167236	13	12
500	501	538	539	-19.728045042054124	4.626346111297607	13	12
538	539	546	547	6.256591779401379	5.063437461853027	14	13
537	538	547	548	-11.313385206681112	4.952959060668945	14	13
536	537	548	549	7.836677829737929	4.3621931076049805	14	13
534	535	549	550	21.929594697230428	5.21096658706665	14	13
534	535	550	551	-30.08354905337686	3.945890188217163	14	13
533	534	551	552	-13.261710326969867	5.532966136932373	14	13
532	533	552	553	-2.9728995216956133	4.232449531555176	14	13
531	532	553	554	4.229180180958443	5.308056831359863	14	13
530	531	554	555	-15.695735996401362	4.402818202972412	14	13
529	530	555	556	-20.060932414045077	5.402772903442383	14	13
528	529	556	557	-35.47179864631488	4.643080234527588	14	13
527	528	557	558	-22.64467584922871	5.201186656951904	14	13
560	561	571	572	-39.16638728562583	5.461846828460693	15	14
559	560	572	573	-37.35212543628691	4.49591064453125	15	14
557	558	573	574	-55.98518886757314	4.4239115715026855	15	14
558	559	574	575	-90.4546811517273	4.358349323272705	15	14
556	557	575	576	2.4940596740862357	4.739047050476074	15	14
555	556	576	577	-12.255748874392166	5.1522216796875	15	14
554	555	577	578	-13.890834906014664	4.408805847167969	15	14
553	554	578	579	-14.748833090242682	5.102819919586182	15	14
552	553	579	580	-3.294283964706727	4.490438461303711	15	14
551	552	580	581	-16.20373442362975	5.660877227783203	15	14
550	551	581	582	-18.191112277926972	4.50712776184082	15	14
549	550	582	583	-5.95409869782513	5.258828639984131	15	14
548	549	583	584	-5.642529404650627	4.714016437530518	15	14
547	548	584	585	3.1795482158060437	5.323719501495361	15	14
546	547	585	586	8.433979706443518	4.333301067352295	15	14
588	589	593	594	-38.395623646861594	5.399500370025635	16	15
587	588	594	595	-13.69929576542988	4.654608726501465	16	15
586	587	595	596	3.938503947523886	5.452785968780518	16	15
585	586	596	597	6.542736990460223	4.528844356536865	16	15
584	585	597	598	-20.665393041607423	5.391414165496826	16	15
583	584	598	599	2.83363824216991	4.38087272644043	16	15
582	583	599	600	0.12608015817485005	5.122158050537109	16	15
581	582	600	601	4.874411730253788	4.6668314933776855	16	15
580	581	601	602	17.356987764965833	5.09263801574707	16	15
579	580	602	603	-34.22298790888196	4.557271480560303	16	15
578	579	603	604	-7.679456664352169	5.126619338989258	16	15
577	578	604	605	-10.941374445206089	4.214667797088623	16	15
576	577	605	606	-27.078295980541053	5.453612804412842	16	15
575	576	606	607	-53.34975785524867	4.558956146240234	16	15
574	575	607	608	-11.835198489841115	5.499326705932617	16	15
601	602	622	623	-32.24632142640795	4.756222248077393	17	16
600	601	623	624	-8.421487356537893	5.043471813201904	17	16
599	600	624	625	-8.706474830450093	5.266640663146973	17	16
598	599	625	626	13.227782331573893	4.361074447631836	17	16
596	597	626	627	53.83558033871814	5.2530646324157715	17	16
596	597	627	628	-11.991132430196043	4.167672157287598	17	16
595	596	628	629	-12.722212029028881	5.224822998046875	17	16
594	595	629	630	-13.250460592071006	4.580441951751709	17	16
593	594	630	631	-18.092658996608822	5.353719234466553	17	16
592	593	631	632	-20.065604348806737	4.822116851806641	17	16
632	633	641	642	-15.033972850626862	5.382386684417725	18	17
631	632	642	643	-18.55933831367991	4.25421142578125	18	17
630	631	643	644	-12.061239043543974	5.2896342277526855	18	17
629	630	644	645	-6.944870564845128	4.108578681945801	18	17
627	628	646	647	8.19302137699364	3.9216136932373047	18	17
626	627	647	648	8.193255353425977	5.557824611663818	18	17
625	626	648	649	-18.608347857587784	4.2931013107299805	18	17
624	625	649	650	9.172697701789241	5.092308521270752	18	17
623	624	650	651	-6.51435157228531	4.582605838775635	18	17
622	623	651	652	-7.241269568651974	4.87387752532959	18	17
653	654	662	663	-45.986351862113246	4.375395774841309	19	18
652	653	663	664	-5.178959771989125	5.336033344268799	19	18
651	652	664	665	1.8320823555612782	4.784460067749023	19	18
650	651	665	666	25.87900153790693	4.342392921447754	19	18
649	650	666	667	-11.407045671565948	5.617674350738525	19	18
648	649	667	668	-19.673356759230973	4.263585090637207	19	18
647	648	668	669	-20.354017276471644	5.2045512199401855	19	18
646	647	669	670	-28.508080510000294	4.346317291259766	19	18
645	646	670	671	-8.006456595873495	5.236711025238037	19	18
644	645	671	672	-5.276920292882558	4.064480304718018	19	18
643	644	672	673	-5.938632774235769	5.035580635070801	19	18
642	643	673	674	-9.486239884506883	4.751733303070068	19	18
641	642	674	675	-16.83454292869851	4.898654937744141	19	18
676	677	682	683	16.749932273332096	5.0826849937438965	20	19
676	677	685	686	-47.972750110793875	5.433834075927734	20	19
675	676	686	687	-13.705874697585562	4.536237716674805	20	19
674	675	687	688	-13.971975767933943	5.574784755706787	20	19
673	674	688	689	6.3960033525013005	4.281038761138916	20	19
672	673	689	690	1.7169342844928288	5.400203227996826	20	19
671	672	690	691	-20.39180538531839	4.483339786529541	20	19
670	671	691	692	8.028326035163241	5.210553169250488	20	19
669	670	692	693	-6.879431261109224	4.510287761688232	20	19
668	669	693	694	-141.31287099502907	5.076175689697266	20	19
668	669	694	695	-55.82518173668225	5.4945807456970215	20	19
702	703	708	709	40.6959000400192	5.359156608581543	21	20
702	703	709	710	-21.06597344051124	4.117782115936279	21	20
699	700	710	711	12.220359232687555	5.718626976013184	21	20
699	700	711	712	-56.34781023666588	4.467486381530762	21	20
700	701	712	713	-168.73054245662775	4.618680953979492	21	20
695	696	714	715	55.77959988974776	5.684381484985352	21	20
692	693	715	716	-4.18548019011755	4.490917682647705	21	20
691	692	716	717	-9.187137463469453	4.952637195587158	21	20
690	691	717	718	-10.890333230583655	4.489719390869141	21	20
689	690	718	719	-19.884447827566373	5.130790710449219	21	20
688	689	719	720	-25.323712399440833	4.513931751251221	21	20
687	688	720	721	-5.030403815838241	5.1490797996521	21	20
686	687	721	722	-15.665718377907206	4.451488494873047	21	20
721	722	165	166	1.7350048036728312	4.076041221618652	0	21
720	721	166	167	-14.2149899539733	5.238192558288574	0	21
719	720	167	168	-9.324864337576859	4.523402214050293	0	21
718	719	168	169	-23.648999162728355	5.4818010330200195	0	21
168	169	173	174	-2.930734150253713	4.807007312774658	1	0
167	168	174	175	-0.4101638163626367	4.66798734664917	1	0
166	167	175	176	-2.486658649041438	4.766783237457275	1	0
165	166	176	177	-16.21131376317581	4.653365135192871	1	0
164	165	177	178	-18.662226841380086	4.857293605804443	1	0
163	164	178	179	-3.5499075973645633	4.26220178604126	1	0
162	163	179	180	3.223312353333787	4.935283660888672	1	0
161	162	180	181	26.442607745080867	4.812804698944092	1	0
183	184	190	191	-40.98741060682344	5.514895915985107	2	1
182	183	191	192	-30.57258099019526	4.055070400238037	2	1
180	181	192	193	46.483340282541924	5.544649124145508	2	1
180	181	193	194	-10.10058206567274	4.2444071769714355	2	1
179	180	194	195	-1.5277129822380433	5.205509185791016	2	1
178	179	195	196	5.049479831666607	4.319582939147949	2	1
177	178	196	197	-6.23574987411416	5.333076000213623	2	1
176	177	197	198	-0.5791588203724668	4.203421115875244	2	1
175	176	198	199	0.9679972026965312	5.462640762329102	2	1
174	175	199	200	-4.037109848603947	4.394430160522461	2	1
173	174	200	201	-6.553991992894183	5.242349147796631	2	1
200	201	210	211	-1.1537310568417054	5.26299524307251	3	2
199	200	211	212	2.4518980892036804	4.722584247589111	3	2
198	199	212	213	1.1994034068352746	5.061681747436523	3	2
197	198	213	214	-3.1474033310406693	4.577880859375	3	2
196	197	214	215	7.66548039855259	5.340737819671631	3	2
195	196	215	216	-9.48900436577198	4.152596950531006	3	2
194	195	216	217	-0.8157589369288138	5.07887077331543	3	2
193	194	217	218	-9.56775374204323	4.768666744232178	3	2
192	193	218	219	-11.257340593021164	4.926731586456299	3	2
191	192	219	220	-26.058385993473202	4.284814834594727	3	2
190	191	220	221	-9.83945380090151	5.147482872009277	3	2
189	190	221	222	-16.413818698961393	4.904645919799805	3	2
221	222	228	229	-7.8651308147300805	4.776160717010498	4	3
220	221	229	230	-12.046004761724916	5.154665470123291	4	3
219	220	230	231	-15.397731710566005	4.2177019119262695	4	3
218	219	231	232	10.853267523535006	4.982663631439209	4	3
217	218	232	233	-2.2133057808628025	4.817385196685791	4	3
216	217	233	234	-18.69775776177069	5.513848781585693	4	3
215	216	234	235	-15.35942453055565	4.61553430557251	4	3
214	215	235	236	-4.276020903379937	5.442097187042236	4	3
213	214	236	237	-3.881756151317897	4.207791328430176	4	3
212	213	237	238	-14.74033796570316	5.30195951461792	4	3
211	212	238	239	-34.53323403944255	4.627196311950684	4	3
239	240	275	276	-31.401242830633485	5.315762519836426	5	4
238	239	276	277	29.499728845184904	4.80707311630249	5	4
237	238	277	278	1.1066651319901488	5.164798259735107	5	4
236	237	278	279	6.044489571643256	4.619636535644531	5	4
235	236	279	280	10.048275831691932	5.018378734588623	5	4
234	235	280	281	10.50121949428391	4.5977325439453125	5	4
233	234	281	282	2.7776454697934185	5.078000068664551	5	4
232	233	282	283	-8.820655638945777	4.394306659698486	5	4
231	232	283	284	-50.46707689136937	5.307475566864014	5	4
230	231	284	285	-12.942625443744452	4.47808313369751	5	4
229	230	285	286	-4.316135237980697	5.243304252624512	5	4
228	229	286	287	14.306171774367874	4.6354475021362305	5	4
289	290	294	295	-25.651682473468725	5.572559833526611	6	5
288	289	295	296	-12.136872424998247	4.305233478546143	6	5
287	288	296	297	-5.7447853397023545	5.418947219848633	6	5
286	287	297	298	-6.519914297559304	4.421175479888916	6	5
285	286	298	299	-7.031154260242913	5.033485412597656	6	5
284	285	299	300	0.771816124002501	4.705428600311279	6	5
282	283	300	301	14.73914598079374	5.267539978027344	6	5
282	283	301	302	-32.5940671902536	4.026248931884766	6	5
281	282	302	303	-4.63154877936905	5.373928070068359	6	5
280	281	303	304	-6.8682020667879025	4.191673755645752	6	5
279	280	304	305	-1.0838783504703822	5.33541202545166	6	5
278	279	305	306	-2.4794419659745164	4.675835132598877	6	5
277	278	306	307	-9.924980875343998	4.9783854484558105	6	5
276	277	307	308	-8.916655439818392	4.34448766708374	6	5
275	276	308	309	-4.153928379132828	5.426271915435791	6	5
274	275	309	310	19.499390602182228	4.144050598144531	6	5
316	317	340	341	-7.423563408650757	5.505176067352295	7	6
316	317	341	342	-63.34363944523732	4.475372314453125	7	6
314	315	342	343	-45.29666697095402	5.386324405670166	7	6
313	314	343	344	-47.493688809117614	4.3676557540893555	7	6
312	313	344	345	-37.37781280834642	5.631855487823486	7	6
311	312	345	346	-5.190523657033006	4.196138858795166	7	6
310	311	346	347	-2.46302689935031	5.33445405960083	7	6
309	310	347	348	8.323374277840479	4.591360092163086	7	6
307	308	348	349	66.42975338104857	4.969310283660889	7	6
307	308	349	350	-6.843622883713079	4.405407428741455	7	6
306	307	350	351	-0.8305499480483134	5.339231967926025	7	6
305	306	351	352	-18.220823467680095	4.618466854095459	7	6
304	305	352	353	-18.226143440497783	5.1888427734375	7	6
303	304	353	354	-20.098872844338697	4.4885382652282715	7	6
302	303	354	355	-12.754069848009115	5.123427391052246	7	6
301	302	355	356	4.456107932619078	4.6075239181518555	7	6
300	301	356	357	6.875375204473539	5.360647678375244	7	6
299	300	357	358	-6.77276694526251	4.303155899047852	7	6
298	299	358	359	1.890026392006278	5.199437618255615	7	6
297	298	359	360	-9.651251873636197	4.443675994873047	7	6
296	297	360	361	-12.82239499271783	4.960511207580566	7	6
295	296	361	362	-24.614162399834168	4.566804885864258	7	6
294	295	362	363	-10.868195857242075	4.971816539764404	7	6
293	294	363	364	-26.7808282845636	4.815410614013672	7	6
364	365	372	373	-8.378843816277628	5.316701412200928	8	7
363	364	373	374	-23.64199930972704	4.570197582244873	8	7
362	363	374	375	-20.262077891302727	4.930776596069336	8	7
361	362	375	376	-16.186416785767623	4.757352828979492	8	7
360	361	376	377	-19.33549500753526	5.36677360534668	8	7
359	360	377	378	-4.438746499804899	4.25969123840332	8	7
358	359	378	379	-4.452765670636184	5.335094928741455	8	7
357	358	379	380	5.554775471079344	4.3015828132629395	8	7
356	357	380	381	-0.45783551526266447	5.31650972366333	8	7
355	356	381	382	-2.512820530822002	4.311468601226807	8	7
354	355	382	383	0.37562031394396406	5.331705570220947	8	7
353	354	383	384	-1.909193603758657	4.392807960510254	8	7
352	353	384	385	-0.15184694447725985	5.2758636474609375	8	7
351	352	385	386	-20.503092998432606	4.104447364807129	8	7
350	351	386	387	-0.0021312717352240623	5.391393184661865	8	7
349	350	387	388	-20.88508174700547	4.717060089111328	8	7
348	349	388	389	-3.9690651400779298	5.0965142250061035	8	7
347	348	389	390	6.374658960447846	4.243001461029053	8	7
346	347	390	391	-9.890889345352125	5.063629150390625	8	7
345	346	391	392	-7.652006555878678	4.7028489112854	8	7
390	391	432	433	-31.078925306661368	5.487243175506592	9	8
389	390	433	434	-37.20995794551626	4.209000110626221	9	8
388	389	434	435	0.9880893340191299	4.852875709533691	9	8
387	388	435	436	12.270596222868525	4.629092693328857	9	8
386	387	436	437	-9.823343787435716	5.059268474578857	9	8
385	386	437	438	-12.20164960015852	4.5469160079956055	9	8
384	385	438	439	-8.235853149183699	5.133517265319824	9	8
383	384	439	440	-3.1293595626370077	4.681013584136963	9	8
382	383	440	441	-4.864346897441014	5.141618728637695	9	8
381	382	441	442	2.114485391072533	4.14478874206543	9	8
380	381	442	443	0.2606331281188468	5.291123390197754	9	8
379	380	443	444	-9.328568804875925	4.526034355163574	9	8
378	379	444	445	-15.973476207354748	4.989276885986328	9	8
377	378	445	446	-20.991279918564683	4.684441089630127	9	8
376	377	446	447	-11.33348974618509	5.436811923980713	9	8
375	376	447	448	-1.687533167478153	4.691030502319336	9	8
374	375	448	449	-16.156333713562297	5.015542984008789	9	8
373	374	449	450	-9.874241297895354	4.559506416320801	9	8
372	373	450	451	-3.9134868690733136	5.160331726074219	9	8
371	372	451	452	-25.35824210021681	4.586213111877441	9	8
451	452	457	458	-19.07654858168406	4.412862777709961	10	9
450	451	458	459	-20.056500268132204	5.148881435394287	10	9
449	450	459	460	-7.671836039929184	4.586609840393066	10	9
448	449	460	461	-12.314355582754922	5.441070556640625	10	9
447	448	461	462	17.658543097507625	4.00833797454834	10	9
446	447	462	463	-3.304121235313253	5.5771331787109375	10	9
445	446	463	464	-16.038321933294387	4.148810863494873	10	9
443	444	464	465	36.32315881646277	5.392546653747559	10	9
443	444	465	466	-17.39609653474184	4.269293785095215	10	9
442	443	466	467	5.764105829199343	5.27193021774292	10	9
441	442	467	468	-18.971044225547903	4.286428451538086	10	9
440	441	468	469	-8.047993897009576	5.389219284057617	10	9
439	440	469	470	-8.607485063393504	4.448620319366455	10	9
438	439	470	471	-6.577947386431214	5.004566669464111	10	9
437	438	471	472	-4.363051809303651	4.609461784362793	10	9
436	437	472	473	-9.421293312547931	4.997715473175049	10	9
435	436	473	474	-49.89156440829718	4.673051834106445	10	9
470	471	480	481	-7.631350860181596	5.223397731781006	11	10
469	470	481	482	3.3647806860436313	4.522445201873779	11	10
468	469	482	483	-0.07254413071733355	5.505782127380371	11	10
467	468	483	484	-16.26105600811645	4.262117385864258	11	10
466	467	484	485	-24.551030699974884	5.079195976257324	11	10
465	466	485	486	-14.69894558770941	4.800100326538086	11	10
464	465	486	487	-20.60576727545107	5.318167686462402	11	10
463	464	487	488	-17.303187699459265	4.768030166625977	11	10
462	463	488	489	-13.698001076854007	5.3929595947265625	11	10
461	462	489	490	-14.725660077681452	4.100682735443115	11	10
460	461	490	491	12.289184992564085	5.50123929977417	11	10
459	460	491	492	9.533018855882657	4.574690818786621	11	10
458	459	492	493	-23.700977203221278	4.945981025695801	11	10
457	458	493	494	-15.235272719322328	4.619087219238281	11	10
494	495	502	503	-72.35613592959719	5.5205559730529785	12	11
493	494	504	505	6.822350549398232	4.326488018035889	12	11
492	493	505	506	0.21368547156508316	5.567933559417725	12	11
491	492	506	507	-3.3675079778270534	4.131207466125488	12	11
490	491	507	508	9.28833746228774	5.4095458984375	12	11
489	490	508	509	14.878969938802692	4.371696949005127	12	11
487	488	509	510	59.99622745586018	5.49388313293457	12	11
511	512	527	528	-18.208324607510875	5.231461048126221	13	12
510	511	528	529	-17.633286062833406	4.303504467010498	13	12
509	510	529	530	1.9441839519954753	4.688085556030273	13	12
508	509	530	531	-22.708890251142513	4.767736911773682	13	12
507	508	531	532	-17.337327553946245	5.132538318634033	13	12
506	507	532	533	-15.463292735382977	4.757850170135498	13	12
505	506	533	534	-2.812193814209236	5.452953338623047	13	12
504	505	534	535	-15.576431916895082	4.434035778045654	13	12
503	504	535	536	-27.47744377075146	5.37761116027832	13	12
502	503	536	537	-20.894992295855246	4.003859996795654	13	12
501	502	537	538	-16.958950332950085	4.941364765167236	13	12
500	501	538	539	-19.728045042054124	4.626346111297607	13	12
538	539	546	547	6.256591779401379	5.063437461853027	14	13
537	538	547	548	-11.313385206681112	4.952959060668945	14	13
536	537	548	549	7.836677829737929	4.3621931076049805	14	13
534	535	549	550	21.929594697230428	5.21096658706665	14	13
534	535	550	551	-30.08354905337686	3.945890188217163	14	13
533	534	551	552	-13.261710326969867	5.532966136932373	14	13
532	533	552	553	-2.9728995216956133	4.232449531555176	14	13
531	532	553	554	4.229180180958443	5.308056831359863	14	13
530	531	554	555	-15.695735996401362	4.402818202972412	14	13
529	530	555	556	-20.060932414045077	5.402772903442383	14	13
528	529	556	557	-35.47179864631488	4.643080234527588	14	13
527	528	557	558	-22.64467584922871	5.201186656951904	14	13
560	561	571	572	-39.16638728562583	5.461846828460693	15	14
559	560	572	573	-37.35212543628691	4.49591064453125	15	14
557	558	573	574	-55.98518886757314	4.4239115715026855	15	14
558	559	574	575	-90.4546811517273	4.358349323272705	15	14
556	557	575	576	2.4940596740862357	4.739047050476074	15	14
555	556	576	577	-12.255748874392166	5.1522216796875	15	14
554	555	577	578	-13.890834906014664	4.408805847167969	15	14
553	554	578	579	-14.748833090242682	5.102819919586182	15	14
552	553	579	580	-3.294283964706727	4.490438461303711	15	14
551	552	580	581	-16.20373442362975	5.660877227783203	15	14
550	551	581	582	-18.191112277926972	4.50712776184082	15	14
549	550	582	583	-5.95409869782513	5.258828639984131	15	14
548	549	583	584	-5.642529404650627	4.714016437530518	15	14
547	548	584	585	3.1795482158060437	5.323719501495361	15	14
546	547	585	586	8.433979706443518	4.333301067352295	15	14
588	589	593	594	-38.395623646861594	5.399500370025635	16	15
587	588	594	595	-13.69929576542988	4.654608726501465	16	15
586	587	595	596	3.938503947523886	5.452785968780518	16	15
585	586	596	597	6.542736990460223	4.528844356536865	16	15
584	585	597	598	-20.665393041607423	5.391414165496826	16	15
583	584	598	599	2.83363824216991	4.38087272644043	16	15
582	583	599	600	0.12608015817485005	5.122158050537109	16	15
581	582	600	601	4.874411730253788	4.6668314933776855	16	15
580	581	601	602	17.356987764965833	5.09263801574707	16	15
579	580	602	603	-34.22298790888196	4.557271480560303	16	15
578	579	603	604	-7.679456664352169	5.126619338989258	16	15
577	578	604	605	-10.941374445206089	4.214667797088623	16	15
576	577	605	606	-27.078295980541053	5.453612804412842	16	15
575	576	606	607	-53.34975785524867	4.558956146240234	16	15
574	575	607	608	-11.835198489841115	5.499326705932617	16	15
601	602	622	623	-32.24632142640795	4.756222248077393	17	16
600	601	623	624	-8.421487356537893	5.043471813201904	17	16
599	600	624	625	-8.706474830450093	5.266640663146973	17	16
598	599	625	626	13.227782331573893	4.361074447631836	17	16
596	597	626	627	53.83558033871814	5.2530646324157715	17	16
596	597	627	628	-11.991132430196043	4.167672157287598	17	16
595	596	628	629	-12.722212029028881	5.224822998046875	17	16
594	595	629	630	-13.250460592071006	4.580441951751709	17	16
593	594	630	631	-18.092658996608822	5.353719234466553	17	16
592	593	631	632	-20.065604348806737	4.822116851806641	17	16
632	633	641	642	-15.033972850626862	5.382386684417725	18	17
631	632	642	643	-18.55933831367991	4.25421142578125	18	17
630	631	643	644	-12.061239043543974	5.2896342277526855	18	17
629	630	644	645	-6.944870564845128	4.108578681945801	18	17
627	628	646	647	8.19302137699364	3.9216136932373047	18	17
626	627	647	648	8.193255353425977	5.557824611663818	18	17
625	626	648	649	-18.608347857587784	4.2931013107299805	18	17
624	625	649	650	9.172697701789241	5.092308521270752	18	17
623	624	650	651	-6.51435157228531	4.582605838775635	18	17
622	623	651	652	-7.241269568651974	4.87387752532959	18	17
653	654	662	663	-45.986351862113246	4.375395774841309	19	18
652	653	663	664	-5.178959771989125	5.336033344268799	19	18
651	652	664	665	1.8320823555612782	4.784460067749023	19	18
650	651	665	666	25.87900153790693	4.342392921447754	19	18
649	650	666	667	-11.407045671565948	5.617674350738525	19	18
648	649	667	668	-19.673356759230973	4.263585090637207	19	18
647	648	668	669	-20.354017276471644	5.2045512199401855	19	18
646	647	669	670	-28.508080510000294	4.346317291259766	19	18
645	646	670	671	-8.006456595873495	5.236711025238037	19	18
644	645	671	672	-5.276920292882558	4.064480304718018	19	18
643	644	672	673	-5.938632774235769	5.035580635070801	19	18
642	643	673	674	-9.486239884506883	4.751733303070068	19	18
641	642	674	675	-16.83454292869851	4.898654937744141	19	18
676	677	682	683	16.749932273332096	5.0826849937438965	20	19
676	677	685	686	-47.972750110793875	5.433834075927734	20	19
675	676	686	687	-13.705874697585562	4.536237716674805	20	19
674	675	687	688	-13.971975767933943	5.574784755706787	20	19
673	674	688	689	6.3960033525013005	4.281038761138916	20	19
672	673	689	690	1.7169342844928288	5.400203227996826	20	19
671	672	690	691	-20.39180538531839	4.483339786529541	20	19
670	671	691	692	8.028326035163241	5.210553169250488	20	19
669	670	692	693	-6.879431261109224	4.510287761688232	20	19
668	669	693	694	-141.31287099502907	5.076175689697266	20	19
668	669	694	695	-55.82518173668225	5.4945807456970215	20	19
702	703	708	709	40.6959000400192	5.359156608581543	21	20
702	703	709	710	-21.06597344051124	4.117782115936279	21	20
699	700	710	711	12.220359232687555	5.718626976013184	21	20
699	700	711	712	-56.34781023666588	4.467486381530762	21	20
700	701	712	713	-168.73054245662775	4.618680953979492	21	20
695	696	714	715	55.77959988974776	5.684381484985352	21	20
692	693	715	716	-4.18548019011755	4.490917682647705	21	20
691	692	716	717	-9.187137463469453	4.952637195587158	21	20
690	691	717	718	-10.890333230583655	4.489719390869141	21	20
689	690	718	719	-19.884447827566373	5.130790710449219	21	20
688	689	719	720	-25.323712399440833	4.513931751251221	21	20
687	688	720	721	-5.030403815838241	5.1490797996521	21	20
686	687	721	722	-15.665718377907206	4.451488494873047	21	20
