699	700	173	174	42.36539033996444	5.561097621917725	0	21
699	700	174	175	-16.16054245237404	4.0524582862854	0	21
697	698	175	176	41.12530326963067	5.438770294189453	0	21
697	698	176	177	-10.286404231127205	4.3487982749938965	0	21
696	697	177	178	-8.256774329282724	4.9508161544799805	0	21
177	178	182	183	-12.01941145980519	5.021777153015137	1	0
176	177	183	184	-15.090533379405818	4.7487287521362305	1	0
175	176	184	185	-34.30919192595749	5.004827499389648	1	0
174	175	185	186	-9.805418676496037	4.316244125366211	1	0
173	174	186	187	-10.665320650944983	5.094975471496582	1	0
172	173	187	188	-9.533254139637098	4.666692733764648	1	0
171	172	188	189	1.4940610737854598	5.263625621795654	1	0
170	171	189	190	7.7211316134426164	4.241159439086914	1	0
192	193	199	200	-25.880368191312247	5.028875827789307	2	1
191	192	200	201	-21.18688214019941	4.248390197753906	2	1
190	191	201	202	4.368246508416076	5.566863536834717	2	1
189	190	202	203	-14.746814903833451	4.170220375061035	2	1
188	189	203	204	-9.2139899932973	5.336877346038818	2	1
187	188	204	205	-0.768978941682296	4.564708232879639	2	1
186	187	205	206	-6.998715853791589	5.125551700592041	2	1
185	186	206	207	2.6510005379237964	4.2322468757629395	2	1
183	184	207	208	28.425230511805943	5.2545247077941895	2	1
183	184	208	209	-22.926519671402065	3.7133662700653076	2	1
209	210	218	219	-21.0455839419353	5.250116348266602	3	2
208	209	219	220	66.12256985656184	5.705338001251221	3	2
208	209	220	221	5.2147955977602685	4.330679893493652	3	2
207	208	221	222	6.037074912454824	5.336223602294922	3	2
206	207	222	223	6.697499531186901	4.490858554840088	3	2
205	206	223	224	9.837560664233996	4.991849899291992	3	2
204	205	224	225	-1.579179881847881	4.633640766143799	3	2
203	204	225	226	-12.467393418579686	5.130711078643799	3	2
202	203	226	227	-14.282497116927436	4.897899150848389	3	2
201	202	227	228	-7.981137149586986	5.0047125816345215	3	2
200	201	228	229	-4.701455318683538	4.868894577026367	3	2
199	200	229	230	-11.309113268098482	5.048917770385742	3	2
198	199	230	231	-15.536758106529456	4.615993499755859	3	2
230	231	236	237	13.329652375637528	4.790252685546875	4	3
229	230	237	238	1.3275069002811843	5.181421756744385	4	3
228	229	238	239	-15.207702342040571	4.394435882568359	4	3
227	228	239	240	-12.575882349659894	4.982734203338623	4	3
226	227	240	241	2.401548557117897	4.669724464416504	4	3
225	226	241	242	-8.089960930502452	5.203255653381348	4	3
224	225	242	243	0.5038270934355814	4.122127056121826	4	3
223	224	243	244	-2.0215851074260502	5.223130702972412	4	3
222	223	244	245	6.113257957035306	4.516773700714111	4	3
221	222	245	246	8.799307730154307	4.9228739738464355	4	3
220	221	246	247	-4.009227214636271	4.7759575843811035	4	3
219	220	247	248	-12.43518917312711	4.9566650390625	4	3
218	219	248	249	-15.449058365192089	4.7053542137146	4	3
248	249	279	280	7.213112194724207	4.454128742218018	5	4
247	248	280	281	-0.6329977384225604	5.394432067871094	5	4
246	247	281	282	1.5757606692937536	4.327105522155762	5	4
245	246	282	283	-5.408995985424989	5.260052680969238	5	4
244	245	283	284	-20.866114863117566	4.675896644592285	5	4
243	244	284	285	-7.267146079106992	5.129222869873047	5	4
242	243	285	286	0.8908272632125156	4.544548034667969	5	4
241	242	286	287	0.45306635038762827	5.481178283691406	5	4
240	241	287	288	1.6900301163181133	4.028940677642822	5	4
239	240	288	289	-11.272091702315539	5.407393455505371	5	4
238	239	289	290	-10.070697693235081	4.536550045013428	5	4
237	238	290	291	-7.384959044404364	5.184691429138184	5	4
236	237	291	292	-8.196547442404988	4.573557376861572	5	4
294	295	299	300	-36.40212627201347	5.550793170928955	6	5
293	294	300	301	-14.981363892812368	4.453207015991211	6	5
292	293	301	302	-15.945767015179293	5.277377128601074	6	5
291	292	302	303	-3.38362921082438	4.368005752563477	6	5
290	291	303	304	-8.496211894310038	5.2724809646606445	6	5
289	290	304	305	-6.523978091499727	4.240260601043701	6	5
288	289	305	306	-10.242762242712937	5.438157558441162	6	5
287	288	306	307	5.5751186516254725	3.8144824504852295	6	5
285	286	307	308	32.24022463931563	5.693866729736328	6	5
285	286	308	309	0.20187567416090904	3.985501289367676	6	5
284	285	309	310	-5.417207751155104	5.362496376037598	6	5
283	284	310	311	-6.12107431380157	4.700592041015625	6	5
282	283	311	312	-4.102800031878726	5.116462230682373	6	5
281	282	312	313	-7.934790632059796	4.490986347198486	6	5
280	281	313	314	-1.0162924690628579	5.27346134185791	6	5
279	280	314	315	-2.924230889705836	4.383576393127441	6	5
320	321	330	331	-21.458984154639406	5.052663326263428	7	6
319	320	331	332	-15.483333315428116	4.079993724822998	7	6
316	317	332	333	-19.748517987314802	5.515995502471924	7	6
316	317	333	334	-65.15114069824732	4.174745559692383	7	6
317	318	334	335	-92.82442001149468	5.258734703063965	7	6
314	315	335	336	11.56385206924131	4.753931045532227	7	6
313	314	336	337	1.0814565629967607	5.247395992279053	7	6
312	313	337	338	3.8566551085583236	4.434823513031006	7	6
311	312	338	339	-11.243158656038771	5.355318069458008	7	6
310	311	339	340	-2.32843060982415	4.689541816711426	7	6
309	310	340	341	-4.699958466842482	5.27418327331543	7	6
308	309	341	342	-23.273649133679545	4.69692325592041	7	6
307	308	342	343	-5.831559255335934	5.205252647399902	7	6
306	307	343	344	-28.340497971762158	4.316005706787109	7	6
305	306	344	345	-8.676070111918268	5.262868881225586	7	6
304	305	345	346	1.883315696940851	4.40533447265625	7	6
303	304	346	347	1.637439626130538	5.085367202758789	7	6
302	303	347	348	10.552268270110293	4.081671714782715	7	6
301	302	348	349	-27.615672306039883	5.554929733276367	7	6
300	301	349	350	-25.656018866162565	4.39082145690918	7	6
299	300	350	351	-12.602330333283753	5.293407440185547	7	6
298	299	351	352	8.310751528547067	4.322769641876221	7	6
352	353	360	361	-2.993920885821352	5.347258567810059	8	7
351	352	361	362	-31.04511585997333	4.606664180755615	8	7
350	351	362	363	-16.45340586664495	5.491647720336914	8	7
349	350	363	364	-6.761805277875528	4.332452774047852	8	7
347	348	364	365	-4.107569838789766	5.379485607147217	8	7
347	348	365	366	-33.773504556201054	3.9445135593414307	8	7
346	347	366	367	-12.03435875163751	5.545533180236816	8	7
345	346	367	368	-1.931743264117212	4.403753757476807	8	7
344	345	368	369	6.477714877733629	5.079801082611084	8	7
343	344	369	370	-3.7366367065367228	4.468338489532471	8	7
342	343	370	371	-12.724460709474423	5.331225872039795	8	7
341	342	371	372	-9.143926478344998	4.261269569396973	8	7
340	341	372	373	-14.876546981018876	5.323825836181641	8	7
339	340	373	374	-1.8462629381172546	4.205389022827148	8	7
338	339	374	375	-0.7809612854740193	5.364294528961182	8	7
337	338	375	376	-16.42863810324187	4.3741631507873535	8	7
336	337	376	377	-10.977976658701532	4.96174955368042	8	7
335	336	377	378	24.364464632659498	4.143031120300293	8	7
334	335	378	379	29.864768855814855	5.145172595977783	8	7
333	334	379	380	-49.02045077121068	5.44061803817749	8	7
331	332	387	388	-43.95163920312595	4.373622417449951	8	7
375	376	410	411	19.46521278632824	5.102056980133057	9	8
374	375	411	412	-19.36762010621685	5.609600067138672	9	8
373	374	412	413	-26.39363520458684	4.632950305938721	9	8
372	373	413	414	-25.10873673342629	5.259745121002197	9	8
371	372	414	415	-4.357612347536023	4.594683647155762	9	8
370	371	415	416	4.84431226344494	5.445132255554199	9	8
369	370	416	417	-1.0531361482552366	4.421910285949707	9	8
368	369	417	418	-6.761708751456917	5.107316970825195	9	8
367	368	418	419	2.3267458192686683	4.419763088226318	9	8
366	367	419	420	-11.298108450836352	5.103984355926514	9	8
365	366	420	421	-21.32972819763174	4.471344947814941	9	8
364	365	421	422	-6.000981604678521	5.282757759094238	9	8
363	364	422	423	-2.3402419898645306	4.535996437072754	9	8
362	363	423	424	-3.259633088694107	5.476465225219727	9	8
361	362	424	425	-21.366615930086013	4.097585201263428	9	8
360	361	425	426	-15.852213395814102	5.106922149658203	9	8
359	360	426	427	-27.09588874647632	4.870945453643799	9	8
427	428	433	434	-15.874036604717311	5.186420440673828	10	9
426	427	434	435	-18.477578143110872	4.536228179931641	10	9
425	426	435	436	-21.878667935167787	5.085659503936768	10	9
424	425	436	437	-18.075558124700382	4.1325836181640625	10	9
422	423	437	438	29.821735697184018	5.475402355194092	10	9
422	423	438	439	14.911520519800487	3.8960044384002686	10	9
421	422	439	440	-6.6407003222355065	5.637825965881348	10	9
420	421	440	441	-11.604829829027938	4.0428690910339355	10	9
419	420	441	442	1.383598442369316	5.197756767272949	10	9
418	419	442	443	-23.98653471919279	4.3882317543029785	10	9
417	418	443	444	-7.405604845803714	5.213242530822754	10	9
416	417	444	445	-5.1516542869817235	4.2925286293029785	10	9
415	416	445	446	-7.971109938933122	5.2512712478637695	10	9
414	415	446	447	-6.519981701563708	4.519787311553955	10	9
442	443	458	459	23.80451096525017	5.6021223068237305	11	10
442	443	459	460	-11.892280909661203	4.33243465423584	11	10
441	442	460	461	-27.77938741528216	5.43463659286499	11	10
440	441	461	462	-24.511386938145066	4.531605243682861	11	10
439	440	462	463	-11.190919223014825	5.336918830871582	11	10
438	439	463	464	-26.07305149543249	4.0999755859375	11	10
437	438	464	465	-4.057517481874838	5.344457626342773	11	10
436	437	465	466	1.467693627120702	4.6552276611328125	11	10
435	436	466	467	-11.685104451382784	5.017948627471924	11	10
434	435	467	468	-5.208845808834074	4.58055305480957	11	10
433	434	468	469	-9.696801213049257	5.115156173706055	11	10
432	433	469	470	-5.862185263066133	4.652378082275391	11	10
470	471	475	476	-41.806758479248714	5.565713882446289	12	11
469	470	476	477	-22.5245238324586	4.404667377471924	12	11
468	469	477	478	-17.86118332944164	5.244980335235596	12	11
467	468	478	479	5.838832151743086	4.279560565948486	12	11
466	467	479	480	-7.33673788390897	5.363511085510254	12	11
465	466	480	481	5.117022103965336	4.0986247062683105	12	11
464	465	481	482	22.490127906108103	5.323765277862549	12	11
463	464	482	483	18.533194772309823	4.492221832275391	12	11
485	486	505	506	-30.282129915578604	5.122433662414551	13	12
484	485	506	507	-34.66903559071841	5.046210289001465	13	12
483	484	507	508	-17.56899236668002	4.667478084564209	13	12
482	483	508	509	-35.617070247601	4.438552379608154	13	12
481	482	509	510	-10.326462853517345	5.454278945922852	13	12
480	481	510	511	-11.465496049201034	4.716971397399902	13	12
479	480	511	512	-0.4067716080720973	5.216191291809082	13	12
478	479	512	513	-20.683547191195732	4.395199775695801	13	12
477	478	513	514	-19.157463565972183	5.184117317199707	13	12
476	477	514	515	-12.51488530118095	4.525862216949463	13	12
475	476	515	516	-9.94596894668168	5.141934394836426	13	12
474	475	516	517	-11.773826977098178	4.66588830947876	13	12
516	517	522	523	1.411037965140417	4.42264461517334	14	13
515	516	523	524	-5.948481334015278	5.132043361663818	14	13
514	515	524	525	-10.431159149829236	4.55390739440918	14	13
513	514	525	526	1.3784606441138676	5.1200690269470215	14	13
512	513	526	527	-11.338701171535481	3.967566728591919	14	13
511	512	527	528	-12.226709932937302	5.394563674926758	14	13
510	511	528	529	-2.3840643065379687	4.344362735748291	14	13
509	510	529	530	-6.038099888788673	5.428459167480469	14	13
508	509	530	531	-15.203771431600913	4.299492359161377	14	13
507	508	531	532	-1.6567836954837583	5.3660078048706055	14	13
506	507	532	533	-1.817814326074276	4.3979268074035645	14	13
537	538	548	549	-35.71629593004905	5.425890922546387	15	14
536	537	549	550	-42.31826417894555	4.306049346923828	15	14
534	535	550	551	28.848969424890516	5.525774955749512	15	14
534	535	551	552	-66.56048353396457	4.114902973175049	15	14
533	534	553	554	-37.278478331475505	4.455788612365723	15	14
532	533	554	555	-23.569429287528877	4.349267482757568	15	14
531	532	555	556	-17.025777076290765	5.307069301605225	15	14
530	531	556	557	-18.385130293733614	4.361832618713379	15	14
529	530	557	558	-7.091999990622749	5.143655300140381	15	14
528	529	558	559	-10.872355074933022	4.364858627319336	15	14
527	528	559	560	-9.903983252466404	5.325603485107422	15	14
526	527	560	561	-20.107957392344648	4.399024486541748	15	14
525	526	561	562	-2.44986564412797	5.298423767089844	15	14
524	525	562	563	-6.530385160017975	4.603265285491943	15	14
523	524	563	564	-25.100678705027637	5.324766635894775	15	14
522	523	564	565	-8.119761081493374	4.359406471252441	15	14
521	522	565	566	-23.752321526731418	5.497182369232178	15	14
520	521	566	567	66.79402063655127	4.460816383361816	15	14
566	567	572	573	0.48340558146365853	5.583607196807861	16	15
566	567	573	574	-58.99391106709043	4.419277667999268	16	15
564	565	574	575	70.20801100540503	5.731827735900879	16	15
564	565	575	576	19.64119281936143	4.230295658111572	16	15
562	563	576	577	0.8143298622711183	5.523200035095215	16	15
562	563	577	578	19.060304527761897	3.9745185375213623	16	15
561	562	578	579	-9.314509278265868	5.351667404174805	16	15
560	561	579	580	2.3419958941428876	4.5010294914245605	16	15
559	560	580	581	6.600430507484738	5.3915629386901855	16	15
558	559	581	582	-18.89279859310351	4.348599433898926	16	15
557	558	582	583	-2.956001735385975	5.1329026222229	16	15
556	557	583	584	-17.67380563238159	4.232797145843506	16	15
555	556	584	585	-23.265706959700573	5.2269721031188965	16	15
554	555	585	586	-51.009434477208806	4.480886936187744	16	15
554	555	586	587	28.37263177612796	5.573323726654053	16	15
580	581	603	604	-21.739002479143984	4.610188007354736	17	16
579	580	604	605	-3.874451076098665	4.859554767608643	17	16
578	579	605	606	-0.14197958665152335	5.375100612640381	17	16
577	578	606	607	-13.778453373845343	4.513247013092041	17	16
575	576	607	608	29.39473214556016	5.0378289222717285	17	16
575	576	608	609	-29.382368458227774	4.412861347198486	17	16
574	575	609	610	-9.308591148326858	5.228749752044678	17	16
573	574	610	611	-3.1059687880710056	4.561432838439941	17	16
572	573	611	612	-10.401520168137202	4.978972434997559	17	16
571	572	612	613	-17.976821437550058	4.719328880310059	17	16
613	614	621	622	-20.032218381518483	5.3626861572265625	18	17
612	613	622	623	-27.012802387492176	4.414016246795654	18	17
611	612	623	624	-17.349796157434994	5.296968936920166	18	17
610	611	624	625	-8.49719811546985	4.366104602813721	18	17
609	610	625	626	-12.350687204962231	5.431008338928223	18	17
608	609	626	627	2.9798982587077094	4.346673488616943	18	17
607	608	627	628	10.213364096307773	5.374938011169434	18	17
606	607	628	629	-5.992200154197996	4.663479328155518	18	17
605	606	629	630	-8.898270652437287	5.215657711029053	18	17
604	605	630	631	-2.930053205831853	4.51547384262085	18	17
603	604	631	632	3.4564687763077395	5.356500625610352	18	17
634	635	641	642	-45.61288003829487	5.2882490158081055	19	18
633	634	642	643	-24.514412300303405	4.066582202911377	19	18
632	633	643	644	-8.514903329466984	5.554213523864746	19	18
631	632	644	645	-18.604444477709947	4.203761100769043	19	18
630	631	645	646	19.195326734655225	3.7968811988830566	19	18
629	630	646	647	-3.7600606669686503	5.656399250030518	19	18
628	629	647	648	-5.633056045598349	4.224202632904053	19	18
627	628	648	649	-15.57402119072597	5.195836544036865	19	18
626	627	649	650	-11.375282374501158	4.769969463348389	19	18
625	626	650	651	-9.129355414425072	4.8932976722717285	19	18
624	625	651	652	-13.85033670627523	4.38883638381958	19	18
623	624	652	653	-19.72003474395352	4.732088565826416	19	18
622	623	653	654	-9.76246738959492	4.592899799346924	19	18
621	622	654	655	-16.570621377322627	4.956480026245117	19	18
620	621	655	656	-13.808821205721975	4.642465591430664	19	18
656	657	664	665	-14.311975407571063	5.483458995819092	20	19
655	656	665	666	-6.916309268894867	4.398657321929932	20	19
654	655	666	667	-2.9790585539967127	5.09060525894165	20	19
653	654	667	668	-6.295162758322332	4.497405529022217	20	19
652	653	668	669	1.0287415486183467	5.345047473907471	20	19
651	652	669	670	-15.805513851843656	4.223891258239746	20	19
650	651	670	671	10.910283283063597	5.426401138305664	20	19
649	650	671	672	-9.177553657219361	4.489894866943359	20	19
648	649	672	673	-137.8307619618021	5.285512924194336	20	19
649	650	673	674	-1.5696152121666416	5.587028503417969	20	19
677	678	689	690	-83.09723523299009	5.613715648651123	21	20
677	678	690	691	-14.750122996015415	5.678772449493408	21	20
674	675	692	693	50.35561616447732	5.206392288208008	21	20
674	675	693	694	-53.313173193780834	4.624971866607666	21	20
670	671	694	695	-19.577701972239478	5.18979024887085	21	20
669	670	695	696	-18.521430211217602	4.685156345367432	21	20
668	669	696	697	-7.198040531140397	5.064480781555176	21	20
667	668	697	698	-2.2808805352767285	4.6745171546936035	21	20
666	667	698	699	-10.95659163852468	5.1975908279418945	21	20
665	666	699	700	-8.27584467589951	4.652564525604248	21	20
