264	265	38	39	-18.1863440219659	5.499770164489746	0	11
263	264	39	40	-5.247713071810612	4.088913917541504	0	11
262	263	40	41	9.136565556296862	5.523892402648926	0	11
261	262	41	42	-59.90399132275011	3.8403213024139404	0	11
259	260	42	43	11.259398836322328	5.157816410064697	0	11
259	260	43	44	-25.806115800045735	3.8095085620880127	0	11
258	259	44	45	-12.617822171824024	5.545702934265137	0	11
257	258	45	46	-23.95579834786954	4.236344814300537	0	11
42	43	66	67	-30.742927964064652	5.180849075317383	1	0
41	42	67	68	-35.01164324874061	4.543947219848633	1	0
40	41	68	69	-17.593776599543766	5.34298849105835	1	0
39	40	69	70	11.77346420489791	4.186049938201904	1	0
37	38	70	71	105.54026891126638	5.256663799285889	1	0
37	38	71	72	35.912775724187156	4.974132537841797	1	0
35	36	72	73	3.120729878580567	5.162625789642334	1	0
79	80	86	87	-27.350807944616033	4.9037346839904785	2	1
78	79	87	88	-2.953572385615161	4.429455280303955	2	1
77	78	88	89	25.301601429549905	5.000755786895752	2	1
75	76	89	90	-12.05305618010802	4.526623725891113	2	1
74	75	90	91	-26.210673509309288	5.14716100692749	2	1
73	74	91	92	-11.499858398884436	4.136597156524658	2	1
72	73	92	93	5.16558380457326	5.267919063568115	2	1
71	72	93	94	0.162183332728644	4.237209796905518	2	1
70	71	94	95	-8.044597823462588	5.141953945159912	2	1
69	70	95	96	-21.46896899165773	4.489116191864014	2	1
68	69	96	97	-6.466588727119678	5.40519380569458	2	1
96	97	110	111	-33.403284599534814	5.705276012420654	3	2
96	97	111	112	0.6357630509831382	5.309167385101318	3	2
95	96	112	113	-7.894409610315796	4.223501205444336	3	2
94	95	113	114	-0.9519079986678695	5.168008804321289	3	2
93	94	114	115	-19.385856537001505	4.822048664093018	3	2
92	93	115	116	-11.208580717593629	4.885546684265137	3	2
91	92	116	117	-14.142396072683791	4.334731101989746	3	2
90	91	117	118	-9.093000072005449	5.025557994842529	3	2
89	90	118	119	-31.254469313669187	4.42929744720459	3	2
88	89	119	120	-32.40043948897383	5.282067775726318	3	2
87	88	120	121	-26.88384690977752	4.622006893157959	3	2
86	87	121	122	-15.181128015817603	5.264034748077393	3	2
123	124	134	135	-50.14717433693228	4.711891174316406	4	3
122	123	135	136	-21.447873256928563	4.98212194442749	4	3
121	122	136	137	-2.726538704241931	5.220228672027588	4	3
120	121	137	138	-8.050921339634016	4.013368129730225	4	3
119	120	138	139	-23.930708939783067	5.4178786277771	4	3
118	119	139	140	-0.6601938862402953	3.7994158267974854	4	3
117	118	140	141	-6.756458454635659	5.335665702819824	4	3
116	117	141	142	-24.33295377248584	4.5673394203186035	4	3
114	115	142	143	56.36821330198069	5.533995628356934	4	3
114	115	143	144	-5.614264942629634	4.526206016540527	4	3
113	114	144	145	-44.132383081505765	5.700821399688721	4	3
143	144	153	154	49.211741043373614	5.632675647735596	5	4
143	144	154	155	10.682078126731911	4.1168060302734375	5	4
142	143	155	156	-17.649079751758993	5.604405879974365	5	4
141	142	156	157	-8.786684571597736	4.793485164642334	5	4
140	141	157	158	-22.536493573815548	5.096576690673828	5	4
139	140	158	159	-40.7532560843166	4.5762457847595215	5	4
138	139	159	160	-13.223922172606377	5.537724494934082	5	4
137	138	160	161	-19.678580485559106	4.281904220581055	5	4
136	137	161	162	-6.576029508311755	5.019088268280029	5	4
135	136	162	163	4.699509485690726	4.92526388168335	5	4
134	135	163	164	13.749913279517957	4.868531703948975	5	4
132	133	164	165	-19.384227756186526	4.003462791442871	5	4
164	165	169	170	35.68531056450516	5.548864364624023	6	5
164	165	170	171	-25.788857480869417	4.441463947296143	6	5
163	164	171	172	-13.388785017801212	5.494300365447998	6	5
162	163	172	173	-12.43033684085394	4.3898024559021	6	5
161	162	173	174	-11.090703761740912	5.326107978820801	6	5
160	161	174	175	-14.782625595214114	4.4123663902282715	6	5
158	159	176	177	-21.474641117727742	4.114060878753662	6	5
157	158	177	178	-29.05800068019871	5.358780384063721	6	5
156	157	178	179	-60.897347781048964	4.383954048156738	6	5
175	176	194	195	-31.667667413233037	5.652973651885986	7	6
174	175	195	196	2.323360746092707	3.9013140201568604	7	6
173	174	196	197	-9.699506173622634	4.945042133331299	7	6
172	173	197	198	-9.208934037907568	4.696658134460449	7	6
171	172	198	199	-10.531739835663926	4.907013893127441	7	6
170	171	199	200	-7.730467550731886	4.637869358062744	7	6
169	170	200	201	-12.39649633956918	4.927070617675781	7	6
168	169	201	202	-19.09968075134173	4.799022197723389	7	6
201	202	207	208	-23.4901646693142	4.735374450683594	8	7
200	201	208	209	-14.145433322490904	5.095738410949707	8	7
199	200	209	210	-4.537634264772702	4.303605556488037	8	7
198	199	210	211	-1.357298612654087	5.029512405395508	8	7
197	198	211	212	-2.6472535848168848	4.367436408996582	8	7
196	197	212	213	-39.200120171783894	5.588047027587891	8	7
212	213	221	222	-17.749717914258166	5.595269203186035	9	8
211	212	222	223	31.148236171637336	5.644186019897461	9	8
211	212	223	224	-15.733964215755352	4.111489295959473	9	8
210	211	224	225	-10.76494162091496	5.0150299072265625	9	8
209	210	225	226	-18.91079973337731	4.679801940917969	9	8
208	209	226	227	-16.761446231597077	4.949820518493652	9	8
207	208	227	228	-5.661313119114244	4.583554267883301	9	8
228	229	236	237	-62.763878895184526	5.402260780334473	10	9
227	228	237	238	39.94142338855122	5.352100849151611	10	9
227	228	238	239	-17.89038684820382	4.41349458694458	10	9
226	227	239	240	-3.9526358280741722	5.341090202331543	10	9
225	226	240	241	-13.878532078501514	4.527174472808838	10	9
224	225	241	242	-9.001182624694698	5.192075252532959	10	9
223	224	242	243	-19.383437916490326	4.211047172546387	10	9
222	223	243	244	-6.169279901435283	5.459561347961426	10	9
221	222	244	245	58.83413733188091	3.8135364055633545	10	9
243	244	256	257	8.865056638771309	5.5973639488220215	11	10
242	243	257	258	-4.131246119596173	4.118526458740234	11	10
241	242	258	259	-11.478386391391766	4.997520446777344	11	10
240	241	259	260	-7.196413072636841	4.485166072845459	11	10
239	240	260	261	-16.651137819089698	5.24636173248291	11	10
238	239	261	262	-9.132791902945407	4.553427696228027	11	10
237	238	262	263	-57.270472540935074	5.344104290008545	11	10
236	237	263	264	-42.718003599113565	4.9893693923950195	11	10
235	236	264	265	-38.204223271048896	4.926469802856445	11	10
264	265	38	39	-18.1863440219659	5.499770164489746	0	11
263	264	39	40	-5.247713071810612	4.088913917541504	0	11
262	263	40	41	9.136565556296862	5.523892402648926	0	11
261	262	41	42	-59.90399132275011	3.8403213024139404	0	11
259	260	42	43	11.259398836322328	5.157816410064697	0	11
259	260	43	44	-25.806115800045735	3.8095085620880127	0	11
258	259	44	45	-12.617822171824024	5.545702934265137	0	11
257	258	45	46	-23.95579834786954	4.236344814300537	0	11
42	43	66	67	-30.742927964064652	5.180849075317383	1	0
41	42	67	68	-35.01164324874061	4.543947219848633	1	0
40	41	68	69	-17.593776599543766	5.34298849105835	1	0
39	40	69	70	11.77346420489791	4.186049938201904	1	0
37	38	70	71	105.54026891126638	5.256663799285889	1	0
37	38	71	72	35.912775724187156	4.974132537841797	1	0
35	36	72	73	3.120729878580567	5.162625789642334	1	0
79	80	86	87	-27.350807944616033	4.9037346839904785	2	1
78	79	87	88	-2.953572385615161	4.429455280303955	2	1
77	78	88	89	25.301601429549905	5.000755786895752	2	1
75	76	89	90	-12.05305618010802	4.526623725891113	2	1
74	75	90	91	-26.210673509309288	5.14716100692749	2	1
73	74	91	92	-11.499858398884436	4.136597156524658	2	1
72	73	92	93	5.16558380457326	5.267919063568115	2	1
71	72	93	94	0.162183332728644	4.237209796905518	2	1
70	71	94	95	-8.044597823462588	5.141953945159912	2	1
69	70	95	96	-21.46896899165773	4.489116191864014	2	1
68	69	96	97	-6.466588727119678	5.40519380569458	2	1
96	97	110	111	-33.403284599534814	5.705276012420654	3	2
96	97	111	112	0.6357630509831382	5.309167385101318	3	2
95	96	112	113	-7.894409610315796	4.223501205444336	3	2
94	95	113	114	-0.9519079986678695	5.168008804321289	3	2
93	94	114	115	-19.385856537001505	4.822048664093018	3	2
92	93	115	116	-11.208580717593629	4.885546684265137	3	2
91	92	116	117	-14.142396072683791	4.334731101989746	3	2
90	91	117	118	-9.093000072005449	5.025557994842529	3	2
89	90	118	119	-31.254469313669187	4.42929744720459	3	2
88	89	119	120	-32.40043948897383	5.282067775726318	3	2
87	88	120	121	-26.88384690977752	4.622006893157959	3	2
86	87	121	122	-15.181128015817603	5.264034748077393	3	2
123	124	134	135	-50.14717433693228	4.711891174316406	4	3
122	123	135	136	-21.447873256928563	4.98212194442749	4	3
121	122	136	137	-2.726538704241931	5.220228672027588	4	3
120	121	137	138	-8.050921339634016	4.013368129730225	4	3
119	120	138	139	-23.930708939783067	5.4178786277771	4	3
118	119	139	140	-0.6601938862402953	3.7994158267974854	4	3
117	118	140	141	-6.756458454635659	5.335665702819824	4	3
116	117	141	142	-24.33295377248584	4.5673394203186035	4	3
114	115	142	143	56.36821330198069	5.533995628356934	4	3
114	115	143	144	-5.614264942629634	4.526206016540527	4	3
113	114	144	145	-44.132383081505765	5.700821399688721	4	3
143	144	153	154	49.211741043373614	5.632675647735596	5	4
143	144	154	155	10.682078126731911	4.1168060302734375	5	4
142	143	155	156	-17.649079751758993	5.604405879974365	5	4
141	142	156	157	-8.786684571597736	4.793485164642334	5	4
140	141	157	158	-22.536493573815548	5.096576690673828	5	4
139	140	158	159	-40.7532560843166	4.5762457847595215	5	4
138	139	159	160	-13.223922172606377	5.537724494934082	5	4
137	138	160	161	-19.678580485559106	4.281904220581055	5	4
136	137	161	162	-6.576029508311755	5.019088268280029	5	4
135	136	162	163	4.699509485690726	4.92526388168335	5	4
134	135	163	164	13.749913279517957	4.868531703948975	5	4
132	133	164	165	-19.384227756186526	4.003462791442871	5	4
164	165	169	170	35.68531056450516	5.548864364624023	6	5
164	165	170	171	-25.788857480869417	4.441463947296143	6	5
163	164	171	172	-13.388785017801212	5.494300365447998	6	5
162	163	172	173	-12.43033684085394	4.3898024559021	6	5
161	162	173	174	-11.090703761740912	5.326107978820801	6	5
160	161	174	175	-14.782625595214114	4.4123663902282715	6	5
158	159	176	177	-21.474641117727742	4.114060878753662	6	5
157	158	177	178	-29.05800068019871	5.358780384063721	6	5
156	157	178	179	-60.897347781048964	4.383954048156738	6	5
175	176	194	195	-31.667667413233037	5.652973651885986	7	6
174	175	195	196	2.323360746092707	3.9013140201568604	7	6
173	174	196	197	-9.699506173622634	4.945042133331299	7	6
172	173	197	198	-9.208934037907568	4.696658134460449	7	6
171	172	198	199	-10.531739835663926	4.907013893127441	7	6
170	171	199	200	-7.730467550731886	4.637869358062744	7	6
169	170	200	201	-12.39649633956918	4.927070617675781	7	6
168	169	201	202	-19.09968075134173	4.799022197723389	7	6
201	202	207	208	-23.4901646693142	4.735374450683594	8	7
200	201	208	209	-14.145433322490904	5.095738410949707	8	7
199	200	209	210	-4.537634264772702	4.303605556488037	8	7
198	199	210	211	-1.357298612654087	5.029512405395508	8	7
197	198	211	212	-2.6472535848168848	4.367436408996582	8	7
196	197	212	213	-39.200120171783894	5.588047027587891	8	7
212	213	221	222	-17.749717914258166	5.595269203186035	9	8
211	212	222	223	31.148236171637336	5.644186019897461	9	8
211	212	223	224	-15.733964215755352	4.111489295959473	9	8
210	211	224	225	-10.76494162091496	5.0150299072265625	9	8
209	210	225	226	-18.91079973337731	4.679801940917969	9	8
208	209	226	227	-16.761446231597077	4.949820518493652	9	8
207	208	227	228	-5.661313119114244	4.583554267883301	9	8
228	229	236	237	-62.763878895184526	5.402260780334473	10	9
227	228	237	238	39.94142338855122	5.352100849151611	10	9
227	228	238	239	-17.89038684820382	4.41349458694458	10	9
226	227	239	240	-3.9526358280741722	5.341090202331543	10	9
225	226	240	241	-13.878532078501514	4.527174472808838	10	9
224	225	241	242	-9.001182624694698	5.192075252532959	10	9
223	224	242	243	-19.383437916490326	4.211047172546387	10	9
222	223	243	244	-6.169279901435283	5.459561347961426	10	9
221	222	244	245	58.83413733188091	3.8135364055633545	10	9
243	244	256	257	8.865056638771309	5.5973639488220215	11	10
242	243	257	258	-4.131246119596173	4.118526458740234	11	10
241	242	258	259	-11.478386391391766	4.997520446777344	11	10
240	241	259	260	-7.196413072636841	4.485166072845459	11	10
239	240	260	261	-16.651137819089698	5.24636173248291	11	10
238	239	261	262	-9.132791902945407	4.553427696228027	11	10
237	238	262	263	-57.270472540935074	5.344104290008545	11	10
236	237	263	264	-42.718003599113565	4.9893693923950195	11	10
235	236	264	265	-38.204223271048896	4.926469802856445	11	10
264	265	38	39	-18.1863440219659	5.499770164489746	0	11
263	264	39	40	-5.247713071810612	4.088913917541504	0	11
262	263	40	41	9.136565556296862	5.523892402648926	0	11
261	262	41	42	-59.90399132275011	3.8403213024139404	0	11
259	260	42	43	11.259398836322328	5.157816410064697	0	11
259	260	43	44	-25.806115800045735	3.8095085620880127	0	11
258	259	44	45	-12.617822171824024	5.545702934265137	0	11
257	258	45	46	-23.95579834786954	4.236344814300537	0	11
42	43	66	67	-30.742927964064652	5.180849075317383	1	0
41	42	67	68	-35.01164324874061	4.543947219848633	1	0
40	41	68	69	-17.593776599543766	5.34298849105835	1	0
39	40	69	70	11.77346420489791	4.186049938201904	1	0
37	38	70	71	105.54026891126638	5.256663799285889	1	0
37	38	71	72	35.912775724187156	4.974132537841797	1	0
35	36	72	73	3.120729878580567	5.162625789642334	1	0
79	80	86	87	-27.350807944616033	4.9037346839904785	2	1
78	79	87	88	-2.953572385615161	4.429455280303955	2	1
77	78	88	89	25.301601429549905	5.000755786895752	2	1
75	76	89	90	-12.05305618010802	4.526623725891113	2	1
74	75	90	91	-26.210673509309288	5.14716100692749	2	1
73	74	91	92	-11.499858398884436	4.136597156524658	2	1
72	73	92	93	5.16558380457326	5.267919063568115	2	1
71	72	93	94	0.162183332728644	4.237209796905518	2	1
70	71	94	95	-8.044597823462588	5.141953945159912	2	1
69	70	95	96	-21.46896899165773	4.489116191864014	2	1
68	69	96	97	-6.466588727119678	5.40519380569458	2	1
96	97	110	111	-33.403284599534814	5.705276012420654	3	2
96	97	111	112	0.6357630509831382	5.309167385101318	3	2
95	96	112	113	-7.894409610315796	4.223501205444336	3	2
94	95	113	114	-0.9519079986678695	5.168008804321289	3	2
93	94	114	115	-19.385856537001505	4.822048664093018	3	2
92	93	115	116	-11.208580717593629	4.885546684265137	3	2
91	92	116	117	-14.142396072683791	4.334731101989746	3	2
90	91	117	118	-9.093000072005449	5.025557994842529	3	2
89	90	118	119	-31.254469313669187	4.42929744720459	3	2
88	89	119	120	-32.40043948897383	5.282067775726318	3	2
87	88	120	121	-26.88384690977752	4.622006893157959	3	2
86	87	121	122	-15.181128015817603	5.264034748077393	3	2
123	124	134	135	-50.14717433693228	4.711891174316406	4	3
122	123	135	136	-21.447873256928563	4.98212194442749	4	3
121	122	136	137	-2.726538704241931	5.220228672027588	4	3
120	121	137	138	-8.050921339634016	4.013368129730225	4	3
119	120	138	139	-23.930708939783067	5.4178786277771	4	3
118	119	139	140	-0.6601938862402953	3.7994158267974854	4	3
117	118	140	141	-6.756458454635659	5.335665702819824	4	3
116	117	141	142	-24.33295377248584	4.5673394203186035	4	3
114	115	142	143	56.36821330198069	5.533995628356934	4	3
114	115	143	144	-5.614264942629634	4.526206016540527	4	3
113	114	144	145	-44.132383081505765	5.700821399688721	4	3
143	144	153	154	49.211741043373614	5.632675647735596	5	4
143	144	154	155	10.682078126731911	4.1168060302734375	5	4
142	143	155	156	-17.649079751758993	5.604405879974365	5	4
141	142	156	157	-8.786684571597736	4.793485164642334	5	4
140	141	157	158	-22.536493573815548	5.096576690673828	5	4
139	140	158	159	-40.7532560843166	4.5762457847595215	5	4
138	139	159	160	-13.223922172606377	5.537724494934082	5	4
137	138	160	161	-19.678580485559106	4.281904220581055	5	4
136	137	161	162	-6.576029508311755	5.019088268280029	5	4
135	136	162	163	4.699509485690726	4.92526388168335	5	4
134	135	163	164	13.749913279517957	4.868531703948975	5	4
132	133	164	165	-19.384227756186526	4.003462791442871	5	4
164	165	169	170	35.68531056450516	5.548864364624023	6	5
164	165	170	171	-25.788857480869417	4.441463947296143	6	5
163	164	171	172	-13.388785017801212	5.494300365447998	6	5
162	163	172	173	-12.43033684085394	4.3898024559021	6	5
161	162	173	174	-11.090703761740912	5.326107978820801	6	5
160	161	174	175	-14.782625595214114	4.4123663902282715	6	5
158	159	176	177	-21.474641117727742	4.114060878753662	6	5
157	158	177	178	-29.05800068019871	5.358780384063721	6	5
156	157	178	179	-60.897347781048964	4.383954048156738	6	5
175	176	194	195	-31.667667413233037	5.652973651885986	7	6
174	175	195	196	2.323360746092707	3.9013140201568604	7	6
173	174	196	197	-9.699506173622634	4.945042133331299	7	6
172	173	197	198	-9.208934037907568	4.696658134460449	7	6
171	172	198	199	-10.531739835663926	4.907013893127441	7	6
170	171	199	200	-7.730467550731886	4.637869358062744	7	6
169	170	200	201	-12.39649633956918	4.927070617675781	7	6
168	169	201	202	-19.09968075134173	4.799022197723389	7	6
201	202	207	208	-23.4901646693142	4.735374450683594	8	7
200	201	208	209	-14.145433322490904	5.095738410949707	8	7
199	200	209	210	-4.537634264772702	4.303605556488037	8	7
198	199	210	211	-1.357298612654087	5.029512405395508	8	7
197	198	211	212	-2.6472535848168848	4.367436408996582	8	7
196	197	212	213	-39.200120171783894	5.588047027587891	8	7
212	213	221	222	-17.749717914258166	5.595269203186035	9	8
211	212	222	223	31.148236171637336	5.644186019897461	9	8
211	212	223	224	-15.733964215755352	4.111489295959473	9	8
210	211	224	225	-10.76494162091496	5.0150299072265625	9	8
209	210	225	226	-18.91079973337731	4.679801940917969	9	8
208	209	226	227	-16.761446231597077	4.949820518493652	9	8
207	208	227	228	-5.661313119114244	4.583554267883301	9	8
228	229	236	237	-62.763878895184526	5.402260780334473	10	9
227	228	237	238	39.94142338855122	5.352100849151611	10	9
227	228	238	239	-17.89038684820382	4.41349458694458	10	9
226	227	239	240	-3.9526358280741722	5.341090202331543	10	9
225	226	240	241	-13.878532078501514	4.527174472808838	10	9
224	225	241	242	-9.001182624694698	5.192075252532959	10	9
223	224	242	243	-19.383437916490326	4.211047172546387	10	9
222	223	243	244	-6.169279901435283	5.459561347961426	10	9
221	222	244	245	58.83413733188091	3.8135364055633545	10	9
243	244	256	257	8.865056638771309	5.5973639488220215	11	10
242	243	257	258	-4.131246119596173	4.118526458740234	11	10
241	242	258	259	-11.478386391391766	4.997520446777344	11	10
240	241	259	260	-7.196413072636841	4.485166072845459	11	10
239	240	260	261	-16.651137819089698	5.24636173248291	11	10
238	239	261	262	-9.132791902945407	4.553427696228027	11	10
237	238	262	263	-57.270472540935074	5.344104290008545	11	10
236	237	263	264	-42.718003599113565	4.9893693923950195	11	10
235	236	264	265	-38.204223271048896	4.926469802856445	11	10
264	265	38	39	-18.1863440219659	5.499770164489746	0	11
263	264	39	40	-5.247713071810612	4.088913917541504	0	11
262	263	40	41	9.136565556296862	5.523892402648926	0	11
261	262	41	42	-59.90399132275011	3.8403213024139404	0	11
259	260	42	43	11.259398836322328	5.157816410064697	0	11
259	260	43	44	-25.806115800045735	3.8095085620880127	0	11
258	259	44	45	-12.617822171824024	5.545702934265137	0	11
257	258	45	46	-23.95579834786954	4.236344814300537	0	11
42	43	66	67	-30.742927964064652	5.180849075317383	1	0
41	42	67	68	-35.01164324874061	4.543947219848633	1	0
40	41	68	69	-17.593776599543766	5.34298849105835	1	0
39	40	69	70	11.77346420489791	4.186049938201904	1	0
37	38	70	71	105.54026891126638	5.256663799285889	1	0
37	38	71	72	35.912775724187156	4.974132537841797	1	0
35	36	72	73	3.120729878580567	5.162625789642334	1	0
79	80	86	87	-27.350807944616033	4.9037346839904785	2	1
78	79	87	88	-2.953572385615161	4.429455280303955	2	1
77	78	88	89	25.301601429549905	5.000755786895752	2	1
75	76	89	90	-12.05305618010802	4.526623725891113	2	1
74	75	90	91	-26.210673509309288	5.14716100692749	2	1
73	74	91	92	-11.499858398884436	4.136597156524658	2	1
72	73	92	93	5.16558380457326	5.267919063568115	2	1
71	72	93	94	0.162183332728644	4.237209796905518	2	1
70	71	94	95	-8.044597823462588	5.141953945159912	2	1
69	70	95	96	-21.46896899165773	4.489116191864014	2	1
68	69	96	97	-6.466588727119678	5.40519380569458	2	1
96	97	110	111	-33.403284599534814	5.705276012420654	3	2
96	97	111	112	0.6357630509831382	5.309167385101318	3	2
95	96	112	113	-7.894409610315796	4.223501205444336	3	2
94	95	113	114	-0.9519079986678695	5.168008804321289	3	2
93	94	114	115	-19.385856537001505	4.822048664093018	3	2
92	93	115	116	-11.208580717593629	4.885546684265137	3	2
91	92	116	117	-14.142396072683791	4.334731101989746	3	2
90	91	117	118	-9.093000072005449	5.025557994842529	3	2
89	90	118	119	-31.254469313669187	4.42929744720459	3	2
88	89	119	120	-32.40043948897383	5.282067775726318	3	2
87	88	120	121	-26.88384690977752	4.622006893157959	3	2
86	87	121	122	-15.181128015817603	5.264034748077393	3	2
123	124	134	135	-50.14717433693228	4.711891174316406	4	3
122	123	135	136	-21.447873256928563	4.98212194442749	4	3
121	122	136	137	-2.726538704241931	5.220228672027588	4	3
120	121	137	138	-8.050921339634016	4.013368129730225	4	3
119	120	138	139	-23.930708939783067	5.4178786277771	4	3
118	119	139	140	-0.6601938862402953	3.7994158267974854	4	3
117	118	140	141	-6.756458454635659	5.335665702819824	4	3
116	117	141	142	-24.33295377248584	4.5673394203186035	4	3
114	115	142	143	56.36821330198069	5.533995628356934	4	3
114	115	143	144	-5.614264942629634	4.526206016540527	4	3
113	114	144	145	-44.132383081505765	5.700821399688721	4	3
143	144	153	154	49.211741043373614	5.632675647735596	5	4
143	144	154	155	10.682078126731911	4.1168060302734375	5	4
142	143	155	156	-17.649079751758993	5.604405879974365	5	4
141	142	156	157	-8.786684571597736	4.793485164642334	5	4
140	141	157	158	-22.536493573815548	5.096576690673828	5	4
139	140	158	159	-40.7532560843166	4.5762457847595215	5	4
138	139	159	160	-13.223922172606377	5.537724494934082	5	4
137	138	160	161	-19.678580485559106	4.281904220581055	5	4
136	137	161	162	-6.576029508311755	5.019088268280029	5	4
135	136	162	163	4.699509485690726	4.92526388168335	5	4
134	135	163	164	13.749913279517957	4.868531703948975	5	4
132	133	164	165	-19.384227756186526	4.003462791442871	5	4
164	165	169	170	35.68531056450516	5.548864364624023	6	5
164	165	170	171	-25.788857480869417	4.441463947296143	6	5
163	164	171	172	-13.388785017801212	5.494300365447998	6	5
162	163	172	173	-12.43033684085394	4.3898024559021	6	5
161	162	173	174	-11.090703761740912	5.326107978820801	6	5
160	161	174	175	-14.782625595214114	4.4123663902282715	6	5
158	159	176	177	-21.474641117727742	4.114060878753662	6	5
157	158	177	178	-29.05800068019871	5.358780384063721	6	5
156	157	178	179	-60.897347781048964	4.383954048156738	6	5
175	176	194	195	-31.667667413233037	5.652973651885986	7	6
174	175	195	196	2.323360746092707	3.9013140201568604	7	6
173	174	196	197	-9.699506173622634	4.945042133331299	7	6
172	173	197	198	-9.208934037907568	4.696658134460449	7	6
171	172	198	199	-10.531739835663926	4.907013893127441	7	6
170	171	199	200	-7.730467550731886	4.637869358062744	7	6
169	170	200	201	-12.39649633956918	4.927070617675781	7	6
168	169	201	202	-19.09968075134173	4.799022197723389	7	6
201	202	207	208	-23.4901646693142	4.735374450683594	8	7
200	201	208	209	-14.145433322490904	5.095738410949707	8	7
199	200	209	210	-4.537634264772702	4.303605556488037	8	7
198	199	210	211	-1.357298612654087	5.029512405395508	8	7
197	198	211	212	-2.6472535848168848	4.367436408996582	8	7
196	197	212	213	-39.200120171783894	5.588047027587891	8	7
212	213	221	222	-17.749717914258166	5.595269203186035	9	8
211	212	222	223	31.148236171637336	5.644186019897461	9	8
211	212	223	224	-15.733964215755352	4.111489295959473	9	8
210	211	224	225	-10.76494162091496	5.0150299072265625	9	8
209	210	225	226	-18.91079973337731	4.679801940917969	9	8
208	209	226	227	-16.761446231597077	4.949820518493652	9	8
207	208	227	228	-5.661313119114244	4.583554267883301	9	8
228	229	236	237	-62.763878895184526	5.402260780334473	10	9
227	228	237	238	39.94142338855122	5.352100849151611	10	9
227	228	238	239	-17.89038684820382	4.41349458694458	10	9
226	227	239	240	-3.9526358280741722	5.341090202331543	10	9
225	226	240	241	-13.878532078501514	4.527174472808838	10	9
224	225	241	242	-9.001182624694698	5.192075252532959	10	9
223	224	242	243	-19.383437916490326	4.211047172546387	10	9
222	223	243	244	-6.169279901435283	5.459561347961426	10	9
221	222	244	245	58.83413733188091	3.8135364055633545	10	9
243	244	256	257	8.865056638771309	5.5973639488220215	11	10
242	243	257	258	-4.131246119596173	4.118526458740234	11	10
241	242	258	259	-11.478386391391766	4.997520446777344	11	10
240	241	259	260	-7.196413072636841	4.485166072845459	11	10
239	240	260	261	-16.651137819089698	5.24636173248291	11	10
238	239	261	262	-9.132791902945407	4.553427696228027	11	10
237	238	262	263	-57.270472540935074	5.344104290008545	11	10
236	237	263	264	-42.718003599113565	4.9893693923950195	11	10
235	236	264	265	-38.204223271048896	4.926469802856445	11	10
