273	274	1	2	-102.38151696614673	4.804527282714844	0	13
273	274	3	4	-14.420467077292447	5.1976728439331055	0	13
272	273	4	5	-17.822811060753608	4.425756454467773	0	13
271	272	5	6	-9.99080905613773	5.287572860717773	0	13
270	271	6	7	-17.216365715371953	4.263464450836182	0	13
269	270	7	8	-4.4491063748544954	5.380662441253662	0	13
268	269	8	9	-13.24093738852039	4.175722599029541	0	13
267	268	9	10	-8.146911127996113	5.696986198425293	0	13
266	267	10	11	-15.93339849582856	4.269035816192627	0	13
264	265	11	12	43.64776136888037	5.457023620605469	0	13
264	265	12	13	-26.46635904710606	4.340703964233398	0	13
10	11	21	22	-20.989534433559477	4.880929470062256	1	0
9	10	22	23	-12.167635591719106	4.945446968078613	1	0
8	9	23	24	-8.953407599682793	4.490015983581543	1	0
7	8	24	25	0.5831515478545708	5.129912853240967	1	0
6	7	25	26	-11.616662232344092	4.503039360046387	1	0
5	6	26	27	-11.97371150707186	5.384562969207764	1	0
4	5	27	28	-9.168379872902857	4.656039714813232	1	0
3	4	28	29	-8.895821156947063	5.2203545570373535	1	0
2	3	29	30	-28.8704248658783	4.889847278594971	1	0
1	2	30	31	114.57227079170569	5.041144847869873	1	0
1	2	33	34	-58.946567840930754	5.108089923858643	1	0
29	30	52	53	-4.083419602175718	4.311370372772217	2	1
28	29	53	54	-17.915115965156936	5.562648296356201	2	1
27	28	54	55	-9.26920389812836	4.343954563140869	2	1
26	27	55	56	-8.99071769648287	5.336080074310303	2	1
25	26	56	57	-6.992045975519434	4.077775001525879	2	1
24	25	57	58	-7.750582363388337	5.515585899353027	2	1
23	24	58	59	-9.242948313933766	4.515950679779053	2	1
22	23	59	60	-5.273723342699934	5.122471809387207	2	1
21	22	60	61	-18.49069502406604	4.62801456451416	2	1
59	60	72	73	-9.639796302032943	5.0698347091674805	3	2
58	59	73	74	-13.52008924711022	4.663432598114014	3	2
57	58	74	75	-10.449908658599067	4.879260063171387	3	2
56	57	75	76	-17.635010396160443	4.579080581665039	3	2
55	56	76	77	-15.404687507514344	5.061086177825928	3	2
54	55	77	78	-17.25755825818855	4.344499111175537	3	2
53	54	78	79	-15.681099904086855	4.996473789215088	3	2
52	53	79	80	-11.228680818349934	4.1475043296813965	3	2
82	83	90	91	-29.537040576375357	5.029267311096191	4	3
81	82	91	92	-3.686518282005916	4.475121974945068	4	3
80	81	92	93	-15.873142360243518	5.149797439575195	4	3
79	80	93	94	-2.81821011081645	4.437185764312744	4	3
78	79	94	95	-4.169274444858315	5.405856132507324	4	3
77	78	95	96	1.6939373724327167	4.094534397125244	4	3
75	76	96	97	34.58779117754205	5.410356044769287	4	3
75	76	97	98	-22.851757086197054	4.035931587219238	4	3
74	75	98	99	-17.270371148507216	5.296736240386963	4	3
73	74	99	100	-19.074430590029657	4.175467014312744	4	3
96	97	114	115	-13.563677143456298	5.340668678283691	5	4
95	96	115	116	-6.445675623200802	4.3587260246276855	5	4
94	95	116	117	-1.3345208130120847	5.21128511428833	5	4
93	94	117	118	-3.6385925239235344	4.416042804718018	5	4
92	93	118	119	-2.6357623777304275	4.962065696716309	5	4
91	92	119	120	-11.337740434714576	4.24052619934082	5	4
90	91	120	121	-38.833961702255365	5.047215461730957	5	4
121	122	127	128	24.205745229985084	5.2098212242126465	6	5
121	122	128	129	-36.40609670193574	4.377198696136475	6	5
120	121	129	130	6.954364670252637	5.503239154815674	6	5
119	120	130	131	-50.154189116162215	3.9218125343322754	6	5
117	118	131	132	-8.684389704660372	5.404387950897217	6	5
117	118	132	133	13.051049936409793	3.911552667617798	6	5
115	116	133	134	28.47566597713616	5.711668014526367	6	5
115	116	134	135	-11.909392736029893	4.215031147003174	6	5
133	134	168	169	-13.098509705634951	5.312351703643799	7	6
132	133	169	170	-51.384402960799754	4.134494304656982	7	6
131	132	170	171	-12.234501407976573	4.939198970794678	7	6
130	131	171	172	-8.36190730612209	4.234498023986816	7	6
129	130	172	173	-20.35737854083521	5.222982883453369	7	6
128	129	173	174	-2.2411251128615612	4.464829444885254	7	6
127	128	174	175	-9.977077597997265	5.002676010131836	7	6
126	127	175	176	12.168221709091942	4.661359786987305	7	6
176	177	185	186	-46.917594973561485	5.659097194671631	8	7
176	177	186	187	-10.51909897504303	5.6078901290893555	8	7
175	176	187	188	-2.1697568369010662	4.379074573516846	8	7
174	175	188	189	0.45342175978623345	5.189516544342041	8	7
173	174	189	190	-2.959246705100163	4.531195640563965	8	7
172	173	190	191	3.9929049636807843	5.391238212585449	8	7
171	172	191	192	-14.086991120148623	4.521705150604248	8	7
170	171	192	193	-4.898348371397521	5.185371398925781	8	7
169	170	193	194	-31.318788971560394	4.6330366134643555	8	7
192	193	199	200	-13.637258087099259	5.200016975402832	9	8
191	192	200	201	-1.6699048841329796	4.482452392578125	9	8
190	191	201	202	-12.678480502315328	5.046441555023193	9	8
189	190	202	203	-3.7474025385162317	4.297236919403076	9	8
188	189	203	204	-5.488866127887252	5.263153076171875	9	8
187	188	204	205	-10.9486091298459	4.656275749206543	9	8
186	187	205	206	-3.896849772367536	4.915855884552002	9	8
185	186	206	207	-29.10024263476393	4.839150428771973	9	8
206	207	213	214	-14.923075920437874	4.361915111541748	10	9
205	206	214	215	-32.95673147149624	5.352877140045166	10	9
204	205	215	216	6.914027792909243	4.216207504272461	10	9
203	204	216	217	-15.07686161606865	5.431221961975098	10	9
202	203	217	218	-0.2927148501116974	4.0748090744018555	10	9
201	202	218	219	1.3674012985862136	5.411771774291992	10	9
200	201	219	220	-5.7016342772316895	3.9852817058563232	10	9
219	220	230	231	-17.34015678040407	4.746979236602783	11	10
218	219	231	232	-3.965759526953284	4.973038673400879	11	10
217	218	232	233	-7.664471041005355	4.281359672546387	11	10
216	217	233	234	-14.266104792013742	5.057389259338379	11	10
215	216	234	235	-34.48185862015992	4.316792964935303	11	10
214	215	235	236	-12.754232983891328	4.974743366241455	11	10
213	214	236	237	-2.4802263764364505	4.518833637237549	11	10
212	213	237	238	-1.5688326042456726	5.247969627380371	11	10
238	239	244	245	22.621559632500027	5.63773250579834	12	11
238	239	245	246	-21.95274325333592	3.975324869155884	12	11
237	238	246	247	-21.26236275205942	5.588873386383057	12	11
236	237	247	248	4.619771423966396	4.237654685974121	12	11
235	236	248	249	-3.0497965659242254	5.2135844230651855	12	11
234	235	249	250	-9.523517460478114	4.489242076873779	12	11
233	234	250	251	1.8339740387069345	5.383587837219238	12	11
232	233	251	252	-29.95222503452815	4.153338432312012	12	11
231	232	252	253	-14.476823923724496	5.4898834228515625	12	11
230	231	253	254	-9.19555680984463	4.389156818389893	12	11
252	253	263	264	-16.265849223389083	5.055754661560059	13	12
251	252	264	265	-13.166381775126872	4.3814568519592285	13	12
250	251	265	266	-5.080912754425017	4.8807244300842285	13	12
249	250	266	267	-6.282466362381786	4.689302921295166	13	12
248	249	267	268	-16.756441018936787	4.732075214385986	13	12
247	248	268	269	-29.288895820904873	4.3646392822265625	13	12
246	247	269	270	-15.58655921841753	4.858913898468018	13	12
245	246	270	271	-7.621641767297998	4.147778511047363	13	12
244	245	271	272	-12.66456879516335	5.071989059448242	13	12
243	244	272	273	-16.159853259917362	4.7651753425598145	13	12
