391	392	11	12	-19.055558385038065	5.304754734039307	0	17
390	391	12	13	-18.418602884857705	4.671810626983643	0	17
389	390	13	14	-13.315290820949764	5.195456027984619	0	17
388	389	14	15	3.679643596089561	4.665664196014404	0	17
387	388	15	16	-1.0475299835112561	4.881443023681641	0	17
386	387	16	17	-4.996251399517116	4.72692346572876	0	17
385	386	17	18	-1.1597466398813456	5.07082462310791	0	17
384	385	18	19	-8.750472298646315	4.678947448730469	0	17
383	384	19	20	0.22222193172432708	5.062863826751709	0	17
382	383	20	21	0.198335237105666	4.44858455657959	0	17
381	382	21	22	-0.6489084556476288	5.17509126663208	0	17
380	381	22	23	-25.6554567942827	4.220427989959717	0	17
21	22	32	33	-29.392723214271175	5.172999858856201	1	0
20	21	33	34	51.85769038608935	4.547969818115234	1	0
19	20	34	35	-2.862315401512752	5.542583465576172	1	0
18	19	35	36	-3.707354593003565	4.352743148803711	1	0
17	18	36	37	-18.845645989664014	5.269577503204346	1	0
16	17	37	38	-4.211540945623541	4.468048095703125	1	0
15	16	38	39	-12.893373830435468	5.078453063964844	1	0
14	15	39	40	-18.21288173088025	4.665703296661377	1	0
13	14	40	41	-15.729876690891595	5.145685195922852	1	0
12	13	41	42	-5.981029072106219	4.67139196395874	1	0
11	12	42	43	-8.022499682202476	5.031432151794434	1	0
10	11	43	44	-5.408893159401379	4.629940032958984	1	0
47	48	60	61	-79.96365054997108	5.1407012939453125	2	1
47	48	61	62	-53.1947427381774	5.166659355163574	2	1
46	47	62	63	32.921959739672374	5.028824806213379	2	1
44	45	63	64	-10.37205200220884	5.5167412757873535	2	1
43	44	64	65	10.735710635623196	4.44459342956543	2	1
42	43	65	66	-10.14020512936361	5.256466388702393	2	1
41	42	66	67	11.213113603742016	4.526171684265137	2	1
40	41	67	68	10.897642223671173	5.446639537811279	2	1
39	40	68	69	-12.072154955808404	4.218194007873535	2	1
37	38	69	70	25.859543951640187	5.395799160003662	2	1
37	38	70	71	-25.162046355483856	3.917855739593506	2	1
36	37	71	72	-17.683460167008604	5.4295148849487305	2	1
35	36	72	73	-58.41462628011215	4.4879655838012695	2	1
35	36	73	74	19.055478398367423	5.232946872711182	2	1
69	70	97	98	-5.18557674652972	5.617671012878418	3	2
68	69	98	99	-8.874543415038039	4.541541576385498	3	2
67	68	99	100	-8.143211027789034	5.128177642822266	3	2
66	67	100	101	8.491021755729872	4.268771648406982	3	2
65	66	101	102	-2.501714410879041	5.260101318359375	3	2
64	65	102	103	-13.259942210536654	4.009664058685303	3	2
63	64	103	104	-9.531590921189599	4.824756622314453	3	2
62	63	104	105	-35.46567694868872	4.714356422424316	3	2
61	62	105	106	-12.433337681321232	4.810316562652588	3	2
60	61	106	107	-26.65833824818221	4.667983531951904	3	2
106	107	112	113	-23.748546698345887	4.270030498504639	4	3
105	106	113	114	-13.45831396704835	5.119190692901611	4	3
104	105	114	115	-17.388065114671154	4.661892890930176	4	3
103	104	115	116	-25.864807912302528	5.200819492340088	4	3
115	116	138	139	18.967941232459996	5.240633487701416	5	4
115	116	139	140	-7.937778710777557	5.326968193054199	5	4
114	115	140	141	-1.5727070639182088	4.4384236335754395	5	4
113	114	141	142	-17.857081913889544	5.318149089813232	5	4
112	113	142	143	-11.7770171185268	4.502262592315674	5	4
145	146	150	151	-37.86066083885172	5.635519981384277	6	5
144	145	151	152	-17.541700255298917	4.555980205535889	6	5
143	144	152	153	-10.119701273701075	5.451713562011719	6	5
142	143	153	154	-1.9068577546415872	4.37337589263916	6	5
141	142	154	155	-12.46353680198805	5.434624671936035	6	5
140	141	155	156	4.295282727593102	3.99833345413208	6	5
139	140	156	157	20.36954042778669	5.502281188964844	6	5
138	139	157	158	-70.95895606190435	4.3198018074035645	6	5
157	158	184	185	-13.413437934872254	4.502172470092773	7	6
156	157	185	186	-14.461085541002895	5.021669864654541	7	6
155	156	186	187	-18.7386349906232	4.510949611663818	7	6
154	155	187	188	-6.206998597452383	5.445774078369141	7	6
153	154	188	189	-14.728176301480381	4.405542850494385	7	6
152	153	189	190	-3.933483970112379	5.201932907104492	7	6
151	152	190	191	-14.434803954275468	4.529712200164795	7	6
150	151	191	192	-13.600489457541311	4.995849132537842	7	6
193	194	198	199	-41.59259585425062	5.37560510635376	8	7
192	193	199	200	-5.110207262443089	4.361602306365967	8	7
191	192	200	201	-20.880992193668376	5.3300042152404785	8	7
190	191	201	202	-9.254581093574725	4.51099967956543	8	7
189	190	202	203	-6.242083851972893	5.191642761230469	8	7
188	189	203	204	3.718653199421183	4.302210807800293	8	7
187	188	204	205	6.242908572414415	5.265270233154297	8	7
186	187	205	206	-20.44918700597938	4.287048816680908	8	7
185	186	206	207	-8.857073321496035	5.064016819000244	8	7
184	185	207	208	-32.77522424369319	4.309171199798584	8	7
206	207	211	212	-18.008787860415342	5.436248779296875	9	8
205	206	212	213	-0.7172889444682823	4.647359848022461	9	8
204	205	213	214	-8.310279364520254	5.115704536437988	9	8
203	204	214	215	-9.157658719141848	4.810476779937744	9	8
202	203	215	216	-5.946668514594738	5.068827152252197	9	8
201	202	216	217	-10.462646327063924	4.6894049644470215	9	8
200	201	217	218	-2.5017140911344242	5.039742469787598	9	8
199	200	218	219	-27.202989776672275	4.340473651885986	9	8
198	199	219	220	-6.813994400272311	5.487514972686768	9	8
197	198	220	221	-14.829888820662331	4.578326225280762	9	8
221	222	228	229	-71.70913032186292	5.614043712615967	10	9
221	222	229	230	-16.520390105674924	4.997783184051514	10	9
220	221	230	231	-17.36455410678372	4.615158557891846	10	9
219	220	231	232	-10.578261585961169	5.132014751434326	10	9
218	219	232	233	-7.17197291589206	4.484227180480957	10	9
217	218	233	234	-3.4037915452678242	5.245811462402344	10	9
216	217	234	235	1.9875657244632323	4.522677421569824	10	9
215	216	235	236	-4.916522711531599	5.13743257522583	10	9
214	215	236	237	-9.959256097066307	4.513268947601318	10	9
213	214	237	238	-6.234248229152372	5.058851718902588	10	9
212	213	238	239	-17.296868673115487	4.634404182434082	10	9
238	239	248	249	8.666534914935632	4.947269439697266	11	10
237	238	249	250	-13.402674757374156	5.248688220977783	11	10
236	237	250	251	-10.598621912956865	4.533858776092529	11	10
235	236	251	252	1.951267663757309	4.961493968963623	11	10
234	235	252	253	-2.8213705884387075	4.810257911682129	11	10
233	234	253	254	-16.56625089648453	4.975819110870361	11	10
232	233	254	255	-10.412150119751995	4.7436323165893555	11	10
231	232	255	256	-6.790032771650219	5.0732197761535645	11	10
230	231	256	257	-10.47175729068971	4.675640106201172	11	10
229	230	257	258	-20.092903437250744	5.013028144836426	11	10
228	229	258	259	-15.166934297048337	4.523892879486084	11	10
258	259	264	265	-16.894023629831292	4.530484199523926	12	11
257	258	265	266	-13.706606242293901	5.223053455352783	12	11
256	257	266	267	-2.8238570567114625	4.10860013961792	12	11
255	256	267	268	-12.982928318619237	5.484920501708984	12	11
254	255	268	269	8.070013673112681	4.302135944366455	12	11
253	254	269	270	1.4207452320559346	5.42653226852417	12	11
252	253	270	271	-8.39346021517472	4.390091419219971	12	11
251	252	271	272	-20.244430938332535	5.387901782989502	12	11
250	251	272	273	-23.326955697837178	4.604674816131592	12	11
249	250	273	274	-30.867475836929852	4.945733547210693	12	11
248	249	274	275	43.5535584746698	4.725519180297852	12	11
271	272	303	304	5.156008644146017	5.3727569580078125	13	12
270	271	304	305	-12.394886453575275	4.460000514984131	13	12
269	270	305	306	-10.57639916510619	5.251221656799316	13	12
268	269	306	307	-22.82476872587023	4.927530765533447	13	12
267	268	307	308	-10.884887489949106	4.642380714416504	13	12
266	267	308	309	-4.550367896898569	4.603531360626221	13	12
265	266	309	310	-4.5542881360205465	4.765055179595947	13	12
264	265	310	311	-5.508975988797485	4.687897682189941	13	12
313	314	318	319	30.917220196151334	5.488684177398682	14	13
313	314	321	322	-27.811353264462216	5.386969566345215	14	13
312	313	322	323	9.285704128872986	4.443610668182373	14	13
311	312	323	324	-3.5806848848086656	5.559638977050781	14	13
310	311	324	325	-10.349647482097328	4.234038829803467	14	13
309	310	325	326	-5.772720971761252	5.453194618225098	14	13
308	309	326	327	-17.715071124845178	4.3123321533203125	14	13
307	308	327	328	-10.954713682400005	5.393487930297852	14	13
306	307	328	329	-8.364878887037298	4.566079139709473	14	13
305	306	329	330	-12.748068865557832	5.410276412963867	14	13
304	305	330	331	-24.566239373461517	4.095905780792236	14	13
303	304	331	332	-61.90153783505561	5.634327411651611	14	13
332	333	341	342	-65.2706201675394	5.701793670654297	15	14
330	331	342	343	-3.433388699288163	4.3141655921936035	15	14
329	330	343	344	-22.105796170643536	5.2848615646362305	15	14
328	329	344	345	-8.231466952436884	4.483546257019043	15	14
327	328	345	346	-5.346274000285164	5.288636207580566	15	14
326	327	346	347	-6.6510323073599675	4.43165397644043	15	14
325	326	347	348	-6.0009860000433815	5.201935768127441	15	14
324	325	348	349	-14.218708821644913	4.62018346786499	15	14
323	324	349	350	-0.16517991626069872	5.089380741119385	15	14
322	323	350	351	-18.994541289867445	4.511045455932617	15	14
321	322	351	352	-1.9387055526485935	5.257976531982422	15	14
351	352	363	364	-62.89134940395473	5.623196125030518	16	15
351	352	364	365	-10.174677455756804	5.196019649505615	16	15
350	351	365	366	-3.817223670531354	4.737644195556641	16	15
349	350	366	367	-8.719195631015083	5.189878940582275	16	15
348	349	367	368	-2.8759139710613573	4.664900302886963	16	15
347	348	368	369	-7.522892901636335	5.024516582489014	16	15
346	347	369	370	-13.681143116194008	4.738331317901611	16	15
345	346	370	371	-4.894935172959167	5.240515232086182	16	15
344	345	371	372	-8.044592521582464	4.460896015167236	16	15
343	344	372	373	-3.6511354349965894	5.275272369384766	16	15
342	343	373	374	-20.496490898166293	4.099581241607666	16	15
370	371	379	380	-9.534985681445699	5.332091808319092	17	16
369	370	380	381	-7.8679586442975005	4.625540256500244	17	16
368	369	381	382	-11.83203354515697	4.916586399078369	17	16
367	368	382	383	-8.969708622651538	4.942575931549072	17	16
366	367	383	384	-4.554505148413268	4.991982936859131	17	16
365	366	384	385	-6.080570749478382	4.628220558166504	17	16
364	365	385	386	-10.767450747085011	5.114470958709717	17	16
363	364	386	387	-32.227505125176584	4.821181774139404	17	16
362	363	387	388	-19.75631046659808	5.212456703186035	17	16
361	362	388	389	-18.203518446162565	4.4716925621032715	17	16
391	392	11	12	-19.055558385038065	5.304754734039307	0	17
390	391	12	13	-18.418602884857705	4.671810626983643	0	17
389	390	13	14	-13.315290820949764	5.195456027984619	0	17
388	389	14	15	3.679643596089561	4.665664196014404	0	17
387	388	15	16	-1.0475299835112561	4.881443023681641	0	17
386	387	16	17	-4.996251399517116	4.72692346572876	0	17
385	386	17	18	-1.1597466398813456	5.07082462310791	0	17
384	385	18	19	-8.750472298646315	4.678947448730469	0	17
383	384	19	20	0.22222193172432708	5.062863826751709	0	17
382	383	20	21	0.198335237105666	4.44858455657959	0	17
381	382	21	22	-0.6489084556476288	5.17509126663208	0	17
380	381	22	23	-25.6554567942827	4.220427989959717	0	17
21	22	32	33	-29.392723214271175	5.172999858856201	1	0
20	21	33	34	51.85769038608935	4.547969818115234	1	0
19	20	34	35	-2.862315401512752	5.542583465576172	1	0
18	19	35	36	-3.707354593003565	4.352743148803711	1	0
17	18	36	37	-18.845645989664014	5.269577503204346	1	0
16	17	37	38	-4.211540945623541	4.468048095703125	1	0
15	16	38	39	-12.893373830435468	5.078453063964844	1	0
14	15	39	40	-18.21288173088025	4.665703296661377	1	0
13	14	40	41	-15.729876690891595	5.145685195922852	1	0
12	13	41	42	-5.981029072106219	4.67139196395874	1	0
11	12	42	43	-8.022499682202476	5.031432151794434	1	0
10	11	43	44	-5.408893159401379	4.629940032958984	1	0
47	48	60	61	-79.96365054997108	5.1407012939453125	2	1
47	48	61	62	-53.1947427381774	5.166659355163574	2	1
46	47	62	63	32.921959739672374	5.028824806213379	2	1
44	45	63	64	-10.37205200220884	5.5167412757873535	2	1
43	44	64	65	10.735710635623196	4.44459342956543	2	1
42	43	65	66	-10.14020512936361	5.256466388702393	2	1
41	42	66	67	11.213113603742016	4.526171684265137	2	1
40	41	67	68	10.897642223671173	5.446639537811279	2	1
39	40	68	69	-12.072154955808404	4.218194007873535	2	1
37	38	69	70	25.859543951640187	5.395799160003662	2	1
37	38	70	71	-25.162046355483856	3.917855739593506	2	1
36	37	71	72	-17.683460167008604	5.4295148849487305	2	1
35	36	72	73	-58.41462628011215	4.4879655838012695	2	1
35	36	73	74	19.055478398367423	5.232946872711182	2	1
69	70	97	98	-5.18557674652972	5.617671012878418	3	2
68	69	98	99	-8.874543415038039	4.541541576385498	3	2
67	68	99	100	-8.143211027789034	5.128177642822266	3	2
66	67	100	101	8.491021755729872	4.268771648406982	3	2
65	66	101	102	-2.501714410879041	5.260101318359375	3	2
64	65	102	103	-13.259942210536654	4.009664058685303	3	2
63	64	103	104	-9.531590921189599	4.824756622314453	3	2
62	63	104	105	-35.46567694868872	4.714356422424316	3	2
61	62	105	106	-12.433337681321232	4.810316562652588	3	2
60	61	106	107	-26.65833824818221	4.667983531951904	3	2
106	107	112	113	-23.748546698345887	4.270030498504639	4	3
105	106	113	114	-13.45831396704835	5.119190692901611	4	3
104	105	114	115	-17.388065114671154	4.661892890930176	4	3
103	104	115	116	-25.864807912302528	5.200819492340088	4	3
115	116	138	139	18.967941232459996	5.240633487701416	5	4
115	116	139	140	-7.937778710777557	5.326968193054199	5	4
114	115	140	141	-1.5727070639182088	4.4384236335754395	5	4
113	114	141	142	-17.857081913889544	5.318149089813232	5	4
112	113	142	143	-11.7770171185268	4.502262592315674	5	4
145	146	150	151	-37.86066083885172	5.635519981384277	6	5
144	145	151	152	-17.541700255298917	4.555980205535889	6	5
143	144	152	153	-10.119701273701075	5.451713562011719	6	5
142	143	153	154	-1.9068577546415872	4.37337589263916	6	5
141	142	154	155	-12.46353680198805	5.434624671936035	6	5
140	141	155	156	4.295282727593102	3.99833345413208	6	5
139	140	156	157	20.36954042778669	5.502281188964844	6	5
138	139	157	158	-70.95895606190435	4.3198018074035645	6	5
157	158	184	185	-13.413437934872254	4.502172470092773	7	6
156	157	185	186	-14.461085541002895	5.021669864654541	7	6
155	156	186	187	-18.7386349906232	4.510949611663818	7	6
154	155	187	188	-6.206998597452383	5.445774078369141	7	6
153	154	188	189	-14.728176301480381	4.405542850494385	7	6
152	153	189	190	-3.933483970112379	5.201932907104492	7	6
151	152	190	191	-14.434803954275468	4.529712200164795	7	6
150	151	191	192	-13.600489457541311	4.995849132537842	7	6
193	194	198	199	-41.59259585425062	5.37560510635376	8	7
192	193	199	200	-5.110207262443089	4.361602306365967	8	7
191	192	200	201	-20.880992193668376	5.3300042152404785	8	7
190	191	201	202	-9.254581093574725	4.51099967956543	8	7
189	190	202	203	-6.242083851972893	5.191642761230469	8	7
188	189	203	204	3.718653199421183	4.302210807800293	8	7
187	188	204	205	6.242908572414415	5.265270233154297	8	7
186	187	205	206	-20.44918700597938	4.287048816680908	8	7
185	186	206	207	-8.857073321496035	5.064016819000244	8	7
184	185	207	208	-32.77522424369319	4.309171199798584	8	7
206	207	211	212	-18.008787860415342	5.436248779296875	9	8
205	206	212	213	-0.7172889444682823	4.647359848022461	9	8
204	205	213	214	-8.310279364520254	5.115704536437988	9	8
203	204	214	215	-9.157658719141848	4.810476779937744	9	8
202	203	215	216	-5.946668514594738	5.068827152252197	9	8
201	202	216	217	-10.462646327063924	4.6894049644470215	9	8
200	201	217	218	-2.5017140911344242	5.039742469787598	9	8
199	200	218	219	-27.202989776672275	4.340473651885986	9	8
198	199	219	220	-6.813994400272311	5.487514972686768	9	8
197	198	220	221	-14.829888820662331	4.578326225280762	9	8
221	222	228	229	-71.70913032186292	5.614043712615967	10	9
221	222	229	230	-16.520390105674924	4.997783184051514	10	9
220	221	230	231	-17.36455410678372	4.615158557891846	10	9
219	220	231	232	-10.578261585961169	5.132014751434326	10	9
218	219	232	233	-7.17197291589206	4.484227180480957	10	9
217	218	233	234	-3.4037915452678242	5.245811462402344	10	9
216	217	234	235	1.9875657244632323	4.522677421569824	10	9
215	216	235	236	-4.916522711531599	5.13743257522583	10	9
214	215	236	237	-9.959256097066307	4.513268947601318	10	9
213	214	237	238	-6.234248229152372	5.058851718902588	10	9
212	213	238	239	-17.296868673115487	4.634404182434082	10	9
238	239	248	249	8.666534914935632	4.947269439697266	11	10
237	238	249	250	-13.402674757374156	5.248688220977783	11	10
236	237	250	251	-10.598621912956865	4.533858776092529	11	10
235	236	251	252	1.951267663757309	4.961493968963623	11	10
234	235	252	253	-2.8213705884387075	4.810257911682129	11	10
233	234	253	254	-16.56625089648453	4.975819110870361	11	10
232	233	254	255	-10.412150119751995	4.7436323165893555	11	10
231	232	255	256	-6.790032771650219	5.0732197761535645	11	10
230	231	256	257	-10.47175729068971	4.675640106201172	11	10
229	230	257	258	-20.092903437250744	5.013028144836426	11	10
228	229	258	259	-15.166934297048337	4.523892879486084	11	10
258	259	264	265	-16.894023629831292	4.530484199523926	12	11
257	258	265	266	-13.706606242293901	5.223053455352783	12	11
256	257	266	267	-2.8238570567114625	4.10860013961792	12	11
255	256	267	268	-12.982928318619237	5.484920501708984	12	11
254	255	268	269	8.070013673112681	4.302135944366455	12	11
253	254	269	270	1.4207452320559346	5.42653226852417	12	11
252	253	270	271	-8.39346021517472	4.390091419219971	12	11
251	252	271	272	-20.244430938332535	5.387901782989502	12	11
250	251	272	273	-23.326955697837178	4.604674816131592	12	11
249	250	273	274	-30.867475836929852	4.945733547210693	12	11
248	249	274	275	43.5535584746698	4.725519180297852	12	11
271	272	303	304	5.156008644146017	5.3727569580078125	13	12
270	271	304	305	-12.394886453575275	4.460000514984131	13	12
269	270	305	306	-10.57639916510619	5.251221656799316	13	12
268	269	306	307	-22.82476872587023	4.927530765533447	13	12
267	268	307	308	-10.884887489949106	4.642380714416504	13	12
266	267	308	309	-4.550367896898569	4.603531360626221	13	12
265	266	309	310	-4.5542881360205465	4.765055179595947	13	12
264	265	310	311	-5.508975988797485	4.687897682189941	13	12
313	314	318	319	30.917220196151334	5.488684177398682	14	13
313	314	321	322	-27.811353264462216	5.386969566345215	14	13
312	313	322	323	9.285704128872986	4.443610668182373	14	13
311	312	323	324	-3.5806848848086656	5.559638977050781	14	13
310	311	324	325	-10.349647482097328	4.234038829803467	14	13
309	310	325	326	-5.772720971761252	5.453194618225098	14	13
308	309	326	327	-17.715071124845178	4.3123321533203125	14	13
307	308	327	328	-10.954713682400005	5.393487930297852	14	13
306	307	328	329	-8.364878887037298	4.566079139709473	14	13
305	306	329	330	-12.748068865557832	5.410276412963867	14	13
304	305	330	331	-24.566239373461517	4.095905780792236	14	13
303	304	331	332	-61.90153783505561	5.634327411651611	14	13
332	333	341	342	-65.2706201675394	5.701793670654297	15	14
330	331	342	343	-3.433388699288163	4.3141655921936035	15	14
329	330	343	344	-22.105796170643536	5.2848615646362305	15	14
328	329	344	345	-8.231466952436884	4.483546257019043	15	14
327	328	345	346	-5.346274000285164	5.288636207580566	15	14
326	327	346	347	-6.6510323073599675	4.43165397644043	15	14
325	326	347	348	-6.0009860000433815	5.201935768127441	15	14
324	325	348	349	-14.218708821644913	4.62018346786499	15	14
323	324	349	350	-0.16517991626069872	5.089380741119385	15	14
322	323	350	351	-18.994541289867445	4.511045455932617	15	14
321	322	351	352	-1.9387055526485935	5.257976531982422	15	14
351	352	363	364	-62.89134940395473	5.623196125030518	16	15
351	352	364	365	-10.174677455756804	5.196019649505615	16	15
350	351	365	366	-3.817223670531354	4.737644195556641	16	15
349	350	366	367	-8.719195631015083	5.189878940582275	16	15
348	349	367	368	-2.8759139710613573	4.664900302886963	16	15
347	348	368	369	-7.522892901636335	5.024516582489014	16	15
346	347	369	370	-13.681143116194008	4.738331317901611	16	15
345	346	370	371	-4.894935172959167	5.240515232086182	16	15
344	345	371	372	-8.044592521582464	4.460896015167236	16	15
343	344	372	373	-3.6511354349965894	5.275272369384766	16	15
342	343	373	374	-20.496490898166293	4.099581241607666	16	15
370	371	379	380	-9.534985681445699	5.332091808319092	17	16
369	370	380	381	-7.8679586442975005	4.625540256500244	17	16
368	369	381	382	-11.83203354515697	4.916586399078369	17	16
367	368	382	383	-8.969708622651538	4.942575931549072	17	16
366	367	383	384	-4.554505148413268	4.991982936859131	17	16
365	366	384	385	-6.080570749478382	4.628220558166504	17	16
364	365	385	386	-10.767450747085011	5.114470958709717	17	16
363	364	386	387	-32.227505125176584	4.821181774139404	17	16
362	363	387	388	-19.75631046659808	5.212456703186035	17	16
361	362	388	389	-18.203518446162565	4.4716925621032715	17	16
