118	119	10	11	-64.89300860740124	5.440851211547852	0	7
117	118	11	12	6.118134318266422	5.341136932373047	0	7
117	118	12	13	-35.692367362483196	4.182515621185303	0	7
11	12	16	17	-22.734270662063178	5.453133583068848	1	0
10	11	17	18	-27.183177426553435	4.478713035583496	1	0
9	10	18	19	-16.919265912050772	5.3500895500183105	1	0
8	9	19	20	-23.22145821273319	4.3513922691345215	1	0
19	20	31	32	16.71279989592315	4.2638983726501465	2	1
18	19	32	33	-4.414626474552798	5.299129962921143	2	1
17	18	33	34	-16.033639985858215	4.280452251434326	2	1
32	33	47	48	-38.77264308319413	5.23207950592041	3	2
31	32	48	49	-51.584391013437944	4.441003322601318	3	2
30	31	49	50	-8.637263166278125	5.175391674041748	3	2
29	30	50	51	-18.023500518068452	4.461442947387695	3	2
28	29	51	52	-32.638617141465296	5.395674705505371	3	2
27	28	52	53	-26.019163207493378	4.236396789550781	3	2
52	53	62	63	7.656923206648607	3.969984531402588	4	3
50	51	63	64	1.2397856895714663	5.425549507141113	4	3
50	51	64	65	-32.18230896380122	3.7401022911071777	4	3
48	49	65	66	34.50830550367688	5.38157844543457	4	3
65	66	75	76	-21.30488629924843	5.24724817276001	5	4
64	65	76	77	-25.640662022641596	4.423979759216309	5	4
63	64	77	78	-5.038784764375406	5.406862258911133	5	4
62	63	78	79	-14.325606162729681	4.176115036010742	5	4
81	82	90	91	-27.35658953238695	5.371689319610596	6	5
80	81	91	92	-32.37654507048884	4.56174898147583	6	5
78	79	92	93	-13.830075612370798	5.336575031280518	6	5
78	79	93	94	-44.727876164583925	4.099796772003174	6	5
77	78	94	95	-26.64033679175022	5.662102699279785	6	5
76	77	95	96	-11.45766680372943	4.309320449829102	6	5
75	76	96	97	-6.739888867679455	5.418400287628174	6	5
74	75	97	98	-27.836914537329694	4.270505428314209	6	5
96	97	112	113	-29.225624111260576	4.978321075439453	7	6
95	96	113	114	-18.077057369414174	4.604881286621094	7	6
94	95	114	115	-34.33390050393472	5.355862617492676	7	6
93	94	115	116	-25.31753490910728	4.199038505554199	7	6
92	93	116	117	-14.736742696520446	5.231015682220459	7	6
91	92	117	118	-6.087155089235653	4.895927906036377	7	6
90	91	118	119	-27.134337331236082	4.898324489593506	7	6
118	119	10	11	-64.89300860740124	5.440851211547852	0	7
117	118	11	12	6.118134318266422	5.341136932373047	0	7
117	118	12	13	-35.692367362483196	4.182515621185303	0	7
11	12	16	17	-22.734270662063178	5.453133583068848	1	0
10	11	17	18	-27.183177426553435	4.478713035583496	1	0
9	10	18	19	-16.919265912050772	5.3500895500183105	1	0
8	9	19	20	-23.22145821273319	4.3513922691345215	1	0
19	20	31	32	16.71279989592315	4.2638983726501465	2	1
18	19	32	33	-4.414626474552798	5.299129962921143	2	1
17	18	33	34	-16.033639985858215	4.280452251434326	2	1
32	33	47	48	-38.77264308319413	5.23207950592041	3	2
31	32	48	49	-51.584391013437944	4.441003322601318	3	2
30	31	49	50	-8.637263166278125	5.175391674041748	3	2
29	30	50	51	-18.023500518068452	4.461442947387695	3	2
28	29	51	52	-32.638617141465296	5.395674705505371	3	2
27	28	52	53	-26.019163207493378	4.236396789550781	3	2
52	53	62	63	7.656923206648607	3.969984531402588	4	3
50	51	63	64	1.2397856895714663	5.425549507141113	4	3
50	51	64	65	-32.18230896380122	3.7401022911071777	4	3
48	49	65	66	34.50830550367688	5.38157844543457	4	3
65	66	75	76	-21.30488629924843	5.24724817276001	5	4
64	65	76	77	-25.640662022641596	4.423979759216309	5	4
63	64	77	78	-5.038784764375406	5.406862258911133	5	4
62	63	78	79	-14.325606162729681	4.176115036010742	5	4
81	82	90	91	-27.35658953238695	5.371689319610596	6	5
80	81	91	92	-32.37654507048884	4.56174898147583	6	5
78	79	92	93	-13.830075612370798	5.336575031280518	6	5
78	79	93	94	-44.727876164583925	4.099796772003174	6	5
77	78	94	95	-26.64033679175022	5.662102699279785	6	5
76	77	95	96	-11.45766680372943	4.309320449829102	6	5
75	76	96	97	-6.739888867679455	5.418400287628174	6	5
74	75	97	98	-27.836914537329694	4.270505428314209	6	5
96	97	112	113	-29.225624111260576	4.978321075439453	7	6
95	96	113	114	-18.077057369414174	4.604881286621094	7	6
94	95	114	115	-34.33390050393472	5.355862617492676	7	6
93	94	115	116	-25.31753490910728	4.199038505554199	7	6
92	93	116	117	-14.736742696520446	5.231015682220459	7	6
91	92	117	118	-6.087155089235653	4.895927906036377	7	6
90	91	118	119	-27.134337331236082	4.898324489593506	7	6
