204	205	5	6	-68.58427239663676	5.298859596252441	0	7
204	205	6	7	-18.188893785188622	5.505105018615723	0	7
203	204	7	8	-20.113283216538104	4.095825672149658	0	7
201	202	8	9	-10.666465341127308	5.422623157501221	0	7
201	202	9	10	-44.609217154803275	3.8246982097625732	0	7
199	200	10	11	-21.29475035752046	5.249285697937012	0	7
199	200	11	12	20.52642278950149	4.354859352111816	0	7
9	10	18	19	-11.469950151980674	4.106678009033203	1	0
8	9	19	20	-10.030936634605524	5.067472457885742	1	0
7	8	20	21	-13.520334348185868	4.609357833862305	1	0
6	7	21	22	-30.104638900022433	5.044931888580322	1	0
5	6	22	23	-31.902954080090417	4.52721643447876	1	0
4	5	23	24	-15.807681099869013	5.276352882385254	1	0
3	4	24	25	-20.559209973202154	4.6240057945251465	1	0
24	25	34	35	-2.997755565908047	4.319653034210205	2	1
23	24	35	36	-10.795159256792498	5.3115973472595215	2	1
22	23	36	37	-15.108168897566202	4.2696027755737305	2	1
20	21	37	38	16.21242567907993	5.354920387268066	2	1
20	21	38	39	-16.567421000249464	3.7654058933258057	2	1
19	20	39	40	-13.366421302697674	5.406086444854736	2	1
18	19	40	41	-30.274316518756848	4.147058486938477	2	1
43	44	72	73	-54.1350773777602	4.588871002197266	3	2
42	43	73	74	-29.161597315077938	4.497635841369629	3	2
41	42	74	75	-6.391417715567226	5.438373565673828	3	2
40	41	75	76	-15.946346856170692	4.744337558746338	3	2
39	40	76	77	-10.83616646182772	4.931295871734619	3	2
38	39	77	78	-25.615322562437356	4.753584861755371	3	2
37	38	78	79	-16.623303890130234	5.324892044067383	3	2
36	37	79	80	-10.979386422244152	4.6909499168396	3	2
35	36	80	81	-15.228855529788664	5.1127519607543945	3	2
34	35	81	82	-32.68263184035898	4.769989490509033	3	2
33	34	82	83	-26.5488841374182	4.618368625640869	3	2
32	33	83	84	-24.417263096516862	4.829818248748779	3	2
83	84	95	96	-40.280695609836805	4.769334316253662	4	3
81	82	97	98	-10.348089564164	4.345684051513672	4	3
79	80	98	99	-5.040526173803063	5.518199920654297	4	3
79	80	99	100	0.7925272224408614	4.258434772491455	4	3
78	79	100	101	-8.467735565070313	5.559630393981934	4	3
77	78	101	102	-12.93631641025535	4.339859485626221	4	3
76	77	102	103	-15.931733323865442	5.0225934982299805	4	3
75	76	103	104	-15.146994713088937	4.277277946472168	4	3
74	75	104	105	-10.882688560530026	4.911264896392822	4	3
73	74	105	106	-13.320275346394018	4.6151628494262695	4	3
72	73	106	107	-11.534651600177307	5.499536991119385	4	3
71	72	107	108	32.55804586788488	3.8524014949798584	4	3
69	70	108	109	11.179042080368525	5.622102737426758	4	3
69	70	109	110	-22.363041701811223	4.237628936767578	4	3
110	111	119	120	-14.608815434929397	5.413341999053955	5	4
109	110	120	121	-4.0507100836994825	4.381968975067139	5	4
107	108	121	122	-19.3801197035105	5.504912853240967	5	4
107	108	122	123	-61.372490021941154	4.443991184234619	5	4
106	107	123	124	-3.2116350259018476	5.614719867706299	5	4
105	106	124	125	-7.897684243052954	4.381178855895996	5	4
104	105	125	126	-17.61653817537311	5.192914009094238	5	4
103	104	126	127	-13.895041654530148	4.778402328491211	5	4
102	103	127	128	-23.124938344548855	5.160571098327637	5	4
101	102	128	129	-26.145452359045724	4.791778564453125	5	4
100	101	129	130	-31.673818227066857	4.586935520172119	5	4
99	100	130	131	-27.666323355991892	4.640717029571533	5	4
98	99	131	132	-14.441722400212937	5.313982009887695	5	4
97	98	132	133	-12.776738029503756	4.367987632751465	5	4
96	97	133	134	-35.168211990965695	5.275641441345215	5	4
95	96	134	135	-22.65229056851191	4.418512344360352	5	4
94	95	135	136	-18.512233782163875	5.029262542724609	5	4
93	94	136	137	-19.15807007537221	4.448922634124756	5	4
137	138	145	146	-77.19885295676038	5.182690620422363	6	5
137	138	146	147	-14.16160240959123	5.040677070617676	6	5
136	137	147	148	-14.079001521223159	4.502561092376709	6	5
135	136	148	149	-15.698723775678618	4.870029926300049	6	5
134	135	149	150	-4.158416463411271	4.607582092285156	6	5
133	134	150	151	0.5900315329704657	5.579601764678955	6	5
132	133	151	152	-17.385240436940528	3.7837629318237305	6	5
130	131	152	153	16.382842887862388	5.617148399353027	6	5
130	131	153	154	-35.32315940956351	4.007181644439697	6	5
129	130	154	155	-14.244379358860254	5.347187042236328	6	5
128	129	155	156	-45.22506321101134	4.173800945281982	6	5
124	125	160	161	-36.249493906687405	4.927554607391357	6	5
123	124	161	162	-14.364826457404986	5.052473545074463	6	5
122	123	162	163	-21.703629000343042	4.392967700958252	6	5
121	122	163	164	-5.318765280699207	5.161993026733398	6	5
120	121	164	165	-12.194899651472424	4.484623432159424	6	5
152	153	196	197	-15.902144940504781	5.133896350860596	7	6
151	152	197	198	-32.15710370634898	4.688538074493408	7	6
150	151	198	199	4.291942016011929	4.873561859130859	7	6
149	150	199	200	-0.33005866411426166	4.616781711578369	7	6
148	149	200	201	-11.17004411647035	5.078280448913574	7	6
147	148	201	202	-15.06766182790742	4.833996772766113	7	6
146	147	202	203	-50.5260375265957	5.113804340362549	7	6
145	146	203	204	-28.596349769008786	4.687185287475586	7	6
204	205	5	6	-68.58427239663676	5.298859596252441	0	7
204	205	6	7	-18.188893785188622	5.505105018615723	0	7
203	204	7	8	-20.113283216538104	4.095825672149658	0	7
201	202	8	9	-10.666465341127308	5.422623157501221	0	7
201	202	9	10	-44.609217154803275	3.8246982097625732	0	7
199	200	10	11	-21.29475035752046	5.249285697937012	0	7
199	200	11	12	20.52642278950149	4.354859352111816	0	7
9	10	18	19	-11.469950151980674	4.106678009033203	1	0
8	9	19	20	-10.030936634605524	5.067472457885742	1	0
7	8	20	21	-13.520334348185868	4.609357833862305	1	0
6	7	21	22	-30.104638900022433	5.044931888580322	1	0
5	6	22	23	-31.902954080090417	4.52721643447876	1	0
4	5	23	24	-15.807681099869013	5.276352882385254	1	0
3	4	24	25	-20.559209973202154	4.6240057945251465	1	0
24	25	34	35	-2.997755565908047	4.319653034210205	2	1
23	24	35	36	-10.795159256792498	5.3115973472595215	2	1
22	23	36	37	-15.108168897566202	4.2696027755737305	2	1
20	21	37	38	16.21242567907993	5.354920387268066	2	1
20	21	38	39	-16.567421000249464	3.7654058933258057	2	1
19	20	39	40	-13.366421302697674	5.406086444854736	2	1
18	19	40	41	-30.274316518756848	4.147058486938477	2	1
43	44	72	73	-54.1350773777602	4.588871002197266	3	2
42	43	73	74	-29.161597315077938	4.497635841369629	3	2
41	42	74	75	-6.391417715567226	5.438373565673828	3	2
40	41	75	76	-15.946346856170692	4.744337558746338	3	2
39	40	76	77	-10.83616646182772	4.931295871734619	3	2
38	39	77	78	-25.615322562437356	4.753584861755371	3	2
37	38	78	79	-16.623303890130234	5.324892044067383	3	2
36	37	79	80	-10.979386422244152	4.6909499168396	3	2
35	36	80	81	-15.228855529788664	5.1127519607543945	3	2
34	35	81	82	-32.68263184035898	4.769989490509033	3	2
33	34	82	83	-26.5488841374182	4.618368625640869	3	2
32	33	83	84	-24.417263096516862	4.829818248748779	3	2
83	84	95	96	-40.280695609836805	4.769334316253662	4	3
81	82	97	98	-10.348089564164	4.345684051513672	4	3
79	80	98	99	-5.040526173803063	5.518199920654297	4	3
79	80	99	100	0.7925272224408614	4.258434772491455	4	3
78	79	100	101	-8.467735565070313	5.559630393981934	4	3
77	78	101	102	-12.93631641025535	4.339859485626221	4	3
76	77	102	103	-15.931733323865442	5.0225934982299805	4	3
75	76	103	104	-15.146994713088937	4.277277946472168	4	3
74	75	104	105	-10.882688560530026	4.911264896392822	4	3
73	74	105	106	-13.320275346394018	4.6151628494262695	4	3
72	73	106	107	-11.534651600177307	5.499536991119385	4	3
71	72	107	108	32.55804586788488	3.8524014949798584	4	3
69	70	108	109	11.179042080368525	5.622102737426758	4	3
69	70	109	110	-22.363041701811223	4.237628936767578	4	3
110	111	119	120	-14.608815434929397	5.413341999053955	5	4
109	110	120	121	-4.0507100836994825	4.381968975067139	5	4
107	108	121	122	-19.3801197035105	5.504912853240967	5	4
107	108	122	123	-61.372490021941154	4.443991184234619	5	4
106	107	123	124	-3.2116350259018476	5.614719867706299	5	4
105	106	124	125	-7.897684243052954	4.381178855895996	5	4
104	105	125	126	-17.61653817537311	5.192914009094238	5	4
103	104	126	127	-13.895041654530148	4.778402328491211	5	4
102	103	127	128	-23.124938344548855	5.160571098327637	5	4
101	102	128	129	-26.145452359045724	4.791778564453125	5	4
100	101	129	130	-31.673818227066857	4.586935520172119	5	4
99	100	130	131	-27.666323355991892	4.640717029571533	5	4
98	99	131	132	-14.441722400212937	5.313982009887695	5	4
97	98	132	133	-12.776738029503756	4.367987632751465	5	4
96	97	133	134	-35.168211990965695	5.275641441345215	5	4
95	96	134	135	-22.65229056851191	4.418512344360352	5	4
94	95	135	136	-18.512233782163875	5.029262542724609	5	4
93	94	136	137	-19.15807007537221	4.448922634124756	5	4
137	138	145	146	-77.19885295676038	5.182690620422363	6	5
137	138	146	147	-14.16160240959123	5.040677070617676	6	5
136	137	147	148	-14.079001521223159	4.502561092376709	6	5
135	136	148	149	-15.698723775678618	4.870029926300049	6	5
134	135	149	150	-4.158416463411271	4.607582092285156	6	5
133	134	150	151	0.5900315329704657	5.579601764678955	6	5
132	133	151	152	-17.385240436940528	3.7837629318237305	6	5
130	131	152	153	16.382842887862388	5.617148399353027	6	5
130	131	153	154	-35.32315940956351	4.007181644439697	6	5
129	130	154	155	-14.244379358860254	5.347187042236328	6	5
128	129	155	156	-45.22506321101134	4.173800945281982	6	5
124	125	160	161	-36.249493906687405	4.927554607391357	6	5
123	124	161	162	-14.364826457404986	5.052473545074463	6	5
122	123	162	163	-21.703629000343042	4.392967700958252	6	5
121	122	163	164	-5.318765280699207	5.161993026733398	6	5
120	121	164	165	-12.194899651472424	4.484623432159424	6	5
152	153	196	197	-15.902144940504781	5.133896350860596	7	6
151	152	197	198	-32.15710370634898	4.688538074493408	7	6
150	151	198	199	4.291942016011929	4.873561859130859	7	6
149	150	199	200	-0.33005866411426166	4.616781711578369	7	6
148	149	200	201	-11.17004411647035	5.078280448913574	7	6
147	148	201	202	-15.06766182790742	4.833996772766113	7	6
146	147	202	203	-50.5260375265957	5.113804340362549	7	6
145	146	203	204	-28.596349769008786	4.687185287475586	7	6
204	205	5	6	-68.58427239663676	5.298859596252441	0	7
204	205	6	7	-18.188893785188622	5.505105018615723	0	7
203	204	7	8	-20.113283216538104	4.095825672149658	0	7
201	202	8	9	-10.666465341127308	5.422623157501221	0	7
201	202	9	10	-44.609217154803275	3.8246982097625732	0	7
199	200	10	11	-21.29475035752046	5.249285697937012	0	7
199	200	11	12	20.52642278950149	4.354859352111816	0	7
9	10	18	19	-11.469950151980674	4.106678009033203	1	0
8	9	19	20	-10.030936634605524	5.067472457885742	1	0
7	8	20	21	-13.520334348185868	4.609357833862305	1	0
6	7	21	22	-30.104638900022433	5.044931888580322	1	0
5	6	22	23	-31.902954080090417	4.52721643447876	1	0
4	5	23	24	-15.807681099869013	5.276352882385254	1	0
3	4	24	25	-20.559209973202154	4.6240057945251465	1	0
24	25	34	35	-2.997755565908047	4.319653034210205	2	1
23	24	35	36	-10.795159256792498	5.3115973472595215	2	1
22	23	36	37	-15.108168897566202	4.2696027755737305	2	1
20	21	37	38	16.21242567907993	5.354920387268066	2	1
20	21	38	39	-16.567421000249464	3.7654058933258057	2	1
19	20	39	40	-13.366421302697674	5.406086444854736	2	1
18	19	40	41	-30.274316518756848	4.147058486938477	2	1
43	44	72	73	-54.1350773777602	4.588871002197266	3	2
42	43	73	74	-29.161597315077938	4.497635841369629	3	2
41	42	74	75	-6.391417715567226	5.438373565673828	3	2
40	41	75	76	-15.946346856170692	4.744337558746338	3	2
39	40	76	77	-10.83616646182772	4.931295871734619	3	2
38	39	77	78	-25.615322562437356	4.753584861755371	3	2
37	38	78	79	-16.623303890130234	5.324892044067383	3	2
36	37	79	80	-10.979386422244152	4.6909499168396	3	2
35	36	80	81	-15.228855529788664	5.1127519607543945	3	2
34	35	81	82	-32.68263184035898	4.769989490509033	3	2
33	34	82	83	-26.5488841374182	4.618368625640869	3	2
32	33	83	84	-24.417263096516862	4.829818248748779	3	2
83	84	95	96	-40.280695609836805	4.769334316253662	4	3
81	82	97	98	-10.348089564164	4.345684051513672	4	3
79	80	98	99	-5.040526173803063	5.518199920654297	4	3
79	80	99	100	0.7925272224408614	4.258434772491455	4	3
78	79	100	101	-8.467735565070313	5.559630393981934	4	3
77	78	101	102	-12.93631641025535	4.339859485626221	4	3
76	77	102	103	-15.931733323865442	5.0225934982299805	4	3
75	76	103	104	-15.146994713088937	4.277277946472168	4	3
74	75	104	105	-10.882688560530026	4.911264896392822	4	3
73	74	105	106	-13.320275346394018	4.6151628494262695	4	3
72	73	106	107	-11.534651600177307	5.499536991119385	4	3
71	72	107	108	32.55804586788488	3.8524014949798584	4	3
69	70	108	109	11.179042080368525	5.622102737426758	4	3
69	70	109	110	-22.363041701811223	4.237628936767578	4	3
110	111	119	120	-14.608815434929397	5.413341999053955	5	4
109	110	120	121	-4.0507100836994825	4.381968975067139	5	4
107	108	121	122	-19.3801197035105	5.504912853240967	5	4
107	108	122	123	-61.372490021941154	4.443991184234619	5	4
106	107	123	124	-3.2116350259018476	5.614719867706299	5	4
105	106	124	125	-7.897684243052954	4.381178855895996	5	4
104	105	125	126	-17.61653817537311	5.192914009094238	5	4
103	104	126	127	-13.895041654530148	4.778402328491211	5	4
102	103	127	128	-23.124938344548855	5.160571098327637	5	4
101	102	128	129	-26.145452359045724	4.791778564453125	5	4
100	101	129	130	-31.673818227066857	4.586935520172119	5	4
99	100	130	131	-27.666323355991892	4.640717029571533	5	4
98	99	131	132	-14.441722400212937	5.313982009887695	5	4
97	98	132	133	-12.776738029503756	4.367987632751465	5	4
96	97	133	134	-35.168211990965695	5.275641441345215	5	4
95	96	134	135	-22.65229056851191	4.418512344360352	5	4
94	95	135	136	-18.512233782163875	5.029262542724609	5	4
93	94	136	137	-19.15807007537221	4.448922634124756	5	4
137	138	145	146	-77.19885295676038	5.182690620422363	6	5
137	138	146	147	-14.16160240959123	5.040677070617676	6	5
136	137	147	148	-14.079001521223159	4.502561092376709	6	5
135	136	148	149	-15.698723775678618	4.870029926300049	6	5
134	135	149	150	-4.158416463411271	4.607582092285156	6	5
133	134	150	151	0.5900315329704657	5.579601764678955	6	5
132	133	151	152	-17.385240436940528	3.7837629318237305	6	5
130	131	152	153	16.382842887862388	5.617148399353027	6	5
130	131	153	154	-35.32315940956351	4.007181644439697	6	5
129	130	154	155	-14.244379358860254	5.347187042236328	6	5
128	129	155	156	-45.22506321101134	4.173800945281982	6	5
124	125	160	161	-36.249493906687405	4.927554607391357	6	5
123	124	161	162	-14.364826457404986	5.052473545074463	6	5
122	123	162	163	-21.703629000343042	4.392967700958252	6	5
121	122	163	164	-5.318765280699207	5.161993026733398	6	5
120	121	164	165	-12.194899651472424	4.484623432159424	6	5
152	153	196	197	-15.902144940504781	5.133896350860596	7	6
151	152	197	198	-32.15710370634898	4.688538074493408	7	6
150	151	198	199	4.291942016011929	4.873561859130859	7	6
149	150	199	200	-0.33005866411426166	4.616781711578369	7	6
148	149	200	201	-11.17004411647035	5.078280448913574	7	6
147	148	201	202	-15.06766182790742	4.833996772766113	7	6
146	147	202	203	-50.5260375265957	5.113804340362549	7	6
145	146	203	204	-28.596349769008786	4.687185287475586	7	6
