121	122	9	10	-2.694841318526404	5.519722938537598	0	8
120	121	10	11	-9.080116772842064	5.162545204162598	0	8
119	120	11	12	-2.0720572176467953	4.30617618560791	0	8
39	40	49	50	-11.460412941147053	4.599971771240234	2	1
38	39	50	51	-10.98413756540694	5.025276184082031	2	1
37	38	51	52	-16.789723097961502	4.628154754638672	2	1
50	51	58	59	-19.740528744062164	5.361206531524658	3	2
49	50	59	60	-19.58331762355219	4.15670919418335	3	2
48	49	60	61	-21.44524111619309	5.282983303070068	3	2
47	48	61	62	-3.968850040485511	4.317307949066162	3	2
66	67	80	81	13.65022085689489	5.340405464172363	4	3
66	67	81	82	-65.17480806105706	4.0560173988342285	4	3
63	64	82	83	176.3190601751801	5.2342400550842285	4	3
82	83	90	91	-29.96837887155379	5.0461297035217285	5	4
90	91	97	98	-67.16593286292186	5.6860857009887695	6	5
90	91	98	99	-7.6894785500766245	5.121201038360596	6	5
89	90	99	100	-10.165604254949411	4.604617595672607	6	5
100	101	108	109	-14.217158090985796	5.345815181732178	7	6
99	100	109	110	-16.414161360322424	4.5457963943481445	7	6
98	99	110	111	-11.177697247095718	5.038908004760742	7	6
97	98	111	112	-15.018022925535142	4.75119161605835	7	6
110	111	118	119	-20.36645303513192	4.9856953620910645	8	7
109	110	119	120	-15.634835502500005	4.619454860687256	8	7
108	109	120	121	-15.856689041574095	5.222434043884277	8	7
107	108	121	122	-14.567378980826335	4.502877712249756	8	7
121	122	9	10	-2.694841318526404	5.519722938537598	0	8
120	121	10	11	-9.080116772842064	5.162545204162598	0	8
119	120	11	12	-2.0720572176467953	4.30617618560791	0	8
39	40	49	50	-11.460412941147053	4.599971771240234	2	1
38	39	50	51	-10.98413756540694	5.025276184082031	2	1
37	38	51	52	-16.789723097961502	4.628154754638672	2	1
50	51	58	59	-19.740528744062164	5.361206531524658	3	2
49	50	59	60	-19.58331762355219	4.15670919418335	3	2
48	49	60	61	-21.44524111619309	5.282983303070068	3	2
47	48	61	62	-3.968850040485511	4.317307949066162	3	2
66	67	80	81	13.65022085689489	5.340405464172363	4	3
66	67	81	82	-65.17480806105706	4.0560173988342285	4	3
63	64	82	83	176.3190601751801	5.2342400550842285	4	3
82	83	90	91	-29.96837887155379	5.0461297035217285	5	4
90	91	97	98	-67.16593286292186	5.6860857009887695	6	5
90	91	98	99	-7.6894785500766245	5.121201038360596	6	5
89	90	99	100	-10.165604254949411	4.604617595672607	6	5
100	101	108	109	-14.217158090985796	5.345815181732178	7	6
99	100	109	110	-16.414161360322424	4.5457963943481445	7	6
98	99	110	111	-11.177697247095718	5.038908004760742	7	6
97	98	111	112	-15.018022925535142	4.75119161605835	7	6
110	111	118	119	-20.36645303513192	4.9856953620910645	8	7
109	110	119	120	-15.634835502500005	4.619454860687256	8	7
108	109	120	121	-15.856689041574095	5.222434043884277	8	7
107	108	121	122	-14.567378980826335	4.502877712249756	8	7
