401	402	19	20	-10.391830186389715	5.318670272827148	0	17
400	401	20	21	-39.51148849924865	5.161474704742432	0	17
399	400	21	22	-9.426828534069253	4.1474456787109375	0	17
398	399	22	23	-23.785918143755964	4.987557411193848	0	17
397	398	23	24	-13.648835211806162	4.199032306671143	0	17
396	397	24	25	6.353776656372693	5.248915195465088	0	17
395	396	25	26	-14.879974516477864	4.701946258544922	0	17
394	395	26	27	-6.005705570396667	4.8808064460754395	0	17
393	394	27	28	-0.23870633414919748	4.7724432945251465	0	17
392	393	28	29	-9.793006242930879	5.016361713409424	0	17
391	392	29	30	-5.42698653683112	4.400229454040527	0	17
390	391	30	31	3.2309191433538884	5.068639278411865	0	17
389	390	31	32	-19.971181004755543	4.4312920570373535	0	17
30	31	42	43	-17.713883538583566	5.107264041900635	1	0
29	30	43	44	-6.133165293679506	4.4346466064453125	1	0
28	29	44	45	-1.5048370210601152	4.907223701477051	1	0
27	28	45	46	-4.606281766425698	4.458189010620117	1	0
26	27	46	47	-18.759396640901873	5.013541221618652	1	0
25	26	47	48	6.48274625971311	4.793602466583252	1	0
24	25	48	49	-26.205417631982893	5.500116348266602	1	0
23	24	49	50	-22.16717891125313	4.921933174133301	1	0
22	23	50	51	-15.729054131470678	5.3616414070129395	1	0
21	22	51	52	-27.495745478853653	4.363853454589844	1	0
20	21	52	53	13.570517639525333	5.3853044509887695	1	0
19	20	53	54	-19.321879732380395	4.588787078857422	1	0
57	58	63	64	-77.67368624276905	4.752488613128662	2	1
56	57	64	65	6.9445496638060025	5.182471752166748	2	1
56	57	65	66	1.2991718501270704	4.8505096435546875	2	1
54	55	66	67	-5.316196131150815	5.691834449768066	2	1
53	54	67	68	10.434179276433388	4.036753177642822	2	1
52	53	68	69	-15.964633818141042	4.855301856994629	2	1
51	52	69	70	-11.93698497245914	4.900720596313477	2	1
50	51	70	71	-13.992021322307304	5.077644348144531	2	1
49	50	71	72	-5.306303319087864	4.226195812225342	2	1
47	48	72	73	18.438216040633307	5.316412448883057	2	1
47	48	73	74	-5.672349544112883	3.7994861602783203	2	1
46	47	74	75	-1.5188328687566408	5.577617168426514	2	1
45	46	75	76	-12.609353543504438	4.267556667327881	2	1
74	75	98	99	-17.8935016395035	5.457435131072998	3	2
73	74	99	100	-28.603424674131773	4.271790504455566	3	2
72	73	100	101	3.7145849440063934	4.646609306335449	3	2
71	72	101	102	5.234125904755017	4.928990364074707	3	2
70	71	102	103	-2.1356272824495055	5.489745140075684	3	2
69	70	103	104	-4.054372911203815	4.8269524574279785	3	2
68	69	104	105	-10.177043621494775	4.300304412841797	3	2
67	68	105	106	-14.026587961085118	4.665087699890137	3	2
66	67	106	107	-15.215677559002833	5.074856758117676	3	2
65	66	107	108	-35.65269103114813	4.643135070800781	3	2
64	65	108	109	-17.231679155034936	4.919963359832764	3	2
63	64	109	110	-18.86796315203734	4.5531110763549805	3	2
109	110	115	116	-14.21893399082525	4.508435249328613	4	3
108	109	116	117	-9.419515039529381	5.274053573608398	4	3
107	108	117	118	-18.63735343091813	4.408531188964844	4	3
106	107	118	119	-27.59950800134305	5.125429630279541	4	3
118	119	141	142	15.255589564375109	5.23245906829834	5	4
118	119	142	143	-12.159665616096174	5.30009126663208	5	4
117	118	143	144	-5.276288539468039	4.397671699523926	5	4
116	117	144	145	-12.76708626350221	5.242990970611572	5	4
115	116	145	146	-10.70666042561908	4.296639442443848	5	4
146	147	155	156	-13.440191631056933	5.181657791137695	6	5
145	146	156	157	-9.767740503188113	4.5660200119018555	6	5
144	145	157	158	-17.22337647653	5.184995651245117	6	5
143	144	158	159	22.242325311095026	4.15598201751709	6	5
142	143	159	160	20.184910305970945	5.498932361602783	6	5
141	142	160	161	-71.88218381734107	4.472593307495117	6	5
141	142	161	162	4.329022185537042	4.937228679656982	6	5
160	161	190	191	-6.945893728210991	4.762998580932617	7	6
159	160	191	192	-16.933561668645996	5.022862911224365	7	6
158	159	192	193	-22.643148213779874	4.41062068939209	7	6
157	158	193	194	-0.13026325666502162	5.227923393249512	7	6
156	157	194	195	9.938405472951022	4.38040018081665	7	6
155	156	195	196	-15.014768620527121	5.014134883880615	7	6
154	155	196	197	-16.152388929547005	4.663817882537842	7	6
199	200	204	205	-36.62045462266625	5.701921463012695	8	7
198	199	205	206	-17.633688139492453	4.075759410858154	8	7
197	198	206	207	-23.668362776168937	5.188253402709961	8	7
196	197	207	208	10.92584755280051	4.377837657928467	8	7
195	196	208	209	9.869491276719987	5.275430679321289	8	7
194	195	209	210	-18.379376909550707	4.195590019226074	8	7
193	194	210	211	-1.511058924165219	4.995203971862793	8	7
192	193	211	212	-5.612711254626366	4.409193515777588	8	7
191	192	212	213	-7.87229619759996	5.017200946807861	8	7
190	191	213	214	-40.8352570598193	4.244002819061279	8	7
212	213	216	217	-36.40886602112533	5.601949691772461	9	8
212	213	217	218	-10.175104709680651	5.416117191314697	9	8
211	212	218	219	-2.2784512370439067	4.164750099182129	9	8
210	211	219	220	-3.712438911252551	5.241564750671387	9	8
209	210	220	221	-19.912491234631876	4.877660274505615	9	8
208	209	221	222	-17.32051795662298	4.87224006652832	9	8
207	208	222	223	-11.850624535246109	4.449373722076416	9	8
206	207	223	224	-13.773083114772108	5.0263776779174805	9	8
205	206	224	225	-15.087515760784038	4.529109001159668	9	8
204	205	225	226	-4.340432419701766	5.0462799072265625	9	8
203	204	226	227	6.419386186920144	4.5686187744140625	9	8
227	228	234	235	-74.34462550822613	5.5272040367126465	10	9
227	228	235	236	-15.978917720203375	4.9915595054626465	10	9
226	227	236	237	-20.111256737917106	4.726424694061279	10	9
225	226	237	238	-1.8801407811603608	4.9394211769104	10	9
224	225	238	239	-4.8325059872714995	4.997286796569824	10	9
223	224	239	240	-0.7119637709940706	5.067760467529297	10	9
222	223	240	241	-14.817198560767673	4.511720180511475	10	9
221	222	241	242	-8.44581589073156	5.391104221343994	10	9
220	221	242	243	-11.811095516187063	4.202398777008057	10	9
219	220	243	244	-10.583880323921704	5.301247596740723	10	9
218	219	244	245	-22.93797721544272	4.2594828605651855	10	9
216	217	245	246	-10.828450130565155	5.576381206512451	10	9
245	246	255	256	15.539569953595057	4.696684837341309	11	10
244	245	256	257	-3.2901437695954017	4.921548843383789	11	10
243	244	257	258	-8.09118696804429	5.158031940460205	11	10
242	243	258	259	-6.9161096628013325	4.654968738555908	11	10
241	242	259	260	4.04041641394294	4.865575313568115	11	10
240	241	260	261	-6.246439390931223	4.645598411560059	11	10
239	240	261	262	-17.055984856613662	5.2596435546875	11	10
238	239	262	263	10.135641725634501	4.361971855163574	11	10
237	238	263	264	-13.611550094655927	4.957601070404053	11	10
236	237	264	265	-8.197202006099475	4.785503387451172	11	10
235	236	265	266	-18.388405002248636	5.009291648864746	11	10
234	235	266	267	-34.38563416337509	4.228002071380615	11	10
266	267	272	273	-10.473646401610427	4.445370197296143	12	11
265	266	273	274	-21.968718572670692	5.365525722503662	12	11
264	265	274	275	-5.418473848606265	4.086295127868652	12	11
263	264	275	276	-16.74031008842787	5.413227081298828	12	11
262	263	276	277	-4.312465740183503	4.168652057647705	12	11
260	261	277	278	59.100561552491044	5.5240278244018555	12	11
260	261	278	279	-3.8598225877178494	4.173080921173096	12	11
259	260	279	280	-16.184037537262096	5.3573899269104	12	11
258	259	280	281	-19.168904811361433	4.930965423583984	12	11
257	258	281	282	-37.61183653097281	4.901593208312988	12	11
256	257	282	283	50.628774555365354	4.967636585235596	12	11
255	256	283	284	60.00440352389687	5.43176794052124	12	11
279	280	310	311	6.1378364739841205	5.29139518737793	13	12
278	279	311	312	0.11406562424864711	4.362366676330566	13	12
277	278	312	313	-15.266022772089466	5.024806499481201	13	12
276	277	313	314	-12.48721302065878	4.345059871673584	13	12
275	276	314	315	-7.670771758753059	4.797946453094482	13	12
274	275	315	316	-19.7150246577989	4.705470085144043	13	12
273	274	316	317	-15.728561004931729	4.974689960479736	13	12
272	273	317	318	-4.344733556910659	4.789767265319824	13	12
271	272	318	319	-11.306285850477757	4.803893566131592	13	12
270	271	319	320	-6.4593341015914865	4.685202598571777	13	12
320	321	326	327	17.902552820949456	5.21375846862793	14	13
320	321	329	330	-29.254799160046606	5.452572822570801	14	13
319	320	330	331	-9.852100791469907	4.654146671295166	14	13
318	319	331	332	-7.08805174601452	5.326211452484131	14	13
317	318	332	333	-3.891339044672584	4.543637275695801	14	13
316	317	333	334	-4.655162208217031	5.396090507507324	14	13
315	316	334	335	1.2046458313058885	4.055136203765869	14	13
314	315	335	336	-8.475231467164853	5.251994609832764	14	13
313	314	336	337	-25.447929451101317	4.433119773864746	14	13
311	312	337	338	24.35103424014069	5.376425266265869	14	13
311	312	338	339	-24.682836836080952	4.00439977645874	14	13
310	311	339	340	-58.053007796433434	5.451131820678711	14	13
342	343	348	349	-68.65227457388156	4.791245937347412	15	14
339	340	349	350	-44.52686846814676	5.011092185974121	15	14
340	341	350	351	-60.47156806201428	4.3601460456848145	15	14
338	339	351	352	-4.692068605750711	4.33931303024292	15	14
337	338	352	353	-18.15994030750515	5.286789417266846	15	14
336	337	353	354	6.48898328833275	4.366934776306152	15	14
335	336	354	355	-9.173904676842884	5.132270336151123	15	14
334	335	355	356	-14.67829350672662	4.5686187744140625	15	14
333	334	356	357	-1.8815318140284925	5.2766499519348145	15	14
332	333	357	358	-4.403026851242802	4.333392143249512	15	14
331	332	358	359	-5.252690397343138	5.035191535949707	15	14
330	331	359	360	-15.195013350530665	4.654124736785889	15	14
329	330	360	361	-10.009133130595254	5.072724342346191	15	14
328	329	361	362	-3.5558401403188578	4.3697686195373535	15	14
361	362	372	373	-13.66980027921742	4.598764896392822	16	15
360	361	373	374	-3.5034516615756495	5.294919490814209	16	15
359	360	374	375	-3.8099539369275286	4.375771999359131	16	15
358	359	375	376	1.0190205395516299	5.295210361480713	16	15
357	358	376	377	-23.0788642174971	4.722594261169434	16	15
356	357	377	378	-16.439517914002614	5.172186374664307	16	15
355	356	378	379	-8.045241016537352	4.55092716217041	16	15
354	355	379	380	2.987323688321381	5.179980278015137	16	15
353	354	380	381	-16.839140173487294	4.512820243835449	16	15
352	353	381	382	2.3368353583448123	5.634299278259277	16	15
351	352	382	383	-4.071791854464761	4.03030252456665	16	15
379	380	388	389	-3.767602513237137	4.915050506591797	17	16
378	379	389	390	-6.762999274820754	4.699954509735107	17	16
377	378	390	391	-5.811193793100861	5.013347625732422	17	16
376	377	391	392	-5.467061034811376	4.546117782592773	17	16
375	376	392	393	-13.39653377532355	4.91394567489624	17	16
374	375	393	394	-18.0620147428914	4.741788387298584	17	16
373	374	394	395	-10.987023953615186	5.07290506362915	17	16
372	373	395	396	-7.1214764558389785	4.588618755340576	17	16
