162	163	18	19	-49.06188434474336	5.420980453491211	0	9
161	162	19	20	-39.973035784299206	4.472480297088623	0	9
159	160	20	21	-25.52590609291885	4.785675048828125	0	9
159	160	21	22	17.79091499651484	3.942937135696411	0	9
157	158	22	23	-9.849774684671598	5.579654216766357	0	9
157	158	23	24	-7.384975957832666	3.7178242206573486	0	9
156	157	24	25	-11.296720369136096	5.720539569854736	0	9
155	156	25	26	-9.892294665654168	4.399250507354736	0	9
24	25	33	34	-21.518936000239368	5.2929816246032715	1	0
23	24	34	35	-36.648439378911135	4.091520309448242	1	0
22	23	35	36	-20.191092640108657	5.412309646606445	1	0
21	22	36	37	-52.48129352641872	4.307615756988525	1	0
20	21	37	38	-1.6524114968512347	5.323921203613281	1	0
19	20	38	39	-16.969788957521818	4.408437728881836	1	0
18	19	39	40	-17.415827038378456	5.106849193572998	1	0
17	18	40	41	-19.07098470105333	4.479060173034668	1	0
41	42	49	50	-78.08700609615279	5.556996822357178	2	1
41	42	50	51	-19.716277929878878	5.068281173706055	2	1
40	41	51	52	-4.267515629588077	4.754491806030273	2	1
39	40	52	53	-8.119437369316204	5.470813274383545	2	1
38	39	53	54	-10.916361846777034	4.416445732116699	2	1
37	38	54	55	-13.886599941278616	5.461929798126221	2	1
36	37	55	56	-22.949865826265388	4.338037014007568	2	1
55	56	64	65	1.7532031851580612	4.783141136169434	3	2
54	55	65	66	-13.410633023955723	5.392239570617676	3	2
53	54	66	67	10.381688062118489	4.335322380065918	3	2
52	53	67	68	-1.026811114197779	5.232413291931152	3	2
51	52	68	69	13.96294771603024	4.390452861785889	3	2
50	51	69	70	-47.15229044481798	5.407599449157715	3	2
49	50	70	71	-24.252264096827805	4.670023441314697	3	2
48	49	71	72	-5.919478776140666	4.984485149383545	3	2
47	48	72	73	-38.99610006111612	4.189958095550537	3	2
72	73	79	80	-27.004724906711346	4.684105396270752	4	3
71	72	80	81	-19.119535345397825	5.011556625366211	4	3
70	71	81	82	-15.836755961270407	4.521346569061279	4	3
69	70	82	83	18.118659791252306	5.244781970977783	4	3
68	69	83	84	-50.973926870523364	4.4694108963012695	4	3
67	68	84	85	-18.142060122228276	5.50801944732666	4	3
84	85	89	90	-17.493601789904428	5.272741794586182	5	4
83	84	90	91	-16.862361160726604	4.628378868103027	5	4
82	83	91	92	-7.7772169142844305	5.112009525299072	5	4
81	82	92	93	-9.037350588288021	4.611568450927734	5	4
80	81	93	94	-21.8775933558566	5.0738067626953125	5	4
79	80	94	95	-7.023200077661259	4.642589569091797	5	4
78	79	95	96	-44.505792848986545	5.356406211853027	5	4
77	78	96	97	-32.455691444817504	4.4540114402771	5	4
97	98	104	105	-56.240080071954566	5.7184529304504395	6	5
96	97	105	106	38.59019348700662	5.394501686096191	6	5
96	97	106	107	-31.423520822328207	4.19224739074707	6	5
94	95	107	108	-8.561823908948064	5.559032917022705	6	5
94	95	108	109	-47.45764408820629	4.174985408782959	6	5
92	93	109	110	-17.494243021888025	4.536403656005859	6	5
92	93	110	111	-135.42204375101963	4.217416286468506	6	5
93	94	112	113	-84.69386184738073	5.691032409667969	6	5
92	93	114	115	37.36476215472391	4.84739875793457	6	5
91	92	115	116	1.0923241214604946	4.9053955078125	6	5
90	91	116	117	-11.58531895128598	4.598600387573242	6	5
109	110	127	128	-42.54964999541356	5.705300331115723	7	6
109	110	128	129	4.449361354973163	5.547961711883545	7	6
108	109	129	130	-16.66789354108442	4.164741516113281	7	6
107	108	130	131	-3.716812684986672	5.146626949310303	7	6
106	107	131	132	-6.1280794106944	4.700727939605713	7	6
105	106	132	133	-14.608239814434151	5.062677383422852	7	6
104	105	133	134	-10.073760536782464	4.626285076141357	7	6
133	134	139	140	-9.077889733031743	4.388095378875732	8	7
132	133	140	141	-20.981262121219217	5.327415943145752	8	7
131	132	141	142	-1.0781401581001044	4.377747058868408	8	7
130	131	142	143	-9.704363638987665	5.306195259094238	8	7
129	130	143	144	-16.365973944451362	4.541903972625732	8	7
128	129	144	145	-15.017343454716276	5.093490123748779	8	7
127	128	145	146	-5.034784611209958	4.624809265136719	8	7
143	144	155	156	2.8486203649956017	5.111292839050293	9	8
142	143	156	157	-13.02261530608438	5.103395938873291	9	8
141	142	157	158	6.780791938227562	4.329146385192871	9	8
140	141	158	159	-1.0484670288616442	5.621560096740723	9	8
139	140	159	160	-19.78783127281586	4.324493408203125	9	8
162	163	18	19	-49.06188434474336	5.420980453491211	0	9
161	162	19	20	-39.973035784299206	4.472480297088623	0	9
159	160	20	21	-25.52590609291885	4.785675048828125	0	9
159	160	21	22	17.79091499651484	3.942937135696411	0	9
157	158	22	23	-9.849774684671598	5.579654216766357	0	9
157	158	23	24	-7.384975957832666	3.7178242206573486	0	9
156	157	24	25	-11.296720369136096	5.720539569854736	0	9
155	156	25	26	-9.892294665654168	4.399250507354736	0	9
24	25	33	34	-21.518936000239368	5.2929816246032715	1	0
23	24	34	35	-36.648439378911135	4.091520309448242	1	0
22	23	35	36	-20.191092640108657	5.412309646606445	1	0
21	22	36	37	-52.48129352641872	4.307615756988525	1	0
20	21	37	38	-1.6524114968512347	5.323921203613281	1	0
19	20	38	39	-16.969788957521818	4.408437728881836	1	0
18	19	39	40	-17.415827038378456	5.106849193572998	1	0
17	18	40	41	-19.07098470105333	4.479060173034668	1	0
41	42	49	50	-78.08700609615279	5.556996822357178	2	1
41	42	50	51	-19.716277929878878	5.068281173706055	2	1
40	41	51	52	-4.267515629588077	4.754491806030273	2	1
39	40	52	53	-8.119437369316204	5.470813274383545	2	1
38	39	53	54	-10.916361846777034	4.416445732116699	2	1
37	38	54	55	-13.886599941278616	5.461929798126221	2	1
36	37	55	56	-22.949865826265388	4.338037014007568	2	1
55	56	64	65	1.7532031851580612	4.783141136169434	3	2
54	55	65	66	-13.410633023955723	5.392239570617676	3	2
53	54	66	67	10.381688062118489	4.335322380065918	3	2
52	53	67	68	-1.026811114197779	5.232413291931152	3	2
51	52	68	69	13.96294771603024	4.390452861785889	3	2
50	51	69	70	-47.15229044481798	5.407599449157715	3	2
49	50	70	71	-24.252264096827805	4.670023441314697	3	2
48	49	71	72	-5.919478776140666	4.984485149383545	3	2
47	48	72	73	-38.99610006111612	4.189958095550537	3	2
72	73	79	80	-27.004724906711346	4.684105396270752	4	3
71	72	80	81	-19.119535345397825	5.011556625366211	4	3
70	71	81	82	-15.836755961270407	4.521346569061279	4	3
69	70	82	83	18.118659791252306	5.244781970977783	4	3
68	69	83	84	-50.973926870523364	4.4694108963012695	4	3
67	68	84	85	-18.142060122228276	5.50801944732666	4	3
84	85	89	90	-17.493601789904428	5.272741794586182	5	4
83	84	90	91	-16.862361160726604	4.628378868103027	5	4
82	83	91	92	-7.7772169142844305	5.112009525299072	5	4
81	82	92	93	-9.037350588288021	4.611568450927734	5	4
80	81	93	94	-21.8775933558566	5.0738067626953125	5	4
79	80	94	95	-7.023200077661259	4.642589569091797	5	4
78	79	95	96	-44.505792848986545	5.356406211853027	5	4
77	78	96	97	-32.455691444817504	4.4540114402771	5	4
97	98	104	105	-56.240080071954566	5.7184529304504395	6	5
96	97	105	106	38.59019348700662	5.394501686096191	6	5
96	97	106	107	-31.423520822328207	4.19224739074707	6	5
94	95	107	108	-8.561823908948064	5.559032917022705	6	5
94	95	108	109	-47.45764408820629	4.174985408782959	6	5
92	93	109	110	-17.494243021888025	4.536403656005859	6	5
92	93	110	111	-135.42204375101963	4.217416286468506	6	5
93	94	112	113	-84.69386184738073	5.691032409667969	6	5
92	93	114	115	37.36476215472391	4.84739875793457	6	5
91	92	115	116	1.0923241214604946	4.9053955078125	6	5
90	91	116	117	-11.58531895128598	4.598600387573242	6	5
109	110	127	128	-42.54964999541356	5.705300331115723	7	6
109	110	128	129	4.449361354973163	5.547961711883545	7	6
108	109	129	130	-16.66789354108442	4.164741516113281	7	6
107	108	130	131	-3.716812684986672	5.146626949310303	7	6
106	107	131	132	-6.1280794106944	4.700727939605713	7	6
105	106	132	133	-14.608239814434151	5.062677383422852	7	6
104	105	133	134	-10.073760536782464	4.626285076141357	7	6
133	134	139	140	-9.077889733031743	4.388095378875732	8	7
132	133	140	141	-20.981262121219217	5.327415943145752	8	7
131	132	141	142	-1.0781401581001044	4.377747058868408	8	7
130	131	142	143	-9.704363638987665	5.306195259094238	8	7
129	130	143	144	-16.365973944451362	4.541903972625732	8	7
128	129	144	145	-15.017343454716276	5.093490123748779	8	7
127	128	145	146	-5.034784611209958	4.624809265136719	8	7
143	144	155	156	2.8486203649956017	5.111292839050293	9	8
142	143	156	157	-13.02261530608438	5.103395938873291	9	8
141	142	157	158	6.780791938227562	4.329146385192871	9	8
140	141	158	159	-1.0484670288616442	5.621560096740723	9	8
139	140	159	160	-19.78783127281586	4.324493408203125	9	8
