434	435	43	44	-68.80676171135238	5.306731700897217	0	13
434	435	44	45	-17.082916177050038	5.009802341461182	0	13
433	434	45	46	-24.45949784019765	4.250954627990723	0	13
432	433	46	47	-7.548023812800397	5.555901050567627	0	13
431	432	47	48	-16.208045050270833	4.4815545082092285	0	13
430	431	48	49	-25.103024709433743	5.034338474273682	0	13
429	430	49	50	21.514453347888423	3.8326239585876465	0	13
428	429	50	51	-3.4351966565248513	5.704643726348877	0	13
427	428	51	52	-15.690754796709742	4.5853986740112305	0	13
426	427	52	53	-16.89303961240283	5.161988735198975	0	13
425	426	53	54	-15.962933356937366	4.8137993812561035	0	13
48	49	84	85	-3.396746701740499	5.212742328643799	1	0
47	48	85	86	0.7310365031134122	4.500043869018555	1	0
46	47	86	87	-14.441502766934958	4.737557411193848	1	0
45	46	87	88	-7.636783193577393	4.7648210525512695	1	0
44	45	88	89	-10.213161173716678	4.941455841064453	1	0
43	44	89	90	-16.73175267020808	4.424266815185547	1	0
89	90	95	96	-5.485164070702294	4.635928153991699	2	1
88	89	96	97	-22.347144044138652	5.312787055969238	2	1
87	88	97	98	10.724503557773646	4.2218546867370605	2	1
86	87	98	99	-7.057065768311263	5.475584506988525	2	1
85	86	99	100	11.722230827192597	4.1177191734313965	2	1
107	108	130	131	-23.52010845472249	5.107169151306152	3	2
107	108	131	132	15.22081624475943	5.129467487335205	3	2
106	107	132	133	10.705648690485809	4.024293422698975	3	2
103	104	134	135	-43.63349882975262	4.9083662033081055	3	2
103	104	135	136	17.448860645040916	5.166477203369141	3	2
101	102	136	137	-24.05840201864295	4.372093200683594	3	2
100	101	137	138	-20.497287908054208	5.325403213500977	3	2
99	100	138	139	-29.70287333322537	4.663673400878906	3	2
97	98	139	140	56.822052750934816	5.529569625854492	3	2
97	98	140	141	-23.526221466316404	4.431081295013428	3	2
96	97	141	142	-14.004698720366552	5.256959438323975	3	2
95	96	142	143	-8.845280175824325	4.345992565155029	3	2
145	146	150	151	-45.14587639161943	5.605327606201172	4	3
144	145	151	152	-22.778427383304397	4.327561378479004	4	3
143	144	152	153	-16.47086785467002	5.620574951171875	4	3
142	143	153	154	5.002617824373816	4.005909442901611	4	3
140	141	154	155	16.354642937506917	5.546730995178223	4	3
140	141	155	156	-22.23237148356988	3.8905065059661865	4	3
138	139	156	157	16.306134983018925	5.356539726257324	4	3
138	139	157	158	-20.00978384952642	3.7491602897644043	4	3
137	138	158	159	-17.72195048181223	5.000453948974609	4	3
136	137	159	160	-8.823995411177018	4.435918807983398	4	3
135	136	160	161	-1.3934653742713252	4.668720722198486	4	3
134	135	161	162	-10.952209455436753	4.3620076179504395	4	3
133	134	162	163	-12.733668067396437	4.969715118408203	4	3
132	133	163	164	19.657726602796973	4.072340488433838	4	3
131	132	164	165	1.329660560894714	5.497175216674805	4	3
130	131	165	166	9.998244070443414	3.690096616744995	4	3
167	168	199	200	-74.29848368578548	5.469239711761475	5	4
167	168	200	201	28.25744811029204	4.921046257019043	5	4
167	168	201	202	-45.2884524527642	4.567281246185303	5	4
165	166	203	204	4.347315004112325	4.883624076843262	5	4
163	164	204	205	84.21630214315648	4.666764259338379	5	4
163	164	213	214	-53.97513485500887	5.230879306793213	5	4
161	162	215	216	-3.892033706771627	4.1375579833984375	5	4
160	161	216	217	-27.914648076890177	5.5057759284973145	5	4
159	160	217	218	-30.12275351634162	4.931300640106201	5	4
158	159	218	219	-44.37364712434152	4.9300856590271	5	4
157	158	219	220	-22.94050456017721	4.918237686157227	5	4
156	157	220	221	-32.255806703045536	5.141765117645264	5	4
155	156	221	222	15.539985249074194	4.005483150482178	5	4
154	155	222	223	-3.6022859965069145	5.292071342468262	5	4
153	154	223	224	-13.961043091117075	3.8252079486846924	5	4
152	153	224	225	-25.694490103560877	5.516677379608154	5	4
151	152	225	226	-10.954664447957027	4.256170749664307	5	4
150	151	226	227	-10.385846731822312	5.376925468444824	5	4
228	229	233	234	-44.34081591271793	5.632901668548584	6	5
227	228	234	235	-18.761147252562015	4.567511081695557	6	5
226	227	235	236	-26.92818845873293	5.440351963043213	6	5
225	226	236	237	2.486053760797616	4.0786919593811035	6	5
223	224	237	238	19.69125516768696	5.395326614379883	6	5
223	224	238	239	-33.36464949280318	3.823301076889038	6	5
221	222	239	240	25.79304038714806	5.555945873260498	6	5
221	222	240	241	-49.84147414159529	4.3590617179870605	6	5
221	222	241	242	45.8356412907831	5.693955421447754	6	5
219	220	243	244	-19.630334411745462	4.515505790710449	6	5
218	219	244	245	13.822138702458933	5.125063896179199	6	5
217	218	245	246	-67.9944601595557	3.746899127960205	6	5
217	218	246	247	21.0866906076983	5.65255069732666	6	5
215	216	248	249	-69.74063840014041	4.837932109832764	6	5
213	214	249	250	7.271879264265582	4.779115676879883	6	5
213	214	250	251	18.707722372527694	3.9554760456085205	6	5
203	204	252	253	0.36335722346470445	4.477522850036621	6	5
202	203	253	254	-9.546650221760332	5.318420886993408	6	5
201	202	254	255	-4.833786562351935	4.1927690505981445	6	5
200	201	255	256	-26.163033315232912	4.968234062194824	6	5
199	200	256	257	6.301014803698327	4.007232666015625	6	5
255	256	264	265	-2.4400194536815913	4.773266315460205	7	6
254	255	265	266	-27.272132933186263	4.222558975219727	7	6
253	254	266	267	-29.767533514371603	5.051823616027832	7	6
252	253	267	268	-17.558843325175896	4.0188798904418945	7	6
251	252	268	269	-37.94531888522496	5.49936056137085	7	6
250	251	269	270	-38.70027767222248	3.4573917388916016	7	6
249	250	270	271	-8.90583565730639	5.325035095214844	7	6
248	249	271	272	-7.228782435591761	4.480304718017578	7	6
247	248	272	273	-21.57197933210899	4.8240485191345215	7	6
246	247	273	274	-21.493721483274086	4.986324787139893	7	6
242	243	277	278	-12.863614200743672	5.225766181945801	7	6
241	242	278	279	22.77894833381162	4.9997334480285645	7	6
241	242	279	280	-39.30459451792127	3.9412784576416016	7	6
239	240	280	281	-9.60212656420709	4.77167272567749	7	6
238	239	281	282	-9.408058198321639	4.756348609924316	7	6
237	238	282	283	-5.853543893859617	5.150174617767334	7	6
236	237	283	284	-21.94187990538168	4.078752040863037	7	6
235	236	284	285	-15.763954891242529	5.561681747436523	7	6
234	235	285	286	-17.239601940941146	4.553960800170898	7	6
233	234	286	287	-13.009845226507469	5.397756099700928	7	6
232	233	287	288	-6.402172838111532	4.5102386474609375	7	6
288	289	293	294	-32.1051864520645	5.637481689453125	8	7
287	288	294	295	-15.004059475732841	4.269961357116699	8	7
286	287	295	296	-10.320765833968467	5.511635780334473	8	7
285	286	296	297	-9.480521880216957	4.224245548248291	8	7
284	285	297	298	-0.012827522512683731	5.357823848724365	8	7
283	284	298	299	-27.34168996456082	3.8147025108337402	8	7
282	283	299	300	-6.676578670987018	5.392272472381592	8	7
281	282	300	301	-9.65843598600123	4.429182529449463	8	7
280	281	301	302	-5.409918054715312	5.220327377319336	8	7
279	280	302	303	-38.3435860901628	4.695770263671875	8	7
277	278	303	304	-26.238548272015144	5.440356731414795	8	7
277	278	304	305	-121.12122232722976	5.221961498260498	8	7
273	274	311	312	-11.92254419911147	5.101254940032959	8	7
271	272	313	314	-22.118433600879104	4.945735931396484	8	7
270	271	314	315	-20.098645793741195	5.0065178871154785	8	7
269	270	315	316	-35.45019588514265	4.759775161743164	8	7
311	312	326	327	35.71913937222946	5.2113776206970215	9	8
311	312	327	328	-36.44066041219595	3.996894359588623	9	8
310	311	328	329	-35.251286496341585	5.0194010734558105	9	8
309	310	329	330	-35.244858870109105	5.533075332641602	9	8
307	308	330	331	98.50267061395645	5.448533058166504	9	8
307	308	331	332	26.957650682811646	5.743878364562988	9	8
304	305	332	333	90.30204863789102	5.382627487182617	9	8
304	305	333	334	60.029316837568444	4.633091449737549	9	8
302	303	334	335	-6.262711333953627	4.488194465637207	9	8
301	302	335	336	-19.731332771312907	5.024822235107422	9	8
300	301	336	337	-19.485380837866657	4.588158130645752	9	8
299	300	337	338	-14.962559895401768	5.151370525360107	9	8
298	299	338	339	-10.585782291983918	4.780539035797119	9	8
297	298	339	340	-11.262790436211699	5.23963737487793	9	8
296	297	340	341	-7.040379800466679	4.378632545471191	9	8
295	296	341	342	-21.772819171752246	5.395077705383301	9	8
294	295	342	343	-23.781554753528614	4.390422821044922	9	8
293	294	343	344	-4.02352674461044	5.377303600311279	9	8
345	346	350	351	-37.841440123370674	5.622916221618652	10	9
344	345	351	352	-15.639393974682248	4.528433322906494	10	9
343	344	352	353	-25.112204529543035	4.983653545379639	10	9
342	343	353	354	-5.337281962651842	4.518943786621094	10	9
341	342	354	355	-15.716788186823473	5.5519795417785645	10	9
340	341	355	356	4.634098335135677	3.659264087677002	10	9
339	340	356	357	5.102044631648606	5.468521595001221	10	9
338	339	357	358	-11.960836118530063	4.550944805145264	10	9
337	338	358	359	-10.639381722908734	5.220118045806885	10	9
336	337	359	360	-15.943987097438066	3.988544464111328	10	9
357	358	378	379	1.8913770526124953	4.647948265075684	11	10
356	357	379	380	-15.998294157819528	5.324355602264404	11	10
355	356	380	381	-30.530719651515412	4.952297687530518	11	10
354	355	381	382	-7.825184660221724	4.822317600250244	11	10
353	354	382	383	-2.307462854593385	4.1452317237854	11	10
352	353	383	384	-17.47679157905269	4.8828816413879395	11	10
351	352	384	385	-12.443911025099938	4.704874515533447	11	10
350	351	385	386	-13.343698927123201	5.064731597900391	11	10
387	388	392	393	-43.16737183130935	5.394987106323242	12	11
386	387	393	394	-18.39195334016456	4.353697776794434	12	11
385	386	394	395	-10.668432646461449	5.498323917388916	12	11
384	385	395	396	-10.391993842963519	4.231470584869385	12	11
382	383	396	397	31.654527778019233	5.44551944732666	12	11
382	383	397	398	-20.39398370556242	3.8448421955108643	12	11
381	382	398	399	-6.168580804465751	5.442875862121582	12	11
380	381	399	400	-19.9915813178869	4.493617057800293	12	11
378	379	400	401	2.3165825255934025	4.9603271484375	12	11
378	379	401	402	-58.351869812992554	3.7955715656280518	12	11
400	401	424	425	-14.835492750208621	5.205811977386475	13	12
399	400	425	426	-9.28731257392059	4.745718955993652	13	12
398	399	426	427	0.20537506056974178	4.819900989532471	13	12
397	398	427	428	-18.23761239160141	4.293854236602783	13	12
396	397	428	429	-9.36025917910094	5.1996307373046875	13	12
395	396	429	430	-9.083907761610364	4.412269115447998	13	12
394	395	430	431	-17.63045797673941	5.216357231140137	13	12
393	394	431	432	-16.841942995648907	4.596336841583252	13	12
392	393	432	433	-9.37639601416549	5.3924174308776855	13	12
391	392	433	434	-5.647886998414151	4.51704216003418	13	12
