138	139	24	25	-53.36215372131192	5.074079990386963	0	7
137	138	25	26	-31.22422701498405	5.336086750030518	0	7
136	137	26	27	-63.626018427105855	4.3474345207214355	0	7
167	168	27	28	-50.11436781096521	5.114990711212158	0	7
166	167	28	29	-35.113289103855905	4.248377323150635	0	7
134	135	29	30	-2.5448491519072207	4.441321849822998	0	7
25	26	41	42	-27.25180785341803	5.449423313140869	1	0
24	25	42	43	-19.082692985048038	4.6410112380981445	1	0
45	46	53	54	-60.07276812456427	5.670975208282471	2	1
45	46	54	55	-29.063366481483435	5.503019332885742	2	1
44	45	55	56	-8.465965640506212	4.261496543884277	2	1
43	44	56	57	-13.13404690893095	5.3478899002075195	2	1
42	43	57	58	-12.852231322746759	3.9575612545013428	2	1
41	42	58	59	-8.131800444017914	5.568182468414307	2	1
40	41	59	60	39.64583025213991	4.30650520324707	2	1
60	61	69	70	-36.88166124927508	5.425981044769287	3	2
59	60	70	71	-54.56560584351976	4.49290132522583	3	2
58	59	71	72	-3.363115007650695	5.5126729011535645	3	2
57	58	72	73	-25.158483819097007	4.796623706817627	3	2
56	57	73	74	-24.510142185679577	5.074779510498047	3	2
55	56	74	75	-19.003193815973756	4.573158264160156	3	2
54	55	75	76	-5.5566781834951104	5.166226387023926	3	2
53	54	76	77	-30.706120491996238	4.354784965515137	3	2
76	77	87	88	31.91148710175987	5.4922075271606445	4	3
76	77	88	89	-31.45585393472097	4.57485818862915	4	3
75	76	89	90	-15.773197061838507	5.297971725463867	4	3
74	75	90	91	-15.102016701703747	4.155336856842041	4	3
89	90	100	101	-23.34235891499181	5.392933368682861	5	4
88	89	101	102	-18.86165697636905	4.38296365737915	5	4
87	88	102	103	-37.49384419654313	5.152207374572754	5	4
86	87	103	104	-42.1654825785821	4.785759925842285	5	4
108	109	114	115	55.193200020322784	5.475579738616943	6	5
108	109	115	116	-1.6893127230988	4.0895161628723145	6	5
107	108	116	117	32.73301915522771	5.27942419052124	6	5
105	106	117	118	-28.06646468517893	4.719120025634766	6	5
104	105	118	119	-41.055758020254466	5.158012866973877	6	5
102	103	119	120	-87.21363814611497	5.361189365386963	6	5
121	122	131	132	37.63772232317241	5.074081897735596	7	6
119	120	132	133	-7.269850389634812	4.31728458404541	7	6
118	119	133	134	-10.725224866268473	5.384621620178223	7	6
117	118	134	135	-11.323110359020928	4.434672832489014	7	6
116	117	135	136	-12.48740110429722	5.230943202972412	7	6
115	116	136	137	-19.01471087067684	4.725631237030029	7	6
114	115	137	138	-16.042765240990825	5.047626972198486	7	6
138	139	24	25	-53.36215372131192	5.074079990386963	0	7
137	138	25	26	-31.22422701498405	5.336086750030518	0	7
136	137	26	27	-63.626018427105855	4.3474345207214355	0	7
167	168	27	28	-50.11436781096521	5.114990711212158	0	7
166	167	28	29	-35.113289103855905	4.248377323150635	0	7
134	135	29	30	-2.5448491519072207	4.441321849822998	0	7
25	26	41	42	-27.25180785341803	5.449423313140869	1	0
24	25	42	43	-19.082692985048038	4.6410112380981445	1	0
45	46	53	54	-60.07276812456427	5.670975208282471	2	1
45	46	54	55	-29.063366481483435	5.503019332885742	2	1
44	45	55	56	-8.465965640506212	4.261496543884277	2	1
43	44	56	57	-13.13404690893095	5.3478899002075195	2	1
42	43	57	58	-12.852231322746759	3.9575612545013428	2	1
41	42	58	59	-8.131800444017914	5.568182468414307	2	1
40	41	59	60	39.64583025213991	4.30650520324707	2	1
60	61	69	70	-36.88166124927508	5.425981044769287	3	2
59	60	70	71	-54.56560584351976	4.49290132522583	3	2
58	59	71	72	-3.363115007650695	5.5126729011535645	3	2
57	58	72	73	-25.158483819097007	4.796623706817627	3	2
56	57	73	74	-24.510142185679577	5.074779510498047	3	2
55	56	74	75	-19.003193815973756	4.573158264160156	3	2
54	55	75	76	-5.5566781834951104	5.166226387023926	3	2
53	54	76	77	-30.706120491996238	4.354784965515137	3	2
76	77	87	88	31.91148710175987	5.4922075271606445	4	3
76	77	88	89	-31.45585393472097	4.57485818862915	4	3
75	76	89	90	-15.773197061838507	5.297971725463867	4	3
74	75	90	91	-15.102016701703747	4.155336856842041	4	3
89	90	100	101	-23.34235891499181	5.392933368682861	5	4
88	89	101	102	-18.86165697636905	4.38296365737915	5	4
87	88	102	103	-37.49384419654313	5.152207374572754	5	4
86	87	103	104	-42.1654825785821	4.785759925842285	5	4
108	109	114	115	55.193200020322784	5.475579738616943	6	5
108	109	115	116	-1.6893127230988	4.0895161628723145	6	5
107	108	116	117	32.73301915522771	5.27942419052124	6	5
105	106	117	118	-28.06646468517893	4.719120025634766	6	5
104	105	118	119	-41.055758020254466	5.158012866973877	6	5
102	103	119	120	-87.21363814611497	5.361189365386963	6	5
121	122	131	132	37.63772232317241	5.074081897735596	7	6
119	120	132	133	-7.269850389634812	4.31728458404541	7	6
118	119	133	134	-10.725224866268473	5.384621620178223	7	6
117	118	134	135	-11.323110359020928	4.434672832489014	7	6
116	117	135	136	-12.48740110429722	5.230943202972412	7	6
115	116	136	137	-19.01471087067684	4.725631237030029	7	6
114	115	137	138	-16.042765240990825	5.047626972198486	7	6
