420	421	15	16	-36.84136303742628	5.473029136657715	0	17
419	420	16	17	-15.467881014791095	5.0684027671813965	0	17
418	419	17	18	-13.748475220065718	5.261512756347656	0	17
417	418	18	19	-17.11833104485143	4.624466896057129	0	17
416	417	19	20	-8.302389486735509	5.202669143676758	0	17
415	416	20	21	-7.25810275793038	4.957858562469482	0	17
414	415	21	22	-5.974574417065682	4.737732887268066	0	17
413	414	22	23	-1.7198626166046602	4.817474365234375	0	17
412	413	23	24	-5.031256090085006	4.786293029785156	0	17
411	412	24	25	-8.315906263942612	4.382277011871338	0	17
410	411	25	26	-13.42193190074645	4.632148265838623	0	17
409	410	26	27	-7.952924128895384	4.818395614624023	0	17
25	26	36	37	-3.2294560326181503	5.497241020202637	1	0
24	25	37	38	2.8886769807730803	4.412237644195557	1	0
23	24	38	39	-6.575881385459366	5.107339382171631	1	0
22	23	39	40	-6.189950575596722	4.733925819396973	1	0
21	22	40	41	-22.671043630799254	5.155045032501221	1	0
20	21	41	42	-13.904340039871292	5.007190704345703	1	0
19	20	42	43	-22.648308932641537	4.701313018798828	1	0
18	19	43	44	-8.438853014768037	4.624837875366211	1	0
17	18	44	45	-12.127023825026393	5.008619785308838	1	0
16	17	45	46	-14.708687552019832	4.364469528198242	1	0
15	16	46	47	-10.48801687841555	5.090740203857422	1	0
14	15	47	48	-7.987593785332444	4.354455471038818	1	0
51	52	57	58	-74.00300373810045	4.728667736053467	2	1
51	52	58	59	-44.647544538781126	5.05465841293335	2	1
50	51	59	60	8.142352626153036	4.954125881195068	2	1
48	49	60	61	-1.8566885426975521	5.074161052703857	2	1
47	48	61	62	-1.5712489140948855	4.566896915435791	2	1
46	47	62	63	-17.290632700964366	5.179491996765137	2	1
45	46	63	64	2.535390170224838	4.547112941741943	2	1
44	45	64	65	-11.679271753377924	5.333147048950195	2	1
43	44	65	66	0.5723348399534749	4.647098064422607	2	1
42	43	66	67	-6.937248981361202	5.252857685089111	2	1
41	42	67	68	-5.5594045151109786	4.132996082305908	2	1
66	67	101	102	-6.2339486572359455	5.251585960388184	3	2
65	66	102	103	9.062676663841783	4.462096691131592	3	2
64	65	103	104	-13.302386612618637	5.218574047088623	3	2
63	64	104	105	8.693874397048026	3.941582441329956	3	2
62	63	105	106	-10.692358880649293	5.61814546585083	3	2
61	62	106	107	-9.309885424726652	3.967123508453369	3	2
60	61	107	108	-20.399204466553005	5.268929481506348	3	2
59	60	108	109	-44.49291591872458	4.973167896270752	3	2
58	59	109	110	-14.62834755057144	4.989846706390381	3	2
57	58	110	111	-28.625038381863984	4.768709182739258	3	2
110	111	116	117	-15.301394196145111	4.518639087677002	4	3
109	110	117	118	-12.600767427705037	5.2092108726501465	4	3
108	109	118	119	-23.81806939132806	4.5327324867248535	4	3
106	107	119	120	4.17980021821297	4.9638519287109375	4	3
119	120	142	143	14.466162461060305	5.324793815612793	5	4
119	120	143	144	-17.763713258873896	5.325902938842773	5	4
118	119	144	145	-6.278803925112247	4.760119438171387	5	4
117	118	145	146	-13.267054552587924	5.215961456298828	5	4
116	117	146	147	-15.338190184923224	4.7351274490356445	5	4
147	148	155	156	-68.49049259676478	5.653766632080078	6	5
147	148	156	157	-14.928310892445417	5.034426689147949	6	5
146	147	157	158	-2.0669848185514588	4.423581600189209	6	5
145	146	158	159	-18.443465778610133	5.022157669067383	6	5
144	145	159	160	19.855038783618067	4.364582061767578	6	5
143	144	160	161	20.86051102316125	5.32265567779541	6	5
142	143	161	162	-35.067809913457694	4.0616888999938965	6	5
161	162	189	190	31.38063301600335	5.232705116271973	7	6
161	162	190	191	-36.66348214741762	4.250751495361328	7	6
160	161	191	192	-13.688098172762098	5.559388160705566	7	6
159	160	192	193	-1.5846819727630579	4.092977523803711	7	6
158	159	193	194	10.068646873997634	5.234985828399658	7	6
157	158	194	195	-5.52128522500059	4.374130725860596	7	6
156	157	195	196	-24.93749595542409	5.257273197174072	7	6
155	156	196	197	2.057184390162191	4.284952640533447	7	6
197	198	206	207	-20.913619406031692	4.972252368927002	8	7
196	197	207	208	-11.619973505642797	4.371450424194336	8	7
195	196	208	209	16.00652941379351	5.599156856536865	8	7
194	195	209	210	-1.5475850048492417	4.0012335777282715	8	7
192	193	210	211	24.038626328055553	5.480550765991211	8	7
192	193	211	212	-18.54576388145838	4.203133583068848	8	7
190	191	212	213	45.83799354001314	5.439248085021973	8	7
190	191	213	214	-43.33469067430898	4.469455242156982	8	7
213	214	216	217	50.28449703815788	5.3168230056762695	9	8
212	213	217	218	-10.284248694522963	5.2264227867126465	9	8
211	212	218	219	-22.574897076671167	4.323253631591797	9	8
210	211	219	220	-5.157507488726322	5.1548357009887695	9	8
209	210	220	221	-16.00594977372777	4.5035576820373535	9	8
208	209	221	222	-7.817578334856129	5.118800163269043	9	8
207	208	222	223	5.119632056848989	4.550450801849365	9	8
206	207	223	224	-6.188703182829118	5.1066389083862305	9	8
205	206	224	225	-11.207455324015761	4.616034984588623	9	8
204	205	225	226	-2.197109030299683	5.154223918914795	9	8
203	204	226	227	-14.812737609706572	4.309952735900879	9	8
229	230	234	235	-39.00856533039076	5.417450428009033	10	9
228	229	235	236	-6.892098073140354	4.42362117767334	10	9
227	228	236	237	-10.463851806267362	5.2266035079956055	10	9
226	227	237	238	-22.233180000071037	4.607493877410889	10	9
225	226	238	239	-10.839039233365657	5.617642879486084	10	9
224	225	239	240	21.574242302039792	4.502206325531006	10	9
222	223	240	241	50.358446447810785	5.544492244720459	10	9
222	223	241	242	-17.6828960673338	4.527656555175781	10	9
221	222	242	243	-7.969406215783601	5.087173938751221	10	9
220	221	243	244	-19.91626345969616	4.5117506980896	10	9
219	220	244	245	-7.419648456834787	4.805829048156738	10	9
218	219	245	246	-9.114107717308189	4.517136096954346	10	9
217	218	246	247	-31.424432284305404	5.35028076171875	10	9
246	247	256	257	24.587362149785072	4.82074499130249	11	10
245	246	257	258	-3.4954297943095587	4.985054016113281	11	10
244	245	258	259	-10.472217135263426	4.9358296394348145	11	10
243	244	259	260	-7.238935016399052	4.6660637855529785	11	10
242	243	260	261	-8.00900626687848	4.999797821044922	11	10
241	242	261	262	-8.243669424535735	4.819546222686768	11	10
240	241	262	263	-6.393306458105456	4.737348556518555	11	10
239	240	263	264	-22.09469294973566	4.660591125488281	11	10
238	239	264	265	-2.4507791668894168	5.1224565505981445	11	10
237	238	265	266	1.3252729431320986	4.5094804763793945	11	10
236	237	266	267	-15.445749126105985	4.766512870788574	11	10
235	236	267	268	-26.08697188560021	4.8143768310546875	11	10
267	268	273	274	-10.036680663088891	4.195788383483887	12	11
266	267	274	275	-15.139724301227579	5.38846492767334	12	11
265	266	275	276	-13.382952365789329	4.041439533233643	12	11
264	265	276	277	-13.6857942978808	4.936411380767822	12	11
263	264	277	278	-11.911069758550138	4.484772205352783	12	11
262	263	278	279	-6.025836937663107	4.820350646972656	12	11
261	262	279	280	1.6359767268904672	4.4712066650390625	12	11
260	261	280	281	-0.13184935363322225	5.14168119430542	12	11
259	260	281	282	-17.297632811876202	4.431413173675537	12	11
258	259	282	283	-8.463718917141586	5.0076823234558105	12	11
281	282	311	312	23.42198115979422	4.9005937576293945	13	12
280	281	312	313	8.224259042873038	5.367349147796631	13	12
279	280	313	314	-8.64502261287701	4.535876274108887	13	12
278	279	314	315	-26.93445320235382	5.002743244171143	13	12
277	278	315	316	-7.036061054315689	4.495931148529053	13	12
276	277	316	317	-9.667998165633112	4.862228870391846	13	12
275	276	317	318	-17.030115752932797	4.959121227264404	13	12
274	275	318	319	-16.426631598742443	4.982617378234863	13	12
273	274	319	320	-12.108158874903085	4.524077415466309	13	12
272	273	320	321	-17.70162389839342	5.112821578979492	13	12
271	272	321	322	-6.332725999723343	5.096761703491211	13	12
322	323	328	329	16.98240006642104	5.383893966674805	14	13
322	323	329	330	-52.04704442427641	5.5754008293151855	14	13
322	323	331	332	-31.406242622841145	5.568392753601074	14	13
321	322	332	333	-5.499738001407396	4.819397926330566	14	13
320	321	333	334	-14.54093407114815	5.481326580047607	14	13
319	320	334	335	-0.09325769914613491	4.321322917938232	14	13
318	319	335	336	-9.460187049345052	5.369737148284912	14	13
317	318	336	337	-3.833502623870612	4.3506999015808105	14	13
315	316	337	338	35.9305376542757	5.43994140625	14	13
315	316	338	339	-20.191310760225992	4.203376293182373	14	13
313	314	339	340	24.64811032289281	5.614941120147705	14	13
313	314	340	341	-11.238594336258933	4.03082275390625	14	13
311	312	341	342	25.507971712533543	5.351258277893066	14	13
340	341	366	367	-16.069887457519943	4.271368503570557	15	14
339	340	367	368	-16.964380449237222	5.709070682525635	15	14
338	339	368	369	-4.09977305512357	4.388266563415527	15	14
337	338	369	370	-8.309241036406288	5.197296142578125	15	14
336	337	370	371	-14.039414172708707	4.3684186935424805	15	14
335	336	371	372	1.3035464261919625	4.900119781494141	15	14
334	335	372	373	-17.048448338209134	4.559042453765869	15	14
333	334	373	374	-2.883664164000622	5.057730197906494	15	14
332	333	374	375	-7.621309970234011	4.094566345214844	15	14
331	332	375	376	-6.3660479952523685	5.623106956481934	15	14
375	376	387	388	-55.494296979183424	5.634760856628418	16	15
375	376	388	389	-1.438293971879616	5.20751953125	16	15
374	375	389	390	-20.005709584556396	4.045158863067627	16	15
373	374	390	391	1.3793282096189285	5.423249244689941	16	15
372	373	391	392	-3.0930336594324865	4.889795303344727	16	15
371	372	392	393	-9.384971537899965	5.098209381103516	16	15
370	371	393	394	-6.354969564302241	4.75765323638916	16	15
368	369	394	395	39.62213887618945	5.350349426269531	16	15
368	369	395	396	-15.283679928303016	4.268937110900879	16	15
366	367	396	397	25.739042918795704	5.315409183502197	16	15
366	367	397	398	-28.983185409790057	3.569122552871704	16	15
395	396	407	408	23.1273219466853	4.487001895904541	17	16
394	395	408	409	-4.978528584557634	5.508094787597656	17	16
393	394	409	410	-11.930449776334852	4.638282775878906	17	16
392	393	410	411	-6.733061248918522	5.046465873718262	17	16
391	392	411	412	-8.742721913408685	4.968111038208008	17	16
390	391	412	413	-9.826140975227144	5.024938106536865	17	16
389	390	413	414	-10.32188850368004	4.7939043045043945	17	16
388	389	414	415	-6.201705849568329	5.063344955444336	17	16
387	388	415	416	-13.350462812125706	4.664333820343018	17	16
420	421	15	16	-36.84136303742628	5.473029136657715	0	17
419	420	16	17	-15.467881014791095	5.0684027671813965	0	17
418	419	17	18	-13.748475220065718	5.261512756347656	0	17
417	418	18	19	-17.11833104485143	4.624466896057129	0	17
416	417	19	20	-8.302389486735509	5.202669143676758	0	17
415	416	20	21	-7.25810275793038	4.957858562469482	0	17
414	415	21	22	-5.974574417065682	4.737732887268066	0	17
413	414	22	23	-1.7198626166046602	4.817474365234375	0	17
412	413	23	24	-5.031256090085006	4.786293029785156	0	17
411	412	24	25	-8.315906263942612	4.382277011871338	0	17
410	411	25	26	-13.42193190074645	4.632148265838623	0	17
409	410	26	27	-7.952924128895384	4.818395614624023	0	17
25	26	36	37	-3.2294560326181503	5.497241020202637	1	0
24	25	37	38	2.8886769807730803	4.412237644195557	1	0
23	24	38	39	-6.575881385459366	5.107339382171631	1	0
22	23	39	40	-6.189950575596722	4.733925819396973	1	0
21	22	40	41	-22.671043630799254	5.155045032501221	1	0
20	21	41	42	-13.904340039871292	5.007190704345703	1	0
19	20	42	43	-22.648308932641537	4.701313018798828	1	0
18	19	43	44	-8.438853014768037	4.624837875366211	1	0
17	18	44	45	-12.127023825026393	5.008619785308838	1	0
16	17	45	46	-14.708687552019832	4.364469528198242	1	0
15	16	46	47	-10.48801687841555	5.090740203857422	1	0
14	15	47	48	-7.987593785332444	4.354455471038818	1	0
51	52	57	58	-74.00300373810045	4.728667736053467	2	1
51	52	58	59	-44.647544538781126	5.05465841293335	2	1
50	51	59	60	8.142352626153036	4.954125881195068	2	1
48	49	60	61	-1.8566885426975521	5.074161052703857	2	1
47	48	61	62	-1.5712489140948855	4.566896915435791	2	1
46	47	62	63	-17.290632700964366	5.179491996765137	2	1
45	46	63	64	2.535390170224838	4.547112941741943	2	1
44	45	64	65	-11.679271753377924	5.333147048950195	2	1
43	44	65	66	0.5723348399534749	4.647098064422607	2	1
42	43	66	67	-6.937248981361202	5.252857685089111	2	1
41	42	67	68	-5.5594045151109786	4.132996082305908	2	1
66	67	101	102	-6.2339486572359455	5.251585960388184	3	2
65	66	102	103	9.062676663841783	4.462096691131592	3	2
64	65	103	104	-13.302386612618637	5.218574047088623	3	2
63	64	104	105	8.693874397048026	3.941582441329956	3	2
62	63	105	106	-10.692358880649293	5.61814546585083	3	2
61	62	106	107	-9.309885424726652	3.967123508453369	3	2
60	61	107	108	-20.399204466553005	5.268929481506348	3	2
59	60	108	109	-44.49291591872458	4.973167896270752	3	2
58	59	109	110	-14.62834755057144	4.989846706390381	3	2
57	58	110	111	-28.625038381863984	4.768709182739258	3	2
110	111	116	117	-15.301394196145111	4.518639087677002	4	3
109	110	117	118	-12.600767427705037	5.2092108726501465	4	3
108	109	118	119	-23.81806939132806	4.5327324867248535	4	3
106	107	119	120	4.17980021821297	4.9638519287109375	4	3
119	120	142	143	14.466162461060305	5.324793815612793	5	4
119	120	143	144	-17.763713258873896	5.325902938842773	5	4
118	119	144	145	-6.278803925112247	4.760119438171387	5	4
117	118	145	146	-13.267054552587924	5.215961456298828	5	4
116	117	146	147	-15.338190184923224	4.7351274490356445	5	4
147	148	155	156	-68.49049259676478	5.653766632080078	6	5
147	148	156	157	-14.928310892445417	5.034426689147949	6	5
146	147	157	158	-2.0669848185514588	4.423581600189209	6	5
145	146	158	159	-18.443465778610133	5.022157669067383	6	5
144	145	159	160	19.855038783618067	4.364582061767578	6	5
143	144	160	161	20.86051102316125	5.32265567779541	6	5
142	143	161	162	-35.067809913457694	4.0616888999938965	6	5
161	162	189	190	31.38063301600335	5.232705116271973	7	6
161	162	190	191	-36.66348214741762	4.250751495361328	7	6
160	161	191	192	-13.688098172762098	5.559388160705566	7	6
159	160	192	193	-1.5846819727630579	4.092977523803711	7	6
158	159	193	194	10.068646873997634	5.234985828399658	7	6
157	158	194	195	-5.52128522500059	4.374130725860596	7	6
156	157	195	196	-24.93749595542409	5.257273197174072	7	6
155	156	196	197	2.057184390162191	4.284952640533447	7	6
197	198	206	207	-20.913619406031692	4.972252368927002	8	7
196	197	207	208	-11.619973505642797	4.371450424194336	8	7
195	196	208	209	16.00652941379351	5.599156856536865	8	7
194	195	209	210	-1.5475850048492417	4.0012335777282715	8	7
192	193	210	211	24.038626328055553	5.480550765991211	8	7
192	193	211	212	-18.54576388145838	4.203133583068848	8	7
190	191	212	213	45.83799354001314	5.439248085021973	8	7
190	191	213	214	-43.33469067430898	4.469455242156982	8	7
213	214	216	217	50.28449703815788	5.3168230056762695	9	8
212	213	217	218	-10.284248694522963	5.2264227867126465	9	8
211	212	218	219	-22.574897076671167	4.323253631591797	9	8
210	211	219	220	-5.157507488726322	5.1548357009887695	9	8
209	210	220	221	-16.00594977372777	4.5035576820373535	9	8
208	209	221	222	-7.817578334856129	5.118800163269043	9	8
207	208	222	223	5.119632056848989	4.550450801849365	9	8
206	207	223	224	-6.188703182829118	5.1066389083862305	9	8
205	206	224	225	-11.207455324015761	4.616034984588623	9	8
204	205	225	226	-2.197109030299683	5.154223918914795	9	8
203	204	226	227	-14.812737609706572	4.309952735900879	9	8
229	230	234	235	-39.00856533039076	5.417450428009033	10	9
228	229	235	236	-6.892098073140354	4.42362117767334	10	9
227	228	236	237	-10.463851806267362	5.2266035079956055	10	9
226	227	237	238	-22.233180000071037	4.607493877410889	10	9
225	226	238	239	-10.839039233365657	5.617642879486084	10	9
224	225	239	240	21.574242302039792	4.502206325531006	10	9
222	223	240	241	50.358446447810785	5.544492244720459	10	9
222	223	241	242	-17.6828960673338	4.527656555175781	10	9
221	222	242	243	-7.969406215783601	5.087173938751221	10	9
220	221	243	244	-19.91626345969616	4.5117506980896	10	9
219	220	244	245	-7.419648456834787	4.805829048156738	10	9
218	219	245	246	-9.114107717308189	4.517136096954346	10	9
217	218	246	247	-31.424432284305404	5.35028076171875	10	9
246	247	256	257	24.587362149785072	4.82074499130249	11	10
245	246	257	258	-3.4954297943095587	4.985054016113281	11	10
244	245	258	259	-10.472217135263426	4.9358296394348145	11	10
243	244	259	260	-7.238935016399052	4.6660637855529785	11	10
242	243	260	261	-8.00900626687848	4.999797821044922	11	10
241	242	261	262	-8.243669424535735	4.819546222686768	11	10
240	241	262	263	-6.393306458105456	4.737348556518555	11	10
239	240	263	264	-22.09469294973566	4.660591125488281	11	10
238	239	264	265	-2.4507791668894168	5.1224565505981445	11	10
237	238	265	266	1.3252729431320986	4.5094804763793945	11	10
236	237	266	267	-15.445749126105985	4.766512870788574	11	10
235	236	267	268	-26.08697188560021	4.8143768310546875	11	10
267	268	273	274	-10.036680663088891	4.195788383483887	12	11
266	267	274	275	-15.139724301227579	5.38846492767334	12	11
265	266	275	276	-13.382952365789329	4.041439533233643	12	11
264	265	276	277	-13.6857942978808	4.936411380767822	12	11
263	264	277	278	-11.911069758550138	4.484772205352783	12	11
262	263	278	279	-6.025836937663107	4.820350646972656	12	11
261	262	279	280	1.6359767268904672	4.4712066650390625	12	11
260	261	280	281	-0.13184935363322225	5.14168119430542	12	11
259	260	281	282	-17.297632811876202	4.431413173675537	12	11
258	259	282	283	-8.463718917141586	5.0076823234558105	12	11
281	282	311	312	23.42198115979422	4.9005937576293945	13	12
280	281	312	313	8.224259042873038	5.367349147796631	13	12
279	280	313	314	-8.64502261287701	4.535876274108887	13	12
278	279	314	315	-26.93445320235382	5.002743244171143	13	12
277	278	315	316	-7.036061054315689	4.495931148529053	13	12
276	277	316	317	-9.667998165633112	4.862228870391846	13	12
275	276	317	318	-17.030115752932797	4.959121227264404	13	12
274	275	318	319	-16.426631598742443	4.982617378234863	13	12
273	274	319	320	-12.108158874903085	4.524077415466309	13	12
272	273	320	321	-17.70162389839342	5.112821578979492	13	12
271	272	321	322	-6.332725999723343	5.096761703491211	13	12
322	323	328	329	16.98240006642104	5.383893966674805	14	13
322	323	329	330	-52.04704442427641	5.5754008293151855	14	13
322	323	331	332	-31.406242622841145	5.568392753601074	14	13
321	322	332	333	-5.499738001407396	4.819397926330566	14	13
320	321	333	334	-14.54093407114815	5.481326580047607	14	13
319	320	334	335	-0.09325769914613491	4.321322917938232	14	13
318	319	335	336	-9.460187049345052	5.369737148284912	14	13
317	318	336	337	-3.833502623870612	4.3506999015808105	14	13
315	316	337	338	35.9305376542757	5.43994140625	14	13
315	316	338	339	-20.191310760225992	4.203376293182373	14	13
313	314	339	340	24.64811032289281	5.614941120147705	14	13
313	314	340	341	-11.238594336258933	4.03082275390625	14	13
311	312	341	342	25.507971712533543	5.351258277893066	14	13
340	341	366	367	-16.069887457519943	4.271368503570557	15	14
339	340	367	368	-16.964380449237222	5.709070682525635	15	14
338	339	368	369	-4.09977305512357	4.388266563415527	15	14
337	338	369	370	-8.309241036406288	5.197296142578125	15	14
336	337	370	371	-14.039414172708707	4.3684186935424805	15	14
335	336	371	372	1.3035464261919625	4.900119781494141	15	14
334	335	372	373	-17.048448338209134	4.559042453765869	15	14
333	334	373	374	-2.883664164000622	5.057730197906494	15	14
332	333	374	375	-7.621309970234011	4.094566345214844	15	14
331	332	375	376	-6.3660479952523685	5.623106956481934	15	14
375	376	387	388	-55.494296979183424	5.634760856628418	16	15
375	376	388	389	-1.438293971879616	5.20751953125	16	15
374	375	389	390	-20.005709584556396	4.045158863067627	16	15
373	374	390	391	1.3793282096189285	5.423249244689941	16	15
372	373	391	392	-3.0930336594324865	4.889795303344727	16	15
371	372	392	393	-9.384971537899965	5.098209381103516	16	15
370	371	393	394	-6.354969564302241	4.75765323638916	16	15
368	369	394	395	39.62213887618945	5.350349426269531	16	15
368	369	395	396	-15.283679928303016	4.268937110900879	16	15
366	367	396	397	25.739042918795704	5.315409183502197	16	15
366	367	397	398	-28.983185409790057	3.569122552871704	16	15
395	396	407	408	23.1273219466853	4.487001895904541	17	16
394	395	408	409	-4.978528584557634	5.508094787597656	17	16
393	394	409	410	-11.930449776334852	4.638282775878906	17	16
392	393	410	411	-6.733061248918522	5.046465873718262	17	16
391	392	411	412	-8.742721913408685	4.968111038208008	17	16
390	391	412	413	-9.826140975227144	5.024938106536865	17	16
389	390	413	414	-10.32188850368004	4.7939043045043945	17	16
388	389	414	415	-6.201705849568329	5.063344955444336	17	16
387	388	415	416	-13.350462812125706	4.664333820343018	17	16
420	421	15	16	-36.84136303742628	5.473029136657715	0	17
419	420	16	17	-15.467881014791095	5.0684027671813965	0	17
418	419	17	18	-13.748475220065718	5.261512756347656	0	17
417	418	18	19	-17.11833104485143	4.624466896057129	0	17
416	417	19	20	-8.302389486735509	5.202669143676758	0	17
415	416	20	21	-7.25810275793038	4.957858562469482	0	17
414	415	21	22	-5.974574417065682	4.737732887268066	0	17
413	414	22	23	-1.7198626166046602	4.817474365234375	0	17
412	413	23	24	-5.031256090085006	4.786293029785156	0	17
411	412	24	25	-8.315906263942612	4.382277011871338	0	17
410	411	25	26	-13.42193190074645	4.632148265838623	0	17
409	410	26	27	-7.952924128895384	4.818395614624023	0	17
25	26	36	37	-3.2294560326181503	5.497241020202637	1	0
24	25	37	38	2.8886769807730803	4.412237644195557	1	0
23	24	38	39	-6.575881385459366	5.107339382171631	1	0
22	23	39	40	-6.189950575596722	4.733925819396973	1	0
21	22	40	41	-22.671043630799254	5.155045032501221	1	0
20	21	41	42	-13.904340039871292	5.007190704345703	1	0
19	20	42	43	-22.648308932641537	4.701313018798828	1	0
18	19	43	44	-8.438853014768037	4.624837875366211	1	0
17	18	44	45	-12.127023825026393	5.008619785308838	1	0
16	17	45	46	-14.708687552019832	4.364469528198242	1	0
15	16	46	47	-10.48801687841555	5.090740203857422	1	0
14	15	47	48	-7.987593785332444	4.354455471038818	1	0
51	52	57	58	-74.00300373810045	4.728667736053467	2	1
51	52	58	59	-44.647544538781126	5.05465841293335	2	1
50	51	59	60	8.142352626153036	4.954125881195068	2	1
48	49	60	61	-1.8566885426975521	5.074161052703857	2	1
47	48	61	62	-1.5712489140948855	4.566896915435791	2	1
46	47	62	63	-17.290632700964366	5.179491996765137	2	1
45	46	63	64	2.535390170224838	4.547112941741943	2	1
44	45	64	65	-11.679271753377924	5.333147048950195	2	1
43	44	65	66	0.5723348399534749	4.647098064422607	2	1
42	43	66	67	-6.937248981361202	5.252857685089111	2	1
41	42	67	68	-5.5594045151109786	4.132996082305908	2	1
66	67	101	102	-6.2339486572359455	5.251585960388184	3	2
65	66	102	103	9.062676663841783	4.462096691131592	3	2
64	65	103	104	-13.302386612618637	5.218574047088623	3	2
63	64	104	105	8.693874397048026	3.941582441329956	3	2
62	63	105	106	-10.692358880649293	5.61814546585083	3	2
61	62	106	107	-9.309885424726652	3.967123508453369	3	2
60	61	107	108	-20.399204466553005	5.268929481506348	3	2
59	60	108	109	-44.49291591872458	4.973167896270752	3	2
58	59	109	110	-14.62834755057144	4.989846706390381	3	2
57	58	110	111	-28.625038381863984	4.768709182739258	3	2
110	111	116	117	-15.301394196145111	4.518639087677002	4	3
109	110	117	118	-12.600767427705037	5.2092108726501465	4	3
108	109	118	119	-23.81806939132806	4.5327324867248535	4	3
106	107	119	120	4.17980021821297	4.9638519287109375	4	3
119	120	142	143	14.466162461060305	5.324793815612793	5	4
119	120	143	144	-17.763713258873896	5.325902938842773	5	4
118	119	144	145	-6.278803925112247	4.760119438171387	5	4
117	118	145	146	-13.267054552587924	5.215961456298828	5	4
116	117	146	147	-15.338190184923224	4.7351274490356445	5	4
147	148	155	156	-68.49049259676478	5.653766632080078	6	5
147	148	156	157	-14.928310892445417	5.034426689147949	6	5
146	147	157	158	-2.0669848185514588	4.423581600189209	6	5
145	146	158	159	-18.443465778610133	5.022157669067383	6	5
144	145	159	160	19.855038783618067	4.364582061767578	6	5
143	144	160	161	20.86051102316125	5.32265567779541	6	5
142	143	161	162	-35.067809913457694	4.0616888999938965	6	5
161	162	189	190	31.38063301600335	5.232705116271973	7	6
161	162	190	191	-36.66348214741762	4.250751495361328	7	6
160	161	191	192	-13.688098172762098	5.559388160705566	7	6
159	160	192	193	-1.5846819727630579	4.092977523803711	7	6
158	159	193	194	10.068646873997634	5.234985828399658	7	6
157	158	194	195	-5.52128522500059	4.374130725860596	7	6
156	157	195	196	-24.93749595542409	5.257273197174072	7	6
155	156	196	197	2.057184390162191	4.284952640533447	7	6
197	198	206	207	-20.913619406031692	4.972252368927002	8	7
196	197	207	208	-11.619973505642797	4.371450424194336	8	7
195	196	208	209	16.00652941379351	5.599156856536865	8	7
194	195	209	210	-1.5475850048492417	4.0012335777282715	8	7
192	193	210	211	24.038626328055553	5.480550765991211	8	7
192	193	211	212	-18.54576388145838	4.203133583068848	8	7
190	191	212	213	45.83799354001314	5.439248085021973	8	7
190	191	213	214	-43.33469067430898	4.469455242156982	8	7
213	214	216	217	50.28449703815788	5.3168230056762695	9	8
212	213	217	218	-10.284248694522963	5.2264227867126465	9	8
211	212	218	219	-22.574897076671167	4.323253631591797	9	8
210	211	219	220	-5.157507488726322	5.1548357009887695	9	8
209	210	220	221	-16.00594977372777	4.5035576820373535	9	8
208	209	221	222	-7.817578334856129	5.118800163269043	9	8
207	208	222	223	5.119632056848989	4.550450801849365	9	8
206	207	223	224	-6.188703182829118	5.1066389083862305	9	8
205	206	224	225	-11.207455324015761	4.616034984588623	9	8
204	205	225	226	-2.197109030299683	5.154223918914795	9	8
203	204	226	227	-14.812737609706572	4.309952735900879	9	8
229	230	234	235	-39.00856533039076	5.417450428009033	10	9
228	229	235	236	-6.892098073140354	4.42362117767334	10	9
227	228	236	237	-10.463851806267362	5.2266035079956055	10	9
226	227	237	238	-22.233180000071037	4.607493877410889	10	9
225	226	238	239	-10.839039233365657	5.617642879486084	10	9
224	225	239	240	21.574242302039792	4.502206325531006	10	9
222	223	240	241	50.358446447810785	5.544492244720459	10	9
222	223	241	242	-17.6828960673338	4.527656555175781	10	9
221	222	242	243	-7.969406215783601	5.087173938751221	10	9
220	221	243	244	-19.91626345969616	4.5117506980896	10	9
219	220	244	245	-7.419648456834787	4.805829048156738	10	9
218	219	245	246	-9.114107717308189	4.517136096954346	10	9
217	218	246	247	-31.424432284305404	5.35028076171875	10	9
246	247	256	257	24.587362149785072	4.82074499130249	11	10
245	246	257	258	-3.4954297943095587	4.985054016113281	11	10
244	245	258	259	-10.472217135263426	4.9358296394348145	11	10
243	244	259	260	-7.238935016399052	4.6660637855529785	11	10
242	243	260	261	-8.00900626687848	4.999797821044922	11	10
241	242	261	262	-8.243669424535735	4.819546222686768	11	10
240	241	262	263	-6.393306458105456	4.737348556518555	11	10
239	240	263	264	-22.09469294973566	4.660591125488281	11	10
238	239	264	265	-2.4507791668894168	5.1224565505981445	11	10
237	238	265	266	1.3252729431320986	4.5094804763793945	11	10
236	237	266	267	-15.445749126105985	4.766512870788574	11	10
235	236	267	268	-26.08697188560021	4.8143768310546875	11	10
267	268	273	274	-10.036680663088891	4.195788383483887	12	11
266	267	274	275	-15.139724301227579	5.38846492767334	12	11
265	266	275	276	-13.382952365789329	4.041439533233643	12	11
264	265	276	277	-13.6857942978808	4.936411380767822	12	11
263	264	277	278	-11.911069758550138	4.484772205352783	12	11
262	263	278	279	-6.025836937663107	4.820350646972656	12	11
261	262	279	280	1.6359767268904672	4.4712066650390625	12	11
260	261	280	281	-0.13184935363322225	5.14168119430542	12	11
259	260	281	282	-17.297632811876202	4.431413173675537	12	11
258	259	282	283	-8.463718917141586	5.0076823234558105	12	11
281	282	311	312	23.42198115979422	4.9005937576293945	13	12
280	281	312	313	8.224259042873038	5.367349147796631	13	12
279	280	313	314	-8.64502261287701	4.535876274108887	13	12
278	279	314	315	-26.93445320235382	5.002743244171143	13	12
277	278	315	316	-7.036061054315689	4.495931148529053	13	12
276	277	316	317	-9.667998165633112	4.862228870391846	13	12
275	276	317	318	-17.030115752932797	4.959121227264404	13	12
274	275	318	319	-16.426631598742443	4.982617378234863	13	12
273	274	319	320	-12.108158874903085	4.524077415466309	13	12
272	273	320	321	-17.70162389839342	5.112821578979492	13	12
271	272	321	322	-6.332725999723343	5.096761703491211	13	12
322	323	328	329	16.98240006642104	5.383893966674805	14	13
322	323	329	330	-52.04704442427641	5.5754008293151855	14	13
322	323	331	332	-31.406242622841145	5.568392753601074	14	13
321	322	332	333	-5.499738001407396	4.819397926330566	14	13
320	321	333	334	-14.54093407114815	5.481326580047607	14	13
319	320	334	335	-0.09325769914613491	4.321322917938232	14	13
318	319	335	336	-9.460187049345052	5.369737148284912	14	13
317	318	336	337	-3.833502623870612	4.3506999015808105	14	13
315	316	337	338	35.9305376542757	5.43994140625	14	13
315	316	338	339	-20.191310760225992	4.203376293182373	14	13
313	314	339	340	24.64811032289281	5.614941120147705	14	13
313	314	340	341	-11.238594336258933	4.03082275390625	14	13
311	312	341	342	25.507971712533543	5.351258277893066	14	13
340	341	366	367	-16.069887457519943	4.271368503570557	15	14
339	340	367	368	-16.964380449237222	5.709070682525635	15	14
338	339	368	369	-4.09977305512357	4.388266563415527	15	14
337	338	369	370	-8.309241036406288	5.197296142578125	15	14
336	337	370	371	-14.039414172708707	4.3684186935424805	15	14
335	336	371	372	1.3035464261919625	4.900119781494141	15	14
334	335	372	373	-17.048448338209134	4.559042453765869	15	14
333	334	373	374	-2.883664164000622	5.057730197906494	15	14
332	333	374	375	-7.621309970234011	4.094566345214844	15	14
331	332	375	376	-6.3660479952523685	5.623106956481934	15	14
375	376	387	388	-55.494296979183424	5.634760856628418	16	15
375	376	388	389	-1.438293971879616	5.20751953125	16	15
374	375	389	390	-20.005709584556396	4.045158863067627	16	15
373	374	390	391	1.3793282096189285	5.423249244689941	16	15
372	373	391	392	-3.0930336594324865	4.889795303344727	16	15
371	372	392	393	-9.384971537899965	5.098209381103516	16	15
370	371	393	394	-6.354969564302241	4.75765323638916	16	15
368	369	394	395	39.62213887618945	5.350349426269531	16	15
368	369	395	396	-15.283679928303016	4.268937110900879	16	15
366	367	396	397	25.739042918795704	5.315409183502197	16	15
366	367	397	398	-28.983185409790057	3.569122552871704	16	15
395	396	407	408	23.1273219466853	4.487001895904541	17	16
394	395	408	409	-4.978528584557634	5.508094787597656	17	16
393	394	409	410	-11.930449776334852	4.638282775878906	17	16
392	393	410	411	-6.733061248918522	5.046465873718262	17	16
391	392	411	412	-8.742721913408685	4.968111038208008	17	16
390	391	412	413	-9.826140975227144	5.024938106536865	17	16
389	390	413	414	-10.32188850368004	4.7939043045043945	17	16
388	389	414	415	-6.201705849568329	5.063344955444336	17	16
387	388	415	416	-13.350462812125706	4.664333820343018	17	16
