279	280	8	9	-20.995648474031928	5.1327595710754395	0	13
278	279	9	10	-13.289739722228825	4.535567283630371	0	13
277	278	10	11	-27.17174891223239	5.320679664611816	0	13
276	277	11	12	14.918366593526006	4.250706672668457	0	13
275	276	12	13	-5.605178855720892	5.564230442047119	0	13
274	275	13	14	-7.8206390710510965	4.236834526062012	0	13
273	274	14	15	-2.4911672003270877	5.375226974487305	0	13
272	273	15	16	-15.697299215640564	3.9671287536621094	0	13
271	272	16	17	-6.609658163818858	5.307219505310059	0	13
270	271	17	18	-13.437365420166948	4.701499938964844	0	13
269	270	18	19	-20.944813821634526	5.274878978729248	0	13
17	18	27	28	16.606496125804526	5.675289154052734	1	0
17	18	28	29	-5.104214732717871	3.9654603004455566	1	0
16	17	29	30	-9.904652946298144	5.107348442077637	1	0
15	16	30	31	-25.05600901330302	4.80661678314209	1	0
14	15	31	32	-8.260596339777782	4.960648059844971	1	0
13	14	32	33	-9.583648368805592	4.4617228507995605	1	0
12	13	33	34	-13.981039280346891	5.180380344390869	1	0
11	12	34	35	-19.916008767834846	4.086953639984131	1	0
10	11	35	36	-2.905026687368891	5.459416389465332	1	0
9	10	36	37	-3.252265759892817	4.448522567749023	1	0
8	9	37	38	-8.068964744116059	5.132523536682129	1	0
7	8	38	39	-18.60357829968373	4.598876953125	1	0
38	39	44	45	-15.70117430482494	4.151139736175537	2	1
37	38	45	46	-5.1786517693424825	5.331527233123779	2	1
36	37	46	47	-16.157942139427217	4.171512603759766	2	1
35	36	47	48	-4.123283885480669	5.324559688568115	2	1
34	35	48	49	-11.245257034043947	4.069126129150391	2	1
33	34	49	50	9.039880894234	5.420248508453369	2	1
32	33	50	51	-10.298384051246972	4.303630352020264	2	1
30	31	51	52	51.476305753822906	5.347771644592285	2	1
30	31	52	53	-15.567512566032129	4.712747573852539	2	1
52	53	65	66	13.658870165927782	4.1074137687683105	3	2
51	52	66	67	-11.270350897691998	5.47019100189209	3	2
50	51	67	68	-22.883428484958586	4.275295734405518	3	2
49	50	68	69	-4.356004610368501	5.034029960632324	3	2
48	49	69	70	-14.97595370684091	4.5052056312561035	3	2
47	48	70	71	-11.68359111580559	5.098033428192139	3	2
46	47	71	72	-11.725158087131584	4.703582286834717	3	2
45	46	72	73	-13.675969424197946	5.0894365310668945	3	2
44	45	73	74	-16.59984914277761	4.5709428787231445	3	2
77	78	84	85	-23.997148467904886	4.763278484344482	4	3
77	78	85	86	33.30135644418031	4.885119438171387	4	3
75	76	86	87	-7.3629833734491585	4.151253700256348	4	3
74	75	87	88	-15.70052592187818	5.35383415222168	4	3
73	74	88	89	-21.264546124784893	4.252966403961182	4	3
72	73	89	90	-11.693747743234452	5.430978298187256	4	3
71	72	90	91	-1.4053618724913601	4.334483623504639	4	3
70	71	91	92	-5.905004377394143	5.34229040145874	4	3
69	70	92	93	-14.597736573386888	4.413832664489746	4	3
67	68	93	94	51.73113541367829	5.392827987670898	4	3
67	68	94	95	-31.821065940774467	4.775378227233887	4	3
66	67	95	96	-4.143260984351298	5.280027389526367	4	3
65	66	96	97	-34.17500802691275	4.279280185699463	4	3
95	96	107	108	-18.7856663532333	4.909095287322998	5	4
94	95	108	109	-9.220268922846177	4.5695953369140625	5	4
93	94	109	110	-30.916845972992704	5.169740200042725	5	4
92	93	110	111	-25.083910184880306	4.490909099578857	5	4
91	92	111	112	-6.720446987430858	5.1411566734313965	5	4
90	91	112	113	-16.100792617750166	4.9167609214782715	5	4
89	90	113	114	-8.32059067569036	4.593204498291016	5	4
88	89	114	115	-11.60509223120014	4.599537372589111	5	4
87	88	115	116	-14.437058461725094	4.955862998962402	5	4
86	87	116	117	-31.7909721438982	4.397377967834473	5	4
85	86	117	118	-11.194783889081025	5.144562244415283	5	4
84	85	118	119	5.176767673580931	4.453571319580078	5	4
121	122	126	127	-44.21772606842558	5.402001857757568	6	5
120	121	127	128	-28.386407292874974	4.615600109100342	6	5
119	120	128	129	-11.705981012498412	5.132249355316162	6	5
118	119	129	130	22.109530153444304	4.198639869689941	6	5
117	118	130	131	-14.70160246116536	5.596937656402588	6	5
116	117	131	132	-5.929968953184341	4.081596374511719	6	5
114	115	132	133	36.46535268212327	5.432979583740234	6	5
114	115	133	134	-20.25721031546289	4.14216423034668	6	5
113	114	134	135	-15.033849746990958	5.469563007354736	6	5
112	113	135	136	-19.836760602936025	4.517561912536621	6	5
111	112	136	137	-19.595497473262533	4.94508695602417	6	5
110	111	137	138	-26.60674529079503	4.412422180175781	6	5
136	137	148	149	-30.097550046070975	4.831671237945557	7	6
135	136	149	150	-14.703749193442999	4.721036911010742	7	6
134	135	150	151	-18.07951564243643	5.065572738647461	7	6
133	134	151	152	-11.838321203585027	4.691728591918945	7	6
132	133	152	153	-13.010069677092964	5.175760746002197	7	6
131	132	153	154	8.408876692871672	4.192021369934082	7	6
129	130	154	155	35.58779444456676	5.583714008331299	7	6
129	130	155	156	-15.77966133485049	3.8996760845184326	7	6
127	128	156	157	23.106913081956662	5.657726287841797	7	6
127	128	157	158	-28.42014253886041	4.648829936981201	7	6
126	127	158	159	-12.46218243990823	5.08059549331665	7	6
125	126	159	160	-30.89746277882303	4.63266134262085	7	6
160	161	165	166	-28.579443220236822	5.557393550872803	8	7
159	160	166	167	-11.581398738436777	4.195486545562744	8	7
158	159	167	168	-13.731646376020674	5.235475063323975	8	7
157	158	168	169	-9.9671338433991	4.3814849853515625	8	7
156	157	169	170	2.3074316707137656	5.54409122467041	8	7
155	156	170	171	-56.528731637510155	3.996351957321167	8	7
154	155	171	172	-12.693457862365902	5.3863420486450195	8	7
153	154	172	173	0.13022943406150894	4.330655097961426	8	7
152	153	173	174	10.911844619459702	5.418903827667236	8	7
151	152	174	175	-3.57488324922836	4.322535037994385	8	7
150	151	175	176	-6.280683844729758	5.338660717010498	8	7
149	150	176	177	-32.58870657969325	4.363740921020508	8	7
175	176	187	188	-26.15125042739523	4.940390586853027	9	8
175	176	188	189	0.4018515449704818	5.1275835037231445	9	8
174	175	189	190	4.844268944611895	4.382243633270264	9	8
173	174	190	191	-4.184228381034305	5.174520015716553	9	8
172	173	191	192	-9.331746358040562	4.456181526184082	9	8
171	172	192	193	-30.233630813832683	5.049593925476074	9	8
170	171	193	194	-31.74354200709615	4.812492847442627	9	8
169	170	194	195	-13.536099407410248	5.042572498321533	9	8
168	169	195	196	-5.432818212360656	4.389928340911865	9	8
167	168	196	197	-15.350415416291614	5.116861343383789	9	8
166	167	197	198	-32.27927476542424	4.720287799835205	9	8
165	166	198	199	-3.6029803112180163	5.684811592102051	9	8
164	165	199	200	-20.681313838103815	4.71788215637207	9	8
199	200	205	206	-16.903483776360257	4.9281439781188965	10	9
198	199	206	207	-17.828378443134522	5.1005659103393555	10	9
197	198	207	208	-3.7105609827150707	4.190732955932617	10	9
196	197	208	209	-16.517090690529077	5.723444938659668	10	9
195	196	209	210	0.20325446241324768	4.2456560134887695	10	9
194	195	210	211	-8.989575346999946	5.388995170593262	10	9
193	194	211	212	-21.916182791607284	4.430768013000488	10	9
192	193	212	213	-18.458247790173868	5.163734436035156	10	9
191	192	213	214	-58.141639992684055	4.4800705909729	10	9
191	192	214	215	29.721160202982443	4.862353324890137	10	9
190	191	215	216	1.20905898478162	5.390397071838379	10	9
189	190	216	217	23.9506987121309	4.314815998077393	10	9
188	189	217	218	7.60606162475809	5.458126544952393	10	9
187	188	218	219	-23.104628189145437	3.825909376144409	10	9
217	218	229	230	-5.071120434476882	5.588321685791016	11	10
216	217	230	231	12.66758728317034	3.84451961517334	11	10
212	213	232	233	-29.863484828724047	4.965475559234619	11	10
212	213	233	234	4.242514501411921	5.119697093963623	11	10
211	212	234	235	12.747478886400334	4.806170463562012	11	10
210	211	235	236	-6.929027492340251	5.066239833831787	11	10
209	210	236	237	-26.52691938533681	4.345215320587158	11	10
208	209	237	238	-23.12928964904192	5.291694641113281	11	10
207	208	238	239	-11.503134404431691	4.175371170043945	11	10
206	207	239	240	-5.899740307272626	4.952950954437256	11	10
205	206	240	241	-3.569856512563998	4.617692947387695	11	10
204	205	241	242	-19.527512220722286	4.672969818115234	11	10
203	204	242	243	-16.895641811332936	4.6936540603637695	11	10
242	243	249	250	-2.885025414435566	4.428265571594238	12	11
241	242	250	251	-15.114463799364371	5.390697479248047	12	11
240	241	251	252	-14.673037769432545	4.287352561950684	12	11
239	240	252	253	-14.872464416394688	5.143208980560303	12	11
238	239	253	254	7.050305290339198	4.451333522796631	12	11
236	237	254	255	29.047058144121497	5.543148994445801	12	11
236	237	255	256	-19.153106174372823	3.7707133293151855	12	11
235	236	256	257	-9.139210080153049	5.443040370941162	12	11
234	235	257	258	-22.398130826254988	4.1014323234558105	12	11
256	257	269	270	-17.258928801301487	5.017416954040527	13	12
255	256	270	271	-16.72366394578034	4.833779335021973	13	12
254	255	271	272	-3.9486148929963334	5.024027347564697	13	12
253	254	272	273	0.3839842400503455	4.403422832489014	13	12
252	253	273	274	-5.887613300460943	4.987123489379883	13	12
251	252	274	275	-8.910671343839615	4.5985612869262695	13	12
250	251	275	276	-13.994943006154365	4.783215522766113	13	12
249	250	276	277	-22.701166209941597	4.373054504394531	13	12
248	249	277	278	-12.485251842331667	5.282463550567627	13	12
247	248	278	279	-18.361020033875967	4.6053619384765625	13	12
279	280	8	9	-20.995648474031928	5.1327595710754395	0	13
278	279	9	10	-13.289739722228825	4.535567283630371	0	13
277	278	10	11	-27.17174891223239	5.320679664611816	0	13
276	277	11	12	14.918366593526006	4.250706672668457	0	13
275	276	12	13	-5.605178855720892	5.564230442047119	0	13
274	275	13	14	-7.8206390710510965	4.236834526062012	0	13
273	274	14	15	-2.4911672003270877	5.375226974487305	0	13
272	273	15	16	-15.697299215640564	3.9671287536621094	0	13
271	272	16	17	-6.609658163818858	5.307219505310059	0	13
270	271	17	18	-13.437365420166948	4.701499938964844	0	13
269	270	18	19	-20.944813821634526	5.274878978729248	0	13
17	18	27	28	16.606496125804526	5.675289154052734	1	0
17	18	28	29	-5.104214732717871	3.9654603004455566	1	0
16	17	29	30	-9.904652946298144	5.107348442077637	1	0
15	16	30	31	-25.05600901330302	4.80661678314209	1	0
14	15	31	32	-8.260596339777782	4.960648059844971	1	0
13	14	32	33	-9.583648368805592	4.4617228507995605	1	0
12	13	33	34	-13.981039280346891	5.180380344390869	1	0
11	12	34	35	-19.916008767834846	4.086953639984131	1	0
10	11	35	36	-2.905026687368891	5.459416389465332	1	0
9	10	36	37	-3.252265759892817	4.448522567749023	1	0
8	9	37	38	-8.068964744116059	5.132523536682129	1	0
7	8	38	39	-18.60357829968373	4.598876953125	1	0
38	39	44	45	-15.70117430482494	4.151139736175537	2	1
37	38	45	46	-5.1786517693424825	5.331527233123779	2	1
36	37	46	47	-16.157942139427217	4.171512603759766	2	1
35	36	47	48	-4.123283885480669	5.324559688568115	2	1
34	35	48	49	-11.245257034043947	4.069126129150391	2	1
33	34	49	50	9.039880894234	5.420248508453369	2	1
32	33	50	51	-10.298384051246972	4.303630352020264	2	1
30	31	51	52	51.476305753822906	5.347771644592285	2	1
30	31	52	53	-15.567512566032129	4.712747573852539	2	1
52	53	65	66	13.658870165927782	4.1074137687683105	3	2
51	52	66	67	-11.270350897691998	5.47019100189209	3	2
50	51	67	68	-22.883428484958586	4.275295734405518	3	2
49	50	68	69	-4.356004610368501	5.034029960632324	3	2
48	49	69	70	-14.97595370684091	4.5052056312561035	3	2
47	48	70	71	-11.68359111580559	5.098033428192139	3	2
46	47	71	72	-11.725158087131584	4.703582286834717	3	2
45	46	72	73	-13.675969424197946	5.0894365310668945	3	2
44	45	73	74	-16.59984914277761	4.5709428787231445	3	2
77	78	84	85	-23.997148467904886	4.763278484344482	4	3
77	78	85	86	33.30135644418031	4.885119438171387	4	3
75	76	86	87	-7.3629833734491585	4.151253700256348	4	3
74	75	87	88	-15.70052592187818	5.35383415222168	4	3
73	74	88	89	-21.264546124784893	4.252966403961182	4	3
72	73	89	90	-11.693747743234452	5.430978298187256	4	3
71	72	90	91	-1.4053618724913601	4.334483623504639	4	3
70	71	91	92	-5.905004377394143	5.34229040145874	4	3
69	70	92	93	-14.597736573386888	4.413832664489746	4	3
67	68	93	94	51.73113541367829	5.392827987670898	4	3
67	68	94	95	-31.821065940774467	4.775378227233887	4	3
66	67	95	96	-4.143260984351298	5.280027389526367	4	3
65	66	96	97	-34.17500802691275	4.279280185699463	4	3
95	96	107	108	-18.7856663532333	4.909095287322998	5	4
94	95	108	109	-9.220268922846177	4.5695953369140625	5	4
93	94	109	110	-30.916845972992704	5.169740200042725	5	4
92	93	110	111	-25.083910184880306	4.490909099578857	5	4
91	92	111	112	-6.720446987430858	5.1411566734313965	5	4
90	91	112	113	-16.100792617750166	4.9167609214782715	5	4
89	90	113	114	-8.32059067569036	4.593204498291016	5	4
88	89	114	115	-11.60509223120014	4.599537372589111	5	4
87	88	115	116	-14.437058461725094	4.955862998962402	5	4
86	87	116	117	-31.7909721438982	4.397377967834473	5	4
85	86	117	118	-11.194783889081025	5.144562244415283	5	4
84	85	118	119	5.176767673580931	4.453571319580078	5	4
121	122	126	127	-44.21772606842558	5.402001857757568	6	5
120	121	127	128	-28.386407292874974	4.615600109100342	6	5
119	120	128	129	-11.705981012498412	5.132249355316162	6	5
118	119	129	130	22.109530153444304	4.198639869689941	6	5
117	118	130	131	-14.70160246116536	5.596937656402588	6	5
116	117	131	132	-5.929968953184341	4.081596374511719	6	5
114	115	132	133	36.46535268212327	5.432979583740234	6	5
114	115	133	134	-20.25721031546289	4.14216423034668	6	5
113	114	134	135	-15.033849746990958	5.469563007354736	6	5
112	113	135	136	-19.836760602936025	4.517561912536621	6	5
111	112	136	137	-19.595497473262533	4.94508695602417	6	5
110	111	137	138	-26.60674529079503	4.412422180175781	6	5
136	137	148	149	-30.097550046070975	4.831671237945557	7	6
135	136	149	150	-14.703749193442999	4.721036911010742	7	6
134	135	150	151	-18.07951564243643	5.065572738647461	7	6
133	134	151	152	-11.838321203585027	4.691728591918945	7	6
132	133	152	153	-13.010069677092964	5.175760746002197	7	6
131	132	153	154	8.408876692871672	4.192021369934082	7	6
129	130	154	155	35.58779444456676	5.583714008331299	7	6
129	130	155	156	-15.77966133485049	3.8996760845184326	7	6
127	128	156	157	23.106913081956662	5.657726287841797	7	6
127	128	157	158	-28.42014253886041	4.648829936981201	7	6
126	127	158	159	-12.46218243990823	5.08059549331665	7	6
125	126	159	160	-30.89746277882303	4.63266134262085	7	6
160	161	165	166	-28.579443220236822	5.557393550872803	8	7
159	160	166	167	-11.581398738436777	4.195486545562744	8	7
158	159	167	168	-13.731646376020674	5.235475063323975	8	7
157	158	168	169	-9.9671338433991	4.3814849853515625	8	7
156	157	169	170	2.3074316707137656	5.54409122467041	8	7
155	156	170	171	-56.528731637510155	3.996351957321167	8	7
154	155	171	172	-12.693457862365902	5.3863420486450195	8	7
153	154	172	173	0.13022943406150894	4.330655097961426	8	7
152	153	173	174	10.911844619459702	5.418903827667236	8	7
151	152	174	175	-3.57488324922836	4.322535037994385	8	7
150	151	175	176	-6.280683844729758	5.338660717010498	8	7
149	150	176	177	-32.58870657969325	4.363740921020508	8	7
175	176	187	188	-26.15125042739523	4.940390586853027	9	8
175	176	188	189	0.4018515449704818	5.1275835037231445	9	8
174	175	189	190	4.844268944611895	4.382243633270264	9	8
173	174	190	191	-4.184228381034305	5.174520015716553	9	8
172	173	191	192	-9.331746358040562	4.456181526184082	9	8
171	172	192	193	-30.233630813832683	5.049593925476074	9	8
170	171	193	194	-31.74354200709615	4.812492847442627	9	8
169	170	194	195	-13.536099407410248	5.042572498321533	9	8
168	169	195	196	-5.432818212360656	4.389928340911865	9	8
167	168	196	197	-15.350415416291614	5.116861343383789	9	8
166	167	197	198	-32.27927476542424	4.720287799835205	9	8
165	166	198	199	-3.6029803112180163	5.684811592102051	9	8
164	165	199	200	-20.681313838103815	4.71788215637207	9	8
199	200	205	206	-16.903483776360257	4.9281439781188965	10	9
198	199	206	207	-17.828378443134522	5.1005659103393555	10	9
197	198	207	208	-3.7105609827150707	4.190732955932617	10	9
196	197	208	209	-16.517090690529077	5.723444938659668	10	9
195	196	209	210	0.20325446241324768	4.2456560134887695	10	9
194	195	210	211	-8.989575346999946	5.388995170593262	10	9
193	194	211	212	-21.916182791607284	4.430768013000488	10	9
192	193	212	213	-18.458247790173868	5.163734436035156	10	9
191	192	213	214	-58.141639992684055	4.4800705909729	10	9
191	192	214	215	29.721160202982443	4.862353324890137	10	9
190	191	215	216	1.20905898478162	5.390397071838379	10	9
189	190	216	217	23.9506987121309	4.314815998077393	10	9
188	189	217	218	7.60606162475809	5.458126544952393	10	9
187	188	218	219	-23.104628189145437	3.825909376144409	10	9
217	218	229	230	-5.071120434476882	5.588321685791016	11	10
216	217	230	231	12.66758728317034	3.84451961517334	11	10
212	213	232	233	-29.863484828724047	4.965475559234619	11	10
212	213	233	234	4.242514501411921	5.119697093963623	11	10
211	212	234	235	12.747478886400334	4.806170463562012	11	10
210	211	235	236	-6.929027492340251	5.066239833831787	11	10
209	210	236	237	-26.52691938533681	4.345215320587158	11	10
208	209	237	238	-23.12928964904192	5.291694641113281	11	10
207	208	238	239	-11.503134404431691	4.175371170043945	11	10
206	207	239	240	-5.899740307272626	4.952950954437256	11	10
205	206	240	241	-3.569856512563998	4.617692947387695	11	10
204	205	241	242	-19.527512220722286	4.672969818115234	11	10
203	204	242	243	-16.895641811332936	4.6936540603637695	11	10
242	243	249	250	-2.885025414435566	4.428265571594238	12	11
241	242	250	251	-15.114463799364371	5.390697479248047	12	11
240	241	251	252	-14.673037769432545	4.287352561950684	12	11
239	240	252	253	-14.872464416394688	5.143208980560303	12	11
238	239	253	254	7.050305290339198	4.451333522796631	12	11
236	237	254	255	29.047058144121497	5.543148994445801	12	11
236	237	255	256	-19.153106174372823	3.7707133293151855	12	11
235	236	256	257	-9.139210080153049	5.443040370941162	12	11
234	235	257	258	-22.398130826254988	4.1014323234558105	12	11
256	257	269	270	-17.258928801301487	5.017416954040527	13	12
255	256	270	271	-16.72366394578034	4.833779335021973	13	12
254	255	271	272	-3.9486148929963334	5.024027347564697	13	12
253	254	272	273	0.3839842400503455	4.403422832489014	13	12
252	253	273	274	-5.887613300460943	4.987123489379883	13	12
251	252	274	275	-8.910671343839615	4.5985612869262695	13	12
250	251	275	276	-13.994943006154365	4.783215522766113	13	12
249	250	276	277	-22.701166209941597	4.373054504394531	13	12
248	249	277	278	-12.485251842331667	5.282463550567627	13	12
247	248	278	279	-18.361020033875967	4.6053619384765625	13	12
279	280	8	9	-20.995648474031928	5.1327595710754395	0	13
278	279	9	10	-13.289739722228825	4.535567283630371	0	13
277	278	10	11	-27.17174891223239	5.320679664611816	0	13
276	277	11	12	14.918366593526006	4.250706672668457	0	13
275	276	12	13	-5.605178855720892	5.564230442047119	0	13
274	275	13	14	-7.8206390710510965	4.236834526062012	0	13
273	274	14	15	-2.4911672003270877	5.375226974487305	0	13
272	273	15	16	-15.697299215640564	3.9671287536621094	0	13
271	272	16	17	-6.609658163818858	5.307219505310059	0	13
270	271	17	18	-13.437365420166948	4.701499938964844	0	13
269	270	18	19	-20.944813821634526	5.274878978729248	0	13
17	18	27	28	16.606496125804526	5.675289154052734	1	0
17	18	28	29	-5.104214732717871	3.9654603004455566	1	0
16	17	29	30	-9.904652946298144	5.107348442077637	1	0
15	16	30	31	-25.05600901330302	4.80661678314209	1	0
14	15	31	32	-8.260596339777782	4.960648059844971	1	0
13	14	32	33	-9.583648368805592	4.4617228507995605	1	0
12	13	33	34	-13.981039280346891	5.180380344390869	1	0
11	12	34	35	-19.916008767834846	4.086953639984131	1	0
10	11	35	36	-2.905026687368891	5.459416389465332	1	0
9	10	36	37	-3.252265759892817	4.448522567749023	1	0
8	9	37	38	-8.068964744116059	5.132523536682129	1	0
7	8	38	39	-18.60357829968373	4.598876953125	1	0
38	39	44	45	-15.70117430482494	4.151139736175537	2	1
37	38	45	46	-5.1786517693424825	5.331527233123779	2	1
36	37	46	47	-16.157942139427217	4.171512603759766	2	1
35	36	47	48	-4.123283885480669	5.324559688568115	2	1
34	35	48	49	-11.245257034043947	4.069126129150391	2	1
33	34	49	50	9.039880894234	5.420248508453369	2	1
32	33	50	51	-10.298384051246972	4.303630352020264	2	1
30	31	51	52	51.476305753822906	5.347771644592285	2	1
30	31	52	53	-15.567512566032129	4.712747573852539	2	1
52	53	65	66	13.658870165927782	4.1074137687683105	3	2
51	52	66	67	-11.270350897691998	5.47019100189209	3	2
50	51	67	68	-22.883428484958586	4.275295734405518	3	2
49	50	68	69	-4.356004610368501	5.034029960632324	3	2
48	49	69	70	-14.97595370684091	4.5052056312561035	3	2
47	48	70	71	-11.68359111580559	5.098033428192139	3	2
46	47	71	72	-11.725158087131584	4.703582286834717	3	2
45	46	72	73	-13.675969424197946	5.0894365310668945	3	2
44	45	73	74	-16.59984914277761	4.5709428787231445	3	2
77	78	84	85	-23.997148467904886	4.763278484344482	4	3
77	78	85	86	33.30135644418031	4.885119438171387	4	3
75	76	86	87	-7.3629833734491585	4.151253700256348	4	3
74	75	87	88	-15.70052592187818	5.35383415222168	4	3
73	74	88	89	-21.264546124784893	4.252966403961182	4	3
72	73	89	90	-11.693747743234452	5.430978298187256	4	3
71	72	90	91	-1.4053618724913601	4.334483623504639	4	3
70	71	91	92	-5.905004377394143	5.34229040145874	4	3
69	70	92	93	-14.597736573386888	4.413832664489746	4	3
67	68	93	94	51.73113541367829	5.392827987670898	4	3
67	68	94	95	-31.821065940774467	4.775378227233887	4	3
66	67	95	96	-4.143260984351298	5.280027389526367	4	3
65	66	96	97	-34.17500802691275	4.279280185699463	4	3
95	96	107	108	-18.7856663532333	4.909095287322998	5	4
94	95	108	109	-9.220268922846177	4.5695953369140625	5	4
93	94	109	110	-30.916845972992704	5.169740200042725	5	4
92	93	110	111	-25.083910184880306	4.490909099578857	5	4
91	92	111	112	-6.720446987430858	5.1411566734313965	5	4
90	91	112	113	-16.100792617750166	4.9167609214782715	5	4
89	90	113	114	-8.32059067569036	4.593204498291016	5	4
88	89	114	115	-11.60509223120014	4.599537372589111	5	4
87	88	115	116	-14.437058461725094	4.955862998962402	5	4
86	87	116	117	-31.7909721438982	4.397377967834473	5	4
85	86	117	118	-11.194783889081025	5.144562244415283	5	4
84	85	118	119	5.176767673580931	4.453571319580078	5	4
121	122	126	127	-44.21772606842558	5.402001857757568	6	5
120	121	127	128	-28.386407292874974	4.615600109100342	6	5
119	120	128	129	-11.705981012498412	5.132249355316162	6	5
118	119	129	130	22.109530153444304	4.198639869689941	6	5
117	118	130	131	-14.70160246116536	5.596937656402588	6	5
116	117	131	132	-5.929968953184341	4.081596374511719	6	5
114	115	132	133	36.46535268212327	5.432979583740234	6	5
114	115	133	134	-20.25721031546289	4.14216423034668	6	5
113	114	134	135	-15.033849746990958	5.469563007354736	6	5
112	113	135	136	-19.836760602936025	4.517561912536621	6	5
111	112	136	137	-19.595497473262533	4.94508695602417	6	5
110	111	137	138	-26.60674529079503	4.412422180175781	6	5
136	137	148	149	-30.097550046070975	4.831671237945557	7	6
135	136	149	150	-14.703749193442999	4.721036911010742	7	6
134	135	150	151	-18.07951564243643	5.065572738647461	7	6
133	134	151	152	-11.838321203585027	4.691728591918945	7	6
132	133	152	153	-13.010069677092964	5.175760746002197	7	6
131	132	153	154	8.408876692871672	4.192021369934082	7	6
129	130	154	155	35.58779444456676	5.583714008331299	7	6
129	130	155	156	-15.77966133485049	3.8996760845184326	7	6
127	128	156	157	23.106913081956662	5.657726287841797	7	6
127	128	157	158	-28.42014253886041	4.648829936981201	7	6
126	127	158	159	-12.46218243990823	5.08059549331665	7	6
125	126	159	160	-30.89746277882303	4.63266134262085	7	6
160	161	165	166	-28.579443220236822	5.557393550872803	8	7
159	160	166	167	-11.581398738436777	4.195486545562744	8	7
158	159	167	168	-13.731646376020674	5.235475063323975	8	7
157	158	168	169	-9.9671338433991	4.3814849853515625	8	7
156	157	169	170	2.3074316707137656	5.54409122467041	8	7
155	156	170	171	-56.528731637510155	3.996351957321167	8	7
154	155	171	172	-12.693457862365902	5.3863420486450195	8	7
153	154	172	173	0.13022943406150894	4.330655097961426	8	7
152	153	173	174	10.911844619459702	5.418903827667236	8	7
151	152	174	175	-3.57488324922836	4.322535037994385	8	7
150	151	175	176	-6.280683844729758	5.338660717010498	8	7
149	150	176	177	-32.58870657969325	4.363740921020508	8	7
175	176	187	188	-26.15125042739523	4.940390586853027	9	8
175	176	188	189	0.4018515449704818	5.1275835037231445	9	8
174	175	189	190	4.844268944611895	4.382243633270264	9	8
173	174	190	191	-4.184228381034305	5.174520015716553	9	8
172	173	191	192	-9.331746358040562	4.456181526184082	9	8
171	172	192	193	-30.233630813832683	5.049593925476074	9	8
170	171	193	194	-31.74354200709615	4.812492847442627	9	8
169	170	194	195	-13.536099407410248	5.042572498321533	9	8
168	169	195	196	-5.432818212360656	4.389928340911865	9	8
167	168	196	197	-15.350415416291614	5.116861343383789	9	8
166	167	197	198	-32.27927476542424	4.720287799835205	9	8
165	166	198	199	-3.6029803112180163	5.684811592102051	9	8
164	165	199	200	-20.681313838103815	4.71788215637207	9	8
199	200	205	206	-16.903483776360257	4.9281439781188965	10	9
198	199	206	207	-17.828378443134522	5.1005659103393555	10	9
197	198	207	208	-3.7105609827150707	4.190732955932617	10	9
196	197	208	209	-16.517090690529077	5.723444938659668	10	9
195	196	209	210	0.20325446241324768	4.2456560134887695	10	9
194	195	210	211	-8.989575346999946	5.388995170593262	10	9
193	194	211	212	-21.916182791607284	4.430768013000488	10	9
192	193	212	213	-18.458247790173868	5.163734436035156	10	9
191	192	213	214	-58.141639992684055	4.4800705909729	10	9
191	192	214	215	29.721160202982443	4.862353324890137	10	9
190	191	215	216	1.20905898478162	5.390397071838379	10	9
189	190	216	217	23.9506987121309	4.314815998077393	10	9
188	189	217	218	7.60606162475809	5.458126544952393	10	9
187	188	218	219	-23.104628189145437	3.825909376144409	10	9
217	218	229	230	-5.071120434476882	5.588321685791016	11	10
216	217	230	231	12.66758728317034	3.84451961517334	11	10
212	213	232	233	-29.863484828724047	4.965475559234619	11	10
212	213	233	234	4.242514501411921	5.119697093963623	11	10
211	212	234	235	12.747478886400334	4.806170463562012	11	10
210	211	235	236	-6.929027492340251	5.066239833831787	11	10
209	210	236	237	-26.52691938533681	4.345215320587158	11	10
208	209	237	238	-23.12928964904192	5.291694641113281	11	10
207	208	238	239	-11.503134404431691	4.175371170043945	11	10
206	207	239	240	-5.899740307272626	4.952950954437256	11	10
205	206	240	241	-3.569856512563998	4.617692947387695	11	10
204	205	241	242	-19.527512220722286	4.672969818115234	11	10
203	204	242	243	-16.895641811332936	4.6936540603637695	11	10
242	243	249	250	-2.885025414435566	4.428265571594238	12	11
241	242	250	251	-15.114463799364371	5.390697479248047	12	11
240	241	251	252	-14.673037769432545	4.287352561950684	12	11
239	240	252	253	-14.872464416394688	5.143208980560303	12	11
238	239	253	254	7.050305290339198	4.451333522796631	12	11
236	237	254	255	29.047058144121497	5.543148994445801	12	11
236	237	255	256	-19.153106174372823	3.7707133293151855	12	11
235	236	256	257	-9.139210080153049	5.443040370941162	12	11
234	235	257	258	-22.398130826254988	4.1014323234558105	12	11
256	257	269	270	-17.258928801301487	5.017416954040527	13	12
255	256	270	271	-16.72366394578034	4.833779335021973	13	12
254	255	271	272	-3.9486148929963334	5.024027347564697	13	12
253	254	272	273	0.3839842400503455	4.403422832489014	13	12
252	253	273	274	-5.887613300460943	4.987123489379883	13	12
251	252	274	275	-8.910671343839615	4.5985612869262695	13	12
250	251	275	276	-13.994943006154365	4.783215522766113	13	12
249	250	276	277	-22.701166209941597	4.373054504394531	13	12
248	249	277	278	-12.485251842331667	5.282463550567627	13	12
247	248	278	279	-18.361020033875967	4.6053619384765625	13	12
