130	131	5	6	-44.38273446535538	5.171268939971924	0	7
129	130	6	7	-40.78313547990588	4.502095699310303	0	7
127	128	7	8	-6.686809083235628	5.126778602600098	0	7
127	128	8	9	-67.99038313112801	4.125532627105713	0	7
127	128	9	10	7.970258452448777	5.119646072387695	0	7
126	127	10	11	-22.535005500476245	5.31290864944458	0	7
125	126	11	12	-3.0746988198873484	4.420256614685059	0	7
6	7	37	38	-19.261951277757802	4.414674758911133	1	0
5	6	38	39	-11.958909131689083	5.1636762619018555	1	0
38	39	50	51	-15.435005254929175	4.9577178955078125	2	1
37	38	51	52	-21.19865543496806	4.9018754959106445	2	1
69	70	78	79	-27.283179277270598	5.3129425048828125	3	2
68	69	79	80	-33.59667586963877	4.38485860824585	3	2
66	67	80	81	-0.6617170408355313	5.1053056716918945	3	2
66	67	81	82	-34.371080513880464	4.664656639099121	3	2
63	64	82	83	175.16066320671695	5.44881010055542	3	2
82	83	89	90	-70.03601653140387	5.727475643157959	4	3
82	83	90	91	-20.724536055894117	5.379817962646484	4	3
81	82	91	92	-26.740097551770013	4.182662487030029	4	3
79	80	92	93	4.25206107841853	5.53122091293335	4	3
79	80	93	94	-35.70433060042029	4.0861406326293945	4	3
92	93	102	103	-19.624232637328188	5.027378559112549	5	4
91	92	103	104	-8.336358897230681	4.9921040534973145	5	4
90	91	104	105	-14.018057649715498	4.7879533767700195	5	4
89	90	105	106	-5.586320140440108	4.627988338470459	5	4
106	107	114	115	-11.409360692472102	5.2007317543029785	6	5
105	106	115	116	-15.183991397053896	4.620538234710693	6	5
104	105	116	117	-13.673851803696746	5.114816665649414	6	5
103	104	117	118	-14.586410873287125	4.500953197479248	6	5
116	117	124	125	-20.33483938329885	5.320277214050293	7	6
115	116	125	126	-20.801990823548024	4.369183540344238	7	6
114	115	126	127	-21.366743826083525	5.121734142303467	7	6
113	114	127	128	-13.400869280341928	4.787799835205078	7	6
130	131	5	6	-44.38273446535538	5.171268939971924	0	7
129	130	6	7	-40.78313547990588	4.502095699310303	0	7
127	128	7	8	-6.686809083235628	5.126778602600098	0	7
127	128	8	9	-67.99038313112801	4.125532627105713	0	7
127	128	9	10	7.970258452448777	5.119646072387695	0	7
126	127	10	11	-22.535005500476245	5.31290864944458	0	7
125	126	11	12	-3.0746988198873484	4.420256614685059	0	7
6	7	37	38	-19.261951277757802	4.414674758911133	1	0
5	6	38	39	-11.958909131689083	5.1636762619018555	1	0
38	39	50	51	-15.435005254929175	4.9577178955078125	2	1
37	38	51	52	-21.19865543496806	4.9018754959106445	2	1
69	70	78	79	-27.283179277270598	5.3129425048828125	3	2
68	69	79	80	-33.59667586963877	4.38485860824585	3	2
66	67	80	81	-0.6617170408355313	5.1053056716918945	3	2
66	67	81	82	-34.371080513880464	4.664656639099121	3	2
63	64	82	83	175.16066320671695	5.44881010055542	3	2
82	83	89	90	-70.03601653140387	5.727475643157959	4	3
82	83	90	91	-20.724536055894117	5.379817962646484	4	3
81	82	91	92	-26.740097551770013	4.182662487030029	4	3
79	80	92	93	4.25206107841853	5.53122091293335	4	3
79	80	93	94	-35.70433060042029	4.0861406326293945	4	3
92	93	102	103	-19.624232637328188	5.027378559112549	5	4
91	92	103	104	-8.336358897230681	4.9921040534973145	5	4
90	91	104	105	-14.018057649715498	4.7879533767700195	5	4
89	90	105	106	-5.586320140440108	4.627988338470459	5	4
106	107	114	115	-11.409360692472102	5.2007317543029785	6	5
105	106	115	116	-15.183991397053896	4.620538234710693	6	5
104	105	116	117	-13.673851803696746	5.114816665649414	6	5
103	104	117	118	-14.586410873287125	4.500953197479248	6	5
116	117	124	125	-20.33483938329885	5.320277214050293	7	6
115	116	125	126	-20.801990823548024	4.369183540344238	7	6
114	115	126	127	-21.366743826083525	5.121734142303467	7	6
113	114	127	128	-13.400869280341928	4.787799835205078	7	6
