38	39	44	45	-15.060911865033495	5.099379062652588	1	0
37	38	45	46	-26.126797846815364	4.700552940368652	1	0
36	37	46	47	-14.938952159317692	5.110507011413574	1	0
35	36	47	48	-17.252792209982978	4.662929534912109	1	0
34	35	48	49	21.257854047981294	5.110655307769775	1	0
32	33	49	50	-17.13525761843255	4.255758285522461	1	0
50	51	58	59	-21.283516167900483	5.427490234375	2	1
49	50	59	60	-47.528393535770874	4.520937919616699	2	1
48	49	60	61	-23.867859299689435	5.373682498931885	2	1
47	48	61	62	-15.485267624154783	4.486464977264404	2	1
46	47	62	63	-29.88086353571908	5.49243688583374	2	1
45	46	63	64	-24.984742061026537	4.383817195892334	2	1
44	45	64	65	-19.846372106559713	4.920431613922119	2	1
43	44	65	66	-13.402502129815435	4.90409517288208	2	1
66	67	71	72	-38.5296375643669	5.5848188400268555	3	2
65	66	72	73	-40.164735709865795	4.260519504547119	3	2
63	64	73	74	28.1163177548645	5.184083461761475	3	2
73	74	80	81	-16.10220716186304	5.2341485023498535	4	3
72	73	81	82	-31.69205013587984	4.687417984008789	4	3
71	72	82	83	-56.25855253862866	5.188098907470703	4	3
85	86	93	94	27.223339443541562	5.196906566619873	5	4
83	84	94	95	-42.031987435527626	4.204336643218994	5	4
81	82	95	96	40.58728013327684	5.520599365234375	5	4
81	82	96	97	-14.648045698150169	4.1348557472229	5	4
80	81	97	98	-12.41102445170591	5.197657585144043	5	4
79	80	98	99	-21.362717609864042	4.458706378936768	5	4
38	39	44	45	-15.060911865033495	5.099379062652588	1	0
37	38	45	46	-26.126797846815364	4.700552940368652	1	0
36	37	46	47	-14.938952159317692	5.110507011413574	1	0
35	36	47	48	-17.252792209982978	4.662929534912109	1	0
34	35	48	49	21.257854047981294	5.110655307769775	1	0
32	33	49	50	-17.13525761843255	4.255758285522461	1	0
50	51	58	59	-21.283516167900483	5.427490234375	2	1
49	50	59	60	-47.528393535770874	4.520937919616699	2	1
48	49	60	61	-23.867859299689435	5.373682498931885	2	1
47	48	61	62	-15.485267624154783	4.486464977264404	2	1
46	47	62	63	-29.88086353571908	5.49243688583374	2	1
45	46	63	64	-24.984742061026537	4.383817195892334	2	1
44	45	64	65	-19.846372106559713	4.920431613922119	2	1
43	44	65	66	-13.402502129815435	4.90409517288208	2	1
66	67	71	72	-38.5296375643669	5.5848188400268555	3	2
65	66	72	73	-40.164735709865795	4.260519504547119	3	2
63	64	73	74	28.1163177548645	5.184083461761475	3	2
73	74	80	81	-16.10220716186304	5.2341485023498535	4	3
72	73	81	82	-31.69205013587984	4.687417984008789	4	3
71	72	82	83	-56.25855253862866	5.188098907470703	4	3
85	86	93	94	27.223339443541562	5.196906566619873	5	4
83	84	94	95	-42.031987435527626	4.204336643218994	5	4
81	82	95	96	40.58728013327684	5.520599365234375	5	4
81	82	96	97	-14.648045698150169	4.1348557472229	5	4
80	81	97	98	-12.41102445170591	5.197657585144043	5	4
79	80	98	99	-21.362717609864042	4.458706378936768	5	4
