722	723	155	156	26.732271494848774	5.659382343292236	0	21
722	723	156	157	-15.319318762263894	4.303961277008057	0	21
721	722	157	158	-13.773615033985832	4.989059925079346	0	21
720	721	158	159	15.098501103004677	4.401313781738281	0	21
719	720	159	160	-9.577329430988472	5.197836399078369	0	21
718	719	160	161	1.5023374660518851	4.389326572418213	0	21
717	718	161	162	-8.68055760688663	5.616446018218994	0	21
160	161	172	173	57.21958035786251	5.43164587020874	1	0
160	161	173	174	-8.967275516819196	4.241363525390625	1	0
159	160	174	175	-4.868739032957087	5.009466648101807	1	0
158	159	175	176	-7.592333791849043	4.058147430419922	1	0
157	158	176	177	-16.972141873998442	5.268519878387451	1	0
156	157	177	178	8.790457760243426	4.347766876220703	1	0
155	156	178	179	14.390689244274167	5.129006385803223	1	0
154	155	179	180	-15.723270817587121	4.361828327178955	1	0
180	181	188	189	-21.063827368436325	5.664980888366699	2	1
179	180	189	190	51.65622475120648	5.502743721008301	2	1
179	180	190	191	-14.794261201320781	4.2071452140808105	2	1
178	179	191	192	-8.501368250536961	5.1777801513671875	2	1
177	178	192	193	-6.926820720317339	3.935197353363037	2	1
176	177	193	194	5.070191715113984	5.579702377319336	2	1
175	176	194	195	-16.230058283566414	4.432728290557861	2	1
174	175	195	196	-0.25796627982983816	5.617366313934326	2	1
173	174	196	197	5.45647237985317	4.152154445648193	2	1
172	173	197	198	-4.004948038738239	5.419684410095215	2	1
197	198	227	228	-32.57337812446653	5.227187156677246	3	2
197	198	228	229	3.284070917911989	5.30042028427124	3	2
196	197	229	230	-7.729402417111291	4.639097690582275	3	2
195	196	230	231	1.962975120304898	5.235370635986328	3	2
194	195	231	232	0.8462017935851038	4.77408504486084	3	2
193	194	232	233	0.7715951471470204	4.9650559425354	3	2
192	193	233	234	-10.614391737578016	4.325815200805664	3	2
191	192	234	235	-2.3739246354910892	5.35023307800293	3	2
190	191	235	236	-0.7601099848086198	4.6579670906066895	3	2
189	190	236	237	-7.010250031454351	5.165775299072266	3	2
188	189	237	238	-37.78472912606696	4.353903770446777	3	2
187	188	238	239	-12.999389103839214	5.217654705047607	3	2
238	239	246	247	-70.2199716810131	5.484433174133301	4	3
238	239	247	248	-10.012082700892869	5.0767741203308105	4	3
237	238	248	249	-13.05147390179825	4.442934036254883	4	3
236	237	249	250	-8.841804580204613	5.219778537750244	4	3
235	236	250	251	-11.050508670244687	4.324971675872803	4	3
234	235	251	252	-6.776964601628809	5.283153533935547	4	3
233	234	252	253	8.540316484171552	4.1423563957214355	4	3
232	233	253	254	-0.35007723574674515	5.378854274749756	4	3
231	232	254	255	-8.457523790595404	4.377383708953857	4	3
230	231	255	256	-0.14830812820020964	5.198173999786377	4	3
229	230	256	257	-10.52471320823197	4.734325885772705	4	3
228	229	257	258	-24.757349191602078	5.045796871185303	4	3
227	228	258	259	-34.02327193581173	4.266053199768066	4	3
256	257	283	284	-6.873020634776155	4.612728118896484	5	4
255	256	284	285	-10.376211946235985	5.057117462158203	5	4
254	255	285	286	-13.110755375938245	4.635958671569824	5	4
253	254	286	287	-4.910433864596002	5.089056015014648	5	4
252	253	287	288	-17.176520010012684	4.663373947143555	5	4
251	252	288	289	-1.0565749950464915	5.3685173988342285	5	4
250	251	289	290	-0.8412424584643097	4.53670597076416	5	4
249	250	290	291	-9.52270682934642	4.894454002380371	5	4
248	249	291	292	-12.3691563317089	4.662806034088135	5	4
247	248	292	293	-13.509149515508577	4.827354431152344	5	4
246	247	293	294	-19.50715885504424	4.668087482452393	5	4
245	246	294	295	3.490204882396904	5.590724468231201	5	4
244	245	295	296	21.39728838137237	4.616067886352539	5	4
296	297	301	302	-6.738804122334689	5.395025253295898	6	5
295	296	302	303	-9.552577649640266	4.294394493103027	6	5
294	295	303	304	0.2989417624798105	5.081496715545654	6	5
293	294	304	305	-1.6341186408199375	4.524449348449707	6	5
292	293	305	306	-15.842520403167745	5.145735740661621	6	5
291	292	306	307	10.591091865994422	4.236631870269775	6	5
290	291	307	308	-4.049314050425433	5.499648571014404	6	5
289	290	308	309	-17.58495748646833	4.466928005218506	6	5
288	289	309	310	-2.6975390049022345	5.151904106140137	6	5
287	288	310	311	-13.904605263962553	4.332200050354004	6	5
286	287	311	312	-7.020398698673933	5.139824867248535	6	5
285	286	312	313	-4.239787517766368	4.534813404083252	6	5
284	285	313	314	-12.984389132702724	5.288766384124756	6	5
283	284	314	315	-27.21142810594099	4.735190391540527	6	5
282	283	315	316	3.4191518110152765	5.060449600219727	6	5
314	315	338	339	42.60617821409317	5.596282958984375	7	6
314	315	339	340	-3.0514488387546788	4.3575310707092285	7	6
313	314	340	341	-15.434552949176904	5.136961936950684	7	6
312	313	341	342	-18.149830368649102	4.425991535186768	7	6
311	312	342	343	-10.461197360904887	5.008981227874756	7	6
310	311	343	344	-4.949309849108582	4.7664289474487305	7	6
309	310	344	345	-13.273960809794369	5.075867176055908	7	6
308	309	345	346	-11.270962783068429	4.4621381759643555	7	6
307	308	346	347	-1.5700058658686378	5.2356767654418945	7	6
306	307	347	348	-14.452878237287996	4.614199638366699	7	6
305	306	348	349	9.276032952918964	5.494311809539795	7	6
304	305	349	350	14.214677110960233	4.359642028808594	7	6
302	303	350	351	35.32891538726192	5.613271713256836	7	6
302	303	351	352	-23.345843176791394	4.265459060668945	7	6
301	302	352	353	5.352160907646523	5.140676975250244	7	6
354	355	361	362	-31.8235802788267	5.315886974334717	8	7
353	354	362	363	-27.074401536044718	4.083608627319336	8	7
352	353	363	364	-20.065933713403634	4.9632978439331055	8	7
351	352	364	365	-18.460928076153557	4.517368316650391	8	7
349	350	365	366	17.55345041393068	5.5149946212768555	8	7
349	350	366	367	2.2379249069499165	3.9290404319763184	8	7
348	349	367	368	-7.888832483174678	5.328395843505859	8	7
347	348	368	369	-3.26857929568624	4.3965888023376465	8	7
346	347	369	370	-6.7288918894773895	4.878332138061523	8	7
345	346	370	371	0.40119419563842856	4.328461170196533	8	7
344	345	371	372	-6.107132414035071	5.333297252655029	8	7
343	344	372	373	-9.857383256715254	4.507203102111816	8	7
342	343	373	374	-15.523356485518127	4.946932792663574	8	7
341	342	374	375	-8.659973092843826	4.760315895080566	8	7
340	341	375	376	0.1264904891179738	5.267727375030518	8	7
374	375	404	405	-15.838323265019154	4.745750427246094	9	8
373	374	405	406	-9.971480276702355	5.051774024963379	9	8
372	373	406	407	4.734002994723372	4.487528324127197	9	8
371	372	407	408	-16.90314312653561	5.482963562011719	9	8
370	371	408	409	-10.66502108111309	4.399779796600342	9	8
369	370	409	410	-0.6546837961436489	5.15812349319458	9	8
368	369	410	411	-0.33414935213716307	4.521515369415283	9	8
367	368	411	412	-8.309048554050669	4.955645561218262	9	8
366	367	412	413	-29.794724102579192	4.383474826812744	9	8
365	366	413	414	-8.922394282181363	5.279088973999023	9	8
364	365	414	415	-4.6494641813708535	4.5465006828308105	9	8
363	364	415	416	-21.659298965578078	4.889554500579834	9	8
362	363	416	417	-8.00341974887602	4.427484512329102	9	8
361	362	417	418	4.486727832851917	5.341696739196777	9	8
419	420	424	425	-44.45143903051697	5.345057010650635	10	9
418	419	425	426	-19.647261309411114	4.789958953857422	10	9
417	418	426	427	-20.301698843743452	5.183871269226074	10	9
416	417	427	428	-10.635942811281913	4.465575695037842	10	9
415	416	428	429	-6.080756831109213	5.7143235206604	10	9
414	415	429	430	13.106378081385305	4.187727928161621	10	9
413	414	430	431	7.229127168207632	5.694459915161133	10	9
412	413	431	432	-17.67723662645586	4.283441543579102	10	9
411	412	432	433	-4.594943108023273	5.154355525970459	10	9
410	411	433	434	-26.047251476764803	4.517693042755127	10	9
409	410	434	435	-11.755361505378874	5.257204532623291	10	9
408	409	435	436	-21.861442860600086	4.485123157501221	10	9
432	433	441	442	-13.19351486872342	5.108519077301025	11	10
431	432	442	443	-17.109262036058137	4.958634853363037	11	10
430	431	443	444	-8.919985493224658	4.881641864776611	11	10
429	430	444	445	-20.327373661686167	4.278311252593994	11	10
428	429	445	446	-8.93691198572757	4.88881254196167	11	10
427	428	446	447	-1.5566715302372633	4.3734025955200195	11	10
426	427	447	448	-9.20466525387617	5.223910808563232	11	10
425	426	448	449	-5.899890357494817	4.566779613494873	11	10
424	425	449	450	1.9081236148418594	5.054120063781738	11	10
451	452	456	457	-42.502496736223314	5.3544182777404785	12	11
450	451	457	458	-25.029852082731193	4.542362213134766	12	11
449	450	458	459	-11.757679222615312	5.197134017944336	12	11
448	449	459	460	0.19370867211252818	4.605522155761719	12	11
447	448	460	461	-11.542934285982106	5.242708206176758	12	11
446	447	461	462	12.172631090041019	4.029425621032715	12	11
445	446	462	463	6.470839518799475	5.470057487487793	12	11
444	445	463	464	18.220726235629915	4.01294469833374	12	11
442	443	464	465	97.83321346283036	5.03217887878418	12	11
481	482	494	495	-18.62625624718991	5.200088024139404	13	12
480	481	495	496	-23.619577311521116	4.5973896980285645	13	12
479	480	496	497	-14.059966855634999	5.112579822540283	13	12
478	479	497	498	-12.027548136764914	4.289993762969971	13	12
475	476	498	499	94.2207266633765	4.061089515686035	13	12
473	474	499	500	167.01207231554034	4.6862311363220215	13	12
473	474	500	501	55.10881054722491	4.389372825622559	13	12
467	468	504	505	-25.210059068633473	4.689287185668945	13	12
466	467	505	506	-14.929476203080254	4.995081424713135	13	12
465	466	506	507	-15.275751895868305	4.800291061401367	13	12
464	465	507	508	-27.509463905335586	4.78245210647583	13	12
463	464	508	509	-40.972567876538285	4.502835273742676	13	12
462	463	509	510	-6.406529878672889	5.374937057495117	13	12
461	462	510	511	4.1219687695325895	4.33351993560791	13	12
460	461	511	512	6.499159568303542	5.33397102355957	13	12
459	460	512	513	-16.803362574403025	4.2923760414123535	13	12
458	459	513	514	-20.522141302661172	5.050412178039551	13	12
457	458	514	515	-17.519378519271545	4.826630115509033	13	12
456	457	515	516	-17.047517761132497	5.283130168914795	13	12
455	456	516	517	-29.768411263402164	4.3138508796691895	13	12
516	517	522	523	5.116693716831759	4.621857166290283	14	13
515	516	523	524	-9.180501624355367	5.147247791290283	14	13
514	515	524	525	4.533441823072593	4.2036285400390625	14	13
513	514	525	526	-3.1468371737920062	5.446084499359131	14	13
512	513	526	527	-14.347438399843503	4.086862087249756	14	13
511	512	527	528	-9.100676451789836	5.430794715881348	14	13
510	511	528	529	-11.229146100405814	4.227091312408447	14	13
509	510	529	530	-9.216171844294879	5.282352447509766	14	13
508	509	530	531	-5.574529248602222	4.321497917175293	14	13
507	508	531	532	-2.2563585203511636	5.205554485321045	14	13
506	507	532	533	-29.218162030669596	4.39263916015625	14	13
505	506	533	534	-18.39181995613435	4.924056053161621	14	13
504	505	534	535	125.21528830520596	4.834970951080322	14	13
504	505	535	536	32.65476478082206	5.1788010597229	14	13
538	539	554	555	-41.749949363968	5.279881954193115	15	14
537	538	555	556	-56.22596398800115	4.576331615447998	15	14
538	539	556	557	-99.28164659647577	5.106196403503418	15	14
533	534	557	558	-16.57924453945344	4.438377857208252	15	14
533	534	558	559	50.83590828072288	4.642240047454834	15	14
533	534	559	560	-33.66674787777589	4.624807834625244	15	14
532	533	560	561	-19.49484563133539	4.882712364196777	15	14
531	532	561	562	-39.52600108733004	4.934372901916504	15	14
530	531	562	563	0.7467706782648721	4.95078182220459	15	14
529	530	563	564	0.7281414298180819	5.292291641235352	15	14
528	529	564	565	1.4716012324050953	4.240818977355957	15	14
527	528	565	566	-28.111736848051976	5.47432804107666	15	14
526	527	566	567	-21.015814633740867	4.527274131774902	15	14
525	526	567	568	-16.276198400445374	4.8207197189331055	15	14
524	525	568	569	-2.589853273553067	4.492029190063477	15	14
523	524	569	570	11.764988252643132	5.023501873016357	15	14
522	523	570	571	14.451073334986006	4.514768123626709	15	14
573	574	578	579	-44.10238714608498	5.23696231842041	16	15
572	573	579	580	-8.073757682756861	4.873253345489502	16	15
571	572	580	581	-2.9472149367246363	5.121985912322998	16	15
570	571	581	582	-1.132299260369102	4.44301700592041	16	15
569	570	582	583	-13.543295437762923	5.1304216384887695	16	15
568	569	583	584	-15.048366341073454	4.252032279968262	16	15
567	568	584	585	-9.024722397962652	5.143878936767578	16	15
566	567	585	586	-10.44097198373125	4.566676139831543	16	15
565	566	586	587	-2.938720393446352	5.2993669509887695	16	15
564	565	587	588	-61.690996588732105	4.4223809242248535	16	15
564	565	588	589	24.34760145299731	4.752503871917725	16	15
563	564	589	590	15.392729726893107	4.683761119842529	16	15
562	563	590	591	9.579559986621074	4.412664413452148	16	15
561	562	591	592	-0.4738456033963799	5.114800453186035	16	15
560	561	592	593	-49.72343370489948	4.123502731323242	16	15
585	586	605	606	1.4983735905487732	4.130620002746582	17	16
584	585	606	607	-0.598163500869033	5.268522262573242	17	16
583	584	607	608	-12.369063993992182	4.295312881469727	17	16
582	583	608	609	-1.742618993526804	5.469831943511963	17	16
581	582	609	610	-6.808332993860698	4.326445579528809	17	16
580	581	610	611	-6.093829915635749	5.255154609680176	17	16
579	580	611	612	-11.57945946902166	4.480680465698242	17	16
578	579	612	613	-14.387478415962835	5.217646598815918	17	16
614	615	619	620	-45.8718769032566	5.659926891326904	18	17
613	614	620	621	-3.205790981857815	4.458121299743652	18	17
612	613	621	622	-18.580510430849145	5.462503433227539	18	17
611	612	622	623	-6.715474467030209	4.279386043548584	18	17
610	611	623	624	-12.333096400411554	5.453216552734375	18	17
609	610	624	625	-13.907521685128694	4.53575325012207	18	17
608	609	625	626	-7.95848297885378	5.013479709625244	18	17
607	608	626	627	-4.994640634713498	4.4242262840271	18	17
606	607	627	628	-6.517274645232042	4.985571384429932	18	17
605	606	628	629	-5.778980539639055	4.634969234466553	18	17
630	631	651	652	2.0412606640783646	5.070253372192383	19	18
629	630	652	653	-2.571712740366139	4.783437252044678	19	18
628	629	653	654	5.305474862539675	4.463005542755127	19	18
627	628	654	655	-23.887883965612616	5.4327239990234375	19	18
626	627	655	656	-7.2091524700224605	4.177363872528076	19	18
625	626	656	657	-9.165135702141352	5.4488654136657715	19	18
624	625	657	658	-8.882417790108809	4.575261116027832	19	18
623	624	658	659	-19.86083095948006	4.9260640144348145	19	18
622	623	659	660	-14.540899456767264	4.286880970001221	19	18
621	622	660	661	-12.416349338984206	5.491570472717285	19	18
620	621	661	662	-18.661486283122894	4.141880989074707	19	18
619	620	662	663	2.5875690641265976	5.453644752502441	19	18
664	665	669	670	-36.935133671702424	5.481983661651611	20	19
663	664	670	671	-12.675174111926866	4.304724216461182	20	19
662	663	671	672	-13.720983210802922	5.374068260192871	20	19
661	662	672	673	-12.432063321596782	4.322482109069824	20	19
660	661	673	674	-8.861518690187289	5.551504135131836	20	19
659	660	674	675	10.921706983554197	3.672938108444214	20	19
657	658	675	676	56.904250449629224	5.660439491271973	20	19
657	658	676	677	-20.652569488162065	4.510754585266113	20	19
656	657	677	678	-134.08031397228226	5.175092697143555	20	19
657	658	678	679	2.537822356025456	5.393388748168945	20	19
692	693	699	700	29.877435422117966	5.646029472351074	21	20
692	693	700	701	8.565345228573886	3.855435371398926	21	20
691	692	701	702	12.93455237307843	4.959697723388672	21	20
690	691	702	703	3.8061365487139613	4.458524227142334	21	20
690	691	703	704	-27.95281915322364	3.8636789321899414	21	20
688	689	704	705	163.20102704259347	4.511955261230469	21	20
688	689	705	706	80.85702988638776	4.087669849395752	21	20
684	685	707	708	141.17517953495516	5.395263671875	21	20
684	685	708	709	58.02875459547618	4.463755130767822	21	20
684	685	709	710	29.653991728326755	4.198758125305176	21	20
683	684	710	711	12.331595690978256	4.321967124938965	21	20
682	683	711	712	44.01669643456979	4.713855743408203	21	20
679	680	713	714	53.27303430596159	4.648025035858154	21	20
676	677	714	715	-7.712499514172345	4.518978118896484	21	20
675	676	715	716	-21.4953964556803	5.170566082000732	21	20
674	675	716	717	-35.84009068114338	4.366730213165283	21	20
673	674	717	718	-11.694391014464513	5.66162109375	21	20
672	673	718	719	-5.684295990000659	4.519122123718262	21	20
671	672	719	720	-9.496275612879044	4.867319583892822	21	20
670	671	720	721	-15.533464254930351	4.896655559539795	21	20
669	670	721	722	-7.841311951652299	4.974969387054443	21	20
668	669	722	723	-16.18053083961816	4.764053821563721	21	20
