120	121	11	12	-32.428209658326985	5.50741720199585	0	7
120	121	12	13	24.065113241309998	5.159676551818848	0	7
118	119	13	14	-38.77102461758884	4.3053059577941895	0	7
13	14	20	21	-29.56369092742657	4.434009075164795	1	0
12	13	21	22	-7.255873328010634	5.190485954284668	1	0
11	12	22	23	-26.85639394710825	4.615013122558594	1	0
24	25	32	33	-43.16020405971624	5.5940327644348145	2	1
24	25	33	34	9.590738028990174	5.191777229309082	2	1
22	23	34	35	6.9918900150539685	4.436045169830322	2	1
21	22	35	36	-20.977162765703092	5.142307281494141	2	1
20	21	36	37	-6.390829548374492	4.659083843231201	2	1
35	36	50	51	-34.835605130542255	5.05580997467041	3	2
34	35	51	52	-49.07361032149987	4.56437349319458	3	2
33	34	52	53	-15.368751067664945	4.783330917358398	3	2
32	33	53	54	-11.194221667651517	4.677794456481934	3	2
31	32	54	55	-48.01480364693725	4.854536056518555	3	2
30	31	55	56	-21.994719242762866	4.562995433807373	3	2
55	56	61	62	1.6892950016947124	4.428967475891113	4	3
53	54	62	63	-0.14875903861097978	5.183542251586914	4	3
53	54	63	64	-47.007345031119876	4.0945329666137695	4	3
51	52	64	65	10.445854381265814	5.480889320373535	4	3
51	52	65	66	-37.91658892550899	4.767236232757568	4	3
66	67	76	77	-32.11955766755359	5.5917487144470215	5	4
65	66	77	78	-14.760816900689882	4.373427391052246	5	4
64	65	78	79	-1.3197750253422493	5.521415710449219	5	4
63	64	79	80	-21.016424398993653	4.202122688293457	5	4
62	63	80	81	-2.865943920573611	5.34323787689209	5	4
61	62	81	82	-15.02897075951528	4.487452507019043	5	4
84	85	92	93	-33.17232767761675	5.390953540802002	6	5
83	84	93	94	-44.1180760347915	4.460046291351318	6	5
81	82	94	95	-9.231831976074373	5.312812328338623	6	5
81	82	95	96	-37.02907638178941	3.995767831802368	6	5
80	81	96	97	-25.449373347366464	5.488807678222656	6	5
79	80	97	98	-17.11436891563445	4.201348304748535	6	5
78	79	98	99	-16.23441160759261	5.369161128997803	6	5
77	78	99	100	-21.933226751692736	4.290638446807861	6	5
98	99	111	112	-24.71292689730923	5.022233963012695	7	6
97	98	112	113	-14.244287906318613	4.537695407867432	7	6
96	97	113	114	-36.8861586944717	5.412114143371582	7	6
95	96	114	115	-31.89752617413222	4.485144138336182	7	6
94	95	115	116	-10.557141666838946	5.257487773895264	7	6
93	94	116	117	-7.60114175305944	4.586154937744141	7	6
92	93	117	118	-14.12384694730728	5.018260478973389	7	6
120	121	11	12	-32.428209658326985	5.50741720199585	0	7
120	121	12	13	24.065113241309998	5.159676551818848	0	7
118	119	13	14	-38.77102461758884	4.3053059577941895	0	7
13	14	20	21	-29.56369092742657	4.434009075164795	1	0
12	13	21	22	-7.255873328010634	5.190485954284668	1	0
11	12	22	23	-26.85639394710825	4.615013122558594	1	0
24	25	32	33	-43.16020405971624	5.5940327644348145	2	1
24	25	33	34	9.590738028990174	5.191777229309082	2	1
22	23	34	35	6.9918900150539685	4.436045169830322	2	1
21	22	35	36	-20.977162765703092	5.142307281494141	2	1
20	21	36	37	-6.390829548374492	4.659083843231201	2	1
35	36	50	51	-34.835605130542255	5.05580997467041	3	2
34	35	51	52	-49.07361032149987	4.56437349319458	3	2
33	34	52	53	-15.368751067664945	4.783330917358398	3	2
32	33	53	54	-11.194221667651517	4.677794456481934	3	2
31	32	54	55	-48.01480364693725	4.854536056518555	3	2
30	31	55	56	-21.994719242762866	4.562995433807373	3	2
55	56	61	62	1.6892950016947124	4.428967475891113	4	3
53	54	62	63	-0.14875903861097978	5.183542251586914	4	3
53	54	63	64	-47.007345031119876	4.0945329666137695	4	3
51	52	64	65	10.445854381265814	5.480889320373535	4	3
51	52	65	66	-37.91658892550899	4.767236232757568	4	3
66	67	76	77	-32.11955766755359	5.5917487144470215	5	4
65	66	77	78	-14.760816900689882	4.373427391052246	5	4
64	65	78	79	-1.3197750253422493	5.521415710449219	5	4
63	64	79	80	-21.016424398993653	4.202122688293457	5	4
62	63	80	81	-2.865943920573611	5.34323787689209	5	4
61	62	81	82	-15.02897075951528	4.487452507019043	5	4
84	85	92	93	-33.17232767761675	5.390953540802002	6	5
83	84	93	94	-44.1180760347915	4.460046291351318	6	5
81	82	94	95	-9.231831976074373	5.312812328338623	6	5
81	82	95	96	-37.02907638178941	3.995767831802368	6	5
80	81	96	97	-25.449373347366464	5.488807678222656	6	5
79	80	97	98	-17.11436891563445	4.201348304748535	6	5
78	79	98	99	-16.23441160759261	5.369161128997803	6	5
77	78	99	100	-21.933226751692736	4.290638446807861	6	5
98	99	111	112	-24.71292689730923	5.022233963012695	7	6
97	98	112	113	-14.244287906318613	4.537695407867432	7	6
96	97	113	114	-36.8861586944717	5.412114143371582	7	6
95	96	114	115	-31.89752617413222	4.485144138336182	7	6
94	95	115	116	-10.557141666838946	5.257487773895264	7	6
93	94	116	117	-7.60114175305944	4.586154937744141	7	6
92	93	117	118	-14.12384694730728	5.018260478973389	7	6
