418	419	39	40	-39.60560667440966	5.38538932800293	0	17
417	418	40	41	-23.8791062150622	5.223061561584473	0	17
416	417	41	42	-26.154235458397906	5.216962814331055	0	17
415	416	42	43	-21.034865051179604	4.417668342590332	0	17
414	415	43	44	4.159569844195499	5.100226402282715	0	17
413	414	44	45	-15.676525665959602	4.317485332489014	0	17
412	413	45	46	-6.842590737331737	4.936036109924316	0	17
411	412	46	47	-6.104163042920469	4.474020481109619	0	17
410	411	47	48	0.14528901663317922	5.000591278076172	0	17
409	410	48	49	-4.128033497736313	4.450300693511963	0	17
408	409	49	50	7.689447726149081	5.093769550323486	0	17
49	50	62	63	1.424834694775624	4.979169845581055	1	0
48	49	63	64	15.312443743858193	4.5530266761779785	1	0
47	48	64	65	-9.430154031745793	5.6627960205078125	1	0
46	47	65	66	5.14778602973931	4.418460369110107	1	0
45	46	66	67	-16.22843603593783	5.3624725341796875	1	0
44	45	67	68	-12.32242285140493	4.641928195953369	1	0
43	44	68	69	-28.983605094367874	4.980478763580322	1	0
42	43	69	70	-15.521969833190175	4.957149982452393	1	0
41	42	70	71	-14.911516596909854	4.966269016265869	1	0
40	41	71	72	-22.210935939123402	4.371977806091309	1	0
39	40	72	73	2.5418357062487233	5.003243446350098	1	0
38	39	73	74	-2.247393273992624	4.028071880340576	1	0
77	78	83	84	-75.05738978364494	4.66015100479126	2	1
76	77	84	85	9.604347036042467	4.900404453277588	2	1
76	77	85	86	11.292103824436118	4.9069743156433105	2	1
74	75	86	87	-3.173435776595266	5.512657642364502	2	1
73	74	87	88	-4.71843791502087	4.488068580627441	2	1
72	73	88	89	-2.601513547855141	5.007131099700928	2	1
71	72	89	90	-0.03986313567373386	4.992354869842529	2	1
70	71	90	91	-9.591537152761575	4.4881134033203125	2	1
69	70	91	92	5.7280147088078435	4.915660858154297	2	1
68	69	92	93	-8.550504950288177	5.169197082519531	2	1
67	68	93	94	-17.22588221291836	4.190345764160156	2	1
66	67	94	95	-28.056344509334973	5.549219608306885	2	1
65	66	95	96	-55.61022565451427	4.608752727508545	2	1
65	66	96	97	25.956827690483788	5.216062545776367	2	1
64	65	97	98	13.423634970208774	4.874669551849365	2	1
63	64	98	99	70.37819782821633	4.6031060218811035	2	1
92	93	120	121	-22.260208568975994	5.418034076690674	3	2
91	92	121	122	37.29931262389514	4.5168375968933105	3	2
90	91	122	123	-6.511033471286758	5.354997158050537	3	2
89	90	123	124	-5.666296801631878	4.653591156005859	3	2
88	89	124	125	-13.145619295086581	4.654090881347656	3	2
87	88	125	126	-8.512871424517575	4.7422194480896	3	2
86	87	126	127	-22.842843810202176	5.10269021987915	3	2
85	86	127	128	-37.20854885507539	4.683507919311523	3	2
84	85	128	129	-17.42556963161537	5.132784843444824	3	2
83	84	129	130	-19.06367510628221	4.507432460784912	3	2
129	130	135	136	-19.604253193074747	4.487645149230957	4	3
128	129	136	137	-9.82583269037018	5.421548843383789	4	3
127	128	137	138	-21.216771593393553	4.329826831817627	4	3
126	127	138	139	-26.689583138609713	5.490431785583496	4	3
138	139	161	162	14.040577835340148	5.522459506988525	5	4
137	138	162	163	39.9623237389328	5.663146018981934	5	4
137	138	163	164	-2.5724970769061373	4.1960248947143555	5	4
136	137	164	165	-7.2674576596570235	5.346118450164795	5	4
135	136	165	166	-20.708441079296595	4.411656856536865	5	4
166	167	174	175	-71.36367285350354	5.399744510650635	6	5
166	167	175	176	-12.77830525953827	5.0429205894470215	6	5
165	166	176	177	-3.0350270438492637	4.633147239685059	6	5
164	165	177	178	-23.220427880177684	5.078186511993408	6	5
163	164	178	179	28.000921833887503	4.086645603179932	6	5
162	163	179	180	16.41265657927755	5.615329265594482	6	5
161	162	180	181	-65.05641453312283	4.066152572631836	6	5
180	181	206	207	-22.596141506139407	5.027556419372559	7	6
179	180	207	208	-9.498824462022572	5.003729820251465	7	6
178	179	208	209	-28.360047106975777	4.39003324508667	7	6
177	178	209	210	5.599863701227693	5.4412994384765625	7	6
176	177	210	211	-1.189955959210529	4.420506954193115	7	6
175	176	211	212	-17.841984724422858	4.5676045417785645	7	6
174	175	212	213	-4.432319196858593	4.525554656982422	7	6
215	216	221	222	-18.43509570104256	5.418477535247803	8	7
214	215	222	223	-9.686263931460227	4.2323198318481445	8	7
213	214	223	224	-17.54328820252152	5.334619998931885	8	7
212	213	224	225	-0.9675661617474576	4.502225875854492	8	7
211	212	225	226	6.799993722036951	5.341220855712891	8	7
210	211	226	227	-4.010599592788736	4.467092514038086	8	7
209	210	227	228	2.019121913308809	5.354273796081543	8	7
208	209	228	229	-10.789639400723875	4.492262840270996	8	7
207	208	229	230	-11.15882899747577	5.200262546539307	8	7
206	207	230	231	-36.73796032099447	4.600285053253174	8	7
229	230	233	234	-32.129278875420624	5.4776177406311035	9	8
229	230	234	235	-2.596238521274803	5.222784042358398	9	8
228	229	235	236	-14.262921960153564	4.053155422210693	9	8
227	228	236	237	-17.096013975446873	4.893773555755615	9	8
226	227	237	238	-16.692335368558545	4.571147918701172	9	8
225	226	238	239	-6.714303485047555	4.929531097412109	9	8
224	225	239	240	-13.0192005802333	4.89177942276001	9	8
223	224	240	241	-3.3628527822433543	4.874351978302002	9	8
222	223	241	242	-7.258490903927018	4.636748313903809	9	8
221	222	242	243	-0.5652096849597236	5.244117736816406	9	8
220	221	243	244	12.501639837410526	4.321877479553223	9	8
244	245	251	252	-72.31019749357985	5.480466365814209	10	9
244	245	252	253	-20.194772201134484	5.170934677124023	10	9
243	244	253	254	2.1181462864570575	4.563161849975586	10	9
242	243	254	255	8.4801976033086	5.42008113861084	10	9
241	242	255	256	-12.964375095799205	4.4017653465271	10	9
240	241	256	257	-6.530914160944723	5.1097307205200195	10	9
239	240	257	258	-8.76995945363817	4.589204788208008	10	9
238	239	258	259	-14.85570437120994	5.19569206237793	10	9
237	238	259	260	-14.133043320234062	4.567902565002441	10	9
236	237	260	261	-8.754525704856578	5.280277729034424	10	9
235	236	261	262	-6.016120675993602	4.357269763946533	10	9
261	262	273	274	-10.383790940750009	4.636960983276367	11	10
260	261	274	275	-7.698629677194444	5.094080448150635	11	10
259	260	275	276	-10.798049307937674	4.477580547332764	11	10
258	259	276	277	-2.675867655369681	4.782800674438477	11	10
257	258	277	278	-8.843259627457806	4.8088884353637695	11	10
256	257	278	279	-5.940596753960604	4.6801605224609375	11	10
255	256	279	280	3.304366088103374	4.68541955947876	11	10
254	255	280	281	-8.932576611329656	5.101263999938965	11	10
253	254	281	282	-15.214162910014672	4.67311429977417	11	10
252	253	282	283	-9.011791051692468	4.759140968322754	11	10
251	252	283	284	-14.087080516233202	4.688560485839844	11	10
283	284	288	289	49.63583898802034	5.71909761428833	12	11
283	284	289	290	-14.703084336306667	4.288978576660156	12	11
282	283	290	291	-16.167488422384043	4.911635398864746	12	11
281	282	291	292	-20.165445900014664	4.442569732666016	12	11
280	281	292	293	-11.861402720922548	5.095626354217529	12	11
279	280	293	294	-4.476255232776081	4.602427959442139	12	11
278	279	294	295	-3.0679734955960285	5.111143589019775	12	11
277	278	295	296	8.399599764294031	4.75432014465332	12	11
276	277	296	297	-15.19410292428712	5.22053861618042	12	11
275	276	297	298	-13.179124729375099	4.450141429901123	12	11
274	275	298	299	-28.65296695631388	5.146275520324707	12	11
273	274	299	300	60.82096328293169	4.629274845123291	12	11
296	297	327	328	-40.70813224757914	4.714948654174805	13	12
296	297	328	329	10.36831574846595	5.58512544631958	13	12
295	296	329	330	-2.506585696719898	4.327831745147705	13	12
294	295	330	331	-10.712751516120173	5.247611045837402	13	12
293	294	331	332	-1.773304769315174	4.628839015960693	13	12
292	293	332	333	-19.06289473791646	4.443211078643799	13	12
291	292	333	334	-11.561498771331392	5.015974044799805	13	12
290	291	334	335	-17.282426352455264	4.838515758514404	13	12
289	290	335	336	-13.621906123098722	4.647608757019043	13	12
288	289	336	337	-18.581901139206316	5.237114906311035	13	12
287	288	337	338	-15.975175275473903	4.916223526000977	13	12
338	339	344	345	2.389170975359723	5.270630836486816	14	13
338	339	347	348	-31.243950235483208	5.338400840759277	14	13
337	338	348	349	-2.4232052621518143	4.700430870056152	14	13
336	337	349	350	-10.790226596901714	4.972408294677734	14	13
335	336	350	351	-5.533899077753366	4.188969612121582	14	13
334	335	351	352	-2.3999792985940838	5.563650131225586	14	13
333	334	352	353	-1.0679827767791608	4.300740718841553	14	13
332	333	353	354	-5.970643797149054	5.632480144500732	14	13
331	332	354	355	-20.365154629967208	4.453035831451416	14	13
329	330	355	356	28.921723493999544	5.278922080993652	14	13
329	330	356	357	-31.891710010045536	4.09089469909668	14	13
328	329	357	358	-47.71663369164227	5.477431774139404	14	13
327	328	358	359	90.68320866098013	4.709969520568848	14	13
327	328	359	360	18.704332504526555	4.64971923828125	14	13
356	357	368	369	-5.99434152279745	4.282497406005859	15	14
355	356	369	370	-10.904171115341573	4.835572242736816	15	14
354	355	370	371	8.016149028440015	4.422999382019043	15	14
353	354	371	372	-8.866818935041275	5.319124698638916	15	14
352	353	372	373	-18.046411615727443	4.445865631103516	15	14
351	352	373	374	-11.11730124118356	5.254452228546143	15	14
350	351	374	375	2.948802130520192	4.453807353973389	15	14
349	350	375	376	3.4730464486900434	5.025651931762695	15	14
348	349	376	377	-17.781079455096695	4.7580695152282715	15	14
347	348	377	378	-12.962603707946652	5.317834854125977	15	14
346	347	378	379	1.0533567170241163	4.557988166809082	15	14
378	379	389	390	-12.615305622071338	4.420040130615234	16	15
377	378	390	391	1.993158840168401	5.258968830108643	16	15
376	377	391	392	-14.375176799225535	4.314380168914795	16	15
375	376	392	393	-9.32513734726182	5.188525199890137	16	15
374	375	393	394	-23.586432660188613	4.4107160568237305	16	15
373	374	394	395	-4.796859718846857	5.061694145202637	16	15
372	373	395	396	10.39859157940987	4.3356523513793945	16	15
371	372	396	397	1.8871905602559114	5.14215612411499	16	15
370	371	397	398	-24.8417048753807	4.580215930938721	16	15
369	370	398	399	-10.866591803690499	5.275585174560547	16	15
368	369	399	400	-3.0035070336420335	4.615946292877197	16	15
396	397	406	407	-1.817245633868637	5.393372535705566	17	16
395	396	407	408	-22.744846665395194	4.641728401184082	17	16
394	395	408	409	-13.946682383763717	5.024374008178711	17	16
393	394	409	410	-8.279169369441838	4.811929702758789	17	16
392	393	410	411	-11.974040823739276	5.053723335266113	17	16
391	392	411	412	-7.558757849117575	4.747994899749756	17	16
390	391	412	413	-5.137017297355007	5.173767566680908	17	16
389	390	413	414	-9.334854540926464	4.519336223602295	17	16
