224	225	19	20	-33.4254943528649	5.475398540496826	0	7
224	225	20	21	11.923439382043703	4.440324783325195	0	7
223	224	21	22	-30.82034009005999	5.447777271270752	0	7
222	223	22	23	-13.124013155086175	4.156808853149414	0	7
221	222	23	24	3.305716651730267	5.463440895080566	0	7
220	221	24	25	-43.62437897381492	4.101463794708252	0	7
218	219	25	26	-12.27775962014387	5.614712715148926	0	7
218	219	26	27	9.879658552316181	3.9125895500183105	0	7
24	25	30	31	1.0440183451148037	4.322686672210693	1	0
23	24	31	32	-50.42799725480518	5.492810249328613	1	0
22	23	32	33	-0.47193185740306115	4.2317399978637695	1	0
21	22	33	34	-12.586362141466633	5.2930474281311035	1	0
20	21	34	35	-55.66847016142836	4.412500858306885	1	0
20	21	35	36	-2.7303841174783563	5.223958492279053	1	0
17	18	36	37	-37.96885779667939	4.254646301269531	1	0
37	38	42	43	-26.352626684124452	5.7085394859313965	2	1
36	37	43	44	-8.73209137568949	4.040899276733398	2	1
35	36	44	45	-11.74701801998341	4.891814231872559	2	1
34	35	45	46	-19.661380451493443	4.769818305969238	2	1
32	33	46	47	-13.376815500580381	5.052357196807861	2	1
32	33	47	48	-15.934943289883392	3.68188738822937	2	1
30	31	48	49	-0.9116673008347362	5.5299577713012695	2	1
30	31	49	50	-57.69821680162837	4.743292808532715	2	1
58	59	65	66	-95.81842527673132	4.9722208976745605	3	2
58	59	66	67	-48.69506257399823	5.066545486450195	3	2
56	57	67	68	40.174919418599714	4.5413336753845215	3	2
55	56	68	69	45.15393408540401	5.250408172607422	3	2
53	54	69	70	-16.710653506764118	4.322404861450195	3	2
52	53	70	71	-9.402960163338115	5.313952922821045	3	2
51	52	71	72	-1.6524208187653646	4.401610851287842	3	2
49	50	72	73	62.996501246078836	4.342319965362549	3	2
49	50	73	74	-18.739751431010003	4.744317531585693	3	2
48	49	74	75	-14.438260209671046	5.175434112548828	3	2
47	48	75	76	-31.822967194317624	4.207096099853516	3	2
46	47	76	77	-7.908556319157713	5.3188557624816895	3	2
45	46	77	78	-3.825288826388828	4.4693193435668945	3	2
44	45	78	79	-20.00158156068788	5.439687728881836	3	2
43	44	79	80	-45.27984969219651	4.4964823722839355	3	2
42	43	80	81	-8.355115654036293	4.995542526245117	3	2
80	81	96	97	-77.60248291691877	5.1380462646484375	4	3
80	81	97	98	-25.345848930378647	5.21343469619751	4	3
79	80	98	99	-17.885901136914512	4.618017673492432	4	3
77	78	99	100	-22.182117164803277	4.98482608795166	4	3
77	78	100	101	22.815710390460893	4.0216450691223145	4	3
76	77	101	102	-16.574062216028178	5.629397392272949	4	3
75	76	102	103	-18.62522607094699	4.032040596008301	4	3
74	75	103	104	8.873338337005034	5.26580286026001	4	3
73	74	104	105	7.276929268618555	4.755458354949951	4	3
72	73	105	106	11.024091259484651	5.130617141723633	4	3
71	72	106	107	8.117892793114772	4.196446895599365	4	3
70	71	107	108	-12.23209012336396	5.27177619934082	4	3
69	70	108	109	-19.16800732867409	4.627737522125244	4	3
68	69	109	110	-4.3948964603883285	5.056421756744385	4	3
67	68	110	111	-7.052738497739301	4.552600860595703	4	3
66	67	111	112	-9.381908102366642	5.008591651916504	4	3
65	66	112	113	-21.160889958854746	4.8607401847839355	4	3
113	114	134	135	-21.31353050150372	5.238273620605469	5	4
112	113	135	136	-7.249295516762399	4.271312713623047	5	4
111	112	136	137	-13.895006771142516	5.167634010314941	5	4
110	111	137	138	-8.937655898159985	4.509209632873535	5	4
109	110	138	139	-13.749638277358155	5.003847122192383	5	4
108	109	139	140	-14.860011083105006	4.785486698150635	5	4
107	108	140	141	-4.348920740380695	5.080507755279541	5	4
106	107	141	142	-14.045923039500375	4.422880172729492	5	4
105	106	142	143	5.090046514729831	5.1237568855285645	5	4
104	105	143	144	24.985851571534432	4.580818176269531	5	4
103	104	144	145	15.882105630584372	4.961561679840088	5	4
102	103	145	146	7.767865982691924	4.418337821960449	5	4
102	103	146	147	-49.89432183091006	5.264280796051025	5	4
101	102	147	148	-21.163839196051853	5.094876289367676	5	4
100	101	148	149	-56.98940955718099	4.255991458892822	5	4
100	101	149	150	-5.9993424068034615	5.031129837036133	5	4
98	99	150	151	-4.9395800868617705	4.6302409172058105	5	4
97	98	151	152	-33.17666001834082	4.710865020751953	5	4
96	97	152	153	-26.5128192820023	4.582642078399658	5	4
95	96	153	154	-25.311888999723866	5.193955898284912	5	4
94	95	154	155	-31.503640564422078	4.63258171081543	5	4
154	155	165	166	8.92811392997835	4.206931114196777	6	5
153	154	166	167	-4.555599770717563	5.445194244384766	6	5
152	153	167	168	-20.734863639429438	4.065689563751221	6	5
150	151	168	169	-7.929367866933012	5.451487064361572	6	5
150	151	169	170	3.797519780401694	3.6624953746795654	6	5
148	149	171	172	-35.596262248765285	4.478259563446045	6	5
147	148	172	173	3.3602435512920232	5.30848503112793	6	5
146	147	173	174	-65.24026407096066	5.106021404266357	6	5
141	142	176	177	-37.66057442125687	4.702592849731445	6	5
140	141	177	178	-13.935947460388252	5.084305286407471	6	5
139	140	178	179	4.3547371711485034	4.6999406814575195	6	5
138	139	179	180	-6.191510713640951	5.181877136230469	6	5
137	138	180	181	-13.999349708202118	4.512789726257324	6	5
136	137	181	182	-27.48644469948063	5.176272869110107	6	5
135	136	182	183	-12.368471823932337	4.1987104415893555	6	5
170	171	215	216	-15.548991009457856	4.95462703704834	7	6
169	170	216	217	-45.45650022600214	4.09933614730835	7	6
168	169	217	218	-7.409311104279819	5.371650695800781	7	6
167	168	218	219	-6.068989395427366	4.279189109802246	7	6
166	167	219	220	-15.271049595381838	5.350668430328369	7	6
165	166	220	221	-6.959548180509185	4.218284606933594	7	6
164	165	221	222	-26.09841147910217	5.531790256500244	7	6
163	164	222	223	-38.90838254282998	4.2971601486206055	7	6
162	163	223	224	-1.379075945280975	4.930741786956787	7	6
161	162	224	225	-31.78200721720525	4.433377742767334	7	6
