638	639	140	141	-8.405987872162152	4.283229351043701	0	21
637	638	141	142	-11.994396093707898	5.524946689605713	0	21
636	637	142	143	-6.40473794337075	4.1569085121154785	0	21
635	636	143	144	-12.167556028295213	5.123337268829346	0	21
634	635	144	145	7.3614797718730705	4.444692611694336	0	21
633	634	145	146	-6.918698850166259	5.209761142730713	0	21
145	146	150	151	-45.521008430085715	5.688894748687744	1	0
145	146	151	152	4.163367852101283	4.9484639167785645	1	0
144	145	152	153	-16.16353589170875	4.859402656555176	1	0
143	144	153	154	-8.414209674024429	4.711706161499023	1	0
142	143	154	155	-4.284925349627747	4.566059112548828	1	0
141	142	155	156	-13.189065850920306	5.248610019683838	1	0
140	141	156	157	-3.158844424178258	4.2931108474731445	1	0
139	140	157	158	-6.169104719089781	5.245184421539307	1	0
138	139	158	159	-26.098919638095815	4.691585540771484	1	0
137	138	159	160	-0.686610595882124	5.434746265411377	1	0
136	137	160	161	-1.034832531722402	4.020188331604004	1	0
160	161	166	167	-6.262500729505745	4.1020660400390625	2	1
159	160	167	168	-0.27943390711479077	5.5520477294921875	2	1
158	159	168	169	-9.400034176204423	4.357959270477295	2	1
157	158	169	170	-3.3403315204032733	5.261397838592529	2	1
156	157	170	171	-6.679346888128986	4.091341018676758	2	1
155	156	171	172	8.189342958189716	5.372457027435303	2	1
154	155	172	173	-21.709286028832896	3.964879035949707	2	1
153	154	173	174	-5.807176278643432	5.433349609375	2	1
152	153	174	175	-0.5731338313467429	4.144669532775879	2	1
151	152	175	176	-6.420141614881033	5.102205753326416	2	1
150	151	176	177	-5.80445785225727	4.1597442626953125	2	1
176	177	190	191	-1.0454763984370672	4.4389753341674805	3	2
175	176	191	192	1.2631340154712236	5.335272312164307	3	2
174	175	192	193	-21.65745884334395	4.7426958084106445	3	2
173	174	193	194	-4.005225803030347	5.002622604370117	3	2
172	173	194	195	-13.262039818771134	4.49153995513916	3	2
171	172	195	196	-6.05373259533459	5.471650123596191	3	2
170	171	196	197	-2.155352638791661	4.376431465148926	3	2
169	170	197	198	-6.645112930879446	5.135557651519775	3	2
168	169	198	199	0.3307629322129449	4.3566741943359375	3	2
167	168	199	200	1.4000053733227407	5.194149494171143	3	2
166	167	200	201	-9.70242264720899	4.178177356719971	3	2
201	202	209	210	-56.400678042983	5.723414421081543	4	3
201	202	210	211	-8.570865024465252	5.353428363800049	4	3
200	201	211	212	-14.398275946421668	4.246906757354736	4	3
199	200	212	213	3.2961137111825076	5.278285503387451	4	3
198	199	213	214	-1.6650751702123983	4.4484429359436035	4	3
197	198	214	215	-3.6021517048535365	5.485020637512207	4	3
196	197	215	216	-12.428477752495239	4.563504219055176	4	3
195	196	216	217	1.8741590899977647	5.297867298126221	4	3
194	195	217	218	-0.48401310161064914	4.4219279289245605	4	3
193	194	218	219	-7.730159838235051	5.023649215698242	4	3
192	193	219	220	-8.68833257238567	4.362110137939453	4	3
191	192	220	221	-10.139181702673914	5.078670501708984	4	3
190	191	221	222	-2.5551098925224944	4.344786167144775	4	3
221	222	240	241	47.11233778620541	5.487553596496582	5	4
221	222	241	242	-32.4096085616047	4.6980462074279785	5	4
220	221	242	243	-16.9920856969744	5.141166687011719	5	4
219	220	243	244	-5.8105882840806915	4.774473667144775	5	4
218	219	244	245	-2.0626052235796632	4.959397792816162	5	4
217	218	245	246	-4.440654409169683	4.582677841186523	5	4
216	217	246	247	-2.038372634489435	4.927043437957764	5	4
215	216	247	248	2.230377081162888	4.776771545410156	5	4
214	215	248	249	-1.568093050208048	4.89779806137085	5	4
213	214	249	250	-3.5338466710213012	4.482435703277588	5	4
212	213	250	251	-6.232280741998289	5.182617664337158	5	4
211	212	251	252	-14.922193192211669	4.717073917388916	5	4
210	211	252	253	-17.386356354452225	5.029654026031494	5	4
209	210	253	254	-18.247074021471843	4.4893622398376465	5	4
208	209	254	255	-8.52313977494738	4.842733383178711	5	4
207	208	255	256	-17.165678530123433	5.0217719078063965	5	4
255	256	264	265	5.461898257825029	4.115943908691406	6	5
254	255	265	266	-23.194521851098404	5.152411937713623	6	5
253	254	266	267	-4.591614845262685	4.35322904586792	6	5
252	253	267	268	-7.391443443087775	5.297182559967041	6	5
251	252	268	269	-10.273757576062936	4.231429100036621	6	5
250	251	269	270	-12.228643665747258	5.5892014503479	6	5
249	250	270	271	3.8455816284585262	4.334040641784668	6	5
248	249	271	272	3.0545886110572016	5.328484058380127	6	5
247	248	272	273	-3.994568116265439	4.5746541023254395	6	5
246	247	273	274	-8.975906606620034	5.116422176361084	6	5
245	246	274	275	-13.725281307278633	4.371410846710205	6	5
244	245	275	276	-4.115469534594114	5.248486518859863	6	5
243	244	276	277	-7.842727130856276	4.755557537078857	6	5
242	243	277	278	-20.6035420808223	5.078812599182129	6	5
241	242	278	279	-27.43347387968802	4.2144317626953125	6	5
275	276	288	289	-8.30015705324398	5.053426265716553	7	6
274	275	289	290	-2.05463312870201	4.417524814605713	7	6
273	274	290	291	-6.64600745228269	5.160863876342773	7	6
272	273	291	292	-17.34415920885839	4.406759262084961	7	6
271	272	292	293	-7.309777565997597	5.301970481872559	7	6
270	271	293	294	13.183815409705417	4.351024627685547	7	6
269	270	294	295	-20.230699550556167	5.535629749298096	7	6
268	269	295	296	-4.642651466899425	4.337976455688477	7	6
267	268	296	297	-2.465123941395801	5.145419597625732	7	6
266	267	297	298	-12.49075001279822	4.55941104888916	7	6
265	266	298	299	-10.897567627310787	5.4592790603637695	7	6
264	265	299	300	-16.900467289296444	3.804030179977417	7	6
302	303	311	312	-17.110817411778573	4.841604232788086	8	7
301	302	312	313	-25.25502357077088	4.234330654144287	8	7
300	301	313	314	-9.58476679563666	5.057495594024658	8	7
299	300	314	315	-18.473686191422775	4.511444091796875	8	7
297	298	316	317	12.291372770336231	4.058999061584473	8	7
296	297	317	318	-16.026405602158633	5.555330276489258	8	7
295	296	318	319	1.07121470085014	4.331484794616699	8	7
294	295	319	320	13.756478181972797	5.449660301208496	8	7
293	294	320	321	-27.875408031236233	3.8375120162963867	8	7
292	293	321	322	-5.881887318121249	5.37131929397583	8	7
291	292	322	323	-8.624670926349	4.147979736328125	8	7
290	291	323	324	-14.185806126976566	5.098099231719971	8	7
289	290	324	325	-10.8014773324571	4.246101379394531	8	7
323	324	344	345	-8.532260356022288	5.638911247253418	9	8
322	323	345	346	-6.068632363928287	4.43669319152832	9	8
321	322	346	347	-12.914322849891628	5.2161784172058105	9	8
320	321	347	348	-27.435421923872102	4.5035905838012695	9	8
319	320	348	349	-3.1894774874807093	5.404098987579346	9	8
318	319	349	350	-2.2531281650140964	4.721973419189453	9	8
316	317	350	351	28.174897117752064	5.489434719085693	9	8
316	317	351	352	-22.222196060279455	3.865952491760254	9	8
314	315	352	353	61.57554668700705	5.335035800933838	9	8
314	315	353	354	-15.694398932752833	4.084907054901123	9	8
313	314	354	355	-26.261590935965074	5.168757438659668	9	8
312	313	355	356	-21.461371640484113	4.875766754150391	9	8
311	312	356	357	-24.36805900835871	4.892186641693115	9	8
310	311	357	358	-20.738047282878366	4.804542541503906	9	8
357	358	365	366	-9.563154556760347	4.781191349029541	10	9
356	357	366	367	-15.440559758591672	4.782886505126953	10	9
355	356	367	368	-3.5254444377022334	4.817975044250488	10	9
354	355	368	369	-21.640659082581763	4.900668144226074	10	9
353	354	369	370	24.94612826041321	4.129150390625	10	9
352	353	370	371	-6.335413253489805	5.682925224304199	10	9
351	352	371	372	-13.706040783604205	4.0910773277282715	10	9
349	350	372	373	41.3979513238587	5.103854179382324	10	9
349	350	373	374	-23.12628883068294	4.512936115264893	10	9
348	349	374	375	-22.582213796659335	4.92655086517334	10	9
347	348	375	376	-4.9083031248099855	4.4737958908081055	10	9
346	347	376	377	-2.3136390747492355	5.461725234985352	10	9
345	346	377	378	-22.448928964176478	4.169497013092041	10	9
373	374	388	389	0.03110994647979562	4.291305065155029	11	10
372	373	389	390	-24.655762338448774	5.102900981903076	11	10
371	372	390	391	-28.243601767475532	4.8250932693481445	11	10
370	371	391	392	-11.787949206490783	5.414090633392334	11	10
369	370	392	393	-11.939268061449624	4.246213912963867	11	10
368	369	393	394	18.480616075336634	5.586670875549316	11	10
367	368	394	395	4.0584053864182925	4.773853778839111	11	10
366	367	395	396	-20.927908525862076	4.79382848739624	11	10
365	366	396	397	-11.74526656162827	4.553925037384033	11	10
364	365	397	398	-12.395188577039853	5.2640767097473145	11	10
397	398	406	407	-18.554632702114787	5.113931179046631	12	11
396	397	407	408	-4.139361217897743	4.093845844268799	12	11
395	396	408	409	8.88860945817764	5.299282073974609	12	11
394	395	409	410	-3.498119640921809	4.15116548538208	12	11
393	394	410	411	8.529437027513428	5.108916282653809	12	11
392	393	411	412	9.156047916202326	4.124588966369629	12	11
390	391	412	413	90.2198919806043	5.2547407150268555	12	11
427	428	437	438	-52.905119060454204	5.296990394592285	13	12
426	427	438	439	-37.40789596749245	4.460107803344727	13	12
424	425	439	440	89.37486163277954	4.6982102394104	13	12
424	425	440	441	42.86372876389864	5.723072052001953	13	12
422	423	441	442	12.892909897739026	4.878359317779541	13	12
415	416	447	448	-31.955288660635745	4.910576343536377	13	12
414	415	448	449	-7.383711668671548	5.286463260650635	13	12
413	414	449	450	-18.880035818803282	3.9312798976898193	13	12
412	413	450	451	-11.833842345440369	5.18678092956543	13	12
411	412	451	452	-29.955946119548386	4.414095878601074	13	12
410	411	452	453	-14.332140544649526	5.612040042877197	13	12
409	410	453	454	-9.508611868858763	4.809459686279297	13	12
408	409	454	455	-5.52847283479558	4.97598934173584	13	12
407	408	455	456	-0.4343983014222555	4.433037281036377	13	12
406	407	456	457	-22.886274130958817	5.546717166900635	13	12
405	406	457	458	-11.967423257123498	4.23956298828125	13	12
404	405	458	459	-17.006848867327694	4.480980396270752	13	12
403	404	459	460	-26.163073398728923	4.7536773681640625	13	12
460	461	470	471	-50.8980757309949	5.612862586975098	14	13
460	461	471	472	6.918134891022685	5.096615314483643	14	13
459	460	472	473	6.217243290225953	4.6062750816345215	14	13
458	459	473	474	-0.7959761788657468	5.021337509155273	14	13
457	458	474	475	-11.611489600246701	4.333927154541016	14	13
455	456	475	476	-4.06866476300948	5.3981032371521	14	13
455	456	476	477	-38.807900373431714	3.896890878677368	14	13
454	455	477	478	-6.641824421147286	5.445703983306885	14	13
453	454	478	479	-12.853065124337695	4.248970985412598	14	13
452	453	479	480	-10.120977730219579	5.065317153930664	14	13
451	452	480	481	-17.100258302636977	3.8352551460266113	14	13
450	451	481	482	-2.946196167972007	5.393100738525391	14	13
449	450	482	483	-37.39356162479783	4.3613715171813965	14	13
448	449	483	484	-20.256648828670972	5.355483531951904	14	13
447	448	484	485	134.34096250495116	4.923639297485352	14	13
447	448	485	486	44.23744799919574	4.750892639160156	14	13
488	489	498	499	-33.603462138881866	5.407052040100098	15	14
487	488	499	500	-54.98305325649223	4.4362993240356445	15	14
485	486	500	501	14.918736293734675	5.422085285186768	15	14
483	484	501	502	18.721483265976424	4.4064860343933105	15	14
483	484	502	503	49.52925535094193	4.7691216468811035	15	14
483	484	503	504	-26.56290007596328	4.762536525726318	15	14
482	483	504	505	-13.576359416353839	4.577768802642822	15	14
481	482	505	506	-32.576514362716644	4.898928165435791	15	14
480	481	506	507	-25.257876037485612	4.824835777282715	15	14
479	480	507	508	-9.371621055586683	5.0171589851379395	15	14
478	479	508	509	15.630473341059696	4.447471618652344	15	14
477	478	509	510	-32.82953808856951	5.302087306976318	15	14
476	477	510	511	-18.253838580095966	4.603835105895996	15	14
475	476	511	512	3.398295653602108	5.364013671875	15	14
474	475	512	513	-5.1245412828226815	4.2184834480285645	15	14
473	474	513	514	-3.5265327663751616	5.245485782623291	15	14
472	473	514	515	4.319381833002759	4.331657886505127	15	14
471	472	515	516	0.9390538275807309	5.264418125152588	15	14
470	471	516	517	-8.422835567949877	4.717195987701416	15	14
516	517	522	523	8.6261737162724	4.356678485870361	16	15
515	516	523	524	-9.423437090196227	5.119135856628418	16	15
514	515	524	525	-14.767934276228024	4.261935234069824	16	15
513	514	525	526	-3.2223358117976986	5.317286014556885	16	15
512	513	526	527	-0.8069035163489705	4.466509819030762	16	15
511	512	527	528	-4.8125524284302585	5.155547142028809	16	15
510	511	528	529	9.690677468980237	4.756014347076416	16	15
508	509	529	530	25.39258557842909	4.8621320724487305	16	15
508	509	530	531	-39.25619418264401	4.525987148284912	16	15
507	508	531	532	-22.59173676380675	5.289097309112549	16	15
506	507	532	533	12.5290236048558	4.008760929107666	16	15
527	528	548	549	-6.973669261523674	5.484151363372803	17	16
526	527	549	550	-20.209573793124296	4.344212055206299	17	16
525	526	550	551	-8.196768263520868	5.258640766143799	17	16
524	525	551	552	-1.6940681317499735	4.2775163650512695	17	16
523	524	552	553	-3.0043255919832155	5.0643391609191895	17	16
522	523	553	554	-19.595306626722106	4.624549865722656	17	16
554	555	563	564	-74.50114204952425	5.633035659790039	18	17
554	555	564	565	-26.83329418602613	5.428333282470703	18	17
553	554	565	566	11.272994130642171	4.553145408630371	18	17
552	553	566	567	-8.540368543053747	5.112587928771973	18	17
551	552	567	568	-13.289377312442602	4.758168697357178	18	17
550	551	568	569	-6.131304353272493	4.992354393005371	18	17
549	550	569	570	-8.984333905404965	4.342423915863037	18	17
548	549	570	571	-6.907696258942669	5.202261447906494	18	17
573	574	584	585	9.850858307629355	5.389269828796387	19	18
572	573	585	586	-1.8166995300101394	4.4864349365234375	19	18
572	573	586	587	-40.05847720575293	3.8861441612243652	19	18
569	570	587	588	50.31168624747669	5.722513675689697	19	18
569	570	588	589	-12.361885935296131	4.2892866134643555	19	18
568	569	589	590	-12.046768052861255	5.248156547546387	19	18
567	568	590	591	-9.992367772519914	4.533092021942139	19	18
566	567	591	592	-19.541738436682675	4.645480632781982	19	18
565	566	592	593	-23.820890828688622	4.422698974609375	19	18
564	565	593	594	-10.511138198775955	5.104201793670654	19	18
563	564	594	595	-20.299846975419612	4.599565505981445	19	18
595	596	607	608	-6.176145729666254	5.475348949432373	20	19
594	595	608	609	-3.287687192495984	4.061101913452148	20	19
593	594	609	610	-7.189778474759923	4.99978494644165	20	19
592	593	610	611	-24.32349111223908	4.250058650970459	20	19
591	592	611	612	7.198086553275706	5.117966175079346	20	19
590	591	612	613	-7.144494349595637	4.4675798416137695	20	19
589	590	613	614	-135.37954457445207	5.391284942626953	20	19
612	613	630	631	-13.283970576844212	4.766561508178711	21	20
611	612	631	632	-20.09202387452364	5.020180702209473	21	20
610	611	632	633	-13.345029484278006	5.158671855926514	21	20
609	610	633	634	-13.92744561625449	5.070378303527832	21	20
608	609	634	635	-7.888147520274811	4.800533294677734	21	20
607	608	635	636	1.9715493782740947	5.339745044708252	21	20
606	607	636	637	-3.671101714254306	4.306817054748535	21	20
605	606	637	638	-13.613805533829543	5.159606456756592	21	20
604	605	638	639	-1.3466832436738878	4.303218841552734	21	20
