295	296	13	14	-10.798012909839395	3.9881725311279297	0	9
294	295	14	15	-20.416031069492263	5.281604290008545	0	9
293	294	15	16	-9.643718995878816	4.377693176269531	0	9
292	293	16	17	0.8911546075737462	5.6588134765625	0	9
291	292	17	18	-39.95509837085317	3.85160493850708	0	9
289	290	18	19	-15.602907327581491	5.533066749572754	0	9
289	290	19	20	14.47883687285576	4.205604553222656	0	9
288	289	20	21	-13.681341647665153	5.385335445404053	0	9
287	288	21	22	-14.981638653357237	4.591578006744385	0	9
286	287	22	23	-22.45235457025811	5.158909797668457	0	9
285	286	23	24	7.830538975538671	4.101598262786865	0	9
283	284	24	25	30.621235449042906	5.471795558929443	0	9
283	284	25	26	-29.009447661591153	3.921375274658203	0	9
282	283	26	27	6.063492610228927	5.410301208496094	0	9
281	282	27	28	-14.611558114716294	5.262775421142578	0	9
280	281	28	29	-19.946163768111816	4.781132698059082	0	9
279	280	29	30	-35.94200596694391	4.647219657897949	0	9
278	279	30	31	95.64555680871412	4.5803608894348145	0	9
28	29	40	41	-4.761011546195656	4.966825485229492	1	0
27	28	41	42	-12.95815722838025	4.468739986419678	1	0
26	27	42	43	-16.66161163031895	4.900333881378174	1	0
25	26	43	44	-24.750397570930318	4.750836372375488	1	0
24	25	44	45	-6.691272336581322	5.440960884094238	1	0
23	24	45	46	-4.5420179859544945	4.260519981384277	1	0
21	22	46	47	86.10501687137892	5.693280220031738	1	0
21	22	47	48	23.51116155069524	4.254577159881592	1	0
19	20	48	49	-103.84402279423041	4.851561069488525	1	0
19	20	49	50	-2.767154875148642	5.137678146362305	1	0
19	20	50	51	-62.79623525455462	4.5073771476745605	1	0
18	19	51	52	-13.400000581785457	5.403154373168945	1	0
17	18	52	53	-34.469834884485905	4.8072190284729	1	0
16	17	53	54	-15.450287050983002	5.124288558959961	1	0
15	16	54	55	9.824180845254613	4.43848991394043	1	0
14	15	55	56	-8.63772434706916	4.789339542388916	1	0
13	14	56	57	-18.968988571976595	4.68116569519043	1	0
12	13	57	58	-8.168015865018525	5.297776699066162	1	0
11	12	58	59	-34.53918074050847	4.716570854187012	1	0
10	11	59	60	-19.806213688306162	5.191817760467529	1	0
58	59	65	66	-5.645071010903711	4.391150951385498	2	1
57	58	66	67	-17.253745767888564	5.2327351570129395	2	1
56	57	67	68	-1.3831191043941327	4.552309513092041	2	1
55	56	68	69	-5.233956046724062	5.506571292877197	2	1
54	55	69	70	-7.259760832271024	4.225093841552734	2	1
53	54	70	71	-13.352545882364801	5.555393218994141	2	1
52	53	71	72	3.3467158377260655	4.100571155548096	2	1
50	51	72	73	-7.9347174756106265	5.413608074188232	2	1
50	51	73	74	-66.53386659194618	4.173419952392578	2	1
50	51	74	75	54.2888607106679	5.098134517669678	2	1
48	49	77	78	21.97942545771393	5.606098651885986	2	1
45	46	79	80	-23.618764100892804	4.244774341583252	2	1
44	45	80	81	-19.220371071300764	5.445476055145264	2	1
43	44	81	82	4.226327054123332	4.5052809715271	2	1
42	43	82	83	-13.350089508976103	5.125693321228027	2	1
41	42	83	84	-13.48605217475662	4.450695037841797	2	1
40	41	84	85	-14.96266350584385	5.450971603393555	2	1
39	40	85	86	-17.1563361841265	4.599954605102539	2	1
85	86	96	97	-4.973534339677086	5.299538612365723	3	2
84	85	97	98	-4.047742278270971	5.131628036499023	3	2
83	84	98	99	-12.42827192818129	4.434459686279297	3	2
82	83	99	100	-9.425081716218758	5.073483467102051	3	2
81	82	100	101	-14.584139519642186	4.784672737121582	3	2
80	81	101	102	6.6060934342177235	5.1769866943359375	3	2
79	80	102	103	-52.04507597862982	4.831133842468262	3	2
79	80	104	105	-23.517150225195678	5.089150905609131	3	2
77	78	105	106	-29.325817892301952	3.7724156379699707	3	2
76	77	106	107	14.289338514083973	5.099693775177002	3	2
75	76	107	108	-42.779483720758314	4.758769989013672	3	2
72	73	109	110	-3.156653543888391	5.615447521209717	3	2
71	72	110	111	8.822566894611448	4.054182052612305	3	2
69	70	111	112	39.70250711830127	5.1934733390808105	3	2
69	70	112	113	-22.625388439142007	3.9588189125061035	3	2
68	69	113	114	-9.105620817978847	4.902803421020508	3	2
67	68	114	115	-12.846288628986027	4.5233235359191895	3	2
66	67	115	116	-23.639775237638222	5.294656753540039	3	2
65	66	116	117	-20.91781348864176	4.653019905090332	3	2
120	121	127	128	-31.75909295369353	5.215065002441406	4	3
120	121	128	129	31.719675101263274	4.879907608032227	4	3
118	119	129	130	-24.006999164021355	4.023978233337402	4	3
117	118	130	131	-29.246915455851248	4.998626708984375	4	3
116	117	131	132	-20.415567870006758	4.641460418701172	4	3
115	116	132	133	-14.384067580856806	5.55583381652832	4	3
114	115	133	134	2.0423380468847983	3.9569032192230225	4	3
113	114	134	135	-9.42624092198928	5.577055931091309	4	3
112	113	135	136	-8.74063935793462	4.358912944793701	4	3
110	111	136	137	34.9453707434443	5.486443519592285	4	3
110	111	137	138	-17.90886777667798	4.180889129638672	4	3
108	109	138	139	57.38082306936392	5.322372913360596	4	3
108	109	139	140	-3.775158969950711	4.55035924911499	4	3
106	107	140	141	-53.03162294554898	5.38278341293335	4	3
105	106	141	142	-17.28558225074636	4.634519577026367	4	3
103	104	142	143	49.77446992909612	5.503206253051758	4	3
103	104	143	144	-16.19922325315075	4.200562000274658	4	3
102	103	144	145	-58.367974461101205	5.452850341796875	4	3
100	101	146	147	-7.321355289696304	4.285849094390869	4	3
99	100	147	148	-26.11675958481232	5.382169723510742	4	3
98	99	148	149	4.869584331866462	4.2913126945495605	4	3
143	144	169	170	-2.7815908448785525	4.446720600128174	5	4
142	143	170	171	-9.497308595665762	5.189638614654541	5	4
141	142	171	172	-21.678807920160533	4.608743190765381	5	4
140	141	172	173	-6.042131548544521	4.924897193908691	5	4
139	140	173	174	-3.6163285551453446	4.324172496795654	5	4
138	139	174	175	-9.37692140251648	5.088254928588867	5	4
137	138	175	176	-16.238695537073355	4.7139787673950195	5	4
136	137	176	177	-1.1332749378638587	5.217409610748291	5	4
135	136	177	178	-19.94245411942554	4.647098541259766	5	4
134	135	178	179	-8.168589145032794	4.844141483306885	5	4
133	134	179	180	-37.4551177062717	4.235171318054199	5	4
132	133	180	181	-17.184685875122874	5.276789665222168	5	4
131	132	181	182	-15.014823139241829	4.409770488739014	5	4
130	131	182	183	-37.72631410171916	4.493210792541504	5	4
129	130	183	184	-30.17155687454642	4.840124607086182	5	4
128	129	184	185	-17.115502543801973	5.467316150665283	5	4
127	128	185	186	31.642705464317704	4.392137050628662	5	4
126	127	186	187	9.412581204909559	5.447154998779297	5	4
125	126	187	188	-8.581369388128904	4.302832126617432	5	4
187	188	193	194	-20.38823789709116	4.486194133758545	6	5
185	186	194	195	15.115908270188589	5.488583564758301	6	5
185	186	195	196	-12.373654835839796	3.780459403991699	6	5
184	185	196	197	1.5536499808339408	5.505466938018799	6	5
183	184	197	198	1.929332062665615	4.123979568481445	6	5
182	183	198	199	0.7661903316774689	5.111303329467773	6	5
181	182	199	200	-38.884816736397745	4.243385314941406	6	5
180	181	200	201	-35.37440271470054	5.582862377166748	6	5
179	180	201	202	-47.182943366743295	4.693945407867432	6	5
177	178	204	205	-6.989907285171815	4.746679306030273	6	5
176	177	205	206	-15.89681264151627	5.312926292419434	6	5
175	176	206	207	-6.827271324219088	4.472256183624268	6	5
174	175	207	208	-15.613100693928251	5.283259868621826	6	5
173	174	208	209	-10.58524486364744	4.20883321762085	6	5
172	173	209	210	-0.9227310678492583	5.158936023712158	6	5
171	172	210	211	-9.969013291053706	4.738248825073242	6	5
170	171	211	212	-7.094349085025075	4.760645389556885	6	5
211	212	219	220	-12.479978417477136	5.182108402252197	7	6
210	211	220	221	-5.998916544070087	4.942282199859619	7	6
209	210	221	222	-15.857899984347451	4.925816535949707	7	6
208	209	222	223	-12.374289090491285	4.703204154968262	7	6
206	207	223	224	43.815575025143964	5.297731876373291	7	6
206	207	224	225	-18.444237208333114	4.122372627258301	7	6
205	206	225	226	-6.556311951822644	5.33362340927124	7	6
204	205	226	227	10.860838403821406	4.591938495635986	7	6
202	203	227	228	-58.98007038422039	4.296442031860352	7	6
203	204	228	229	-81.92359788394391	4.600262641906738	7	6
201	202	229	230	-5.62069936466473	4.364594459533691	7	6
200	201	230	231	2.0557581186709384	4.82643461227417	7	6
199	200	231	232	-0.8548193238789162	4.661711692810059	7	6
198	199	232	233	-3.6438030144061586	4.8157958984375	7	6
197	198	233	234	-7.83777777435176	4.84476375579834	7	6
196	197	234	235	-6.79149858120539	5.0769829750061035	7	6
195	196	235	236	-24.162741601602637	4.160727500915527	7	6
194	195	236	237	-13.467276990711161	5.121574401855469	7	6
193	194	237	238	-10.622082309444773	4.581996440887451	7	6
239	240	245	246	23.571212322372805	5.673319339752197	8	7
239	240	246	247	-38.67203287744437	4.338630199432373	8	7
238	239	247	248	-6.3827534205521195	5.359685897827148	8	7
237	238	248	249	-21.92278479016084	3.8590621948242188	8	7
236	237	249	250	-12.79152551113893	5.499808311462402	8	7
235	236	250	251	-16.94437131928849	4.228105068206787	8	7
234	235	251	252	-2.259833739475836	5.622623920440674	8	7
233	234	252	253	-6.253922553398638	4.122921466827393	8	7
232	233	253	254	-6.109876880435764	5.322505950927734	8	7
231	232	254	255	-4.3428290864260735	4.1775641441345215	8	7
230	231	255	256	-9.08570187291981	5.378024101257324	8	7
229	230	256	257	-34.374938209393875	4.545175552368164	8	7
228	229	257	258	-18.839370819765243	5.5184712409973145	8	7
224	225	261	262	-18.782550783821588	4.123477935791016	8	7
222	223	262	263	27.476276152811774	5.645441055297852	8	7
222	223	263	264	-18.75024036539016	4.153578281402588	8	7
221	222	264	265	-13.981764498687747	5.138747692108154	8	7
220	221	265	266	-16.249203326131795	4.680277347564697	8	7
219	220	266	267	-10.63046788550262	4.860199451446533	8	7
266	267	272	273	-19.257060591971094	5.054908752441406	9	8
265	266	273	274	-6.31618383199434	4.446951389312744	9	8
264	265	274	275	-15.03679795788936	4.899018287658691	9	8
263	264	275	276	-16.988249660322165	4.591057300567627	9	8
262	263	276	277	-1.5002421689433054	5.606282711029053	9	8
261	262	277	278	-25.21375050787038	4.507917404174805	9	8
260	261	278	279	-93.23699908043847	4.552825927734375	9	8
261	262	279	280	-51.03292990696769	5.449453830718994	9	8
260	261	280	281	-42.77367760671807	5.1960039138793945	9	8
259	260	281	282	-38.02620642813698	4.377767086029053	9	8
257	258	282	283	37.668312702002005	5.382824420928955	9	8
257	258	283	284	30.290143482810652	4.434701442718506	9	8
255	256	284	285	-9.086634006050572	5.286253452301025	9	8
254	255	285	286	-4.016221926956926	4.104159355163574	9	8
253	254	286	287	-8.570590870808775	5.405086517333984	9	8
252	253	287	288	-17.83359816531783	4.622142791748047	9	8
251	252	288	289	-4.422535651912094	4.919485092163086	9	8
250	251	289	290	-13.16800255261762	4.69166898727417	9	8
249	250	290	291	-16.29835789357477	5.143547534942627	9	8
248	249	291	292	-12.397689617105783	4.164003372192383	9	8
247	248	292	293	-40.49517052243698	5.502147674560547	9	8
246	247	293	294	-18.93280926683049	4.708035945892334	9	8
245	246	294	295	-9.312051010295125	5.097720623016357	9	8
