419	420	32	33	-20.957888349972492	4.294198989868164	0	15
418	419	33	34	-7.942865435554367	5.003028392791748	0	15
417	418	34	35	-8.644493906852041	4.675091743469238	0	15
416	417	35	36	-6.1551694887028034	5.000563144683838	0	15
415	416	36	37	-3.5046097053885013	4.589286804199219	0	15
414	415	37	38	-6.847360754568003	5.052823066711426	0	15
413	414	38	39	-15.771610847570754	4.464321136474609	0	15
412	413	39	40	-30.203975343499117	5.32090950012207	0	15
411	412	40	41	-51.46210867020735	4.584867477416992	0	15
410	411	41	42	-43.690987177113726	5.40296745300293	0	15
37	38	52	53	-17.27109874470063	5.287015438079834	1	0
36	37	53	54	-12.446115393911983	4.54669189453125	1	0
35	36	54	55	-20.786884415519953	5.361717224121094	1	0
34	35	55	56	10.027536089439215	4.209568500518799	1	0
33	34	56	57	-7.012979031969746	5.166204452514648	1	0
32	33	57	58	-21.16526064361422	4.7079925537109375	1	0
31	32	58	59	-11.289983612397972	5.04088830947876	1	0
30	31	59	60	-11.155160012764973	4.604870319366455	1	0
29	30	60	61	-14.196680892278232	4.904740810394287	1	0
28	29	61	62	-12.48881573725415	4.7418012619018555	1	0
64	65	74	75	-49.864682351084944	5.08059549331665	2	1
63	64	75	76	-14.671802082076816	5.023077487945557	2	1
62	63	76	77	-12.135574128276037	4.889334678649902	2	1
61	62	77	78	1.7006102617538164	4.651321887969971	2	1
60	61	78	79	0.599340976652794	4.94230842590332	2	1
59	60	79	80	-14.373790328731241	4.352479934692383	2	1
58	59	80	81	-24.24111830340604	5.12307071685791	2	1
57	58	81	82	-6.9566917628059555	4.4499053955078125	2	1
56	57	82	83	-12.801489630370286	5.4560370445251465	2	1
55	56	83	84	-23.246506216358505	4.2440505027771	2	1
54	55	84	85	-9.407944573691948	5.362306594848633	2	1
53	54	85	86	65.70285578496372	4.062058925628662	2	1
81	82	113	114	46.261687441619095	5.2172932624816895	3	2
81	82	114	115	-27.407858853077784	4.303338527679443	3	2
80	81	115	116	-21.28366062509083	5.3703389167785645	3	2
79	80	116	117	-53.4972084370164	4.87364387512207	3	2
79	80	117	118	20.356588294474793	5.195540428161621	3	2
78	79	118	119	18.19206181201136	4.514551162719727	3	2
77	78	119	120	10.502215774643558	4.576556205749512	3	2
76	77	120	121	-13.302328067163751	5.367866516113281	3	2
75	76	121	122	-18.764333442702664	4.360024452209473	3	2
74	75	122	123	-14.441305219845963	5.093796253204346	3	2
73	74	123	124	-9.864940761586789	4.3232316970825195	3	2
124	125	130	131	-14.527073653851103	5.126736164093018	4	3
123	124	131	132	-25.687872798051213	4.3699235916137695	4	3
122	123	132	133	-3.175385622036311	5.31661319732666	4	3
121	122	133	134	-16.825271275233522	4.201084613800049	4	3
119	120	134	135	-12.210381900767082	5.498406410217285	4	3
119	120	135	136	37.08258393259958	4.16472864151001	4	3
135	136	175	176	5.949251530638751	4.852057456970215	5	4
135	136	176	177	-65.76952492085113	4.632192134857178	5	4
134	135	177	178	5.326927066350685	5.496120452880859	5	4
133	134	178	179	-12.078202731126597	4.624818325042725	5	4
132	133	179	180	-7.728857421086468	5.20114278793335	5	4
131	132	180	181	-8.318584191512212	4.884338855743408	5	4
130	131	181	182	-20.111751508129796	4.761256694793701	5	4
129	130	182	183	-23.41411192239184	4.719685077667236	5	4
182	183	189	190	-5.865915041124101	4.489128589630127	6	5
181	182	190	191	-20.13178727501622	5.491610527038574	6	5
180	181	191	192	-0.9329392453801201	4.362509250640869	6	5
179	180	192	193	-21.60307789062666	5.68918514251709	6	5
178	179	193	194	5.046526426447351	4.183493614196777	6	5
177	178	194	195	6.215830622710118	5.365087985992432	6	5
176	177	195	196	-20.014558926662122	4.386510372161865	6	5
175	176	196	197	-8.253984404344507	5.385245323181152	6	5
196	197	217	218	-55.21307917875439	5.348665237426758	7	6
196	197	218	219	-103.61812609516689	4.865480899810791	7	6
194	195	219	220	-20.41200163764979	5.035530090332031	7	6
193	194	220	221	-25.657097217106315	4.734882831573486	7	6
192	193	221	222	-2.8368093102485346	5.516288757324219	7	6
191	192	222	223	-10.949052937065696	4.271779537200928	7	6
190	191	223	224	-10.18043716789793	5.3044753074646	7	6
189	190	224	225	-24.915379935546518	4.430819511413574	7	6
188	189	225	226	4.779711745216733	5.332000732421875	7	6
187	188	226	227	-11.618153138990532	4.514578819274902	7	6
226	227	235	236	48.14276550517478	5.3920159339904785	8	7
226	227	236	237	-14.357848501112484	4.2105817794799805	8	7
225	226	237	238	-16.717003295793184	4.9850969314575195	8	7
224	225	238	239	-9.342207172946878	4.452176094055176	8	7
223	224	239	240	-12.178552412873245	5.320886611938477	8	7
222	223	240	241	-6.153354770621967	4.142427444458008	8	7
221	222	241	242	-14.850550338077637	5.300776481628418	8	7
220	221	242	243	-8.01719735295783	4.038015842437744	8	7
219	220	243	244	-18.8292902409324	5.019621849060059	8	7
218	219	244	245	-13.477468360132189	4.249832630157471	8	7
216	217	245	246	5.934456332725699	4.877861499786377	8	7
216	217	246	247	-42.81568186812324	4.271310806274414	8	7
247	248	270	271	-27.720470140603826	5.371914863586426	9	8
246	247	271	272	-54.488053110783014	4.677600860595703	9	8
244	245	272	273	-7.295595936375212	4.920512676239014	9	8
243	244	273	274	-14.947270025811168	5.117599964141846	9	8
242	243	274	275	10.640620165104078	4.503572463989258	9	8
241	242	275	276	-23.061163038920792	5.499203205108643	9	8
240	241	276	277	-22.182697997202556	4.27280330657959	9	8
239	240	277	278	-13.013365613255969	5.147171497344971	9	8
238	239	278	279	-5.023656420408688	4.728772163391113	9	8
237	238	279	280	3.051531531520069	4.818484306335449	9	8
236	237	280	281	9.372244672471291	4.4651970863342285	9	8
235	236	281	282	10.424327550186591	5.263160228729248	9	8
286	287	293	294	-69.58958943855012	5.145899295806885	10	9
286	287	294	295	-82.86152399343545	4.480600833892822	10	9
284	285	295	296	27.249017854893253	5.179111957550049	10	9
282	283	296	297	-26.51002245481326	4.0936665534973145	10	9
281	282	297	298	-9.38381977832096	5.337533950805664	10	9
280	281	298	299	6.992466172105478	4.325415134429932	10	9
279	280	299	300	-6.656388750166865	5.213423728942871	10	9
278	279	300	301	2.392701874524451	4.709422588348389	10	9
277	278	301	302	2.200929974306641	5.200071811676025	10	9
276	277	302	303	-11.552469478215937	4.542723178863525	10	9
275	276	303	304	3.7339836455432063	5.296715259552002	10	9
274	275	304	305	-35.352308283379834	4.394101142883301	10	9
303	304	312	313	-12.561087506921556	5.530348777770996	11	10
302	303	313	314	3.3136149165033237	4.35356330871582	11	10
301	302	314	315	-1.8327882985316748	4.948193073272705	11	10
300	301	315	316	4.330274472476485	4.458481311798096	11	10
299	300	316	317	1.2185685457409292	4.950905799865723	11	10
298	299	317	318	-13.624219615116859	4.421746253967285	11	10
297	298	318	319	-31.079955257689555	5.327103137969971	11	10
296	297	319	320	-14.845336717936378	4.367565155029297	11	10
295	296	320	321	-21.09469884708895	5.270932674407959	11	10
320	321	332	333	-63.66789010290401	5.377970218658447	12	11
320	321	333	334	-8.12533955238413	5.025440216064453	12	11
319	320	334	335	-8.943330211804403	4.278880596160889	12	11
317	318	335	336	23.688259821987106	5.386062145233154	12	11
317	318	336	337	-23.70073020600732	3.859609603881836	12	11
316	317	337	338	-6.55653687964944	5.426494121551514	12	11
315	316	338	339	-10.735238760118442	4.080611705780029	12	11
314	315	339	340	8.232515141268207	5.198402404785156	12	11
313	314	340	341	-21.59116206587514	4.6665143966674805	12	11
339	340	374	375	-21.008572790720184	5.112626552581787	13	12
338	339	375	376	-14.630130671515168	4.623187065124512	13	12
337	338	376	377	-12.86196300084668	5.075411319732666	13	12
336	337	377	378	-1.0308653317144516	4.440260410308838	13	12
335	336	378	379	4.957729482786278	5.358928680419922	13	12
334	335	379	380	-6.978281997373613	4.406490325927734	13	12
333	334	380	381	-17.573158137485255	4.967872619628906	13	12
332	333	381	382	-17.241639032738178	4.6759209632873535	13	12
384	385	389	390	-39.09206304944515	5.48622465133667	14	13
383	384	390	391	-13.42780114200089	4.888505935668945	14	13
382	383	391	392	-26.467909692817923	5.263514518737793	14	13
381	382	392	393	-17.10490034318639	4.179568290710449	14	13
379	380	394	395	-13.385186562574505	4.054935455322266	14	13
378	379	395	396	-11.950364366460498	5.278627872467041	14	13
377	378	396	397	-18.759627531506716	4.432101249694824	14	13
376	377	397	398	-7.671432742376561	5.039902210235596	14	13
375	376	398	399	-13.529374914545217	4.683521747589111	14	13
397	398	410	411	-8.625996578894956	5.03571891784668	15	14
396	397	411	412	-22.663165144539818	4.886745929718018	15	14
395	396	412	413	-24.5274942514287	4.971547603607178	15	14
394	395	413	414	-27.359402188832394	5.018073081970215	15	14
393	394	414	415	-21.111935970475802	4.944730281829834	15	14
392	393	415	416	-17.388086957493282	4.237001419067383	15	14
391	392	416	417	-13.543685603007177	5.0067267417907715	15	14
390	391	417	418	-6.009764228662427	4.69072961807251	15	14
389	390	418	419	-5.891617848616868	5.267411708831787	15	14
388	389	419	420	5.284362216385961	4.600594997406006	15	14
419	420	32	33	-20.957888349972492	4.294198989868164	0	15
418	419	33	34	-7.942865435554367	5.003028392791748	0	15
417	418	34	35	-8.644493906852041	4.675091743469238	0	15
416	417	35	36	-6.1551694887028034	5.000563144683838	0	15
415	416	36	37	-3.5046097053885013	4.589286804199219	0	15
414	415	37	38	-6.847360754568003	5.052823066711426	0	15
413	414	38	39	-15.771610847570754	4.464321136474609	0	15
412	413	39	40	-30.203975343499117	5.32090950012207	0	15
411	412	40	41	-51.46210867020735	4.584867477416992	0	15
410	411	41	42	-43.690987177113726	5.40296745300293	0	15
37	38	52	53	-17.27109874470063	5.287015438079834	1	0
36	37	53	54	-12.446115393911983	4.54669189453125	1	0
35	36	54	55	-20.786884415519953	5.361717224121094	1	0
34	35	55	56	10.027536089439215	4.209568500518799	1	0
33	34	56	57	-7.012979031969746	5.166204452514648	1	0
32	33	57	58	-21.16526064361422	4.7079925537109375	1	0
31	32	58	59	-11.289983612397972	5.04088830947876	1	0
30	31	59	60	-11.155160012764973	4.604870319366455	1	0
29	30	60	61	-14.196680892278232	4.904740810394287	1	0
28	29	61	62	-12.48881573725415	4.7418012619018555	1	0
64	65	74	75	-49.864682351084944	5.08059549331665	2	1
63	64	75	76	-14.671802082076816	5.023077487945557	2	1
62	63	76	77	-12.135574128276037	4.889334678649902	2	1
61	62	77	78	1.7006102617538164	4.651321887969971	2	1
60	61	78	79	0.599340976652794	4.94230842590332	2	1
59	60	79	80	-14.373790328731241	4.352479934692383	2	1
58	59	80	81	-24.24111830340604	5.12307071685791	2	1
57	58	81	82	-6.9566917628059555	4.4499053955078125	2	1
56	57	82	83	-12.801489630370286	5.4560370445251465	2	1
55	56	83	84	-23.246506216358505	4.2440505027771	2	1
54	55	84	85	-9.407944573691948	5.362306594848633	2	1
53	54	85	86	65.70285578496372	4.062058925628662	2	1
81	82	113	114	46.261687441619095	5.2172932624816895	3	2
81	82	114	115	-27.407858853077784	4.303338527679443	3	2
80	81	115	116	-21.28366062509083	5.3703389167785645	3	2
79	80	116	117	-53.4972084370164	4.87364387512207	3	2
79	80	117	118	20.356588294474793	5.195540428161621	3	2
78	79	118	119	18.19206181201136	4.514551162719727	3	2
77	78	119	120	10.502215774643558	4.576556205749512	3	2
76	77	120	121	-13.302328067163751	5.367866516113281	3	2
75	76	121	122	-18.764333442702664	4.360024452209473	3	2
74	75	122	123	-14.441305219845963	5.093796253204346	3	2
73	74	123	124	-9.864940761586789	4.3232316970825195	3	2
124	125	130	131	-14.527073653851103	5.126736164093018	4	3
123	124	131	132	-25.687872798051213	4.3699235916137695	4	3
122	123	132	133	-3.175385622036311	5.31661319732666	4	3
121	122	133	134	-16.825271275233522	4.201084613800049	4	3
119	120	134	135	-12.210381900767082	5.498406410217285	4	3
119	120	135	136	37.08258393259958	4.16472864151001	4	3
135	136	175	176	5.949251530638751	4.852057456970215	5	4
135	136	176	177	-65.76952492085113	4.632192134857178	5	4
134	135	177	178	5.326927066350685	5.496120452880859	5	4
133	134	178	179	-12.078202731126597	4.624818325042725	5	4
132	133	179	180	-7.728857421086468	5.20114278793335	5	4
131	132	180	181	-8.318584191512212	4.884338855743408	5	4
130	131	181	182	-20.111751508129796	4.761256694793701	5	4
129	130	182	183	-23.41411192239184	4.719685077667236	5	4
182	183	189	190	-5.865915041124101	4.489128589630127	6	5
181	182	190	191	-20.13178727501622	5.491610527038574	6	5
180	181	191	192	-0.9329392453801201	4.362509250640869	6	5
179	180	192	193	-21.60307789062666	5.68918514251709	6	5
178	179	193	194	5.046526426447351	4.183493614196777	6	5
177	178	194	195	6.215830622710118	5.365087985992432	6	5
176	177	195	196	-20.014558926662122	4.386510372161865	6	5
175	176	196	197	-8.253984404344507	5.385245323181152	6	5
196	197	217	218	-55.21307917875439	5.348665237426758	7	6
196	197	218	219	-103.61812609516689	4.865480899810791	7	6
194	195	219	220	-20.41200163764979	5.035530090332031	7	6
193	194	220	221	-25.657097217106315	4.734882831573486	7	6
192	193	221	222	-2.8368093102485346	5.516288757324219	7	6
191	192	222	223	-10.949052937065696	4.271779537200928	7	6
190	191	223	224	-10.18043716789793	5.3044753074646	7	6
189	190	224	225	-24.915379935546518	4.430819511413574	7	6
188	189	225	226	4.779711745216733	5.332000732421875	7	6
187	188	226	227	-11.618153138990532	4.514578819274902	7	6
226	227	235	236	48.14276550517478	5.3920159339904785	8	7
226	227	236	237	-14.357848501112484	4.2105817794799805	8	7
225	226	237	238	-16.717003295793184	4.9850969314575195	8	7
224	225	238	239	-9.342207172946878	4.452176094055176	8	7
223	224	239	240	-12.178552412873245	5.320886611938477	8	7
222	223	240	241	-6.153354770621967	4.142427444458008	8	7
221	222	241	242	-14.850550338077637	5.300776481628418	8	7
220	221	242	243	-8.01719735295783	4.038015842437744	8	7
219	220	243	244	-18.8292902409324	5.019621849060059	8	7
218	219	244	245	-13.477468360132189	4.249832630157471	8	7
216	217	245	246	5.934456332725699	4.877861499786377	8	7
216	217	246	247	-42.81568186812324	4.271310806274414	8	7
247	248	270	271	-27.720470140603826	5.371914863586426	9	8
246	247	271	272	-54.488053110783014	4.677600860595703	9	8
244	245	272	273	-7.295595936375212	4.920512676239014	9	8
243	244	273	274	-14.947270025811168	5.117599964141846	9	8
242	243	274	275	10.640620165104078	4.503572463989258	9	8
241	242	275	276	-23.061163038920792	5.499203205108643	9	8
240	241	276	277	-22.182697997202556	4.27280330657959	9	8
239	240	277	278	-13.013365613255969	5.147171497344971	9	8
238	239	278	279	-5.023656420408688	4.728772163391113	9	8
237	238	279	280	3.051531531520069	4.818484306335449	9	8
236	237	280	281	9.372244672471291	4.4651970863342285	9	8
235	236	281	282	10.424327550186591	5.263160228729248	9	8
286	287	293	294	-69.58958943855012	5.145899295806885	10	9
286	287	294	295	-82.86152399343545	4.480600833892822	10	9
284	285	295	296	27.249017854893253	5.179111957550049	10	9
282	283	296	297	-26.51002245481326	4.0936665534973145	10	9
281	282	297	298	-9.38381977832096	5.337533950805664	10	9
280	281	298	299	6.992466172105478	4.325415134429932	10	9
279	280	299	300	-6.656388750166865	5.213423728942871	10	9
278	279	300	301	2.392701874524451	4.709422588348389	10	9
277	278	301	302	2.200929974306641	5.200071811676025	10	9
276	277	302	303	-11.552469478215937	4.542723178863525	10	9
275	276	303	304	3.7339836455432063	5.296715259552002	10	9
274	275	304	305	-35.352308283379834	4.394101142883301	10	9
303	304	312	313	-12.561087506921556	5.530348777770996	11	10
302	303	313	314	3.3136149165033237	4.35356330871582	11	10
301	302	314	315	-1.8327882985316748	4.948193073272705	11	10
300	301	315	316	4.330274472476485	4.458481311798096	11	10
299	300	316	317	1.2185685457409292	4.950905799865723	11	10
298	299	317	318	-13.624219615116859	4.421746253967285	11	10
297	298	318	319	-31.079955257689555	5.327103137969971	11	10
296	297	319	320	-14.845336717936378	4.367565155029297	11	10
295	296	320	321	-21.09469884708895	5.270932674407959	11	10
320	321	332	333	-63.66789010290401	5.377970218658447	12	11
320	321	333	334	-8.12533955238413	5.025440216064453	12	11
319	320	334	335	-8.943330211804403	4.278880596160889	12	11
317	318	335	336	23.688259821987106	5.386062145233154	12	11
317	318	336	337	-23.70073020600732	3.859609603881836	12	11
316	317	337	338	-6.55653687964944	5.426494121551514	12	11
315	316	338	339	-10.735238760118442	4.080611705780029	12	11
314	315	339	340	8.232515141268207	5.198402404785156	12	11
313	314	340	341	-21.59116206587514	4.6665143966674805	12	11
339	340	374	375	-21.008572790720184	5.112626552581787	13	12
338	339	375	376	-14.630130671515168	4.623187065124512	13	12
337	338	376	377	-12.86196300084668	5.075411319732666	13	12
336	337	377	378	-1.0308653317144516	4.440260410308838	13	12
335	336	378	379	4.957729482786278	5.358928680419922	13	12
334	335	379	380	-6.978281997373613	4.406490325927734	13	12
333	334	380	381	-17.573158137485255	4.967872619628906	13	12
332	333	381	382	-17.241639032738178	4.6759209632873535	13	12
384	385	389	390	-39.09206304944515	5.48622465133667	14	13
383	384	390	391	-13.42780114200089	4.888505935668945	14	13
382	383	391	392	-26.467909692817923	5.263514518737793	14	13
381	382	392	393	-17.10490034318639	4.179568290710449	14	13
379	380	394	395	-13.385186562574505	4.054935455322266	14	13
378	379	395	396	-11.950364366460498	5.278627872467041	14	13
377	378	396	397	-18.759627531506716	4.432101249694824	14	13
376	377	397	398	-7.671432742376561	5.039902210235596	14	13
375	376	398	399	-13.529374914545217	4.683521747589111	14	13
397	398	410	411	-8.625996578894956	5.03571891784668	15	14
396	397	411	412	-22.663165144539818	4.886745929718018	15	14
395	396	412	413	-24.5274942514287	4.971547603607178	15	14
394	395	413	414	-27.359402188832394	5.018073081970215	15	14
393	394	414	415	-21.111935970475802	4.944730281829834	15	14
392	393	415	416	-17.388086957493282	4.237001419067383	15	14
391	392	416	417	-13.543685603007177	5.0067267417907715	15	14
390	391	417	418	-6.009764228662427	4.69072961807251	15	14
389	390	418	419	-5.891617848616868	5.267411708831787	15	14
388	389	419	420	5.284362216385961	4.600594997406006	15	14
419	420	32	33	-20.957888349972492	4.294198989868164	0	15
418	419	33	34	-7.942865435554367	5.003028392791748	0	15
417	418	34	35	-8.644493906852041	4.675091743469238	0	15
416	417	35	36	-6.1551694887028034	5.000563144683838	0	15
415	416	36	37	-3.5046097053885013	4.589286804199219	0	15
414	415	37	38	-6.847360754568003	5.052823066711426	0	15
413	414	38	39	-15.771610847570754	4.464321136474609	0	15
412	413	39	40	-30.203975343499117	5.32090950012207	0	15
411	412	40	41	-51.46210867020735	4.584867477416992	0	15
410	411	41	42	-43.690987177113726	5.40296745300293	0	15
37	38	52	53	-17.27109874470063	5.287015438079834	1	0
36	37	53	54	-12.446115393911983	4.54669189453125	1	0
35	36	54	55	-20.786884415519953	5.361717224121094	1	0
34	35	55	56	10.027536089439215	4.209568500518799	1	0
33	34	56	57	-7.012979031969746	5.166204452514648	1	0
32	33	57	58	-21.16526064361422	4.7079925537109375	1	0
31	32	58	59	-11.289983612397972	5.04088830947876	1	0
30	31	59	60	-11.155160012764973	4.604870319366455	1	0
29	30	60	61	-14.196680892278232	4.904740810394287	1	0
28	29	61	62	-12.48881573725415	4.7418012619018555	1	0
64	65	74	75	-49.864682351084944	5.08059549331665	2	1
63	64	75	76	-14.671802082076816	5.023077487945557	2	1
62	63	76	77	-12.135574128276037	4.889334678649902	2	1
61	62	77	78	1.7006102617538164	4.651321887969971	2	1
60	61	78	79	0.599340976652794	4.94230842590332	2	1
59	60	79	80	-14.373790328731241	4.352479934692383	2	1
58	59	80	81	-24.24111830340604	5.12307071685791	2	1
57	58	81	82	-6.9566917628059555	4.4499053955078125	2	1
56	57	82	83	-12.801489630370286	5.4560370445251465	2	1
55	56	83	84	-23.246506216358505	4.2440505027771	2	1
54	55	84	85	-9.407944573691948	5.362306594848633	2	1
53	54	85	86	65.70285578496372	4.062058925628662	2	1
81	82	113	114	46.261687441619095	5.2172932624816895	3	2
81	82	114	115	-27.407858853077784	4.303338527679443	3	2
80	81	115	116	-21.28366062509083	5.3703389167785645	3	2
79	80	116	117	-53.4972084370164	4.87364387512207	3	2
79	80	117	118	20.356588294474793	5.195540428161621	3	2
78	79	118	119	18.19206181201136	4.514551162719727	3	2
77	78	119	120	10.502215774643558	4.576556205749512	3	2
76	77	120	121	-13.302328067163751	5.367866516113281	3	2
75	76	121	122	-18.764333442702664	4.360024452209473	3	2
74	75	122	123	-14.441305219845963	5.093796253204346	3	2
73	74	123	124	-9.864940761586789	4.3232316970825195	3	2
124	125	130	131	-14.527073653851103	5.126736164093018	4	3
123	124	131	132	-25.687872798051213	4.3699235916137695	4	3
122	123	132	133	-3.175385622036311	5.31661319732666	4	3
121	122	133	134	-16.825271275233522	4.201084613800049	4	3
119	120	134	135	-12.210381900767082	5.498406410217285	4	3
119	120	135	136	37.08258393259958	4.16472864151001	4	3
135	136	175	176	5.949251530638751	4.852057456970215	5	4
135	136	176	177	-65.76952492085113	4.632192134857178	5	4
134	135	177	178	5.326927066350685	5.496120452880859	5	4
133	134	178	179	-12.078202731126597	4.624818325042725	5	4
132	133	179	180	-7.728857421086468	5.20114278793335	5	4
131	132	180	181	-8.318584191512212	4.884338855743408	5	4
130	131	181	182	-20.111751508129796	4.761256694793701	5	4
129	130	182	183	-23.41411192239184	4.719685077667236	5	4
182	183	189	190	-5.865915041124101	4.489128589630127	6	5
181	182	190	191	-20.13178727501622	5.491610527038574	6	5
180	181	191	192	-0.9329392453801201	4.362509250640869	6	5
179	180	192	193	-21.60307789062666	5.68918514251709	6	5
178	179	193	194	5.046526426447351	4.183493614196777	6	5
177	178	194	195	6.215830622710118	5.365087985992432	6	5
176	177	195	196	-20.014558926662122	4.386510372161865	6	5
175	176	196	197	-8.253984404344507	5.385245323181152	6	5
196	197	217	218	-55.21307917875439	5.348665237426758	7	6
196	197	218	219	-103.61812609516689	4.865480899810791	7	6
194	195	219	220	-20.41200163764979	5.035530090332031	7	6
193	194	220	221	-25.657097217106315	4.734882831573486	7	6
192	193	221	222	-2.8368093102485346	5.516288757324219	7	6
191	192	222	223	-10.949052937065696	4.271779537200928	7	6
190	191	223	224	-10.18043716789793	5.3044753074646	7	6
189	190	224	225	-24.915379935546518	4.430819511413574	7	6
188	189	225	226	4.779711745216733	5.332000732421875	7	6
187	188	226	227	-11.618153138990532	4.514578819274902	7	6
226	227	235	236	48.14276550517478	5.3920159339904785	8	7
226	227	236	237	-14.357848501112484	4.2105817794799805	8	7
225	226	237	238	-16.717003295793184	4.9850969314575195	8	7
224	225	238	239	-9.342207172946878	4.452176094055176	8	7
223	224	239	240	-12.178552412873245	5.320886611938477	8	7
222	223	240	241	-6.153354770621967	4.142427444458008	8	7
221	222	241	242	-14.850550338077637	5.300776481628418	8	7
220	221	242	243	-8.01719735295783	4.038015842437744	8	7
219	220	243	244	-18.8292902409324	5.019621849060059	8	7
218	219	244	245	-13.477468360132189	4.249832630157471	8	7
216	217	245	246	5.934456332725699	4.877861499786377	8	7
216	217	246	247	-42.81568186812324	4.271310806274414	8	7
247	248	270	271	-27.720470140603826	5.371914863586426	9	8
246	247	271	272	-54.488053110783014	4.677600860595703	9	8
244	245	272	273	-7.295595936375212	4.920512676239014	9	8
243	244	273	274	-14.947270025811168	5.117599964141846	9	8
242	243	274	275	10.640620165104078	4.503572463989258	9	8
241	242	275	276	-23.061163038920792	5.499203205108643	9	8
240	241	276	277	-22.182697997202556	4.27280330657959	9	8
239	240	277	278	-13.013365613255969	5.147171497344971	9	8
238	239	278	279	-5.023656420408688	4.728772163391113	9	8
237	238	279	280	3.051531531520069	4.818484306335449	9	8
236	237	280	281	9.372244672471291	4.4651970863342285	9	8
235	236	281	282	10.424327550186591	5.263160228729248	9	8
286	287	293	294	-69.58958943855012	5.145899295806885	10	9
286	287	294	295	-82.86152399343545	4.480600833892822	10	9
284	285	295	296	27.249017854893253	5.179111957550049	10	9
282	283	296	297	-26.51002245481326	4.0936665534973145	10	9
281	282	297	298	-9.38381977832096	5.337533950805664	10	9
280	281	298	299	6.992466172105478	4.325415134429932	10	9
279	280	299	300	-6.656388750166865	5.213423728942871	10	9
278	279	300	301	2.392701874524451	4.709422588348389	10	9
277	278	301	302	2.200929974306641	5.200071811676025	10	9
276	277	302	303	-11.552469478215937	4.542723178863525	10	9
275	276	303	304	3.7339836455432063	5.296715259552002	10	9
274	275	304	305	-35.352308283379834	4.394101142883301	10	9
303	304	312	313	-12.561087506921556	5.530348777770996	11	10
302	303	313	314	3.3136149165033237	4.35356330871582	11	10
301	302	314	315	-1.8327882985316748	4.948193073272705	11	10
300	301	315	316	4.330274472476485	4.458481311798096	11	10
299	300	316	317	1.2185685457409292	4.950905799865723	11	10
298	299	317	318	-13.624219615116859	4.421746253967285	11	10
297	298	318	319	-31.079955257689555	5.327103137969971	11	10
296	297	319	320	-14.845336717936378	4.367565155029297	11	10
295	296	320	321	-21.09469884708895	5.270932674407959	11	10
320	321	332	333	-63.66789010290401	5.377970218658447	12	11
320	321	333	334	-8.12533955238413	5.025440216064453	12	11
319	320	334	335	-8.943330211804403	4.278880596160889	12	11
317	318	335	336	23.688259821987106	5.386062145233154	12	11
317	318	336	337	-23.70073020600732	3.859609603881836	12	11
316	317	337	338	-6.55653687964944	5.426494121551514	12	11
315	316	338	339	-10.735238760118442	4.080611705780029	12	11
314	315	339	340	8.232515141268207	5.198402404785156	12	11
313	314	340	341	-21.59116206587514	4.6665143966674805	12	11
339	340	374	375	-21.008572790720184	5.112626552581787	13	12
338	339	375	376	-14.630130671515168	4.623187065124512	13	12
337	338	376	377	-12.86196300084668	5.075411319732666	13	12
336	337	377	378	-1.0308653317144516	4.440260410308838	13	12
335	336	378	379	4.957729482786278	5.358928680419922	13	12
334	335	379	380	-6.978281997373613	4.406490325927734	13	12
333	334	380	381	-17.573158137485255	4.967872619628906	13	12
332	333	381	382	-17.241639032738178	4.6759209632873535	13	12
384	385	389	390	-39.09206304944515	5.48622465133667	14	13
383	384	390	391	-13.42780114200089	4.888505935668945	14	13
382	383	391	392	-26.467909692817923	5.263514518737793	14	13
381	382	392	393	-17.10490034318639	4.179568290710449	14	13
379	380	394	395	-13.385186562574505	4.054935455322266	14	13
378	379	395	396	-11.950364366460498	5.278627872467041	14	13
377	378	396	397	-18.759627531506716	4.432101249694824	14	13
376	377	397	398	-7.671432742376561	5.039902210235596	14	13
375	376	398	399	-13.529374914545217	4.683521747589111	14	13
397	398	410	411	-8.625996578894956	5.03571891784668	15	14
396	397	411	412	-22.663165144539818	4.886745929718018	15	14
395	396	412	413	-24.5274942514287	4.971547603607178	15	14
394	395	413	414	-27.359402188832394	5.018073081970215	15	14
393	394	414	415	-21.111935970475802	4.944730281829834	15	14
392	393	415	416	-17.388086957493282	4.237001419067383	15	14
391	392	416	417	-13.543685603007177	5.0067267417907715	15	14
390	391	417	418	-6.009764228662427	4.69072961807251	15	14
389	390	418	419	-5.891617848616868	5.267411708831787	15	14
388	389	419	420	5.284362216385961	4.600594997406006	15	14
