728	729	208	209	5.038955485856898	5.052332878112793	0	25
727	728	209	210	-15.006430365529681	5.094274997711182	0	25
726	727	210	211	-6.341115690452571	4.36560583114624	0	25
725	726	211	212	-1.8590949583441883	4.937483310699463	0	25
211	212	216	217	-19.446777925724447	4.896443843841553	1	0
210	211	217	218	-26.706602206829437	4.76855993270874	1	0
209	210	218	219	-9.545320366396329	4.769170761108398	1	0
208	209	219	220	-21.10468206277125	4.715726375579834	1	0
224	225	233	234	-13.081937232785473	5.2279229164123535	2	1
223	224	234	235	-18.201846790405202	4.50916862487793	2	1
222	223	235	236	-18.749946784244482	4.904813289642334	2	1
221	222	236	237	-15.815400496865179	3.792776584625244	2	1
220	221	237	238	-5.422163628385106	5.569924354553223	2	1
219	220	238	239	-21.723402703723234	4.254226207733154	2	1
218	219	239	240	-7.6550669144095265	5.0220136642456055	2	1
239	240	244	245	-28.46100665385134	5.56732177734375	3	2
239	240	245	246	-27.75053761550904	5.454183578491211	3	2
238	239	246	247	-31.875823150926397	4.11748743057251	3	2
237	238	247	248	-29.177864862376	4.768567085266113	3	2
236	237	248	249	-19.24551223037917	4.7561211585998535	3	2
235	236	249	250	-7.508667087940793	4.637026309967041	3	2
234	235	250	251	-11.825562771479058	4.58178186416626	3	2
233	234	251	252	-12.70163344257855	4.68445348739624	3	2
232	233	252	253	-24.928746830126865	4.21933650970459	3	2
253	254	261	262	-19.741897022255316	5.298186779022217	4	3
252	253	262	263	-9.361358209521907	4.504887104034424	4	3
251	252	263	264	-5.8363182741340385	4.8921332359313965	4	3
250	251	264	265	-1.8708671316019136	4.500357627868652	4	3
249	250	265	266	-9.608804877137997	4.804910182952881	4	3
248	249	266	267	-5.403052422704952	4.1394877433776855	4	3
247	248	267	268	-27.369025401714115	5.2830891609191895	4	3
246	247	268	269	-29.909426989305338	4.693204879760742	4	3
273	274	278	279	-69.92841442885559	5.69679069519043	5	4
269	270	284	285	-20.71366544292203	5.391347885131836	5	4
268	269	285	286	6.541276810422209	4.696094512939453	5	4
267	268	286	287	-3.78172537115158	5.145017623901367	5	4
266	267	287	288	8.680459282230162	4.18784761428833	5	4
265	266	288	289	0.8326318832204526	4.906795978546143	5	4
264	265	289	290	-3.189622008943287	4.698601722717285	5	4
263	264	290	291	-6.747065906943152	4.856733798980713	5	4
262	263	291	292	0.22471978114487295	4.505642890930176	5	4
261	262	292	293	5.163626222294667	5.2117018699646	5	4
260	261	293	294	-21.882621222151652	4.094902992248535	5	4
294	295	303	304	8.089054226450141	4.902344703674316	6	5
293	294	304	305	16.3560152349324	4.660192966461182	6	5
292	293	305	306	20.54578882411158	4.709484577178955	6	5
291	292	306	307	0.7374038187063429	4.854922294616699	6	5
290	291	307	308	8.365988517044856	5.08320951461792	6	5
289	290	308	309	1.0025765115658318	4.648087501525879	6	5
288	289	309	310	-13.986374295419676	5.280672073364258	6	5
287	288	310	311	-7.48791791734602	4.591062545776367	6	5
307	308	331	332	-11.354798533875234	5.7234954833984375	7	6
307	308	332	333	36.24772632211885	5.485626220703125	7	6
306	307	333	334	36.144894896790106	4.215590953826904	7	6
305	306	334	335	8.242355765564806	5.187752723693848	7	6
304	305	335	336	-5.929044518768342	4.6652750968933105	7	6
303	304	336	337	-7.003796006845869	5.05061674118042	7	6
302	303	337	338	1.9687869240794826	4.731207847595215	7	6
301	302	338	339	-25.60526402274532	5.181008338928223	7	6
300	301	339	340	-37.347196626059784	4.858459949493408	7	6
339	340	345	346	22.90617923084741	4.128914833068848	8	7
338	339	346	347	6.209098620041605	5.257938385009766	8	7
337	338	347	348	-27.171414545874658	3.6404666900634766	8	7
336	337	348	349	-16.974790876588163	5.539896011352539	8	7
335	336	349	350	5.848395547008676	4.279031753540039	8	7
334	335	350	351	4.944006627736337	5.283578872680664	8	7
333	334	351	352	-7.085497731485918	4.502209663391113	8	7
332	333	352	353	-29.952006526252408	4.915234565734863	8	7
331	332	353	354	-11.453355350387053	5.005252361297607	8	7
351	352	365	366	21.338346044236356	4.6006293296813965	9	8
350	351	366	367	29.566673612079263	5.033201694488525	9	8
349	350	367	368	10.242773444317654	5.308053016662598	9	8
349	350	368	369	-45.46410406212426	4.866678237915039	9	8
348	349	369	370	-10.162538076282061	5.214485168457031	9	8
347	348	370	371	-15.722143697797826	4.313064098358154	9	8
346	347	371	372	-9.87836482294678	5.204985618591309	9	8
345	346	372	373	-2.023556167449022	4.3205718994140625	9	8
344	345	373	374	7.351633871657529	5.237171173095703	9	8
343	344	374	375	-5.695405208394056	4.35551118850708	9	8
375	376	384	385	-5.606536181032648	5.173982620239258	10	9
374	375	385	386	-8.413442287934037	4.5852556228637695	10	9
373	374	386	387	-8.177379539673082	5.045238494873047	10	9
372	373	387	388	-9.34621109304258	4.762657165527344	10	9
371	372	388	389	-14.80653031655992	5.0670623779296875	10	9
370	371	389	390	-0.028557249797352618	4.658864498138428	10	9
369	370	390	391	4.1235205506435095	5.098292827606201	10	9
368	369	391	392	11.14877751786124	4.3255767822265625	10	9
366	367	392	393	-40.636677048236564	5.440634250640869	10	9
365	366	393	394	-38.32085211394776	4.573569297790527	10	9
393	394	402	403	12.110059001905626	4.820215225219727	11	10
392	393	403	404	-14.247019895977603	5.095632553100586	11	10
391	392	404	405	-11.369922219734848	4.372549533843994	11	10
390	391	405	406	-4.433832993011853	5.213083744049072	11	10
389	390	406	407	-10.359280856840067	4.631890773773193	11	10
388	389	407	408	2.4761726371301767	5.0670623779296875	11	10
387	388	408	409	-10.904822866074964	4.690344333648682	11	10
386	387	409	410	-9.237660369278615	4.99540901184082	11	10
385	386	410	411	-16.54464459339339	4.552967071533203	11	10
384	385	411	412	-3.518872423615868	4.99468469619751	11	10
383	384	412	413	-25.634712564182564	4.561549186706543	11	10
415	416	422	423	-66.53553138913325	5.6748504638671875	12	11
415	416	423	424	-13.323581309816358	5.176657676696777	12	11
414	415	424	425	-6.467196084513712	4.425815582275391	12	11
413	414	425	426	-4.095904132293718	5.09633207321167	12	11
412	413	426	427	-13.902407303456588	4.488893985748291	12	11
411	412	427	428	-14.219466977197674	5.283193111419678	12	11
410	411	428	429	1.0567285696531232	4.323745250701904	12	11
409	410	429	430	-1.2457467635373431	5.46571159362793	12	11
408	409	430	431	-17.316917535204116	4.811047077178955	12	11
407	408	431	432	-11.551009871582442	5.146440505981445	12	11
406	407	432	433	-1.6031833524421928	4.341093063354492	12	11
405	406	433	434	-16.494177376620467	5.082406044006348	12	11
404	405	434	435	-15.120212904318588	4.7340521812438965	12	11
403	404	435	436	-5.251358098921856	4.83536958694458	12	11
402	403	436	437	-25.852169406622263	4.066274642944336	12	11
433	434	454	455	-15.191095533607385	4.932013988494873	13	12
432	433	455	456	-6.841741428185808	4.545502185821533	13	12
431	432	456	457	-1.3124782628083487	5.140957355499268	13	12
430	431	457	458	-1.0179032499921417	4.501676082611084	13	12
429	430	458	459	-13.320373227812016	5.032054424285889	13	12
428	429	459	460	-18.397815991735527	4.517270088195801	13	12
427	428	460	461	-13.16129204020007	4.963489055633545	13	12
426	427	461	462	-6.948246641843426	4.865914344787598	13	12
425	426	462	463	-15.08776059259599	5.10579776763916	13	12
424	425	463	464	-11.636524727836273	4.672154426574707	13	12
423	424	464	465	-14.367240330219298	5.043114185333252	13	12
422	423	465	466	1.2465939305393092	4.055031776428223	13	12
421	422	466	467	3.905085466011662	5.5939788818359375	13	12
420	421	467	468	-41.02860219779846	3.937845230102539	13	12
472	473	477	478	-29.036223805623237	5.2047929763793945	14	13
471	472	478	479	-23.8526050975167	4.92191743850708	14	13
470	471	479	480	-25.755824508366228	5.130012035369873	14	13
469	470	480	481	-27.25134756504899	4.488553524017334	14	13
468	469	481	482	-15.471161884337528	4.967162609100342	14	13
467	468	482	483	-27.31768058518757	4.906292915344238	14	13
466	467	483	484	-3.1378439592538747	5.493854522705078	14	13
465	466	484	485	-14.182134782873362	4.1568169593811035	14	13
464	465	485	486	-5.626894695036869	5.470306396484375	14	13
463	464	486	487	1.9720757924438144	4.181171894073486	14	13
462	463	487	488	-0.8438280321304695	5.121793270111084	14	13
461	462	488	489	-3.2545821657820215	4.5224714279174805	14	13
460	461	489	490	-12.08581708428463	5.200637340545654	14	13
489	490	527	528	-22.843736215355534	5.134333610534668	15	14
489	490	528	529	38.609649861834036	4.386112213134766	15	14
488	489	529	530	6.236591511343653	4.391639232635498	15	14
487	488	530	531	-14.16160727491594	5.406760215759277	15	14
486	487	531	532	-18.11858312380978	4.291849136352539	15	14
485	486	532	533	-1.482326603986329	5.144007205963135	15	14
484	485	533	534	-13.697828983794198	4.514988899230957	15	14
483	484	534	535	-20.624304023774688	5.299808979034424	15	14
482	483	535	536	-10.391725365708856	4.645040035247803	15	14
481	482	536	537	-12.294528717970623	4.842286586761475	15	14
480	481	537	538	-19.33509872334157	4.5242838859558105	15	14
479	480	538	539	-14.8392100914554	5.291925430297852	15	14
478	479	539	540	-21.38459589743826	4.591597080230713	15	14
477	478	540	541	-23.98556080943449	5.103794097900391	15	14
539	540	545	546	8.194214887995951	5.451788902282715	16	15
539	540	546	547	-68.40318259687058	4.460080146789551	16	15
539	540	547	548	6.903985271589642	5.436127662658691	16	15
538	539	548	549	-8.470850928491595	4.798685550689697	16	15
537	538	549	550	0.5428553416973613	4.244894504547119	16	15
536	537	550	551	-17.19204027165545	5.440997123718262	16	15
535	536	551	552	-1.426336433819438	4.31376838684082	16	15
534	535	552	553	-1.7184580368844249	5.4132914543151855	16	15
533	534	553	554	-13.933037413998653	4.019472599029541	16	15
532	533	554	555	-16.889574073659873	5.387294292449951	16	15
531	532	555	556	-21.79660499157742	4.380697727203369	16	15
530	531	556	557	-14.107110930273375	5.241455554962158	16	15
529	530	557	558	-47.1242618516046	4.53029203414917	16	15
556	557	577	578	-29.38046533699531	5.14758825302124	17	16
555	556	578	579	-58.59679187632706	4.217834949493408	17	16
554	555	580	581	-8.752634879847136	5.223965167999268	17	16
553	554	581	582	-9.014709197598917	4.6476006507873535	17	16
552	553	582	583	-11.524475740830388	4.913706302642822	17	16
551	552	583	584	-2.273640894427383	4.207052707672119	17	16
550	551	584	585	-3.618690079750194	5.138322353363037	17	16
549	550	585	586	7.1111264502377125	4.268830299377441	17	16
548	549	586	587	14.924408336576535	5.279787063598633	17	16
586	587	595	596	-0.455076991389578	4.688791751861572	18	17
585	586	596	597	0.5213177904614469	4.572880268096924	18	17
584	585	597	598	2.4582948598034964	4.9376068115234375	18	17
583	584	598	599	-3.704251203751739	4.264175891876221	18	17
582	583	599	600	3.017113868631307	5.1558756828308105	18	17
581	582	600	601	-20.70586155774423	4.564233779907227	18	17
600	601	609	610	27.580870868635447	4.9111456871032715	19	18
599	600	610	611	8.616752295592685	4.955326080322266	19	18
598	599	611	612	5.286283170151053	4.492369651794434	19	18
597	598	612	613	3.7046375677910777	5.271235466003418	19	18
596	597	613	614	-8.431542419289032	4.386112213134766	19	18
595	596	614	615	-4.707781223969866	5.066523551940918	19	18
616	617	625	626	-5.050922905817736	5.178133964538574	20	19
615	616	626	627	-12.98630255189602	4.293991565704346	20	19
614	615	627	628	-8.434519401099802	5.396100997924805	20	19
613	614	628	629	7.425063660394081	4.136166095733643	20	19
612	613	629	630	-0.8920479235109978	5.2936320304870605	20	19
611	612	630	631	1.949262038247652	4.399739742279053	20	19
610	611	631	632	-6.016042023926493	4.9520955085754395	20	19
631	632	654	655	23.315701663292288	4.661478042602539	21	20
630	631	655	656	-3.4212974018823363	4.223878860473633	21	20
629	630	656	657	-6.515321888252324	5.484924793243408	21	20
628	629	657	658	-27.48368257863859	4.3304362297058105	21	20
627	628	658	659	-6.140676900332256	4.824901103973389	21	20
626	627	659	660	1.126633250981562	4.913105487823486	21	20
625	626	660	661	14.515076026984728	4.94948148727417	21	20
624	625	661	662	4.184237677632214	4.818356037139893	21	20
661	662	672	673	1.067151912759612	5.011800289154053	22	21
660	661	673	674	-14.381271134624848	4.879602432250977	22	21
659	660	674	675	1.2982226702196416	4.359494686126709	22	21
658	659	675	676	-0.06201916447170808	4.69251823425293	22	21
657	658	676	677	-13.970240214259528	4.319391250610352	22	21
656	657	677	678	-22.5310928412743	5.367392539978027	22	21
677	678	683	684	-20.985257675272006	5.553913593292236	23	22
676	677	684	685	-55.29632846674909	4.257589817047119	23	22
676	677	685	686	28.158319627514217	5.338968276977539	23	22
675	676	686	687	-2.4178851751455266	4.872064113616943	23	22
674	675	687	688	8.850804953978475	4.3074421882629395	23	22
673	674	688	689	11.53965140090925	4.877556324005127	23	22
672	673	689	690	-9.491742905821678	4.690608024597168	23	22
671	672	690	691	-16.97860614243042	4.954265117645264	23	22
670	671	691	692	3.0039136911024977	5.051494598388672	23	22
692	693	699	700	-56.21589377432731	5.362799167633057	24	23
692	693	700	701	-5.913021835213498	5.3777618408203125	24	23
691	692	701	702	-17.522308322822486	4.1861796379089355	24	23
690	691	702	703	7.288833942195131	5.426497459411621	24	23
689	690	703	704	-7.864572851037342	4.107913970947266	24	23
688	689	704	705	-5.5356807058501	5.013888835906982	24	23
687	688	705	706	-14.845590223830719	4.503726482391357	24	23
686	687	706	707	12.257835398193189	5.317404270172119	24	23
685	686	707	708	17.002472203250395	4.374250411987305	24	23
684	685	708	709	162.82523151606335	5.4443230628967285	24	23
711	712	719	720	-40.60306465984514	5.362786769866943	25	24
710	711	720	721	-44.0050911023867	4.864935874938965	25	24
709	710	721	722	-4.23395470329155	5.21055793762207	25	24
707	708	722	723	-44.04529798467862	4.742884159088135	25	24
706	707	723	724	-15.704076008581184	5.435359954833984	25	24
705	706	724	725	-9.004296900424816	4.227461338043213	25	24
704	705	725	726	-10.782997364562371	4.991777420043945	25	24
703	704	726	727	-13.53827932499941	4.714025497436523	25	24
702	703	727	728	-13.602912450697385	4.9206342697143555	25	24
701	702	728	729	-20.20471446941982	4.844296932220459	25	24
700	701	729	730	-17.28649118192136	5.304102897644043	25	24
699	700	730	731	-16.572544367823454	4.482149124145508	25	24
