420	421	43	44	-15.96737083292942	5.2782816886901855	0	13
419	420	44	45	-17.294058909787527	4.570309638977051	0	13
418	419	45	46	-9.048419409545122	5.354426860809326	0	13
417	418	46	47	-9.409211040750211	4.497936248779297	0	13
415	416	47	48	-1.6114434538302715	5.602892875671387	0	13
415	416	48	49	31.47500855853101	4.187233924865723	0	13
413	414	49	50	31.82659504676376	5.700719833374023	0	13
413	414	50	51	-34.09912936780063	4.099362850189209	0	13
412	413	51	52	-5.649576331637105	5.289169788360596	0	13
411	412	52	53	-16.853746551105203	4.690773963928223	0	13
410	411	53	54	-7.144103638561038	5.0762939453125	0	13
409	410	54	55	-30.477646970195188	4.071100234985352	0	13
408	409	55	56	12.602903928956767	5.113826751708984	0	13
407	408	56	57	-21.99177072346879	3.8985819816589355	0	13
406	407	57	58	-15.717474633863857	5.502374649047852	0	13
405	406	58	59	-21.587924316910545	4.704200267791748	0	13
404	405	59	60	-40.66268517531773	5.214540004730225	0	13
59	60	68	69	27.247660284037014	4.701998710632324	1	0
58	59	69	70	6.332324620869777	3.9970548152923584	1	0
57	58	70	71	12.022540747245635	4.608891010284424	1	0
56	57	71	72	-0.3843067607779241	4.70930814743042	1	0
56	57	72	73	-76.57461106433438	5.269898414611816	1	0
52	53	76	77	1.3733499458001452	4.678167819976807	1	0
51	52	77	78	-25.26592656516525	5.15743350982666	1	0
50	51	78	79	-20.776098404560447	4.509921073913574	1	0
49	50	79	80	-7.85853032979974	5.121422290802002	1	0
48	49	80	81	-47.01067599767	3.8310301303863525	1	0
46	47	81	82	59.41248775861872	5.385043621063232	1	0
46	47	82	83	-3.237887932483626	4.038628101348877	1	0
45	46	83	84	-6.145167212943	4.808093547821045	1	0
44	45	84	85	-10.185458934486972	4.480534076690674	1	0
43	44	85	86	-2.851768033804249	5.125087261199951	1	0
87	88	92	93	-43.75418677754982	5.425322532653809	2	1
86	87	93	94	3.8945207467809744	3.925424814224243	2	1
85	86	94	95	-19.60500468781011	5.298349857330322	2	1
84	85	95	96	3.3385009801506	4.226884365081787	2	1
83	84	96	97	-8.141385665132352	5.453405380249023	2	1
82	83	97	98	12.585599707309857	4.382284164428711	2	1
81	82	98	99	23.92163431834368	5.2431840896606445	2	1
80	81	99	100	27.00659075797023	4.824968338012695	2	1
73	74	106	107	-40.953399230466545	4.851795673370361	2	1
72	73	107	108	74.45634668477183	5.051903247833252	2	1
107	108	119	120	13.092997578888465	5.135432720184326	3	2
106	107	120	121	10.62995832861354	4.460659980773926	3	2
105	106	121	122	8.990361954481623	5.207698822021484	3	2
104	105	122	123	20.096067760687898	4.585877418518066	3	2
102	103	123	124	83.14154350303113	4.902453422546387	3	2
102	103	124	125	11.312725162234436	5.149179458618164	3	2
99	100	125	126	-1.3888026762856711	5.473822116851807	3	2
99	100	126	127	-60.85246648474956	4.867954730987549	3	2
98	99	127	128	-17.20865999164122	5.135159969329834	3	2
97	98	128	129	-20.665180383718436	4.775866985321045	3	2
96	97	129	130	0.8526379715539955	5.109362602233887	3	2
95	96	130	131	-16.010045464774432	4.235901355743408	3	2
94	95	131	132	-25.749421559202556	5.312824249267578	3	2
93	94	132	133	-34.07745469099728	4.076462268829346	3	2
92	93	133	134	-10.670846940914355	5.728519439697266	3	2
133	134	141	142	-54.49140198555711	5.375764846801758	4	3
133	134	142	143	-12.444561724403767	5.179540157318115	4	3
132	133	143	144	-22.530752206036894	4.1549553871154785	4	3
130	131	144	145	0.47570528960638003	5.666904449462891	4	3
130	131	145	146	-32.90661614873162	4.055602550506592	4	3
129	130	146	147	-18.618473826759477	5.567192554473877	4	3
128	129	147	148	-23.43161048315984	4.873910427093506	4	3
127	128	148	149	-19.79224617856222	5.079625129699707	4	3
126	127	149	150	-13.85221926018261	4.681336879730225	4	3
125	126	150	151	-13.770160859121251	5.602832317352295	4	3
124	125	151	152	-10.346650170543832	4.767797946929932	4	3
123	124	152	153	-11.091197447558388	5.035824775695801	4	3
122	123	153	154	12.623208881887159	4.336066722869873	4	3
121	122	154	155	9.284089860047942	5.010896682739258	4	3
120	121	155	156	10.801921832177221	4.742506504058838	4	3
119	120	156	157	12.151454410123435	4.898991584777832	4	3
118	119	157	158	-91.39303887191295	4.477950096130371	4	3
157	158	197	198	14.600652723778838	4.6127471923828125	5	4
156	157	198	199	6.681267820749367	5.06920862197876	5	4
155	156	199	200	3.8712719621694642	4.704874038696289	5	4
154	155	200	201	3.6506095243777197	4.981673240661621	5	4
153	154	201	202	7.5170270807460815	4.237151622772217	5	4
152	153	202	203	-17.759677690902357	5.6999616622924805	5	4
151	152	203	204	-13.333268769675032	4.2881903648376465	5	4
150	151	204	205	-26.321888678972606	5.5093770027160645	5	4
149	150	205	206	-25.14792498077274	4.4750213623046875	5	4
148	149	206	207	-35.286525706088064	4.86167573928833	5	4
147	148	207	208	-5.994229956303069	4.721985340118408	5	4
146	147	208	209	-36.42136644690165	4.995357036590576	5	4
145	146	209	210	-16.156516914473475	4.451518535614014	5	4
144	145	210	211	-14.798999520347598	4.96826696395874	5	4
143	144	211	212	-2.7590621374545106	3.976045846939087	5	4
142	143	212	213	-12.663097106666871	4.771530628204346	5	4
141	142	213	214	-23.122847354015367	4.718372344970703	5	4
215	216	221	222	12.882554527363602	5.527193546295166	6	5
215	216	222	223	-21.547483450215683	3.8579423427581787	6	5
214	215	223	224	-30.301272681037975	5.224765300750732	6	5
213	214	224	225	3.0761064171830106	4.553886413574219	6	5
212	213	225	226	-1.2458551899106887	5.149975299835205	6	5
211	212	226	227	-11.058086780099893	4.019098281860352	6	5
210	211	227	228	10.125144387039514	5.370394229888916	6	5
209	210	228	229	-29.763678354441886	4.388336181640625	6	5
208	209	229	230	7.699878821608699	5.537576675415039	6	5
207	208	231	232	-41.59388557312368	5.539234161376953	6	5
205	206	233	234	-59.5990372936563	4.974374294281006	6	5
203	204	235	236	-74.41749611957157	5.255269527435303	6	5
201	202	237	238	-32.86587740857645	4.452253341674805	6	5
199	200	239	240	-1.8632902127211033	4.961686611175537	6	5
198	199	240	241	-27.75086016249715	5.046390056610107	6	5
240	241	260	261	-34.35384318224662	5.218036651611328	7	6
239	240	262	263	-47.18295768588416	4.723792552947998	7	6
238	239	263	264	-48.38582372833166	4.953469276428223	7	6
237	238	264	265	-54.15169395319063	4.854360580444336	7	6
236	237	265	266	-34.27710902038622	5.24053955078125	7	6
235	236	266	267	-6.935806347254589	4.985150337219238	7	6
234	235	267	268	-28.708997464956184	5.292229175567627	7	6
233	234	268	269	-19.313624185063958	4.132037162780762	7	6
232	233	269	270	-14.734810093566033	4.975552082061768	7	6
231	232	270	271	-22.061770376445725	4.727327346801758	7	6
230	231	271	272	-1.3190943727603732	4.896937847137451	7	6
229	230	272	273	23.627600498921296	4.652961254119873	7	6
229	230	273	274	-48.67919030842152	3.578862190246582	7	6
227	228	274	275	-8.974705674865005	4.586931228637695	7	6
226	227	275	276	-13.31735992662758	4.677651405334473	7	6
225	226	276	277	-13.619550159354947	5.4233717918396	7	6
224	225	277	278	-15.39794359577907	4.810685157775879	7	6
223	224	278	279	-11.799148427384376	5.277908802032471	7	6
222	223	279	280	-14.85179118330396	4.2217864990234375	7	6
221	222	280	281	14.78177377638352	5.453271389007568	7	6
282	283	287	288	-35.17546256146286	5.65816068649292	8	7
281	282	288	289	-11.116871645554363	3.907038450241089	8	7
280	281	289	290	-12.61402246730575	4.886163234710693	8	7
279	280	290	291	2.6714143838479703	4.420620441436768	8	7
278	279	291	292	-13.468603563059617	5.636118412017822	8	7
277	278	292	293	-0.23566587315848678	4.099241733551025	8	7
276	277	293	294	-7.576333614648914	5.49407434463501	8	7
275	276	294	295	-18.571220005200303	4.059234619140625	8	7
274	275	295	296	-11.23487996333325	5.083802223205566	8	7
273	274	296	297	-26.774480534166628	4.641082286834717	8	7
271	272	297	298	24.35510368572453	5.538845539093018	8	7
271	272	298	299	-91.18249326576847	5.2529191970825195	8	7
269	270	301	302	-50.97898129445174	5.540613174438477	8	7
266	267	305	306	27.889245724611275	5.438859462738037	8	7
266	267	306	307	-39.111505109117324	4.555788040161133	8	7
305	306	315	316	0.1827330986195826	4.866132736206055	9	8
304	305	316	317	15.386479575578791	4.213003158569336	9	8
303	304	317	318	-1.1624387202377746	5.331883907318115	9	8
302	303	318	319	-56.55684928884719	4.467715740203857	9	8
302	303	319	320	20.972351454411488	4.687239170074463	9	8
301	302	320	321	7.903092608612912	4.402170181274414	9	8
298	299	321	322	83.0117119904178	5.084449291229248	9	8
298	299	322	323	55.011143613655825	4.336904525756836	9	8
296	297	323	324	4.94061717621643	4.227611064910889	9	8
295	296	324	325	-30.436144464900767	5.621701717376709	9	8
294	295	325	326	-21.382998408983358	4.439814567565918	9	8
293	294	326	327	-9.741281842429027	4.952272415161133	9	8
292	293	327	328	-12.502778173013807	4.553833961486816	9	8
290	291	328	329	50.23069261126729	5.205900192260742	9	8
290	291	329	330	-16.686798464192034	4.088866233825684	9	8
289	290	330	331	-27.24542766322664	5.160359859466553	9	8
288	289	331	332	-23.782456203654583	4.346508026123047	9	8
287	288	332	333	-8.911732780221087	5.352260589599609	9	8
334	335	339	340	-32.30047418025488	5.4931960105896	10	9
333	334	340	341	-3.1392248004937584	4.383826732635498	10	9
332	333	341	342	-25.76625608095265	5.030390739440918	10	9
331	332	342	343	1.5640165409210744	4.252491474151611	10	9
329	330	343	344	17.736763671552954	5.570414066314697	10	9
329	330	344	345	-15.99453725862485	3.9763031005859375	10	9
328	329	345	346	-11.520046465827368	5.523316383361816	10	9
327	328	346	347	3.176161716180081	4.265953063964844	10	9
326	327	347	348	-9.694367212558715	5.386712551116943	10	9
325	326	348	349	-6.215382063378421	4.147529125213623	10	9
347	348	366	367	-5.788208341091368	5.466950416564941	11	10
346	347	367	368	-25.65641667130288	4.510859966278076	11	10
345	346	368	369	1.4792363590275504	4.801140785217285	11	10
344	345	369	370	-10.925721712250823	4.8783063888549805	11	10
343	344	370	371	-6.712452745744917	5.065143585205078	11	10
342	343	371	372	-17.29632366060365	4.090526103973389	11	10
341	342	372	373	-21.07531093636751	4.998631954193115	11	10
340	341	373	374	-19.582428981426936	4.523306846618652	11	10
339	340	374	375	-9.049836295274174	5.0690531730651855	11	10
376	377	381	382	-34.391907156592644	5.457268714904785	12	11
375	376	382	383	-2.1603279008133587	4.184769153594971	12	11
374	375	383	384	-16.18341674279402	5.414175987243652	12	11
373	374	384	385	-18.00880624253136	4.356066703796387	12	11
372	373	385	386	6.388200272052343	5.403442859649658	12	11
371	372	386	387	-22.218970318088093	4.404069423675537	12	11
370	371	387	388	-8.228920089982418	5.703237533569336	12	11
369	370	388	389	-17.995706618235065	4.1297430992126465	12	11
368	369	389	390	-20.28430442947647	5.245581150054932	12	11
367	368	390	391	-29.554092305416773	4.788851737976074	12	11
396	397	404	405	-28.54888848975958	4.990367889404297	13	12
395	396	405	406	-33.61503850411319	4.404721260070801	13	12
394	395	406	407	-14.746503157862069	5.319400787353516	13	12
393	394	407	408	-9.309166752838388	4.382757186889648	13	12
390	391	409	410	11.41175719324134	4.195383548736572	13	12
389	390	410	411	-15.64592544133026	4.9101104736328125	13	12
388	389	411	412	-18.426308875511676	4.86671781539917	13	12
387	388	412	413	-2.3031478156616005	4.869852542877197	13	12
386	387	413	414	-11.60968359226074	4.601210594177246	13	12
385	386	414	415	-15.602805278945352	4.8965630531311035	13	12
384	385	415	416	-7.887592751280526	4.520087242126465	13	12
383	384	416	417	-17.942545859059198	4.866392612457275	13	12
382	383	417	418	-26.529300822331244	4.470320701599121	13	12
381	382	418	419	-6.89612791387162	5.116339683532715	13	12
380	381	419	420	-8.924368658156194	4.331329822540283	13	12
420	421	43	44	-15.96737083292942	5.2782816886901855	0	13
419	420	44	45	-17.294058909787527	4.570309638977051	0	13
418	419	45	46	-9.048419409545122	5.354426860809326	0	13
417	418	46	47	-9.409211040750211	4.497936248779297	0	13
415	416	47	48	-1.6114434538302715	5.602892875671387	0	13
415	416	48	49	31.47500855853101	4.187233924865723	0	13
413	414	49	50	31.82659504676376	5.700719833374023	0	13
413	414	50	51	-34.09912936780063	4.099362850189209	0	13
412	413	51	52	-5.649576331637105	5.289169788360596	0	13
411	412	52	53	-16.853746551105203	4.690773963928223	0	13
410	411	53	54	-7.144103638561038	5.0762939453125	0	13
409	410	54	55	-30.477646970195188	4.071100234985352	0	13
408	409	55	56	12.602903928956767	5.113826751708984	0	13
407	408	56	57	-21.99177072346879	3.8985819816589355	0	13
406	407	57	58	-15.717474633863857	5.502374649047852	0	13
405	406	58	59	-21.587924316910545	4.704200267791748	0	13
404	405	59	60	-40.66268517531773	5.214540004730225	0	13
59	60	68	69	27.247660284037014	4.701998710632324	1	0
58	59	69	70	6.332324620869777	3.9970548152923584	1	0
57	58	70	71	12.022540747245635	4.608891010284424	1	0
56	57	71	72	-0.3843067607779241	4.70930814743042	1	0
56	57	72	73	-76.57461106433438	5.269898414611816	1	0
52	53	76	77	1.3733499458001452	4.678167819976807	1	0
51	52	77	78	-25.26592656516525	5.15743350982666	1	0
50	51	78	79	-20.776098404560447	4.509921073913574	1	0
49	50	79	80	-7.85853032979974	5.121422290802002	1	0
48	49	80	81	-47.01067599767	3.8310301303863525	1	0
46	47	81	82	59.41248775861872	5.385043621063232	1	0
46	47	82	83	-3.237887932483626	4.038628101348877	1	0
45	46	83	84	-6.145167212943	4.808093547821045	1	0
44	45	84	85	-10.185458934486972	4.480534076690674	1	0
43	44	85	86	-2.851768033804249	5.125087261199951	1	0
87	88	92	93	-43.75418677754982	5.425322532653809	2	1
86	87	93	94	3.8945207467809744	3.925424814224243	2	1
85	86	94	95	-19.60500468781011	5.298349857330322	2	1
84	85	95	96	3.3385009801506	4.226884365081787	2	1
83	84	96	97	-8.141385665132352	5.453405380249023	2	1
82	83	97	98	12.585599707309857	4.382284164428711	2	1
81	82	98	99	23.92163431834368	5.2431840896606445	2	1
80	81	99	100	27.00659075797023	4.824968338012695	2	1
73	74	106	107	-40.953399230466545	4.851795673370361	2	1
72	73	107	108	74.45634668477183	5.051903247833252	2	1
107	108	119	120	13.092997578888465	5.135432720184326	3	2
106	107	120	121	10.62995832861354	4.460659980773926	3	2
105	106	121	122	8.990361954481623	5.207698822021484	3	2
104	105	122	123	20.096067760687898	4.585877418518066	3	2
102	103	123	124	83.14154350303113	4.902453422546387	3	2
102	103	124	125	11.312725162234436	5.149179458618164	3	2
99	100	125	126	-1.3888026762856711	5.473822116851807	3	2
99	100	126	127	-60.85246648474956	4.867954730987549	3	2
98	99	127	128	-17.20865999164122	5.135159969329834	3	2
97	98	128	129	-20.665180383718436	4.775866985321045	3	2
96	97	129	130	0.8526379715539955	5.109362602233887	3	2
95	96	130	131	-16.010045464774432	4.235901355743408	3	2
94	95	131	132	-25.749421559202556	5.312824249267578	3	2
93	94	132	133	-34.07745469099728	4.076462268829346	3	2
92	93	133	134	-10.670846940914355	5.728519439697266	3	2
133	134	141	142	-54.49140198555711	5.375764846801758	4	3
133	134	142	143	-12.444561724403767	5.179540157318115	4	3
132	133	143	144	-22.530752206036894	4.1549553871154785	4	3
130	131	144	145	0.47570528960638003	5.666904449462891	4	3
130	131	145	146	-32.90661614873162	4.055602550506592	4	3
129	130	146	147	-18.618473826759477	5.567192554473877	4	3
128	129	147	148	-23.43161048315984	4.873910427093506	4	3
127	128	148	149	-19.79224617856222	5.079625129699707	4	3
126	127	149	150	-13.85221926018261	4.681336879730225	4	3
125	126	150	151	-13.770160859121251	5.602832317352295	4	3
124	125	151	152	-10.346650170543832	4.767797946929932	4	3
123	124	152	153	-11.091197447558388	5.035824775695801	4	3
122	123	153	154	12.623208881887159	4.336066722869873	4	3
121	122	154	155	9.284089860047942	5.010896682739258	4	3
120	121	155	156	10.801921832177221	4.742506504058838	4	3
119	120	156	157	12.151454410123435	4.898991584777832	4	3
118	119	157	158	-91.39303887191295	4.477950096130371	4	3
157	158	197	198	14.600652723778838	4.6127471923828125	5	4
156	157	198	199	6.681267820749367	5.06920862197876	5	4
155	156	199	200	3.8712719621694642	4.704874038696289	5	4
154	155	200	201	3.6506095243777197	4.981673240661621	5	4
153	154	201	202	7.5170270807460815	4.237151622772217	5	4
152	153	202	203	-17.759677690902357	5.6999616622924805	5	4
151	152	203	204	-13.333268769675032	4.2881903648376465	5	4
150	151	204	205	-26.321888678972606	5.5093770027160645	5	4
149	150	205	206	-25.14792498077274	4.4750213623046875	5	4
148	149	206	207	-35.286525706088064	4.86167573928833	5	4
147	148	207	208	-5.994229956303069	4.721985340118408	5	4
146	147	208	209	-36.42136644690165	4.995357036590576	5	4
145	146	209	210	-16.156516914473475	4.451518535614014	5	4
144	145	210	211	-14.798999520347598	4.96826696395874	5	4
143	144	211	212	-2.7590621374545106	3.976045846939087	5	4
142	143	212	213	-12.663097106666871	4.771530628204346	5	4
141	142	213	214	-23.122847354015367	4.718372344970703	5	4
215	216	221	222	12.882554527363602	5.527193546295166	6	5
215	216	222	223	-21.547483450215683	3.8579423427581787	6	5
214	215	223	224	-30.301272681037975	5.224765300750732	6	5
213	214	224	225	3.0761064171830106	4.553886413574219	6	5
212	213	225	226	-1.2458551899106887	5.149975299835205	6	5
211	212	226	227	-11.058086780099893	4.019098281860352	6	5
210	211	227	228	10.125144387039514	5.370394229888916	6	5
209	210	228	229	-29.763678354441886	4.388336181640625	6	5
208	209	229	230	7.699878821608699	5.537576675415039	6	5
207	208	231	232	-41.59388557312368	5.539234161376953	6	5
205	206	233	234	-59.5990372936563	4.974374294281006	6	5
203	204	235	236	-74.41749611957157	5.255269527435303	6	5
201	202	237	238	-32.86587740857645	4.452253341674805	6	5
199	200	239	240	-1.8632902127211033	4.961686611175537	6	5
198	199	240	241	-27.75086016249715	5.046390056610107	6	5
240	241	260	261	-34.35384318224662	5.218036651611328	7	6
239	240	262	263	-47.18295768588416	4.723792552947998	7	6
238	239	263	264	-48.38582372833166	4.953469276428223	7	6
237	238	264	265	-54.15169395319063	4.854360580444336	7	6
236	237	265	266	-34.27710902038622	5.24053955078125	7	6
235	236	266	267	-6.935806347254589	4.985150337219238	7	6
234	235	267	268	-28.708997464956184	5.292229175567627	7	6
233	234	268	269	-19.313624185063958	4.132037162780762	7	6
232	233	269	270	-14.734810093566033	4.975552082061768	7	6
231	232	270	271	-22.061770376445725	4.727327346801758	7	6
230	231	271	272	-1.3190943727603732	4.896937847137451	7	6
229	230	272	273	23.627600498921296	4.652961254119873	7	6
229	230	273	274	-48.67919030842152	3.578862190246582	7	6
227	228	274	275	-8.974705674865005	4.586931228637695	7	6
226	227	275	276	-13.31735992662758	4.677651405334473	7	6
225	226	276	277	-13.619550159354947	5.4233717918396	7	6
224	225	277	278	-15.39794359577907	4.810685157775879	7	6
223	224	278	279	-11.799148427384376	5.277908802032471	7	6
222	223	279	280	-14.85179118330396	4.2217864990234375	7	6
221	222	280	281	14.78177377638352	5.453271389007568	7	6
282	283	287	288	-35.17546256146286	5.65816068649292	8	7
281	282	288	289	-11.116871645554363	3.907038450241089	8	7
280	281	289	290	-12.61402246730575	4.886163234710693	8	7
279	280	290	291	2.6714143838479703	4.420620441436768	8	7
278	279	291	292	-13.468603563059617	5.636118412017822	8	7
277	278	292	293	-0.23566587315848678	4.099241733551025	8	7
276	277	293	294	-7.576333614648914	5.49407434463501	8	7
275	276	294	295	-18.571220005200303	4.059234619140625	8	7
274	275	295	296	-11.23487996333325	5.083802223205566	8	7
273	274	296	297	-26.774480534166628	4.641082286834717	8	7
271	272	297	298	24.35510368572453	5.538845539093018	8	7
271	272	298	299	-91.18249326576847	5.2529191970825195	8	7
269	270	301	302	-50.97898129445174	5.540613174438477	8	7
266	267	305	306	27.889245724611275	5.438859462738037	8	7
266	267	306	307	-39.111505109117324	4.555788040161133	8	7
305	306	315	316	0.1827330986195826	4.866132736206055	9	8
304	305	316	317	15.386479575578791	4.213003158569336	9	8
303	304	317	318	-1.1624387202377746	5.331883907318115	9	8
302	303	318	319	-56.55684928884719	4.467715740203857	9	8
302	303	319	320	20.972351454411488	4.687239170074463	9	8
301	302	320	321	7.903092608612912	4.402170181274414	9	8
298	299	321	322	83.0117119904178	5.084449291229248	9	8
298	299	322	323	55.011143613655825	4.336904525756836	9	8
296	297	323	324	4.94061717621643	4.227611064910889	9	8
295	296	324	325	-30.436144464900767	5.621701717376709	9	8
294	295	325	326	-21.382998408983358	4.439814567565918	9	8
293	294	326	327	-9.741281842429027	4.952272415161133	9	8
292	293	327	328	-12.502778173013807	4.553833961486816	9	8
290	291	328	329	50.23069261126729	5.205900192260742	9	8
290	291	329	330	-16.686798464192034	4.088866233825684	9	8
289	290	330	331	-27.24542766322664	5.160359859466553	9	8
288	289	331	332	-23.782456203654583	4.346508026123047	9	8
287	288	332	333	-8.911732780221087	5.352260589599609	9	8
334	335	339	340	-32.30047418025488	5.4931960105896	10	9
333	334	340	341	-3.1392248004937584	4.383826732635498	10	9
332	333	341	342	-25.76625608095265	5.030390739440918	10	9
331	332	342	343	1.5640165409210744	4.252491474151611	10	9
329	330	343	344	17.736763671552954	5.570414066314697	10	9
329	330	344	345	-15.99453725862485	3.9763031005859375	10	9
328	329	345	346	-11.520046465827368	5.523316383361816	10	9
327	328	346	347	3.176161716180081	4.265953063964844	10	9
326	327	347	348	-9.694367212558715	5.386712551116943	10	9
325	326	348	349	-6.215382063378421	4.147529125213623	10	9
347	348	366	367	-5.788208341091368	5.466950416564941	11	10
346	347	367	368	-25.65641667130288	4.510859966278076	11	10
345	346	368	369	1.4792363590275504	4.801140785217285	11	10
344	345	369	370	-10.925721712250823	4.8783063888549805	11	10
343	344	370	371	-6.712452745744917	5.065143585205078	11	10
342	343	371	372	-17.29632366060365	4.090526103973389	11	10
341	342	372	373	-21.07531093636751	4.998631954193115	11	10
340	341	373	374	-19.582428981426936	4.523306846618652	11	10
339	340	374	375	-9.049836295274174	5.0690531730651855	11	10
376	377	381	382	-34.391907156592644	5.457268714904785	12	11
375	376	382	383	-2.1603279008133587	4.184769153594971	12	11
374	375	383	384	-16.18341674279402	5.414175987243652	12	11
373	374	384	385	-18.00880624253136	4.356066703796387	12	11
372	373	385	386	6.388200272052343	5.403442859649658	12	11
371	372	386	387	-22.218970318088093	4.404069423675537	12	11
370	371	387	388	-8.228920089982418	5.703237533569336	12	11
369	370	388	389	-17.995706618235065	4.1297430992126465	12	11
368	369	389	390	-20.28430442947647	5.245581150054932	12	11
367	368	390	391	-29.554092305416773	4.788851737976074	12	11
396	397	404	405	-28.54888848975958	4.990367889404297	13	12
395	396	405	406	-33.61503850411319	4.404721260070801	13	12
394	395	406	407	-14.746503157862069	5.319400787353516	13	12
393	394	407	408	-9.309166752838388	4.382757186889648	13	12
390	391	409	410	11.41175719324134	4.195383548736572	13	12
389	390	410	411	-15.64592544133026	4.9101104736328125	13	12
388	389	411	412	-18.426308875511676	4.86671781539917	13	12
387	388	412	413	-2.3031478156616005	4.869852542877197	13	12
386	387	413	414	-11.60968359226074	4.601210594177246	13	12
385	386	414	415	-15.602805278945352	4.8965630531311035	13	12
384	385	415	416	-7.887592751280526	4.520087242126465	13	12
383	384	416	417	-17.942545859059198	4.866392612457275	13	12
382	383	417	418	-26.529300822331244	4.470320701599121	13	12
381	382	418	419	-6.89612791387162	5.116339683532715	13	12
380	381	419	420	-8.924368658156194	4.331329822540283	13	12
420	421	43	44	-15.96737083292942	5.2782816886901855	0	13
419	420	44	45	-17.294058909787527	4.570309638977051	0	13
418	419	45	46	-9.048419409545122	5.354426860809326	0	13
417	418	46	47	-9.409211040750211	4.497936248779297	0	13
415	416	47	48	-1.6114434538302715	5.602892875671387	0	13
415	416	48	49	31.47500855853101	4.187233924865723	0	13
413	414	49	50	31.82659504676376	5.700719833374023	0	13
413	414	50	51	-34.09912936780063	4.099362850189209	0	13
412	413	51	52	-5.649576331637105	5.289169788360596	0	13
411	412	52	53	-16.853746551105203	4.690773963928223	0	13
410	411	53	54	-7.144103638561038	5.0762939453125	0	13
409	410	54	55	-30.477646970195188	4.071100234985352	0	13
408	409	55	56	12.602903928956767	5.113826751708984	0	13
407	408	56	57	-21.99177072346879	3.8985819816589355	0	13
406	407	57	58	-15.717474633863857	5.502374649047852	0	13
405	406	58	59	-21.587924316910545	4.704200267791748	0	13
404	405	59	60	-40.66268517531773	5.214540004730225	0	13
59	60	68	69	27.247660284037014	4.701998710632324	1	0
58	59	69	70	6.332324620869777	3.9970548152923584	1	0
57	58	70	71	12.022540747245635	4.608891010284424	1	0
56	57	71	72	-0.3843067607779241	4.70930814743042	1	0
56	57	72	73	-76.57461106433438	5.269898414611816	1	0
52	53	76	77	1.3733499458001452	4.678167819976807	1	0
51	52	77	78	-25.26592656516525	5.15743350982666	1	0
50	51	78	79	-20.776098404560447	4.509921073913574	1	0
49	50	79	80	-7.85853032979974	5.121422290802002	1	0
48	49	80	81	-47.01067599767	3.8310301303863525	1	0
46	47	81	82	59.41248775861872	5.385043621063232	1	0
46	47	82	83	-3.237887932483626	4.038628101348877	1	0
45	46	83	84	-6.145167212943	4.808093547821045	1	0
44	45	84	85	-10.185458934486972	4.480534076690674	1	0
43	44	85	86	-2.851768033804249	5.125087261199951	1	0
87	88	92	93	-43.75418677754982	5.425322532653809	2	1
86	87	93	94	3.8945207467809744	3.925424814224243	2	1
85	86	94	95	-19.60500468781011	5.298349857330322	2	1
84	85	95	96	3.3385009801506	4.226884365081787	2	1
83	84	96	97	-8.141385665132352	5.453405380249023	2	1
82	83	97	98	12.585599707309857	4.382284164428711	2	1
81	82	98	99	23.92163431834368	5.2431840896606445	2	1
80	81	99	100	27.00659075797023	4.824968338012695	2	1
73	74	106	107	-40.953399230466545	4.851795673370361	2	1
72	73	107	108	74.45634668477183	5.051903247833252	2	1
107	108	119	120	13.092997578888465	5.135432720184326	3	2
106	107	120	121	10.62995832861354	4.460659980773926	3	2
105	106	121	122	8.990361954481623	5.207698822021484	3	2
104	105	122	123	20.096067760687898	4.585877418518066	3	2
102	103	123	124	83.14154350303113	4.902453422546387	3	2
102	103	124	125	11.312725162234436	5.149179458618164	3	2
99	100	125	126	-1.3888026762856711	5.473822116851807	3	2
99	100	126	127	-60.85246648474956	4.867954730987549	3	2
98	99	127	128	-17.20865999164122	5.135159969329834	3	2
97	98	128	129	-20.665180383718436	4.775866985321045	3	2
96	97	129	130	0.8526379715539955	5.109362602233887	3	2
95	96	130	131	-16.010045464774432	4.235901355743408	3	2
94	95	131	132	-25.749421559202556	5.312824249267578	3	2
93	94	132	133	-34.07745469099728	4.076462268829346	3	2
92	93	133	134	-10.670846940914355	5.728519439697266	3	2
133	134	141	142	-54.49140198555711	5.375764846801758	4	3
133	134	142	143	-12.444561724403767	5.179540157318115	4	3
132	133	143	144	-22.530752206036894	4.1549553871154785	4	3
130	131	144	145	0.47570528960638003	5.666904449462891	4	3
130	131	145	146	-32.90661614873162	4.055602550506592	4	3
129	130	146	147	-18.618473826759477	5.567192554473877	4	3
128	129	147	148	-23.43161048315984	4.873910427093506	4	3
127	128	148	149	-19.79224617856222	5.079625129699707	4	3
126	127	149	150	-13.85221926018261	4.681336879730225	4	3
125	126	150	151	-13.770160859121251	5.602832317352295	4	3
124	125	151	152	-10.346650170543832	4.767797946929932	4	3
123	124	152	153	-11.091197447558388	5.035824775695801	4	3
122	123	153	154	12.623208881887159	4.336066722869873	4	3
121	122	154	155	9.284089860047942	5.010896682739258	4	3
120	121	155	156	10.801921832177221	4.742506504058838	4	3
119	120	156	157	12.151454410123435	4.898991584777832	4	3
118	119	157	158	-91.39303887191295	4.477950096130371	4	3
157	158	197	198	14.600652723778838	4.6127471923828125	5	4
156	157	198	199	6.681267820749367	5.06920862197876	5	4
155	156	199	200	3.8712719621694642	4.704874038696289	5	4
154	155	200	201	3.6506095243777197	4.981673240661621	5	4
153	154	201	202	7.5170270807460815	4.237151622772217	5	4
152	153	202	203	-17.759677690902357	5.6999616622924805	5	4
151	152	203	204	-13.333268769675032	4.2881903648376465	5	4
150	151	204	205	-26.321888678972606	5.5093770027160645	5	4
149	150	205	206	-25.14792498077274	4.4750213623046875	5	4
148	149	206	207	-35.286525706088064	4.86167573928833	5	4
147	148	207	208	-5.994229956303069	4.721985340118408	5	4
146	147	208	209	-36.42136644690165	4.995357036590576	5	4
145	146	209	210	-16.156516914473475	4.451518535614014	5	4
144	145	210	211	-14.798999520347598	4.96826696395874	5	4
143	144	211	212	-2.7590621374545106	3.976045846939087	5	4
142	143	212	213	-12.663097106666871	4.771530628204346	5	4
141	142	213	214	-23.122847354015367	4.718372344970703	5	4
215	216	221	222	12.882554527363602	5.527193546295166	6	5
215	216	222	223	-21.547483450215683	3.8579423427581787	6	5
214	215	223	224	-30.301272681037975	5.224765300750732	6	5
213	214	224	225	3.0761064171830106	4.553886413574219	6	5
212	213	225	226	-1.2458551899106887	5.149975299835205	6	5
211	212	226	227	-11.058086780099893	4.019098281860352	6	5
210	211	227	228	10.125144387039514	5.370394229888916	6	5
209	210	228	229	-29.763678354441886	4.388336181640625	6	5
208	209	229	230	7.699878821608699	5.537576675415039	6	5
207	208	231	232	-41.59388557312368	5.539234161376953	6	5
205	206	233	234	-59.5990372936563	4.974374294281006	6	5
203	204	235	236	-74.41749611957157	5.255269527435303	6	5
201	202	237	238	-32.86587740857645	4.452253341674805	6	5
199	200	239	240	-1.8632902127211033	4.961686611175537	6	5
198	199	240	241	-27.75086016249715	5.046390056610107	6	5
240	241	260	261	-34.35384318224662	5.218036651611328	7	6
239	240	262	263	-47.18295768588416	4.723792552947998	7	6
238	239	263	264	-48.38582372833166	4.953469276428223	7	6
237	238	264	265	-54.15169395319063	4.854360580444336	7	6
236	237	265	266	-34.27710902038622	5.24053955078125	7	6
235	236	266	267	-6.935806347254589	4.985150337219238	7	6
234	235	267	268	-28.708997464956184	5.292229175567627	7	6
233	234	268	269	-19.313624185063958	4.132037162780762	7	6
232	233	269	270	-14.734810093566033	4.975552082061768	7	6
231	232	270	271	-22.061770376445725	4.727327346801758	7	6
230	231	271	272	-1.3190943727603732	4.896937847137451	7	6
229	230	272	273	23.627600498921296	4.652961254119873	7	6
229	230	273	274	-48.67919030842152	3.578862190246582	7	6
227	228	274	275	-8.974705674865005	4.586931228637695	7	6
226	227	275	276	-13.31735992662758	4.677651405334473	7	6
225	226	276	277	-13.619550159354947	5.4233717918396	7	6
224	225	277	278	-15.39794359577907	4.810685157775879	7	6
223	224	278	279	-11.799148427384376	5.277908802032471	7	6
222	223	279	280	-14.85179118330396	4.2217864990234375	7	6
221	222	280	281	14.78177377638352	5.453271389007568	7	6
282	283	287	288	-35.17546256146286	5.65816068649292	8	7
281	282	288	289	-11.116871645554363	3.907038450241089	8	7
280	281	289	290	-12.61402246730575	4.886163234710693	8	7
279	280	290	291	2.6714143838479703	4.420620441436768	8	7
278	279	291	292	-13.468603563059617	5.636118412017822	8	7
277	278	292	293	-0.23566587315848678	4.099241733551025	8	7
276	277	293	294	-7.576333614648914	5.49407434463501	8	7
275	276	294	295	-18.571220005200303	4.059234619140625	8	7
274	275	295	296	-11.23487996333325	5.083802223205566	8	7
273	274	296	297	-26.774480534166628	4.641082286834717	8	7
271	272	297	298	24.35510368572453	5.538845539093018	8	7
271	272	298	299	-91.18249326576847	5.2529191970825195	8	7
269	270	301	302	-50.97898129445174	5.540613174438477	8	7
266	267	305	306	27.889245724611275	5.438859462738037	8	7
266	267	306	307	-39.111505109117324	4.555788040161133	8	7
305	306	315	316	0.1827330986195826	4.866132736206055	9	8
304	305	316	317	15.386479575578791	4.213003158569336	9	8
303	304	317	318	-1.1624387202377746	5.331883907318115	9	8
302	303	318	319	-56.55684928884719	4.467715740203857	9	8
302	303	319	320	20.972351454411488	4.687239170074463	9	8
301	302	320	321	7.903092608612912	4.402170181274414	9	8
298	299	321	322	83.0117119904178	5.084449291229248	9	8
298	299	322	323	55.011143613655825	4.336904525756836	9	8
296	297	323	324	4.94061717621643	4.227611064910889	9	8
295	296	324	325	-30.436144464900767	5.621701717376709	9	8
294	295	325	326	-21.382998408983358	4.439814567565918	9	8
293	294	326	327	-9.741281842429027	4.952272415161133	9	8
292	293	327	328	-12.502778173013807	4.553833961486816	9	8
290	291	328	329	50.23069261126729	5.205900192260742	9	8
290	291	329	330	-16.686798464192034	4.088866233825684	9	8
289	290	330	331	-27.24542766322664	5.160359859466553	9	8
288	289	331	332	-23.782456203654583	4.346508026123047	9	8
287	288	332	333	-8.911732780221087	5.352260589599609	9	8
334	335	339	340	-32.30047418025488	5.4931960105896	10	9
333	334	340	341	-3.1392248004937584	4.383826732635498	10	9
332	333	341	342	-25.76625608095265	5.030390739440918	10	9
331	332	342	343	1.5640165409210744	4.252491474151611	10	9
329	330	343	344	17.736763671552954	5.570414066314697	10	9
329	330	344	345	-15.99453725862485	3.9763031005859375	10	9
328	329	345	346	-11.520046465827368	5.523316383361816	10	9
327	328	346	347	3.176161716180081	4.265953063964844	10	9
326	327	347	348	-9.694367212558715	5.386712551116943	10	9
325	326	348	349	-6.215382063378421	4.147529125213623	10	9
347	348	366	367	-5.788208341091368	5.466950416564941	11	10
346	347	367	368	-25.65641667130288	4.510859966278076	11	10
345	346	368	369	1.4792363590275504	4.801140785217285	11	10
344	345	369	370	-10.925721712250823	4.8783063888549805	11	10
343	344	370	371	-6.712452745744917	5.065143585205078	11	10
342	343	371	372	-17.29632366060365	4.090526103973389	11	10
341	342	372	373	-21.07531093636751	4.998631954193115	11	10
340	341	373	374	-19.582428981426936	4.523306846618652	11	10
339	340	374	375	-9.049836295274174	5.0690531730651855	11	10
376	377	381	382	-34.391907156592644	5.457268714904785	12	11
375	376	382	383	-2.1603279008133587	4.184769153594971	12	11
374	375	383	384	-16.18341674279402	5.414175987243652	12	11
373	374	384	385	-18.00880624253136	4.356066703796387	12	11
372	373	385	386	6.388200272052343	5.403442859649658	12	11
371	372	386	387	-22.218970318088093	4.404069423675537	12	11
370	371	387	388	-8.228920089982418	5.703237533569336	12	11
369	370	388	389	-17.995706618235065	4.1297430992126465	12	11
368	369	389	390	-20.28430442947647	5.245581150054932	12	11
367	368	390	391	-29.554092305416773	4.788851737976074	12	11
396	397	404	405	-28.54888848975958	4.990367889404297	13	12
395	396	405	406	-33.61503850411319	4.404721260070801	13	12
394	395	406	407	-14.746503157862069	5.319400787353516	13	12
393	394	407	408	-9.309166752838388	4.382757186889648	13	12
390	391	409	410	11.41175719324134	4.195383548736572	13	12
389	390	410	411	-15.64592544133026	4.9101104736328125	13	12
388	389	411	412	-18.426308875511676	4.86671781539917	13	12
387	388	412	413	-2.3031478156616005	4.869852542877197	13	12
386	387	413	414	-11.60968359226074	4.601210594177246	13	12
385	386	414	415	-15.602805278945352	4.8965630531311035	13	12
384	385	415	416	-7.887592751280526	4.520087242126465	13	12
383	384	416	417	-17.942545859059198	4.866392612457275	13	12
382	383	417	418	-26.529300822331244	4.470320701599121	13	12
381	382	418	419	-6.89612791387162	5.116339683532715	13	12
380	381	419	420	-8.924368658156194	4.331329822540283	13	12
