label	fa_atr	fa_rep	fa_sol	fa_intra_atr_xover4	fa_intra_rep_xover4	fa_intra_sol_xover4	lk_ball	lk_ball_iso	lk_ball_bridge	lk_ball_bridge_uncpl	fa_elec	fa_intra_elec	pro_close	hbond_sr_bb	hbond_lr_bb	hbond_bb_sc	hbond_sc	dslf_fa13	omega	fa_dun	fa_dun_dev	fa_dun_rot	fa_dun_semi	p_aa_pp	yhh_planarity	hxl_tors	ref	rama_prepro	total	BSA	SASA
PRO_1	-3.24419	0.5893	2.32717	-0.1204	0.00199	0.08604	0.94587	1.56644	0	0	-0.92628	0.88758	2.75468	0	0	0	0	0	2.41942	2.78173	0.13248	2.64925	0	0	0	0	-4.6787	0	8.17239	97.9559	101.044
SER_2	-2.43612	0.21244	2.14288	-0.03452	0.01216	0.04711	1.24082	2.5111	0	0	1.05356	0.05355	0	0	0	0	0	0	0.01333	1.91786	1.32183	0.59603	0	0.05154	0	4.04	-0.539	0.20253	12.4071	101.205	60.7948
LEU_3	-1.39337	0.16483	1.38666	-0.54558	2.00562	0.16276	0.42884	1.73114	0	0	0.1738	0.08852	0	0	0	0	0	0	0.01719	0.5855	0.23776	0.34774	0	-0.00373	0	0	1.3223	-0.12097	6.58901	36.3776	173.622
ILE_4	-6.79466	1.96715	0.58854	-0.47847	1.28058	0.08396	1.38023	3.26552	0	0	0.25659	0.60657	0	0	0	0	0	0	-0.11933	1.91806	0.989	0.92906	0	0.09742	0	0	1.8006	-0.39609	7.37473	195.634	11.3665
LYS_5	-3.75622	1.70011	2.76326	-0.30795	0.07235	0.14204	1.53795	3.01256	0	0	0.16496	0.10689	0.76444	0	0	0	0	0	0.03604	2.57162	0.158	2.41361	0	-0.08253	0	0	-0.8895	2.71703	13.1247	105.382	146.618
PRO_6	-2.70569	2.65819	1.26642	-0.07817	6e-05	0.04765	0.85397	1.5995	0	0	0.05072	0.60506	0.78797	0	0	0	0	0	0.53233	1.84741	0.31651	1.5309	0	-1.49208	0	0	-4.6787	5.90975	9.0518	99.895	99.105
MET_7	-6.67414	0.87763	3.236	-0.36938	0.20853	0.05659	2.34242	4.35297	0	0	-1.06138	-0.39173	0	0	0	0	0	0	0.20946	7.81648	1.10304	6.71344	0	1.83474	0	0	1.4633	6.06836	27.7863	228.504	33.4957
LYS_8	-4.68324	3.81295	3.68736	-0.51529	1.41733	0.28439	1.82004	4.71845	0.07886	0.33098	-1.80027	0.05018	0	0	0	0	0	0	0.28808	3.91366	0.25428	3.65937	0	-0.07769	0	0	-0.8895	3.06179	19.4117	126.529	125.471
ILE_9	-8.65078	2.06246	4.00485	-0.47699	1.18479	0.10228	2.85398	7.61704	0.01525	0.07125	-2.3356	-0.09393	0	0	0	0	0	0	-0.02183	1.3668	0.78169	0.58511	0	-0.3211	0	0	1.8006	0.47491	11.0208	204.438	2.56172
LYS_10	-5.78259	0.63438	5.61654	-0.56336	0.99463	0.35179	4.07862	6.84349	0	0	-3.90204	0.29465	0	0	0	0	-0.00348	0	0.27403	6.86976	3.91495	2.95481	0	0.31124	0	0	-0.8895	0.23135	22.2293	159.196	92.8043
LEU_11	-7.42285	1.55377	3.39981	-0.62487	1.95291	0.20548	2.88266	6.18275	0	0	-2.06407	0.01064	0	0	0	0	0	0	-0.04216	2.00076	0.1186	1.88216	0	0.34826	0	0	1.3223	0.45748	12.1636	191.146	18.8539
LEU_12	-5.13154	1.7035	3.58473	-0.60316	1.00028	0.15026	2.7975	5.61903	0.00554	0.02215	-2.37976	0.28797	0	0	0	0	0	0	0.06608	1.0977	0.07521	1.0225	0	-0.2647	0	0	1.3223	1.03428	11.4099	139.279	70.721
MET_13	-8.73896	2.46129	3.79239	-0.41054	0.54597	0.15787	3.16253	5.9948	0	0	-2.89375	0.13361	0	0	0	0	0	0	0.22703	4.02403	2.32512	1.69891	0	0.41357	0	0	1.4633	0.43417	14.7913	258.411	3.58875
GLU_14	-4.73573	3.77985	4.37083	-0.21531	0.08273	0.29694	3.18289	5.38756	0.00554	0.02215	-3.15511	-0.59904	0	0	0	0	0	0	7.93446	5.57126	1.70301	0	3.86825	0.16702	0	0	-1.6358	-0.1061	25.9254	132.545	90.4554
ASN_15	-5.4085	1.52374	5.92536	-0.28477	0.12159	0.46275	3.1813	8.03871	0.03261	0.46924	-2.89235	-0.76783	0	0	0	0	0	0	0.10679	2.78278	0.05272	0	2.73006	-1.29658	0	0	-0.3009	2.39737	16.8741	120.501	63.4993
VAL_16	-6.34478	1.67786	2.68571	-0.2737	0.29505	0.06147	2.50454	6.0451	0	0	-1.35301	-0.33612	0	0	0	0	0	0	-0.13545	0.74311	0.48133	0.26178	0	-1.19189	0	0	2.7371	2.13869	9.99679	174.827	7.17281
ASN_17	-4.46959	0.47522	3.86727	-0.18272	0.19317	0.35303	2.52191	5.03638	0	0	-1.96382	-0.85148	0	0	0	-1.87425	0	0	-0.05453	11.5385	5.43879	0	6.0997	-1.67536	0	0	-0.3009	-0.4765	23.6748	106.035	77.9653
GLY_18	-1.70057	0.53647	1.88358	-6e-05	0	0	0.56298	2.62299	0	0	-0.53923	-0.38071	0	0	0	0	0	0	-0.3103	0	0	0	0	-2.46224	0	0	1.435	-0.92671	0.7212	86.5041	77.4959
HIS_19	-5.84751	2.05669	5.36505	-0.61716	0.048	0.47073	3.35612	6.81366	0	0	-3.28883	-0.72835	0	0	0	-1.14323	0	0	13.4583	3.1708	0.0497	0	3.12109	0.37799	0	0	0.8406	0.50834	28.012	166.653	74.3474
PHE_20	-7.01883	1.94846	0.86304	-0.98331	0.22083	0.62035	1.0617	3.91362	0	0	-0.89276	-0.0031	0	0	0	0	0	0	0.39507	1.87446	0.13891	0	1.73555	4.00799	0	0	1.9602	5.47508	15.3173	204.684	32.3159
VAL_21	-6.84271	1.60319	4.33814	-0.25987	0.27106	0.053	3.4249	6.75162	0	0	-3.01798	-0.29239	0	0	0	0	0	0	-0.11528	0.58082	0.14656	0.43425	0	-0.88311	0	0	2.7371	4.17041	13.0997	147.659	34.3411
ILE_22	-8.4108	2.09984	2.79373	-0.46033	0.83702	0.09074	2.81193	6.34598	0	0	-2.60959	0.06214	0	0	0	0	0	0	-0.15131	1.06313	0.49239	0.57074	0	-0.936	0	0	1.8006	-0.18206	6.21815	203.669	3.33141
GLU_23	-5.44737	3.6144	5.11901	-0.19619	0.03052	0.2618	3.23351	6.03285	0	0	-3.2949	-0.45462	0	0	0	0	0	0	-0.02521	4.85445	0.17735	0	4.67709	0.30557	0	0	-1.6358	-0.2727	16.9798	157.557	65.4429
GLY_24	-4.15767	0.85371	3.23989	-0.00075	0	0	2.59333	4.78099	0.05654	0.48791	-2.15516	-0.32694	0	0	0	0	0	0	-0.17397	0	0	0	0	1.74677	0	0	1.435	2.18853	10.5682	160.959	3.04075
ASP_25	-4.18722	0.31922	5.89121	-0.19222	0.01456	0.58739	3.70053	6.5355	0.09497	0.91534	-3.4469	-0.6223	0	0	0	0	-0.00348	0	-0.11083	4.58174	0.08863	0	4.49311	-0.27798	0	0	-1.6204	2.49708	19.2579	115.705	69.2954
GLY_26	-4.08899	0.47932	3.72382	-0.00088	0	0	2.33932	5.09987	0	0	-2.27336	-0.28112	0	0	0	0	0	0	-0.19461	0	0	0	0	-1.3104	0	0	1.435	1.18726	6.11523	157.885	6.11481
LYS_27	-5.57673	0.89811	5.97959	-1.16409	8.82726	1.08442	3.62639	7.27408	0.05493	0.4641	-1.70652	-0.07622	0	0	0	0	0	0	0.15184	6.30532	0.15829	6.14703	0	0.5623	0	0	-0.8895	2.18434	34.3049	175.488	76.5123
GLY_28	-4.47059	2.16419	3.5571	-0.00151	0	0	2.01526	5.15119	0	0	-1.13889	-0.35796	0	0	0	0	0	0	-0.24038	0	0	0	0	-1.32342	0	0	1.435	1.57864	8.36863	164	0
HIS_29	-6.45082	4.46148	7.56906	-0.45357	0.28957	0.50036	4.71103	9.01197	0	0	-1.81484	-0.35723	0.55505	0	0	0	0	0	0.14145	4.39293	0.02047	0	4.37245	-0.69732	0	0	0.8406	3.11892	30.2116	176.103	64.897
PRO_30	-8.14444	2.41164	4.48468	-0.06794	0.00052	0.04224	2.54957	5.51519	0	0	-1.08538	0.62838	0.58286	0	0	0	0	0	-0.11498	0.93068	0.79001	0.14067	0	0.72431	0	0	-4.6787	3.87536	8.58466	199	0
PHE_31	-5.64819	1.17642	2.88431	-0.67874	0.09152	0.4065	0.92837	4.23892	0	0	-0.44739	0.07608	0	0	0	0	0	0	0.40263	3.56605	0.72255	0	2.8435	0.15247	0	0	1.9602	1.19897	13.8742	149.572	87.4283
GLU_32	-5.20668	2.48069	5.32501	-0.22331	0.03344	0.31384	1.89327	5.802	2e-05	0.00032	0.23204	-0.51024	0	0	0	0	0	0	-0.06739	7.71144	3.38201	0	4.32944	-0.11894	0	0	-1.6358	-0.19016	23.551	152.789	70.2108
GLY_33	-5.27632	1.67048	4.75491	-5e-05	0	0	3.08018	7.00006	0	0	-1.66468	-0.39855	0	0	0	0	0	0	-0.37898	0	0	0	0	-1.56125	0	0	1.435	-0.81334	7.84746	164	0
LYS_34	-6.90172	0.91529	6.3978	-0.31507	0.0945	0.16699	2.73071	7.14071	0	0	-2.70746	-0.24258	0	0	0	0	0	0	-0.02162	3.23866	0.26227	2.97639	0	0.14293	0	0	-0.8895	-0.72773	12.2606	189.9	62.1
GLN_35	-6.68361	0.85675	5.18051	-0.43681	0.24618	0.33228	3.81195	6.77031	0.04753	0.39792	-2.97962	-0.74802	0	0	0	0	-0.1772	0	0.00932	4.28822	0.19969	0	4.08853	0.10825	0	0	-0.1077	0.32956	15.534	190.969	26.0313
SER_36	-4.01707	1.22306	4.18566	-0.04856	0.01663	0.07179	2.70852	5.07436	0.05493	0.4641	-2.61113	-0.67426	0	0	0	0	0	0	0.38099	0.28099	0.01393	0.26706	0	-0.66329	0	4.04	-0.539	0.22131	10.45	148.74	13.2602
MET_37	-8.53209	1.71108	5.05982	-0.35967	0.29461	0.08439	2.87977	6.97486	0.01081	0.03791	-2.27472	0.07905	0	0	0	0	0	0	-0.02664	2.22855	0.33055	1.898	0	-0.23631	0	0	1.4633	0.15422	11.7775	244.307	17.6927
ASP_38	-4.59389	0.91151	6.36956	-0.11586	0.02832	0.34631	4.27619	7.17026	0.06087	0.53012	-4.57501	-0.39653	0	0	0	0	0	0	-0.13218	3.96472	0.00168	0	3.96304	0.10721	0	0	-1.6204	0.4343	16.7302	133.991	51.0088
LEU_39	-7.55673	1.93671	3.42826	-0.458	0.36628	0.0921	3.2178	6.16032	0.00733	0.02103	-2.77243	0.01019	0	0	0	0	0	0	-0.09649	3.66378	2.49821	1.16557	0	-0.35457	0	0	1.3223	-0.21767	12.434	189.146	20.8539
VAL_40	-5.28005	0.97206	4.16502	-0.27202	0.35928	0.05746	2.97408	6.19937	0.0037	0.01456	-3.01496	-0.29832	0	0	0	0	0	0	-0.10593	0.45414	0.10602	0.34812	0	-1.19343	0	0	2.7371	-0.49594	7.73025	132.027	49.9735
VAL_41	-6.65186	1.70542	1.4005	-0.2841	0.27586	0.06253	1.59536	4.95331	0	0	-0.81495	-0.0057	0	0	0	0	0	0	-0.14162	0.10071	0.07555	0.02516	0	-0.46154	0	0	2.7371	-0.23459	4.33714	168.204	13.7958
LYS_42	-4.95449	2.82859	4.72744	-0.86606	2.01341	0.58479	1.43714	4.73586	0	0	-1.17686	0.2261	0	0	0	0	0	0	0.17333	2.51902	0.06804	2.45098	0	-0.28894	0	0	-0.8895	-0.11275	13.4761	138.816	113.184
GLU_43	-4.475	0.95153	4.17259	-0.19502	0.02987	0.26908	2.3944	5.39865	0	0	-1.01345	-0.61841	0	0	0	0	0	0	-0.0409	5.75175	0.52317	0	5.22857	-0.2517	0	0	-1.6358	0.12415	16.6135	107.508	115.492
GLY_44	-2.27474	0.14402	1.72733	-5e-05	0	0	1.00299	2.71247	0	0	-0.7213	-0.37779	0	0	0	-1.14323	0	0	-0.37543	0	0	0	0	-2.44978	0	0	1.435	-0.55376	-0.87428	131.321	32.6787
ALA_45	-1.86103	2.12868	0.56439	-0.02412	0	0	0.48349	1.80538	0	0	0.40495	-0.22511	0	0	0	0	0	0	147.12	0	0	0	0	0.74556	0	0	2.2619	-0.52762	152.876	74.7163	78.2837
LEU_46	-3.9545	1.18056	-0.27136	-0.47802	0.53849	0.09648	0.62724	1.77451	0.0783	0.43053	0.05666	0.1147	1.02888	0	0	0	0	0	-0.04797	1.1785	0.05268	1.12583	0	-0.42884	0	0	1.3223	2.83959	7.26455	173.116	36.8844
PRO_47	-3.03374	1.25918	1.88033	-0.14551	0.06227	0.08814	0.68411	2.03862	0	0	0.73252	0.55694	1.02893	0	0	0	0	0	7.32823	1.40211	1.34299	0.05912	0	-0.45252	0	0	-4.6787	4.65034	14.8034	132.885	66.1147
ALA_48	-4.34278	0.96437	2.27176	-0.02797	0.00327	0	2.8179	4.78662	0.01411	0.07498	-0.68948	-0.35062	0	0	0	0	0	0	-0.10166	0	0	0	0	0.81436	0	0	2.2619	2.40456	10.9013	127.109	25.8913
TYR_49	-6.53613	1.2125	1.24988	-0.79823	0.12425	0.38024	2.26269	4.39382	0	0	-0.82029	-0.3595	0	0	0	0	0	0	-0.18196	5.25022	1.38217	0	3.86806	0.5449	0	0	1.7379	0.46816	14.1787	206.136	41.8638
ASP_50	-6.14643	1.40025	6.61202	-0.11373	0.02195	0.35212	3.47644	8.41117	0.04867	0.34697	-1.33249	-0.49698	0	0	0	0	0	0	-0.28569	3.9453	0.01519	0	3.93011	-0.02025	0	0	-1.6204	0.97426	19.5185	178.595	6.40478
ILE_51	-7.09309	1.2874	1.19178	-0.53569	1.17381	0.12238	1.87552	4.72116	0	5e-05	-0.92413	0.50961	0	0	0	0	0	0	-0.09172	1.88808	0.96444	0.92363	0	0.5816	0	0	1.8006	0.97126	9.36669	203.926	3.07406
LEU_52	-7.65965	1.49876	1.67379	-0.52109	0.26699	0.13544	2.73863	5.44699	0.01411	0.07498	-2.45534	0.21381	0	0	0	0	0	0	0.86827	2.41624	2.13363	0.28261	0	-0.39717	0	0	1.3223	-0.08128	7.97203	202.378	7.62177
THR_53	-5.70112	1.35755	2.78091	-0.12985	0.08696	0.0516	2.3186	5.51449	0.00704	0.05817	0.22419	-0.50164	0	0	0	0	0	0	0.02186	1.28597	0.00144	1.28453	0	0.44972	0	5.03691	-0.9333	0.16169	13.3757	163.116	10.8842
THR_54	-3.96928	0.55902	2.36654	-0.13082	0.10456	0.07166	1.19295	4.14534	0.04867	0.34702	-0.58921	-0.2368	0	0	0	-0.34074	0	0	0.25976	0.65698	0.5636	0.09338	0	-0.00346	0	5.01599	-0.9333	0.46892	9.69078	146.431	27.569
ALA_55	-3.74455	1.44345	0.86405	-0.02408	6e-05	0	1.67783	3.55594	0	0	-0.93431	-0.40538	0	0	0	0	0	0	74.3365	0	0	0	0	0.14025	0	0	2.2619	1.20089	80.3726	137.692	15.3079
ASN_56	-5.68367	1.28499	4.36211	-0.32514	0.26967	0.60616	3.17207	6.33509	0.06215	0.24209	-1.22613	-0.86894	0	0	0	-0.66554	0	0	0.02963	2.41652	0.07548	0	2.34104	-1.58226	0	0	-0.3009	3.92606	14.4705	156.288	27.7125
ARG_57	-7.95465	3.55109	5.52929	-2.0328	2.71827	2.15136	2.45629	7.45356	0.17569	1.05709	-0.48539	0.08103	0	0	0	0	-0.59787	0	0.19524	9.77856	1.7913	7.98726	0	0.00559	0	0	-0.1423	4.2906	38.0092	250.341	14.6594
VAL_58	-7.93579	1.90379	2.70471	-0.32154	0.98879	0.07609	2.54396	6.32996	0	0	-1.5714	-0.3145	0	0	0	-0.66554	0	0	-0.13281	5.22603	4.1149	1.11113	0	0.20075	0	0	2.7371	1.5565	18.5521	178.414	3.5864
PHE_59	-10.7339	2.82063	2.98977	-0.6462	0.08058	0.35904	1.81855	7.24427	0.04753	0.39792	-0.45109	0.02931	0	0	0	0	0	0	0.39471	2.8355	0.03037	0	2.80513	-0.04099	0	0	1.9602	0.78943	12.7307	237	0
ALA_60	-5.21398	1.03103	3.25005	-0.024	0.0008	0	2.43525	6.55827	0.06263	0.49936	-1.64141	-0.48181	0	0	0	0	0	0	-0.03757	0	0	0	0	-0.22063	0	0	2.2619	1.3829	9.86279	153	0
LYS_61	-5.02903	0.42675	3.70175	-0.41549	0.10068	0.23939	1.91149	5.02135	0	0	-1.45406	-0.04025	0	0	0	0	0	0	0.18943	2.41579	0.17717	2.23862	0	0.60809	0	0	-0.8895	1.51083	10.713	141.12	110.88
TYR_62	-4.88087	0.6697	2.03656	-0.52302	0.01851	0.16211	1.20897	3.69944	0.10245	0.30004	0.13799	-0.2306	0.06449	0	0	0	0	0	-0.09953	7.67618	4.67361	0	3.00257	-0.0597	0	0	1.7379	3.60655	23.3034	205.198	42.8017
PRO_63	-4.5804	1.35912	3.62004	-0.2067	0.04172	0.15567	1.55616	3.86699	0	0	-0.54411	0.03112	0.06521	0	0	0	0	0	0.64872	0.8913	0.4538	0.4375	0	-1.31857	0	0	-4.6787	2.39491	4.19378	163.391	35.609
ASP_64	-1.3682	0.19776	1.86426	-0.11704	0.01686	0.39068	0.71558	2.29291	0	0	0.30997	-0.31157	0	0	0	0	0	0	-0.2152	4.17158	1.2114	0	2.96019	-0.02934	0	0	-1.6204	-0.2113	10.2581	44.4557	140.544
HIS_65	-3.9814	0.93942	3.52076	-0.7528	0.02413	0.86571	0.95189	4.1469	0	0	-0.37784	-1.68918	0	0	0	0	-0.47168	0	0.02369	2.5616	0.04562	0	2.51598	-0.13325	0	0	0.8406	-0.02736	9.00279	114.74	126.26
ILE_66	-6.28039	1.7876	3.21221	-0.48539	1.10738	0.10876	1.54586	4.99724	0	0	-0.53928	-0.02093	0.13838	0	0	0	0	0	0.00428	0.65647	0.26454	0.39193	0	-1.13475	0	0	1.8006	2.06926	9.62378	179.173	27.8272
PRO_67	-3.80408	1.15386	1.72257	-0.12563	0.00476	0.08966	0.81537	2.01968	0	0	-0.50227	0.25415	0.15652	0	0	0	0	0	3.95792	2.24266	1.21231	1.03035	0	-0.57301	0	0	-4.6787	6.92834	11.9045	123.027	75.9732
TYR_68	-7.67987	1.19444	1.8473	-0.82771	0.05093	0.36051	1.70783	4.66964	0.00127	0.00857	-0.25433	-0.1835	0	0	0	-0.81515	0	0	0.13028	4.15075	0.18521	0	3.96553	-0.67409	0	0	1.7379	7.01738	16.5929	218.096	29.9037
PHE_69	-8.06954	3.16338	0.8425	-0.7344	0.16885	0.48914	1.11724	3.97018	0	0	0.94677	0.12025	0	0	0	0	0	0	0.0779	6.13216	2.62021	0	3.51194	-0.2865	0	0	1.9602	2.75222	18.7825	212.053	24.9467
LYS_70	-7.0497	1.96114	6.52216	-0.36658	0.08784	0.24857	2.98729	7.5837	0.13556	0.54628	-1.91621	0.23829	0	0	0	0	0	0	0.20556	4.04886	0.70636	3.3425	0	-0.07214	0	0	-0.8895	0.03878	18.3588	227.28	24.7199
GLN_71	-5.89876	1.222	4.11675	-0.30546	0.03095	0.24615	2.01073	5.10377	0.02827	0.29365	-0.78694	-0.42032	0	0	0	0	0	0	21.4236	4.80751	0.43546	0	4.37205	0.13703	0	0	-0.1077	0.78319	37.4919	187.672	29.328
PHE_72	-6.88038	3.18432	0.96058	-0.62637	0.13126	0.32665	0.64023	3.91607	0.00026	0.00504	0.51931	-0.09295	1.05426	0	0	0	0	0	0.00589	2.52657	0.00985	0	2.51672	0.2719	0	0	1.9602	7.18281	17.6122	215.622	21.3779
PRO_73	-2.02702	1.22797	0.79746	-0.10114	0.0125	0.06232	0.49595	1.1303	0.00408	0.02244	0.72055	0.72177	1.05446	0	0	0	0	0	62.1273	1.65609	1.38338	0.27271	0	-1.80019	0	0	-4.6787	7.90697	70.9892	72.406	126.594
GLY_74	-1.78449	0.36849	1.1335	-0.00122	0	0	0.71302	1.96729	0.00257	0.02122	-1.18741	-0.32579	0	0	0	0	0	0	1.08845	0	0	0	0	-2.25456	0	0	1.435	3.05535	4.23143	121.096	42.9038
SER_75	-3.40927	0.3021	3.78571	-0.04289	0.01625	0.06368	3.22339	4.64232	0.00057	0.00536	-2.24932	-0.52944	0	0	0	0	0	0	-0.01462	0.24583	0.16489	0.08094	0	-0.86813	0	4.04	-0.539	0.76302	9.6814	113.315	48.6854
TRP_76	-11.2543	3.1014	4.6509	-1.39214	0.81693	0.72688	3.63943	9.08126	0	0	-2.08952	-0.2781	0	0	0	0	0	0	0.11981	3.01131	0.04822	0	2.96309	-0.44242	0	0	3.7077	-0.27887	16.1316	265.362	4.63772
GLU_77	-5.0956	1.30417	5.52237	-0.21465	0.09345	0.34293	3.60648	6.79753	0.00915	0.04481	-3.71515	-0.59555	0	0	0	0	0	0	0.23992	4.46073	0.31815	0	4.14258	-0.00551	0	0	-1.6358	-0.00821	15.6118	139.985	83.0146
ARG_78	-10.6447	2.55641	8.2569	-0.77925	0.39151	0.50952	4.91516	10.4624	0.01896	0.16078	-3.50931	0.56276	0	0	0	-0.34074	0	0	0.27957	4.19481	0.88194	3.31288	0	-0.37361	0	0	-0.1423	-0.11341	20.6003	254.902	10.0981
SER_79	-4.11719	0.65462	3.98982	-0.05246	0.00686	0.07487	2.9938	5.15886	0.02189	0.09504	-2.09793	-0.57515	0	0	0	0	0	0	-0.06435	1.81173	0.15254	1.65919	0	0.66906	0	4.04	-0.539	0.07747	13.9597	123.278	38.7217
LEU_80	-8.90635	3.15969	2.72721	-0.5142	1.42773	0.15597	2.91599	6.00139	0.00402	0.01089	-2.21044	-0.11452	0	0	0	0	0	0	-0.10021	2.718	0.22615	2.49185	0	-0.18191	0	0	1.3223	0.54762	11.6812	209.488	0.512343
MET_81	-4.55134	0.28473	3.91119	-0.24664	0.11037	0.12818	2.66091	5.09841	0	0	-2.65331	-0.52325	0	0	0	0	0	0	-0.07294	3.51053	0.49152	3.01901	0	0.1963	0	0	1.4633	1.30305	14.13	140.273	121.727
PHE_82	-10.4114	1.97178	2.67556	-0.59012	0.15294	0.29669	2.90217	6.60089	0.00402	0.01089	-2.46637	0.3162	0	0	0	0	0	0	0.89912	3.11569	0.18879	0	2.9269	-0.37745	0	0	1.9602	0.45262	10.6291	229.702	7.2978
GLU_83	-4.46647	0.31144	6.22127	-0.3665	0.13567	0.54473	3.88399	6.54954	0	0	-4.30502	-0.30599	0	0	0	-1.13988	-1.41845	0	-0.0257	6.42792	0.90687	0	5.52105	-0.37091	0	0	-1.6358	-0.54602	15.9217	142.441	80.5591
ASP_84	-3.97726	0.78528	5.50417	-0.24776	0.07016	0.86499	2.2536	5.72689	0.04114	0.28552	-3.15079	-2.1667	0	0	0	0	-0.6093	0	-0.03338	3.13402	0.00346	0	3.13056	-0.69648	0	0	-1.6204	-0.76605	8.53167	124.775	60.2248
GLY_85	-2.26714	0.3538	2.86701	-7e-05	0	0	1.51085	3.76552	0.0358	0.37868	-1.20287	-0.35337	0	0	0	0	0	0	-0.35779	0	0	0	0	-2.50991	0	0	1.435	-1.02934	2.62615	114.129	49.8711
GLY_86	-4.32298	0.85953	3.54527	-0.00024	0	0	2.01971	5.49392	0.01928	0.24822	-2.18965	-0.25666	0	0	0	0	0	0	-0.22328	0	0	0	0	1.42255	0	0	1.435	-0.04679	8.00388	164	0
VAL_87	-3.68138	0.8339	2.18698	-0.26782	0.33985	0.05757	1.28381	3.92265	0	0	-0.5676	-0.27266	0	0	0	0	0	0	-0.02722	0.76049	0.38695	0.37354	0	-0.96582	0	0	2.7371	0.32553	7.42587	101.61	80.3901
CYS_88	-7.24482	3.95108	3.12524	-0.03668	0	0.01533	2.98508	5.2045	0	0	-2.94977	-0.23506	0	0	0	0	0	0	0.06011	0.39577	0.02262	0.37315	0	0.12676	0	0	4.3148	-0.22723	9.88088	153.951	2.04937
ILE_89	-4.23216	0.75249	3.47359	-0.47113	1.11805	0.09664	3.00797	5.17151	0	0	-2.40377	0.08283	0	0	0	0	0	0	-0.09846	2.46951	1.99509	0.47442	0	-1.03127	0	0	1.8006	-0.44013	11.7658	97.5783	109.422
ALA_90	-5.19555	1.2492	2.07611	-0.0237	4e-05	0	2.86295	5.32781	0	0	-2.28331	-0.39963	0	0	0	0	0	0	-0.01686	0	0	0	0	0.30419	0	0	2.2619	-0.07124	6.09191	152.488	0.512343
THR_91	-5.18295	1.37436	3.79047	-0.1278	0.07328	0.09142	3.41333	5.9922	0.00383	0.01453	-2.12047	-0.98712	0	0	0	0	0	0	0.04855	0.48367	0.05967	0.42399	0	-0.28632	0	5.02039	-0.9333	-0.12792	11.0238	123.791	50.2093
ASN_92	-8.54014	7.09649	6.74589	-0.22361	0.07649	0.38706	4.03876	9.55982	0.04411	0.44624	-2.44577	-0.88893	0	0	0	0	0	0	0.09831	3.8082	0.00024	0	3.80796	-0.03522	0	0	-0.3009	0.21344	23.8885	180.344	3.65608
ASP_93	-4.08266	0.33848	4.83936	-0.1687	0.0277	0.52898	2.65619	5.82379	0.07384	0.55954	-1.23941	-0.93952	0	0	0	0	0	0	-0.15279	4.39187	0.00076	0	4.39111	-0.09047	0	0	-1.6204	0.48068	15.8183	106.896	78.104
ILE_94	-6.63184	2.27685	2.63002	-0.4768	0.78	0.10371	1.10818	5.42534	0.002	0.00602	-0.49185	0.08805	0	0	0	0	0	0	-0.00335	0.91327	0.28323	0.63005	0	-1.23296	0	0	1.8006	-0.66847	6.54205	189.803	17.1971
THR_95	-3.992	0.67009	3.74412	-0.11093	0.07365	0.06678	2.80513	5.19678	0.02906	0.09163	-2.09209	-0.45229	0	0	0	0	0	0	0.214	1.23076	1.0709	0.15986	0	-1.10173	0	5.04609	-0.9333	-0.96869	10.7478	93.5807	80.4193
LEU_96	-4.91604	1.0385	0.6165	-0.59215	0.4232	0.14609	0.5426	2.89878	0.00408	0.02244	-0.06679	0.29216	0	0	0	0	0	0	-0.01321	1.44668	0.2405	1.20618	0	-0.13235	0	0	1.3223	-0.22898	4.2505	155.585	54.4153
LYS_97	-2.16168	4.65936	1.69198	-0.38969	0.08474	0.20945	1.06987	2.19146	0	0	-0.6842	-0.09814	0	0	0	0	0	0	12.4635	3.72391	0.0251	3.69881	0	-0.19579	0	0	-0.8895	1.99965	27.3988	52.7935	199.207
THR_98	-6.16517	3.37243	3.17527	-0.17889	0.31227	0.06581	1.78526	5.71305	0.07886	0.33098	-1.43507	0.06248	0	0	0	0	0	0	0.27732	0.90078	0.00225	0.89853	0	-0.06169	0	5.0342	-0.9333	6.68593	19.9213	152.901	21.0987
PHE_99	-10.0063	1.49946	1.71102	-0.57107	0.07579	0.26739	3.43999	6.33871	0	0	-2.65306	0.13788	0	0	0	0	0	0	-0.03884	3.18841	0.00287	0	3.18553	-0.28896	0	0	1.9602	4.42601	12.675	237	0
PHE_100	-7.24355	5.68993	4.74574	-0.56317	0.07899	0.24907	3.40718	7.11659	0	0	-2.53426	0.02949	0	0	0	0	0	0	0.38697	3.1926	0.52076	0	2.67184	-0.39258	0	0	1.9602	-0.76148	18.5543	135.37	101.63
ASN_101	-7.58653	6.34194	5.79493	-0.18451	0.01463	0.31187	3.90856	8.10608	0.01849	0.1085	-2.22158	-0.38837	0	0	0	0	0	0	0.05178	5.97874	0.68364	0	5.2951	0.08831	0	0	-0.3009	-0.29511	25.7256	178.897	5.10276
LYS_102	-3.48585	0.53781	3.8701	-0.58683	1.7056	0.33803	2.65457	4.88858	0.00266	0.0277	-2.17264	-0.02603	0	0	0	0	0	0	-0.09618	4.05096	0.27482	3.77613	0	0.57731	0	0	-0.8895	0.48317	15.9304	99.6483	152.352
VAL_103	-7.8796	2.66029	3.06313	-0.26374	0.37823	0.0509	2.94176	6.7114	0	0	-2.40412	-0.03261	0	0	0	0	0	0	-0.08702	0.87193	0.12916	0.74277	0	-0.95872	0	0	2.7371	0.15785	8.81871	174.182	7.81849
ARG_104	-6.71069	4.79412	8.36125	-0.76011	1.57502	0.29592	5.41049	9.59713	0.02362	0.22978	-5.17541	0.65814	0	0	0	0	-1.388	0	0.0001	4.74399	0.91093	3.83305	0	-0.14619	0	0	-0.1423	-0.51228	25.5986	148.336	116.664
PHE_105	-9.30467	1.13937	2.64695	-0.70184	0.36532	0.10598	2.18051	6.51891	0	0	-1.31198	-0.50371	0	0	0	0	0	0	0.04233	4.22655	0.5738	0	3.65275	-0.43558	0	0	1.9602	0.37886	11.5337	237	0
ASP_106	-5.04259	1.58712	7.01261	-0.10868	2e-05	0.31693	4.62438	8.0808	0	0	-5.40331	-0.16757	0	0	0	0	-1.388	0	-0.04163	4.23664	0.0437	0	4.19294	1.38342	0	0	-1.6204	1.1186	18.825	128.824	56.1758
GLY_107	-3.695	0.79568	2.69675	-0.00098	0	0	2.29553	4.39042	0.01282	0.25398	-3.04722	-0.35758	0	0	0	0	0	0	5.68654	0	0	0	0	0.90264	0	0	1.435	1.78724	13.1558	134.889	29.1109
ASN_108	-2.29884	0.068	1.95528	-0.25408	0.64312	0.36291	0.48398	2.62872	0.07692	0.66375	-0.28523	-0.38654	0	0	0	0	0	0	0.17474	6.56702	0.00447	0	6.56254	-1.41904	0	0	-0.3009	3.96385	19.2107	42.791	141.209
PHE_109	-8.35575	2.36657	0.93141	-0.54032	0.07406	0.20836	1.57664	4.01431	0	0	-1.51565	0.1284	0.08171	0	0	-1.87425	0	0	-0.09258	3.73135	0.47945	0	3.2519	-0.12802	0	0	1.9602	5.16024	11.458	231.973	5.02674
PRO_110	-4.25886	1.34076	3.86675	-0.13589	0.00744	0.09555	1.49455	3.97859	0.09231	0.55065	-1.24869	0.19694	1.12754	0	0	0	0	0	-0.18337	0.8818	0.58052	0.30127	0	-1.09872	0	0	-4.6787	5.0518	7.96224	149.81	49.1897
PRO_111	-3.15486	0.48646	2.40452	-0.08497	0.00033	0.05236	1.42788	2.78885	0	0	-0.22847	0.71232	1.048	0	0	-0.82284	0	0	-0.32202	1.24358	0.37945	0.86413	0	-0.23026	0	0	-4.6787	2.56465	4.45044	87.5012	111.499
ASN_112	-2.81815	0.45568	2.17014	-0.19822	0.03263	0.31089	0.4994	2.76132	0	0	0.23606	-0.52266	0	0	0	0	0	0	-0.10347	2.79461	0.13402	0	2.66059	-0.84071	0	0	-0.3009	-0.73339	6.53784	57.1583	126.842
GLY_113	-3.29031	0.47616	4.24916	-0.00028	0	0	2.22352	5.14871	0.0181	0.11669	-1.9883	-0.17944	0.73468	0	0	0	0	0	-0.10845	0	0	0	0	-0.13991	0	0	1.435	2.10184	10.7972	152.053	11.9466
PRO_114	-5.52383	0.66948	2.92297	-0.08853	0.00135	0.05471	1.82478	4.10906	0	0	-1.40829	0.72773	0.75683	0	0	0	0	0	-0.09559	1.59188	0.94738	0.6445	0	0.31724	0	0	-4.6787	2.78986	5.56282	170.047	28.9533
VAL_115	-6.75302	1.42814	1.42753	-0.29984	0.34974	0.06423	2.34435	5.05934	0	0	-0.08536	-0.06098	0	0	0	0	0	0	0.00986	0.31817	0.26936	0.04881	0	-0.7034	0	0	2.7371	0.51724	6.67127	181.041	0.959148
MET_116	-6.43986	0.39518	4.26455	-0.71266	0.30463	0.21061	1.43517	5.19457	0.07421	0.43396	0.03871	0.05014	0	0	0	0	0	0	0.03392	2.51717	1.36855	1.14862	0	-0.13577	0	0	1.4633	0.40326	12.0483	229.795	32.2049
GLN_117	-5.74535	0.90174	5.75596	-0.66324	0.20478	0.70504	2.52579	6.72695	0	0	-1.65998	-0.57636	0	0	0	-0.82284	0	0	0.05208	3.34219	0.47385	0	2.86834	-0.21087	0	0	-0.1077	-0.64746	13.1229	138.778	78.2222
LYS_118	-4.27197	0.46262	4.36605	-0.56503	1.59416	0.39532	1.75048	5.33388	0	0	-0.42861	-0.34813	0	0	0	0	0	0	-0.09853	5.19037	1.39992	3.79045	0	-0.35516	0	0	-0.8895	0.31304	17.6394	136.76	115.24
LYS_119	-4.53156	0.42735	3.93476	-0.59239	1.12244	0.41486	1.54359	4.69827	0	0	-1.87473	-0.08163	0	0	0	0	0	0	-0.12808	2.60807	0.15144	2.45663	0	0.09842	0	0	-0.8895	0.65927	10.0172	121.033	130.967
THR_120	-5.23803	1.10355	2.28155	-0.13717	0.14786	0.08965	1.48845	4.36205	0	0	0.4156	-1.04359	0	0	0	0	0	0	0.09007	1.2483	0.60054	0.64777	0	0.12284	0	5.03844	-0.9333	-0.10257	10.182	159.764	14.2357
LEU_121	-4.04165	0.67732	2.91679	-0.49973	1.21256	0.12315	1.23065	3.89358	0.08179	0.46281	-0.67334	0.19307	0	0	0	0	0	0	0.16174	0.79898	0.08964	0.70935	0	-0.32282	0	0	1.3223	0.88174	9.21794	95.117	114.883
LYS_122	-4.62591	0.82483	4.45887	-0.48561	0.45733	0.31061	2.24619	5.25554	0.08524	0.49095	-1.40226	-0.22409	0	0	0	0	0	0	0.36475	3.07887	1.23117	1.8477	0	0.79533	0	0	-0.8895	2.91549	16.7355	150.294	101.706
TRP_123	-9.96926	2.5751	1.41658	-0.8224	0.0447	0.25238	1.41116	5.52965	0.04673	0.26462	-1.3347	-0.18126	0	0	0	0	0	0	12.7475	3.14439	0.28803	0	2.85635	1.15987	0	0	3.7077	4.44193	27.5791	256.308	13.6924
ALA_124	-2.58622	0.70845	0.37044	-0.02063	0	0	0.64493	2.00611	0.07519	0.42335	-0.61872	-0.18618	0	0	0	0	0	0	0.33576	0	0	0	0	0.241	0	0	2.2619	2.61835	6.27375	113.626	39.3737
SER_125	-4.82857	0.75552	4.77161	-0.04325	0.0341	0.06585	3.49666	5.92502	0.01138	0.06321	-0.66272	-0.49948	0	0	0	0	0	0	0.1561	0.16604	0.09182	0.07421	0	-0.92013	0	4.04	-0.539	0.02337	12.1817	159.663	2.33679
THR_126	-6.51912	3.87181	5.05816	-0.18234	0.20415	0.06951	3.1804	6.79886	0.04662	0.3503	-0.02084	-0.55824	0	0	0	0	0	0	0.00897	1.05602	0.66538	0.39064	0	0.45886	0	5.05732	-0.9333	0.88467	19.8878	173.106	0.893609
GLU_127	-9.54229	3.17488	9.29006	-0.28874	0.08214	0.33876	5.21531	10.5954	0.03763	0.18835	-6.22839	-0.24456	0	0	0	0	-1.81261	0	-0.08795	4.55631	0.34828	0	4.20803	0.08846	0	0	-1.6358	0.77328	19.0565	223	0
LYS_128	-8.76362	4.80632	9.2724	-0.62395	1.66305	0.4573	5.85029	10.1958	0.17471	0.6689	-1.39029	0.11771	0	0	0	0	0	0	-0.17619	6.46998	0.16009	6.30989	0	0.56241	0	0	-0.8895	-0.24668	34.6186	234.452	17.5483
MET_129	-7.22076	1.07767	2.38061	-0.28687	0.14948	0.11601	0.70244	4.01023	0	0	-0.36126	-0.39343	0	0	0	0	0	0	-0.09508	6.35011	2.53478	3.81533	0	0.33062	0	0	1.4633	-0.19515	14.378	241.094	20.9064
TYR_130	-9.24396	8.68315	6.61869	-1.00943	0.40003	0.55756	4.04104	8.88146	0.0253	0.13701	-3.71657	-0.41927	0	0	0	0	-0.93945	0	0.13432	2.78531	0.05279	0	2.73252	-0.60041	0	0	1.7379	0.38214	21.2401	234.293	13.7069
LEU_131	-5.5414	2.31458	1.59432	-0.48566	0.70871	0.09619	0.43794	4.21713	0.08885	0.78011	-0.39911	0.19859	0	0	0	0	0	0	-0.03606	1.10737	0.03422	1.07316	0	-0.6004	0	0	1.3223	0.35905	7.26989	160.811	49.1889
ARG_132	-7.67623	9.39835	9.04346	-0.82205	0.4764	0.46316	4.75954	9.70682	0.06274	0.38873	-3.25057	0.07267	0	0	0	0	-1.82258	0	-0.13496	5.78308	1.80923	3.97385	0	0.13924	0	0	-0.1423	-0.00382	32.2248	195.094	69.9061
ASP_133	-1.32262	0.30594	1.69672	-0.28018	0.12031	0.94517	0.49511	2.10005	0	0	0.48546	-0.28324	0	0	0	0	0	0	-0.17248	2.95567	0.03878	0	2.9169	-0.96928	0	0	-1.6204	0.34049	7.75238	21.7275	163.272
GLY_134	-1.95799	0.40537	1.56121	-5e-05	0	0	0.05262	2.57484	0.01448	0.0511	0.12385	-0.37422	0	0	0	0	0	0	-0.39114	0	0	0	0	-2.27826	0	0	1.435	-0.56629	0.65052	106.507	57.4933
VAL_135	-5.56308	0.57858	4.43958	-0.27341	0.29901	0.05668	3.23839	6.80677	0	0	-1.88711	-0.15055	0	0	0	0	0	0	-0.10826	0.61503	0.21756	0.39747	0	-1.20205	0	0	2.7371	-1.11592	9.08577	129.215	52.7855
LEU_136	-8.01124	2.76531	2.53464	-0.55741	0.68747	0.12324	2.37893	5.69485	0.01448	0.0511	-1.91839	0.34765	0	0	0	0	0	0	0.14132	0.61784	0.06021	0.55762	0	-0.27481	0	0	1.3223	-0.68342	5.85168	209.106	0.893609
THR_137	-8.24904	1.9803	6.09691	-0.16386	0.16975	0.05821	4.54222	8.61044	0	0	-2.34995	-0.56029	0	0	0	0	0	0	-0.0051	0.55285	0.00715	0.5457	0	-0.28895	0	5.03287	-0.9333	-0.2046	14.8413	174	0
GLY_138	-4.82076	1.33497	4.43303	-0.00071	0	0	3.12527	6.02555	0	0	-2.75493	-0.37098	0	0	0	0	0	0	0.0458	0	0	0	0	2.69724	0	0	1.435	2.95651	14.106	164	0
ASP_139	-7.21253	0.77823	9.40873	-0.10343	0.04334	0.29271	6.14759	10.4312	0.03584	0.20431	-8.47779	-0.01905	0	0	0	0	-2.54807	0	0.05271	3.21474	0.36881	0	2.84593	1.24387	0	0	-1.6204	3.21409	18.3008	180.899	4.1011
ILE_140	-8.54132	3.81617	4.81705	-0.45364	1.6856	0.08936	2.68021	7.05108	0.05689	0.44653	-1.87026	0.04791	0	0	0	0	0	0	0.16714	6.39212	5.60542	0.7867	0	-0.24897	0	0	1.8006	0.58631	24.9149	193.846	13.1539
THR_141	-5.42646	2.94016	4.57373	-0.19426	0.26618	0.08433	1.58218	5.7588	0.07183	0.1735	-1.06628	-0.80499	0	0	0	0	0	0	0.18737	0.26661	0.14135	0.12526	0	1.14095	0	5.02815	-0.9333	1.9745	15.8896	167.481	6.51938
MET_142	-8.91628	3.05243	4.49214	-0.36701	0.22702	0.0376	3.01111	6.43588	0.03301	0.281	-3.2486	-0.03696	0	0	0	0	0	0	-0.00046	3.94078	2.06009	1.88069	0	-0.02468	0	0	1.4633	1.64841	15.9695	257.901	4.09875
ALA_143	-3.70528	0.27706	1.57528	-0.02437	0.00041	0	0.80333	3.36456	0.00976	0.03039	-0.42697	-0.42103	0	0	0	0	0	0	0.0591	0	0	0	0	-0.19348	0	0	2.2619	0.45285	4.06351	126.682	26.3182
LEU_144	-9.2368	3.22217	2.80485	-0.44066	0.40778	0.08076	2.99119	6.84982	0	0	-2.56367	0.10698	0	0	0	0	0	0	0.24319	5.21494	3.91642	1.29852	0	-0.61628	0	0	1.3223	0.26804	15.8695	210	0
LEU_145	-7.10292	0.7804	5.05663	-0.56468	0.32261	0.13115	3.14817	7.11151	0.00976	0.03039	-3.8198	0.32547	0	0	0	0	0	0	-0.05364	1.47635	0.66974	0.80662	0	-0.40793	0	0	1.3223	-0.58532	8.6568	167.978	42.0216
LEU_146	-7.4219	2.44806	2.40593	-0.46933	0.35836	0.08561	1.64893	5.11849	0	0	-1.66751	0.2292	0	0	0	0	0	0	5.11555	2.25478	1.33386	0.92092	0	-0.24235	0	0	1.3223	1.03357	14.4745	165.049	44.9513
VAL_147	-2.71144	0.69925	2.04078	-0.30235	0.38557	0.06629	1.22114	3.09741	0	0	-1.57631	-0.57504	0	0	0	0	0	0	0.00045	1.86952	0.23667	1.63285	0	2.55773	0	0	2.7371	9.12721	20.5068	51.7434	130.257
HIS_148	-5.25401	0.64026	2.63268	-0.40062	0.00328	0.45715	0.54752	4.34709	0.09747	0.82416	-0.35609	0.18863	0	0	0	0	0	0	0.5114	3.40036	0.33252	0	3.06784	-0.12029	0	0	0.8406	7.51825	19.2782	175.563	65.4367
TYR_149	-9.31419	2.8888	4.85858	-0.71628	0.06895	0.21368	3.83846	7.40264	0.01926	0.24777	-3.49685	-0.42085	0	0	0	0	-0.6093	0	-0.08794	4.36556	0.61787	0	3.74769	-0.26439	0	0	1.7379	0.81064	15.908	239.744	8.25576
ARG_150	-9.5126	2.868	10.8448	-1.43263	2.18525	0.86572	6.6758	12.1459	0.13503	1.14318	-7.01734	0.89405	0	0	0	-1.13988	-1.58549	0	-0.04393	4.1456	0.56198	3.58362	0	-0.19142	0	0	-0.1423	0.56915	25.5525	242.361	22.639
CYS_151	-8.29678	1.71225	4.79966	-0.05902	0.00111	0.04006	2.98417	6.74885	0.01489	0.04503	-1.59251	-0.48222	0	0	0	0	0	0	0.05038	0.36488	0.00987	0.355	0	-0.38403	0	0	4.3148	-0.32108	10.3053	156	0
ASP_152	-4.40673	0.27875	6.01439	-0.11284	0.04914	0.3267	4.20148	7.01786	0.08112	0.52242	-4.16259	-0.0662	0	0	0	0	-0.90547	0	-0.08222	3.37818	0.28416	0	3.09402	0.77269	0	0	-1.6204	0.2425	14.9069	124.552	60.4485
PHE_153	-9.56161	2.834	3.08755	-0.51657	0.59932	0.19302	3.03467	5.61775	0.01489	0.04503	-2.29831	-0.21556	0	0	0	0	0	0	1.85634	7.2246	1.87286	0	5.35174	-0.37662	0	0	1.9602	-0.25591	20.4674	231.337	5.66301
ARG_154	-7.07727	1.11412	8.16449	-0.71251	0.2922	0.43501	4.52278	9.14114	0.10407	0.75953	-4.43957	0.54395	0	0	0	0	-1.42059	0	0.11678	4.06093	0.91825	3.14269	0	-0.07581	0	0	-0.1423	0.00632	19.4542	175.541	89.4587
THR_155	-7.86245	1.96981	5.05393	-0.1604	0.15753	0.06049	4.11915	7.88381	0	0	-3.41754	-0.60483	0	0	0	0	0	0	0.45229	0.85052	0.53555	0.31497	0	-0.36445	0	5.03982	-0.9333	0.41091	13.5058	174	0
THR_156	-5.6241	1.10047	4.19149	-0.12898	0.05256	0.09069	3.36521	6.161	0.00915	0.04481	-2.43031	-0.65988	0	0	0	0	0	0	0.27149	2.17583	0.46193	1.7139	0	-0.32851	0	5.03774	-0.9333	0.04798	14.6192	138.644	35.3555
TYR_157	-10.3126	1.77322	3.92728	-0.60506	0.0777	0.35196	3.10842	7.34542	0.01896	0.16078	-2.88565	-0.1912	0	0	0	0	-0.87455	0	-0.08305	3.27408	0.5032	0	2.77088	0.00715	0	0	1.7379	-0.22799	9.87682	243.717	4.28339
LYS_158	-3.71538	0.25882	4.61435	-0.34163	0.1761	0.22442	2.71026	5.06054	0.00057	0.00536	-3.13262	-0.37166	0	0	0	0	0	0	0.00045	4.9631	1.59585	3.36725	0	0.43219	0	0	-0.8895	0.4765	15.435	143.79	108.21
SER_159	-2.42443	0.3751	2.26255	-0.03402	0.01372	0.04232	1.55561	2.76008	0.00024	0.0041	-1.27758	0.03022	0	0	0	-0.81515	0	0	35.4185	1.48302	0.07611	1.40691	0	0.17113	0	4.04	-0.539	3.08906	47.6385	99.6444	62.3556
GLN_160	-5.16554	1.07403	4.81547	-0.6402	0.41125	0.46068	2.02344	5.57288	0.05446	0.1972	-0.36044	-0.04126	0	0	0	0	0	0	-1e-05	7.91568	0.76909	0	7.14659	-0.61894	0	0	-0.1077	7.55162	31.0583	157.036	59.9636
GLU_161	-2.10547	0.17407	2.39785	-0.67483	0.78047	1.88366	0.64961	2.79607	0	0	0.29785	-1.95432	0	0	0	0	0	0	0.00819	7.08874	0.67868	0	6.41006	-0.07074	0	0	-1.6358	4.70727	21.4313	70.5237	152.476
GLY_162	-1.0722	0.09228	1.20829	-4e-05	0	0	0.17899	1.36823	0.02827	0.29365	0.12588	-0.37395	0	0	0	0	0	0	-0.20384	0	0	0	0	-1.82097	0	0	1.435	-1.12963	0.12995	83.6447	80.3553
VAL_163	-5.12536	0.95104	0.81398	-0.27632	0.39464	0.05473	0.82256	3.18923	0.05189	0.17597	-0.55712	0.37256	0	0	0	0	0	0	5.2813	3.00621	0.33218	2.67403	0	2.98703	0	0	2.7371	4.94993	22.8356	144.544	37.4564
LEU_164	-2.91887	0.72937	0.25129	-0.49497	0.75893	0.11273	0.16699	1.3017	0	0	0.127	-0.01835	0.24544	0	0	0	0	0	-0.01355	3.519	2.33883	1.18017	0	0.0838	0	0	1.3223	8.64364	17.3355	96.7699	113.23
PRO_165	-4.10156	1.04129	1.53003	-0.20321	0.05478	0.15199	0.75638	1.57624	0	0	-0.04239	0.09779	0.25086	0	0	0	0	0	0.13784	0.96046	0.68836	0.27209	0	-0.51834	0	0	-4.6787	3.55375	1.52766	190.016	8.98356
GLY_166	-0.82851	0.05105	0.97638	-0.00044	0	0	0.4094	1.12653	0	0	-0.08039	-0.17248	0	0	0	0	0	0	21.1022	0	0	0	0	1.58725	0	0	1.435	2.57081	28.1768	79.5907	84.4093
PHE_167	-8.13009	2.83138	3.86327	-0.69009	0.25699	0.45264	2.50777	7.19485	0	0	-1.81229	0.37564	0	0	0	0	0	0	0.20575	5.2244	2.56478	0	2.65962	-0.63769	0	0	1.9602	1.87318	20.7003	189.488	47.5121
VAL_168	-7.38865	0.99918	4.1247	-0.27422	0.2873	0.06269	2.97518	7.38299	0	0	-2.20797	-0.41526	0	0	0	0	0	0	0.27879	0.27995	0.00831	0.27164	0	-0.44923	0	0	2.7371	0.41598	9.08848	180.463	1.53703
ASP_169	-5.62281	1.4516	6.76124	-0.11046	0.03271	0.31802	4.3876	8.46932	0	0	-3.58265	-0.17686	0	0	0	0	-0.54088	0	-0.00401	2.74395	0.01202	0	2.73192	0.30904	0	0	-1.6204	0.3753	15.9347	157.148	27.8523
HIS_170	-7.99046	1.95394	7.4486	-0.38539	0.00974	0.39605	4.70882	9.89782	0.01138	0.06321	-2.28685	-0.22776	0	0	0	0	-0.75099	0	0.73061	2.64134	0.0076	0	2.63374	-0.39634	0	0	0.8406	-0.65404	18.6516	219.093	21.9073
CYS_171	-3.73811	0.41691	3.31488	-0.06685	0.01194	0.04874	2.411	4.36371	0	0	-1.94744	-0.50603	0	0	0	0	0	0	0.10703	0.0717	0.02466	0.04705	0	-0.72697	0	0	4.3148	0.55228	8.69928	105.129	50.8714
ILE_172	-5.53661	1.29545	1.35559	-0.55647	1.33624	0.11161	0.90259	3.45146	0.03625	0.1783	-0.45932	0.22681	0	0	0	0	0	0	0.13273	2.07759	0.34885	1.72875	0	-0.90948	0	0	1.8006	0.73243	8.25339	188.112	18.8883
SER_173	-3.92665	0.40313	4.03517	-0.03368	0.00658	0.02341	2.55617	5.20763	0	0	-2.18299	-0.635	0	0	0	0	0	0	0.34955	1.85697	0.1234	1.73358	0	-0.26761	0	4.04	-0.539	-0.08504	12.6656	130.977	31.0232
ILE_174	-4.82873	1.5243	0.63725	-0.49166	1.20561	0.10966	0.73206	3.31975	0	0	0.17151	0.04797	0	0	0	0	0	0	-0.00795	4.80215	4.30606	0.49609	0	-0.62846	0	0	1.8006	0.01592	13.2121	144.704	62.2963
LEU_175	-5.10735	0.74024	2.84885	-0.53124	1.36625	0.13516	1.18431	3.89416	0	0	-0.54088	0.30419	0	0	0	0	0	0	0.40829	2.1263	1.63546	0.49084	0	-0.45988	0	0	1.3223	-0.23521	9.58177	128.555	81.4445
ARG_176	-4.68489	1.90492	4.72565	-0.94434	2.78163	0.79254	2.4708	5.31339	0	0	-0.87285	-0.23626	0	0	0	0	0	0	68.4997	7.27204	4.08914	3.1829	0	-0.11061	0	0	-0.1423	0.59727	94.6387	104.511	160.489
LYS_177	-0.89503	0.27487	1.2745	-0.85168	1.26649	0.79344	0.55658	1.19632	0	0	-0.13545	0.02976	0	0	0	0	0	0	-0.03775	3.73632	0.67068	3.06563	0	0.05929	0	0	-0.8895	1.74468	11.8591	6.0502	245.95
ASP_178	-1.42459	0.27487	1.85016	-0.12599	0.0485	0.42979	0.67544	1.82736	0.116	0.89838	-0.33918	0.37509	0	0	0	0	0	0	54.9088	3.97247	0.63428	0	3.33819	0.17274	0	0	-1.6204	2.96522	68.9771	75.1925	109.807
ASN_179	-3.90629	2.31887	2.74629	-0.19631	0.90039	0.32511	2.27029	4.13944	0.03771	0.46785	-1.18493	-0.46316	0	0	0	0	0	0	0.14453	5.48144	0.20994	0	5.2715	0.37788	0	0	-0.3009	7.09503	25.7347	128.592	55.408
GLU_180	-2.19655	0.64633	1.50639	-0.21839	0.06912	0.33167	0.6517	2.15557	0	0	-0.19379	-0.60448	0	0	0	0	0	0	-0.13301	4.43904	0.23992	0	4.19912	0.39879	0	0	-1.6358	5.64692	15.3025	94.0363	128.964
VAL_181	-6.0468	2.1091	2.30267	-0.26493	0.3648	0.05426	3.01373	5.29538	0.0049	0.01485	-2.23565	-0.207	0	0	0	0	0	0	-0.03028	1.07456	0.45255	0.62201	0	-1.02976	0	0	2.7371	0.27686	8.50834	163.335	18.665
LYS_182	-7.7099	2.49151	8.72381	-0.581	0.42244	0.24185	4.70396	9.26902	0	0	-4.64233	0.20283	0	0	0	0	0	0	-0.12857	3.57005	0.76589	2.80416	0	0.63499	0	0	-0.8895	-0.11143	19.7678	209.795	42.2052
LEU_183	-7.49703	2.11284	3.30406	-0.4712	0.33648	0.07634	3.2777	6.32818	0.0049	0.01485	-2.68624	0.2742	0	0	0	0	0	0	0.19057	3.32442	1.00339	2.32103	0	-0.36777	0	0	1.3223	-0.22229	12.6467	190.94	19.0596
TYR_184	-7.657	1.63563	5.36219	-0.73448	0.09816	0.09995	3.56153	7.57507	0	0	-2.3718	-0.49523	0	0	0	0	0	0	-0.02229	3.54752	0.34843	0	3.19909	-0.23099	0	0	1.7379	-0.17825	15.4754	202.107	45.8932
GLU_185	-6.74741	2.99129	7.26117	-0.31003	0.28907	0.40418	4.47248	8.48249	5e-05	0.00094	-2.1073	-0.33657	0	0	0	0	-0.1772	0	0.03147	7.07968	2.75192	0	4.32776	-0.16294	0	0	-1.6358	0.21436	26.8296	205.161	17.8391
HIS_186	-6.22435	2.60673	5.53356	-0.49202	0.18274	0.3028	3.1206	7.10305	0	0	-2.44376	-0.67005	0	0	0	0	0	0	-0.07033	4.79523	0.07771	0	4.71753	0.01638	0	0	0.8406	-0.21859	19.1778	179.299	61.7013
ALA_187	-5.61294	2.37451	2.98547	-0.02351	1e-05	0	3.05189	6.6103	2e-05	0.00032	-2.97169	-0.41856	0	0	0	0	0	0	0.23111	0	0	0	0	-0.20265	0	0	2.2619	-0.07511	8.21107	151.975	1.02469
VAL_188	-4.94942	0.54582	3.33505	-0.26992	0.30871	0.05934	2.95756	5.44896	0	0	-2.48875	-0.39072	0	0	0	0	0	0	12.9635	6.09909	0.01755	6.08154	0	0.85731	0	0	2.7371	2.49475	35.8074	130.172	51.8281
HIS_189	-6.37801	1.07574	6.11756	-0.79784	0.07516	1.02474	4.03711	8.18485	0.01062	0.14556	-3.04514	-0.5258	0	0	0	-0.84603	-0.54088	0	0.34569	2.03886	0.01027	0	2.02859	2.07196	0	0	0.8406	5.64379	21.5174	203.531	37.4686
SER_190	-2.65004	0.34366	2.2645	-0.0382	0.04377	0.02901	1.31529	3.18702	0	0	-0.0286	-0.66486	0	0	0	0	-0.47168	0	-0.11296	0.88678	0.11261	0.77417	0	0.03789	0	4.04	-0.539	3.32192	11.8513	88.772	73.228
GLY_191	-2.39939	3.33634	2.16192	-0.00021	0	0	1.42634	3.12112	0	0	-0.96137	-0.18055	0	0	0	-0.84603	0	0	0.097	0	0	0	0	-2.42524	0	0	1.435	0.71741	5.48235	149.816	14.1843
LEU_192	-2.24981	3.09582	2.02257	-0.67199	0.18974	0.57022	0.52663	2.43734	0	0	0.09863	0.07038	0	0	0	0	0	0	0	37.6284	34.773	2.85544	0	0	0	0	1.3223	0.76356	83.4323	89.0947	120.905
PRO_193	-2.90788	0.44893	2.28744	-0.11897	0.00127	0.08512	0.9388	1.62457	0	0	-0.84866	0.87194	2.82628	0	0	0	0	0	2.61028	2.81549	0.16659	2.6489	0	0	0	0	-4.6787	0	8.7714	94.156	104.844
SER_194	-2.44107	0.20315	2.12106	-0.03464	0.01242	0.04737	1.23339	2.50417	0	0	1.06241	0.06307	0	0	0	0	0	0	0.01673	2.02902	1.45191	0.57711	0	0.05532	0	4.04	-0.539	0.21035	12.6128	97.6889	64.3111
LEU_195	-1.39388	0.16148	1.37698	-0.53312	1.446	0.15591	0.43329	1.73028	0	0	0.14802	0.07867	0	0	0	0	0	0	0.02947	0.36309	0.01305	0.35003	0	-0.00375	0	0	1.3223	-0.11528	5.56254	33.7176	176.282
ILE_196	-6.73907	2.00259	0.63305	-0.48168	1.22313	0.08735	1.42336	3.26672	0	0	0.26317	0.58693	0	0	0	0	0	0	-0.16648	1.5795	0.68314	0.89636	0	0.04596	0	0	1.8006	-0.3975	6.70711	197.779	9.2213
LYS_197	-5.41719	2.20803	5.95477	-0.31746	0.08725	0.15228	3.43382	6.10714	0	0	-2.69178	0.11519	1.08323	0	0	0	-0.65998	0	0.04663	2.64649	0.23101	2.41548	0	-0.06949	0	0	-0.8895	2.68068	17.1166	142.22	109.78
PRO_198	-3.21296	2.72889	1.70265	-0.07882	0.00026	0.04777	0.86391	2.06323	0	0	-0.00844	0.59705	1.13348	0	0	0	0	0	0.02129	1.70182	0.95846	0.74336	0	-0.46617	0	0	-4.6787	2.55863	6.67572	117.897	81.1032
GLU_199	-4.98891	4.89331	6.92041	-0.45181	0.14927	0.57257	3.25102	7.20895	0.00088	0.00708	-2.35328	-1.11154	0	0	0	0	0	0	-0.08162	5.1331	0.10278	0	5.03032	0.30385	0	0	-1.6358	0.12756	23.0781	145.079	77.9212
MET_200	-9.46837	1.27074	5.33097	-0.38703	0.27323	0.04835	3.54855	6.84629	0	0	-2.0275	-0.23691	0	0	0	0	0	0	0.07591	2.24321	0.12472	2.11848	0	-0.06705	0	0	1.4633	0.49819	11.6551	260.463	1.53703
LYS_201	-5.14652	1.34151	4.36739	-0.30275	0.09562	0.15022	2.73856	5.61335	0.00131	0.01217	-3.02803	-0.06168	0	0	0	0	0	0	0.26688	2.6992	0.21906	2.48014	0	-0.08519	0	0	-0.8895	0.30744	10.7792	129.814	122.186
ILE_202	-8.63182	1.8035	4.07652	-0.47433	1.37073	0.09865	3.03654	7.60664	0.0137	0.06213	-2.00937	-0.06782	0	0	0	0	0	0	-0.02226	1.72448	1.12819	0.59628	0	-0.29087	0	0	1.8006	0.51058	12.3321	202.644	4.35609
LYS_203	-5.95018	0.85894	5.92274	-0.51241	1.67946	0.27068	4.08522	7.16792	0	0	-4.39615	-0.02755	0	0	0	0	0	0	0.20805	4.02418	1.6095	2.41468	0	0.3226	0	0	-0.8895	0.2677	17.0559	157.122	94.878
LEU_204	-7.54847	1.59979	3.44259	-0.62396	1.8913	0.20459	2.9706	6.2777	0	0	-2.10821	0.0116	0	0	0	0	0	0	-0.04085	2.02333	0.12536	1.89797	0	0.36297	0	0	1.3223	0.41374	12.2223	183.952	26.0483
LEU_205	-5.27262	1.723	4.48217	-0.60577	0.94143	0.15259	3.31518	6.28384	0.00549	0.02184	-2.11584	0.2812	0	0	0	0	0	0	0.10119	1.10439	0.08788	1.01651	0	-0.26161	0	0	1.3223	1.00714	13.5903	147.999	62.0006
MET_206	-8.12118	2.0822	3.37807	-0.40911	0.49803	0.1576	2.38288	5.25098	0	0	-1.85051	0.12649	0	0	0	0	0	0	0.31476	3.67392	1.99216	1.68176	0	0.40512	0	0	1.4633	0.47169	13.4981	254.351	7.64875
GLU_207	-3.13075	0.51132	3.37527	-0.21838	0.06891	0.3114	2.43766	3.98236	0.00549	0.02184	-2.70285	-0.52155	0	0	0	0	0	0	30.9114	8.21838	3.28635	0	4.93203	0.5257	0	0	-1.6358	0.01743	50.3962	94.2326	128.767
VAL_208	-5.15689	1.13992	1.54167	-0.26706	0.2944	0.06032	1.8731	4.31313	0	0	0.03433	-0.4575	0	0	0	0	0	0	-0.00027	1.91199	0.03723	1.87476	0	3.26287	0	0	2.7371	4.0615	17.2606	156.317	25.6831
ASN_209	-4.33418	0.40844	3.16711	-0.1839	0.20345	0.35732	2.40846	4.25225	0	0	-1.95256	-0.84921	0	0	0	-1.86683	0	0	40.5046	10.2562	4.7584	0	5.49779	-0.42186	0	0	-0.3009	8.16606	70.0707	97.1908	86.8092
HIS_210	-5.1617	1.13245	4.68924	-0.59205	0.04014	0.44777	2.46769	5.80123	0	0	-0.76371	-0.6005	0	0	0	-1.15984	0	0	-0.09612	4.51475	0.20531	0	4.30944	3.36159	0	0	0.8406	11.7001	31.1364	138.099	102.901
GLN_211	-2.04647	0.23511	1.70638	-0.37711	0.9627	0.21775	0.38613	2.42884	0	0	-0.1372	0.49228	0	0	0	0	0	0	-0.01196	7.31045	0.40577	0	6.90468	-0.05435	0	0	-0.1077	7.12289	25.4382	51.775	165.225
PHE_212	-6.48019	1.87811	0.54491	-0.98444	0.26642	0.60736	1.06293	3.18073	0	0	-1.34919	-0.22072	0	0	0	0	0	0	0.53468	2.58376	0.35396	0	2.2298	1.19171	0	0	1.9602	2.56855	9.92859	217.105	19.8954
ILE_213	-7.20296	1.76681	2.05685	-0.45184	0.84906	0.08856	2.45861	5.21566	0	0	-2.18809	0.00679	0	0	0	0	0	0	0.01808	4.6637	0.07538	4.58832	0	2.03065	0	0	1.8006	6.16489	21.9411	192.763	14.2368
GLU_214	-3.89503	0.7935	3.16287	-0.21379	0.04728	0.31082	2.87447	4.56561	0	0	-2.46491	-0.54602	0	0	0	0	0	0	-0.03338	4.30324	0.14365	0	4.15959	0.3063	0	0	-1.6358	3.07768	14.9561	113.395	109.605
GLY_215	-4.24607	0.85965	3.25617	-0.00072	0	0	2.63905	4.87063	0.0137	0.06213	-2.26175	-0.32428	0	0	0	0	0	0	-0.14625	0	0	0	0	1.86301	0	0	1.435	2.27363	10.2939	160.351	3.6489
ASP_216	-4.30664	0.40435	6.23951	-0.18663	0.07114	0.59927	3.93023	6.92566	0	0	-3.11822	-1.43553	0	0	0	0	0	0	-0.12252	3.15789	0.03968	0	3.11821	-0.34821	0	0	-1.6204	2.53074	15.8785	115.138	69.8623
GLY_217	-3.8385	0.39046	3.7172	-0.00086	0	0	2.43879	4.93116	0	0	-1.63192	-0.27741	0	0	0	0	0	0	-0.14587	0	0	0	0	-1.17583	0	0	1.435	1.10711	6.94933	156.634	7.36639
LYS_218	-5.127	5.13239	5.78034	-1.14168	8.49565	1.05118	3.06998	6.64934	0	0	-2.32835	-0.06432	0	0	0	0	0	0	0.12537	6.25592	0.08031	6.17561	0	0.55578	0	0	-0.8895	2.06954	35.8906	155.101	96.899
GLY_219	-4.95076	2.11536	4.38054	-0.00149	0	0	2.67547	6.08645	0.00047	0.00132	-1.83397	-0.35639	0	0	0	0	0	0	-0.25168	0	0	0	0	-1.35118	0	0	1.435	1.50467	9.45381	162.463	1.53703
HIS_220	-7.04711	2.74434	8.35547	-0.45497	0.26881	0.50637	5.34687	9.94707	0	0	-2.39648	-0.35572	0.34607	0	0	0	0	0	0.14652	4.46062	0.05445	0	4.40616	-0.69161	0	0	0.8406	3.12196	29.5994	179.824	61.1765
PRO_221	-8.33552	2.2885	4.54185	-0.06914	0.00035	0.0431	2.52206	5.57555	0	0	-0.90152	0.6304	0.36022	0	0	0	0	0	-0.12261	0.68334	0.53827	0.14506	0	0.68862	0	0	-4.6787	3.79423	7.70405	199	0
PHE_222	-5.51574	1.07352	2.79089	-0.68058	0.09636	0.40595	0.97171	4.1276	0	0	-0.44505	0.08412	0	0	0	0	0	0	0.53028	3.66757	0.75722	0	2.91035	0.13175	0	0	1.9602	1.07865	13.9448	170.231	66.769
GLU_223	-4.96511	0.90704	5.25558	-0.22471	0.02932	0.34364	2.12462	5.67801	0.00723	0.03364	0.38757	-0.56168	0	0	0	0	0	0	-0.07144	10.4533	6.0627	0	4.39059	-0.14111	0	0	-1.6358	-0.26283	27.8106	153.617	69.3833
GLY_224	-4.48886	1.49377	4.03933	-5e-05	0	0	2.0389	5.82074	0	0	-0.34927	-0.39738	0	0	0	0	0	0	-0.37856	0	0	0	0	-1.51343	0	0	1.435	-0.80437	6.89583	163.392	0.60815
LYS_225	-6.8942	0.97576	6.53598	-0.31437	0.09876	0.16981	2.89967	7.1792	0	0	-2.77148	-0.26219	0	0	0	0	0	0	-0.02027	3.49436	0.50992	2.98444	0	0.12922	0	0	-0.8895	-0.67438	13.1507	185.774	66.2257
GLN_226	-6.20016	0.74162	4.78607	-0.44018	0.24693	0.3379	3.85424	6.27699	0.04489	0.38333	-3.00521	-0.74841	0	0	0	0	-0.18534	0	2.06723	3.67385	0.15392	0	3.51993	1.13947	0	0	-0.1077	2.09853	18.6379	176.581	40.4188
MET_227	-8.50655	1.79406	4.84256	-0.31736	0.09439	0.07327	2.96798	6.94046	0.00901	0.02786	-1.73117	0.04328	0	0	0	0	0	0	0.03905	3.27201	1.1416	2.13041	0	0.8082	0	0	1.4633	4.7342	19.8265	243.512	18.4878
ASP_228	-4.41947	0.73623	5.78152	-0.11553	0.02192	0.34766	3.69616	6.609	0.00133	0.00589	-3.89148	-0.42915	0	0	0	0	0	0	-0.12334	4.09121	0.03972	0	4.05149	0.17973	0	0	-1.6204	2.46676	17.4293	121.918	63.0816
LEU_229	-7.18473	1.69698	3.03412	-0.4561	0.27789	0.09494	2.42702	5.66617	0.00827	0.02433	-1.70596	-0.00451	0	0	0	0	0	0	-0.08226	4.07802	2.9572	1.12082	0	-0.34411	0	0	1.3223	-0.19971	12.7307	195.718	14.2822
VAL_230	-3.75569	1.02036	3.29796	-0.27316	0.37413	0.05789	2.62065	4.99524	0.00059	0.00236	-2.84251	-0.30467	0	0	0	0	0	0	-0.12006	0.41299	0.06773	0.34527	0	-1.18283	0	0	2.7371	-0.49298	6.96038	90.9996	91.0004
VAL_231	-4.57232	1.0399	0.50029	-0.28373	0.29381	0.06251	1.12611	2.96292	0	0	-1.00427	0.02325	0	0	0	0	0	0	54.6592	1.55875	0.05692	1.50183	0	1.33552	0	0	2.7371	0.59685	62.5946	136.833	45.1675
GLU_232	-1.4051	0.2384	0.80411	-0.21449	0.03428	0.28404	0.43691	1.43076	0	0	-0.29086	-0.36164	0	0	0	0	0	0	-0.13181	5.77471	0.24386	0	5.53085	0.12725	0	0	-1.6358	2.22902	13.0945	65.9036	157.096
GLY_233	-1.99398	0.12645	1.1217	-5e-05	0	0	0.98609	2.00741	0	0	-0.72477	-0.37868	0	0	0	-1.15984	0	0	1.00616	0	0	0	0	-2.49346	0	0	1.435	2.18505	2.11706	103.469	60.5309
LEU_234	-3.6553	1.18191	-0.59105	-0.4737	0.61288	0.09749	0.43108	1.34802	0.17216	0.80994	-0.18714	0.02904	1.2738	0	0	0	0	0	0.02816	2.15409	0.96433	1.18976	0	-0.08067	0	0	1.3223	3.69812	10.3252	160.734	49.2661
PRO_235	-2.87522	1.33949	1.71347	-0.14433	0.05865	0.08778	0.6371	1.83865	0	0	0.64829	0.55158	1.27462	0	0	0	0	0	7.62718	1.24856	1.19077	0.0578	0	-0.45076	0	0	-4.6787	5.00862	15.1335	111.117	87.8834
ALA_236	-4.33177	1.01281	2.27604	-0.02782	0.00339	0	2.84486	4.76223	0.00876	0.04642	-0.63653	-0.35477	0	0	0	0	0	0	-0.10379	0	0	0	0	0.8241	0	0	2.2619	2.42252	11.0083	133.198	19.8023
TYR_237	-6.6108	1.22694	1.24505	-0.80103	0.12512	0.38131	2.26163	4.42099	0	0	-0.85516	-0.35231	0	0	0	0	0	0	-0.19416	5.13784	1.16891	0	3.96893	0.57286	0	0	1.7379	0.46399	13.898	204.51	43.4898
ASP_238	-6.12493	1.41508	6.6258	-0.11359	0.02426	0.35211	3.54177	8.41319	0.04619	0.33792	-1.33731	-0.48026	0	0	0	0	0	0	-0.26127	3.68643	0.09792	0	3.58851	-0.02436	0	0	-1.6204	0.82907	18.9961	174.623	10.377
ILE_239	-6.60035	1.23987	1.39752	-0.5391	1.69758	0.12057	1.83549	4.69764	0.00043	0.00799	-0.93365	0.52815	0	0	0	0	0	0	0.00496	1.5664	0.61671	0.94969	0	0.57616	0	0	1.8006	0.87644	9.84312	193.581	13.4191
LEU_240	-7.67948	1.55832	1.66215	-0.51322	0.23633	0.13259	2.74739	5.44364	0.00876	0.04642	-2.44878	0.20292	0	0	0	0	0	0	0.85736	2.16372	1.88048	0.28323	0	-0.3993	0	0	1.3223	-0.0434	7.46142	203.082	6.91781
THR_241	-5.70696	1.34286	2.76045	-0.12856	0.09146	0.0509	2.29239	5.50574	0.00804	0.064	0.24373	-0.49589	0	0	0	0	0	0	0.00361	1.24374	0.00782	1.23592	0	0.46344	0	5.04238	-0.9333	0.1561	13.2479	162.091	11.9089
THR_242	-3.98217	0.61532	2.39912	-0.13122	0.10167	0.07136	1.22082	4.17387	0.04662	0.34591	-0.57255	-0.24676	0	0	0	-0.33538	0	0	0.35207	0.61779	0.52124	0.09655	0	-0.00932	0	5.0162	-0.9333	0.43128	9.79912	153.606	20.3938
ALA_243	-3.74767	1.51882	0.87618	-0.02415	7e-05	0	1.66605	3.56876	0	0	-0.9041	-0.40642	0	0	0	0	0	0	75.0513	0	0	0	0	0.13898	0	0	2.2619	1.19903	81.1988	139.743	13.2566
ASN_244	-5.65316	1.31279	4.28655	-0.32106	0.25755	0.59396	3.10102	6.28521	0.03559	0.11948	-1.33042	-0.87018	0	0	0	-0.65794	0	0	0.06435	2.37808	0.02961	0	2.34847	-1.57701	0	0	-0.3009	3.94524	14.0472	153.198	30.8015
ARG_245	-8.03783	4.63609	5.64007	-2.01237	2.25868	2.12134	2.41607	7.57858	0.18295	1.08786	-0.06932	0.08381	0	0	0	0	-0.40521	0	0.36362	9.51674	1.65884	7.8579	0	-0.02283	0	0	-0.1423	4.02528	38.738	243.051	21.9491
VAL_246	-7.9871	1.83324	2.76454	-0.32028	0.85551	0.07563	2.69528	6.41524	0.00026	0.00678	-1.68304	-0.28458	0	0	0	-0.65794	0	0	-0.17939	4.90124	3.94153	0.95971	0	0.20742	0	0	2.7371	1.39507	17.6762	179.951	2.04937
PHE_247	-10.4853	2.7549	2.78368	-0.64401	0.08139	0.35741	1.55189	6.84687	0.04489	0.38333	-0.37597	0.03172	0	0	0	0	0	0	0.3073	2.8493	0.03801	0	2.81128	-0.03787	0	0	1.9602	0.88337	12.1423	235.271	1.72864
ALA_248	-4.48351	0.77379	3.58825	-0.02419	0.00104	0	2.4593	6.15155	0.08486	0.68177	-0.99975	-0.4806	0	0	0	0	0	0	-0.04676	0	0	0	0	-0.20451	0	0	2.2619	1.41689	11.18	149.926	3.07406
LYS_249	-5.25735	0.38885	3.89222	-0.41797	0.10268	0.24491	2.34239	5.408	0	0	-1.33797	-0.05699	0	0	0	0	0	0	0.17319	2.54036	0.28801	2.25235	0	0.6105	0	0	-0.8895	1.55787	11.8416	157.459	94.5406
TYR_250	-8.23593	4.59402	2.8889	-0.52128	0.018	0.16099	1.94754	5.9442	0.07563	0.23059	-0.39825	-0.22982	0.07436	0	0	0	0	0	-0.10398	7.50113	4.55784	0	2.94329	-0.04965	0	0	1.7379	3.62415	26.7596	229.442	18.5583
PRO_251	-5.18663	1.48854	3.89311	-0.20259	0.04138	0.15228	1.47581	4.16888	0	0	-0.69596	0.05674	0.07581	0	0	0	0	0	0.61758	1.14417	0.69064	0.45353	0	-1.3724	0	0	-4.6787	2.37169	4.49386	158.679	40.3206
ASP_252	-1.36943	0.19381	1.86255	-0.11629	0.01576	0.38684	0.69953	2.28632	0	0	0.29338	-0.31129	0	0	0	0	0	0	-0.198	3.85066	1.04148	0	2.80918	-0.01965	0	0	-1.6204	-0.16786	9.63659	34.3481	150.652
HIS_253	-3.91312	0.85848	3.46112	-0.76273	0.02653	0.88042	0.89174	4.07618	0	0	-0.36503	-1.7646	0	0	0	0	-0.39356	0	0.0006	2.60165	0.01368	0	2.58797	-0.13498	0	0	0.8406	0.06834	8.97329	116.734	124.266
ILE_254	-7.75317	1.8947	3.28968	-0.48286	1.01243	0.11102	1.77978	5.88466	0	0	-0.45065	-0.03325	0.12367	0	0	0	0	0	-0.01083	0.45901	0.06615	0.39286	0	-1.14066	0	0	1.8006	2.09756	9.0407	195.024	11.9755
PRO_255	-5.34084	1.28498	2.90642	-0.12452	0.00634	0.08892	0.85226	3.03051	0	0	-0.6937	0.25383	0.12536	0	0	0	0	0	-0.16559	1.24149	1.04491	0.19658	0	-1.37448	0	0	-4.6787	1.73093	0.3847	173.38	25.6195
ASP_256	-6.30169	1.50153	8.65164	-0.23471	0.09204	0.76201	3.88699	9.36828	0.06898	0.39115	-4.79837	-0.95697	0	0	0	-0.52776	0	0	0.08429	2.72158	0.11708	0	2.6045	-1.15874	0	0	-1.6204	-0.59113	14.0603	169.251	15.7491
TYR_257	-9.07523	1.7508	3.85518	-0.8424	0.0549	0.36532	2.7805	7.05751	0.00078	0.01215	-0.5308	-0.27984	0	0	0	0	0	0	0.01216	3.38121	0.29438	0	3.08683	0.44349	0	0	1.7379	0.1348	14.2396	228.091	19.9086
PHE_258	-9.9492	3.7267	3.30589	-0.72962	0.15719	0.48831	2.5147	6.98395	0	0	-1.44264	0.10702	0	0	0	0	0	0	0.08988	6.2448	2.70403	0	3.54077	-0.29697	0	0	1.9602	0.74451	20.1495	219.165	17.8353
LYS_259	-9.02638	2.39485	10.3569	-0.38053	0.10224	0.26847	4.78389	11.3473	0.20592	0.87187	-5.30446	0.25678	0	0	0	-0.52776	0	0	0.3415	3.82857	0.48507	3.34349	0	-0.06987	0	0	-0.8895	0.0334	22.4217	247.901	4.09875
GLN_260	-8.52609	2.16277	7.71917	-0.31035	0.03085	0.25131	4.78228	9.40667	0.03201	0.32891	-3.50858	-0.40059	0	0	0	-2.10255	0	0	-0.03234	4.55102	0.15335	0	4.39767	-0.22882	0	0	-0.1077	-0.9458	17.6532	204.403	12.5966
SER_261	-5.04711	1.01004	5.13668	-0.03987	0.17316	0.03313	3.08082	6.79257	0	0	-0.43054	-0.61236	0	0	0	0	0	0	-0.03129	1.41702	0.10054	1.31648	0	0.32438	0	4.04	-0.539	2.06526	18.7899	146.349	15.6515
PHE_262	-6.38627	2.26639	0.70794	-0.6075	0.13453	0.33015	1.15911	3.85386	0.0404	0.15924	-0.0333	0.1058	0	0	0	0	0	0	0.00281	3.27445	0.22886	0	3.04559	-0.36686	0	0	1.9602	3.35301	13.2284	175.13	61.8699
GLY_263	-3.52159	0.71456	2.90131	-0.00036	0	0	1.78021	4.38429	3e-05	0.00025	-1.36874	-0.19343	0	0	0	0	0	0	1.16742	0	0	0	0	-1.79162	0	0	1.435	1.01147	6.51878	141.549	22.4509
SER_264	-3.01978	0.21164	3.88745	-0.04312	0.01626	0.06403	2.99116	4.66655	0.02786	0.20912	-2.65099	-0.54937	0	0	0	0	0	0	-0.0142	0.18096	0.10275	0.07822	0	-0.86852	0	4.04	-0.539	-0.15451	8.6365	113.678	48.3217
TRP_265	-11.2081	3.17906	4.53234	-1.38838	0.71853	0.72966	3.60724	8.9512	0	0	-2.11197	-0.27924	0	0	0	0	0	0	0.10176	2.95029	0.05594	0	2.89435	-0.39816	0	0	3.7077	-0.30455	15.7377	266.483	3.51723
GLU_266	-4.99041	1.25724	5.14721	-0.2137	0.07542	0.32928	3.5706	6.42855	0.00366	0.01785	-3.30568	-0.59203	0	0	0	0	0	0	0.23945	4.75096	0.42063	0	4.33033	0.02164	0	0	-1.6358	-0.02685	15.8284	140.104	82.8956
ARG_267	-9.9043	2.49983	7.52718	-0.77626	0.37687	0.50826	4.91253	9.67126	0	0	-3.37164	0.56125	0	0	0	-0.33538	-0.05419	0	4.19584	9.31241	0.85724	8.45516	0	1.00663	0	0	-0.1423	2.43047	37.7309	251.535	13.4654
LEU_268	-6.41412	2.14252	2.25676	-0.49371	1.35402	0.15467	2.53618	4.67505	0	0	-1.18884	-0.07027	0	0	0	0	0	0	0.01677	9.13965	0.96565	8.174	0	0.6175	0	0	1.3223	5.59668	30.7848	181.54	28.4597
MET_269	-2.53017	0.11232	2.62934	-0.27629	0.06542	0.14927	2.38582	3.1633	0	0	-1.66814	-0.49117	0	0	0	0	0	0	19.953	6.12689	3.2671	2.8598	0	0.19806	0	0	1.4633	4.03135	41.4392	122.786	139.214
GLU_270	-3.96193	0.29259	5.70821	-0.3605	0.12023	0.54059	3.70777	5.9089	0	0	-3.47769	-0.1922	0	0	0	-1.15433	-1.34231	0	0.41604	7.50303	0.9136	0	6.58942	0.00073	0	0	-1.6358	1.1084	20.6848	122.758	100.242
ASP_271	-3.29598	0.58945	4.55579	-0.24912	0.07313	0.87017	1.73534	4.58207	0.03987	0.26941	-2.96558	-2.22825	0	0	0	0	-0.58852	0	-0.00537	3.1863	0.00414	0	3.18216	-0.67845	0	0	-1.6204	-0.48304	6.9731	127.094	57.906
GLY_272	-1.88993	0.35529	2.4133	-7e-05	0	0	1.09088	3.16615	0.04037	0.41228	-0.12535	-0.35452	0	0	0	0	0	0	-0.33759	0	0	0	0	-2.50976	0	0	1.435	-1.10265	2.59342	109.641	54.3593
GLY_273	-3.32442	0.81091	2.39742	-0.00024	0	0	1.20838	4.02594	0.02038	0.25734	-1.53121	-0.25875	0	0	0	0	0	0	-0.24076	0	0	0	0	1.44378	0	0	1.435	-0.094	6.14978	159.135	4.8652
VAL_274	-4.61897	0.85643	3.53053	-0.26774	0.34802	0.05808	3.10416	5.69026	0	0	-2.40133	-0.27529	0	0	0	0	0	0	-0.03171	0.71672	0.35312	0.3636	0	-0.92693	0	0	2.7371	0.38351	9.61955	117.07	64.9296
CYS_275	-6.61213	3.62509	3.05961	-0.03716	0	0.01564	2.38586	4.92239	0	0	-1.844	-0.23711	0	0	0	0	0	0	0.04619	0.41693	0.04998	0.36695	0	0.09218	0	0	4.3148	-0.14741	10.4178	151.376	4.62394
ILE_276	-3.89673	0.73324	3.42542	-0.47507	1.26603	0.09687	2.90797	5.04601	0	0	-2.32758	0.0834	0	0	0	0	0	0	-0.0803	2.90273	2.43822	0.46451	0	-1.03144	0	0	1.8006	-0.40381	12.9501	95.6353	111.365
ALA_277	-5.16975	1.21045	1.99377	-0.02346	0	0	2.8396	5.25283	0	0	-2.25293	-0.39299	0	0	0	0	0	0	-0.01897	0	0	0	0	0.3426	0	0	2.2619	-0.05739	5.98567	153	0
THR_278	-5.18636	1.50105	3.73708	-0.1288	0.08081	0.09226	3.47712	5.91788	0.00314	0.01176	-2.07835	-0.99125	0	0	0	0	0	0	0.05796	0.47996	0.04233	0.43763	0	-0.2823	0	5.02361	-0.9333	-0.10729	11.1549	129.072	44.9276
ASN_279	-7.56736	2.49369	5.54525	-0.22404	0.08005	0.38682	3.75141	8.0405	0	0	-2.81292	-0.89363	0	0	0	0	-1.10597	0	2.30053	7.06446	1.72716	0	5.3373	-0.75691	0	0	-0.3009	0.78311	23.8486	170.932	13.0677
ILE_280	-6.01539	1.28616	2.13051	-0.46754	0.90834	0.10212	1.65567	4.76853	0.0122	0.05577	-1.32299	-0.08611	0	0	0	-0.01854	0	0	0.01766	3.09745	0.12788	2.96956	0	2.36064	0	0	1.8006	4.26823	17.6508	185.76	21.2396
THR_281	-4.0301	0.74609	3.59118	-0.1088	0.06497	0.06471	2.92404	5.03103	0	0	-1.85903	-0.41757	0	0	0	0	0	0	0.2037	1.48361	1.3162	0.16741	0	-1.11889	0	5.0415	-0.9333	2.88147	15.0482	95.2097	78.7903
LEU_282	-4.89087	1.12219	0.37181	-0.58796	0.40485	0.14483	0.34904	2.76157	0	0	-0.02729	0.28652	0	0	0	0	0	0	0.04294	1.72678	0.49786	1.22892	0	-0.14293	0	0	1.3223	-0.14723	4.46333	146.387	63.6127
LYS_283	-2.83914	1.22054	2.72583	-0.62344	1.003	0.34794	1.88656	3.42015	0	0	-1.56489	0.00078	0	0	0	0	0	0	2.67682	7.00617	0.68871	6.31746	0	0.42274	0	0	-0.8895	1.86165	23.6614	66.8748	185.125
ASP_284	-3.85379	0.27218	4.43167	-0.12901	0.08109	0.3934	2.9779	4.92361	0.0227	0.09538	-5.02163	-0.77056	0	0	0	0	-0.65998	0	0.27831	4.37329	0.14787	0	4.22542	-0.79312	0	0	-1.6204	5.83072	15.205	119.168	65.8322
THR_285	-6.78937	1.4169	3.91989	-0.18018	0.27557	0.06563	2.56125	6.73873	0.00131	0.01217	-2.341	-0.53751	0	0	0	0	0	0	0.1255	0.23208	0.01377	0.2183	0	-0.22115	0	5.03183	-0.9333	4.15181	13.7622	154.117	19.8829
PHE_286	-10.1182	1.38891	2.01808	-0.57286	0.06961	0.27044	3.37764	6.69338	0.02229	0.08962	-2.95961	0.12083	0	0	0	0	0	0	-0.04398	3.16006	0.00022	0	3.15985	-0.28675	0	0	1.9602	-0.34507	8.00463	237	0
PHE_287	-7.35592	2.30549	4.8908	-0.56611	0.09086	0.25439	3.11373	7.26115	0	0	-2.30709	0.02488	0	0	0	0	0	0	0.29012	3.16864	0.46858	0	2.70006	-0.37716	0	0	1.9602	-0.75108	15.1715	158.348	78.6519
ASN_288	-7.39119	1.26462	5.80409	-0.22134	0.29403	0.33782	3.96133	7.99223	0.00055	0.01076	-2.81118	-0.76695	0	0	0	0	-1.10597	0	0.05071	4.89824	0.25998	0	4.63826	0.0999	0	0	-0.3009	-0.30152	16.7135	178.174	5.82572
LYS_289	-3.01467	1.08432	3.09148	-0.89323	2.47828	0.52432	1.6089	3.95704	0	0	-0.45488	0.33029	0	0	0	0	0	0	-0.07324	4.19787	0.48545	3.71242	0	0.58108	0	0	-0.8895	0.45925	17.1852	102.63	149.37
VAL_290	-7.8882	2.75891	3.10846	-0.26693	0.4146	0.052	2.90694	6.73148	0	0	-2.19651	-0.0271	0	0	0	0	0	0	-0.09175	1.00205	0.24887	0.75319	0	-0.97299	0	0	2.7371	0.14229	9.4124	181.392	0.60815
ARG_291	-4.38712	1.51837	4.90841	-0.47687	0.16244	0.24693	3.78783	5.98689	0.00314	0.01176	-3.24886	0.51524	0	0	0	0	-0.17474	0	-0.01623	3.35426	0.29279	3.06148	0	-0.14257	0	0	-0.1423	-0.51348	14.7474	104.957	160.043
PHE_292	-8.48181	1.0271	1.28903	-0.70821	0.44159	0.10704	1.20711	4.9723	0	0	-0.8163	-0.50243	0	0	0	0	0	0	0.015	4.2625	0.53346	0	3.72904	-0.44926	0	0	1.9602	0.43872	9.02509	227.27	9.7304
ASP_293	-3.80146	1.19411	4.91512	-0.10911	3e-05	0.31808	3.17069	5.87853	0	0	-3.2925	-0.18092	0	0	0	0	-0.17474	0	-0.0446	4.25291	0.04474	0	4.20817	1.40825	0	0	-1.6204	1.16798	17.3349	115.93	69.0696
GLY_294	-3.90418	1.09956	2.1245	-0.00098	0	0	1.4329	4.07446	0	0	-2.10341	-0.3581	0	0	0	0	0	0	0.04269	0	0	0	0	1.9176	0	0	1.435	2.97084	8.73089	160.835	3.16486
VAL_295	-4.70377	0.7099	3.7909	-0.30465	0.36813	0.06321	2.83589	5.8644	0	0	-1.66672	-0.41876	0	0	0	0	0	0	-0.02042	0.15499	0.00956	0.14543	0	0.07126	0	0	2.7371	2.81781	12.4543	101.543	80.4567
ASN_296	-3.48581	0.26837	2.50079	-0.24717	0.55711	0.36206	0.58265	3.59537	0.08021	0.68073	0.11416	-0.49221	0	0	0	0	0	0	-0.03234	6.72015	0.00091	0	6.71924	-1.35271	0	0	-0.3009	0.15678	16.4274	58.985	125.015
PHE_297	-8.36333	2.3965	2.05919	-0.53864	0.0715	0.21007	1.7767	5.1292	0	0	-1.06768	0.12587	0.25064	0	0	-1.86683	0	0	-0.08976	3.71075	0.48174	0	3.229	-0.13573	0	0	1.9602	2.38785	11.7272	224.189	12.8107
PRO_298	-4.25927	1.2787	3.85684	-0.13337	0.00635	0.0946	1.45743	3.9758	0.08647	0.51171	-1.28094	0.2047	0.98459	0	0	0	0	0	-0.17786	0.73746	0.42485	0.31261	0	-1.09096	0	0	-4.6787	5.04355	7.35455	146.734	52.2661
PRO_299	-3.16022	0.52199	2.42872	-0.08551	0.00107	0.05231	1.45745	2.83025	0.00011	0.00042	-0.42723	0.72651	0.7924	0	0	-0.80084	0	0	-0.29048	1.95188	1.05138	0.90051	0	-0.05648	0	0	-4.6787	2.57694	5.79248	79.276	119.724
ASN_300	-2.89804	0.45843	2.25278	-0.20908	0.09556	0.34906	0.54987	2.86128	0.00011	0.00042	0.13892	-0.72229	0	0	0	0	0	0	-0.12538	4.8979	0.30679	0	4.59111	-0.85507	0	0	-0.3009	-0.75885	10.6326	43.6686	140.331
GLY_301	-3.34298	0.58469	4.30964	-0.00027	0	0	2.23598	5.22842	0.00974	0.06455	-1.99803	-0.1784	0.726	0	0	0	0	0	-0.11549	0	0	0	0	-0.13917	0	0	1.435	2.06032	10.88	151.75	12.2505
PRO_302	-5.51197	0.58786	2.9272	-0.08965	0.00186	0.05544	1.82231	4.10466	0	0	-1.38389	0.7384	0.74522	0	0	0	0	0	-0.0924	1.57912	0.97356	0.60557	0	0.38267	0	0	-4.6787	2.77895	5.54619	171.586	27.4139
VAL_303	-6.63624	1.46111	1.5417	-0.29909	0.34766	0.06348	2.3404	5.04091	0	0	-0.06074	-0.03846	0	0	0	0	0	0	0.02463	0.40977	0.38048	0.02929	0	-0.70032	0	0	2.7371	0.62474	7.26641	181.23	0.76969
MET_304	-6.42899	0.42375	4.24078	-0.71351	0.33114	0.21005	1.42722	5.17524	0.07673	0.44716	0.12774	0.06299	0	0	0	0	0	0	0.03896	2.45088	1.30442	1.14646	0	-0.12756	0	0	1.4633	0.53463	12.1914	222.046	39.9539
GLN_305	-5.8036	0.98248	5.91481	-0.67499	0.20956	0.7204	2.67585	6.89899	0	0	-1.73114	-0.59579	0	0	0	-0.80084	0	0	0.00816	3.38824	0.55754	0	2.8307	-0.19626	0	0	-0.1077	-0.58434	13.6921	131.289	85.7108
LYS_306	-4.17245	0.40061	4.66955	-0.51798	0.64859	0.29293	1.847	5.60774	0.07398	0.22269	-0.98644	-0.23606	0	0	0	0	0	0	-0.09405	4.81923	1.39764	3.42159	0	-0.34883	0	0	-0.8895	0.29142	16.4477	151.4	100.6
LYS_307	-6.19484	0.54086	5.70096	-0.58498	0.87951	0.41185	2.79009	6.28057	0.08574	0.19835	-1.95444	-0.10507	0	0	0	0	0	0	-0.12584	2.54973	0.09163	2.45811	0	0.09188	0	0	-0.8895	0.56948	12.7941	150.323	101.677
THR_308	-5.36403	0.94703	2.4437	-0.13978	0.15341	0.09259	1.51499	4.55612	0	0	0.2871	-1.09316	0	0	0	0	0	0	0.04484	1.4662	0.73644	0.72975	0	0.14275	0	5.03292	-0.9333	-0.10893	10.5086	157.654	16.3456
LEU_309	-5.18072	1.42739	3.17989	-0.50314	1.02002	0.12561	1.27765	4.44589	0.07824	0.4458	-0.72123	0.18761	0	0	0	0	0	0	0.1857	0.75742	0.08069	0.67673	0	-0.33219	0	0	1.3223	0.8135	9.28717	125.198	84.8022
LYS_310	-4.56632	0.6552	4.42998	-0.48339	0.44071	0.30841	2.23	5.20354	0.08997	0.53348	-1.40923	-0.23402	0	0	0	0	0	0	0.36083	3.1081	1.27056	1.83754	0	0.80698	0	0	-0.8895	2.87299	16.5658	150.124	101.876
TRP_311	-9.13833	2.66745	1.6551	-0.81154	0.04043	0.24942	1.42627	5.5257	0.05218	0.30751	-1.44894	-0.18269	0	0	0	0	0	0	13.37	3.15503	0.28234	0	2.87269	1.1881	0	0	3.7077	4.46151	29.3799	236.629	33.3712
ALA_312	-2.71782	0.71871	0.29027	-0.02096	0	0	0.62175	2.05667	0.07327	0.41705	-0.48621	-0.1847	0	0	0	0	0	0	0.34207	0	0	0	0	0.24072	0	0	2.2619	2.59918	6.2119	97.1019	55.8981
SER_313	-4.82919	0.74826	4.75722	-0.0426	0.03344	0.06496	3.48761	5.90639	0.01126	0.06364	-0.6482	-0.48812	0	0	0	0	0	0	0.13193	0.16757	0.09198	0.07559	0	-0.91763	0	4.04	-0.539	0.01394	12.1291	156.426	5.57357
THR_314	-6.52454	3.85654	5.05726	-0.18263	0.20171	0.07033	3.16827	6.80058	0.04369	0.30271	-0.02986	-0.56205	0	0	0	0	0	0	0.01364	1.07933	0.68693	0.39239	0	0.45957	0	5.05108	-0.9333	0.8802	19.8318	172.66	1.34041
GLU_315	-9.61236	3.69148	9.4779	-0.28679	0.08317	0.34187	5.44173	10.8305	0.04224	0.20621	-4.57741	-0.2489	0	0	0	0	-1.16406	0	-0.08687	4.25347	0.1775	0	4.07597	0.07859	0	0	-1.6358	0.7637	21.8522	223	0
LYS_316	-8.97689	4.75942	9.47629	-0.62907	1.77069	0.46172	6.05411	10.5065	0.1605	0.64056	-1.82658	0.09949	0	0	0	0	0	0	-0.16696	6.37572	0.13028	6.24543	0	0.58384	0	0	-0.8895	-0.2495	34.526	238.23	13.7701
MET_317	-9.37562	1.45826	4.75121	-0.2805	0.13333	0.11449	1.91693	6.70273	0	0	-1.31345	-0.39284	0	0	0	0	0	0	-0.10666	6.21207	2.34844	3.86363	0	0.39599	0	0	1.4633	-0.13004	17.7613	258.959	3.04075
TYR_318	-9.27388	13.9203	6.74022	-0.97432	0.37794	0.53073	4.14042	8.97124	0.01899	0.05912	-1.72771	-0.40683	0	0	0	0	0	0	0.096	2.90374	0.03863	0	2.86511	-0.65341	0	0	1.7379	0.37024	29.7344	229.553	18.4467
LEU_319	-5.49437	1.80974	1.57944	-0.48709	0.71004	0.09727	0.43817	4.17908	0.09747	0.82416	-0.3686	0.18206	0	0	0	0	0	0	-0.05802	1.19154	0.07597	1.11558	0	-0.60757	0	0	1.3223	0.3096	6.91676	156.266	53.7344
ARG_320	-7.80762	14.8621	9.05664	-0.81701	0.54749	0.45881	4.67736	9.73574	0.05877	0.37308	-2.69132	0.09788	0	0	0	0	-1.41845	0	-0.14983	6.1977	2.21842	3.97928	0	0.14128	0	0	-0.1423	0.00732	39.3853	196.403	68.5973
ASP_321	-1.3192	0.31733	1.69476	-0.28027	0.11734	0.94885	0.50472	2.10018	0	0	0.4657	-0.27809	0	0	0	0	0	0	-0.13581	3.00655	0.06768	0	2.93888	-0.96986	0	0	-1.6204	0.37416	7.93249	37.9504	147.05
GLY_322	-1.98292	0.45623	1.58502	-5e-05	0	0	0.07716	2.61397	0.01953	0.06803	0.13037	-0.37588	0	0	0	0	0	0	-0.38248	0	0	0	0	-2.29884	0	0	1.435	-0.5577	0.78744	111.163	52.8367
VAL_323	-5.63071	0.61692	4.46139	-0.27266	0.29849	0.05588	3.25366	6.83329	0	0	-1.90566	-0.16323	0	0	0	0	0	0	-0.08585	0.59947	0.21881	0.38066	0	-1.18873	0	0	2.7371	-1.15094	9.0579	131.779	50.2214
LEU_324	-8.12794	2.24298	2.50986	-0.56389	1.01575	0.12425	2.40834	5.73652	0.01953	0.06803	-1.90878	0.37081	0	0	0	0	0	0	0.09196	0.69353	0.15544	0.5381	0	-0.27168	0	0	1.3223	-0.6212	5.8039	210	0
THR_325	-8.26049	2.26304	6.09694	-0.16068	0.1444	0.05702	4.63419	8.61417	0	0	-2.43488	-0.56373	0	0	0	0	0	0	-0.01738	0.6096	0.01493	0.59467	0	-0.29055	0	5.02694	-0.9333	-0.15671	15.2382	174	0
GLY_326	-4.80765	1.27893	4.45272	-0.0007	0	0	3.1276	6.03951	0	0	-2.86301	-0.37184	0	0	0	0	0	0	0.06217	0	0	0	0	2.69204	0	0	1.435	2.96373	14.0085	164	0
ASP_327	-7.18048	0.83513	9.44728	-0.10331	0.03596	0.29449	6.1261	10.4617	0.03713	0.2122	-6.47522	-0.01382	0	0	0	0	-2.10666	0	0.0524	3.04593	0.19261	0	2.85332	1.24999	0	0	-1.6204	3.2342	20.5785	178.592	6.40782
ILE_328	-8.46693	4.2059	4.64694	-0.4551	1.97484	0.08785	2.4848	6.84271	0.05405	0.43449	-2.0799	0.07734	0	0	0	0	0	0	0.12573	6.14394	5.34129	0.80265	0	-0.316	0	0	1.8006	0.51791	24.2231	192.661	14.3392
THR_329	-5.32602	2.94607	4.46846	-0.19323	0.23723	0.08452	1.48502	5.5863	0.08994	0.21467	-0.63809	-0.81226	0	0	0	0	0	0	0.26034	0.18319	0.05415	0.12904	0	1.12045	0	5.02134	-0.9333	1.90374	15.8816	169.333	4.66662
MET_330	-7.56188	3.0751	2.66796	-0.37526	0.30225	0.03792	1.32949	4.32338	0.0318	0.27148	-1.68178	-0.03549	0	0	0	-0.51971	0	0	0.00147	4.00694	2.11994	1.887	0	-0.0213	0	0	1.4633	1.60542	12.928	253.494	8.50645
ALA_331	-3.54562	0.2618	1.32796	-0.0243	0.00037	0	0.64939	3.06364	0.01121	0.03297	-0.49993	-0.41391	0	0	0	0	0	0	0.08018	0	0	0	0	-0.12736	0	0	2.2619	0.49131	3.56961	129.237	23.7628
LEU_332	-8.92543	3.18817	2.97127	-0.44196	0.36907	0.08139	2.98469	6.80708	0	0	-2.66283	0.10852	0	0	0	0	0	0	0.31272	5.14956	3.82029	1.32927	0	-0.62658	0	0	1.3223	0.35353	16.1411	205.644	4.35609
LEU_333	-7.17204	0.73671	5.22837	-0.57033	0.43148	0.13114	3.20144	7.31167	0.01121	0.03297	-3.94727	0.35267	0	0	0	0	0	0	-0.05673	1.21959	0.44105	0.77854	0	-0.38625	0	0	1.3223	-0.58145	8.48506	173.104	36.8958
LEU_334	-8.34679	2.45481	3.54645	-0.4697	0.38089	0.0849	2.09218	6.52976	0	0	-1.69917	0.24338	0	0	0	0	0	0	0.03575	1.47024	0.81297	0.65726	0	-0.18869	0	0	1.3223	-0.08627	8.84028	187.292	22.7085
LYS_335	-3.86713	1.04712	3.38172	-0.30682	0.05134	0.1361	1.72297	3.68487	0.08574	0.19835	-0.81245	0.20961	0	0	0	0	0	0	86.9536	1.33714	0.07473	1.26241	0	0.94994	0	0	-0.8895	4.0999	99.3196	93.1925	158.807
VAL_336	-3.21713	0.78427	2.62609	-0.29432	0.40669	0.06612	1.57947	3.95371	0	0	-1.52697	-0.8629	0	0	0	0	0	0	0.00727	3.14928	0.23078	2.9185	0	4.88411	0	0	2.7371	9.31586	26.7579	53.6762	128.324
HIS_337	-5.28632	0.69772	2.66287	-0.40271	0.00367	0.45791	0.53173	4.39061	0.08885	0.78011	-0.45701	0.18326	0	0	0	0	0	0	0.50969	3.46707	0.37334	0	3.09372	-0.10802	0	0	0.8406	5.30205	17.1292	189.17	51.8296
TYR_338	-7.97719	2.23742	4.75965	-0.71558	0.07648	0.20795	3.67509	6.81342	0.02035	0.25638	-3.54239	-0.42849	0	0	0	0	-0.58852	0	-0.094	4.21804	0.45294	0	3.76511	-0.25693	0	0	1.7379	0.69345	15.3111	229.243	18.7568
ARG_339	-8.13691	2.72726	9.31514	-1.43661	2.03176	0.86155	5.52759	10.2268	0.14111	1.16836	-5.61683	0.90217	0	0	0	-1.67405	-1.56234	0	0.0066	7.15597	0.60341	6.55255	0	0.78505	0	0	-0.1423	2.62354	32.0599	235.79	29.2102
ASP_340	-3.49974	0.22515	5.00301	-0.10918	0.04528	0.32012	3.80574	5.78315	0.0827	0.52382	-3.74348	0.0749	0	0	0	0	-0.89404	0	-0.07396	5.56396	0.34537	0	5.21859	0.0563	0	0	-1.6204	2.34699	19.4543	128.655	56.3453
PHE_341	-8.36351	2.57075	2.634	-0.50911	0.51225	0.19254	2.70575	4.744	0	0	-2.04825	-0.20449	0	0	0	0	0	0	1.69742	6.85425	1.55497	0	5.29929	-0.40918	0	0	1.9602	0.24374	19.4346	230.072	6.9276
ARG_342	-6.17236	1.15914	6.44861	-0.7138	0.28101	0.43812	2.75977	7.23611	0.07823	0.59987	-3.22218	0.5297	0	0	0	0	-1.42663	0	0.18374	3.971	0.83095	3.14004	0	-0.06994	0	0	-0.1423	0.04867	15.9578	154.512	110.488
THR_343	-7.83774	2.02505	4.96012	-0.15746	0.14361	0.05966	4.04092	7.78354	0.00243	0.02156	-3.32516	-0.63363	0	0	0	0	-0.05419	0	0.40293	1.15096	0.83862	0.31234	0	-0.3612	0	5.03763	-0.9333	0.4579	13.9346	174	0
THR_344	-5.54543	1.0394	4.10755	-0.1278	0.04598	0.09051	3.35945	6.09457	0.00366	0.01785	-2.44051	-0.5843	0	0	0	0	0	0	0.17523	2.54619	0.68294	1.86325	0	-0.33389	0	5.03153	-0.9333	0.03289	15.1258	135.658	38.342
TYR_345	-10.3619	2.32749	4.00592	-0.60445	0.08302	0.35246	3.09881	7.41534	0.00243	0.02156	-1.03119	-0.17547	0	0	0	0	0	0	-0.06425	3.4822	0.73688	0	2.74532	-0.00892	0	0	1.7379	-0.27625	13.4869	242.311	5.68935
LYS_346	-3.86302	0.42764	4.6765	-0.46739	0.22316	0.29874	2.66695	5.20078	0.00173	0.0166	-2.31337	-0.3262	0	0	0	0	0	0	-0.00376	4.52857	0.19637	4.3322	0	0.41511	0	0	-0.8895	0.63232	15.7534	158.486	93.5135
SER_347	-3.12942	1.11898	2.70321	-0.03385	0.01116	0.04148	1.7788	3.28244	0.00078	0.01215	-0.7312	0.01634	0	0	0	0	0	0	-0.0066	2.33563	0.18367	2.15196	0	-0.05921	0	4.04	-0.539	0.4618	13.6391	129.646	32.3542
ARG_348	-3.17734	0.35502	4.09521	-0.9326	0.87629	0.72838	2.0851	4.90976	0.03837	0.24854	-0.52837	0.01847	0	0	0	-0.01854	0	0	9.31769	4.99672	1.9726	3.02412	0	-0.24029	0	0	-0.1423	1.30227	28.9291	129.547	135.453
GLU_349	-0.98028	0.06584	1.35079	-0.46534	0.38685	1.60073	0.58508	1.58704	0	0	0.8838	-0.04722	0	0	0	0	0	0	-0.00506	6.97002	0.42206	0	6.54796	-0.04389	0	0	-1.6358	1.64333	18.8659	49.3076	173.692
GLY_350	-1.08645	0.11052	1.30226	-4e-05	0	0	0.27775	1.4664	0.03201	0.32891	0.12619	-0.37003	0	0	0	0	0	0	-0.20616	0	0	0	0	-1.86927	0	0	1.435	-0.80655	0.74054	94.8851	69.1149
VAL_351	-5.60495	0.95162	1.2244	-0.27552	0.35351	0.05393	0.70658	3.89165	0	0	-0.20974	0.36094	0	0	0	0	0	0	-0.17667	0.21325	0.00125	0.212	0	-0.33172	0	0	2.7371	-1.0861	3.02152	157.162	24.8384
LYS_352	-4.25469	0.33704	3.48676	-0.47533	0.21476	0.26903	1.82121	3.98731	0.00441	0.04887	-1.51382	0.54416	0	0	0	-2.10255	0	0	-0.14943	3.15354	0.15057	3.00297	0	0.2014	0	0	-0.8895	-0.46348	7.37324	111.072	140.928
LEU_353	-3.85098	0.7711	1.00645	-0.51491	0.63528	0.11287	0.29928	2.30973	0.00441	0.04887	-0.12697	0.35008	0.39417	0	0	0	0	0	-0.00245	2.58679	1.79172	0.79507	0	-0.38612	0	0	1.3223	1.99488	9.54157	123.772	86.228
PRO_354	-4.61398	1.45805	1.63618	-0.20122	0.05356	0.15086	0.65911	1.6405	0	0	0.02772	0.1059	0.39498	0	0	0	0	0	5.883	1.59538	1.51622	0.07916	0	1.62075	0	0	-4.6787	6.34694	13.6744	161.739	37.2606
HIS_355	-7.90019	4.44345	4.96036	-0.66747	0.01764	0.82064	2.64109	7.41534	0	0	-2.25674	0.50714	0	0	0	0	0	0	0.22371	2.24424	0.09841	0	2.14583	5.02879	0	0	0.8406	10.2153	30.7782	200.687	40.3132
PHE_356	-10.1217	3.58834	4.73131	-0.67948	0.23425	0.45197	3.17347	9.12154	0	0	-2.59838	0.30548	0	0	0	0	0	0	0.13513	4.01733	1.59343	0	2.4239	-0.50923	0	0	1.9602	5.50486	23.3324	220.142	16.8581
VAL_357	-8.33673	1.94217	4.31062	-0.27475	0.28939	0.06271	3.21098	8.15128	0	0	-2.21059	-0.40362	0	0	0	0	0	0	0.37275	0.28185	0.01187	0.26999	0	-0.43047	0	0	2.7371	0.24345	10.228	180.461	1.53938
ASP_358	-5.42197	0.59418	7.04947	-0.10885	0.02566	0.31195	3.95399	8.37946	0	0	-2.78932	-0.17475	0	0	0	0	-0.54473	0	-0.00234	2.71363	0.00931	0	2.70433	0.29659	0	0	-1.6204	0.37966	15.7559	164.931	20.069
HIS_359	-7.40352	2.02504	7.69445	-0.3862	0.0099	0.39686	4.71507	9.72721	0.01126	0.06364	-2.3057	-0.23156	0	0	0	0	-0.75885	0	0.68957	2.68349	0.00634	0	2.67715	-0.40896	0	0	0.8406	-0.67346	19.3723	208.509	32.4906
CYS_360	-4.2721	0.44668	3.2249	-0.06808	0.01264	0.05039	2.36461	4.27725	0	0	-1.57568	-0.51191	0	0	0	0	0	0	0.09339	0.04669	0.0009	0.04579	0	-0.73161	0	0	4.3148	0.55865	8.27731	132.818	23.1822
ILE_361	-5.53162	1.29649	1.37299	-0.56381	1.55164	0.11341	0.92214	3.46274	0.0324	0.15583	-0.48731	0.20671	0	0	0	0	0	0	0.13629	2.25249	0.49731	1.75518	0	-0.94153	0	0	1.8006	0.70833	8.74027	193.969	13.0307
SER_362	-3.94939	0.42476	4.05539	-0.03359	0.00563	0.02301	2.58507	5.23778	0	0	-2.2007	-0.62022	0	0	0	0	0	0	0.271	1.8421	0.07673	1.76537	0	-0.28448	0	4.04	-0.539	-0.1219	12.5776	125.535	36.4647
ILE_363	-5.42467	1.38658	0.49698	-0.48991	1.29949	0.10833	0.70695	3.49425	0	0	0.19112	0.04357	0	0	0	0	0	0	0.00146	6.19219	5.69258	0.49961	0	-0.63271	0	0	1.8006	0.00473	15.3712	148.938	58.062
LEU_364	-5.21071	1.04997	2.91509	-0.53336	1.40053	0.1364	1.06468	3.96285	0	0	-0.71648	0.30688	0	0	0	0	0	0	0.41924	2.52486	2.04985	0.475	0	-0.47879	0	0	1.3223	-0.27385	10.4145	129.653	80.3471
ARG_365	-5.07329	0.71995	4.56489	-0.80647	0.50005	0.63705	2.11493	5.32974	0	0	-1.21148	-0.21094	0	0	0	0	0	0	0.60324	5.38475	2.28911	3.09564	0	-0.10645	0	0	-0.1423	0.78816	18.4766	111.159	153.841
HIS_366	-2.05372	0.28109	0.2878	-0.95834	0.13134	1.32028	0.09086	1.01545	0	0	-0.02823	-0.42745	0	0	0	0	0	0	0.37018	2.73411	0.06322	0	2.67088	1.25808	0	0	0.8406	3.87824	11.4744	54.2218	186.778
ASP_367	-0.67883	0.02239	0.94616	-0.13111	0.02528	0.3973	0.20928	1.01406	0.09909	0.59266	-0.26651	-1.26805	0	0	0	0	0	0	55.002	6.36586	2.36469	0	4.00117	-0.04284	0	0	-1.6204	7.48495	74.5172	40.4575	144.543
ASN_368	-2.6279	0.83357	1.97375	-0.16403	0.04995	0.25823	1.89408	2.90867	0	0	-1.43061	-0.38624	0	0	0	0	0	0	1.37551	2.96682	0.08406	0	2.88276	-1.04671	0	0	-0.3009	8.32517	17.5962	86.9125	97.0875
VAL_369	-6.1762	1.76723	1.78649	-0.25948	0.34423	0.05384	2.5331	4.71119	0.0056	0.01693	-1.46544	-0.32821	0	0	0	0	0	0	0.19544	3.93952	0.28941	3.65011	0	4.8861	0	0	2.7371	8.26879	26.9557	154.554	27.446
LYS_370	-7.44517	1.11389	8.00616	-0.60249	0.62277	0.25123	4.38202	8.67649	0	0	-3.89266	0.23863	0	0	0	0	0	0	-0.13045	2.84414	0.03589	2.80825	0	0.64341	0	0	-0.8895	4.59442	21.257	201.869	50.1308
LEU_371	-7.06542	1.44094	2.97592	-0.47712	0.41534	0.07756	2.74221	5.81825	0.0056	0.01693	-1.78578	0.29099	0	0	0	0	0	0	0.2577	3.38859	1.04445	2.34415	0	-0.38935	0	0	1.3223	-0.21593	12.2073	195.044	14.9561
TYR_372	-7.0125	1.43859	5.20845	-0.73671	0.09044	0.09693	3.63876	7.28152	0	0	-2.62645	-0.49492	0	0	0	0	0	0	-0.03881	3.38163	0.29238	0	3.08925	-0.23704	0	0	1.7379	-0.14058	14.9689	176.446	71.5538
GLU_373	-6.21755	2.45054	6.73212	-0.30476	0.23135	0.40216	4.36031	7.75729	0.00036	0.00652	-1.86784	-0.33798	0	0	0	0	-0.18534	0	0.00268	7.33417	3.06561	0	4.26857	-0.17428	0	0	-1.6358	0.30032	26.1884	198.622	24.3775
HIS_374	-6.0454	1.7202	5.69946	-0.43892	0.07091	0.31485	3.03066	6.91989	0.00723	0.03364	-1.79209	-1.18125	0	0	0	0	0	0	1.04106	10.0787	0.00257	0	10.0761	-0.10051	0	0	0.8406	0.3042	30.5819	211.392	29.6082
VAL_375	-5.1129	0.32932	3.65488	-0.26713	0.32467	0.05932	3.18018	5.74815	0	0	-2.23791	-0.4684	0	0	0	0	0	0	0.00376	2.34623	0.05975	2.28648	0	3.4447	0	0	2.7371	4.31573	20.4039	140.255	41.7447
ALA_376	-5.47341	2.46388	1.04319	-0.02344	0	0	1.97634	4.4661	0	0	-1.21386	-0.22488	0	0	0	0	0	0	0.0709	0	0	0	0	0.07281	0	0	2.2619	3.83927	9.2588	151.176	1.82445
HIS_377	-7.47218	1.17303	6.89319	-0.81045	0.07223	1.02125	4.62196	9.31536	0.00648	0.09032	-4.01009	-0.73869	0	0	0	-0.79492	-0.54473	0	0.24085	2.19566	0.01811	0	2.17755	-0.56664	0	0	0.8406	0.42737	14.1563	206.484	34.5158
SER_378	-2.66046	0.41011	2.25856	-0.03834	0.04059	0.0288	1.16298	3.10921	0	0	0.02427	-0.68527	0	0	0	0	-0.39356	0	-0.11902	1.05835	0.28258	0.77577	0	0.0382	0	4.04	-0.539	0.68047	9.47423	114.067	47.9331
GLY_379	-2.04132	0.2952	2.19901	-0.00022	0	0	1.3199	2.89189	0	0	-0.73923	0.2945	0	0	0	-0.79492	0	0	0	0	0	0	0	0	0	0	1.435	-0.03756	4.82224	106.906	57.0941