label	fa_atr	fa_rep	fa_sol	fa_intra_atr_xover4	fa_intra_rep_xover4	fa_intra_sol_xover4	lk_ball	lk_ball_iso	lk_ball_bridge	lk_ball_bridge_uncpl	fa_elec	fa_intra_elec	pro_close	hbond_sr_bb	hbond_lr_bb	hbond_bb_sc	hbond_sc	dslf_fa13	omega	fa_dun	fa_dun_dev	fa_dun_rot	fa_dun_semi	p_aa_pp	yhh_planarity	hxl_tors	ref	rama_prepro	total	BSA	SASA
HIS_1	-1.69235	1.08403	1.8578	-0.88638	0.04837	1.33192	0.65929	2.14837	0.00055	0.00566	-0.79214	-1.26239	0	0	0	0	0	0	0.2748	5.38013	0.00195	0	5.37818	0	0	0	0.8406	0	14.3784	48.9482	192.052
MET_2	-4.5747	2.10176	3.14245	-0.3274	0.25757	0.0639	1.07031	3.56491	0	0	-1.03735	0.32334	1.41959	0	0	0	0	0	-0.04249	2.26585	0.38861	1.87724	0	0.29746	0	0	1.4633	2.25751	14.5119	190.091	71.9089
PRO_3	-5.86078	6.09217	2.96867	-0.17821	0.00118	0.12516	1.76945	3.21973	0	0	-0.7296	0.14515	1.42528	0	0	0	0	0	0.26389	1.08188	0.29329	0.78859	0	-1.69799	0	0	-4.6787	1.69324	6.7224	191.027	7.97257
ASN_4	-3.77826	0.35526	3.4827	-0.26406	0.11192	0.46407	2.19267	4.86228	0.06123	0.55683	-0.77875	-0.85529	0	0	0	-1.04101	0	0	-0.07867	3.20471	0.68721	0	2.5175	-0.53076	0	0	-0.3009	-0.59471	10.274	100.356	83.6437
PHE_5	-10.1889	2.94943	2.30613	-0.54808	0.12194	0.26666	2.05581	6.41578	0.029	0.1814	-1.92476	-0.02093	0	0	0	-0.94591	0	0	0.67591	3.60254	0.10459	0	3.49795	0.23997	0	0	1.9602	0.18354	10.9623	237	0
SER_6	-4.7466	0.98693	5.35986	-0.03446	0.001	0.02177	3.17356	6.56738	0	0	-1.95305	-0.51587	0	0	0	-0.96297	0	0	0.36055	0.57782	0.01471	0.56311	0	0.05101	0	4.04	-0.539	-0.1866	12.7791	136.576	25.4238
GLY_7	-3.45502	0.3208	3.91124	-0.0012	0	0	2.69766	4.99817	0	0	-1.83887	-0.32432	0	0	0	0	0	0	1.94956	0	0	0	0	-2.52916	0	0	1.435	0.0678	7.23166	144.111	19.8891
ASN_8	-4.44713	0.48724	4.15611	-0.18749	0.00983	0.29266	2.04823	5.15174	0.02453	0.17026	-2.07018	-0.58536	0	0	0	0	0	0	1.98564	2.92223	0.00159	0	2.92064	0.78636	0	0	-0.3009	0.50563	13.8716	104.519	79.4812
TRP_9	-13.5492	2.45547	5.40551	-0.85622	0.08396	0.37075	3.0077	10.1195	0.01292	0.09576	-2.66012	-0.20692	0	0	0	-0.26583	0	0	0.06849	1.96134	0.03813	0	1.92321	0.00136	0	0	3.7077	-0.10429	11.6092	269.392	0.60815
LYS_10	-4.80406	0.84084	4.71847	-0.38463	0.10602	0.18371	3.18685	5.89433	0	0	-2.45793	0.04807	0	0	0	0	0	0	-0.10386	2.69479	0	2.69479	0	0.53306	0	0	-0.8895	-0.15082	12.1101	123.096	128.904
ILE_11	-6.92533	1.92311	2.54841	-0.56649	1.44951	0.11683	1.12949	4.93295	0.00064	0.00241	-0.30505	0.21532	0	0	0	0	0	0	0.90351	2.53973	0.02816	2.51157	0	-0.55249	0	0	1.8006	-0.50074	11.2521	175.938	31.0619
ILE_12	-4.96503	0.52187	2.20366	-0.53298	0.76597	0.13412	1.283	4.08978	0.02618	0.16151	-0.83071	0.08973	0	0	0	0	0	0	-0.11384	1.10558	0.33014	0.77544	0	0.08264	0	0	1.8006	0.0859	7.01356	118.199	88.8012
ARG_13	-5.07121	0.90484	4.57457	-0.91797	0.47222	0.65478	2.65896	5.7397	0.05026	0.42621	-1.95767	0.42926	0	0	0	0	0	0	-0.04651	8.23734	3.24807	4.98927	0	-0.29733	0	0	-0.1423	1.34741	25.2999	111.399	153.601
SER_14	-3.39077	1.25639	3.02458	-0.03214	0.00754	0.04036	1.31616	3.45168	0.00079	0.00481	-0.71714	-0.05705	0	0	0	0	-0.59989	0	0.1847	0.97877	0.00131	0.97745	0	-0.38791	0	4.04	-0.539	0.80154	10.3622	113.301	48.699
GLU_15	-3.64635	0.77949	4.58843	-0.3392	0.08031	0.57048	2.98492	5.25035	0	0	-1.04392	-0.88866	0	0	0	0	0	0	1.47881	4.38834	0.14077	0	4.24757	-0.06947	0	0	-1.6358	0.24717	17.1332	118.585	104.415
ASN_16	-4.53316	0.85275	4.21954	-0.19129	0.18139	0.34159	1.96847	5.23301	0	0	-1.41241	-0.84894	0	0	0	-0.49974	0	0	0.01029	2.7335	0.08403	0	2.64947	-0.9882	0	0	-0.3009	0.40452	9.90394	105.793	78.2069
PHE_17	-7.26292	0.97194	2.55102	-0.92241	0.22923	0.29722	1.66223	5.51167	0	0	0.05579	-0.02347	0	0	0	0	0	0	0.03989	3.35346	0.11803	0	3.23544	-0.74925	0	0	1.9602	1.33586	12.3639	209.737	27.2635
GLU_18	-5.86998	0.93412	6.35569	-0.3558	0.29912	0.4204	3.02612	7.17466	0.07349	0.25747	-3.15788	-0.56749	0	0	0	0	-0.8006	0	0.08043	4.90854	0.2116	0	4.69694	-0.50856	0	0	-1.6358	0.70152	16.244	166.479	56.5208
GLU_19	-5.14594	0.48438	5.09382	-0.63632	0.30194	1.18	2.4344	6.54312	0	0	-1.35527	-0.63634	0	0	0	0	0	0	0.73571	4.98529	0.34907	0	4.63623	-0.21225	0	0	-1.6358	-0.50656	16.6155	140.522	82.4782
LEU_20	-8.89908	0.98196	3.85248	-0.71097	0.61888	0.27191	2.96682	8.00581	0	0	-1.52618	0.17368	0	0	0	0	0	0	0.34939	1.34767	0.2305	1.11717	0	-0.3201	0	0	1.3223	0.58865	10.3709	210	0
LEU_21	-8.90113	0.9087	4.13224	-0.52248	0.77849	0.1285	3.03448	7.69643	0	0	-2.17292	0.31517	0	0	0	0	0	0	-0.11299	2.93659	2.52805	0.40854	0	-0.46341	0	0	1.3223	0.64679	12.6633	207.438	2.56172
LYS_22	-6.04305	0.75174	6.72176	-0.42749	0.17103	0.2368	2.76083	7.79651	0	0	-2.07333	-0.09491	0	0	0	0	0	0	-0.05845	3.48096	0.70984	2.77112	0	0.07544	0	0	-0.8895	0.11919	16.0085	128.391	123.609
VAL_23	-4.5983	0.83583	2.17906	-0.29783	0.20899	0.0561	1.96577	4.74298	0	0	-1.09166	0.15584	0	0	0	0	0	0	0.48804	0.53357	0.0161	0.51747	0	0.84779	0	0	2.7371	0.21971	9.51655	95.7802	86.2198
LEU_24	-6.20856	1.32153	2.53373	-0.5392	1.34576	0.16208	1.90762	5.03128	0	0	-0.20307	0.12548	0	0	0	0	0	0	0.14201	1.5226	1.38371	0.13889	0	-0.2643	0	0	1.3223	-0.32831	9.39354	180.48	29.52
GLY_25	-1.7545	0.16243	2.36167	-6e-05	0	0	1.19065	3.1455	0	0	-1.11869	-0.36701	0	0	0	0	0	0	-0.38185	0	0	0	0	-2.47487	0	0	1.435	-1.11316	1.08512	98.8335	65.1665
VAL_26	-5.83272	0.70488	3.12236	-0.27357	0.27324	0.05416	2.27737	5.32978	0	0	-1.75886	0.22438	0	0	0	-0.40238	0	0	-0.03044	0.29479	0.23186	0.06292	0	-0.62648	0	0	2.7371	-1.09176	5.29665	158.37	23.6303
ASN_27	-5.15671	1.4179	5.15764	-0.37461	0.17242	0.74842	3.42261	6.76616	0.00107	0.01188	-2.37548	-0.0011	0	0	0	-0.58205	0	0	2.54655	4.82317	0.3653	0	4.45787	0.52358	0	0	-0.3009	-0.31286	21.3109	94.949	89.051
VAL_28	-5.94668	7.33018	3.94963	-0.34576	0.38847	0.08208	1.98738	6.06041	0	0	-0.43235	0.10627	0	0	0	0	0	0	-0.08379	1.99854	0.9184	1.08013	0	0.24602	0	0	2.7371	0.21559	20.2916	107.509	74.4909
MET_29	-4.69983	6.59316	3.13362	-0.75494	1.65571	0.32547	2.09528	4.91923	0	0	-0.83002	-0.06211	0	0	0	0	0	0	1.43439	6.80406	3.49009	3.31398	0	0.09558	0	0	1.4633	0.43182	29.4088	138.99	123.01
LEU_30	-5.56317	1.04384	4.29399	-0.4855	0.35243	0.13001	2.734	6.44287	0	0	-1.74214	0.19083	0	0	0	-0.58205	0	0	0.51827	1.06196	0.62705	0.4349	0	-0.51641	0	0	1.3223	0.09043	10.3536	123.044	86.9556
ARG_31	-12.2632	2.31914	11.0402	-0.75069	0.21062	0.46079	4.97438	12.9796	0	0	-4.4273	0.40851	0	0	0	-0.40238	-0.8006	0	-0.08334	4.76635	2.82434	1.94201	0	-0.19013	0	0	-0.1423	-0.41183	22.4541	232.544	32.4563
LYS_32	-5.06389	0.97498	5.56282	-0.53721	0.65483	0.33133	3.03156	6.8858	0.07455	0.26935	-2.55467	0.18118	0	0	0	0	0	0	1.66394	3.09395	0	3.09395	0	0.00138	0	0	-0.8895	-0.36696	16.4074	122.892	129.108
ILE_33	-4.89893	0.45503	3.93253	-0.49732	0.63476	0.09912	2.68649	6.30455	0	0	-1.66695	0.11855	0	0	0	0	0	0	0.23734	2.83169	2.23487	0.59682	0	-0.63687	0	0	1.8006	0.77528	15.0076	123.469	83.5308
ALA_34	-5.05714	0.46528	3.32797	-0.02163	0	0	2.97428	6.71485	0	0	-1.92308	-0.33224	0	0	0	0	0	0	-0.05823	0	0	0	0	-0.16065	0	0	2.2619	1.44484	9.63614	131.992	21.0084
VAL_35	-5.64366	0.86748	4.28657	-0.31186	0.34762	0.07057	2.79213	7.00419	0	0	-1.4753	-0.09902	0	0	0	0	0	0	0.6621	1.12805	1.06233	0.06572	0	-0.48462	0	0	2.7371	0.87346	13.8829	125.022	56.9777
ALA_36	-3.28861	0.33257	3.66964	-0.02005	0	0	2.38905	5.45975	0.0908	0.49527	-1.22911	-0.33575	0	0	0	0	0	0	0.26402	0	0	0	0	-0.04289	0	0	2.2619	0.95464	11.0012	89.9408	63.0592
ALA_37	-4.33729	0.72586	2.99535	-0.02212	0	0	2.45431	5.61703	0	0	-1.22849	-0.34675	0	0	0	0	0	0	0.42636	0	0	0	0	-0.54495	0	0	2.2619	0.4642	8.46541	140.925	12.0748
ALA_38	-4.55223	1.20727	3.44138	-0.02655	0.00894	0	3.02495	5.96146	0	0	-2.30387	-0.41618	0	0	0	-0.85241	0	0	-0.06166	0	0	0	0	0.11539	0	0	2.2619	-0.58828	7.2201	138.185	14.8146
SER_39	-3.25794	0.43744	3.72725	-0.03706	0.0203	0.03087	1.95387	4.37589	0	0	-0.31263	-0.32564	0	0	0	0	0	0	0.01136	3.16788	1.46306	1.70482	0	0.53927	0	4.04	-0.539	0.08547	17.0852	88.7276	73.2724
LYS_40	-1.8979	0.45245	2.09432	-0.33089	0.10268	0.21179	0.42702	2.42227	0.0908	0.49527	0.35238	-0.33023	3.68906	0	0	0	0	0	0.06122	2.3792	0	2.3792	0	0.43557	0	0	-0.8895	3.81606	15.9608	58.1946	193.805
PRO_41	-4.63469	1.57259	2.37274	-0.21153	0.02866	0.15648	0.48611	2.95497	0.01611	0.10509	-0.7133	-0.01067	3.7694	0	0	0	0	0	0.50991	0.96405	0.42307	0.54098	0	-1.47317	0	0	-4.6787	2.73318	4.91127	189.14	9.85952
ALA_42	-3.01575	0.8716	3.19311	-0.02504	0.00133	0	2.90865	4.61344	0	0	-3.01165	-0.33571	0	0	0	0	0	0	0.0624	0	0	0	0	0.72005	0	0	2.2619	-0.35214	7.89218	98.7768	54.2232
VAL_43	-5.58675	0.97029	2.23202	-0.27288	0.35089	0.06084	2.56101	4.95839	0.00382	0.01175	-2.07806	-0.30388	0	0	0	0	0	0	0.36459	0.75184	0.46911	0.28273	0	-1.18462	0	0	2.7371	-0.14923	6.17895	173.02	8.97963
GLU_44	-5.99393	1.19231	7.00843	-0.29126	0.12979	0.36589	4.96138	7.89485	0.05726	0.41036	-5.59771	-0.3239	0	0	0	0	0	0	0.54725	5.30847	1.33692	0	3.97155	0.45818	0	0	-1.6358	-0.29694	19.5031	196.798	26.2017
ILE_45	-8.50258	1.72587	3.42494	-0.46967	1.91264	0.08803	2.8279	6.76388	0.029	0.1814	-2.85453	0.12345	0	0	0	0	0	0	2.21805	0.71738	0.16676	0.55062	0	-1.14018	0	0	1.8006	-0.33497	9.22859	205.367	1.63284
LYS_46	-5.44834	1.14697	7.29641	-0.33074	0.0796	0.16161	5.53395	7.89259	0.0144	0.05719	-6.35269	-0.08155	0	0	0	0	-0.13849	0	0.1688	5.88764	2.58759	3.30006	0	0.54672	0	0	-0.8895	0.05934	21.4916	185.23	66.7695
GLN_47	-8.42413	1.83675	6.12663	-0.36805	0.20539	0.2289	3.97071	7.96509	0.06077	0.5549	-3.43156	-0.15665	0	0	0	-1.47638	0	0	0.25454	4.26206	0.4377	0	3.82436	0.50079	0	0	-0.1077	0.25714	16.5213	208.961	8.03859
GLU_48	-2.70516	0.26099	3.61275	-0.21679	0.07197	0.34076	1.93557	4.16498	0.0144	0.05719	-2.34389	-0.58268	0	0	0	0	0	0	0.11967	4.09715	0.11398	0	3.98317	0.33637	0	0	-1.6358	1.24237	12.867	118.905	104.095
GLY_49	-2.64327	0.22975	2.92484	-0.00016	0	0	1.3673	3.68407	0	0	-0.30775	-0.3019	0	0	0	-0.7963	0	0	-0.25088	0	0	0	0	-2.1293	0	0	1.435	2.39448	5.60588	126.965	37.0347
ASP_50	-5.21511	0.55949	5.11928	-0.12173	0.09746	0.39448	2.78698	6.21687	0.0152	0.04506	-3.15006	-0.1911	0	0	0	0	-0.537	0	-0.07377	5.6767	2.53444	0	3.14226	-0.59115	0	0	-1.6204	0.31962	15.4075	134.883	50.1166
THR_51	-4.816	0.541	4.95655	-0.17568	0.1874	0.0612	3.14704	6.40989	0.00138	0.00589	-2.41401	-0.54671	0	0	0	0	0	0	-0.0256	0.17359	0.00161	0.17198	0	-0.11745	0	5.01043	-0.9333	-0.6998	10.9394	125.196	48.8038
PHE_52	-9.71301	1.97893	2.09331	-0.5498	0.1415	0.24839	3.00455	6.24171	0.0152	0.04506	-2.792	-0.04694	0	0	0	0	0	0	3.31867	3.36778	0.66383	0	2.70395	-0.34959	0	0	1.9602	-0.46306	11.8687	237	0
TYR_53	-10.438	2.45677	7.44417	-0.80268	0.05596	0.20565	4.38379	9.86308	0	0	-2.60357	-0.51606	0	0	0	0	0	0	-0.00369	4.17936	1.06276	0	3.1166	-0.086	0	0	1.7379	-0.4945	19.5616	241.595	6.40547
ILE_54	-7.23786	0.95839	3.44957	-0.47757	0.80054	0.10132	2.99425	6.17667	0.00796	0.02856	-2.3048	-0.07736	0	0	0	0	0	0	-0.01873	3.11348	2.77285	0.34062	0	-0.85284	0	0	1.8006	0.04042	11.6161	203.734	3.26567
LYS_55	-7.30541	1.34223	7.0863	-0.65219	0.51506	0.5082	4.62246	7.89496	0	0	-3.87737	0.35961	0	0	0	0	-0.15917	0	-0.07981	3.99578	0.36537	3.63041	0	0.55523	0	0	-0.8895	0.14135	18.0535	211.623	40.3769
THR_56	-4.43553	0.73998	3.86355	-0.16514	0.08554	0.06223	3.0363	5.46397	0.02083	0.08324	-2.52934	-0.69164	0	0	0	0	0	0	0.62807	0.64159	0.38511	0.25649	0	0.03802	0	5.01835	-0.9333	0.32029	11.8886	123.331	50.6686
SER_57	-4.52442	0.75298	4.83861	-0.03477	0.01006	0.02518	3.84588	6.31463	0.00368	0.02851	-3.67861	-0.68412	0	0	0	0	-0.15917	0	-0.09862	1.11079	0.36473	0.74606	0	0.69629	0	4.04	-0.539	0.51495	13.5736	146.406	15.5943
THR_58	-5.14527	1.08628	4.37978	-0.1143	0.12305	0.06979	3.2044	6.18437	0.05984	0.64137	-0.95949	-0.61612	0	0	0	0	0	0	0.05871	0.33351	0.04291	0.2906	0	-1.28749	0	5.01874	-0.9333	0.38465	12.822	145.016	28.9841
THR_59	-1.90678	0.13286	1.92594	-0.12326	0.06137	0.04462	0.81834	2.51918	0.00155	0.02953	1.29128	-0.48139	0	0	0	0	0	0	0.86259	3.89741	2.14163	1.75578	0	0.16816	0	5.04289	-0.9333	0.53744	17.7858	56.565	117.435
VAL_60	-4.05338	0.57289	2.71953	-0.28087	0.22993	0.05165	1.8621	4.29012	0	0	-1.07762	0.09829	0	0	0	0	0	0	3.83671	0.80777	0.42765	0.38012	0	0.22017	0	0	2.7371	0.56201	13.3842	124.246	57.7544
ARG_61	-6.5184	1.88074	7.48346	-0.62237	0.4867	0.34045	4.14901	8.47644	0.00021	0.00654	-2.35055	0.45992	0	0	0	0	-0.0145	0	2.2286	8.43564	4.58573	3.84991	0	-0.34694	0	0	-0.1423	0.54532	32.9336	168.548	96.4521
THR_62	-5.5168	1.72594	4.83205	-0.17415	0.19425	0.06177	3.37413	6.41086	0.04909	0.58566	-2.36693	-0.53737	0	0	0	0	0	0	-0.08161	0.29987	0.06653	0.23334	0	-0.26242	0	5.02465	-0.9333	0.38225	13.3678	166.573	7.42692
THR_63	-5.2217	0.67463	5.06177	-0.17542	0.14479	0.06305	3.27438	6.31583	0	0	-1.90163	-0.56146	0	0	0	0	0	0	0.01149	0.27899	0.05881	0.22018	0	-0.14321	0	5.03634	-0.9333	0.09939	12.3029	143.864	30.1363
GLU_64	-7.69167	1.34795	7.5719	-0.21683	0.05666	0.32963	4.36821	8.74987	0.02128	0.07514	-2.78015	-0.53063	0	0	0	0	-0.39027	0	0.16108	5.34945	0.11708	0	5.23238	0.57257	0	0	-1.6358	0.41295	21.1208	212.661	10.3386
ILE_65	-6.11669	2.80017	3.72623	-0.48989	2.92469	0.09275	3.08523	6.01498	0	0	-2.59872	0.23257	0	0	0	0	0	0	0.53586	0.88567	0.0547	0.83097	0	-1.08644	0	0	1.8006	-0.06237	12.6303	190.086	16.9144
ASN_66	-6.76091	1.58537	5.44084	-0.1967	0.01495	0.31259	3.71631	7.59073	0.01605	0.05981	-3.09652	-0.75607	0	0	0	-3.52809	0	0	0.26116	3.40521	0.20685	0	3.19836	0.24606	0	0	-0.3009	-0.31207	11.103	172.57	11.4299
PHE_67	-8.50152	1.9717	1.27969	-0.9327	0.19711	0.53921	2.44902	4.93666	0	0	-2.74195	-0.13225	0	0	0	0	0	0	1.46819	2.45737	0.13066	0	2.32671	-0.63916	0	0	1.9602	-0.02747	6.74146	228.012	8.98796
LYS_68	-5.0533	0.68075	4.61182	-0.3491	0.07855	0.14717	2.11015	5.23347	0.0341	0.37309	-1.44853	0.10078	0	0	0	0	0	0	-0.09427	11.887	9.09922	2.78777	0	0.46947	0	0	-0.8895	-0.18316	29.5955	148.404	103.596
VAL_69	-6.53672	1.2198	2.50855	-0.25883	0.24336	0.04777	1.91811	5.35781	0	0	-0.98733	0.44422	0	0	0	0	0	0	-0.22591	0.54518	0.27123	0.27395	0	-0.03234	0	0	2.7371	-0.16392	7.36203	165.384	16.6158
GLY_70	-1.95562	0.36417	1.75313	-5e-05	0	0	1.06431	2.66547	0	0	-1.06169	-0.35989	0	0	0	0	0	0	-0.34194	0	0	0	0	-2.41572	0	0	1.435	-1.03331	0.11386	118.426	45.5738
GLU_71	-4.40338	0.30907	6.85237	-0.30478	0.11581	0.37639	3.72162	7.17856	0	0	0.71746	-0.34511	0	0	0	0	0	0	0.17114	4.73927	0.02036	0	4.71891	0.45309	0	0	-1.6358	-0.91429	21.7707	180.99	42.0095
GLU_72	-3.35213	0.395	2.69232	-0.19582	0.04599	0.20836	0.77307	3.21436	0.03865	0.25319	-1.0166	-0.32414	0	0	0	0	0	0	0.2407	5.14978	0.73865	0	4.41113	-0.04437	0	0	-1.6358	-0.51674	11.0756	146.718	76.2818
PHE_73	-8.97686	1.8498	3.87214	-0.93055	0.28968	0.47835	2.81356	6.99758	0.006	0.02245	-2.48794	-0.2632	0	0	0	0	0	0	0.0387	2.49426	0.00179	0	2.49246	-0.82088	0	0	1.9602	0.28848	10.126	230.128	6.87207
GLU_74	-6.77845	1.68857	7.43112	-0.28559	0.14511	0.3934	2.71717	7.97949	0.14518	0.7259	-0.26232	-0.68704	0	0	0	0	0	0	1.11556	12.8423	5.85813	0	6.98417	0.30731	0	0	-1.6358	0.74872	39.433	219.926	3.07406
GLU_75	-7.06145	0.74197	7.16693	-0.24902	0.09499	0.28524	4.18826	8.06058	0.04498	0.31471	-3.69258	-0.18333	0	0	0	0	-1.19099	0	2.20746	4.28036	0.19147	0	4.08889	1.5055	0	0	-1.6358	3.11417	22.2723	212.562	10.4376
GLN_76	-8.12954	2.01596	6.19552	-0.2284	0.03534	0.13263	2.10255	7.73145	0.06246	0.31838	-0.91169	-0.56038	0	0	0	0	0	0	0.40834	8.21029	4.38624	0	3.82406	0.02586	0	0	-0.1077	2.9295	28.4409	196.582	20.4176
THR_77	-6.39425	0.65094	6.29583	-0.1273	0.08241	0.08015	4.31847	7.96973	0	0	-1.68736	-0.91491	0	0	0	0	0	0	0.34459	0.05884	0.00054	0.05831	0	-0.27249	0	5.02107	-0.9333	0.41244	14.9637	171.055	2.94494
VAL_78	-3.42443	0.61594	0.48628	-0.35512	0.35943	0.08565	0.72724	2.24827	0.00778	0.13087	0.62802	-0.02687	0	0	0	0	0	0	-0.14616	0.88052	0.00172	0.87879	0	0.48563	0	0	2.7371	1.0677	7.38837	130.796	51.2036
ASP_79	-3.85449	0.68816	4.30256	-0.22583	0.02794	0.76227	1.35891	4.99649	0	0	0.3184	-2.36628	0	0	0	0	0	0	1.06132	4.9771	0.04974	0	4.92736	-0.66775	0	0	-1.6204	-0.36462	14.3709	140.998	44.0022
GLY_80	-3.07351	0.40332	3.11704	-5e-05	0	0	1.27153	4.04163	0	0	-0.89234	-0.32767	0	0	0	0	0	0	-0.03006	0	0	0	0	-2.44122	0	0	1.435	-0.69979	2.8039	133.272	30.7279
ARG_81	-7.04818	2.23224	7.18073	-0.60077	0.15998	0.34208	4.08266	8.90747	0	0	-2.93045	0.36159	0.00959	0	0	-0.73261	0	0	-0.05007	3.60816	0.18466	3.4235	0	0.1416	0	0	-0.1423	2.92131	22.0512	176.987	88.013
PRO_82	-5.37662	3.49207	2.96206	-0.13656	0.00765	0.09524	1.45819	3.31598	0.0432	0.30981	-1.97865	0.20341	0.01322	0	0	0	0	0	-0.06324	0.53125	0.12601	0.40525	0	-0.90604	0	0	-4.6787	2.40881	2.23236	171.074	27.9262
CYS_83	-8.47429	0.5457	5.38303	-0.06879	1e-05	0.0585	3.00552	7.21868	0	0	-1.66602	-0.32712	0	0	0	0	0	0	1.2656	0.69013	0.05281	0.63733	0	0.06013	0	0	4.3148	-0.50862	12.1874	155.23	0.76969
LYS_84	-5.5547	2.24387	5.82308	-0.53165	0.60732	0.39717	3.41039	6.47907	0.03531	0.21793	-3.14138	-0.15922	0	0	0	0	0	0	0.22315	5.21446	0	5.21446	0	0.27262	0	0	-0.8895	-0.21711	19.6453	170.541	81.459
SER_85	-6.25454	2.94812	5.74925	-0.03217	0.00223	0.02084	3.93784	6.99355	0.00369	0.01926	-2.63169	-0.59961	0	0	0	0	0	0	-0.00133	0.72532	0.03432	0.691	0	-0.15434	0	4.04	-0.539	-0.24906	14.7037	160.557	1.44319
LEU_86	-6.01007	0.5061	3.65275	-0.5911	0.61351	0.14971	2.26006	5.86277	0.03152	0.10367	-1.23942	0.23923	0	0	0	0	0	0	-0.10175	1.57232	0.67553	0.89679	0	-0.24826	0	0	1.3223	0.76876	10.4644	161.214	48.786
VAL_87	-7.64215	2.71634	1.02874	-0.25938	0.25294	0.05072	1.40617	4.77824	0.03272	0.3672	-1.92577	0.03751	0	0	0	0	0	0	2.25486	0.48812	0.10008	0.38804	0	-0.94926	0	0	2.7371	0.46037	6.32259	182	0
LYS_88	-4.45406	0.60161	3.53281	-0.32705	0.12447	0.19144	2.52284	5.04962	0.03152	0.10367	-2.22707	-0.23399	0	0	0	0	0	0	0.65615	5.28874	2.52999	2.75874	0	0.02223	0	0	-0.8895	-0.6091	14.6731	123.987	128.013
TRP_89	-8.02303	0.96424	2.31677	-0.87082	0.0638	0.31757	1.51848	5.23157	0	0	-1.83661	-0.10107	0	0	0	0	-0.537	0	0.27951	2.19062	0.12316	0	2.06746	-0.13925	0	0	3.7077	-0.81055	6.46255	207.074	62.9257
GLU_90	-3.52728	0.4911	3.82414	-0.35329	0.37468	0.40282	1.50355	4.20027	0.08554	0.28182	-1.30445	-0.52523	0	0	0	0	0	0	0.13438	7.24503	0.96929	0	6.27574	-0.2273	0	0	-1.6358	-0.43071	17.7843	106.963	116.037
SER_91	-3.77341	0.67491	4.78124	-0.03822	0.04458	0.05802	3.16296	5.60698	0	0	0.2308	-0.35894	0	0	0	0	0	0	0.00663	0.40862	0.23732	0.1713	0	-0.90036	0	4.04	-0.539	0.49802	14.3115	98.9212	63.0788
GLU_92	-2.80923	3.54226	3.06478	-0.28167	0.14379	0.31022	1.06152	3.49115	0	0	-0.47038	-0.57116	0	0	0	0	0	0	1.36035	12.5898	6.71081	0	5.87903	-0.5201	0	0	-1.6358	0.06072	31.9261	111.063	111.937
ASN_93	-5.3193	2.05809	5.12951	-0.21426	0.17291	0.36513	2.71082	6.19709	0.01197	0.12281	-1.31449	-0.64323	0	0	0	0	0	0	0.14352	5.29229	0.31926	0	4.97303	-0.50265	0	0	-0.3009	-0.22714	18.9745	136.985	47.0146
LYS_94	-8.1592	1.42293	8.05489	-0.38793	0.10808	0.18543	3.90359	8.62138	0.08554	0.28182	-3.34451	0.02855	0	0	0	0	0	0	0.51788	3.40394	0.60966	2.79429	0	-0.01065	0	0	-0.8895	0.31024	17.5364	193.438	58.5623
MET_95	-9.2785	1.79823	3.26343	-0.61094	0.4464	0.30304	3.06969	5.8562	0	0	-2.94183	0.01392	0	0	0	0	0	0	0.18946	5.00172	1.53303	3.4687	0	-0.01057	0	0	1.4633	0.09314	13.6584	261.488	0.512343
VAL_96	-5.78872	1.62263	3.48913	-0.3304	0.72429	0.07387	3.11474	5.92656	0.02543	0.08573	-2.46952	-0.78979	0	0	0	0	0	0	0.05379	2.49496	0.18227	2.31269	0	-1.19122	0	0	2.7371	-0.47317	11.8004	153.044	28.9556
CYS_97	-7.93064	3.36843	4.36408	-0.06685	0.00728	0.04724	3.01011	6.1176	0.00595	0.04017	-2.4631	-0.45748	0	0	0	0	0	0	1.14043	0.6169	0.07067	0.54622	0	0.14045	0	0	4.3148	-0.0762	12.7961	156	0
GLU_98	-3.57315	0.36032	4.81375	-0.33328	0.11642	0.63172	2.2671	5.45184	0.12022	0.64192	-2.97762	-0.69334	0	0	0	0	0	0	0.43291	5.05167	0.38431	0	4.66737	0.17537	0	0	-1.6358	0.04009	15.9418	153.297	69.7035
GLN_99	-7.24968	0.52749	5.73757	-0.27423	0.10336	0.2357	2.08632	6.65413	0.17053	0.98786	-1.46933	-0.67498	0	0	0	0	-0.34317	0	0.57248	4.11446	0.14177	0	3.97268	0.36859	0	0	-0.1077	-0.35998	15.1939	203.326	13.6737
LYS_100	-4.50501	2.26694	5.11201	-0.51674	0.68262	0.30639	2.96256	5.52026	0.00319	0.0136	-2.4541	-0.11683	0	0	0	0	0	0	-0.11386	2.54182	0	2.54182	0	0.46068	0	0	-0.8895	-0.10561	13.7102	134.482	117.518
LEU_101	-5.93788	0.78933	2.45742	-0.47625	0.73725	0.08529	0.61343	5.12684	0	0	-0.05804	0.39506	0	0	0	0	0	0	0.21649	1.40389	0.56214	0.84175	0	-0.03555	0	0	1.3223	-0.20103	7.84244	163.903	46.0971
LEU_102	-6.00354	2.55512	3.76542	-0.53618	2.27874	0.13182	1.7552	5.15955	0	0	-0.88377	0.3585	0	0	0	0	0	0	-0.0825	1.671	1.24993	0.42107	0	-0.4673	0	0	1.3223	-0.28387	12.4115	183.556	26.444
LYS_103	-2.13009	0.47267	2.57442	-0.4991	0.57978	0.28396	0.5197	2.89802	0.0432	0.30981	-0.33732	-0.14777	0	0	0	0	0	0	0.9088	2.44256	0	2.44256	0	0.01382	0	0	-0.8895	0.33126	9.81678	92.2361	159.764
GLY_104	-1.30139	0.09129	1.28394	-0.00028	0	0	0.03905	1.6313	0	0	0.04128	-0.20351	0	0	0	0	0	0	0.77002	0	0	0	0	-2.48468	0	0	1.435	0.34471	1.64674	101.532	62.4678
GLU_105	-1.8139	0.25144	1.56945	-0.1886	0.07883	0.29657	0.95206	2.25482	0	0	-0.85693	-0.47193	0	0	0	-0.73261	0	0	0.07394	4.54928	0.49626	0	4.05302	0.39093	0	0	-1.6358	0.31391	9.58074	55.9018	167.098
GLY_106	-1.45139	0.35302	1.25635	-0.00191	0	0	0.28106	1.85185	0	0	0.40419	-0.38285	0.00782	0	0	0	0	0	0.33667	0	0	0	0	-2.2453	0	0	1.435	3.71777	5.56229	110.633	53.3675
PRO_107	-2.89367	0.35986	1.93417	-0.16054	0	0.11565	0.51953	2.44949	0	0	-0.85529	0.19126	0.03321	0	0	0	0	0	-0.05246	1.99186	0.8798	1.11207	0	-1.85659	0	0	-4.6787	2.99318	2.08282	140.842	58.1583
LYS_108	-2.87457	0.20313	4.39281	-0.41628	0.09829	0.2217	2.10985	5.07414	0	0	-3.58984	0.39575	0	0	0	-0.52915	0	0	-0.13883	4.54735	1.87229	2.67507	0	0.25173	0	0	-0.8895	-0.20765	13.1963	115.663	136.337
THR_109	-4.69078	0.61139	3.16508	-0.11206	0.05341	0.07306	2.00264	4.74387	0.01609	0.08189	-0.98871	-0.70891	0	0	0	0	0	0	0.62257	0.29908	0.01049	0.2886	0	-0.42446	0	5.00461	-0.9333	-0.04391	9.07063	167.004	6.99579
SER_110	-3.91267	0.45405	4.24377	-0.03797	0.00793	0.05758	2.4129	5.06706	0.00956	0.09522	-2.00618	-0.56762	0	0	0	0	0	0	0.60733	0.53107	0.48487	0.0462	0	-0.87785	0	4.04	-0.539	-0.15286	9.96339	132.959	29.0408
TRP_111	-10.6294	2.21889	4.81921	-1.32116	0.58594	0.65473	3.92393	8.04854	0.00034	0.00122	-3.88933	-0.30918	0	0	0	0	-0.84782	0	0.0156	2.89942	0.01437	0	2.88505	-0.53453	0	0	3.7077	0.23291	12.4764	258.816	11.1839
THR_112	-6.58835	2.75143	5.62792	-0.13184	0.14166	0.09376	4.09839	7.45171	7e-05	0.00024	-1.78799	-1.21003	0	0	0	0	0	0	0.35201	1.71343	1.19902	0.51441	0	-0.28987	0	5.00861	-0.9333	-0.10195	17.9093	151.513	22.4868
ARG_113	-9.13419	1.32955	5.07771	-0.5323	0.15164	0.28709	3.57661	7.43439	0	0	-2.54561	-0.12753	0	0	0	0	0	0	0.17501	4.28035	0.92781	3.35254	0	-0.23818	0	0	-0.1423	-0.26777	13.6048	239.056	25.9437
GLU_114	-7.09658	2.00886	6.12462	-0.27538	0.13476	0.29907	3.17801	7.28173	0	0	-3.26218	-0.23907	0	0	0	0	0	0	0.00034	4.75026	0.04197	0	4.70829	0.00222	0	0	-1.6358	-0.0826	15.9385	173.113	49.8865
LEU_115	-7.22278	1.14984	2.84696	-0.61438	0.70184	0.17883	1.97616	6.06976	0	0	-1.20179	0.18982	0	0	0	0	0	0	-0.06541	1.27581	0.15339	1.12243	0	-0.3209	0	0	1.3223	0.18523	7.74709	194.529	15.4708
THR_116	-5.54015	0.57808	5.84845	-0.12924	0.12466	0.08069	3.61462	7.42144	0	0	-1.72986	-0.87542	0	0	0	0	0	0	-0.05687	0.46069	0.39991	0.06078	0	-0.35763	0	5.01793	-0.9333	-0.03146	13.9533	137.393	36.6075
ASN_117	-1.45678	0.26042	1.90687	-0.18548	0.02179	0.2649	0.58331	2.33332	0.01141	0.11715	0.73039	-0.34752	0	0	0	0	0	0	0.16803	3.34667	0.49291	0	2.85376	0.06404	0	0	-0.3009	-0.19219	10.6721	31.1764	152.824
ASP_118	-1.94468	0.36252	2.46246	-0.1265	0.06047	0.40072	0.90516	2.79039	0	0	0.18688	-0.14613	0	0	0	0	0	0	0.4686	3.05621	0	0	3.05621	-0.52027	0	0	-1.6204	-0.25083	9.14082	47.0593	137.941
GLY_119	-2.55217	0.30139	2.82473	-5e-05	0	0	1.35101	3.82776	0.0047	0.01436	-0.74322	-0.37356	0	0	0	0	0	0	-0.14702	0	0	0	0	-2.44582	0	0	1.435	-1.0573	2.43981	143.49	20.5105
GLU_120	-5.81509	0.57687	5.15818	-0.19772	0.03495	0.26802	3.33314	6.93988	0.0328	0.28957	-2.33332	-0.44066	0	0	0	0	0	0	0.14119	4.2411	0.01535	0	4.22575	0.09024	0	0	-1.6358	-0.95014	13.9743	171.066	51.9336
LEU_121	-8.44956	1.95231	3.21804	-0.5947	0.29229	0.15368	2.91864	6.69305	0.01756	0.06198	-2.67029	0.22758	0	0	0	0	0	0	-0.07563	2.32435	1.57611	0.74824	0	-0.62518	0	0	1.3223	-0.40071	8.69006	207.438	2.56172
ILE_122	-6.12977	1.0295	3.61301	-0.49085	1.26828	0.10903	2.95162	5.96018	0.01024	0.03045	-2.73181	0.01684	0	0	0	0	0	0	0.97174	1.00194	0.59171	0.41023	0	-1.17851	0	0	1.8006	-0.54621	8.68822	155.487	51.5128
LEU_123	-7.64472	1.34783	4.18112	-0.60268	0.38454	0.16215	3.33181	6.79105	0.01286	0.04762	-2.77228	0.28272	0	0	0	0	0	0	3.45989	2.57045	1.61293	0.95752	0	-0.53388	0	0	1.3223	-0.59554	14.3157	196.417	13.583
THR_124	-6.15064	1.81032	4.87167	-0.13121	0.11939	0.09047	3.71002	7.08217	0.00159	0.00582	-1.74995	-1.09241	0	0	0	0	0	0	-0.00588	1.69111	1.0909	0.60021	0	-0.36599	0	5.00683	-0.9333	-0.35826	15.2929	142.777	31.2235
MET_125	-6.93387	0.56943	3.24008	-0.42682	0.73439	0.14954	2.87402	5.32245	0	0	-2.50603	-0.39274	0	0	0	0	0	0	1.38467	2.26843	0.12402	2.14441	0	0.15734	0	0	1.4633	0.27803	10.4506	235.354	26.6456
THR_126	-5.32678	1.30841	3.92055	-0.16427	0.17412	0.05683	3.07446	6.29332	0.00347	0.03223	-2.31415	-0.51668	0	0	0	0	0	0	2.33344	0.38122	0.01095	0.37028	0	-0.3466	0	5.02557	-0.9333	0.43117	13.8142	145.215	28.7853
ALA_127	-4.57412	1.00761	2.52079	-0.02721	0.0148	0	2.47658	5.06482	0.01936	0.11049	-2.16878	-0.49634	0	0	0	0	0	0	0.40058	0	0	0	0	0.86107	0	0	2.2619	1.28373	8.75527	147.17	5.82974
ASP_128	-3.51726	0.34724	4.74152	-0.08428	0.00932	0.26971	2.60556	5.48695	0	0	-3.36502	-0.48287	0	0	0	-0.52915	0	0	-0.24775	2.6815	0.00213	0	2.67937	0.04557	0	0	-1.6204	3.90235	12.9245	91.4139	93.5861
ASP_129	-2.01855	0.24187	2.33825	-0.20828	0.05117	0.71911	0.78865	3.1184	0.02493	0.12695	0.00693	-2.79359	0	0	0	0	0	0	-0.05808	4.23572	0.4753	0	3.76042	-0.29728	0	0	-1.6204	2.07456	10.9661	48.3975	136.603
VAL_130	-5.30124	1.0063	3.16328	-0.27293	0.31557	0.05671	2.70682	5.98149	0.02153	0.0931	-2.0323	-0.11713	0	0	0	0	0	0	1.07498	0.54177	0.18884	0.35293	0	-1.07644	0	0	2.7371	-1.01323	8.42714	139.969	42.031
VAL_131	-4.58777	0.69706	1.9061	-0.27083	0.30278	0.05711	1.27544	4.23163	0.00656	0.01971	-0.33386	-0.36082	0	0	0	-0.49974	0	0	2.59602	1.55588	1.25235	0.30354	0	-1.18378	0	0	2.7371	-0.76628	8.93818	111.205	70.7953
CYS_132	-7.65616	2.25177	4.3622	-0.06966	2e-05	0.0516	3.22626	6.10907	0.02153	0.0931	-2.82659	-0.36071	0	0	0	0	0	0	-0.10411	1.80713	1.04084	0.76629	0	0.20716	0	0	4.3148	-0.77514	12.4594	156	0
THR_133	-4.95203	1.25506	3.61692	-0.16219	0.12035	0.0581	2.95371	5.45566	0.00179	0.00805	-2.17987	-0.59568	0	0	0	0	0	0	-0.02077	0.40641	0.14548	0.26093	0	-0.33804	0	5.01958	-0.9333	-0.49009	9.63008	129.109	44.8913
ARG_134	-9.68966	2.79163	6.97336	-0.66466	0.6946	0.35683	5.09537	9.2545	0.00073	0.00305	-3.69468	0.0015	0	0	0	-0.85241	-0.59989	0	0.09332	8.46939	5.17258	3.29681	0	-0.16329	0	0	-0.1423	-0.26653	26.1303	246.31	18.6903
VAL_135	-7.74531	0.89554	4.17161	-0.24279	0.27492	0.04626	3.4102	7.32928	0	0	-3.72898	-0.26682	0	0	0	0	0	0	-0.14656	2.4151	1.84549	0.56961	0	-1.30429	0	0	2.7371	-0.70037	9.55999	172.258	9.74157
TYR_136	-11.2825	4.14891	4.44309	-0.56852	0.16371	0.30143	3.32724	8.32353	0.00073	0.00305	-2.48344	-0.15759	0	0	0	0	0	0	0.1172	2.58712	2e-05	0	2.58709	-0.67021	0	0	1.7379	-0.72829	11.8505	242.526	5.47374
VAL_137	-5.28713	0.64913	3.03871	-0.3063	0.22979	0.0655	2.73617	5.50077	0	0	-2.76559	-0.4617	0	0	0	0	0	0	0.78417	0.93307	0.35822	0.57484	0	-0.61113	0	0	2.7371	-0.6848	7.49082	131.528	50.4717
ARG_138	-6.22448	0.71318	4.79544	-0.6554	0.26978	0.40321	1.98901	6.21411	0.00047	0.00193	-2.69455	0.72229	0	0	0	-0.83765	0	0	0.64254	16.6307	13.5511	3.07965	0	-0.17531	0	0	-0.1423	-0.86094	37.4228	161.898	103.102
GLU_139	-3.23456	0.23873	4.01121	-0.23188	0.08231	0.35022	1.55956	3.8961	0.02453	0.17026	-1.47159	-0.05384	0	0	0	0	0	0	0	5.93336	1.37428	0	4.55908	0	0	0	-1.6358	-0.45343	15.1185	77.0823	145.918
ASN_140	-4.18246	0.45872	4.04005	-0.28039	0.0614	0.4404	2.5975	5.54949	0.06184	0.5743	-1.42967	0.32197	0	0	0	-0.59813	0	0	0.41609	3.58082	0.00536	0	3.57546	0	0	0	-0.3009	0	14.8919	77.6412	106.359
PHE_141	-9.72716	1.62809	1.87059	-0.61244	0.27071	0.31254	1.85272	6.19122	0.01292	0.07743	-2.03043	0.03949	0	0	0	-0.9958	0	0	-0.09998	3.74573	0.04406	0	3.70167	0.15737	0	0	1.9602	0.03646	8.43538	234.766	2.23402
SER_142	-4.79206	0.84628	5.3942	-0.03468	0.00712	0.02277	3.33273	6.62374	0.00028	0.00766	-1.70572	-0.48389	0	0	0	-1.07994	0	0	0.31147	1.42937	0.86625	0.56312	0	-0.02585	0	4.04	-0.539	-0.20388	14.58	124.127	37.8726
GLY_143	-3.53247	0.23861	4.11569	-0.00088	0	0	2.79006	5.32915	0	0	-1.99009	-0.28376	0	0	0	0	0	0	3.11032	0	0	0	0	-2.51812	0	0	1.435	0.28209	8.9756	146.93	17.07
ASN_144	-4.31131	0.38578	4.14955	-0.18678	0.00781	0.29032	2.06648	5.19701	0	0	-1.92589	-0.5864	0	0	0	0	0	0	1.80576	2.91823	0.00071	0	2.91752	0.654	0	0	-0.3009	0.55548	13.6374	110.368	73.6325
TRP_145	-13.4939	2.04261	5.8953	-0.81949	0.0361	0.34067	2.90321	10.6206	0.01676	0.06609	-2.76674	-0.20639	0	0	0	-0.37021	0	0	0.47526	2.00249	0.00061	0	2.00188	0.11049	0	0	3.7077	0.2204	12.7834	269.553	0.446804
LYS_146	-5.3638	1.04472	5.07013	-0.3969	0.10844	0.20314	3.2694	6.28837	0.00021	0.00118	-2.42558	0.01825	0	0	0	0	0	0	0.02822	2.62983	0	2.62983	0	0.57968	0	0	-0.8895	0.28255	13.0782	127.459	124.541
ILE_147	-7.63135	2.14918	2.27017	-0.64347	2.32169	0.14266	1.09217	5.49104	0.02548	0.20802	-0.34639	-0.00256	0	0	0	0	0	0	0.6948	3.94386	0.94725	2.9966	0	-0.46711	0	0	1.8006	-0.10835	14.8843	185.768	21.2316
ILE_148	-5.20076	1.43569	2.14155	-0.50362	0.69684	0.11104	1.1709	4.165	0.0168	0.10041	-0.75323	0.15025	0	0	0	0	0	0	-0.16305	0.97055	0.1803	0.79025	0	0.21894	0	0	1.8006	0.57931	7.90778	124.751	82.2489
ARG_149	-5.02347	0.67654	4.48195	-0.85958	1.01716	0.62668	2.78291	5.81118	0.0424	0.21034	-2.05927	0.31174	0	0	0	0	0	0	-0.02857	14.2471	10.7044	3.54275	0	-0.36913	0	0	-0.1423	0.7722	36.745	134.977	130.023
SER_150	-2.77135	0.59805	2.38816	-0.0349	0.00664	0.04788	1.07656	2.79452	0	0	-0.89335	-0.00762	0	0	0	0	-0.57637	0	0.17436	0.32765	0.00073	0.32692	0	-0.19514	0	4.04	-0.539	0.39426	7.158	102.479	59.5208
GLU_151	-4.06472	1.21086	4.70959	-0.26434	0.08653	0.27008	2.96801	5.40226	0.01157	0.07229	-1.83768	-0.1711	0	0	0	0	0	0	1.30672	6.8237	2.86345	0	3.96025	0.4138	0	0	-1.6358	0.53621	22.6617	122.972	100.028
ASN_152	-5.74263	0.76528	5.47882	-0.19342	0.10676	0.34505	2.58456	6.57077	0.01157	0.07229	-1.32047	-0.90776	0	0	0	-0.38724	0	0	0.43056	2.75232	0.03677	0	2.71554	-1.3862	0	0	-0.3009	-0.06526	11.5664	130.213	53.7875
PHE_153	-7.79998	1.07805	2.52287	-0.91928	0.42226	0.31569	1.76287	5.74135	0	0	-0.02563	0.02847	0	0	0	0	0	0	0.308	4.04243	0.27973	0	3.7627	-0.5969	0	0	1.9602	0.46767	13.3505	208.775	28.225
GLU_154	-5.93851	1.06692	6.92318	-0.33974	0.31018	0.43242	3.64236	7.56852	6e-05	0.00021	-4.4859	-0.49001	0	0	0	0	-1.65293	0	0.14222	8.86928	3.90916	0	4.96012	-0.32215	0	0	-1.6358	0.39703	23.3566	184.081	38.9187
GLU_155	-5.54379	0.62522	5.01543	-0.33207	0.17571	0.40173	2.53641	6.69823	0	0	-0.79662	-0.61594	0	0	0	0	0	0	1.11974	4.68992	0.18263	0	4.50729	-0.42976	0	0	-1.6358	-0.63797	15.9603	145.901	77.0989
LEU_156	-9.96313	3.16163	3.81913	-0.60308	0.30912	0.19541	3.14737	8.41467	0	0	-1.65796	0.12933	0	0	0	0	0	0	-0.02647	6.11824	5.05234	1.0659	0	-0.31438	0	0	1.3223	0.358	20.5284	208.975	1.02469
LEU_157	-9.1403	0.92797	4.0205	-0.53189	1.68079	0.13331	3.11039	7.78659	0	0	-2.16435	0.32514	0	0	0	0	0	0	0.09751	1.79981	1.43157	0.36823	0	-0.50479	0	0	1.3223	0.62002	11.2828	203.082	6.91781
LYS_158	-5.66523	0.67478	6.20615	-0.46357	0.21191	0.27654	2.34764	7.37407	0	0	-1.52177	-0.11883	0	0	0	0	0	0	0.07722	2.9442	0.18576	2.75844	0	0.07911	0	0	-0.8895	0.02271	14.4996	131.07	120.93
VAL_159	-5.40022	13.965	2.18649	-0.28792	0.23854	0.05171	2.1633	5.02357	0	0	-0.9677	0.29058	0	0	0	0	0	0	0.45648	1.15749	0.39414	0.76336	0	0.43559	0	0	2.7371	0.09077	23.2983	127.629	54.3715
LEU_160	-7.71948	1.78304	3.07791	-0.56197	2.48461	0.16621	1.91618	6.12494	0	0	-0.29858	0.19077	0	0	0	0	0	0	0.30845	0.39052	0.23651	0.15401	0	-0.1348	0	0	1.3223	0.03224	9.47286	196.394	13.6062
GLY_161	-1.83201	0.248	2.48158	-5e-05	0	0	1.20848	3.30026	0	0	-1.14173	-0.38369	0	0	0	0	0	0	-0.33563	0	0	0	0	-2.36782	0	0	1.435	-0.74667	1.86572	98.4554	65.5446
VAL_162	-6.05786	1.02244	3.16058	-0.28078	0.36055	0.05735	2.24056	5.48433	0	0	-1.64379	0.21694	0	0	0	-0.29013	0	0	-0.11615	0.26003	0.19026	0.06977	0	-0.64652	0	0	2.7371	-1.30556	5.45911	153.88	28.1202
ASN_163	-5.03009	0.78545	5.1515	-0.27824	0.03011	0.42974	3.33307	6.6449	0	0	-2.06853	-0.17375	0	0	0	-0.60368	0	0	0.06781	3.7123	0.15712	0	3.55518	0.49771	0	0	-0.3009	-0.34193	15.5678	94.938	89.062
VAL_164	-5.89407	1.06411	4.63063	-0.34251	0.31911	0.08132	2.00717	6.44418	0	0	-0.55729	0.04499	0	0	0	0	0	0	-0.01543	1.20962	0.02952	1.18009	0	0.17571	0	0	2.7371	1.32249	14.4367	124.028	57.972
MET_165	-4.37283	0.71756	3.76007	-0.35767	0.20423	0.23985	2.22394	5.09011	0	0	-1.16391	-0.16026	0	0	0	-0.60368	0	0	1.40702	4.45114	1.37646	3.07468	0	-0.01012	0	0	1.4633	1.29191	18.6318	121.237	140.763
LEU_166	-5.22486	0.57316	4.16735	-0.49023	0.38606	0.11875	2.72605	6.14217	0	0	-1.31537	0.23176	0	0	0	0	0	0	0.40562	1.24986	0.84573	0.40413	0	-0.52368	0	0	1.3223	-0.07753	10.9413	97.8977	112.102
ARG_167	-12.296	2.15133	11.239	-0.65825	0.21116	0.38366	4.99561	13.1655	6e-05	0.00021	-4.0072	0.37256	0	0	0	-0.29013	-0.8437	0	0.00585	4.87249	2.92571	1.94678	0	0.00263	0	0	-0.1423	0.16473	24.1996	239.285	25.7155
LYS_168	-5.11949	0.37105	6.27908	-0.5669	0.66421	0.41299	3.53225	7.34933	0	0	-3.82195	0.21489	0	0	0	0	-0.80924	0	1.55384	4.00352	0.97195	3.03158	0	-0.07356	0	0	-0.8895	-0.03116	17.0729	122.752	129.248
ILE_169	-4.7696	0.32417	4.23775	-0.49681	0.5941	0.10071	2.87883	6.38835	0	0	-1.78287	0.05683	0	0	0	0	0	0	0.2352	1.45952	0.75935	0.70017	0	-0.73116	0	0	1.8006	0.05549	11.8106	99.0012	107.999
ALA_170	-5.19579	0.62174	3.54989	-0.02176	0	0	3.29808	7.0338	0	0	-2.24429	-0.34031	0	0	0	0	0	0	-0.05671	0	0	0	0	-0.22508	0	0	2.2619	0.70164	9.38309	125.584	27.4162
VAL_171	-5.47345	0.60805	4.10898	-0.31307	0.3873	0.07196	2.68332	6.70775	0	0	-1.44258	-0.15141	0	0	0	0	0	0	0.36004	0.61873	0.53429	0.08444	0	-0.4418	0	0	2.7371	0.6049	11.6845	128.442	53.5575
ALA_172	-3.27875	0.28031	3.62961	-0.02096	0	0	2.21343	5.3834	0.09746	0.46123	-1.06295	-0.34106	0	0	0	0	0	0	0.30823	0	0	0	0	-0.25384	0	0	2.2619	0.4186	10.0966	83.6445	69.3555
ALA_173	-4.41962	0.45993	3.17095	-0.02277	0	0	2.65449	5.67609	0.02329	0.16156	-1.06227	-0.34944	0	0	0	0	0	0	-0.13048	0	0	0	0	-0.53776	0	0	2.2619	-0.35014	7.53573	141.371	11.6294
ALA_174	-4.58597	2.05112	3.40445	-0.02777	0.02259	0	2.96933	5.84499	0	0	-2.29299	-0.42403	0	0	0	-0.93108	0	0	-0.14037	0	0	0	0	0.22265	0	0	2.2619	-0.77254	7.6023	141.469	11.5313
SER_175	-3.33528	0.45907	3.66868	-0.0353	0.00727	0.03632	1.88964	4.32846	0.00933	0.14653	-0.22462	-0.28924	0	0	0	0	0	0	-0.05979	1.48157	0.00591	1.47566	0	0.55972	0	4.04	-0.539	0.1434	13.7683	103.248	58.7518
LYS_176	-1.94573	0.60165	2.11038	-0.33064	0.11501	0.21427	0.42895	2.45424	0.09746	0.46123	0.39566	-0.33418	1.79002	0	0	0	0	0	0.19829	2.34524	0	2.34524	0	0.49176	0	0	-0.8895	4.08968	14.6391	48.8071	203.193
PRO_177	-4.73286	2.0312	2.60686	-0.20042	0.02429	0.14399	0.85679	3.13485	0.03673	0.38801	-0.50341	0.15268	1.85275	0	0	0	0	0	0.47147	1.21205	0.6635	0.54855	0	-1.60305	0	0	-4.6787	3.41308	5.81835	187.263	11.7369
ALA_178	-3.10661	1.12741	3.1735	-0.02429	0.00042	0	2.95715	4.60945	0	0	-3.0548	-0.36244	0	0	0	0	0	0	0.10987	0	0	0	0	0.75983	0	0	2.2619	0.07633	8.52772	98.6962	54.3038
VAL_179	-5.43258	0.90225	2.47931	-0.27681	0.32503	0.05918	2.62766	5.0721	0	0	-2.23701	-0.36253	0	0	0	0	0	0	0.12185	0.71121	0.4308	0.28041	0	-1.09922	0	0	2.7371	0.06634	6.4051	177.548	4.45171
GLU_180	-5.59233	0.53361	6.40785	-0.29938	0.11642	0.39369	4.29839	7.29612	0	0	-4.6528	-0.26515	0	0	0	0	0	0	0.20267	4.96434	0.5121	0	4.45224	0.55842	0	0	-1.6358	-0.12363	17.1668	181.907	41.0927
ILE_181	-8.2583	2.15563	3.86448	-0.47523	1.27933	0.09255	2.91096	6.96387	0.01292	0.07743	-3.11095	0.16463	0	0	0	0	0	0	1.35944	0.82199	0.14817	0.67382	0	-1.15588	0	0	1.8006	-0.32476	9.00069	207	0
LYS_182	-6.3863	1.17547	6.29117	-0.53577	0.31882	0.4318	3.51398	6.96871	0	0	-2.85869	0.05892	0	0	0	0	0	0	-0.01263	5.48365	2.34533	3.13831	0	0.46235	0	0	-0.8895	-0.21375	19.2919	212.828	39.1717
GLN_183	-8.51831	1.36227	6.42779	-0.37537	0.19748	0.24137	3.53732	8.42538	0.06212	0.58195	-3.45511	-0.22865	0	0	0	-1.1659	0	0	1.99401	4.24733	0.44293	0	3.8044	0.48219	0	0	-0.1077	0.10704	18.0625	195.289	21.7109
GLU_184	-4.25148	0.98053	5.8485	-0.30648	0.14349	0.51215	3.06673	6.3776	0.00565	0.02307	-1.62042	-0.55499	0	0	0	0	0	0	1.05397	5.63722	1.03929	0	4.59792	0.43017	0	0	-1.6358	0.90164	22.2488	134.924	88.0764
GLY_185	-1.94556	0.23961	2.74658	-0.00016	0	0	1.29651	3.36636	0	0	-0.54389	-0.30352	0	0	0	-0.54031	0	0	-0.52713	0	0	0	0	-2.10566	0	0	1.435	1.99135	5.10918	105.791	58.2095
ASP_186	-5.01186	0.53519	4.73033	-0.1218	0.08207	0.39029	2.60945	5.88798	0	0	-3.1878	-0.20123	0	0	0	0	-0.45716	0	-0.1334	4.19135	1.43192	0	2.75943	-0.41622	0	0	-1.6204	0.29011	11.7583	125.65	59.3501
THR_187	-6.29829	0.90995	5.92669	-0.14406	0.12729	0.09882	3.7738	7.55608	0.00853	0.03894	-2.0142	-1.22477	0	0	0	0	0	0	0.85266	3.57921	1.73609	1.84312	0	-0.02194	0	5.01332	-0.9333	-0.64989	20.178	158.214	15.786
PHE_188	-10.2015	2.45658	2.80858	-0.5371	0.07253	0.22052	3.02165	6.81449	0	0	-2.6453	-0.0925	0	0	0	0	0	0	1.16996	5.30498	2.74413	0	2.56085	-0.38247	0	0	1.9602	-0.36266	14.913	237	0
TYR_189	-9.84725	1.70814	6.87909	-0.82167	0.07444	0.18403	4.20269	9.25432	0	0	-1.98336	-0.53725	0	0	0	0	0	0	-0.02938	3.93714	0.87049	0	3.06664	-0.25359	0	0	1.7379	-0.33609	18.1063	246.213	1.78722
ILE_190	-7.02225	2.19256	2.97711	-0.47703	0.97368	0.10277	2.96804	6.06261	0	0	-2.25002	-0.06129	0	0	0	0	0	0	0.17078	0.53695	0.18005	0.3569	0	-0.90954	0	0	1.8006	0.09416	7.69608	203.318	3.68221
LYS_191	-7.39588	1.66644	6.91601	-0.38912	0.10791	0.19403	4.2588	7.81535	0	0	-2.58555	0.01955	0	0	0	0	0	0	-0.1206	4.07583	1.36074	2.71509	0	0.53244	0	0	-0.8895	0.06399	18.3455	208.713	43.2874
THR_192	-4.43411	0.5471	3.88325	-0.15645	0.0743	0.05891	3.31416	5.6673	0.04974	0.29749	-2.5612	-0.72472	0	0	0	0	0	0	0.70705	2.18807	2.00053	0.18754	0	-0.07776	0	5.01801	-0.9333	0.15679	15.2627	133.462	40.5382
SER_193	-4.40247	1.33176	4.04121	-0.03559	0.01193	0.026	3.11131	5.58663	0.00054	0.00394	-2.55922	-0.63521	0	0	0	0	0	0	-0.13167	1.02122	0.1775	0.84372	0	0.64461	0	4.04	-0.539	0.41815	12.9554	121.71	40.2899
THR_194	-5.17498	1.06294	4.38456	-0.11534	0.13076	0.0709	2.97505	6.20508	0.0694	0.61034	-0.87865	-0.64619	0	0	0	0	0	0	0.30543	0.85748	0.60549	0.25199	0	-1.26066	0	5.00595	-0.9333	0.46397	13.9902	141.193	32.8069
THR_195	-1.6328	0.07953	1.86239	-0.1225	0.07294	0.04202	0.47062	2.36169	0.02329	0.16156	1.46001	-0.44002	0	0	0	0	0	0	-0.06354	4.35403	2.09792	2.25611	0	0.0449	0	5.06224	-0.9333	0.68325	17.8403	40.2434	133.757
VAL_196	-3.3092	2.10098	1.62607	-0.3365	0.38793	0.07799	0.97139	2.85582	0	0	0.76409	0.31122	0	0	0	0	0	0	-0.03628	3.67341	1.91333	1.76008	0	-0.5416	0	0	2.7371	0.56957	15.5254	95.6266	86.3734
ARG_197	-5.57384	1.98793	4.79727	-0.61173	0.28307	0.3512	3.06602	6.31321	0	0	-1.60858	0.21134	0	0	0	0	0	0	0.03945	9.63378	6.26046	3.37332	0	-0.09764	0	0	-0.1423	0.72347	29.0064	156.008	108.992
THR_198	-5.98214	2.55145	4.64506	-0.17247	0.21338	0.06085	3.11558	6.44676	0.0558	0.56081	-2.68212	-0.49594	0	0	0	0	0	0	-0.07807	0.56343	0.21936	0.34407	0	-0.36428	0	5.01786	-0.9333	0.7246	13.8107	151.083	22.9175
THR_199	-5.07747	1.91405	4.28123	-0.12804	0.11267	0.09131	3.53294	5.89421	0.03559	0.24401	-2.40872	-1.08625	0	0	0	0	0	0	0.4382	1.02829	0.49675	0.53154	0	-0.32306	0	5.01579	-0.9333	-0.24934	13.4104	135.577	38.4231
GLU_200	-6.88	1.12276	7.50859	-0.23835	0.15723	0.39394	4.37003	8.18645	0	0	-2.03215	-0.50501	0	0	0	0	-0.0145	0	0.1131	11.2608	6.04346	0	5.21736	-0.16804	0	0	-1.6358	-0.27524	32.6247	211.763	11.2374
ILE_201	-6.65251	0.93703	3.59558	-0.59508	0.5857	0.11474	3.43721	6.20596	0	0	-2.71902	-0.04021	0	0	0	0	0	0	1.86303	2.41753	0.16549	2.25204	0	0.02357	0	0	1.8006	0.46385	13.8555	183.779	23.2213
ASN_202	-7.02889	1.61057	5.75817	-0.42189	0.07596	0.84244	3.99028	7.93849	0.10415	0.42113	-2.77992	-0.22904	0	0	0	-2.03603	0	0	-0.00242	5.85969	0.94167	0	4.91802	1.03358	0	0	-0.3009	0.69811	21.3932	181.083	2.91741
PHE_203	-8.31268	1.09032	1.66272	-0.99413	0.23863	0.56886	2.36392	5.04892	0	0	-2.59726	-0.19382	0	0	0	0	0	0	0.05364	1.93478	0.00663	0	1.92815	-0.68754	0	0	1.9602	1.06362	5.13495	230.868	6.13245
LYS_204	-6.5034	1.03141	6.14008	-0.3532	0.08751	0.15233	2.22399	6.5531	0.04066	0.39932	-2.44839	0.03488	0	0	0	0	0	0	-0.04246	3.46689	0.62828	2.83861	0	0.23488	0	0	-0.8895	0.83688	14.4319	188.4	63.6002
VAL_205	-6.85505	1.32432	2.33857	-0.2567	0.23898	0.04794	1.73892	5.328	0	0	-1.00805	0.44604	0	0	0	0	0	0	-0.17379	1.43491	1.18743	0.24747	0	-0.18341	0	0	2.7371	-0.25776	8.33492	170.091	11.9089
GLY_206	-1.99334	0.22021	1.8498	-6e-05	0	0	1.0388	2.65622	0	0	-1.05605	-0.36669	0	0	0	0	0	0	0.01099	0	0	0	0	-2.46698	0	0	1.435	-1.16972	0.15818	117.222	46.778
GLU_207	-4.18144	0.45102	6.0847	-0.22537	0.07756	0.35278	3.1465	6.40763	0.01189	0.05178	1.15903	-0.54383	0	0	0	0	0	0	-0.09591	4.42377	0.15373	0	4.27003	0.48844	0	0	-1.6358	-0.83858	19.5579	145.098	77.9024
GLU_208	-3.90116	0.9601	4.02013	-0.2335	0.06441	0.23059	1.63539	4.30249	0	0	-2.39713	-0.03492	0	0	0	0	0	0	-0.11629	5.32831	0.52359	0	4.80472	-0.01793	0	0	-1.6358	-0.34781	13.1852	127.066	95.9344
PHE_209	-9.90712	4.17772	4.3912	-0.89972	0.18886	0.44632	2.93699	7.54834	0	0	-2.77576	-0.31353	0	0	0	0	0	0	0.17415	2.08905	0.03793	0	2.05112	-0.83498	0	0	1.9602	0.50577	11.7766	227.265	9.73452
GLU_210	-8.15293	1.97567	7.81741	-0.2476	0.06061	0.22828	3.81696	8.75503	0.08558	0.64995	-3.65642	-0.09015	0	0	0	-1.49206	-0.13849	0	0.10438	5.70708	1.44206	0	4.26502	0.30667	0	0	-1.6358	0.86835	20.6696	215.855	7.14537
GLU_211	-7.84113	0.66637	8.22601	-0.25494	0.07134	0.27379	4.77439	9.13312	0.00184	0.00765	-4.16248	-0.20033	0	0	0	0	-1.41267	0	1.94021	4.12246	0.02883	0	4.09363	1.06248	0	0	-1.6358	2.18678	21.0816	209.683	13.3168
GLN_212	-6.76294	0.75528	6.01449	-0.60715	0.24425	0.70734	2.20686	7.25363	0.09402	0.55376	-0.95919	-0.51996	0	0	0	0	-0.39027	0	0.46358	4.97355	1.45125	0	3.5223	0.12261	0	0	-0.1077	1.96634	20.982	177.366	39.6344
THR_213	-6.81522	0.9127	6.7298	-0.12769	0.09795	0.07685	4.60734	8.54494	0.0096	0.05505	-1.94307	-0.85179	0	0	0	0	0	0	0.54748	0.08578	0.03133	0.05445	0	-0.35698	0	5.02259	-0.9333	0.0914	15.8392	170.959	3.04075
VAL_214	-3.66279	2.08527	0.47428	-0.35833	0.49395	0.08598	0.69811	2.3349	0.0042	0.07911	0.73007	-0.02068	0	0	0	0	0	0	0.23162	1.56969	0.65937	0.91032	0	0.48537	0	0	2.7371	0.50952	10.047	104.439	77.561
ASP_215	-5.07228	0.87277	6.47108	-0.24207	0.02282	0.80808	2.63306	7.182	0	0	-0.79748	-2.0114	0	0	0	0	-0.54217	0	1.0283	5.35014	0.00092	0	5.34923	-0.72735	0	0	-1.6204	-0.4414	18.2639	143.284	41.7163
GLY_216	-2.63392	0.32806	2.79757	-5e-05	0	0	1.28649	3.56417	0	0	-0.26561	-0.35546	0	0	0	0	0	0	-0.24294	0	0	0	0	-2.4199	0	0	1.435	-0.41571	3.0777	110.867	53.1327
ARG_217	-7.82422	2.40583	8.42794	-0.76241	0.42629	0.55321	5.07161	10.1398	0.01148	0.07077	-3.13936	0.43381	0.14379	0	0	0	-0.54217	0	0.16528	5.15908	1.94948	3.20959	0	0.09184	0	0	-0.1423	3.06131	28.9107	206.323	58.6769
PRO_218	-4.57496	1.20488	2.59963	-0.14211	0.00524	0.10021	1.59484	3.38996	0.06222	0.34278	-2.08391	0.18258	0.14444	0	0	0	0	0	-0.13134	0.49899	0.06361	0.43538	0	-1.08691	0	0	-4.6787	2.30808	0.23493	150.826	48.1744
CYS_219	-8.61584	0.70741	5.52649	-0.06764	0	0.05646	2.82958	7.21983	0	0	-1.53547	-0.34904	0	0	0	0	0	0	1.04273	0.65986	0.11935	0.54051	0	0.09859	0	0	4.3148	-0.66094	11.8867	156	0
LYS_220	-7.05099	2.34222	7.64177	-0.83404	1.88571	0.41787	4.12618	8.00059	0	0	-4.95437	0.58116	0	0	0	0	0	0	0.89127	4.95845	0.42863	4.52983	0	0.23164	0	0	-0.8895	-0.27362	22.0328	206.027	45.9734
SER_221	-6.36691	1.76713	5.92397	-0.03251	0.00118	0.02024	3.93615	7.12416	0.00011	0.0005	-2.53494	-0.52634	0	0	0	0	0	0	0.10341	1.46461	0.71395	0.75066	0	-0.09487	0	4.04	-0.539	-0.27811	15.4734	162	0
LEU_222	-6.48682	1.06701	4.27847	-0.59672	0.75268	0.15137	2.44644	6.30388	0.0064	0.02188	-1.27433	0.28931	0	0	0	0	0	0	-0.11238	0.96057	0.01066	0.94991	0	-0.24203	0	0	1.3223	0.66897	10.5176	177.102	32.8975
VAL_223	-7.77943	5.55943	1.22778	-0.26282	0.2838	0.05122	1.24309	4.93598	0.02542	0.31228	-1.80412	0.03049	0	0	0	0	0	0	-0.04313	0.62715	0.16167	0.46548	0	-0.85328	0	0	2.7371	0.46714	7.38525	182	0
LYS_224	-4.55994	1.18388	4.14179	-0.31868	0.14909	0.16839	2.62336	5.41329	0.0064	0.02188	-2.50809	-0.30625	0	0	0	0	0	0	0.16701	5.28547	2.3959	2.88957	0	0.00156	0	0	-0.8895	-0.51853	15.3466	143.949	108.051
TRP_225	-7.1514	1.21624	2.4966	-0.86958	0.13316	0.29282	1.65657	5.41385	0	0	-1.80986	-0.23326	0	0	0	0	-0.45716	0	0.45015	2.54804	0.00355	0	2.54448	-0.0199	0	0	3.7077	-0.2574	9.6646	185.56	84.4401
GLU_226	-3.28999	0.28935	3.59895	-0.3235	0.06934	0.39166	1.19542	3.86909	0	0	-1.10749	-0.55455	0	0	0	0	0	0	3.60929	8.71038	2.1678	0	6.54258	-0.31796	0	0	-1.6358	-0.1681	23.0465	115.45	107.55
SER_227	-3.92866	0.31598	4.89848	-0.03125	0.07847	0.04927	2.85193	5.87765	0.00481	0.0362	-0.33562	-0.09672	0	0	0	0	0	0	0.33161	3.46394	3.26737	0.19658	0	-0.92578	0	4.04	-0.539	0.6419	20.1971	117.827	44.1732
GLU_228	-2.0641	0.09862	2.11047	-0.45745	0.33992	1.42297	0.52192	2.68113	0.0421	0.25083	-0.3285	-2.75815	0	0	0	0	0	0	-0.10629	5.11155	0	0	5.11155	-0.56157	0	0	-1.6358	0.29226	10.0714	76.5733	146.427
ASN_229	-4.28043	0.89965	4.05352	-0.21446	0.16758	0.36892	2.49211	5.31538	0.03729	0.21463	-1.2409	-0.67096	0	0	0	0	0	0	-0.11844	5.17234	0.19959	0	4.97275	-0.96694	0	0	-0.3009	-0.93734	15.1634	121.412	62.5876
LYS_230	-7.85278	0.66095	8.29969	-0.38706	0.08605	0.17459	4.24576	9.00527	0.01395	0.05478	-4.66601	0.03072	0	0	0	0	-0.28343	0	0.39276	7.34442	4.67117	2.67325	0	0.0757	0	0	-0.8895	0.25217	23.9025	210.916	41.0835
MET_231	-9.18486	2.29155	3.21669	-0.39867	0.24158	0.23865	3.06077	5.74779	0	0	-2.64521	-0.25851	0	0	0	0	0	0	0.6577	8.17974	3.97485	4.20489	0	0.07263	0	0	1.4633	0.40343	21.2663	262	0
VAL_232	-5.64101	3.05678	3.42429	-0.26689	0.36259	0.05634	2.76191	5.7951	0.03452	0.1294	-2.30398	-0.22703	0	0	0	0	0	0	0.1858	1.62286	1.15348	0.46938	0	-1.22601	0	0	2.7371	-0.62516	11.4995	148.845	33.1549
CYS_233	-7.94493	4.03982	4.03051	-0.06736	0.00294	0.04838	2.90553	5.94734	0.00184	0.00765	-2.55697	-0.44614	0	0	0	0	0	0	1.50426	0.59003	0.03784	0.55219	0	0.14405	0	0	4.3148	-0.07797	13.0338	156	0
GLU_234	-4.07213	0.41486	5.38321	-0.39516	0.45418	0.53841	3.33717	5.89717	0.03452	0.1294	-4.00288	-0.61928	0	0	0	0	0	0	-0.0997	8.60196	0.19156	0	8.41041	0.17402	0	0	-1.6358	0.05219	22.7941	184.293	38.7073
GLN_235	-7.1949	0.6947	5.74352	-0.24872	0.05587	0.19069	2.35507	6.62834	0.13396	0.78235	-1.5588	-0.58106	0	0	0	0	-0.51397	0	0.03032	4.13264	0.32216	0	3.81048	0.20925	0	0	-0.1077	-0.45354	14.4307	204.275	12.725
LYS_236	-3.72118	0.33522	5.46649	-0.37978	0.11738	0.29871	3.4851	6.02731	0	0	-4.04323	-0.0255	0	0	0	0	0	0	-0.15174	3.37728	0	3.37728	0	0.42063	0	0	-0.8895	0.1139	13.8084	129.396	122.604
LEU_237	-5.35465	0.46325	2.01213	-0.48509	1.25133	0.07943	0.73529	4.53758	0	0	-0.00928	0.34287	0	0	0	0	0	0	-0.08858	5.53968	4.49687	1.04281	0	-0.14309	0	0	1.3223	0.04686	15.7897	169.704	40.2963
LEU_238	-5.59797	2.20032	3.72045	-0.55733	1.78448	0.16104	1.26474	4.87714	0	0	-0.50945	0.1925	0	0	0	0	0	0	0.08057	2.95287	2.52841	0.42446	0	-0.46157	0	0	1.3223	-0.54572	13.8372	162.802	47.1978
LYS_239	-2.05214	0.36309	2.44181	-0.49616	0.58194	0.27788	0.58271	2.798	0.06222	0.34278	0.11319	-0.1185	0	0	0	0	0	0	0.02643	2.33372	0	2.33372	0	-0.0053	0	0	-0.8895	-0.32465	8.37124	69.0731	182.927
GLY_240	-1.05133	0.08087	1.12992	-0.00021	0	0	0.04729	1.39908	0	0	0.06276	-0.17949	0	0	0	0	0	0	0.32409	0	0	0	0	-2.43718	0	0	1.435	0.54177	1.35259	92.5976	71.4024
GLU_241	-1.19877	0.08614	0.71555	-0.19765	0.06132	0.28682	0.11388	1.19022	0	0	0.09748	-0.4979	0	0	0	0	0	0	-0.0059	3.81469	0	0	3.81469	0.3427	0	0	-1.6358	0.79751	7.78501	51.7091	171.291
GLY_242	-1.47866	0.33914	1.2357	-0.00232	0	0	0.29297	1.8505	0.00169	0.03706	0.73171	-0.41076	0.38408	0	0	0	0	0	-0.04968	0	0	0	0	-2.0981	0	0	1.435	3.55226	5.82061	130.519	33.4809
PRO_243	-4.15386	0.69851	2.61671	-0.12394	0.00075	0.09014	0.63468	3.18013	0.00188	0.01572	-1.0257	0.2787	0.386	0	0	0	0	0	0.26236	0.52824	0.30821	0.22003	0	-1.89772	0	0	-4.6787	2.96245	0.30459	169.633	29.3666
LYS_244	-2.85406	0.20626	3.87118	-0.49862	0.33643	0.29848	2.12934	4.65306	0.07174	0.4214	-2.59077	0.69662	0	0	0	-0.4908	0	0	-0.0583	4.27788	1.55077	2.72711	0	0.2145	0	0	-0.8895	-0.28097	13.7918	117.161	134.839
THR_245	-4.90125	0.72308	3.22682	-0.12182	0.05985	0.08188	2.01209	4.91722	0.00264	0.01776	-1.11871	-0.7379	0	0	0	0	0	0	0.0449	0.42683	0.01644	0.41039	0	-0.30546	0	5.01477	-0.9333	0.0497	8.88593	162.612	11.388
SER_246	-3.96015	0.2317	4.28395	-0.04045	0.01775	0.06164	2.80367	5.28825	0.04229	0.24583	-1.40602	-0.53747	0	0	0	0	0	0	0.89854	0.0599	0.0136	0.04631	0	-0.90057	0	4.04	-0.539	-0.40305	10.2467	146.117	15.8832
TRP_247	-10.9146	2.71238	4.94513	-1.36159	0.35616	0.70481	3.95325	8.37704	9e-05	0.00028	-3.81971	-0.29617	0	0	0	0	-0.8987	0	-0.0146	2.43799	0.08186	0	2.35612	-0.58174	0	0	3.7077	-0.12483	11.6209	246.797	23.203
THR_248	-6.57921	4.11438	5.57154	-0.12399	0.0845	0.08831	4.24057	7.59779	0.01914	0.0748	-1.45266	-1.08104	0	0	0	0	0	0	0.48619	1.19963	0.49025	0.70938	0	-0.21191	0	4.99751	-0.9333	0.0654	19.3573	165.545	8.45484
ARG_249	-9.12873	1.82551	4.84379	-0.55592	0.18682	0.30487	3.45671	7.19669	0	0	-2.41272	-0.09692	0	0	0	0	0	0	0.17037	4.36667	0.98242	3.38425	0	-0.13764	0	0	-0.1423	-0.10775	14.1361	230.567	34.433
GLU_250	-6.85303	2.33312	6.52891	-0.3697	0.13647	0.51483	3.76591	7.59322	0.00672	0.02137	-4.01922	-0.54478	0	0	0	0	-0.28343	0	0.04826	6.16667	0.18288	0	5.98379	-0.07864	0	0	-1.6358	-0.01493	19.4827	189.614	33.3858
LEU_251	-6.55187	0.86668	2.35113	-0.47814	2.0484	0.0917	2.2535	5.46057	0	0	-1.23256	0.20969	0	0	0	0	0	0	-0.10028	19.7122	18.9217	0.79048	0	-0.58411	0	0	1.3223	-0.13634	44.945	191.652	18.3477
THR_252	-4.65215	0.32435	4.86154	-0.12382	0.11079	0.07472	3.05116	6.11461	0.00672	0.02137	-1.08391	-0.74883	0	0	0	0	0	0	0.28131	0.28702	0.09444	0.19258	0	-0.8978	0	5.01148	-0.9333	0.17134	12.1636	131.399	42.6005
ASN_253	-1.33404	0.19065	1.70206	-0.1883	0.01938	0.2821	0.47953	2.07684	0	0	0.70398	-0.34429	0	0	0	0	0	0	1.51738	2.99812	0.55714	0	2.44097	0.03205	0	0	-0.3009	-0.09825	10.7344	20.2047	163.795
ASP_254	-2.2749	0.26067	2.9115	-0.1243	0.03283	0.40021	1.17792	3.15376	0	0	0.20544	0.02132	0	0	0	0	0	0	-0.10727	3.55882	0.44201	0	3.11681	-0.61753	0	0	-1.6204	-1.08311	9.45377	62.9619	122.038
GLY_255	-2.04995	0.18841	2.64989	-5e-05	0	0	1.14017	3.31379	0.04558	0.28071	-0.44572	-0.39452	0	0	0	0	0	0	0.05708	0	0	0	0	-2.07255	0	0	1.435	-1.51386	2.63397	130.336	33.6644
GLU_256	-6.18437	0.51754	5.87115	-0.19665	0.03199	0.25154	3.65224	7.38713	0.02568	0.11016	-2.19476	-0.4274	0	0	0	0	0	0	0.5294	4.39871	0.25305	0	4.14566	0.03982	0	0	-1.6358	-1.05372	15.5214	196.718	26.2819
LEU_257	-8.47918	1.51884	3.08152	-0.60954	0.37311	0.16482	2.86023	6.56219	0.00037	0.00134	-2.3723	0.26452	0	0	0	0	0	0	0.19596	2.06391	1.2238	0.84011	0	-0.5746	0	0	1.3223	-0.38434	8.05307	207.951	2.04937
ILE_258	-6.95537	2.11004	3.90132	-0.49429	1.66236	0.10582	2.95736	6.3402	0.01611	0.05113	-2.15996	0.03699	0	0	0	0	0	0	1.56438	0.92076	0.49618	0.42458	0	-1.19608	0	0	1.8006	-0.60592	10.9762	181.628	25.3716
LEU_259	-7.99295	1.59694	4.41216	-0.61291	0.60377	0.15452	3.43914	7.06896	0.00037	0.00134	-2.95081	0.37564	0	0	0	0	0	0	0.77146	1.92862	1.08813	0.84049	0	-0.60714	0	0	1.3223	-0.64546	10.7946	185.557	24.4427
THR_260	-6.11612	1.8881	5.21109	-0.14307	0.08717	0.10391	3.89226	7.36619	0.02122	0.07092	-1.75807	-1.3095	0	0	0	0	0	0	0.09437	2.16897	0.58971	1.57926	0	-0.37745	0	5.00353	-0.9333	-0.15966	17.2795	156.641	17.3586
MET_261	-7.66934	0.70087	3.08511	-0.35599	0.17918	0.13013	2.77436	5.33697	0	0	-2.37877	-0.42591	0	0	0	0	0	0	-0.032	2.16543	0.0383	2.12713	0	0.15479	0	0	1.4633	0.2369	7.53047	232.354	29.6458
THR_262	-5.21238	1.18765	4.08937	-0.13897	0.24987	0.09401	3.16528	6.15471	0.09055	0.74326	-1.8985	-1.17165	0	0	0	0	0	0	1.43828	2.96892	2.01716	0.95177	0	-0.34717	0	5.03652	-0.9333	0.19632	18.6817	150.431	23.5693
ALA_263	-5.23331	0.95359	2.4817	-0.02712	0.01188	0	2.53276	5.33069	0	0	-2.35017	-0.47669	0	0	0	0	0	0	2.24952	0	0	0	0	0.68633	0	0	2.2619	1.33587	9.75696	153	0
ASP_264	-3.59213	0.32999	5.14007	-0.08699	0.06165	0.28203	1.97093	5.64471	0.04996	0.53448	-2.79521	-0.50475	0	0	0	-0.4908	0	0	-0.35176	5.01999	2.3131	0	2.70689	0.08618	0	0	-1.6204	3.61359	18.3115	115.141	69.8591
ASP_265	-1.62746	0.17774	1.94978	-0.11675	0.01428	0.36569	0.40514	2.52689	0	0	-0.08379	-0.33962	0	0	0	0	0	0	0.06151	3.79682	0.0001	0	3.79672	-0.21565	0	0	-1.6204	1.73519	10.8262	53.4597	131.54
VAL_266	-6.09251	12.9741	3.00387	-0.28164	0.35158	0.06301	2.76251	5.99816	0.02026	0.07395	-2.15995	0.05899	0	0	0	0	0	0	-0.1263	0.84283	0.7529	0.08993	0	-0.72865	0	0	2.7371	-1.08929	19.2508	161.242	20.7581
VAL_267	-4.02047	0.5417	1.66269	-0.27501	0.31121	0.05832	1.15129	3.71643	0	0	-0.46005	-0.30668	0	0	0	-0.38724	0	0	1.70492	0.29697	0.06699	0.22998	0	-1.14632	0	0	2.7371	-0.92533	4.9565	109.541	72.4594
CYS_268	-7.87177	2.21339	4.51235	-0.06913	0.00075	0.04997	3.32469	6.26774	0.02026	0.07395	-2.80249	-0.34606	0	0	0	0	0	0	-0.055	1.21173	0.35597	0.85576	0	0.23135	0	0	4.3148	-0.86381	11.4245	156	0
THR_269	-4.93922	0.83647	3.67475	-0.16603	0.10075	0.06037	2.9708	5.51954	0	0	-2.41246	-0.61801	0	0	0	0	0	0	0.03693	0.40721	0.18137	0.22584	0	-0.15357	0	5.01616	-0.9333	-0.40943	9.39815	135.862	38.138
ARG_270	-10.0617	3.02129	6.9324	-0.71384	0.55493	0.38537	5.34967	9.45121	0.01448	0.06025	-3.83224	0.01491	0	0	0	-0.93108	-0.57637	0	0.00667	7.58638	4.13832	3.44806	0	0.09347	0	0	-0.1423	0.03959	24.8394	249.323	15.6769
VAL_271	-8.00659	0.73457	4.01409	-0.25892	0.23641	0.05109	3.14508	7.50004	0.00021	0.00118	-3.34899	-0.19319	0	0	0	0	0	0	-0.12702	0.88249	0.42263	0.45986	0	-1.2419	0	0	2.7371	-0.51717	6.49098	178.669	3.33141
TYR_272	-11.4478	3.35703	4.31505	-0.56329	0.23852	0.2822	3.36605	8.54362	0.01448	0.06025	-2.27848	-0.16335	0	0	0	0	0	0	0.08653	2.92004	0.09535	0	2.82469	-0.63897	0	0	1.7379	-0.52955	12.2203	237.177	10.8234
VAL_273	-5.53116	1.26179	3.14604	-0.3033	0.20851	0.06578	2.84663	5.65676	0	0	-2.57154	-0.45985	0	0	0	0	0	0	-0.05414	1.29962	0.78885	0.51078	0	-0.52866	0	0	2.7371	-0.48299	8.59021	128.195	53.8055
ARG_274	-5.02158	0.41245	3.94317	-0.64612	0.55345	0.34057	1.75288	5.36639	0.04564	0.28096	-2.29683	0.44334	0	0	0	-0.48181	0	0	0.78017	8.46328	4.97264	3.49064	0	-0.07273	0	0	-0.1423	-0.91793	21.2663	139.668	125.332
GLU_275	-3.8046	0.6256	4.64177	-0.35433	0.05284	0.52621	1.91044	4.71662	0.03618	0.3836	-1.44258	-0.21842	0	0	0	0	0	0	0	4.84073	0.08541	0	4.75532	0	0	0	-1.6358	-0.50333	14.6157	86.1183	136.882