label	fa_atr	fa_rep	fa_sol	fa_intra_atr_xover4	fa_intra_rep_xover4	fa_intra_sol_xover4	lk_ball	lk_ball_iso	lk_ball_bridge	lk_ball_bridge_uncpl	fa_elec	fa_intra_elec	pro_close	hbond_sr_bb	hbond_lr_bb	hbond_bb_sc	hbond_sc	dslf_fa13	omega	fa_dun	fa_dun_dev	fa_dun_rot	fa_dun_semi	p_aa_pp	yhh_planarity	hxl_tors	ref	rama_prepro	total	BSA	SASA
PRO_1	-2.14266	0.35411	1.61555	-0.15049	0.00019	0.10606	0.31415	1.76059	0	0	-0.16491	0.79682	0.79691	0	0	0	0	0	0.18971	3.38094	1.49419	1.88676	0	0	0	0	-4.6787	0	5.55922	57.4164	141.584
PRO_2	-1.86132	0.34998	1.65678	-0.17811	0.00138	0.12381	0.39794	2.02007	0	0	-0.50045	0.1559	0.0013	0	0	0	0	0	-0.06114	1.08712	0.06554	1.02158	0	-1.78604	0	0	-4.6787	-0.5464	-2.73076	82.2616	116.738
VAL_3	-4.13734	0.65975	0.68289	-0.27451	0.25712	0.05416	0.48502	2.90939	0	0	0.00464	0.25883	0	0	0	0	0	0	-0.1166	0.209	0.10108	0.10792	0	-0.51818	0	0	2.7371	-0.87584	2.54443	118.674	63.3258
HIS_4	-8.94966	2.13655	6.75202	-0.46722	0.05046	0.33044	3.61659	8.78409	0.00904	0.05598	-2.91102	-0.91832	0.09765	0	0	-1.19098	0	0	-0.10415	2.10192	0.04966	0	2.05226	-0.10638	0	0	0.8406	1.69192	13.9214	206.192	34.8085
PRO_5	-3.49467	1.11263	2.01878	-0.06787	0	0.04506	1.0969	2.71193	0	0	0.37645	0.56914	0.18863	0	0	0	0	0	-0.13357	10.4733	9.9903	0.48298	0	-0.65353	0	0	-4.6787	2.22078	22.2585	96.6782	102.322
PHE_6	-7.21804	1.58705	4.01371	-0.54553	1.20578	0.26292	1.91692	5.42163	0.0099	0.11594	-1.43322	-0.34074	0	0	0	-1.19098	0	0	-0.09093	4.78209	0.12723	0	4.65486	0.01196	0	0	1.9602	0.10674	15.3575	187.176	49.8239
VAL_7	-7.45123	1.2331	3.06252	-0.31401	0.4349	0.07466	2.84509	6.26372	0	0	-1.47273	-0.47822	0	0	0	0	0	0	-0.01609	1.63364	0.45481	1.17883	0	0.1343	0	0	2.7371	0.04771	10.3681	182	0
ALA_8	-3.77883	1.0458	3.22677	-0.02152	0	0	2.27137	5.10093	0	0	-1.00259	-0.33024	0.11014	0	0	0	0	0	0.11763	0	0	0	0	-0.25471	0	0	2.2619	3.48105	12.2277	97.4253	55.5747
PRO_9	-4.15254	1.17946	2.19778	-0.07679	1e-05	0.04643	1.0691	2.82711	0	0	-0.50924	0.60467	0.11311	0	0	0	0	0	0.04328	0.77118	0.1092	0.66198	0	-0.65289	0	0	-4.6787	3.214	2.76714	150.682	48.3177
LEU_10	-7.46343	1.37446	2.16078	-0.50945	0.48943	0.15745	2.76507	5.36266	0.00802	0.03281	-1.94944	0.06307	0	0	0	0	0	0	0.16378	0.90426	0.51336	0.3909	0	0.07026	0	0	1.3223	-0.18035	5.67593	209.23	0.76969
SER_11	-3.87263	0.64753	3.99324	-0.03794	0.00653	0.04329	2.55877	5.23509	0.07641	0.46592	-1.01786	-0.35538	0	0	0	0	0	0	0.06965	0.26449	0.04032	0.22417	0	-0.24901	0	4.04	-0.539	-0.3351	11.2585	108.235	53.7655
TYR_12	-7.30324	0.90047	3.07518	-0.87176	0.19171	0.35149	1.95366	5.87615	0	0	-0.46754	-0.42674	0	0	0	0	0	0	-0.19469	3.0048	0.05183	0	2.95297	0.45332	0	0	1.7379	0.25024	11.5358	214.642	33.3579
LEU_13	-7.71431	1.32726	2.20174	-0.49111	0.39414	0.12938	2.42612	5.62961	0.13995	0.90019	-1.79714	0.18635	0	0	0	-0.65284	0	0	0.96201	0.53445	0.16348	0.37097	0	-0.43271	0	0	1.3223	0.23844	5.83827	210	0
LEU_14	-5.75296	0.27933	2.6555	-0.47117	0.55312	0.08918	1.84446	5.19986	0.07154	0.41239	-1.70359	0.31845	0	0	0	0	0	0	0.19783	1.60787	0.32442	1.28345	0	-0.27623	0	0	1.3223	-0.5039	7.45184	167.472	42.5279
GLY_15	-2.80783	0.19986	3.61737	-0.00107	0	0	2.58684	4.51233	0	0	-1.95822	-0.3086	0	0	0	0	0	0	0.00975	0	0	0	0	-2.53032	0	0	1.435	0.44652	5.20164	131.997	32.0031
THR_16	-5.0998	0.87898	3.33603	-0.14132	0.08133	0.04978	1.84981	4.89122	0.0054	0.02938	-1.77361	-0.60569	0	0	0	0	0	0	1.81703	1.02612	0.21901	0.80712	0	-0.32187	0	5.02986	-0.9333	0.65198	11.7975	132.808	41.1918
TRP_17	-13.3001	2.28182	5.78454	-0.75782	0.09486	0.38755	4.53378	10.2687	0	0	-3.96518	-0.27685	0	0	0	-0.65284	0	0	0.01104	2.12362	0.19617	0	1.92745	-0.04597	0	0	3.7077	-0.03623	12.2822	270	0
ARG_18	-7.09366	1.60747	5.70712	-0.85742	0.84943	0.56375	3.21812	7.20639	0	0	-4.10558	0.58818	0	0	0	0	-0.92424	0	0.04046	5.79857	1.50357	4.295	0	-0.36117	0	0	-0.1423	-0.05342	17.8403	147.582	117.418
GLY_19	-3.31526	0.86115	3.26425	-0.00105	0	0	2.24144	4.36276	0	0	-2.55729	-0.29645	0	0	0	0	0	0	-0.32986	0	0	0	0	-2.35477	0	0	1.435	1.82858	5.1385	136.446	27.5542
GLN_20	-4.0769	0.39733	2.99114	-0.39617	0.07273	0.27487	2.30508	4.55517	0.05352	0.39276	-1.85404	-0.23811	0	0	0	0	0	0	0.51576	4.38549	0.01657	0	4.36892	0.14264	0	0	-0.1077	2.29574	16.0948	113.063	103.937
GLY_21	-4.28567	0.84778	3.18645	-0.00116	0	0	2.50356	5.11799	0	0	-2.76228	-0.30978	0	0	0	0	0	0	-0.04413	0	0	0	0	-0.28729	0	0	1.435	1.17464	6.5751	161.951	2.04937
GLU_22	-5.29367	0.85516	5.90705	-0.21254	0.05729	0.34626	2.874	6.67252	0.12248	0.49848	-3.03641	-0.52175	0	0	0	0	0	0	-0.01532	6.00327	1.02565	0	4.97762	-0.15389	0	0	-1.6358	0.81378	19.2842	162.723	60.2767
GLY_23	-4.05087	1.45527	3.0149	-0.00087	0	0	2.48551	4.86341	0	0	-3.0165	-0.32528	0	0	0	0	0	0	-0.12197	0	0	0	0	1.36312	0	0	1.435	1.9543	9.05602	164	0
GLU_24	-3.86625	0.7664	3.53201	-0.39767	0.71831	0.5747	2.24191	4.5117	0	0	-0.88196	-0.87487	0	0	0	0	0	0	0.01515	7.99219	3.55819	0	4.434	0.20607	0	0	-1.6358	2.93027	23.8243	130.237	92.763
TYR_25	-9.60319	3.90989	4.98187	-0.5101	0.06285	0.02203	3.56361	7.4641	0.0053	0.09982	0.582	-0.40958	0.0324	0	0	0	0	0	0.31256	4.96841	2.07035	0	2.89806	-0.30495	0	0	1.7379	4.45267	26.336	228.408	19.5915
PRO_26	-3.17198	2.51924	1.60923	-0.06382	0	0.04216	0.42454	1.74436	0	0	0.24218	0.58052	0.1383	0	0	0	0	0	0.52511	11.1532	11.0447	0.10847	0	-1.15439	0	0	-4.6787	5.5795	26.6425	105.341	93.6589
THR_27	-2.17423	0.33097	1.82172	-0.1258	0.05529	0.05255	0.73515	2.359	0	0	0.36074	-0.13833	0	0	0	0	0	0	-0.0611	1.56416	1.12699	0.43717	0	-0.15783	0	5.03969	-0.9333	2.09379	12.3866	68.656	105.344
ILE_28	-4.50354	0.87277	2.98541	-0.53844	0.54623	0.15125	1.55366	4.29226	0	0	0.43209	-0.00013	1.15334	0	0	0	0	0	0.8446	2.35581	1.27574	1.08008	0	0.17369	0	0	1.8006	2.58799	17.0634	138.124	68.8756
PRO_29	-1.84425	0.35559	1.49055	-0.19856	0.00489	0.14117	0.51197	1.70939	0	0	-0.14688	0.02119	1.22262	0	0	0	0	0	0.74859	0.74169	0.38907	0.35262	0	-0.86158	0	0	-4.6787	2.57746	2.53683	78.0635	120.937
SER_30	-2.04356	0.2879	1.40434	-0.04281	0.02367	0.06659	0.48051	1.93723	0	0	-0.79733	-0.76361	0	0	0	0	0	0	1.30638	3.3923	2.48356	0.90874	0	-0.19968	0	4.04	-0.539	-0.71408	11.2311	60.6917	101.308
PHE_31	-5.61912	0.62455	2.66449	-0.97753	0.14865	0.5704	2.58439	5.26174	0	0	-2.0617	-0.1811	0	0	0	0	0	0	-0.01397	1.93818	0.00041	0	1.93777	-0.79914	0	0	1.9602	-0.6617	7.37653	167.578	69.4223
ARG_32	-4.09216	0.61829	2.85301	-0.54892	0.32281	0.30425	0.64734	3.51034	0.05352	0.39276	-0.91231	0.13382	0	0	0	0	0	0	0.44068	3.2522	0.33393	2.91828	0	-0.22721	0	0	-0.1423	-0.23593	9.6224	96.8815	168.118
TYR_33	-10.2332	0.95835	4.78635	-0.95816	0.11217	0.6191	3.64836	8.77221	0.06696	0.3634	-3.25627	-0.33103	0	0	0	0	-0.50215	0	1.5066	2.20321	0.15255	0	2.05067	-0.30256	0	0	1.7379	-0.03423	11.3602	246.461	1.53938
GLY_34	-5.224	1.3368	3.74708	-0.00046	0	0	2.65291	6.05756	0	0	-2.78394	-0.24163	0	0	0	0	0	0	0.29878	0	0	0	0	0.57924	0	0	1.435	0.70597	8.5633	162.206	1.79438
GLU_35	-8.93892	1.54052	7.81095	-0.24863	0.06518	0.27708	4.76778	9.9141	0.06111	0.63004	-5.39528	-0.16838	0	0	0	0	-1.02551	0	0.18318	4.21184	0.10818	0	4.10366	-0.26197	0	0	-1.6358	0.90146	16.9006	223	0
GLU_36	-7.20219	1.59229	7.01015	-0.25616	0.04432	0.27597	3.8721	7.85832	0.00475	0.02032	-4.67537	-0.31505	0	0	0	0	-0.92424	0	-0.01836	5.12647	0.08167	0	5.04479	0.06097	0	0	-1.6358	0.40688	16.3718	184.489	38.5107
ILE_37	-8.18921	1.46948	3.00553	-0.46395	0.93312	0.0944	3.2648	6.10254	0	0	-2.70036	0.08361	0	0	0	0	0	0	1.97305	0.63875	0.00374	0.63502	0	-0.83058	0	0	1.8006	-0.05199	7.76854	207	0
ARG_38	-5.75988	1.248	4.643	-0.59026	0.68075	0.32684	3.02402	6.14669	0	0	-2.43058	0.49556	0	0	0	0	0	0	1.31431	5.50599	2.32771	3.17828	0	0.17818	0	0	-0.1423	-0.26173	19.8846	126.612	138.388
PHE_39	-9.39262	1.89651	1.58098	-0.51983	0.03565	0.23156	2.56339	5.7713	0.13995	0.90019	-3.00899	0.0451	0	0	0	0	0	0	0.03498	3.28604	0.28434	0	3.00171	-0.0957	0	0	1.9602	-0.44334	8.27141	235.176	1.82445
SER_40	-4.07166	0.39575	3.77175	-0.03748	0.01037	0.05564	2.59978	5.35025	0	0	-1.98957	-0.35561	0	0	0	0	0	0	-0.03092	0.36718	0.22953	0.13765	0	-0.86446	0	4.04	-0.539	-0.34423	8.72494	131.549	30.4505
HIS_41	-5.19567	0.57026	3.24059	-0.91998	0.08288	1.10849	1.4959	5.04781	6e-05	0.0013	-0.86492	-0.83572	0	0	0	-0.82183	0	0	0.09273	3.76706	0.83803	0	2.92903	-0.56678	0	0	0.8406	0.18807	10.9979	186.021	54.9789
SER_42	-2.2362	0.16534	2.196	-0.05084	0.05053	0.07188	0.5737	2.56993	0.1168	0.74807	0.6733	0.43183	0	0	0	0	0	0	0.08345	0.78981	0.12259	0.66722	0	-0.19143	0	4.04	-0.539	1.42952	11.7125	92.2274	69.7726
GLY_43	-2.90921	0.21226	2.58145	-5e-05	0	0	1.3042	3.29972	0	0	-0.98355	-0.37605	0	0	0	-0.82183	0	0	-0.19314	0	0	0	0	-2.43713	0	0	1.435	0.21346	1.32514	144.168	19.8325
LYS_44	-4.10762	2.59232	3.70657	-0.54061	0.37875	0.36194	1.60017	4.44981	0.09392	0.57559	-0.72268	0.25328	0.3591	0	0	0	0	0	-0.04256	3.46401	1.14559	2.31842	0	-0.00852	0	0	-0.8895	2.10013	17.0881	125.648	126.352
PRO_45	-5.05875	2.94171	1.79872	-0.15822	0.13563	0.10195	0.44134	2.46452	0	0	0.22494	0.22207	0.40749	0	0	0	0	0	1.69808	0.85982	0.59811	0.2617	0	-1.55433	0	0	-4.6787	4.59208	5.29817	170.049	28.9509
VAL_46	-5.63539	1.64199	2.1599	-0.23936	0.20542	0.04731	1.53788	4.54739	0.03198	0.22976	-1.23246	-0.3784	0	0	0	0	0	0	0.34729	1.68088	0.88773	0.79315	0	0.00599	0	0	2.7371	2.1482	11.5164	151.58	30.4199
ILE_47	-7.6222	2.11118	2.51891	-0.47335	1.31802	0.09953	3.19314	5.82793	0	0	-2.53942	0.05332	0	0	0	0	0	0	0.85395	1.72848	1.23423	0.49424	0	-1.27832	0	0	1.8006	0.07439	9.3946	207	0
ALA_48	-4.06379	0.88292	3.03614	-0.0246	6e-05	0	3.06511	5.2107	0	0	-2.32814	-0.25417	0	0	0	0	0	0	0.07737	0	0	0	0	0.29451	0	0	2.2619	-1.05412	7.10388	119.525	33.4752
TYR_49	-9.02188	0.86453	4.08555	-0.78867	0.03885	0.21117	3.4202	7.31674	0.04078	0.49277	-3.65334	-0.44044	0	0	0	0	-0.75877	0	0.6239	4.55976	1.385	0	3.17477	-0.04705	0	0	1.7379	-0.56908	12.6727	241.918	6.0815
THR_50	-4.22635	0.96531	3.5935	-0.22594	0.20118	0.08844	2.97349	5.16145	0.01892	0.20017	-2.35977	-0.39849	0	0	0	0	0	0	1.7165	2.11609	0.60468	1.51141	0	-0.116	0	4.9971	-0.9333	0.07643	15.9648	105.219	68.7811
GLN_51	-8.18074	1.36955	7.28785	-0.71941	0.43999	0.7099	3.81918	8.72316	0.04463	0.52597	-3.09774	-0.40259	0	0	0	0	-0.42774	0	0.92319	7.45875	0.74978	0	6.70896	-0.204	0	0	-0.1077	0.2866	25.9076	202.886	14.1141
LYS_52	-5.87523	0.96437	5.16437	-0.4971	0.21304	0.31403	2.83059	6.39347	0.00475	0.02032	-2.85677	-0.11193	0	0	0	0	0	0	0.00473	3.49157	0.63335	2.85822	0	0.19182	0	0	-0.8895	0.22509	13.0792	132.631	119.369
THR_53	-6.90977	0.98602	4.78539	-0.11194	0.06134	0.07315	3.31305	6.83282	9e-05	0.00241	-3.18131	-0.6126	0	0	0	0	0	0	0.32661	0.4562	0.29106	0.16514	0	-0.64218	0	5.02717	-0.9333	-0.43505	9.49431	164.778	9.22218
TRP_54	-11.8072	3.53743	6.1124	-1.28979	0.15394	1.13663	2.51824	10.138	0.0034	0.0506	-2.63142	-0.43897	0	0	0	0	0	0	0.579	2.114	0.13188	0	1.98213	-0.75215	0	0	3.7077	-0.2195	15.0263	221.391	48.6093
LYS_55	-5.58218	0.87195	5.76973	-0.30407	0.05796	0.13092	2.52082	6.63066	0	0	-3.00749	0.05984	0	0	0	0	0	0	0.71594	4.14491	1.19938	2.94553	0	-0.00298	0	0	-0.8895	-0.08098	15.1804	127.138	124.862
LEU_56	-4.87902	0.19327	2.98509	-0.54511	1.76274	0.14026	0.60364	4.86849	0.0034	0.0506	0.12002	0.33664	0	0	0	0	0	0	0.42848	0.925	0.11189	0.81311	0	-0.34043	0	0	1.3223	0.10276	9.00313	136.838	73.1624
GLU_57	-2.36197	0.40039	3.22518	-0.48581	0.79671	1.3997	0.4181	3.40975	0.02765	0.37473	-0.31394	-1.30373	0	0	0	0	0	0	1.14013	10.0764	0.65153	0	9.42491	-0.38142	0	0	-1.6358	0.24604	25.1086	58.6074	164.393
SER_58	-2.59364	0.59257	3.01944	-0.04085	0.01679	0.04492	1.41201	3.6926	0.02765	0.37473	0.51334	0.12494	0	0	0	0	0	0	0.68668	0.81891	0.08058	0.73832	0	0.08548	0	4.04	-0.539	0.03031	13.1258	80.7304	81.2696
GLY_59	-2.75886	0.36786	2.39829	-5e-05	0	0	1.45567	3.34851	0	0	-0.52914	-0.40301	0	0	0	0	0	0	-0.34471	0	0	0	0	-2.17427	0	0	1.435	-0.53902	2.25626	124.76	39.2398
ALA_60	-3.7281	1.52132	3.94811	-0.02578	0.00033	0	2.66057	5.22962	0	0	-1.25645	-0.25472	0.04853	0	0	0	0	0	-0.08958	0	0	0	0	0.37311	0	0	2.2619	1.53668	12.2255	106.712	46.2877
PRO_61	-2.17352	1.13338	1.10679	-0.12514	0.00206	0.09049	0.51969	1.58166	0	0	-0.10372	0.24222	0.05078	0	0	0	0	0	0.10905	0.30287	0.07837	0.2245	0	-1.60641	0	0	-4.6787	1.73513	-1.5105	71.3826	127.617
MET_62	-6.51585	0.35354	4.37295	-0.34057	0.46325	-0.01343	1.22201	5.01594	0.07231	0.50939	-0.50939	0.10332	0	0	0	0	0	0	0.065	5.58929	4.32633	1.26296	0	0.91563	0	0	1.4633	1.88269	20.2387	202.335	59.6652
HIS_63	-4.09641	0.19369	3.79564	-0.39884	0.00958	0.48999	2.26351	5.00765	0.10262	0.67555	-1.0838	0.09663	0	0	0	0	0	0	-0.01174	2.85266	0.37842	0	2.47424	-0.11581	0	0	0.8406	3.25688	16.7311	134.895	106.105
ALA_64	-3.30623	0.45192	2.70433	-0.02115	0	0	2.45293	4.03719	0	0	-2.8466	-0.40993	0	0	0	-0.87905	0	0	0.25993	0	0	0	0	-0.87455	0	0	2.2619	0.59257	4.42327	109.786	43.2145
GLU_65	-7.12535	0.83759	7.93861	-0.31403	0.089	0.389	5.27653	8.79142	0.02562	0.3234	-6.16531	-0.28266	0	0	0	0	-2.45869	0	0.13094	4.42664	0.12001	0	4.30663	0.19055	0	0	-1.6358	0.11213	14.9762	200.715	22.2855
SER_66	-3.7076	0.35139	3.39572	-0.04114	0.00917	0.06255	2.68286	4.72433	0.01445	0.11552	-2.61434	-0.54185	0	0	0	0	0	0	0.11626	0.14233	0.06114	0.08119	0	-0.84538	0	4.04	-0.539	-0.01038	7.4972	114.456	47.5445
GLY_67	-3.93506	1.4748	3.01472	-0.00141	0	0	2.5572	4.84515	0	0	-2.53038	-0.35181	0	0	0	0	0	0	1.39549	0	0	0	0	-2.50368	0	0	1.435	0.91651	6.31654	157.244	6.75627
TYR_68	-6.12195	1.37582	2.90214	-0.64106	0.09358	0.3809	3.1351	5.93793	0	0	-2.00422	-0.1998	0	0	0	0	0	0	0.01586	3.48171	0.05064	0	3.43107	-0.42184	0	0	1.7379	1.68835	14.8421	141.902	106.098
PHE_69	-8.73347	2.37887	1.09285	-0.50406	0.78604	0.21139	2.78	4.96556	0	0	-2.52468	-0.30195	0	0	0	0	0	0	0.2813	5.80865	0.81408	0	4.99457	-0.18896	0	0	1.9602	0.19856	14.0189	235.784	1.21649
ARG_70	-5.82309	1.14056	5.51471	-0.89593	0.36455	0.60513	3.38748	6.21145	0	0	-3.29185	-0.13689	0.00524	0	0	0	-0.69844	0	0.38754	4.9708	1.45547	3.51534	0	-0.30673	0	0	-0.1423	2.37382	18.6369	169.541	95.4587
PRO_71	-5.95778	1.24806	2.33877	-0.20507	0.01424	0.14969	0.89264	2.77734	0	0	-0.49067	-0.02289	0.16162	0	0	0	0	0	0.13131	0.35928	0.08988	0.26941	0	-0.56411	0	0	-4.6787	2.87909	-0.60789	198.392	0.60815
ARG_72	-4.88462	0.79555	5.21882	-0.73785	0.23229	0.40056	2.91439	6.11951	0	0	-1.84841	0.00679	0.10619	0	0	0	0	0	1.87472	4.52045	0.92047	3.59998	0	-0.3887	0	0	-0.1423	2.77539	21.4832	139.436	125.564
PRO_73	-2.72704	1.12015	1.31059	-0.07578	0.00039	0.05037	0.44061	1.42391	0	0	0.62512	0.5598	0.23043	0	0	0	0	0	1.37839	10.4267	9.66958	0.75709	0	-0.78786	0	0	-4.6787	2.51225	22.236	105.05	93.9495
ASP_74	-2.51334	0.30351	4.31369	-0.21709	0.05904	0.74916	2.35245	4.68326	0.03472	0.22769	-0.96199	-1.64034	0	0	0	-0.56091	0	0	-0.10047	2.83171	0.0136	0	2.81811	-0.55534	0	0	-1.6204	0.10771	10.3248	72.7268	112.273
GLY_75	-3.52622	0.86176	3.78346	-6e-05	0	0	2.82091	5.32121	0.00469	0.02443	-2.75164	-0.37795	0	0	0	0	0	0	0.93302	0	0	0	0	-2.46461	0	0	1.435	-0.79933	5.26468	148.907	15.0934
SER_76	-4.22526	0.23987	5.29024	-0.04173	0.01152	0.06312	3.34114	6.42579	0.03877	0.24835	-2.71735	-0.71253	0	0	0	-0.56091	0	0	0.0278	0.42161	0.02262	0.39898	0	-0.46592	0	4.04	-0.539	-1.51794	9.78917	129.209	32.7914
ILE_77	-8.28369	1.05878	2.22753	-0.5269	0.96301	0.10776	2.12715	5.99556	0	0	-1.52425	-0.22852	0	0	0	0	0	0	1.85619	1.77798	0.98641	0.79157	0	0.46093	0	0	1.8006	0.49633	10.0864	203.107	3.89343
GLU_78	-5.36698	0.68695	5.23995	-0.35349	0.12984	0.43702	3.43552	5.95812	0	0	-4.03795	-0.39216	0	0	0	0	-0.69844	0	0.24743	6.02401	0.28011	0	5.74389	0.12438	0	0	-1.6358	0.96912	16.7915	176.122	46.8776
VAL_79	-7.47613	2.82831	1.94661	-0.25795	0.22219	0.05321	3.07936	5.768	0	0	-2.6197	-0.28575	0	0	0	0	0	0	0.31046	0.91613	0.48165	0.43447	0	-1.04963	0	0	2.7371	-0.24388	6.84445	182	0
VAL_80	-4.41979	1.51339	2.50743	-0.30441	0.24755	0.06851	2.80481	4.74369	0	0	-2.5501	-0.55513	0	0	0	0	0	0	0.47196	2.49574	0.33281	2.16293	0	-1.2842	0	0	2.7371	-0.57434	10.398	128.245	53.755
ILE_81	-7.41443	1.27264	3.70609	-0.44766	0.83924	0.08758	2.51034	6.47659	0	0	-2.19299	0.06839	0	0	0	0	0	0	1.67503	0.90724	0.26272	0.64452	0	-0.58553	0	0	1.8006	-0.32509	9.2853	203.135	3.86453
ALA_82	-3.30371	0.36894	2.72315	-0.02441	0.00037	0	2.70537	4.34276	0.01445	0.11552	-2.64855	-0.36059	0	0	0	0	0	0	-0.02243	0	0	0	0	0.75873	0	0	2.2619	0.39381	7.32533	98.3834	54.6166
GLN_83	-6.14967	0.60343	6.20256	-0.25511	0.0414	0.19229	4.37072	7.32797	0	0	-3.24948	-0.51725	0	0	0	0	-0.52667	0	0.05809	4.05	0.23694	0	3.81306	0.1001	0	0	-0.1077	0.02547	16.2162	171.69	45.3102
SER_84	-2.67001	0.30488	3.33972	-0.03762	0.00534	0.0415	2.42277	4.08563	0.03488	0.28974	-1.01659	-0.42376	0	0	0	-0.87905	0	0	-0.03887	0.46749	0.227	0.24048	0	-0.18943	0	4.04	-0.539	-0.30901	9.3961	89.1223	72.8777
THR_85	-2.74714	0.34728	2.42774	-0.13561	0.08926	0.06742	1.11248	3.28432	0.01699	0.0694	0.87032	-0.35352	0	0	0	0	0	0	-0.11077	0.4694	0.38935	0.08005	0	-0.05441	0	5.02437	-0.9333	0.00643	9.92007	88.9152	85.0848
GLY_86	-2.35029	0.73898	2.80075	-5e-05	0	0	1.9735	3.78107	0.00701	0.04869	-1.07487	-0.34314	0	0	0	-0.81845	0	0	-0.14837	0	0	0	0	-2.50613	0	0	1.435	-0.1786	3.3651	128.422	35.5781
LEU_87	-6.17341	0.52862	3.39506	-0.48518	0.5932	0.09898	3.0234	5.92657	0.02399	0.11809	-1.81125	0.20795	0	0	0	0	0	0	1.7485	2.67752	0.30349	2.37403	0	-0.56915	0	0	1.3223	-0.51059	12.7921	178.034	31.9663
VAL_88	-4.48747	0.54055	2.79927	-0.30275	0.23272	0.06548	2.86604	5.02748	0	0	-2.45618	-0.38725	0	0	0	0	0	0	-0.0563	0.48098	0.04971	0.43127	0	-0.60049	0	0	2.7371	-0.6932	6.24695	119.992	62.0076
GLU_89	-6.84675	0.87302	7.36641	-0.21798	0.02999	0.3511	4.91708	8.38082	0	0	-5.77816	-0.44281	0	0	0	0	-2.3909	0	2.98448	6.45275	1.21267	0	5.24007	-0.11701	0	0	-1.6358	-0.30444	20.0745	221.784	1.2163
VAL_90	-5.59166	0.69384	3.57576	-0.27209	0.21871	0.05834	2.93006	5.65715	0	0	-3.13103	-0.26141	0	0	0	0	0	0	-0.09202	0.25949	0.03232	0.22717	0	-1.00963	0	0	2.7371	-0.25445	5.77764	147.659	34.3411
GLN_91	-9.91336	3.42245	8.27554	-0.49048	0.19213	0.41049	4.59055	10.3995	0.04476	0.36979	-3.71894	-0.87663	0	0	0	0	-0.83512	0	0.00568	5.51581	1.01093	0	4.50487	0.3799	0	0	-0.1077	-0.58395	22.5962	217	0
LYS_92	-5.40177	0.38231	6.11169	-0.30729	0.07139	0.15261	2.89315	6.69817	0	0	-3.92548	-0.24163	0	0	0	0	0	0	-0.00688	5.50135	2.5914	2.90995	0	-0.00474	0	0	-0.8895	-0.4394	16.0953	171.568	80.4318
GLY_93	-3.14728	0.99437	2.71628	-0.00112	0	0	2.12122	4.29745	0	0	-2.41542	-0.32833	0	0	0	0	0	0	1.03997	0	0	0	0	-2.50482	0	0	1.435	1.91945	6.12678	144.655	19.3446
THR_94	-4.06501	0.80773	3.53806	-0.1199	0.07659	0.08288	2.78105	5.27321	0.00603	0.048	-2.65463	-0.81088	0	0	0	0	0	0	1.08694	0.5146	0.16969	0.34491	0	-0.30444	0	5.02803	-0.9333	1.77391	12.6435	103.831	70.1692
TYR_95	-7.97289	0.76845	2.82892	-0.97971	0.12711	0.56505	2.16048	5.67286	0.01055	0.11971	-1.72466	-0.25009	0	0	0	0	0	0	0.21932	3.67702	0.21875	0	3.45827	-0.69256	0	0	1.7379	-0.7269	9.21757	234.042	13.9582
ASN_96	-5.13487	0.39555	6.06144	-0.30709	0.10536	0.49631	3.99352	7.36013	0.06447	0.52242	-2.72056	-0.61329	0	0	0	-0.75379	0	0	-0.08822	3.23134	0.02488	0	3.20647	-0.03778	0	0	-0.3009	-0.30544	15.1999	118.477	65.5235
VAL_97	-3.09796	0.3521	2.57511	-0.3072	0.35595	0.06862	1.08802	3.80934	0	0	-0.07633	-0.03813	0	0	0	0	0	0	0.05938	0.2979	0.25922	0.03868	0	-0.5689	0	0	2.7371	0.56301	8.11592	93.9969	88.0031
ASP_98	-2.1828	0.15758	2.30853	-0.11197	0.02869	0.34492	0.73474	2.88004	0	0	0.03784	-0.19745	0	0	0	0	0	0	-0.02907	2.45812	0.01445	0	2.44367	-0.02108	0	0	-1.6204	0.32322	7.56903	36.244	148.756
GLU_99	-4.10987	0.77397	4.69342	-0.21247	0.04907	0.30698	1.66315	5.24362	0.03122	0.25141	0.10154	-0.48866	0	0	0	-0.75379	0	0	0.24545	6.55141	1.63007	0	4.92135	-0.13774	0	0	-1.6358	-0.56548	18.5589	103.81	119.19
GLN_100	-5.71637	0.95231	4.85649	-0.25287	0.0474	0.20298	3.10893	6.2885	0.04729	0.42847	-1.86909	-0.6396	0	0	0	0	0	0	-0.08928	3.81997	0.06693	0	3.75304	-0.40748	0	0	-0.1077	-0.00236	14.4875	148.524	68.4757
SER_101	-4.69097	0.85287	5.0013	-0.04285	0.00776	0.06317	2.88003	6.00414	0.01718	0.09395	-2.02203	-0.41308	0	0	0	0	0	0	0.011	0.7534	0.06268	0.69072	0	-0.24195	0	4.04	-0.539	0.31723	12.8455	153.738	8.26234
ILE_102	-7.27397	1.4489	2.24814	-0.46119	1.03228	0.09915	3.03413	5.27664	0	0	-2.25197	-0.08612	0	0	0	0	0	0	-0.04152	0.58359	0.12714	0.45645	0	-0.24577	0	0	1.8006	0.49945	6.24593	205.975	1.02469
LYS_103	-4.60337	0.99947	4.61823	-0.31265	0.07931	0.15807	2.52251	5.2672	0.00603	0.048	-3.2156	-0.24173	0	0	0	0	0	0	1.09584	3.93998	0.64804	3.29194	0	0.42159	0	0	-0.8895	0.74374	14.5771	134.554	117.446
LEU_104	-8.54972	1.97641	3.22008	-0.44587	0.24299	0.09059	2.81942	6.57977	0	0	-2.12542	-0.04418	0	0	0	0	0	0	0.81417	1.58279	0.68861	0.89418	0	0.16981	0	0	1.3223	0.15886	9.3948	210	0
LYS_105	-4.02516	0.58478	4.4811	-0.78937	8.26518	0.66302	2.73569	5.59563	0	0	-2.38622	0.22886	0	0	0	0	0	0	0.56661	7.44981	3.12062	4.32919	0	-0.00895	0	0	-0.8895	-0.20135	29.7199	104.862	147.138
SER_106	-4.8699	0.61826	4.98427	-0.05154	0.00241	0.07506	2.8473	6.03327	0.05018	0.46808	-1.16619	-0.79511	0	0	0	-0.98902	0	0	3.67526	3.20806	0.02914	3.17892	0	0.43428	0	4.04	-0.539	-0.31201	20.9217	151.823	10.1772
ASP_107	-3.06328	0.15983	4.1454	-0.12017	0.05484	0.39012	1.31624	4.09846	0	0	-1.87051	-0.14698	0	0	0	0	0	0	0.55306	14.2257	9.03683	0	5.18885	-0.47522	0	0	-1.6204	-0.51922	31.3535	100.495	84.5048
LEU_108	-4.77006	0.53344	3.18206	-0.62293	1.26732	0.2249	2.191	5.20873	0	0	-1.38569	-0.05609	0	0	0	0	0	0	2.55623	2.41852	0.83819	1.58033	0	0.00996	0	0	1.3223	0.87891	15.3771	136.723	73.2768
VAL_109	-5.24968	0.40137	0.46143	-0.26372	0.1898	0.0561	0.6367	3.46914	0.00051	0.00359	-0.32572	-0.34451	0	0	0	0	0	0	0.3618	0.4261	0.16713	0.25897	0	-1.09476	0	0	2.7371	1.06016	2.95151	162.263	19.7373
GLY_110	-3.18704	0.37376	3.11564	-0.00053	0	0	2.63087	4.62243	0	0	-1.28757	-0.29694	0	0	0	0	0	0	0.22098	0	0	0	0	1.40529	0	0	1.435	1.67975	10.7116	149.397	14.603
ASN_111	-2.04269	0.37727	2.14791	-0.37352	0.12678	0.7742	0.94887	2.79419	0.0019	0.00615	-0.77413	-0.81223	0	0	0	-0.81845	0	0	-0.1201	2.71956	0.0596	0	2.65995	-1.22069	0	0	-0.3009	1.94485	8.09853	55.5117	128.488
ALA_112	-2.9688	0.36127	0.87959	-0.02419	0	0	0.67974	2.96341	0.00041	0.00322	0.98548	-0.28104	0	0	0	0	0	0	-0.03758	0	0	0	0	0.429	0	0	2.2619	0.12295	5.37535	128.164	24.8364
SER_113	-1.27697	0.08701	1.32203	-0.03707	0.00877	0.03238	0.15962	1.48199	0.0018	0.00578	0.96486	-0.22864	0	0	0	0	0	0	0.22509	2.06999	1.01446	1.05553	0	0.51366	0	4.04	-0.539	0.2223	11.1236	49.2693	112.731
LYS_114	-2.7619	0.13585	2.49205	-0.37134	0.14086	0.2315	0.97453	3.16627	0.07923	0.30602	0.66027	0.17997	0	0	0	0	0	0	-0.02387	4.05142	1.29446	2.75697	0	-0.33334	0	0	-0.8895	1.53537	13.6248	84.0636	167.936
VAL_115	-5.15776	0.88761	0.86857	-0.27073	0.27877	0.05298	0.79428	3.44825	0	0	0.60548	0.34184	0	0	0	0	0	0	-0.19723	0.63504	0.47042	0.16461	0	-0.44894	0	0	2.7371	0.90913	6.11944	151.695	30.3049
LYS_116	-5.35562	0.85066	5.21374	-0.82083	1.54901	0.49931	1.41041	5.76408	0.15189	0.98347	-0.73439	0.27602	0	0	0	0	0	0	0.59516	3.01662	0.54436	2.47227	0	-0.07416	0	0	-0.8895	1.10066	16.5532	145.111	106.889
GLU_117	-5.04474	0.58039	5.4619	-0.37107	0.08866	1.08904	2.89013	6.52471	0.06266	0.31372	-1.15108	-0.06573	0	0	0	0	0	0	0.19339	5.5903	0.04414	0	5.54615	0.00579	0	0	-1.6358	1.44504	21.5676	149.55	73.4496
ILE_118	-7.2093	1.39866	3.52872	-0.45841	0.71176	0.09652	2.8926	6.16407	0	0	-2.23393	-0.01275	0	0	0	-0.98902	0	0	2.10059	0.86743	0.27919	0.58824	0	-0.84764	0	0	1.8006	-0.23803	8.4393	195.724	11.2763
SER_119	-5.31178	1.52627	4.77806	-0.05096	0.01552	0.07512	3.70014	6.26091	0.00177	0.01335	-2.2034	-0.72559	0	0	0	0	0	0	0.02468	1.69689	0.47745	1.21945	0	0.30462	0	4.04	-0.539	-0.12729	15.1762	160.206	1.79438
ARG_120	-8.4241	1.09472	8.04372	-0.47128	1.06212	0.26502	5.43928	9.68465	0.04476	0.36979	-5.15848	0.07137	0	0	0	0	-2.72903	0	-0.06873	7.82032	4.49995	3.32037	0	-0.12785	0	0	-0.1423	0.00583	24.6001	242.954	22.0462
GLU_121	-5.30271	1.20769	5.90741	-0.192	0.06096	0.27174	3.1131	6.44332	0	0	-3.26419	-0.57558	0	0	0	0	0	0	-0.0956	4.37917	0.13954	0	4.23963	0.32	0	0	-1.6358	0.3449	15.3616	175.52	47.4798
PHE_122	-6.80129	0.92755	2.64711	-0.56785	0.06381	0.29253	2.86647	4.93362	0	0	-2.59747	0.14052	0	0	0	0	0	0	0.33633	2.52374	0.02373	0	2.50001	-0.56683	0	0	1.9602	-0.11976	8.56243	226.188	10.8115
GLU_123	-5.15846	0.42979	5.03588	-0.26182	0.07074	0.31298	3.04399	6.36253	0.03555	0.24347	-2.25098	-0.2513	0	0	0	0	0	0	1.01971	4.09847	0.41094	0	3.68753	-0.29033	0	0	-1.6358	0.42438	15.3273	143.984	79.0161
LEU_124	-6.93241	1.55499	2.64153	-0.48399	0.48468	0.10737	1.38517	5.52433	0.00985	0.06552	-1.15706	0.22468	0	0	0	0	0	0	-0.04842	3.91764	3.23721	0.68043	0	-0.3979	0	0	1.3223	0.80412	12.94	180.604	29.3958
VAL_125	-4.95568	0.73093	4.24803	-0.31421	0.67384	0.07363	2.55221	6.26905	0	0	-1.60143	-0.86639	0	0	0	0	0	0	0.2423	2.96199	0.53601	2.42599	0	-0.86753	0	0	2.7371	0.03606	14.8819	122.98	59.02
ASP_126	-1.3464	0.26472	1.87203	-0.27911	0.10379	0.91901	0.52769	2.13803	0.00109	0.01042	0.39011	-0.26507	0	0	0	0	0	0	0.05536	2.785	0.00233	0	2.78267	-0.96355	0	0	-1.6204	0.66145	8.03916	36.9927	148.007
GLY_127	-2.37957	0.42442	2.06787	-5e-05	0	0	0.42109	3.08385	0.00371	0.0521	-0.20832	-0.38642	0	0	0	0	0	0	0.46777	0	0	0	0	-2.31713	0	0	1.435	-0.13011	2.53421	117.367	46.6333
LYS_128	-6.43883	0.85053	6.8291	-0.3732	0.10381	0.23885	4.71316	8.50125	0.00109	0.01042	-5.30027	0.31981	0	0	0	0	-0.31761	0	-0.03674	4.52078	1.16933	3.35145	0	0.09724	0	0	-0.8895	-0.93229	16.4184	152.648	99.3523
LEU_129	-7.23582	0.5722	2.42166	-0.5636	0.66101	0.13837	2.98561	5.84317	0	0	-2.13286	0.29996	0	0	0	0	0	0	0.72243	1.38446	0.64113	0.74333	0	-0.48818	0	0	1.3223	-0.38136	6.93381	209.23	0.76969
SER_130	-4.76543	0.65123	4.58387	-0.05265	0.02117	0.07649	3.4392	6.04119	0.01418	0.05757	-2.72212	-0.72455	0	0	0	0	0	0	1.53	1.56403	0.37955	1.18448	0	0.25555	0	4.04	-0.539	-0.13261	14.9021	144.132	17.8678
TYR_131	-8.38371	2.81915	4.19954	-0.97329	0.84605	0.58012	3.98021	7.71102	0	0	-3.78081	-0.25567	0	0	0	0	-1.09992	0	1.48689	3.71407	0.18779	0	3.52628	-0.70413	0	0	1.7379	0.05394	15.6454	238.738	9.26166
VAL_132	-5.15419	0.63596	3.38197	-0.25463	0.19414	0.05185	2.76523	5.57022	0	0	-2.38862	-0.25349	0	0	0	0	0	0	1.72397	0.76348	0.34903	0.41444	0	-1.20142	0	0	2.7371	-0.25739	9.07765	128.948	53.0522
VAL_133	-6.9008	1.92746	3.27395	-0.26688	0.23207	0.0554	3.50269	6.1038	0.04195	0.28219	-3.27575	-0.17956	0	0	0	0	0	0	0.8613	0.36984	0.03466	0.33518	0	-1.18409	0	0	2.7371	-0.78783	7.16266	171.238	10.7616
ARG_134	-7.93434	1.71178	5.82333	-0.60358	0.22082	0.40096	3.27606	7.5588	0.00177	0.01335	-2.2647	0.07406	0	0	0	0	0	0	0.32477	3.57847	0.44434	3.13412	0	-0.1017	0	0	-0.1423	-0.68071	14.8353	196.803	68.1973
MET_135	-8.2756	1.81782	4.18118	-0.37948	0.11976	0.09106	2.85516	6.48208	0.00317	0.04415	-1.43449	-0.02995	0	0	0	0	0	0	0.30439	10.1948	7.64575	2.54903	0	-0.27442	0	0	1.4633	-0.12759	27.2301	231.815	30.1851
SER_136	-6.49395	0.59316	6.56287	-0.0526	0.04581	0.0762	4.1018	8.12207	0.03905	0.20167	-2.27196	-0.68105	0	0	0	0	0	0	1.92926	0.82854	0.09072	0.73782	0	-0.20169	0	4.04	-0.539	0.05466	17.1834	160.463	1.53703
THR_137	-6.24273	1.16909	5.61638	-0.11229	0.12821	0.07009	3.81623	7.30773	0.0053	0.09981	-0.7304	-0.56885	0	0	0	0	0	0	-0.04366	0.36033	0.0154	0.34493	0	-1.23409	0	5.00434	-0.9333	0.23637	14.3089	151.168	22.832
THR_138	-2.09624	0.18435	1.98744	-0.21486	0.23932	0.07975	0.47555	2.37137	0.07923	0.30602	0.63796	-0.87359	0	0	0	0	0	0	-0.12173	1.28468	0.74967	0.53501	0	0.61779	0	5.01273	-0.9333	0.98328	11.3045	71.4719	102.528
THR_139	-2.38493	0.40301	2.1372	-0.12255	0.08008	0.06231	0.78866	2.84363	0	0	0.28721	-0.03935	0	0	0	0	0	0	0.79312	0.206	1e-05	0.20599	0	-1.04607	0	5.02811	-0.9333	0.43735	8.74649	56.7089	117.291
ASN_140	-5.5416	0.89135	5.73615	-0.21165	0.04521	0.33338	3.45756	6.94012	0.0776	0.49798	-0.51808	-0.65522	0.18155	0	0	0	0	0	0.22303	6.01161	0.69378	0	5.31783	-0.15608	0	0	-0.3009	2.3512	25.3748	149.896	34.1043
PRO_141	-3.0376	0.59249	2.86231	-0.12449	0.00021	0.08716	1.52708	3.32474	0	0	-0.93412	0.30919	0.21366	0	0	-0.85582	0	0	0.04451	1.12035	0.65161	0.46873	0	-1.85895	0	0	-4.6787	2.40023	2.11259	98.3116	100.688
LEU_142	-5.27158	0.8021	2.18562	-0.53778	0.37646	0.12841	0.29372	4.02099	0	0	-0.2182	0.32793	0	0	0	0	0	0	0.45923	0.84771	0.32833	0.51938	0	0.14654	0	0	1.3223	0.77803	6.5092	129.767	80.2331
GLN_143	-6.99024	1.83108	6.54379	-0.45327	0.13828	0.37397	3.88164	7.71507	0.13927	1.05824	-2.09172	-0.59934	0.16056	0	0	-0.85582	0	0	0.20318	4.1967	0.11448	0	4.08222	0.26915	0	0	-0.1077	4.0289	23.6384	173.001	43.9986
PRO_144	-3.1565	1.345	1.886	-0.11418	0.00563	0.08353	0.63799	2.17036	0.01693	0.23875	-0.17215	0.27585	0.19514	0	0	0	0	0	0.70542	0.35944	0.24142	0.11801	0	-1.5997	0	0	-4.6787	2.93435	1.4926	129.534	69.4655
HIS_145	-7.97913	2.12891	5.45056	-0.69254	0.05106	0.79851	3.47355	7.67521	0.06002	0.34367	-1.67796	-0.03058	0	0	0	0	0	0	0.12714	3.97491	0.30307	0	3.67184	-0.44481	0	0	0.8406	1.8019	19.8759	207.849	33.1513
LEU_146	-7.08955	1.41093	3.57108	-0.44615	0.19127	0.08848	3.02238	6.15739	0.05964	0.33883	-2.0978	0.02579	0	0	0	0	0	0	0.94396	1.52101	0.65712	0.86389	0	0.0521	0	0	1.3223	1.75408	12.3468	175.092	34.9082
LYS_147	-4.50427	0.42205	4.31027	-0.4778	0.20715	0.34693	2.78068	5.31	0.07585	0.27235	-3.16375	-0.3391	0	0	0	0	0	0	0.06741	4.09173	0.94757	3.14416	0	-0.1672	0	0	-0.8895	0.40813	12.8427	138.786	113.214
ALA_148	-5.05067	1.50868	2.32308	-0.02017	0	0	2.77689	5.43308	0	0	-2.28601	-0.38294	0	0	0	0	0	0	0.13541	0	0	0	0	-0.86427	0	0	2.2619	0.37604	6.21104	148.036	4.96424
ILE_149	-4.33086	0.82456	2.46706	-0.44792	0.93685	0.08828	1.83827	4.19361	0	0	-2.07288	0.0264	0	0	0	0	0	0	0.18193	0.55373	0.08492	0.46881	0	-0.86036	0	0	1.8006	-0.22635	5.52667	102.38	104.62
LEU_150	-9.59194	1.36213	3.7466	-0.46172	0.76222	0.12433	2.48951	7.69049	0.00371	0.0521	-2.55023	-0.02098	0	0	0	0	0	0	0.18283	2.59737	0.35197	2.2454	0	-0.00204	0	0	1.3223	-0.16636	10.1377	209.488	0.512343
ASP_151	-4.07319	0.34185	5.75802	-0.09937	0.032	0.27385	3.80697	6.63869	0	0	-5.16507	-0.13406	0	0	0	0	-0.31761	0	0.03821	3.2502	0.41768	0	2.83252	0.50389	0	0	-1.6204	-0.0325	12.4517	113.812	71.1885
LYS_152	-4.8664	0.40697	3.91651	-0.32925	0.06483	0.14091	1.36132	4.7039	0.01289	0.08634	-2.38908	0.13798	0	0	0	0	0	0	-0.08215	5.78919	3.43453	2.35465	0	0.03507	0	0	-0.8895	-0.2489	13.6398	140.039	111.961
LEU_153	-4.61464	0.67747	2.81813	-0.52462	0.48834	0.22234	1.10949	4.21506	0.0054	0.02938	-1.10029	0.56748	0	0	0	0	0	0	0	1.7564	0.5029	1.2535	0	0	0	0	1.3223	-0.30712	8.42152	67.8542	142.146