label	fa_atr	fa_rep	fa_sol	fa_intra_atr_xover4	fa_intra_rep_xover4	fa_intra_sol_xover4	lk_ball	lk_ball_iso	lk_ball_bridge	lk_ball_bridge_uncpl	fa_elec	fa_intra_elec	pro_close	hbond_sr_bb	hbond_lr_bb	hbond_bb_sc	hbond_sc	dslf_fa13	omega	fa_dun	fa_dun_dev	fa_dun_rot	fa_dun_semi	p_aa_pp	yhh_planarity	hxl_tors	ref	rama_prepro	total	BSA	SASA
ALA_1	-1.68802	0.1318	1.30064	-0.03317	0.02608	0	0.50013	2.03547	0.012	0.07673	0.55136	0.51829	0	0	0	0	0	0	0.04093	0	0	0	0	0	0	0	2.2619	0	5.73416	58.7598	94.2402
PHE_2	-7.9563	1.61335	1.60495	-0.56561	0.04876	0.25207	1.66616	4.98814	0.0818	0.49958	-0.58791	-0.01481	0	0	0	-0.37884	0	0	0.16751	2.92386	0.04737	0	2.87649	0.05962	0	0	1.9602	-0.104	9.18241	222.278	14.7219
SER_3	-3.41994	0.55818	3.8716	-0.0345	0.00189	0.02118	2.02263	4.78735	0	0	-1.28464	-0.56468	0	0	0	0	0	0	-0.09891	0.57343	0.00054	0.5729	0	0.13246	0	4.04	-0.539	-0.54087	10.0996	118.639	43.3607
GLY_4	-3.08229	0.42545	3.95411	-0.00113	0	0	2.92557	4.95208	0	0	-1.40121	-0.31053	0	0	0	0	0	0	0.11195	0	0	0	0	-2.53024	0	0	1.435	0.1127	6.59146	142.268	21.7324
THR_5	-4.9598	0.4489	3.70592	-0.16104	0.11447	0.05627	2.03803	5.08089	0.17313	0.53572	-1.60434	-0.58462	0	0	0	0	0	0	1.33363	0.2972	0.04462	0.25258	0	-0.3176	0	5.03899	-0.9333	0.53035	11.09	135.493	38.5069
TRP_6	-13.9368	2.69304	6.38012	-0.80914	0.04876	0.38479	4.71702	10.9984	0	0	-3.87228	-0.19931	0	0	0	-0.37884	0	0	0.06287	2.1868	0.33149	0	1.85531	-0.03395	0	0	3.7077	-0.08909	14.0468	268.66	1.34041
GLN_7	-7.19808	1.98225	6.77879	-0.74414	0.35711	0.59488	3.93852	8.65075	0.00363	0.01805	-4.63957	-0.25109	0	0	0	-1.23393	0	0	1.04033	4.36997	0.43142	0	3.93855	0.41558	0	0	-0.1077	0.18218	18.5275	159.879	57.1206
VAL_8	-8.22216	1.58265	3.90864	-0.27624	0.32853	0.05686	2.51083	6.70991	0	0	-1.97911	0.34026	0	0	0	-0.93876	0	0	-0.03959	0.50906	0.27801	0.23105	0	-0.15211	0	0	2.7371	0.1264	7.71133	179.567	2.4326
TYR_9	-6.48996	0.70692	3.87263	-0.99954	0.20407	0.40924	2.07472	5.87848	0.05841	0.33861	-1.65431	-0.45494	0	0	0	0	-0.70655	0	0.1971	4.80894	1.73131	0	3.07763	-0.53833	0	0	1.7379	1.19705	15.4494	151.232	96.7684
ALA_10	-3.85312	0.91025	2.74076	-0.02394	6e-05	0	2.28092	4.61784	0.05803	0.33419	-1.48248	-0.39712	0	0	0	0	0	0	0.02404	0	0	0	0	0.27819	0	0	2.2619	1.61093	9.36045	110.88	42.1197
GLN_11	-5.26551	1.19469	2.82008	-0.27389	0.03255	0.20961	1.49833	4.00284	0.04357	0.33756	-0.86633	-0.72118	0	0	0	0	0	0	0.13117	7.22353	2.08612	0	5.13741	-0.12103	0	0	-0.1077	0.3684	17.7302	163.277	53.7228
GLU_12	-4.04211	0.86496	4.71048	-0.27174	0.08188	0.29449	2.87246	5.36747	0.01223	0.14065	-1.93282	-0.24486	0	0	0	0	0	0	-0.08141	4.12291	0.2046	0	3.91831	0.47351	0	0	-1.6358	0.12159	14.9768	112.687	110.313
ASN_13	-5.14277	0.84156	5.28294	-0.18368	0.04403	0.31701	2.09707	6.15069	0.01223	0.14065	-1.48667	-0.92681	0	0	0	-0.53524	0	0	-0.15797	2.71666	0.17118	0	2.54548	-1.49505	0	0	-0.3009	-0.32925	9.76117	120.068	63.9324
TYR_14	-8.43621	1.61167	5.01966	-0.7183	0.06729	0.18567	3.29521	7.56345	0.0274	0.31553	-1.66242	-0.31232	0	0	0	0	0	0	0.11868	3.67782	0.03574	0	3.64208	-0.71561	0	0	1.7379	1.36862	16.8219	215.253	32.7473
GLU_15	-5.95151	0.37619	5.52693	-0.20665	0.07138	0.27596	2.26351	6.98712	0.04644	0.46018	-1.47682	-0.53738	0	0	0	0	0	0	0.77048	6.24742	1.98276	0	4.26466	-0.57574	0	0	-1.6358	1.22826	20.1174	158.139	64.8615
GLU_16	-5.24017	0.40506	5.26209	-0.30709	0.07974	0.32989	2.1211	6.78709	0	0	-0.83704	-0.46249	0	0	0	0	0	0	0.19923	5.11388	0.24968	0	4.8642	-0.1729	0	0	-1.6358	-0.52336	16.2331	130.824	92.1761
PHE_17	-11.0696	2.1357	4.25837	-0.95344	0.09289	0.39804	3.42789	8.51969	0	0	-2.10392	0.07281	0	0	0	0	0	0	0.02579	2.97782	0.14925	0	2.82857	-0.08635	0	0	1.9602	0.01346	12.6472	230.745	6.25526
LEU_18	-9.01836	1.81413	4.32249	-0.50835	0.82311	0.1227	3.31389	7.84363	0	0	-2.25493	0.27972	0	0	0	0	0	0	0.84992	1.19902	0.79608	0.40294	0	-0.46824	0	0	1.3223	0.00751	10.8475	193.855	16.1447
ARG_19	-6.63115	0.61	7.67991	-0.65216	0.33468	0.40088	3.53647	9.37663	0.01498	0.10991	-3.30896	0.35055	0	0	0	0	-0.22788	0	-0.06787	4.81498	2.92256	1.89242	0	-0.12756	0	0	-0.1423	-0.05966	20.8264	134.259	130.741
ALA_20	-3.66935	0.40754	2.21755	-0.02354	8e-05	0	1.97101	4.54569	0	0	-0.78989	-0.37627	0	0	0	0	0	0	0.41611	0	0	0	0	-0.15111	0	0	2.2619	-0.67694	6.1328	105.929	47.0707
ILE_21	-5.91805	0.97956	2.20987	-0.56859	0.54642	0.18442	2.05198	4.99536	0	0	-0.86613	-0.00809	0	0	0	0	0	0	0.34374	1.28566	0.60696	0.6787	0	0.78084	0	0	1.8006	-0.02106	9.0822	159.474	47.5256
SER_22	-2.34561	0.28763	2.89495	-0.03736	0.05037	0.02939	1.44448	3.57338	0.01498	0.10991	-1.39965	-0.19234	0	0	0	0	0	0	1.48954	0.07734	0.00307	0.07427	0	0.60776	0	4.04	-0.539	1.76386	11.947	72.5277	89.4723
LEU_23	-6.01454	1.78754	2.99997	-0.49887	0.48144	0.1055	1.81724	4.56912	0	0	-0.82011	0.30161	0.06123	0	0	0	0	0	-0.08427	1.69573	1.09046	0.60527	0	-0.30645	0	0	1.3223	3.25438	12.3676	181.961	28.0388
PRO_24	-4.79945	1.18098	4.0813	-0.11915	0.00263	0.08629	2.28105	4.62156	0	0	-2.14709	0.26842	0.06678	0	0	0	0	0	0.40544	0.14422	0.00602	0.1382	0	-1.6972	0	0	-4.6787	1.78838	1.62967	122.394	76.6059
GLU_25	-4.47896	1.01815	5.69285	-0.60158	0.22314	1.0904	2.92035	6.49626	0.04529	0.44873	-2.33192	-0.58322	0	0	0	0	-0.22788	0	-0.04325	4.83426	0.16716	0	4.66711	-0.43663	0	0	-1.6358	-0.55042	16.714	126.333	96.6675
GLU_26	-5.30931	2.65128	6.3326	-0.51481	0.23745	1.37104	2.85084	7.23565	0	0	-2.44028	-2.49846	0	0	0	0	0	0	0.57175	5.66769	0.15016	0	5.51753	-0.59698	0	0	-1.6358	-0.74115	18.8492	123.09	99.9096
VAL_27	-6.09077	1.09358	4.32152	-0.30133	0.31803	0.06915	2.64647	6.39073	0	0	-1.3676	-0.24163	0	0	0	0	0	0	0.78181	1.09128	0.51579	0.57549	0	-0.45287	0	0	2.7371	-0.54462	11.5421	133.568	48.4317
ILE_28	-9.6366	1.4167	5.47477	-0.50395	1.44032	0.09356	3.00706	8.93511	0	0	-1.23404	0.2692	0	0	0	0	0	0	0.02001	3.29099	2.53474	0.75625	0	-0.38204	0	0	1.8006	1.15602	18.4387	205.975	1.02469
LYS_29	-6.38807	3.72345	7.87101	-0.81348	0.5382	0.74262	4.61228	8.88808	0.05937	0.11069	-2.42716	1.07513	0	0	0	0	0	0	0.58555	12.3949	5.80009	6.59485	0	-0.0842	0	0	-0.8895	0.84247	43.2363	133.54	118.46
LEU_30	-4.04407	0.84135	4.65887	-0.49146	0.67549	0.12853	2.68447	5.70255	0.05937	0.11069	-0.3646	0.20635	0	0	0	0	0	0	-0.14134	1.42112	1.06478	0.35634	0	-0.49187	0	0	1.3223	-0.39519	13.3037	79.5574	130.443
ALA_31	-4.34098	0.83875	3.5031	-0.02768	0.01865	0	2.90159	5.92702	0.00951	0.06547	-2.39017	-0.43767	0	0	0	0	0	0	0.64294	0	0	0	0	0.71916	0	0	2.2619	-0.23996	9.45165	133.781	19.2188
LYS_32	-4.89728	1.18997	5.91542	-0.38236	0.09718	0.1795	2.68988	6.49528	0.00115	0.01144	-1.25613	0.14485	0	0	0	0	0	0	0.0852	3.3126	0.2239	3.08869	0	-0.12872	0	0	-0.8895	-0.31244	15.5687	124.696	127.304
ASP_33	-3.01347	0.75188	3.91324	-0.12344	0.08104	0.39139	0.5317	4.16609	0.00929	0.07298	-0.86262	-0.11594	0	0	0	0	0	0	0.02697	3.25084	0.11385	0	3.13699	-0.49415	0	0	-1.6204	-0.69052	9.52573	80.859	104.141
VAL_34	-5.013	1.37235	2.25021	-0.27643	0.28044	0.05685	1.10371	3.92495	0.06205	0.49148	-0.74384	0.18506	0	0	0	0	0	0	-0.0272	0.27343	0.19935	0.07409	0	-0.58663	0	0	2.7371	-0.92425	5.43972	154.161	27.8387
LYS_35	-4.95479	1.08442	4.58659	-0.58284	0.60035	0.4859	1.44935	5.34816	0.00929	0.07298	-0.26757	-0.29424	0.09917	0	0	-0.29517	0	0	-0.02242	4.50331	1.66908	2.83423	0	0.28453	0	0	-0.8895	2.67441	18.3952	157.979	94.0207
PRO_36	-5.74648	2.0024	3.2968	-0.11408	0.00022	0.08141	1.7442	4.30676	0	0	-2.0405	0.33187	0.10033	0	0	0	0	0	1.46461	0.61284	0.44408	0.16875	0	-1.96105	0	0	-4.6787	2.78027	2.79372	183.62	15.3797
VAL_37	-5.58907	1.10033	3.86145	-0.26348	0.25339	0.05353	3.47056	5.99309	0	0	-2.58472	-0.05666	0	0	0	0	0	0	-0.12137	1.7174	1.21737	0.50004	0	-1.03734	0	0	2.7371	-0.59062	10.661	146.386	35.6137
THR_38	-5.92871	1.05841	3.85389	-0.17318	0.12737	0.06384	3.26359	6.20504	0.00853	0.09535	-2.33028	-0.63068	0	0	0	0	0	0	1.01877	0.5467	0.30491	0.24179	0	-0.02683	0	5.01777	-0.9333	-0.12219	11.6608	169.291	4.70925
GLU_39	-5.5755	1.29171	6.04506	-0.22318	0.09414	0.30558	4.05367	6.97818	0.00565	0.02375	-4.36356	-0.55705	0	0	0	0	0	0	-0.08125	5.48316	0.65727	0	4.82588	0.48554	0	0	-1.6358	0.22823	18.0415	171.97	51.0301
ILE_40	-8.27011	2.02392	3.1951	-0.46239	1.10412	0.09013	2.61493	6.44068	0.04258	0.27636	-2.57138	0.07636	0	0	0	0	0	0	1.54818	0.85455	0.37674	0.47781	0	-1.203	0	0	1.8006	-0.3991	8.01607	205.784	1.2163
GLN_41	-3.51876	0.4065	3.65698	-0.33917	0.33533	0.32363	2.63915	4.57867	0.03704	0.14199	-2.33995	-0.42952	0	0	0	0	0	0	0.09942	6.82188	0.48188	0	6.34	0.41839	0	0	-0.1077	-0.16081	19.3849	104.687	112.313
GLN_42	-5.59035	0.87451	3.84477	-0.38202	0.32122	0.23436	2.01306	5.28687	0.05513	0.31307	-2.03694	-0.13601	0	0	0	-0.84898	0	0	1.20586	4.37633	0.60986	0	3.76647	0.49889	0	0	-0.1077	0.09246	14.3909	155.174	61.8256
ASN_43	-3.00379	0.32315	3.96113	-0.18828	0.01111	0.30562	2.26825	4.84267	0.0314	0.11824	-1.86844	-0.82136	0	0	0	0	0	0	-0.11321	3.67653	0.21701	0	3.45952	-0.9727	0	0	-0.3009	0.02111	11.967	78.8798	105.12
GLY_44	-1.85053	0.15427	2.47113	-0.00018	0	0	1.19523	3.08469	0	0	-0.22004	-0.31246	0	0	0	-0.84898	0	0	-0.62291	0	0	0	0	-2.17291	0	0	1.435	0.8516	3.1639	105.964	58.0357
SER_45	-3.78264	0.59471	3.51366	-0.03441	0.0143	0.02733	2.05888	4.54963	0.0078	0.022	-1.61969	-0.62487	0	0	0	0	0	0	-0.13989	1.2637	0.30062	0.96308	0	-0.42935	0	4.04	-0.539	0.20084	10.3867	104.553	57.4467
ASP_46	-4.82979	0.51579	5.98572	-0.11106	0.01421	0.3328	3.91454	7.44529	0	0	-2.09753	0.02918	0	0	0	0	0	0	0.07565	3.27866	0.19849	0	3.08017	0.55828	0	0	-1.6204	-0.4008	16.3692	119.426	65.5743
PHE_47	-9.26387	1.89402	2.61131	-0.55045	0.19351	0.26787	3.19332	6.59173	0.0078	0.022	-3.17132	-0.08299	0	0	0	0	0	0	1.91736	3.1817	0.29394	0	2.88776	-0.14188	0	0	1.9602	-0.22691	11.5851	236.553	0.446804
THR_48	-4.82837	0.52033	4.31311	-0.17117	0.13942	0.06063	3.25228	5.81541	0	0	-2.51878	-0.56141	0	0	0	0	0	0	-0.01373	0.2951	0.07572	0.21937	0	-0.21905	0	5.0375	-0.9333	-0.28195	10.2011	131.486	42.5136
ILE_49	-6.80624	1.96545	3.35862	-0.47431	1.20456	0.09551	3.35371	6.19889	0.0248	0.22257	-3.02658	0.00586	0	0	0	0	0	0	0.63709	1.15798	0.79726	0.36072	0	-1.0201	0	0	1.8006	-0.1075	9.74889	182.4	24.5995
THR_50	-6.11154	1.02285	4.83127	-0.17499	0.15013	0.06229	3.4975	6.76752	0	0	-2.1465	-0.58564	0	0	0	0	0	0	-0.11285	0.14276	0.00219	0.14057	0	-0.02912	0	5.03758	-0.9333	-0.08207	11.4786	153.223	20.777
SER_51	-4.6318	0.89465	4.31329	-0.03356	0.01205	0.02398	3.00965	5.54591	0.01907	0.13458	-2.65326	-0.74905	0	0	0	0	0	0	1.0107	1.482	0.91666	0.56534	0	0.70787	0	4.04	-0.539	0.17003	14.2391	136.704	25.2961
LYS_52	-6.84477	2.02018	5.59054	-0.32503	0.09435	0.19191	3.54905	6.62882	0	0	-4.11312	-0.31307	0	0	0	0	0	0	0.82071	5.75322	2.49864	3.25458	0	0.30265	0	0	-0.8895	0.23915	18.4583	179.472	72.5275
THR_53	-5.07978	1.94484	3.6496	-0.10707	0.06958	0.06507	2.77115	5.09548	0.0136	0.09307	-1.51698	-0.58305	0.02172	0	0	0	0	0	0.23355	0.24299	0.08297	0.16002	0	-1.06296	0	5.01562	-0.9333	2.61862	12.7947	143.371	30.6293
PRO_54	-2.06724	1.6584	1.36211	-0.11384	0.02507	0.08226	0.34631	1.54329	0.01025	0.07798	0.43357	0.25434	0.02456	0	0	0	0	0	0.16702	0.25281	0.09144	0.16137	0	-0.93233	0	0	-4.6787	3.80676	2.50543	78.5202	120.48
GLY_55	-0.97872	0.12179	1.28757	-5e-05	0	0	0.32193	1.51788	0	0	-0.19096	-0.38693	0	0	0	0	0	0	0.36394	0	0	0	0	-2.28791	0	0	1.435	0.82809	2.03164	73.6034	90.3966
LYS_56	-4.49666	0.61768	4.84816	-0.29226	0.05565	0.13134	3.52156	6.05199	0	0	-2.30982	-0.18541	0	0	0	0	0	0	1.31623	3.36283	0.37655	2.98628	0	-0.0328	0	0	-0.8895	-0.56078	14.501	130.206	121.794
THR_57	-3.45513	1.50878	1.16796	-0.13654	0.08995	0.10075	0.56532	2.58263	0	0	-0.38854	-1.18575	0	0	0	0	0	0	-0.01443	1.4044	0.23255	1.17185	0	-0.20995	0	5.01227	-0.9333	-0.05215	7.46068	89.4351	84.5649
VAL_58	-5.64896	0.66813	3.38097	-0.26292	0.22795	0.05495	2.72667	5.92864	0.02859	0.09639	-2.15061	-0.35333	0	0	0	0	0	0	-0.16269	0.34111	0.0084	0.3327	0	-0.84125	0	0	2.7371	0.1619	7.27373	151.002	30.9979
THR_59	-3.69073	0.719	2.01121	-0.17206	0.15851	0.06015	0.92529	3.61686	0	0	0.33888	-0.55717	0	0	0	0	0	0	0.03851	0.19813	0.0017	0.19643	0	-0.22954	0	5.02775	-0.9333	0.0977	7.80733	95.617	78.383
ASN_60	-5.80576	0.86062	5.3717	-0.16655	0.00578	0.23834	4.23609	7.53694	0.02891	0.09815	-3.95677	-0.67281	0	0	0	-2.09697	0	0	0.04977	3.107	0.40531	0	2.70169	1.07389	0	0	-0.3009	0.16254	12.877	165.669	18.3313
SER_61	-2.63786	0.50302	1.98184	-0.03148	0.00087	0.02026	1.11551	2.92892	0.0137	0.1853	-0.80656	-0.57798	0	0	0	0	0	0	0.07251	0.88517	0.09294	0.79223	0	-0.06249	0	4.04	-0.539	0.12512	8.10202	101.948	60.0521
PHE_62	-7.27402	1.72411	1.36317	-0.92878	0.15082	0.57981	2.49062	4.72286	0	0	-2.45046	-0.17811	0	0	0	0	0	0	0.43109	2.62389	0.49696	0	2.12693	-0.80751	0	0	1.9602	-0.06847	6.96308	218.357	18.6431
THR_63	-5.12399	0.7378	4.3344	-0.16401	0.11963	0.05745	2.70533	5.77255	0.02379	0.16191	-1.20782	-0.55353	0	0	0	0	0	0	0.05317	0.30753	0.04051	0.26703	0	-0.34062	0	5.02217	-0.9333	-0.00942	11.2706	138.538	35.4619
ILE_64	-6.47296	1.19063	1.89161	-0.6378	1.13971	0.11787	2.037	4.71602	0	0	-1.25204	0.81251	0	0	0	0	0	0	0.19759	1.80427	0.42489	1.37938	0	0.41311	0	0	1.8006	0.77038	10.3328	176.07	30.9304
GLY_65	-2.26984	0.59901	1.82114	-6e-05	0	0	0.93108	2.88048	0	0	-0.71669	-0.37368	0	0	0	0	0	0	-0.33444	0	0	0	0	-2.47468	0	0	1.435	-0.09631	1.401	129.133	34.8668
LYS_66	-3.74289	0.32389	3.8465	-0.31368	0.07522	0.17128	1.79952	4.70175	0.05151	0.38615	-0.80079	-0.23619	0	0	0	0	0	0	0.03792	3.31138	0.17423	3.13716	0	0.51598	0	0	-0.8895	-0.86434	11.6851	110.834	141.166
GLU_67	-4.11936	0.98929	3.60194	-0.26092	0.07487	0.2814	0.42601	3.88578	0	0	-0.65088	-0.1387	0	0	0	0	0	0	0.14218	4.77672	0.27487	0	4.50184	-0.08551	0	0	-1.6358	-0.3209	11.7428	124.795	98.2046
ALA_68	-3.98103	0.8225	3.05973	-0.02243	0	0	2.93918	4.83989	0.00248	0.00715	-1.72976	-0.32466	0	0	0	0	0	0	1.16771	0	0	0	0	0.29347	0	0	2.2619	-0.15578	9.18036	144.591	8.4091
GLU_69	-4.4917	0.29732	3.83735	-0.28985	0.05925	0.32454	0.35734	3.84	0.01879	0.05936	-0.75807	-0.2976	0	0	0	0	0	0	-0.10377	5.33049	0.61493	0	4.71556	0.53174	0	0	-1.6358	0.23187	12.6418	150.352	72.648
ILE_70	-6.11249	0.84999	3.50214	-0.60971	0.85553	0.11173	2.73444	6.06991	0.01724	0.05139	-2.54146	0.37246	0	0	0	0	0	0	-0.05457	2.13631	0.91352	1.22279	0	-1.18719	0	0	1.8006	-0.55788	9.57474	163.949	43.0509
THR_71	-5.27793	0.9415	3.80641	-0.15924	0.10657	0.05561	3.01891	5.96405	0.01847	0.0576	-2.32903	-0.6074	0	0	0	-2.09697	-0.47848	0	-0.06995	0.67827	0.49704	0.18122	0	-0.10623	0	5.03076	-0.9333	-0.62835	7.66953	146.05	27.9498
THR_72	-5.36789	0.58498	5.70599	-0.12688	0.11969	0.07754	3.99651	7.39055	0.01476	0.04424	-1.24807	-0.83734	0	0	0	0	0	0	0.08999	0.09872	0.01818	0.08054	0	-0.80387	0	5.02924	-0.9333	-0.16115	13.7724	132.495	41.5045
MET_73	-6.41391	1.10649	2.76686	-0.75184	0.42154	0.18466	1.65315	4.57225	0	0	-0.22455	0.0688	0	0	0	0	0	0	0.27547	1.8823	0.71338	1.16892	0	-0.3019	0	0	1.4633	-0.25487	8.33005	213.124	48.8761
ASP_74	-3.00192	0.3482	4.74448	-0.22331	0.03622	0.778	1.91061	5.0034	0.10922	0.35633	0.05833	-2.23841	0	0	0	0	0	0	2.37681	3.40011	0.1382	0	3.2619	-0.77481	0	0	-1.6204	-0.52435	14.1386	110.212	74.7878
GLY_75	-2.37219	0.1517	2.76672	-5e-05	0	0	0.95067	3.62982	2e-05	5e-05	-0.62755	-0.36425	0	0	0	0	0	0	0.20051	0	0	0	0	-2.31748	0	0	1.435	-1.33544	2.11752	117.966	46.0339
LYS_76	-4.60167	0.67434	5.63414	-0.60723	0.65652	0.56853	2.6725	6.3714	0.13121	0.43767	-2.46833	0.11295	0	0	0	0	0	0	0.33267	5.12286	2.66001	2.46286	0	-0.04018	0	0	-0.8895	-1.2567	17.974	107.684	144.316
LYS_77	-4.14849	0.48524	4.10106	-0.39129	0.08193	0.25156	1.30165	4.15027	0	0	-1.51213	0.20805	0	0	0	0	-0.47848	0	-0.10558	7.17186	3.8259	3.34596	0	0.48863	0	0	-0.8895	-0.4101	17.4765	135.067	116.933
LEU_78	-6.05552	8.29487	3.41106	-0.43614	0.28827	0.0834	3.11206	5.37469	0.03489	0.12707	-1.88067	-0.0252	0	0	0	0	0	0	0.28784	2.2931	1.16572	1.12738	0	-0.02389	0	0	1.3223	0.04117	18.5424	195.397	14.603
LYS_79	-4.3727	0.72581	3.92625	-0.29031	0.04587	0.1284	1.06485	3.99616	0.06727	0.45127	-1.66485	-0.0792	0	0	0	0	0	0	0.80798	4.01958	1.14823	2.87136	0	0.19803	0	0	-0.8895	-0.10628	12.0482	129.83	122.17
CYS:disulfide_80	-5.59346	0.33863	3.89421	-0.0661	0.01881	0.07381	2.13467	5.50654	0.03869	0.19707	-1.95828	-0.36631	0	0	0	0	0	-0.451	2.55221	0.74029	0.25038	0.48991	0	-0.02661	0	0	4.3148	0.27999	12.3683	148.315	7.68515
ILE_81	-6.00231	1.27381	2.93785	-0.49339	1.37428	0.1065	0.64143	4.91942	0.00103	0.00724	0.2352	0.19429	0	0	0	0	0	0	0.65596	1.04165	0.48043	0.56121	0	-0.85703	0	0	1.8006	-0.00432	8.87385	141.549	65.4505
VAL_82	-6.84109	1.35172	1.32397	-0.26676	0.22732	0.05204	1.59204	4.81797	0.04949	0.39667	-1.84324	0.14436	0	0	0	0	0	0	-0.01394	1.23026	1.17348	0.05678	0	-0.672	0	0	2.7371	-0.95181	4.56436	177.384	4.61579
LYS_83	-5.07773	0.33229	4.0317	-0.29583	0.09235	0.15382	2.66482	5.52216	0.01661	0.05894	-1.94833	-0.11962	0	0	0	0	0	0	0.08808	3.08279	0.54785	2.53494	0	0.0613	0	0	-0.8895	-0.33252	10.5241	135.863	116.137
LEU_84	-3.83599	0.67095	0.76246	-0.61354	0.64444	0.10046	0.44339	2.90099	0	0	0.05992	0.35167	0	0	0	0	0	0	0.82938	8.0418	4.86564	3.17617	0	-0.58921	0	0	1.3223	-0.14304	18.9878	131.145	78.8551
ASP_85	-3.46154	0.3491	4.37142	-0.20968	0.03941	0.69181	2.20496	5.22695	0.01661	0.05894	-1.07423	-0.89738	0	0	0	0	0	0	0.21322	3.76242	0.01317	0	3.74925	-1.24969	0	0	-1.6204	-0.03289	12.1514	103.326	81.6737
GLY_86	-1.28668	0.31021	1.86126	-4e-05	0	0	0.593	2.25316	0	0	0.78147	-0.38222	0	0	0	0	0	0	-0.04455	0	0	0	0	1.15202	0	0	1.435	2.63576	9.30839	83.2029	80.7971
GLY_87	-1.88109	0.12361	1.71754	-6e-05	0	0	0.62332	2.59823	0.04454	0.22874	0.0434	-0.39436	0	0	0	0	0	0	-0.29513	0	0	0	0	-2.37081	0	0	1.435	1.86568	3.73861	119.529	44.4713
LYS_88	-6.95286	1.4672	6.35786	-0.42868	0.1684	0.2335	3.08153	7.69819	0.08788	0.46874	-2.7755	0.02059	0	0	0	0	0	0	0.57971	5.8663	1.84918	4.01713	0	0.2463	0	0	-0.8895	-0.74575	20.3502	179.986	72.0144
LEU_89	-7.62876	1.89021	1.91858	-0.52437	0.3748	0.1243	3.28043	5.78231	0.0177	0.05789	-2.93821	0.22692	0	0	0	0	0	0	0.49067	6.64151	2.95873	3.68278	0	-0.49142	0	0	1.3223	-0.45282	16.7336	204.619	5.38078
VAL_90	-6.10584	0.56777	3.07676	-0.27218	0.25463	0.06011	2.71139	5.83024	1e-05	2e-05	-1.73808	-0.38464	0	0	0	0	0	0	-0.02497	0.43176	0.15446	0.2773	0	-0.98174	0	0	2.7371	-0.30316	6.29094	174.219	7.78096
CYS:disulfide_91	-5.07772	0.64289	3.27631	-0.06945	0.00324	0.06502	2.58319	4.90507	0.0004	0.00166	-2.50755	-0.45188	0	0	0	0	0	-0.451	0.11179	2.51054	2.21997	0.29057	0	-0.18924	0	0	4.3148	0.80131	12.9799	141.159	14.8411
ARG_92	-3.376	0.28168	2.04237	-0.6187	0.36867	0.38243	0.42812	2.98325	0.00103	0.00724	-0.11946	0.07584	0	0	0	0	0	0	0.74704	4.01009	0.42463	3.58546	0	0.34761	0	0	-0.1423	0.98812	12.4171	99.0259	165.974
THR_93	-5.9192	0.77141	4.6977	-0.12183	0.15707	0.07298	3.09246	6.57663	0.01648	0.17744	-0.41773	-0.65861	0	0	0	0	0	0	-0.03436	1.71743	1.58962	0.1278	0	-0.98912	0	4.9995	-0.9333	0.11083	15.0332	153.749	20.251
ASP_94	-1.94328	0.14562	3.17167	-0.20513	0.04514	0.70835	1.07572	3.34543	0.09448	0.66864	-0.51059	-1.71518	0	0	0	0	0	0	-0.12151	3.05653	0.00016	0	3.05637	-0.43295	0	0	-1.6204	-0.12525	8.69379	60.5153	124.485
ARG_95	-4.24291	8.44461	3.68971	-0.61516	0.21866	0.41153	1.99316	4.64438	0.10848	0.51307	-0.53838	-0.07098	0	0	0	0	0	0	0.52335	3.01817	0.33501	2.68316	0	-0.34245	0	0	-0.1423	0.23201	20.8631	108.915	156.085
PHE_96	-7.45277	1.09507	2.99134	-0.9463	0.20484	0.59918	2.81477	5.88095	0.09776	0.47313	-1.07055	-0.07163	0	0	0	0	0	0	0.25421	2.0171	0.04388	0	1.97322	-0.08055	0	0	1.9602	1.96613	12.75	210.471	26.5286
SER_97	-4.6765	1.18935	4.94579	-0.04963	0.01398	0.06942	3.71285	6.15436	0.00408	0.01685	-2.2088	-0.36294	0	0	0	0	0	0	0.55973	1.65349	0.61043	1.04306	0	0.0451	0	4.04	-0.539	1.63815	17.8598	145.221	16.7785
HIS_98	-6.46177	0.72842	5.30419	-0.55631	0.48743	0.42011	3.68595	7.28853	0	0	-3.40367	-0.4938	0	0	0	0	-0.74948	0	0.51081	3.86967	0.08079	0	3.78888	-0.60907	0	0	0.8406	0.14778	14.879	191.255	49.7453
ILE_99	-6.24116	2.31684	4.03819	-0.44828	1.1501	0.07637	3.23025	6.11253	0	0	-3.0385	0.25624	0	0	0	0	0	0	0.69976	2.02912	1.08295	0.94617	0	-0.9204	0	0	1.8006	-0.08358	13.0072	158.814	48.1861
GLN_100	-7.61519	1.35476	5.15528	-0.31939	0.0409	0.18531	3.39671	6.80604	0.02724	0.1725	-2.79547	-0.27467	0	0	0	0	0	0	0.0585	4.14966	0.35642	0	3.79324	0.12261	0	0	-0.1077	0.22878	14.7355	207.014	9.98579
GLU_101	-6.24593	1.24005	5.86438	-0.35568	0.10879	0.46775	2.5722	6.62924	0.10613	0.63208	-2.87793	-0.3479	0	0	0	0	0	0	0.80132	5.426	0.76045	0	4.66555	0.19697	0	0	-1.6358	0.76238	18.77	185.738	37.2619
ILE_102	-6.19487	1.26198	0.98578	-0.61356	0.88183	0.11742	0.38109	4.07376	0	0	-0.04267	0.34392	0	0	0	0	0	0	-0.07241	1.37897	0.11382	1.26515	0	-1.22393	0	0	1.8006	-0.32849	4.12836	167.784	39.2155
LYS_103	-3.74461	0.39902	4.47192	-0.66523	0.4112	0.6674	2.53338	5.4958	0.00177	0.00589	-0.58942	0.27749	0	0	0	0	0	0	0.16132	6.44833	1.87347	4.57486	0	0.01803	0	0	-0.8895	-0.14772	21.3034	138.07	113.93
ALA_104	-1.33847	0.27888	1.50632	-0.02777	0.02069	0	0.5461	1.92285	0	0	0.45985	-0.5877	0	0	0	0	0	0	-0.06157	0	0	0	0	0.35978	0	0	2.2619	1.28465	6.6255	39.3599	113.64
GLY_105	-1.76377	0.30879	1.62619	-5e-05	0	0	0.24109	2.38974	0.00668	0.09253	-0.08282	-0.39231	0	0	0	0	0	0	-0.19093	0	0	0	0	-2.13488	0	0	1.435	0.24789	1.78317	110.78	53.2199
GLU_106	-6.52979	1.06312	6.83416	-0.19262	0.04523	0.25604	4.12157	8.62262	0	0	-3.36943	-0.48288	0	0	0	0	-0.70655	0	0.10032	4.47288	0.45183	0	4.02105	0.19508	0	0	-1.6358	-0.59032	16.6765	179.095	43.905
MET_107	-9.35181	2.15393	5.0128	-0.74114	0.50845	0.36401	3.3165	6.94033	0.02559	0.08939	-1.8694	-0.02222	0	0	0	0	0	0	0.52237	5.15709	1.9063	3.25078	0	0.3896	0	0	1.4633	0.4194	19.5353	260.784	1.2163
VAL_108	-6.67377	0.59194	4.49522	-0.26785	0.26419	0.055	3.23948	6.73682	0.00022	0.00091	-2.13758	-0.19946	0	0	0	0	0	0	-0.09124	0.38177	0.00699	0.37477	0	-1.24437	0	0	2.7371	-0.03451	8.23564	175.244	6.75627
GLU_109	-8.08543	1.62537	8.79653	-0.20159	0.05463	0.32928	5.32876	9.68012	0.0418	0.14678	-5.3376	-0.42427	0	0	0	0	-1.28816	0	-0.04241	6.07063	0.96916	0	5.10147	0.47505	0	0	-1.6358	-0.47018	21.1341	221.176	1.82445
THR_110	-5.06754	0.75547	3.72857	-0.17163	0.10176	0.06318	3.07409	5.7084	0.02641	0.19175	-2.42498	-0.69037	0	0	0	0	0	0	-0.02717	0.91513	0.65725	0.25787	0	0.11645	0	5.03063	-0.9333	0.32409	11.6361	146.11	27.8897
LEU_111	-8.50735	1.66756	3.33749	-0.58879	0.48193	0.12767	3.20507	6.87872	0.01621	0.05739	-2.96139	0.1686	0	0	0	0	0	0	0.20331	3.70513	0.18309	3.52204	0	-0.4368	0	0	1.3223	0.29024	12.6724	195.14	14.8603
THR_112	-5.53789	2.07349	4.56014	-0.12248	0.04837	0.08727	3.53046	6.7516	0.0138	0.05098	-2.903	-0.69387	0	0	0	0	0	0	1.76403	1.42998	0.10813	1.32184	0	-0.2916	0	5.01531	-0.9333	-0.01573	16.2575	141.116	32.884
VAL_113	-5.04519	0.42552	2.74353	-0.38023	0.88109	0.09498	2.45043	5.0089	0	0	-1.86124	-0.63067	0	0	0	0	0	0	0.73936	1.66613	0.01471	1.65141	0	-0.20675	0	0	2.7371	0.89236	11.1814	129.09	52.9105
GLY_114	-1.05833	0.16316	1.39944	-0.00019	0	0	0.33651	1.82284	2e-05	0.00077	0.44423	-0.28568	0	0	0	0	0	0	-0.42689	0	0	0	0	-2.18114	0	0	1.435	1.201	2.85075	94.188	69.812
GLY_115	-0.88055	0.06037	1.36847	-6e-05	0	0	0.33637	1.68066	0.00017	0.00043	0.11667	-0.38108	0	0	0	0	0	0	-0.10309	0	0	0	0	0.45463	0	0	1.435	0.37614	4.46412	74.9764	89.0236
THR_116	-4.82536	0.98273	3.6635	-0.17475	0.14632	0.0627	3.10397	5.74115	0.0025	0.01051	-1.99808	-0.62345	0	0	0	0	0	0	0.24589	0.42209	0.31469	0.1074	0	0.10454	0	5.03335	-0.9333	0.11555	11.502	144.192	29.8078
THR_117	-4.00964	1.04153	2.07698	-0.18042	0.19241	0.06858	1.37363	3.89256	0.00017	0.00043	-0.79641	-0.59924	0	0	0	-0.53524	0	0	2.32252	0.32862	0.05298	0.27564	0	0.07889	0	5.02178	-0.9333	0.4335	10.106	123.644	50.3562
MET_118	-9.62358	2.2504	5.29083	-0.35903	0.38251	0.12236	3.46647	7.07255	0.0025	0.01051	-3.42394	0.03056	0	0	0	0	0	0	0.38516	7.37354	4.18637	3.18718	0	0.06636	0	0	1.4633	-0.03504	21.849	254.545	7.45478
ILE_119	-5.7178	1.03584	3.79486	-0.46495	1.14129	0.0928	2.97906	5.57298	0	0	-2.67666	0.04774	0	0	0	0	0	0	1.99182	0.68418	0.22629	0.45789	0	-1.21615	0	0	1.8006	-0.83288	8.91691	155.494	51.5058
ARG_120	-8.38054	1.62573	6.80386	-0.5766	0.18122	0.36762	4.36102	8.15242	0.01844	0.22708	-4.45857	0.23796	0	0	0	0	-0.53868	0	0.38751	4.90802	1.19839	3.70963	0	-0.15583	0	0	-0.1423	-0.71887	17.2075	231.624	33.3763
LYS_121	-6.43349	0.54401	4.6454	-0.31709	0.09132	0.17538	3.46185	6.51214	0.00363	0.01805	-3.24785	-0.25322	0	0	0	0	0	0	-0.05093	4.18702	1.19228	2.99474	0	0.36194	0	0	-0.8895	-0.43495	12.5608	161.05	90.9495
SER_122	-6.86685	2.42546	5.65066	-0.03325	0.00263	0.02257	3.27434	7.52607	0.00706	0.09695	-1.99784	-0.64353	0	0	0	0	0	0	0.1116	0.72995	0.11555	0.6144	0	0.45961	0	4.04	-0.539	-0.10307	14.8933	162	0
LYS_123	-5.39669	0.26948	4.68795	-0.47148	0.18378	0.30307	2.62156	5.55606	0	0	-2.44736	0.20952	0	0	0	0	0	0	0.62191	4.36139	0.48336	3.87803	0	-0.03784	0	0	-0.8895	-0.21513	13.7181	140.486	111.514
LYS_124	-4.91483	0.61293	3.73412	-0.3566	0.12374	0.14828	1.59896	4.55675	0.17314	0.53577	-1.18087	0.43639	0	0	0	0	0	0	-0.05616	7.67542	4.97866	2.69676	0	0.02083	0	0	-0.8895	-0.57766	19.3161	149.894	102.106
ILE_125	-3.67918	1.183	2.82719	-0.73649	1.28268	0.28193	1.25962	3.369	1e-05	4e-05	-1.25476	-0.18131	0	0	0	0	0	0	0	1.37526	0.20331	1.17194	0	0	0	0	1.8006	-0.34008	8.56278	60.6152	146.385