label	fa_atr	fa_rep	fa_sol	fa_intra_atr_xover4	fa_intra_rep_xover4	fa_intra_sol_xover4	lk_ball	lk_ball_iso	lk_ball_bridge	lk_ball_bridge_uncpl	fa_elec	fa_intra_elec	pro_close	hbond_sr_bb	hbond_lr_bb	hbond_bb_sc	hbond_sc	dslf_fa13	omega	fa_dun	fa_dun_dev	fa_dun_rot	fa_dun_semi	p_aa_pp	yhh_planarity	hxl_tors	ref	rama_prepro	total	BSA	SASA
PHE_1	-4.61623	13.0494	4.0406	-0.58826	0.04011	0.37335	2.77204	5.0034	0	0	-1.49563	0.79537	0	0	0	0	0	0	0.02441	3.83683	0.39053	0	3.4463	0	0	0	1.9602	0	29.0324	109.517	127.483
PHE_2	-7.46183	4.91101	1.12359	-0.62327	0.07023	0.3638	1.05555	3.75077	0	0	-0.67563	0.33887	0	0	0	0	0	0	0.02274	3.60999	0.51053	0	3.09947	-0.56432	0	0	1.9602	-0.06499	11.4267	217.027	19.9734
ASN_3	-3.60275	0.9626	4.18387	-0.1779	0.05245	0.25347	2.39031	4.67891	0.04791	0.36181	0.38416	-0.65171	0	0	0	-0.75297	0	0	0.07011	3.9202	0.00217	0	3.91803	1.42051	0	0	-0.3009	4.85626	22.0166	95.8313	88.1687
GLU_4	-4.36278	1.19349	4.46256	-0.33679	0.26646	0.4191	2.55413	5.7799	0.08772	0.23401	0.70411	-0.50003	0	0	0	0	0	0	0.08998	4.40081	0.02128	0	4.37953	0.43975	0	0	-1.6358	8.68256	26.88	113.508	109.492
LYS_5	-2.74784	0.35877	3.13875	-0.29355	0.04756	0.10582	1.33073	3.7005	0.0195	0.07217	0.31043	-0.0398	0	0	0	-0.75297	0	0	0.05886	25.1043	22.5141	2.59025	0	0.27856	0	0	-0.8895	5.24318	60.1499	69.0881	182.912
THR_6	-4.65627	0.72958	4.0742	-0.12518	0.05958	0.04862	2.03351	5.51219	0.12485	0.4371	0.65577	-0.21012	0	0	0	-0.59391	0	0	-0.03581	2.12243	1.06632	1.05612	0	0.05665	0	5.0429	-0.9333	1.89912	18.3644	154.305	19.6954
PHE_7	-9.8656	12.6472	3.67857	-0.8683	0.15801	0.3354	2.17305	7.02831	0.07886	0.6286	0.95204	0.10152	0	0	0	0	0	0	-0.06319	3.62186	0.23867	0	3.38319	-0.15515	0	0	1.9602	0.52905	26.5623	234.319	2.68083
GLY_8	-4.27744	0.41755	4.24743	-0.00051	0	0	1.95709	5.70425	0.00851	0.08592	-1.0874	-0.19982	0	0	0	0	0	0	0.00706	0	0	0	0	-2.50509	0	0	1.435	0.204	5.99656	160.222	3.77802
ALA_9	-2.73807	0.15689	3.81786	-0.01971	0	0	1.93131	4.58224	0.14125	0.83624	-1.17329	-0.12418	0	0	0	0	0	0	-0.03796	0	0	0	0	0.15774	0	0	2.2619	0.26118	10.0534	99.6926	53.3074
GLY_10	-2.74416	0.68321	2.56167	-0.00011	0	0	1.26124	3.44428	0	0	-0.00187	-0.31192	0	0	0	0	0	0	-0.04452	0	0	0	0	-2.4385	0	0	1.435	2.36992	6.21425	150.78	13.2199
GLU_11	-4.56168	10.4899	5.0956	-0.30655	0.12273	0.3327	2.92739	6.09562	0.0619	0.46921	-1.39531	-0.47506	0	0	0	0	0	0	-0.00336	5.24418	1.44708	0	3.7971	0.09812	0	0	-1.6358	3.15087	30.9546	166.677	56.323
ALA_12	-1.7109	0.17014	2.15735	-0.02409	0.00024	0	0.96977	2.75741	0.02967	0.19556	-0.36073	-0.3968	0	0	0	-0.22389	0	0	-0.31633	0	0	0	0	-0.3902	0	0	2.2619	1.09315	6.21225	48.4995	104.5
ASP_13	-3.99017	1.687	5.87091	-0.2955	0.08203	0.9758	2.97922	6.86224	0.04218	0.28709	-3.68202	0.59017	0	0	0	0	-0.39475	0	-0.0685	4.71896	0.02819	0	4.69078	-0.53073	0	0	-1.6204	0.37909	18.6116	118.994	66.0057
CYS:disulfide_14	-7.04161	3.54441	6.07992	-0.07023	0.00143	0.06259	3.02048	7.89896	0	0	-1.451	-0.1986	0	0	0	0	0	-0.55409	-0.0271	1.75026	0.35052	1.39974	0	0.36028	0	0	4.3148	-0.13944	19.3013	147.544	8.45553
GLY_15	-5.09117	0.57544	3.85636	-5e-05	0	0	2.34609	5.79598	0.02041	0.06566	-1.35453	-0.37693	0	0	0	0	0	0	-0.05459	0	0	0	0	-2.22977	0	0	1.435	-0.03142	4.95647	164	0
LEU_16	-6.49022	1.40799	4.31586	-0.48867	0.42764	0.11837	1.77459	5.54634	0.01078	0.07413	-0.42801	0.06339	0	0	0	0	0	0	-0.06449	1.4693	0.07419	1.39511	0	-0.53879	0	0	1.3223	0.31094	10.3008	168.484	41.5163
ARG_17	-12.4718	3.83226	13.5793	-0.6232	0.18386	0.42883	8.16078	14.6847	0.17314	0.82921	-6.31208	0.58869	0.15121	0	0	-1.74843	-2.64662	0	-0.09764	3.17494	0.47637	2.69857	0	-0.04929	0	0	-0.1423	2.5095	27.38	265	0
PRO_18	-6.13619	7.26913	4.36742	-0.07341	0.00272	0.045	1.91134	4.28738	0	0	0.01953	0.65635	0.16314	0	0	0	0	0	-0.22374	2.51394	2.26455	0.24939	0	1.44581	0	0	-4.6787	2.97031	17.054	174.946	24.0539
LEU_19	-5.6519	1.32998	2.72148	-0.55411	1.22753	0.16743	1.04475	4.52045	0.02275	0.18546	0.25672	0.19811	0	0	0	0	0	0	-0.07056	1.18862	1.01316	0.17546	0	-0.29534	0	0	1.3223	-0.01918	8.7831	177.3	32.7003
PHE_20	-11.3708	2.13406	7.16362	-0.5261	0.05296	0.25134	3.62114	10.8969	0.03084	0.10258	-2.58385	0.18815	0	0	0	0	0	0	0.01091	3.69906	0.00015	0	3.69891	0.08679	0	0	1.9602	1.92154	21.3385	222.898	14.1023
GLU_21	-7.18324	0.69492	10.8354	-0.43093	0.12232	1.12973	6.10125	11.1421	0.01152	0.09136	-5.73477	-1.19666	0	0	0	-0.8808	-2.32173	0	-0.01299	7.71654	1.35105	0	6.36549	0.01885	0	0	-1.6358	3.46503	29.6487	202.544	20.4563
LYS_22	-5.57715	4.9606	6.33094	-0.33764	0.07018	0.18156	2.61543	6.56744	0.03476	0.11137	-3.13296	-0.08721	0	0	0	0	-0.39475	0	-0.13584	3.08468	0.68192	2.40276	0	0.00388	0	0	-0.8895	1.38318	17.8736	124.932	127.068
LYS_23	-5.12415	1.55916	5.30301	-0.70859	4.93167	0.45962	2.58697	6.55191	0.0512	0.19881	-1.09442	-0.26233	0	0	0	0	0	0	-0.11039	10.7752	3.39736	7.37786	0	0.11014	0	0	-0.8895	0.32304	35.4366	124.214	127.786
GLN_24	-2.19544	0.32967	2.61833	-0.28733	0.10996	0.26244	1.14669	3.41267	0	0	-1.23221	-0.71645	0	0	0	0	0	0	-0.09867	5.09161	0.4986	0	4.59301	-0.05388	0	0	-0.1077	0.64214	14.0135	42.1123	174.888
VAL_25	-4.64885	1.73408	3.40787	-0.24822	0.29458	0.04626	2.0619	5.22127	0.08646	0.39561	-0.66521	0.02789	0	0	0	0	0	0	-0.13122	1.16083	0.18275	0.97808	0	-0.62315	0	0	2.7371	0.52552	12.5436	106.794	75.2061
GLN_26	-3.48025	1.16059	2.79535	-0.44346	0.43046	0.3531	0.43561	3.49689	0	0	-0.19862	-0.6007	0	0	0	0	0	0	-0.00839	7.79143	1.47397	0	6.31747	0.3155	0	0	-0.1077	-0.25807	19.4732	107.042	109.958
ASP_27	-7.30569	2.04465	10.8889	-0.20137	0.01838	0.70179	6.28027	11.5023	0.00385	0.05059	-7.89167	-0.83816	0	0	0	-0.9804	-1.6551	0	0.10258	5.14962	0.22381	0	4.92581	0.04393	0	0	-1.6204	0.50736	21.951	180.1	4.90048
GLN_28	-2.7472	0.8125	3.84192	-0.49266	0.49741	0.52083	1.70323	4.04409	0	0	-1.54253	0.11591	0	0	0	-0.25246	0	0	-0.23181	9.74017	4.13831	0	5.60186	-0.22154	0	0	-0.1077	1.10387	26.5242	97.6248	119.375
THR_29	-5.02745	1.48354	6.22942	-0.13697	0.17021	0.07269	3.67922	7.50648	0.03303	0.38085	-2.5341	0.17848	0	0	0	-0.73735	-0.00732	0	-0.11215	1.30691	1.22731	0.0796	0	-0.81714	0	5.03817	-0.9333	0.30275	17.3829	165.194	8.80564
GLU_30	-8.06168	1.91222	11.3095	-0.22327	0.07921	0.29184	5.38665	11.8487	0.04424	0.25893	-5.02522	-0.54494	0	0	0	-0.24305	-0.31744	0	-0.08411	5.59952	0.73593	0	4.86359	-0.4336	0	0	-1.6358	-0.50231	25.2589	220.055	2.94494
LYS_31	-4.645	1.10012	5.94479	-0.54224	0.21492	0.45377	2.80122	6.89713	0.00385	0.05059	-1.48283	0.76948	0	0	0	0	0	0	-0.10907	8.25211	5.16143	3.09067	0	-0.1284	0	0	-0.8895	-0.16793	26.7751	131.242	120.758
GLU_32	-6.39419	1.63859	8.63954	-0.32982	0.09069	0.38625	4.1653	9.21248	0.03753	0.13872	-2.8079	-0.59479	0	0	0	0	-0.19639	0	-0.03616	4.78406	0.04262	0	4.74143	-0.54504	0	0	-1.6358	-0.2066	21.1305	199.878	23.1218
LEU_33	-8.27051	1.54892	4.68844	-0.58648	2.84352	0.14206	3.34239	8.08098	0.0338	0.28721	-0.75088	0.27005	0	0	0	0	0	0	-0.01062	8.05179	4.00618	4.04561	0	-0.39906	0	0	1.3223	-0.37997	28.2657	210	0
PHE_34	-6.86395	2.34167	4.58639	-0.58802	0.10735	0.28413	2.93837	6.82112	0	0	-1.4836	0.0191	0	0	0	0	0	0	0.06017	3.22159	0.00599	0	3.2156	0.15179	0	0	1.9602	-0.07693	16.701	181.237	55.7628
GLU_35	-4.00706	1.81415	4.96539	-0.22521	0.07218	0.3158	2.50705	5.8887	0	0	-1.80214	-0.52924	0	0	0	0	0	0	0.11117	4.60398	0.00846	0	4.59552	-0.38475	0	0	-1.6358	-0.6588	15.6394	123.454	99.5458
SER_36	-5.78657	1.85724	5.9346	-0.0456	0.02494	0.0649	3.83779	7.3347	0	0	-1.8413	-0.17312	0	0	0	-0.83646	0	0	-0.11166	1.35596	1.11562	0.24034	0	-0.53495	0	4.04	-0.539	0.26544	16.2029	146.471	15.5286
TYR_37	-8.3364	6.33364	3.85583	-0.60101	1.20777	0.32465	2.88728	6.9472	0	0	-1.55034	-0.25481	0	0	0	-0.247	0	0	-0.11287	4.17703	0.03075	0	4.14628	-0.3248	0	0	1.7379	0.3586	20.5797	206.934	41.0655
ILE_38	-2.64492	0.9959	2.79149	-0.64442	2.78062	0.17283	1.59134	3.52845	0	0	-0.04204	0.19474	0	0	0	0	0	0	-0.09747	53.0919	51.7018	1.39002	0	0.16155	0	0	1.8006	0.97523	117.748	66.3073	140.693
GLU_39	-2.15384	0.5456	2.27864	-0.22427	0.04247	0.33753	0.66514	2.81804	0	0	0.58598	-0.25588	0	0	0	0	0	0	0.42779	5.38597	1.34213	0	4.04384	-0.35298	0	0	-1.6358	5.72744	19.5778	103.965	119.035
GLY_40	-0.863	0.0773	1.01338	-0.00038	0	0	0.11065	1.24655	0	0	0.3124	-0.26921	0	0	0	0	0	0	0.11885	0	0	0	0	0.9933	0	0	1.435	4.84075	9.01559	95.6106	68.3894
ARG_41	-0.62023	0.0584	0.88922	-0.49357	0.21503	0.32093	0.24559	0.97227	0	0	0.04499	0.4898	0	0	0	0	0	0	0	6.39723	3.06468	3.33255	0	0	0	0	-0.1423	0.5322	15.3068	0	313.312
ILE_42	-8.9661	4.44093	6.01969	-0.68471	2.86915	0.1504	3.29397	9.78051	0.13205	0.34906	-4.14845	1.71531	0	0	0	0	0	0	-0.00099	2.48825	1.31371	1.17454	0	0	0	0	1.8006	0	21.7279	207	0
VAL_43	-7.36528	2.84063	3.90283	-0.27379	0.30808	0.0559	2.5348	7.0734	0.03602	0.37142	-2.30626	-0.02702	0	0	0	0	0	0	-0.12313	0.25122	0.00342	0.24779	0	-0.94376	0	0	2.7371	-0.50675	8.81663	177.644	4.35609
GLU_44	-3.20532	9.11525	2.29181	-0.45394	0.23559	0.82936	0.45815	2.74193	0.11194	0.52828	0.24653	-0.87214	0	0	0	0	0	0	-0.22755	7.38577	1.95931	0	5.42647	0.16707	0	0	-1.6358	0.47309	25.5758	123.56	99.4397
GLY_45	-2.17013	0.18242	1.35502	-0.00086	0	0	0.32086	2.28983	0	0	-0.16123	-0.22873	0	0	0	0	0	0	-0.34443	0	0	0	0	-0.64177	0	0	1.435	1.38779	3.42375	139.781	24.2193
GLN_46	-4.02486	0.47443	3.90699	-0.41881	0.11373	0.32422	2.76525	5.37864	0.04295	0.40244	-1.81021	-0.09827	0	0	0	0	0	0	0.04783	6.20619	0.85736	0	5.34883	0.01434	0	0	-0.1077	0.51567	19.939	126.922	90.0779
ASP_47	-3.15019	0.23472	3.22557	-0.11233	0.03211	0.31832	1.07069	4.2499	0.08619	0.86188	-1.97598	-0.51941	0	0	0	0	-0.52406	0	-0.21808	3.73918	0.0012	0	3.73798	-0.36868	0	0	-1.6204	0.07282	9.14144	106.059	78.9415
ALA_48	-4.67799	1.1873	2.48504	-0.02432	0	0	2.20561	5.17053	0.05853	0.32478	-2.25115	-0.25483	0	0	0	-0.54654	0	0	-0.0611	0	0	0	0	0.24697	0	0	2.2619	-0.3613	5.76342	151.176	1.82445
GLU_49	-5.3266	1.14593	6.14187	-0.34466	0.06626	0.81289	2.73085	7.01232	0.02631	0.33733	-3.66951	-0.89865	0	0	0	-0.25246	0	0	0.00736	17.465	12.0804	0	5.38466	0.4505	0	0	-1.6358	0.21233	41.7464	175.192	47.8077
VAL_50	-3.03631	0.31238	1.48233	-0.34275	0.40537	0.08051	0.65604	2.87249	0	0	0.48536	0.08515	0	0	0	0	0	0	-0.20525	2.98638	1.02775	1.95863	0	-0.2821	0	0	2.7371	0.15173	11.3748	99.5974	82.4026
GLY_51	-2.89532	1.02752	1.96235	-5e-05	0	0	0.54895	3.05369	0	0	0.15898	-0.40211	0	0	0	0	0	0	-0.3077	0	0	0	0	-2.00884	0	0	1.435	-1.07419	1.49829	150.756	13.2441
LEU_52	-7.74047	3.20056	3.6243	-0.66468	0.85909	0.24644	2.34126	6.33523	0	0	-1.43163	0.09748	0	0	0	-0.86763	0	0	0.07521	3.42026	2.19009	1.23017	0	-0.37101	0	0	1.3223	-0.35283	13.5141	208.27	1.73001
SER_53	-4.56436	3.15261	3.86063	-0.05392	0.0283	0.07764	1.69717	4.93521	0.00071	0.00979	-0.1487	0.12802	0.26834	0	0	0	0	0	0.21778	5.15628	2.00916	3.14712	0	0.15316	0	4.04	-0.539	3.43446	27.0104	154.209	7.79055
PRO_54	-7.49734	3.81347	4.47859	-0.1054	0.01707	0.06577	2.29225	5.24073	0	0	-0.95268	0.60396	0.27014	0	0	0	0	0	-0.12234	1.89224	1.20826	0.68398	0	-1.05043	0	0	-4.6787	5.16944	11.329	194.901	4.09875
TRP_55	-12.8391	4.72736	4.88181	-1.15204	0.16033	0.89708	3.52413	8.78591	0.01643	0.10734	-1.7324	-0.83004	0	0	0	0	0	0	-0.02288	5.5427	1.39568	0	4.14702	-0.05765	0	0	3.7077	1.9797	23.2391	269.106	0.893609
GLN_56	-6.90127	0.60089	5.20564	-0.60487	0.17235	0.40118	2.81046	7.08585	0.06699	0.5806	-1.11721	-0.50176	0	0	0	0	0	0	0.21392	3.98132	0.30515	0	3.67617	0.29965	0	0	-0.1077	0.78103	16.9484	208.577	8.4227
VAL_57	-8.21312	7.09974	2.42922	-0.24711	0.31955	0.04617	2.15582	6.88442	0	0	-1.7347	0.2184	0	0	0	0	0	0	-0.07206	4.02414	2.77396	1.25018	0	0.15897	0	0	2.7371	1.13285	20.9635	181.488	0.512343
MET_58	-9.58197	5.25687	3.97027	-0.34586	0.07846	0.15126	2.98783	6.14008	0	0	-1.85185	-0.0081	0	0	0	0	0	0	-0.02437	8.89203	7.18012	1.71192	0	0.46115	0	0	1.4633	0.6799	27.161	262	0
LEU_59	-7.42978	0.79837	3.25563	-0.48886	2.0058	0.08604	2.91843	6.14917	0	0	-3.42018	0.21278	0	0	0	0	0	0	-0.09455	10.1642	8.66215	1.50209	0	-0.40805	0	0	1.3223	0.31425	25.5498	210	0
PHE_60	-10.0979	2.39042	5.34411	-0.563	0.04811	0.00607	3.81437	8.63627	0.00521	0.01574	-2.34545	-0.33973	0	0	0	0	0	0	-0.00203	6.76516	2.55865	0	4.20651	-0.33008	0	0	1.9602	-0.53513	21.5375	227.542	9.45794
ARG_61	-8.98551	6.68981	7.61929	-0.6406	0.50513	0.36486	3.99743	9.07916	2e-05	0.00015	-2.6671	0.75843	0	0	0	0	-0.7037	0	-0.06952	10.9591	7.92722	3.03186	0	0.06627	0	0	-0.1423	-0.61278	37.1772	196.246	68.7539
LYS_62	-7.86848	1.84953	7.40498	-0.317	0.0576	0.14142	3.43847	8.46948	0.14194	0.88738	-2.3542	0.09656	0	0	0	-0.02032	0	0	-2e-05	2.85951	0.37301	2.4865	0	0.15705	0	0	-0.8895	0.63637	17.5503	231.814	20.1855
SER_63	-3.50935	2.1832	3.94001	-0.03829	0.01369	0.0569	1.2686	4.26382	0.06759	0.45557	1.55427	0.09616	0.14442	0	0	0	0	0	3e-05	0.39277	0.31785	0.07492	0	-0.32853	0	4.04	-0.539	4.43191	18.8865	133.067	28.9332
PRO_64	-3.85979	5.40669	3.67469	-0.18225	0.01432	0.1314	1.1894	4.01466	0.01984	0.25581	0.05188	0.14423	0.15044	0	0	0	0	0	0.18291	2.07675	1.39753	0.67922	0	-1.64603	0	0	-4.6787	3.06976	12.0928	116.754	82.2464
GLN_65	-6.70072	2.38317	4.87417	-0.26149	0.03438	0.17233	1.86981	6.63898	0.0456	0.42338	-1.21822	-0.32996	0	0	0	0	0	0	0.00638	5.46054	0.75736	0	4.70317	0.19834	0	0	-0.1077	-0.64942	18.3001	190.448	26.5522
GLU_66	-4.92319	0.21145	5.75981	-0.27362	0.05582	0.37517	3.01981	6.65962	0.0222	0.2704	-2.27572	-0.37384	0	0	0	0	-0.7037	0	0.00883	5.73126	1.51737	0	4.21389	-0.0524	0	0	-1.6358	1.80614	19.4135	155.084	67.9161
LEU_67	-5.37747	3.88497	1.41897	-0.6256	0.54604	0.23897	0.51673	3.28925	0.00236	0.01458	0.23903	0.01914	0	0	0	0	0	0	-0.12534	3.40048	1.41568	1.9848	0	-0.38551	0	0	1.3223	1.74805	13.5274	183.914	26.0865
LEU_68	-6.59895	2.97952	2.36184	-0.49354	0.42341	0.11483	1.22847	4.80989	0.0583	0.33231	-0.42257	0.17064	0	0	0	0	0	0	-0.08126	1.25488	0.50844	0.74643	0	-0.41243	0	0	1.3223	0.63462	8.93711	195.084	14.9163
CYS:disulfide_69	-5.41093	1.09468	4.02674	-0.02545	0	0.01008	2.48797	5.37173	0.0583	0.33231	-1.37745	-0.30889	0	0	0	0	0	-0.54438	0.03009	5.77114	2.34787	3.42328	0	-0.40155	0	0	4.3148	1.81975	23.0201	152.028	3.97159
GLY_70	-3.86302	1.72409	3.3986	-0.00076	0	0	1.48368	4.98175	0	0	-0.29894	-0.23045	0	0	0	0	0	0	-0.22349	0	0	0	0	-0.1294	0	0	1.435	1.38349	9.66056	162.975	1.02469
ALA_71	-6.13677	5.18571	3.46001	-0.01913	0	0	2.39607	6.78324	0	0	-1.73504	-0.46421	0	0	0	0	0	0	0.16487	0	0	0	0	-0.18681	0	0	2.2619	1.71117	13.421	153	0
SER_72	-6.29181	2.17675	5.59719	-0.03585	0.0139	0.04916	3.96806	7.3777	0.01643	0.10734	-2.42796	0.04045	0	0	0	0	0	0	0.02103	1.06568	0.00777	1.05791	0	0.07783	0	4.04	-0.539	1.4211	17.7437	162	0
LEU_73	-9.11882	1.80677	2.96013	-0.54034	0.3808	0.14907	3.37841	7.03613	0.0697	0.47792	-2.09425	0.22359	0	0	0	0	0	0	0.022	2.94254	2.19613	0.74641	0	-0.41374	0	0	1.3223	0.03715	11.5819	210	0
ILE_74	-7.3136	1.07582	2.19458	-0.49792	1.39106	0.10452	1.46762	5.2865	0.02897	0.13182	-0.85989	0.20344	0	0	0	0	0	0	-0.01072	2.10905	1.33482	0.77423	0	0.43997	0	0	1.8006	0.21766	9.87851	206.392	0.60815
SER_75	-6.65566	1.76617	6.44473	-0.0361	0.03353	0.0541	4.09066	7.92435	0	0	-0.10759	-0.39225	0	0	0	0	0	0	-0.02526	0.15884	0.01266	0.14618	0	-0.8788	0	4.04	-0.539	0.89046	16.927	162	0
ASP_76	-6.7386	1.01661	7.61075	-0.19772	0.04444	0.68844	4.72298	8.95153	0.03351	0.18645	-4.91099	-1.77116	0	0	0	0	-0.81754	0	-0.0713	3.72335	0.00036	0	3.72299	-0.23772	0	0	-1.6204	0.50223	14.8382	172.259	12.7411
ARG_77	-8.71923	1.17372	8.33863	-0.83171	0.28419	0.6325	3.86935	9.53939	0.15193	0.71775	-2.26793	0.35906	0	0	0	0	-0.81754	0	-0.02823	4.9859	1.08844	3.89746	0	-0.26598	0	0	-0.1423	1.1658	23.1312	200.146	64.854
TRP_78	-12.0973	2.22581	5.80846	-0.80247	0.02654	0.2713	4.32781	9.82318	0	0	-3.08331	-0.20003	0	0	0	-0.59391	0	0	-0.04417	2.49857	0.3627	0	2.13586	0.08262	0	0	3.7077	1.70384	16.1532	263.869	6.13134
VAL_79	-7.54505	17.3025	2.35327	-0.37648	0.57836	0.09112	3.12121	6.38916	0	0	-2.52092	-0.163	0	0	0	0	0	0	-0.02774	1.9784	0.77139	1.207	0	-1.22726	0	0	2.7371	0.05775	24.7268	181.488	0.512343
LEU_80	-7.76706	3.07947	1.98951	-0.52717	1.68898	0.09377	3.56642	6.16807	0	0	-2.63193	0.36702	0	0	0	0	0	0	-0.0093	3.21939	1.94357	1.27582	0	-0.59455	0	0	1.3223	-0.70379	12.4805	210	0
THR_81	-6.86195	0.9191	3.68894	-0.18489	0.20065	0.0621	3.52339	6.90145	0.03992	0.36792	-1.88226	-0.18187	0	0	0	0	0	0	-0.04098	0.43791	0.09251	0.3454	0	-0.16314	0	5.02388	-0.9333	1.19126	12.546	174	0
ALA_82	-6.06367	1.32151	2.81663	-0.02375	0	0	2.02258	6.51682	0.02014	0.12431	-1.42941	-0.27158	0	0	0	0	0	0	0.24322	0	0	0	0	0.19268	0	0	2.2619	1.51271	9.24409	153	0
ALA_83	-6.71144	1.56942	3.88911	-0.02231	0	0	3.87632	8.09156	0	0	-2.63717	-0.32839	0	0	0	0	0	0	-0.09574	0	0	0	0	-0.34691	0	0	2.2619	-0.11104	9.43531	153	0
HIS_84	-7.73265	5.30563	6.82806	-0.7549	0.17346	0.91578	3.51709	9.04432	0	0	-1.12	-1.09393	0	0	0	-0.9171	0	0	-0.17141	5.33623	2.46342	0	2.87282	-0.09231	0	0	0.8406	0.9021	26.3172	229.612	11.3885
CYS:disulfide_85	-5.74727	0.7908	3.62879	-0.04229	0.00227	0.0189	1.5221	5.24975	0.03838	0.18758	-0.99087	-0.37529	0	0	0	0	0	-0.54438	-0.087	0.96021	0.22179	0.73843	0	0.41018	0	0	4.3148	0.90131	11.1982	156	0
LEU_86	-7.62237	1.48309	1.97995	-0.4894	0.74465	0.10772	2.86406	5.78752	0.03021	0.10074	-1.49493	0.05122	0	0	0	0	0	0	0.00025	6.07976	5.18212	0.89764	0	-0.22471	0	0	1.3223	1.36415	18.164	208.158	1.84209
LEU_87	-6.16927	0.90551	3.10775	-0.61647	0.70159	0.18421	1.80882	5.26231	0	0	-1.61937	0.26218	0	0	0	-0.00464	0	0	0.23039	1.97848	0.87723	1.10125	0	-0.34502	0	0	1.3223	1.65841	10.6457	155.418	54.5822
TYR_88	-9.69885	2.37256	4.35471	-0.78947	0.38208	0.28652	3.54927	6.5776	0.03021	0.10074	-2.66026	-0.34737	1.7636	0	0	0	0	0	0.34042	3.52165	0.5689	0	2.95275	0.04743	0	0	1.7379	4.00167	19.0921	212.255	35.7447
PRO_89	-5.29914	4.92315	2.82942	-0.07036	0.00153	0.044	1.20206	3.18734	0.00789	0.03347	-0.10815	0.62367	2.61045	0	0	0	0	0	-0.13814	1.41107	1.28079	0.13028	0	-0.48008	0	0	-4.6787	8.26174	15.7723	147.253	51.7473
PRO_90	-4.35769	3.74939	1.44472	-0.0749	0.00108	0.04598	0.44399	1.61199	0	0	0.07604	0.58961	0.82158	0	0	0	0	0	-0.31123	2.14418	1.77302	0.37116	0	-0.78632	0	0	-4.6787	4.90843	7.77232	125.136	73.8641
TRP_91	-5.27807	4.93756	2.90342	-0.68989	0.47576	0.35998	1.57788	4.2633	0.02271	0.08015	-0.61724	-0.29722	0	0	0	0	0	0	-0.10376	3.91762	0.37694	0	3.54068	-0.05873	0	0	3.7077	0.34792	19.4667	127.291	142.709
ASP_92	-2.34855	2.22035	3.08578	-0.11595	0.0645	0.37032	1.31755	3.76108	0.00789	0.03347	-0.95541	-0.52095	0	0	0	0	0	0	-0.02753	2.8087	0.03716	0	2.77154	0.66993	0	0	-1.6204	1.65895	13.2184	50.5527	134.447
LYS_93	-6.92896	2.49093	5.94747	-0.38963	0.15005	0.20306	2.90811	6.91907	0.06109	0.26773	-1.53321	0.46	0	0	0	0	0	0	0.00642	7.12972	3.33743	3.7923	0	0.12657	0	0	-0.8895	1.60821	25.6669	212.724	39.2764
ASN_94	-2.53052	0.20375	2.31381	-0.35702	0.13694	0.70883	0.86867	3.37179	0.0622	0.48782	0.11842	-0.7376	0	0	0	0	0	0	0.05149	2.15786	0.01346	0	2.1444	-1.4465	0	0	-0.3009	1.93952	9.20642	64.1947	119.805
PHE_95	-7.27453	7.4184	1.97634	-0.59405	0.13687	0.29333	1.8411	4.73628	0.04138	0.3697	-1.21966	0.31619	0	0	0	0	0	0	0.01303	3.39377	0.20098	0	3.1928	-0.15993	0	0	1.9602	1.60219	18.2444	208.624	28.376
THR_96	-4.34523	0.86566	5.23611	-0.10492	0.08252	0.05777	3.00033	6.41785	0	0	-2.47302	-0.06644	0	0	0	-0.8142	-0.20187	0	0.06662	6.60885	6.46479	0.14405	0	-1.05844	0	5.04473	-0.9333	-0.71146	23.2804	97.6114	76.3886
VAL_97	-5.20779	5.4163	2.65532	-0.29874	0.42712	0.05372	0.9594	4.84061	0.05335	0.34445	0.17178	0.41146	0	0	0	0	0	0	-0.36905	1.93297	1.05328	0.87969	0	0.71067	0	0	2.7371	0.45267	17.2243	136.39	45.61
ASP_98	-3.2001	0.99067	4.28447	-0.12408	0.02052	0.38701	1.70616	4.95374	0	0	-0.90234	-0.54129	0	0	0	-0.02032	0	0	-0.12997	5.18626	0.00205	0	5.18421	-0.4152	0	0	-1.6204	0.04998	15.8114	105.373	79.6266
ASP_99	-5.73068	0.47136	6.86556	-0.11228	0.00721	0.34378	3.558	7.71966	0.08824	0.56985	-4.99121	-0.13994	0	0	0	-0.8142	-0.20187	0	-0.10452	2.92236	0.15481	0	2.76755	-0.25836	0	0	-1.6204	-0.73914	10.7558	133.384	51.6161
LEU_100	-7.637	7.92075	2.1796	-0.51546	1.24748	0.13044	1.68605	5.32014	0	0	-0.84256	0.04831	0	0	0	0	0	0	-0.00396	34.7814	33.7515	1.02993	0	0.64745	0	0	1.3223	1.194	82.2604	210	0
LEU_101	-7.07323	2.98648	2.80677	-0.70784	1.13367	0.30989	2.5927	5.31409	0.02519	0.0823	-1.92681	-0.33218	0	0	0	0	0	0	0.09768	2.79149	0.98389	1.80759	0	0.58109	0	0	1.3223	2.50359	15.2987	207.951	2.04937
VAL_102	-6.79985	3.59075	1.87037	-0.3155	0.55362	0.071	2.47858	5.52122	0.01208	0.03641	-1.99216	-0.27977	0	0	0	0	0	0	-0.06757	3.60571	0.58608	3.01963	0	-1.02517	0	0	2.7371	0.74565	14.3482	182	0
ARG_103	-11.0884	4.241	9.68642	-0.61961	0.85633	0.3883	5.04441	10.7099	0.05731	0.34174	-3.4651	0.18796	0	0	0	0	-0.64649	0	-0.14534	10.195	6.9876	3.20745	0	0.36265	0	0	-0.1423	-0.39521	35.7637	264.392	0.60815
ILE_104	-7.66552	7.06726	2.27909	-0.45777	1.75034	0.08824	2.8705	5.5159	0.01208	0.03641	-1.95762	0.19667	0	0	0	0	0	0	-0.07989	7.2375	5.68208	1.55543	0	-0.20067	0	0	1.8006	0.13987	25.8705	207	0
GLY_105	-3.23937	0.48595	2.30793	-6e-05	0	0	0.71586	3.48907	0	0	-0.37343	-0.38063	0	0	0	0	0	0	-0.32859	0	0	0	0	-2.43751	0	0	1.435	-0.91759	0.75664	160.351	3.6489
LYS_106	-8.68777	1.96729	11.2264	-0.74128	4.90495	0.46778	4.50822	10.9036	0.00458	0.05827	-5.50708	1.14105	0	0	0	0	-0.12252	0	-0.07559	4.98723	1.64811	3.33912	0	0.58994	0	0	-0.8895	-0.21905	29.5038	241.053	10.9467
HIS_107	-6.51868	0.82322	6.77319	-0.62872	0.02326	0.61623	4.00414	8.52569	0	0	-3.59172	-0.46149	0	0	0	-1.16805	0	0	0.4632	4.63361	0.47853	0	4.15508	-0.56758	0	0	0.8406	2.85083	21.2513	201.588	39.4116
SER_108	-5.30854	1.37365	6.52549	-0.03203	0.00021	0.03196	2.97635	7.43991	0.00801	0.06978	-1.58749	-0.151	0	0	0	-0.32261	0	0	0.16924	3.91422	1.17318	2.74103	0	-0.22017	0	4.04	-0.539	1.5879	23.8901	152.557	9.44298
ARG_109	-8.37276	12.5349	6.31701	-0.97464	0.39657	0.62023	2.29863	7.7197	0	0	-1.16047	0.64905	0	0	0	-0.00866	0	0	0.0102	5.82556	1.68948	4.13608	0	-0.16354	0	0	-0.1423	-0.48832	30.8867	235.5	29.4997
THR_110	-2.51994	0.34221	2.83987	-0.12295	0.1031	0.04975	0.86366	3.54654	0.0778	0.60042	0.362	-0.14401	0	0	0	-0.10446	0	0	-0.1086	6.95244	6.60546	0.34698	0	-0.62271	0	5.03573	-0.9333	-0.22394	22.946	94.2395	79.7605
ARG_111	-5.10879	2.528	6.96573	-1.17388	0.79821	0.77469	2.81763	7.36226	0.00801	0.06977	-1.29074	0.51757	0	0	0	0	0	0	-0.06341	12.8524	9.35297	3.49948	0	-0.08718	0	0	-0.1423	-0.58398	39.0965	145.55	119.45
TYR_112	-7.94854	1.65705	3.78206	-0.86788	0.0791	0.21148	0.82456	6.12116	0.06161	0.48173	-0.44785	-0.46423	0	0	0	0	0	0	-0.16336	3.32159	0.32206	0	2.99953	0.118	0	0	1.7379	-0.50398	11.322	216.08	31.9201
GLU_113	-8.3809	3.18904	11.6267	-0.2689	0.43164	0.55301	6.65794	12.5784	0.03164	0.15424	-6.40716	-0.63202	0	0	0	-1.43981	-0.12252	0	0.08772	9.43351	4.33579	0	5.09772	0.28158	0	0	-1.6358	0.65211	36.2239	216.564	6.43554
ARG_114	-7.4475	2.8686	8.05906	-0.76293	1.51544	0.53112	3.748	9.12345	0.14622	0.61711	-3.68422	0.32855	0	0	0	0	-1.73205	0	-0.12886	5.06652	1.55185	3.51467	0	-0.35144	0	0	-0.1423	1.60573	24.427	248.893	16.1071
LYS_115	-3.30315	2.94695	2.28912	-0.84525	1.37547	0.96803	0.3026	2.88294	0	0	0.68544	1.25062	0	0	0	0	0	0	-0.08181	4.34918	1.62288	2.7263	0	-0.19498	0	0	-0.8895	0.32198	16.4068	121.237	130.763
VAL_116	-5.60506	2.8356	2.66724	-0.2633	0.3034	0.04517	2.03972	5.02334	0	0	-0.35853	-0.01644	0	0	0	0	0	0	-0.10052	0.64967	0.11019	0.53949	0	-0.22923	0	0	2.7371	0.74303	11.1209	169.926	12.0737
GLU_117	-8.66836	4.436	11.5121	-0.30234	0.23526	0.34573	5.85875	11.7573	0.03164	0.15424	-6.80774	-0.24119	0	0	0	-0.49569	-0.64649	0	-0.04263	4.8578	0.27399	0	4.58381	-0.0511	0	0	-1.6358	0.76976	25.925	219.351	3.6489
LYS_118	-5.14936	1.14484	6.35097	-0.72821	0.88171	0.85333	3.90322	6.96835	0.07668	0.26982	-3.5524	-0.1637	0	0	0	0	0	0	-0.04327	6.51036	3.36656	3.14379	0	0.22465	0	0	-0.8895	-0.37125	22.7966	186.818	65.1819
ILE_119	-4.93939	1.50012	0.51563	-0.47716	2.35521	0.08489	0.7467	2.43889	0	0	-0.38796	0.3036	0	0	0	0	0	0	-0.08602	4.48271	3.72895	0.75376	0	-1.14489	0	0	1.8006	-0.45972	11.2159	164.317	42.6831
SER_120	-4.31803	3.37585	3.61636	-0.028	0.00037	0.02744	2.62308	4.84537	0.00149	0.00503	-1.71574	-0.2113	0	0	0	0	0	0	0.06437	5.20789	1.9048	3.30308	0	-0.36957	0	4.04	-0.539	-0.62139	21.2121	142.864	19.1357
MET_121	-4.87059	1.00887	3.44156	-0.33628	0.3848	0.03843	2.0585	4.43607	0.02741	0.25721	-1.11449	-0.20251	0	0	0	0	0	0	0.16585	2.77254	0.87013	1.9024	0	0.0262	0	0	1.4633	0.20354	12.5329	226.765	35.2351
LEU_122	-7.23481	1.46596	0.92946	-0.53267	0.99599	0.11463	0.6419	4.20756	0.05335	0.34445	0.06215	0.31326	0	0	0	0	0	0	0.03062	2.13283	1.58361	0.54922	0	-0.59558	0	0	1.3223	-0.09685	6.28739	203.025	6.97511
ASP_123	-4.5209	1.95572	5.05722	-0.25887	0.00965	0.85327	2.0975	5.40364	0.0645	0.34759	-2.51732	0.25111	0	0	0	0	-0.26433	0	0.18247	5.39604	0.0216	0	5.37444	0.24293	0	0	-1.6204	0.61081	18.6867	119.619	65.381
LYS_124	-5.63133	1.6283	5.4188	-0.36935	0.18457	0.16078	3.54486	6.42815	0.0645	0.34759	-1.37799	0.49347	0	0	0	0	0	0	0.02229	6.54929	3.06679	3.48249	0	-0.09493	0	0	-0.8895	1.94245	24.9712	148.506	103.494
ILE_125	-6.25682	13.8702	-0.27648	-0.49806	1.77509	0.11056	0.35585	3.21076	0	0	-0.29974	0.04843	0	0	0	0	0	0	-0.11364	1.92219	1.468	0.45419	0	-1.26153	0	0	1.8006	0.48735	16.7969	174.868	32.1317
TYR_126	-7.52836	2.04545	4.20287	-0.584	0.06703	0.30152	3.93601	6.5601	0	0	-2.37383	-0.26302	0	0	0	0	0	0	0.01887	3.00089	0.06282	0	2.93807	-0.14089	0	0	1.7379	-0.17931	13.8021	191.715	56.2848
ILE_127	-5.21925	0.77178	-0.09839	-0.46987	1.08207	0.08771	0.77037	2.54366	0	0	-0.26395	0.1833	0	0	0	0	0	0	-0.01281	1.24544	0.35858	0.88686	0	-0.99389	0	0	1.8006	-0.00772	2.66448	151.153	55.8471
HIS_128	-9.43149	5.96174	6.8394	-0.49724	0.05577	0.38104	2.91537	8.88767	0	0	-2.05186	-0.82016	2.62532	0	0	-0.68209	0	0	-0.19585	3.97826	1.80032	0	2.17794	-0.07592	0	0	0.8406	2.1607	24.8695	236.619	4.38136
PRO_129	-3.37625	2.25161	2.32054	-0.07641	0.00077	0.04705	1.13907	2.43436	0	0	1.16317	0.68074	2.65085	0	0	0	0	0	-0.22268	0.95487	0.76158	0.19329	0	0.55493	0	0	-4.6787	3.01531	9.81412	77.6363	121.364
ARG_130	-5.78553	7.17618	5.74934	-1.40504	2.04216	1.21352	1.96864	6.31161	0	0	-0.41232	-0.00314	0	0	0	-0.73955	0	0	-0.14665	11.3398	6.17224	5.16753	0	0.01908	0	0	-0.1423	1.39725	39.9228	136.133	128.867
TYR_131	-10.574	2.73377	4.80036	-0.87535	0.14066	0.2767	3.99306	8.90447	0.03399	0.14877	-3.3078	-0.2707	0	0	0	-0.00464	0	0	-0.13419	4.89962	1.73981	0	3.15981	0.19116	0	0	1.7379	1.74156	19.3349	235.577	12.4226
ASN_132	-7.02835	2.56653	7.72048	-0.33544	0.21143	0.64415	5.05465	9.58033	0.01204	0.15114	-2.64597	-0.70808	0	0	0	-0.6488	0	0	0.37152	2.57784	0.27085	0	2.30699	-0.87632	0	0	-0.3009	0.84203	19.7661	162.959	21.0407
TRP_133	-8.81753	2.7531	3.64497	-1.34147	0.33813	0.53383	0.95329	5.49115	0.03408	0.11726	0.65971	-0.60445	0	0	0	0	0	0	0.03963	2.49173	0.02478	0	2.46695	0.06085	0	0	3.7077	-0.13714	12.4166	202.826	67.174
LYS_134	-4.23947	0.1595	3.69705	-0.5964	4.61491	0.59763	1.24058	4.27526	0.05358	0.1658	0.56055	0.53651	0	0	0	0	0	0	-0.05759	9.26515	4.28084	4.98431	0	0.00844	0	0	-0.8895	0.31264	28.9698	109.888	142.112
GLU_135	-3.65597	0.62281	4.34318	-0.18908	0.06704	0.26992	1.79874	4.79017	0	0	-0.5425	-0.33746	0	0	0	-0.6488	0	0	0.14941	5.60849	0.6667	0	4.94179	0.47438	0	0	-1.6358	3.49297	20.216	127.039	95.9611
ASN_136	-5.7014	1.63918	5.04248	-0.30572	0.17734	0.58029	2.16871	6.54088	8e-05	0.00177	-0.34935	-1.60223	0	0	0	-0.67348	0	0	-0.13025	5.23141	2.08016	0	3.15125	-0.97335	0	0	-0.3009	2.39078	18.9677	177.852	6.14812
LEU_137	-6.35038	2.08951	3.27487	-0.54006	2.07874	0.16327	1.9223	5.72843	0	0	-1.49624	0.05019	0	0	0	0	0	0	-0.20985	2.34324	1.8317	0.51154	0	1.06682	0	0	1.3223	0.46804	14.2544	190.466	19.5339
ASP_138	-6.62679	2.62287	8.64999	-0.14062	0.00754	0.42468	3.80631	9.74389	0.01204	0.15114	-1.89742	-0.87681	0	0	0	0	-0.56558	0	0.19313	5.36973	0.03155	0	5.33819	0.2401	0	0	-1.6204	0.80903	25.6725	174.661	10.3386
ARG_139	-8.67101	6.40774	7.87626	-0.66654	0.55699	0.47911	2.50998	8.68844	0.00589	0.08837	-0.9243	-0.21577	0	0	0	-0.05746	0	0	-0.12103	4.44051	0.59985	3.84066	0	-0.30612	0	0	-0.1423	0.09026	24.4795	198.766	66.2337
ASP_140	-7.35151	1.19134	8.11952	-0.24491	0.08895	0.80489	4.48963	10.2442	0.08074	0.67854	-1.73945	-0.697	0	0	0	-0.9171	0	0	0.05386	3.02067	0.00485	0	3.01582	-1.26273	0	0	-1.6204	0.75714	18.717	184.553	0.446804
ILE_141	-8.19962	1.79193	1.89405	-0.55442	1.33584	0.10723	2.12809	5.99781	0	0	-1.72487	0.01247	0	0	0	0	0	0	-0.00331	1.51373	0.36868	1.14505	0	0.16479	0	0	1.8006	0.97267	8.75072	207	0
ALA_142	-6.07542	1.26571	2.45439	-0.02287	0	0	2.73507	6.31549	0	0	-2.29939	-0.41933	0	0	0	0	0	0	0.22758	0	0	0	0	-0.55879	0	0	2.2619	0.64415	6.52849	153	0
LEU_143	-8.71616	10.0385	1.43955	-0.44312	0.26825	0.08055	2.88108	5.66031	0	0	-2.59618	0.06992	0	0	0	0	0	0	-0.12393	20.9347	19.9173	1.01745	0	-0.22329	0	0	1.3223	0.02021	51.5475	210	0
LEU_144	-8.21138	24.4842	1.34314	-0.48168	0.42302	0.10654	3.06037	5.82007	0.02037	0.07185	-2.68401	0.10919	0	0	0	0	0	0	-0.05784	1.74596	0.71551	1.03044	0	-0.35389	0	0	1.3223	-0.18331	28.2808	210	0
LYS_145	-7.04207	0.5897	6.23029	-0.51355	0.32531	0.3096	4.01263	7.51946	0.16054	0.66749	-4.38179	0.57515	0	0	0	0	0	0	-0.08507	3.98645	0.54095	3.44551	0	0.51778	0	0	-0.8895	-0.28031	15.6886	183.998	68.0018
LEU_146	-7.94229	1.66059	2.8636	-0.574	2.10276	0.11877	2.11851	6.28465	0.17978	0.78321	-0.96757	0.43732	0	0	0	0	0	0	0.10381	7.86577	4.31444	3.55133	0	-0.32377	0	0	1.3223	-0.49693	23.4023	207.567	2.4326
LYS_147	-4.20618	1.85598	4.7442	-0.7396	2.94779	0.54866	1.82197	4.84778	0	0	-2.64826	0.45561	0	0	0	0	-0.26433	0	-0.09544	8.80764	4.84843	3.95921	0	-0.02124	0	0	-0.8895	-0.6866	25.2861	99.4584	152.542
ARG_148	-3.4507	5.9719	3.45431	-0.77783	1.03677	0.3901	1.18272	3.5789	0.02741	0.25721	-0.06031	0.55365	0.6415	0	0	0	0	0	0.03742	13.3765	8.39592	4.98057	0	-0.36844	0	0	-0.1423	2.57575	41.661	70.237	194.763
PRO_149	-5.47311	6.10622	3.90992	-0.16886	0.00064	0.11389	1.31887	3.80442	0	0	-0.44402	0.14153	0.79119	0	0	0	0	0	-0.2045	2.43293	0.75111	1.68182	0	-1.34275	0	0	-4.6787	2.307	11.0476	168.25	30.75
ILE_150	-6.91039	11.2745	2.32911	-0.75167	3.09112	0.29904	1.8257	5.18932	0	0	-1.9959	0.35808	0	0	0	0	0	0	0.13127	3.02562	0.72185	2.30377	0	1.86445	0	0	1.8006	0.82567	25.3821	192.32	14.6799
GLU_151	-3.28278	0.35297	3.50943	-0.58272	1.01715	1.76446	1.2346	4.22014	0	0	-0.37713	-0.83964	0	0	0	0	0	0	-0.03712	10.1919	2.59549	0	7.59642	0.5032	0	0	-1.6358	1.30856	27.5391	128.62	94.3799
LEU_152	-5.03986	2.70037	0.61535	-0.48191	0.59481	0.08707	0.33684	2.7756	0	0	-0.26053	0.4325	0	0	0	0	0	0	0.20083	2.80408	2.37538	0.4287	0	-0.13138	0	0	1.3223	-0.25747	8.50268	134.318	75.6823
SER_153	-3.77062	0.36775	4.9061	-0.03188	0.04172	0.0474	3.41658	5.66163	0	0	0.54669	-0.14474	0	0	0	0	0	0	-0.00546	0.73949	0.00429	0.7352	0	-0.46009	0	4.04	-0.539	1.96318	17.5182	104.807	57.1931
ASP_154	-4.2956	0.83657	2.99433	-0.11408	0.01488	0.35198	0.79063	3.74371	0.02275	0.18546	-0.48252	-0.17148	0	0	0	0	0	0	-0.08359	2.65028	0.04823	0	2.60205	-0.2833	0	0	-1.6204	1.83073	9.02064	124.717	60.2831
TYR_155	-7.04509	2.94159	2.49575	-0.76774	0.162	0.48596	1.62639	4.99709	0	0	0.10553	-0.15105	0	0	0	0	0	0	0.08035	3.64613	0.81312	0	2.83301	-0.31497	0	0	1.7379	-0.47339	13.1726	182.133	65.8674
ILE_156	-9.12815	5.54163	3.58467	-0.49009	1.35566	0.10476	3.56147	7.03145	0	0	0.04798	-0.09741	0	0	0	0	0	0	-0.14957	0.58607	0.23004	0.35603	0	-1.04638	0	0	1.8006	-0.21815	13.0706	207	0
HIS_157	-8.86514	5.24111	7.49464	-0.44416	0.05208	0.26707	3.66322	9.43476	0.07294	0.48313	-0.90214	-0.71266	0.60384	0	0	0	0	0	0.05375	5.47561	0.53152	0	4.94409	-0.9039	0	0	0.8406	2.86073	30.1911	230.957	10.043
PRO_158	-7.50399	2.96931	3.55182	-0.17093	0.00234	0.116	1.282	4.69959	0.00172	0.01739	-1.9689	0.13715	0.60617	0	0	0	0	0	-0.04081	1.7785	1.04715	0.73135	0	-0.84844	0	0	-4.6787	2.63023	4.35894	199	0
VAL_159	-8.07225	2.42607	2.10698	-0.33711	0.3237	0.07831	1.79047	5.98189	0.02964	0.1354	-1.21433	0.42283	0	0	0	0	0	0	-0.02844	1.57631	0.01501	1.56131	0	0.73388	0	0	2.7371	-0.04051	10.2263	179.567	2.4326
CYS:disulfide_160	-7.07332	3.50885	4.10951	-0.03685	0	0.01374	2.34607	6.23491	0.00101	0.00701	-2.3081	-0.16577	0	0	0	0	0	-0.55409	-0.01473	0.25418	0.00885	0.24533	0	0.10652	0	0	4.3148	-0.26744	10.7305	149.8	6.19973
LEU_161	-5.27757	1.40844	0.65838	-0.49719	6.13124	0.08138	0.45459	2.8002	0	0	0.01518	0.29914	1.80576	0	0	0	0	0	-0.00114	3.72524	2.75646	0.96877	0	-0.60558	0	0	1.3223	1.72564	17.7713	188.624	21.3763
PRO_162	-6.64492	4.41813	2.98991	-0.17336	0.00461	0.11934	1.47019	3.3184	0	0	-1.86392	0.14775	1.82845	0	0	-0.51951	0	0	-0.19075	3.55375	1.36846	2.18529	0	-1.90098	0	0	-4.6787	2.18994	7.62208	197.784	1.2163
ASP_163	-6.23619	1.24324	8.29762	-0.13971	0.00073	0.41113	5.09699	9.59885	0	0	-5.12789	-0.85552	0	0	0	-0.34326	-0.31608	0	-0.02387	7.30524	1.09501	0	6.21023	0.39416	0	0	-1.6204	0.04497	25.0352	140.961	44.0388
LYS_164	-4.8311	10.2493	5.1635	-1.24386	11.8848	1.85482	2.38789	6.3422	0	0	-1.6167	2.11062	0	0	0	0	-0.31608	0	0.0862	10.0073	0.89357	9.11369	0	-0.07766	0	0	-0.8895	-0.22649	50.8925	145.691	106.309
GLN_165	-4.03682	2.85514	4.74663	-0.69195	0.31639	0.69423	2.73471	5.94989	0	0	-1.79526	-0.36609	0	0	0	-0.34326	0	0	0.13385	18.1735	10.592	0	7.58147	-0.07665	0	0	-0.1077	-0.16968	46.1904	87.0484	129.952
THR_166	-6.69414	2.46382	4.93845	-0.20544	0.27656	0.07429	3.17618	7.06393	8e-05	0.00039	-0.3248	-0.84377	0	0	0	0	0	0	0.04409	0.07011	0.00106	0.06906	0	-0.0163	0	5.03053	-0.9333	1.10881	15.2996	156.867	17.1325
ALA_167	-5.54704	3.13036	3.08492	-0.0198	0	0	2.82634	6.35284	0	0	-2.2125	-0.34781	0	0	0	0	0	0	-0.03331	0	0	0	0	-0.29239	0	0	2.2619	1.09927	10.3028	148.899	4.1011
ALA_168	-3.03962	0.38825	2.76964	-0.02147	0	0	1.70692	4.48641	0	0	-0.28239	-0.3165	0	0	0	0	0	0	0.00257	0	0	0	0	0.02114	0	0	2.2619	0.84125	8.81809	87.201	65.799
LYS_169	-4.73221	2.76101	4.28541	-1.00624	1.66754	1.16598	2.44635	5.15378	0	0	-1.42828	0.55063	0	0	0	0	0	0	-0.08351	9.40526	4.77089	4.63437	0	-0.19607	0	0	-0.8895	0.15581	28.6612	159.481	92.5193
LEU_170	-7.43665	1.7603	2.9008	-0.53959	0.76861	0.15579	3.06611	5.67116	0	0	-1.90492	0.17674	0	0	0	0	0	0	0.12268	0.96561	0.54369	0.42192	0	-0.33191	0	0	1.3223	-0.16368	7.49895	210	0
LEU_171	-5.01092	1.85488	1.12808	-0.50224	0.59872	0.14383	1.22045	3.53566	8e-05	0.00039	-0.81403	0.05942	0	0	0	0	0	0	0.03614	2.21735	1.41543	0.80192	0	0.02078	0	0	1.3223	1.40536	9.43361	175.484	34.5156
HIS_172	-4.42576	0.49738	4.45613	-0.49894	0.02138	0.35385	2.66682	5.98016	0.05129	0.42008	-1.39345	-0.75735	0	0	0	0	0	0	-0.06739	6.0242	1.62431	0	4.3999	-0.29631	0	0	0.8406	0.9279	20.8248	138.679	102.321
ALA_173	-3.43213	0.41572	1.94378	-0.02851	0.00579	0	0.50427	3.87505	0	0	0.13748	-0.32872	0	0	0	0	0	0	-0.08649	0	0	0	0	0.43484	0	0	2.2619	1.75729	7.46026	121.12	31.8804
GLY_174	-2.94193	0.21668	3.40997	-0.00013	0	0	2.14751	4.3854	0.03684	0.13299	-1.01924	-0.35505	0	0	0	0	0	0	-0.00861	0	0	0	0	-2.44803	0	0	1.435	3.94227	8.93367	129.288	34.7117
PHE_175	-9.45118	1.77934	4.78167	-0.61187	4.11635	0.28816	4.42932	8.22483	0.05462	0.22645	-3.78385	-0.27929	0	0	0	0	0	0	0.00173	5.16795	0.10839	0	5.05956	0.15724	0	0	1.9602	1.5017	23.7313	218.381	18.6192
LYS_176	-9.16821	8.05909	7.59518	-0.31876	0.07823	0.15824	3.60928	7.96357	0.03193	0.28192	-2.31994	0.0412	0	0	0	-0.83646	-0.16469	0	-0.00419	3.46303	0.99156	2.47146	0	-0.13509	0	0	-0.8895	-0.5294	20.3784	228.716	23.2843
GLY_177	-4.6383	2.31002	3.45015	-0.00198	0	0	2.83056	5.4486	0	0	-2.77205	-0.36473	0	0	0	0	0	0	-0.0216	0	0	0	0	0.34846	0	0	1.435	0.78793	8.81206	164	0
ARG_178	-10.6338	2.56283	8.73015	-0.71738	0.32544	0.44772	5.82026	11.603	0.0895	0.55651	-4.03854	0.63032	0	0	0	0	-1.45076	0	-0.04367	3.4307	0.3531	3.0776	0	-0.06713	0	0	-0.1423	0.53524	21.0688	259.846	5.1537
VAL_179	-6.69811	2.36085	1.79151	-0.2447	0.21206	0.04743	2.7484	5.45348	0	0	-2.33077	-0.24261	0	0	0	0	0	0	-0.1561	1.27032	0.67293	0.59739	0	-1.26536	0	0	2.7371	-0.66679	6.28701	182	0
THR_180	-5.49274	0.97872	2.27521	-0.11633	0.06118	0.07701	1.38737	4.38491	0.11835	0.88693	-0.63502	-0.27727	0	0	0	0	0	0	0.06471	3.99319	3.24929	0.74389	0	-0.30093	0	5.03177	-0.9333	-0.5728	14.9242	172.784	1.2163
GLY_181	-4.0778	0.51492	3.56691	-0.00135	0	0	2.09945	5.164	0.0486	0.37132	-1.1558	-0.33762	0	0	0	0	0	0	-0.25665	0	0	0	0	-2.14195	0	0	1.435	0.26382	5.49284	164	0
TRP_182	-11.4193	7.1817	3.11626	-0.91384	0.08411	0.62966	1.12523	7.04609	0.06384	0.33438	-1.45127	-0.2038	0	0	0	0	0	0	-0.10776	3.26633	0.21065	0	3.05568	-0.04484	0	0	3.7077	0.85275	16.5336	263.956	6.04427
GLY_183	-3.83112	0.49005	4.5665	-0.0004	0	0	1.79399	5.86177	0.1106	0.28348	-2.08023	-0.18645	0	0	0	-0.43614	0	0	-0.21192	0	0	0	0	-0.73657	0	0	1.435	0.31814	7.37671	161.951	2.04937
ASN_184	-6.34842	0.33376	5.92116	-0.22853	0.37623	0.29048	3.31769	7.79173	0.00272	0.04574	-1.72832	-0.37699	0	0	0	0	0	0	-0.12813	6.67489	0.62179	0	6.0531	0.5403	0	0	-0.3009	0.44119	23.2995	163.877	20.1229
ARG_185	-6.81485	4.68658	5.85303	-0.54489	0.95568	0.29678	2.69406	6.87494	0.17889	0.85009	-1.96207	0.37639	0	0	0	0	0	0	-0.15025	12.2498	9.54837	2.70141	0	-0.06626	0	0	-0.1423	0.08416	37.6695	176.233	88.7674
ARG_186	-6.45706	1.61762	5.65377	-0.76479	0.47907	0.5152	3.3497	7.33205	0	0	-0.18165	0.46068	0	0	0	-0.44746	0	0	0.26748	4.10205	0.84318	3.25887	0	-0.22056	0	0	-0.1423	0.71042	20.3763	171.225	93.7751
GLU_187	-4.83475	0.44676	4.88786	-0.36254	0.41058	0.478	2.4361	5.4117	0	0	-2.6784	-0.63256	0	0	0	-0.27417	-0.70096	0	-0.22667	5.74281	0.07181	0	5.671	-0.51639	0	0	-1.6358	0.97338	14.6678	162.04	60.96
THR_188	-3.76304	2.08211	3.03899	-0.09787	0.06141	0.05214	2.19393	4.26426	0.0028	0.05949	-0.66353	-0.36545	0	0	0	-0.44746	0	0	-0.04118	8.752	8.34819	0.4038	0	-0.632	0	5.01387	-0.9333	0.18328	27.5124	94.6165	79.3835
TRP_189	-7.71199	1.44829	2.80884	-1.35703	0.23166	1.30383	0.57055	5.59394	0	0	-0.24971	-0.52249	0	0	0	0	0	0	0.14141	3.45585	0.82116	0	2.6347	-0.07254	0	0	3.7077	0.58816	13.3923	170.021	99.9787
THR_190	-1.89305	0.12088	2.67693	-0.18045	0.09581	0.0571	1.14087	3.00416	0.0012	0.00463	-0.22193	-0.90899	0	0	0	-0.67272	0	0	0.03359	3.98909	3.79845	0.19064	0	0.09386	0	5.04655	-0.9333	2.02063	17.4639	62.5424	111.458
THR_191	-2.35492	0.28803	2.88663	-0.17833	0.09164	0.05728	1.10526	3.32211	0.0012	0.00463	-0.69325	-0.94709	0	0	0	-0.78405	0	0	0.07909	3.23334	3.06221	0.17113	0	-0.15975	0	5.03859	-0.9333	3.64635	16.9368	60.5456	113.454
SER_192	-4.54478	1.44475	4.93626	-0.04307	0.00552	0.06541	2.70513	6.27079	0.0184	0.09075	-0.63877	-0.48687	0	0	0	-0.24	0	0	0.09392	0.48497	0.02539	0.45958	0	-0.471	0	4.04	-0.539	1.66113	15.3385	110.408	51.5919
VAL_193	-6.35866	2.94765	2.88974	-0.37343	0.5966	0.09258	2.26446	5.83661	0	0	-1.03853	-0.1489	0	0	0	0	0	0	-0.25084	0.94602	0.01477	0.93125	0	0.6683	0	0	2.7371	0.11875	11.8735	127.182	54.8182
ALA_194	-3.59471	1.11849	3.10371	-0.02283	0	0	1.76587	4.75533	0.00138	0.01222	0.5258	-0.37693	0	0	0	0	0	0	-0.16155	0	0	0	0	-0.61263	0	0	2.2619	0.48872	9.26477	84.7635	68.2365
GLU_195	-5.86177	1.04826	8.62779	-0.22634	0.281	0.35479	4.75265	9.32808	0.01164	0.10586	-5.05462	-0.5575	0	0	0	-1.69677	0	0	-0.17018	7.38482	3.39955	0	3.98528	-0.53761	0	0	-1.6358	-0.14679	23.3923	151.433	71.5668
VAL_196	-8.86849	4.44535	4.25074	-0.3029	0.39232	0.05696	3.62997	7.83015	0.00956	0.04437	-2.56273	0.01505	0	0	0	0	0	0	-0.10297	0.42971	0.06374	0.36597	0	0.19068	0	0	2.7371	-0.20145	12.4231	180.975	1.02469
GLN_197	-6.08004	1.86607	5.03223	-0.33817	0.22678	0.29504	1.95493	6.57409	0.00403	0.05562	-0.13501	-0.15299	0.22552	0	0	0	0	0	-0.09747	6.25647	0.14242	0	6.11405	0.07519	0	0	-0.1077	2.70177	24.6128	146.226	70.7744
PRO_198	-6.42357	8.65819	4.38826	-0.193	0.03275	0.13874	1.73209	4.0314	0	0	-0.68917	0.20586	0.23046	0	0	-0.00866	0	0	0.24738	1.50679	1.16793	0.33886	0	-0.96617	0	0	-4.6787	2.83932	12.5588	195.715	3.28528
SER_199	-2.82582	0.51118	2.85817	-0.03798	0.01779	0.03333	1.60144	3.71526	0.12494	0.75297	-1.15213	0.19156	0	0	0	0	0	0	0.13013	3.38904	2.38892	1.00012	0	0.30445	0	4.04	-0.539	1.05474	17.5591	91.0322	70.9678
VAL_200	-6.41678	0.9941	4.09859	-0.30196	0.39331	0.05801	1.6565	6.54708	0.0467	0.35388	-0.66739	-0.05604	0	0	0	-0.5513	0	0	-0.08294	0.14174	0.11852	0.02321	0	-0.70999	0	0	2.7371	1.40481	9.78716	158.68	23.3198
LEU_201	-8.68821	1.55132	3.7482	-0.57659	2.67978	0.11769	2.72298	7.64306	0.05901	0.32735	-2.25522	0.47836	0	0	0	0	0	0	-0.07075	1.19966	0.45766	0.742	0	-0.23003	0	0	1.3223	0.10955	11.3381	205.387	4.61344
GLN_202	-8.55904	1.26759	7.62173	-0.62264	0.15837	0.67587	4.37427	9.85274	0	0	-3.0114	-0.48569	0	0	0	-0.5513	-0.52406	0	0.07239	3.03629	0.11667	0	2.91962	-0.0913	0	0	-0.1077	-0.76111	15.3813	216.392	0.60815
VAL_203	-6.90142	2.46713	2.35153	-0.37252	0.78242	0.08996	2.67713	5.8121	0.00267	0.05335	-2.21682	-0.27612	0	0	0	0	0	0	-0.09909	1.70436	0.50337	1.201	0	-0.7085	0	0	2.7371	-0.09513	9.7125	178.734	3.26567
VAL_204	-6.93763	1.69996	2.20139	-0.34213	0.49724	0.08117	2.62203	5.94404	0.00694	0.02388	-2.15709	-0.21977	0	0	0	0	0	0	-0.02774	2.3811	1.38947	0.99163	0	-0.61128	0	0	2.7371	0.20661	10.4869	174.315	7.68515
ASN_205	-6.75964	2.29834	4.9879	-0.17705	0.0249	0.29277	2.66147	6.64976	0.03129	0.21126	-1.98941	-0.4099	0	0	0	0	-0.9312	0	-0.1251	3.4027	0.0928	0	3.30989	0.40864	0	0	-0.3009	0.0606	13.7391	177.347	6.653
LEU_206	-7.94148	1.33856	3.06755	-0.46782	0.5311	0.08823	2.74216	6.75701	0.02472	0.11734	-1.86791	0.07819	2.5126	0	0	0	0	0	0.02523	0.97488	0.04002	0.93486	0	-0.19729	0	0	1.3223	2.37961	12.4599	210	0
PRO_207	-7.00973	5.88054	3.53258	-0.19174	0.04095	0.14199	1.86622	4.49811	0	0	-1.64999	0.08542	2.5398	0	0	0	0	0	0.20049	1.24481	1.044	0.20081	0	-0.02081	0	0	-4.6787	3.11979	10.8445	194.901	4.09875
LEU_208	-8.23114	1.50073	3.59719	-0.48598	0.65312	0.09505	3.21695	7.46202	0.05129	0.42008	-3.06122	0.29052	0	0	0	0	0	0	0.01632	1.19462	0.30578	0.88884	0	-0.28828	0	0	1.3223	0.15633	9.10451	200.17	9.83033
VAL_209	-7.31623	3.6451	2.12777	-0.23892	0.27906	0.04309	2.25274	5.95975	0.00555	0.02216	-0.76766	0.05001	0	0	0	0	0	0	-0.06279	1.33451	0.05081	1.2837	0	-0.27944	0	0	2.7371	-0.58411	10.5422	167.883	14.1166
GLU_210	-5.80914	6.38775	4.85836	-0.55483	0.30559	1.36708	3.30608	6.15381	0.12314	0.46678	-3.23156	-1.54408	0	0	0	0	-0.47501	0	0.06708	15.2632	6.1447	0	9.11851	-0.06373	0	0	-1.6358	-0.61003	39.6379	165.047	57.9529
ARG_211	-6.60103	8.4387	7.85257	-0.90491	0.47619	0.55688	4.1138	8.91465	0.06643	0.31669	-1.70621	0.28811	0.76033	0	0	-0.20377	0	0	-0.00813	4.70466	1.45914	3.24553	0	-0.33349	0	0	-0.1423	3.14103	34.4349	187.057	77.9429
PRO_212	-4.24462	6.05102	2.8976	-0.07237	0.00157	0.04486	1.48911	3.6054	0	0	-0.70892	0.64879	0.76936	0	0	0	0	0	0.04478	2.02781	1.67697	0.35084	0	1.76234	0	0	-4.6787	4.10329	15.7691	115.189	83.8111
VAL_213	-6.40317	1.95358	4.41688	-0.30426	0.38445	0.06865	3.66433	7.02522	0	0	-0.8847	-0.09691	0	0	0	0	0	0	-0.06983	0.26276	0.08856	0.17421	0	-0.59046	0	0	2.7371	0.5242	12.9506	147.923	34.0767
CYS:disulfide_214	-7.31117	0.89942	4.86762	-0.04055	0	0.01541	2.65944	7.11149	0	0	-1.25462	-0.40132	0	0	0	0	0	-0.65686	-0.10716	1.21393	0.8213	0.39263	0	0.45259	0	0	4.3148	0.8607	13.8376	153.617	2.38296
LYS_215	-5.45512	7.45244	5.93368	-0.53888	1.67984	0.32108	2.79368	6.52416	0.00063	0.00844	-0.33356	0.01213	0	0	0	0	0	0	-0.06734	24.5719	20.8558	3.71604	0	-0.18264	0	0	-0.8895	0.34756	66.7503	144.737	107.263
ALA_216	-2.41606	0.19505	2.76268	-0.02626	0.00857	0	2.00954	4.10591	0	0	-0.80598	-0.4227	0	0	0	0	0	0	-0.12343	0	0	0	0	0.02933	0	0	2.2619	-0.82793	6.75061	76.5291	76.4709
SER_217	-3.78704	0.4519	5.02349	-0.04231	0.01458	0.05438	3.25598	5.83607	0.05761	0.54152	-2.09436	-0.05015	0	0	0	-0.44631	0	0	-0.09589	0.61359	0.00985	0.60374	0	-0.36854	0	4.04	-0.539	-0.99268	12.0864	146.053	15.9471
THR_218	-4.71512	1.16454	4.2495	-0.1105	0.31195	0.0513	2.99446	5.60771	0	0	1.65444	-0.75034	0	0	0	0	0	0	0.00836	31.3504	31.1898	0.16058	0	-0.52558	0	4.99822	-0.9333	-1.00527	75.7012	157.802	16.1984
ARG_219	-1.19275	0.2017	1.07752	-0.56896	0.59848	0.35492	0.0678	1.30604	0.00144	0.02427	0.09835	0.1521	0	0	0	0	0	0	-0.12132	8.21797	5.49766	2.72032	0	-0.28731	0	0	-0.1423	-0.62928	17.3767	17.9514	247.049
ILE_220	-4.78429	1.23066	1.83562	-0.4749	1.96717	0.0868	1.0802	3.51239	0	0	0.48164	0.34972	0	0	0	0	0	0	-0.15764	1.51709	0.49278	1.02431	0	-0.53735	0	0	1.8006	-0.09956	9.32523	142.936	64.0644
ARG_221	-3.54322	0.57237	2.94017	-1.16748	0.84826	0.8006	1.51145	3.95287	8e-05	0.00177	-0.94909	0.34475	0	0	0	-0.67348	0	0	0.30701	9.1865	5.20151	3.98499	0	0.20442	0	0	-0.1423	0.4786	23.8598	121.857	143.143
ILE_222	-6.12617	1.52087	0.91558	-0.62609	2.3443	0.12016	0.5684	3.11766	0	0	0.08409	0.59519	0	0	0	0	0	0	-0.13013	4.5776	3.28153	1.29607	0	-0.82874	0	0	1.8006	0.16345	12.6744	184.185	22.8153
THR_223	-5.95561	2.04478	5.63171	-0.12927	0.18076	0.08436	3.63216	7.35105	0.06643	0.31668	0.18969	-0.88115	0	0	0	0	0	0	0.07871	0.4091	0.26582	0.14329	0	-1.0626	0	5.03387	-0.9333	-0.5589	15.9076	149.405	24.5948
ASP_224	-3.23321	0.45516	3.77604	-0.11903	0.03819	0.37185	1.4702	4.4568	0	0	-0.38801	-0.26349	0	0	0	0	0	0	-0.18471	2.40431	0.02499	0	2.37932	-0.06725	0	0	-1.6204	-0.15515	9.3456	93.6925	91.3075
ASN_225	-6.50144	1.21682	5.85954	-0.19899	0.01577	0.31685	3.09244	7.20437	0	0	-2.47241	-0.43128	0	0	0	0	-0.56558	0	-0.10015	5.66864	2.71898	0	2.94966	-1.11367	0	0	-0.3009	0.83262	18.1913	169.506	14.4936
MET_226	-9.46617	2.40427	5.80394	-0.41783	0.07833	0.19744	4.75812	8.20994	0	2e-05	-1.88752	-0.29459	0	0	0	-0.20377	0	0	0.0045	4.98686	2.42247	2.56439	0	-0.01759	0	0	1.4633	1.04308	21.6492	253.776	8.22447
PHE_227	-8.36182	1.05128	2.99166	-0.92357	0.15721	0.51814	2.71878	6.57836	0	0	-2.48695	-0.18994	0	0	0	0	0	0	0.18914	2.2285	0.01316	0	2.21534	-0.69801	0	0	1.9602	0.22192	8.18341	224.956	12.0436
CYS:disulfide_228	-6.9712	4.40001	2.30803	-0.0645	7e-05	0.05927	1.43816	4.4668	0.00555	0.02216	-1.6962	-0.35369	0	0	0	0	0	-0.65686	0.08065	6.60414	4.90832	1.69582	0	-0.13593	0	0	4.3148	-0.25345	20.1719	156	0
ALA_229	-5.18393	0.89391	1.77523	-0.02095	0	0	2.11589	4.7913	0	0	-2.05926	-0.39483	0	0	0	0	0	0	0.14	0	0	0	0	-0.75029	0	0	2.2619	-0.2337	3.33527	151.784	1.2163
GLY_230	-3.47798	0.3134	2.27813	-0.0015	0	0	1.23211	3.64803	0.01849	0.15724	-0.75864	-0.32591	0	0	0	0	0	0	-0.17718	0	0	0	0	-2.524	0	0	1.435	0.41049	2.22767	161.342	2.65752
TYR_231	-8.35334	3.61857	4.32311	-0.60428	0.06014	0.27274	1.47738	5.98712	0.05294	0.49247	-1.76458	-0.05595	0	0	0	0	-0.16469	0	-0.07613	3.0706	0.17863	0	2.89197	-0.21842	0	0	1.7379	0.02898	12.9552	227.437	20.5628
LYS_232	-5.65763	2.507	7.60505	-0.42909	0.2513	0.30951	5.25618	8.12703	0.14138	0.63003	-2.37164	0.70332	0.93608	0	0	-0.88596	-0.47501	0	0.14403	4.0278	0.85599	3.1718	0	0.02944	0	0	-0.8895	1.86379	25.8509	189.204	62.7957
PRO_233	-2.42123	0.50507	1.73434	-0.08247	0.00106	0.05038	0.64215	1.95439	0	0	0.83958	0.73548	0.981	0	0	0	0	0	-0.34239	2.05364	0.86149	1.19216	0	-0.42251	0	0	-4.6787	2.6237	6.22714	115.295	83.7047
GLY_234	-1.35644	0.35303	1.53286	-5e-05	0	0	0.32885	1.90285	0.00372	0.01034	0.08657	-0.3869	0	0	0	0	0	0	-0.14076	0	0	0	0	0.49993	0	0	1.435	0.66489	4.93389	89.1543	74.8457
GLU_235	-4.84262	1.71817	5.9419	-0.22155	0.14435	0.32272	3.76144	6.40089	0.01849	0.15724	-2.15622	-0.44152	0	0	0	-0.88596	0	0	-0.02354	7.7702	2.26194	0	5.50825	0.3277	0	0	-1.6358	0.26739	24.3935	152.881	70.1191
GLY_236	-0.8234	0.23526	1.0566	-6e-05	0	0	0.02766	1.20231	0.00372	0.01034	0.09002	-0.40536	0	0	0	0	0	0	-0.05486	0	0	0	0	-0.26454	0	0	1.435	3.12812	5.64081	81.4087	82.5913
LYS_237	-4.53505	4.52207	4.01223	-0.55291	0.41015	0.27591	1.73353	4.61473	0.03632	0.21564	-0.75655	0.35299	0	0	0	0	0	0	0.01325	4.44983	0.88105	3.56878	0	0.31855	0	0	-0.8895	3.68295	22.354	146.802	105.198
ARG_238	-5.10249	8.25497	6.12035	-1.03814	1.02484	0.7053	2.64318	6.4559	0.07038	0.63739	-4.46548	0.28803	0	0	0	-0.36471	-1.20206	0	0.16176	9.15163	3.3912	5.76044	0	-0.1047	0	0	-0.1423	0.88683	33.1323	171.756	93.2443
GLY_239	-3.35609	2.33866	2.00729	-0.00154	0	0	0.77309	3.43123	0.02642	0.25058	-1.35972	-0.30733	0	0	0	0	0	0	-0.06052	0	0	0	0	-2.44873	0	0	1.435	1.73566	4.464	160.227	3.77301
ASP_240	-5.94899	0.49488	7.18671	-0.11606	0.02165	0.34396	4.61478	8.78021	0.0146	0.12939	-4.84598	-1.33542	0	0	0	-1.34962	0	0	0.00496	3.94477	0.34236	0	3.60241	0.1131	0	0	-1.6204	2.34343	16.7207	169.758	15.2418
ALA_241	-3.79547	0.78526	1.76985	-0.02162	0	0	1.60424	3.77924	0.06763	0.41764	-1.02414	-0.19073	0	0	0	-0.34638	0	0	0.12575	0	0	0	0	0.19871	0	0	2.2619	1.09072	6.7226	142.994	10.0063
CYS:disulfide_242	-5.73454	1.23548	4.66407	-0.02793	0	0.01831	2.33984	5.93407	0.09325	0.44909	-2.3164	-0.39522	0	0	0	-0.5133	0	-0.42578	-0.12231	2.97005	1.69644	1.27361	0	-0.61186	0	0	4.3148	1.12203	15.9637	142.032	13.9678
GLU_243	-3.38196	0.72616	3.72628	-0.45389	0.16636	1.41003	2.22841	4.50221	0.03376	0.34403	-0.66425	-1.36187	0	0	0	0	0	0	-0.14858	11.679	4.86336	0	6.81566	0.15363	0	0	-1.6358	1.76686	30.7694	115.274	107.726
GLY_244	-2.48349	0.28722	2.39099	-7e-05	0	0	0.90643	3.53706	0.13	0.56415	0.62643	-0.3487	0	0	0	0	0	0	-0.36655	0	0	0	0	-2.52394	0	0	1.435	0.78626	4.94078	145.279	18.7213
ASP_245	-6.51898	0.82879	8.92904	-0.12172	0.03651	0.39013	5.68632	10.6923	0.03764	0.30051	-7.29694	0.13644	0	0	0	-0.94944	0	0	-0.12265	2.75193	0.01828	0	2.73365	0.19797	0	0	-1.6204	0.17362	16.283	184.488	0.512343
SER_246	-5.10905	5.31108	4.17786	-0.04165	0.15076	0.05871	2.22463	5.96913	0.18117	0.96489	0.33349	-0.2696	0	0	0	0	0	0	0.13083	16.4984	15.2305	1.26781	0	-0.20483	0	4.04	-0.539	4.08309	54.4582	150.377	11.6228
GLY_247	-4.92644	2.01421	3.98248	-9e-05	0	0	1.99143	6.18217	0	0	0.17292	-0.32058	0	0	0	0	0	0	-0.06259	0	0	0	0	1.16612	0	0	1.435	6.62888	18.2635	164	0
GLY_248	-3.61692	0.78005	4.04181	-0.0002	0	0	2.18101	5.52288	0.0148	0.10397	-1.69342	-0.21493	0.01367	0	0	0	0	0	-0.15387	0	0	0	0	0.85903	0	0	1.435	6.4649	15.7378	164	0
PRO_249	-5.70888	2.05147	2.96976	-0.20398	0.14033	0.1544	1.28289	3.66778	0.08847	0.62864	-0.33088	-0.04731	0.01428	0	0	0	0	0	-0.00543	1.80875	1.53612	0.27263	0	0.12591	0	0	-4.6787	4.58552	8.35176	199	0
PHE_250	-10.3754	3.28981	3.85746	-0.75674	0.19111	0.19919	3.45802	8.15294	0.07466	0.37659	-3.25803	-0.72764	0	0	0	0	0	0	-0.09046	4.44572	0.64098	0	3.80474	-0.43897	0	0	1.9602	0.84235	15.6466	237	0
VAL_251	-8.03503	7.31367	3.43661	-0.30354	0.28254	0.06141	3.11416	6.92899	0	0	-2.63402	-0.09985	0	0	0	0	0	0	-0.05877	0.55031	0.21717	0.33313	0	-0.35903	0	0	2.7371	0.19925	13.6841	180.206	1.79438
MET_252	-8.835	2.28576	4.16288	-0.30089	0.14334	0.04489	2.97118	6.22092	0	0	-2.31054	-0.39128	0	0	0	0	0	0	0.00179	2.9741	0.79924	2.17486	0	-0.13914	0	0	1.4633	0.35166	11.6171	262	0
LYS_253	-8.47749	1.56357	8.22885	-0.39089	0.13274	0.18421	3.60843	8.70281	0.20101	0.87766	-4.34685	0.09864	0	0	0	-0.247	-0.67226	0	-0.13874	3.02844	0.64208	2.38636	0	0.22139	0	0	-0.8895	0.11732	14.8308	245.725	6.27465
SER_254	-5.88093	7.24334	5.78273	-0.04057	0.02835	0.05893	3.76179	7.28506	0.02587	0.19863	-1.47036	0.12979	0.72244	0	0	0	0	0	-0.10691	0.69215	1e-05	0.69214	0	0.58531	0	4.04	-0.539	2.65783	25.8666	158.351	3.6489
PRO_255	-4.30895	9.77	1.27496	-0.08682	5e-05	0.0521	0.59839	1.68393	0	0	0.73734	0.69869	0.78771	0	0	0	0	0	-0.10548	1.36558	0.43436	0.93122	0	-0.09428	0	0	-4.6787	2.70828	11.7684	149.534	49.4656
TYR_256	-4.49486	0.73306	2.81444	-0.64576	0.05438	0.38503	1.84485	3.6748	0	0	1.03092	-0.16354	0	0	0	0	0	0	-0.05713	4.99486	1.84944	0	3.14542	-0.10078	0	0	1.7379	0.64307	17.4461	119.18	128.82
ASN_257	-4.72665	1.41461	4.7518	-0.33064	0.13876	0.63277	2.18492	5.67671	0.04616	0.49716	-0.5405	-1.30136	0	0	0	-0.21848	-0.67356	0	-0.00107	2.70841	0.00099	0	2.70742	-0.60829	0	0	-0.3009	0.88341	12.9417	112.055	71.9446
ASN_258	-4.51979	0.7428	5	-0.22791	0.1959	0.47141	2.23726	5.85205	0.02805	0.2096	-0.69294	-0.77866	0	0	0	0	0	0	-0.0671	12.555	6.79682	0	5.75822	-1.20185	0	0	-0.3009	0.15184	32.2098	113.928	70.0722
ARG_259	-9.87101	1.00754	8.15461	-0.47329	0.83376	0.25849	3.98076	10.0658	0.05164	0.51864	-3.55075	0.3009	0	0	0	-0.44237	0	0	0.01695	5.17144	2.06135	3.11009	0	-0.0075	0	0	-0.1423	-0.23076	20.814	207.907	57.093
TRP_260	-12.9459	3.32804	5.99127	-0.78686	0.04717	0.29835	3.20765	10.0675	0.11783	0.48664	-2.76017	-0.14436	0	0	0	0	-0.25213	0	-0.06736	2.67575	0.05013	0	2.62561	-0.10957	0	0	3.7077	-0.56026	14.977	270	0
TYR_261	-10.6369	2.26503	4.95044	-0.5842	0.12011	0.28698	3.60602	8.36471	0	0	-3.07045	-0.19072	0	0	0	0	-0.67356	0	-0.04395	2.83866	0.12051	0	2.71815	-0.2917	0	0	1.7379	-0.75333	10.7638	222.135	25.865
GLN_262	-9.38033	8.99345	5.91095	-0.36886	0.13352	0.23038	3.15729	8.09915	0.07568	0.3836	-1.44915	-0.30998	0	0	0	0	0	0	-0.13578	3.90511	0.05608	0	3.84903	0.35218	0	0	-0.1077	-0.37654	23.018	217	0
MET_263	-8.70686	5.14853	3.59298	-0.54042	0.24681	0.17219	2.08924	5.34504	0.08031	0.31417	-1.70245	0.00051	0	0	0	0	0	0	-0.02672	2.69005	1.3012	1.38885	0	0.43276	0	0	1.4633	0.56479	13.8543	260.975	1.02469
GLY_264	-5.33403	1.2746	3.97867	-0.00111	0	0	3.11718	5.97906	0	0	-2.31748	-0.30566	0	0	0	0	0	0	-0.05807	0	0	0	0	-0.18265	0	0	1.435	1.26171	8.84723	164	0
ILE_265	-9.14409	3.8375	4.45924	-0.48073	1.19664	0.10318	3.5692	8.0979	0.04391	0.23804	-2.129	-0.02626	0	0	0	0	0	0	-0.16935	0.74254	0.32022	0.42232	0	-0.8107	0	0	1.8006	0.7538	12.825	207	0
VAL_266	-7.08528	3.23837	2.74119	-0.29078	0.34391	0.06492	1.96658	6.40085	0.03927	0.37817	-0.67352	0.21675	0	0	0	0	0	0	-0.12559	1.24608	1.14189	0.10419	0	-0.09932	0	0	2.7371	1.27845	13.6232	177.644	4.35609
SER_267	-4.7444	0.66843	4.892	-0.02873	0.00481	0.04825	2.6562	5.92009	0.05322	0.37572	-0.90125	-0.46161	0	0	0	0	0	0	0.04161	1.69002	1.17548	0.51453	0	-0.00366	0	4.04	-0.539	3.83048	19.2322	154.828	7.17192
TRP_268	-8.29417	3.12643	2.64269	-1.2958	0.18281	0.58223	2.46045	5.69345	0.0185	0.17225	-2.38524	-0.34086	0	0	0	0	0	0	-0.03606	2.47289	0.26295	0	2.20994	-0.71883	0	0	3.7077	3.67499	14.1363	236.526	33.474
GLY_269	-2.03163	1.90149	1.23213	-0.00248	0	0	0.26943	2.06918	0	0	-0.43937	-0.415	0	0	0	0	0	0	0.07054	0	0	0	0	-2.3344	0	0	1.435	1.36697	3.12185	136.639	27.3607
GLU_270	-3.71514	0.50131	4.65049	-0.23195	0.06541	0.44194	1.85029	5.03673	0.01369	0.13525	-2.53299	-0.54562	0	0	0	0	-0.53558	0	-0.04496	9.60145	4.93163	0	4.66982	0.34868	0	0	-1.6358	1.15083	24.1555	168.73	54.2696
GLY_271	-2.54958	0.43334	2.25511	-0.00039	0	0	0.19585	3.10493	0.03369	0.34169	-0.02526	-0.24194	0	0	0	0	0	0	0.37739	0	0	0	0	-2.48856	0	0	1.435	1.13442	4.00568	140.378	23.6223
CYS:disulfide_272	-5.44594	1.47258	4.60264	-0.04362	0.02282	0.02176	2.25864	5.43706	0.0376	0.30452	0.04222	-0.30689	0	0	0	-0.27417	0	-0.42578	0.11746	2.71216	0.32229	2.38987	0	-0.73076	0	0	4.3148	1.01484	17.8441	152.894	3.10648
ASP_273	-4.83411	1.54609	6.80334	-0.29785	0.13201	0.96889	3.04339	7.01776	0.03436	0.26597	-4.96851	0.0364	0	0	0	-1.36794	-0.57715	0	-0.12181	3.1966	0.00021	0	3.19639	-0.29547	0	0	-1.6204	1.70638	13.8646	162.691	22.3091
ARG_274	-5.72212	1.17907	6.82157	-0.43119	0.13258	0.21452	2.63112	7.49369	0.0376	0.30452	-2.48507	0.4927	0	0	0	0	-0.70096	0	0.08867	3.56548	0.57157	2.99392	0	-0.20123	0	0	-0.1423	0.47138	17.3155	164.263	100.737
ASP_275	-2.30022	0.38606	3.51601	-0.12178	0.00117	0.35744	1.42176	3.83924	0	0	-1.56028	-1.14235	0	0	0	0	-0.6249	0	-0.11172	7.32584	0.52401	0	6.80183	-0.28241	0	0	-1.6204	-0.77348	15.6358	101.757	83.2433
GLY_276	-2.08902	0.22956	2.07671	-6e-05	0	0	0.47836	2.55757	0	0	-0.38857	-0.40652	0	0	0	0	0	0	-0.32094	0	0	0	0	-2.45135	0	0	1.435	-1.28024	-0.15951	140.148	23.8522
LYS_277	-5.39164	1.24092	6.36155	-0.53763	1.46333	0.30676	3.44876	6.84681	0	0	-3.27258	0.08948	0	0	0	-0.44631	-0.53558	0	0.08659	2.96009	0.59892	2.36117	0	0.05343	0	0	-0.8895	-1.23264	13.512	189.552	62.448
TYR_278	-8.55277	1.43015	2.14673	-0.63293	0.08486	0.37168	0.67333	5.4773	0.07841	0.72351	-1.04253	-0.10304	0	0	0	0	0	0	0.04174	3.18531	0.39347	0	2.79185	-0.59861	0	0	1.7379	-0.04049	8.16586	231.791	16.2088
GLY_279	-3.62984	2.28071	3.40139	-0.00063	0	0	2.47463	4.96423	0.02908	0.09534	-2.73783	-0.31448	0	0	0	0	0	0	-0.1745	0	0	0	0	1.19383	0	0	1.435	1.78939	10.8063	160.156	3.84375
PHE_280	-10.93	3.48242	3.48288	-0.58913	0.2237	0.27506	3.13029	7.62068	0.04391	0.23804	-3.77196	-0.02902	0	0	0	0	0	0	-0.08747	3.65318	0.36921	0	3.28397	-0.17398	0	0	1.9602	1.3112	13.4932	233.037	3.96267
TYR_281	-11.0498	3.46766	4.17564	-0.66718	0.59514	0.39437	3.99894	9.03522	0.11093	0.63621	-2.65547	-0.13025	0	0	0	0	0	0	0.0136	3.65552	0.6279	0	3.02762	-0.57276	0	0	1.7379	-0.69733	15.7039	247.23	0.76969
THR_282	-6.80646	2.56317	5.36812	-0.17043	0.16914	0.06142	3.71796	7.553	0	0	-1.84176	-0.55308	0	0	0	0	0	0	-0.08672	0.28131	0.20299	0.07832	0	0.08637	0	5.03021	-0.9333	-0.50916	14.2111	173.106	0.893609
HIS_283	-8.73426	1.49923	6.77338	-0.51336	0.16222	0.47773	3.55933	9.53851	0	0	-1.94331	-0.56475	0	0	0	0	0	0	0.12786	5.78416	2.34881	0	3.43535	-0.34631	0	0	0.8406	1.42041	23.8656	233.786	7.21441
VAL_284	-7.14609	1.4602	3.55712	-0.31343	0.41362	0.07021	2.75355	6.9037	0	0	-0.69118	0.00557	0	0	0	0	0	0	-0.08659	3.91381	3.87124	0.04257	0	-0.46471	0	0	2.7371	2.08417	19.1109	182	0
PHE_285	-7.48459	3.14691	3.35375	-1.04572	0.20672	0.51472	1.32376	5.96457	0.09162	0.42217	-0.03179	0.16117	0	0	0	0	0	0	-0.23607	3.78156	0.00034	0	3.78122	0.54605	0	0	1.9602	1.01739	17.474	205.447	31.5534
ARG_286	-5.74074	1.05442	5.12203	-1.34618	1.48501	1.01025	2.2133	6.29648	0	0	-0.8512	0.33899	0	0	0	0	0	0	0.05228	7.97698	3.36352	4.61346	0	-0.27115	0	0	-0.1423	0.07585	25.251	150.464	114.536
LEU_287	-7.40631	2.09823	3.61381	-0.68402	1.24718	0.19218	3.32339	6.5999	0	0	-2.00317	0.12188	0	0	0	0	0	0	-0.07902	4.41011	1.79589	2.61422	0	0.0466	0	0	1.3223	-0.03353	17.1796	201.545	8.45484
LYS_288	-8.1266	0.93449	8.78206	-0.73234	0.55384	0.49572	5.28598	9.83705	0	0	-3.02756	0.42198	0	0	0	-0.51951	0	0	-0.01504	5.12221	0.65062	4.47159	0	0.044	0	0	-0.8895	0.30678	23.5958	249.635	2.3651
LYS_289	-3.65102	0.20618	4.58494	-0.90127	7.51219	1.08962	1.65767	5.25985	0.01131	0.108	-0.19295	0.63707	0	0	0	0	0	0	0.00268	5.15199	1.46824	3.68375	0	-0.09033	0	0	-0.8895	-0.3461	25.3023	113.053	138.947
TRP_290	-11.5799	3.53395	4.60725	-1.39166	0.20043	0.56527	2.98662	9.09185	4e-05	0.00037	-0.57101	-0.42363	0	0	0	0	0	0	0.07263	3.92235	1.65803	0	2.26433	-0.29774	0	0	3.7077	-0.05061	18.2963	249.266	20.7344
ILE_291	-9.50157	3.91965	3.48958	-0.50062	1.69268	0.08332	3.44559	8.06449	0.01101	0.0882	-1.74818	0.41049	0	0	0	0	0	0	0.06401	1.91746	1.18451	0.73295	0	-0.06896	0	0	1.8006	2.12209	17.2073	207	0
GLN_292	-7.46083	8.15873	6.63395	-0.34872	1.94026	0.25584	3.36075	8.46742	0.04353	0.34189	-2.88029	-0.07218	0	0	0	0	0	0	-0.1248	9.18826	2.60293	0	6.58534	-0.26892	0	0	-0.1077	2.18145	38.4969	174.61	42.3905
LYS_293	-5.24991	1.6102	5.94974	-0.71229	0.70673	0.46919	2.78166	7.03344	0	0	-0.86818	0.28583	0	0	0	0	0	0	-0.03711	6.0366	1.8062	4.2304	0	-0.04756	0	0	-0.8895	0.02788	23.1333	138.108	113.892
VAL_294	-6.85487	7.26526	2.22834	-0.31448	1.05284	0.07222	1.87712	5.54378	0	0	-0.64258	0.11871	0	0	0	0	0	0	0.04506	24.2657	23.6703	0.59548	0	0.46267	0	0	2.7371	-0.22118	61.9014	171.143	10.8574
ILE_295	-8.84075	2.82261	2.63022	-0.50906	1.56278	0.09175	2.15495	6.34357	4e-05	0.00037	-1.50197	0.26887	0	0	0	0	0	0	-0.01568	4.72503	4.05839	0.66663	0	-0.80504	0	0	1.8006	0.91808	16.3714	204.567	2.4326
ASP_296	-4.01703	0.31327	5.38301	-0.12227	0.02119	0.36661	2.69935	6.21853	0.0867	0.75929	-1.89164	-0.78046	0	0	0	0	0	0	0.20278	6.41968	0.00193	0	6.41775	-1.11038	0	0	-1.6204	0.99641	20.3443	127.268	57.7325
ARG_297	-3.83616	1.50783	4.15413	-0.61301	0.39515	0.31788	1.67669	4.5708	0.03216	0.32921	-0.98275	0.08604	0	0	0	0	0	0	0.1972	6.90519	2.71432	4.19087	0	-0.39225	0	0	-0.1423	1.52816	22.6392	92.8155	172.185
LEU_298	-1.71849	1.11381	1.42112	-0.61878	1.10504	0.19821	0.65963	2.08054	0.03827	0.14727	-0.01093	0.26575	0	0	0	0	0	0	-0.05224	1.11315	0.92445	0.1887	0	0.79125	0	0	1.3223	5.01895	13.988	62.6354	147.365
GLY_299	-0.49942	0.06353	0.96646	-0.00022	0	0	0.21164	1.09234	0.03827	0.14727	-0.07302	0.32056	0	0	0	0	0	0	0	0	0	0	0	0	0	0	1.435	3.66998	7.37238	34.7902	129.21
ALA_300	-3.1058	0.2486	5.61376	-0.02597	0	0	3.89063	6.4534	0	0	-3.65563	0.31319	0	0	0	0	0	0	0.00023	0	0	0	0	0	0	0	2.2619	0	11.9943	82.1042	70.8958
GLU_301	-0.76702	0.11769	0.78457	-0.23063	0.06036	0.33319	0.26195	1.08137	0	0	0.10314	-0.4997	0	0	0	0	0	0	-0.02317	5.85033	0.00659	0	5.84374	0.37468	0	0	-1.6358	2.32357	13.9849	31.097	191.903
GLY_302	-1.14703	0.09845	1.81968	-0.00012	0	0	0.65018	2.21317	0.08879	0.3699	-0.22185	-0.32932	0	0	0	0	0	0	-0.15901	0	0	0	0	-2.48779	0	0	1.435	4.06688	6.39692	83.4148	80.5852
ASP_303	-4.81288	2.28915	6.62894	-0.11221	0.01169	0.37095	2.84155	7.41536	0.09651	0.40693	-3.09375	0.02371	0	0	0	0	0	0	0.09805	4.3041	1.54751	0	2.75658	0.26972	0	0	-1.6204	1.40663	20.8281	149.086	35.9142
ASP_304	-5.02671	3.83574	6.83138	-0.1869	0.06585	0.57722	3.74525	7.54952	0.00771	0.03703	-2.63635	-0.27204	0	0	0	0	-0.21485	0	0.13924	11.3909	4.87771	0	6.51315	-1.28839	0	0	-1.6204	0.02413	34.3492	144.135	40.8646
CYS:disulfide_305	-6.37863	2.36251	5.37304	-0.04223	0.00202	0.01603	2.34446	6.57637	0	0	-1.5657	-0.42891	0	0	0	-0.77131	0	-0.57804	-0.2394	2.1117	1.47868	0.63302	0	0.68114	0	0	4.3148	0.92187	16.8114	153.663	2.33679
SER_306	-2.55792	0.88754	3.61831	-0.03333	0.05867	0.01792	1.46291	4.21822	0.04485	0.22389	-0.01565	-0.48797	0	0	0	0	0	0	-0.0333	9.56182	8.81249	0.74934	0	0.57291	0	4.04	-0.539	1.40555	32.0072	72.5148	89.4852
ILE_307	-3.12141	3.32895	3.22922	-0.60824	2.41995	0.20306	1.75816	3.90036	0	0	-1.1432	-0.03192	0	0	0	0	0	0	-0.11636	1.681	1.40779	0.27321	0	1.07459	0	0	1.8006	2.92659	18.9823	48.9139	158.086
GLU_308	-5.33193	1.49435	5.59798	-0.38059	0.07508	0.56334	3.01185	6.33619	0.06907	0.35239	-0.59631	-0.8766	0	0	0	-0.51965	0	0	-0.05105	8.42539	4.82189	0	3.60351	0.8843	0	0	-1.6358	4.09211	29.9355	185.347	37.6531
LYS_309	-2.272	0.29321	2.72515	-0.35599	0.0715	0.17126	1.31223	3.27671	0.05418	0.28721	-0.82065	-0.04897	0	0	0	-0.51965	0	0	-0.08212	3.84614	1.19118	2.65495	0	0.1504	0	0	-0.8895	2.77148	13.8167	108.031	143.969
ALA_310	-3.20013	0.50832	2.08328	-0.02038	0	0	1.53653	3.69855	0	0	-0.72021	-0.118	0	0	0	0	0	0	0.15565	0	0	0	0	0.0268	0	0	2.2619	0.973	7.1853	132.41	20.5901
MET_311	-7.98275	5.99541	5.14043	-0.53055	0.13079	0.17869	2.7047	6.57955	0	0	-0.54554	0.01093	0	0	0	0	0	0	-0.05281	6.13484	3.218	2.91684	0	0.16149	0	0	1.4633	0.27013	25.7934	240.147	21.8527
GLY_312	-1.54563	0.92171	2.06533	-9e-05	0	0	0.97547	2.64467	0.00289	0.03413	0.19881	-0.37676	0	0	0	0	0	0	-0.08161	0	0	0	0	-1.36187	0	0	1.435	2.84463	7.75667	85.0875	78.9125
ASP_313	-3.73427	0.89951	5.82847	-0.25782	0.04289	0.84826	2.96933	6.62266	0.00125	0.02344	-0.44604	-1.87974	0	0	0	0	0	0	0.19432	6.44463	0.50954	0	5.93508	-1.13171	0	0	-1.6204	4.93852	26.1879	124.199	60.8007
PHE_314	-9.85175	6.5772	1.34675	-0.73412	0.10891	0.08591	1.07902	4.84043	0	0	-0.08207	-0.32112	0	0	0	0	0	0	0.0776	3.21388	0.10491	0	3.10897	0.12362	0	0	1.9602	2.17589	13.8142	216.925	20.0754
LYS_315	-5.20943	3.76181	6.18944	-0.72475	1.4423	0.82099	3.5604	7.18476	0.00289	0.03413	-2.20009	0.0797	6.34903	0	0	-0.88411	0	0	0.17752	4.09983	0.45403	3.64581	0	0.41402	0	0	-0.8895	3.54686	31.8556	143.62	108.38
PRO_316	-5.27574	4.56362	3.0544	-0.08641	0.00481	0.05278	2.4591	4.02268	0	0	-1.63592	0.78102	6.41475	0	0	0	0	0	-0.31351	3.57873	1.87996	1.69877	0	-1.2253	0	0	-4.6787	4.88274	20.1778	151.85	47.1497
GLU_317	-3.67429	0.80804	4.67338	-0.67738	0.54036	1.29196	1.6726	5.61611	0.04884	0.3359	0.80518	-0.50617	0	0	0	0	0	0	0.26447	11.0651	3.69738	0	7.36776	-0.19712	0	0	-1.6358	0.8617	32.3581	139.005	83.9949
GLU_318	-4.71991	0.51202	4.53332	-0.19434	0.02761	0.21346	1.76618	5.26155	0.1125	0.7452	-0.77939	-0.48995	0	0	0	0	0	0	0.18639	9.13973	3.87904	0	5.26069	-0.36031	0	0	-1.6358	-0.87637	22.5816	151.794	71.2063
PHE_319	-10.0647	2.40701	2.33755	-0.95866	0.55689	0.38078	3.11686	6.88905	0	0	-1.6951	0.08058	0	0	0	0	0	0	0.05036	3.67129	0.00217	0	3.66912	-0.29837	0	0	1.9602	0.79617	12.9012	237	0
PHE_320	-8.82546	2.4658	3.00921	-0.64365	0.10993	0.35387	2.2369	6.31024	0	0	-1.23593	-0.04643	0	0	0	0	0	0	0.02848	3.14599	0.05603	0	3.08996	0.20746	0	0	1.9602	2.65978	14.8824	235.461	1.53938
ASN_321	-3.87712	0.59056	5.09741	-0.23731	0.01081	0.44293	2.55717	6.37677	0.10532	0.71875	-1.67524	-0.68528	0	0	0	-0.96229	0	0	-0.11315	3.9995	0.54857	0	3.45093	-0.59744	0	0	-0.3009	3.03726	18.4873	106.049	77.9507
GLY_322	-2.65627	0.49834	3.25876	-0.00031	0	0	1.83165	4.3821	0	0	-1.54516	-0.23677	0	0	0	0	0	0	0.14416	0	0	0	0	-2.5078	0	0	1.435	1.91114	6.51485	128.096	35.9045
THR_323	-5.07572	2.15198	2.73033	-0.15893	0.14513	0.05572	1.95992	5.00358	0.07634	0.54062	-0.58105	-0.58336	0	0	0	-0.32718	0	0	-0.06401	0.83476	0.49827	0.33649	0	-0.36395	0	5.02642	-0.9333	0.35882	11.6309	143.672	30.3282
TRP_324	-14.4673	4.94603	5.84235	-0.77496	0.02184	0.28056	3.53569	11.6792	0.00559	0.06853	-3.56554	-0.235	0	0	0	0	0	0	-0.03807	2.27238	0.12037	0	2.15201	-0.01617	0	0	3.7077	-0.06849	15.4667	270	0
TYR_325	-9.46243	1.37414	4.84074	-0.57234	0.07648	0.27759	4.35969	7.99422	0.01715	0.08773	-3.09221	-0.20937	0	0	0	0	0	0	0.09585	2.77282	0.10488	0	2.66794	-0.18285	0	0	1.7379	-0.43082	12.4571	237.202	10.798
LEU_326	-7.69759	2.57855	3.34219	-0.653	0.34186	0.23482	2.90885	6.40932	0	0	-3.11064	0.00246	0	0	0	0	0	0	0.06971	5.81046	4.76334	1.04712	0	-0.00783	0	0	1.3223	0.597	17.9589	207.693	2.30672
ALA_327	-4.14104	1.71592	1.71415	-0.02322	0	0	1.04699	4.16552	0.02394	0.29994	0.07648	-0.27456	0	0	0	0	0	0	0.13962	0	0	0	0	0.21268	0	0	2.2619	1.02998	8.2483	141.606	11.3935
HIS_328	-7.13022	1.15311	5.64987	-0.43689	0.10405	0.47428	2.9985	7.7423	0	0	-2.02056	-0.23113	0	0	0	0	-0.54431	0	-0.13162	5.20512	1.00838	0	4.19674	-0.43907	0	0	0.8406	-0.47413	17.965	212.983	28.0167
GLY_329	-2.56635	0.80157	2.3769	-0.00207	0	0	1.20551	3.67868	0.07102	0.35232	0.75072	-0.38159	0.09348	0	0	0	0	0	-0.10459	0	0	0	0	-1.98756	0	0	1.435	3.38001	9.10305	143.599	20.4014
PRO_330	-3.62022	3.9571	2.25426	-0.06799	0.0007	0.04314	0.95199	2.42235	0	0	0.97192	0.68715	0.11633	0	0	0	0	0	0.06807	0.77439	0.64946	0.12493	0	1.78178	0	0	-4.6787	5.99454	12.4312	131.411	67.5889
GLY_331	-1.46119	0.30142	1.66968	-5e-05	0	0	0.54269	2.24898	0	0	0.54112	-0.33309	0	0	0	0	0	0	0.13308	0	0	0	0	0.54817	0	0	1.435	4.06764	9.69346	106.302	57.6981
VAL_332	-4.07007	0.63065	1.76812	-0.31441	0.43598	0.0704	1.00937	4.10929	0	0	1.09688	-0.09774	0	0	0	0	0	0	-0.10007	6.64711	3.39456	3.25255	0	0.79497	0	0	2.7371	4.32002	25.6847	115.061	66.9392
THR_333	-3.04997	1.74646	2.00526	-0.23745	0.22818	0.14529	0.88775	3.22888	0.02995	0.12116	0.91474	-0.99476	0	0	0	0	0	0	-0.14619	6.52735	0.31731	6.21005	0	-0.77658	0	5.0275	-0.9333	3.71247	24.9641	111.162	62.8378
SER_334	-2.43786	1.1359	2.18203	-0.03205	0.03575	0.02587	0.62536	3.00592	0.0146	0.06731	1.07336	-0.85777	1.91375	0	0	0	0	0	0.00096	4.07741	2.08824	1.98917	0	-0.2973	0	4.04	-0.539	4.4488	22.5604	79.8097	82.1903
PRO_335	-5.07195	2.11999	3.73864	-0.19075	0.05808	0.1441	1.46748	4.38836	0	0	-1.07679	0.02672	1.92173	0	0	0	0	0	3.60412	1.69207	1.37943	0.31264	0	-0.72555	0	0	-4.6787	3.09756	12.2072	173.125	25.8745
ALA_336	-3.55644	1.5484	1.54421	-0.02301	0	0	1.32314	3.40754	0.09215	0.62461	-0.07568	-0.2503	0	0	0	0	0	0	0.04372	0	0	0	0	0.2262	0	0	2.2619	-0.0239	7.14256	138.921	14.0786
VAL_337	-6.91742	5.32766	2.35723	-0.31012	1.09626	0.07479	3.17557	6.01617	0.01154	0.03283	-1.9588	-0.40586	0	0	0	0	0	0	-0.05223	42.7906	42.3499	0.44076	0	-0.138	0	0	2.7371	0.68785	97.3159	180.975	1.02469
CYS:disulfide_338	-6.67226	1.8923	3.52507	-0.06753	0.00032	0.05138	1.77225	5.2392	0.00053	0.002	-1.91197	-0.42234	0	0	0	0	0	-0.50362	-0.10384	0.86301	0.19654	0.66647	0	0.17237	0	0	4.3148	0.34746	9.36215	155.553	0.446804
GLN_339	-7.98677	2.79602	5.50658	-0.37145	0.41616	0.40877	3.84614	7.29331	0.01892	0.09552	-1.67976	-0.43796	0	0	0	0	0	0	-0.09808	8.57092	2.27984	0	6.29108	0.51238	0	0	-0.1077	-0.43397	26.9199	214.309	2.69052
LYS_340	-8.58041	10.3903	8.54737	-0.34288	0.14275	0.20712	5.40392	9.29706	0.00053	0.002	-0.91202	-0.24465	0	0	0	0	0	0	-0.12193	4.86084	1.68701	3.17383	0	0.59881	0	0	-0.8895	0.00301	33.2231	217.856	34.1438
PHE_341	-9.56877	4.93232	3.18394	-0.54017	0.32145	0.23042	3.44511	6.48063	0.00546	0.01488	-2.42574	-0.00395	0	0	0	0	0	0	-0.03569	3.99167	0.41977	0	3.5719	-0.53196	0	0	1.9602	-0.33368	15.1178	235.213	1.78722
THR_342	-4.37009	2.36673	3.66851	-0.21737	0.29741	0.11019	2.48509	5.59067	0	0	-2.28276	-0.23756	0	0	0	0	0	0	-0.05894	3.64237	2.20413	1.43824	0	0.58845	0	4.99881	-0.9333	0.88843	20.179	131.678	42.3218
THR_343	-4.01079	0.92656	3.21658	-0.24317	0.9209	0.10353	1.93176	4.50432	0	0	-1.73818	-0.21451	0	0	0	0	-0.20122	0	-0.0782	3.01095	0.01481	2.99613	0	0.01917	0	5.01861	-0.9333	1.14129	16.3852	159.149	14.8508
SER_344	-2.44886	1.18473	2.96557	-0.03994	0.02046	0.02742	1.71001	3.40655	0.00865	0.03631	0.43767	-0.68227	0	0	0	-0.8531	0	0	0.1839	0.80383	0.18468	0.61915	0	0.881	0	4.04	-0.539	2.50171	14.4485	77.6667	84.3333
GLY_345	-0.74418	0.32409	0.95699	-0.00055	0	0	0.68793	1.33768	0	0	-0.35707	-0.29091	0	0	0	0	0	0	14.4756	0	0	0	0	-2.23361	0	0	1.435	5.5884	21.1794	56.2247	107.775
GLY_346	-3.03313	0.56539	3.23545	-8e-05	0	0	2.13099	4.43337	1e-05	0.00011	-0.7704	-0.27588	0	0	0	0	0	0	0.04869	0	0	0	0	-2.48909	0	0	1.435	6.09897	11.3794	122.693	41.307
PHE_347	-3.81113	8.12573	2.20569	-0.81196	0.21749	0.33986	1.00308	3.20956	0.00066	0.00199	0.43721	-0.53293	0	0	0	0	0	0	0.14272	3.14254	0.00895	0	3.13359	0.25606	0	0	1.9602	5.52569	24.555	121.512	115.488
THR_348	-7.65237	2.37962	6.48007	-0.14309	0.12289	0.05643	4.6504	9.28754	0.00675	0.01872	-3.66629	-0.71395	0	0	0	0	0	0	-0.09076	6.30436	6.07974	0.22462	0	-0.06038	0	5.04534	-0.9333	2.42305	29.8194	173.488	0.512343
GLN_349	-7.27192	1.25446	4.97635	-0.29473	0.14378	0.27191	3.43862	6.84028	0.05141	0.40384	-2.20755	-0.6194	0	0	0	0	0	0	0.12671	5.49475	1.07084	0	4.42391	0.46945	0	0	-0.1077	0.05658	18.5216	185.163	31.8367
ILE_350	-7.62167	3.25382	3.32288	-0.57747	1.13454	0.10419	2.83984	6.29156	0.00675	0.0186	-2.30913	0.24078	0	0	0	0	0	0	0.16622	12.2349	10.9394	1.29552	0	-1.11424	0	0	1.8006	-0.49752	31.5295	205.463	1.53703
VAL_351	-7.30668	0.85786	1.6396	-0.2854	0.27601	0.06648	2.66281	5.6801	0.01093	0.03276	-2.5255	-0.31389	0	0	0	0	0	0	0.08487	0.86114	0.66238	0.19876	0	-0.58396	0	0	2.7371	-0.6579	4.09747	182	0
GLU_352	-7.65106	1.36246	8.08184	-0.27055	0.10937	0.2969	5.35667	9.41438	0.01466	0.12453	-4.43141	-0.17855	0	0	0	0	-0.90944	0	0.01874	5.54544	1.67393	0	3.87151	0.31961	0	0	-1.6358	-0.24021	20.873	222.392	0.60815
ILE_353	-8.35029	3.76831	4.0351	-0.49047	0.75007	0.11584	3.18024	7.87627	0.00523	0.01695	-2.27203	0.00255	0	0	0	0	0	0	-0.11916	8.16734	7.2979	0.86945	0	-0.76211	0	0	1.8006	-0.27954	25.6122	206.488	0.512343
GLY_354	-3.55165	0.82854	2.54762	-5e-05	0	0	1.23511	3.91435	0	0	-1.11075	-0.36729	0	0	0	0	0	0	-0.38142	0	0	0	0	-2.3232	0	0	1.435	-1.11648	1.10979	155.981	8.0194
TYR_355	-9.26661	5.10887	5.80804	-0.71149	1.04894	0.18447	3.71857	8.10086	0	0	-0.16939	-0.33439	0	0	0	0	0	0	0.14674	4.48034	0.49891	0	3.98143	0.23416	0	0	1.7379	-0.22284	24.3445	241.861	6.1385
ASN_356	-2.38578	0.25761	2.47276	-0.28261	0.04023	0.44719	1.01005	3.12368	0	0	-0.02097	-0.67383	0	0	0	0	0	0	-0.53554	7.39408	2.25541	0	5.13867	0.59567	0	0	-0.3009	2.9725	21.5082	44.7685	139.232
LYS_357	-4.63462	1.43834	3.65264	-0.57139	0.80032	0.29953	1.60345	4.28631	0.00335	0.03883	-0.74069	0.06341	0	0	0	0	0	0	-0.04806	6.39812	3.70852	2.6896	0	-0.23045	0	0	-0.8895	1.79213	19.6598	147.478	104.522
PHE_358	-7.64644	7.75974	1.63901	-0.567	1.69772	0.27235	1.72939	4.52473	0	0	-1.42714	0.27277	0	0	0	0	0	0	-0.00278	4.46744	0.0115	0	4.45594	-0.62052	0	0	1.9602	-0.77407	17.7528	224.139	12.8611
GLU_359	-3.10076	1.92467	2.8899	-0.43727	0.29249	0.83482	0.79736	3.76405	0.11149	0.72287	-0.16189	-0.293	0	0	0	0	0	0	0.2506	11.6232	5.46023	0	6.16297	-0.04485	0	0	-1.6358	-0.69479	28.4663	95.2142	127.786
SER_360	-2.85257	0.47161	2.79363	-0.03757	0.01413	0.0344	1.17036	3.57174	0	0	1.27773	-0.53115	0	0	0	0	0	0	-0.17287	1.62335	0.84251	0.78084	0	0.32555	0	4.04	-0.539	-0.03856	12.7741	105.308	56.6919
ASN_361	-1.66515	0.23335	1.74678	-0.21263	0.23013	0.34505	0.21317	2.37078	0	0	0.44646	-0.66529	0	0	0	0	0	0	0.0159	4.16413	1.0472	0	3.11692	-1.16887	0	0	-0.3009	0.93804	10.8551	35.5382	148.462
VAL_362	-6.03308	3.50442	2.492	-0.26385	0.42721	0.05158	1.92278	5.27276	0.07791	0.69904	-0.72026	-0.07479	0	0	0	0	0	0	-0.16203	0.79926	0.03723	0.76204	0	-1.16952	0	0	2.7371	0.26411	10.6239	169.765	12.2352
LYS_363	-5.75826	3.88654	7.29048	-0.88681	45.7762	0.80131	4.83835	7.9513	0	0	-0.6236	0.86175	0	0	0	-0.46274	0	0	0.04651	5.19493	1.12237	4.07256	0	0.18333	0	0	-0.8895	-0.57231	72.8324	186.53	65.4699
PHE_364	-10.0436	5.80742	3.15465	-0.6018	0.10762	0.32034	2.83557	6.84184	0.00672	0.02029	-2.65971	0.09558	0	0	0	0	0	0	-0.03032	2.6083	0.0091	0	2.5992	-0.10392	0	0	1.9602	-0.54689	12.3806	234.766	2.23402
GLN_365	-4.88974	0.30806	5.82935	-0.55674	0.15801	0.39754	3.65415	6.97006	0.02332	0.08266	-2.61101	-0.90108	0	0	0	0	0	0	-0.14221	11.6564	7.19499	0	4.46145	0.4477	0	0	-0.1077	-0.20581	31.7694	133.937	83.0628
CYS:disulfide_366	-7.13386	2.25946	4.33249	-0.04451	0.00596	0.01948	2.94603	6.49179	0.00672	0.02029	-2.1975	-0.28026	0	0	0	0	0	-0.51036	-0.09107	1.15934	0.52254	0.63679	0	0.24994	0	0	4.3148	-0.19154	12.5165	156	0
ASN_367	-4.38145	1.83511	4.49339	-0.19578	0.1171	0.26383	3.07013	6.20411	0.02332	0.08266	-2.18451	-0.16309	0	0	0	0	0	0	-0.07575	20.4141	13.193	0	7.22116	1.22754	0	0	-0.3009	-0.15178	50.6921	106.491	77.5087
GLN_368	-7.11744	1.99198	5.66972	-0.32803	0.12814	0.17112	3.65574	7.35616	0.02335	0.17619	-2.7152	0.03342	0	0	0	-0.8531	-0.20122	0	-0.0585	3.78403	0.1092	0	3.67483	0.14811	0	0	-0.1077	-0.32702	15.2138	185.994	31.0058
VAL_369	-4.2191	5.97976	2.31595	-0.29839	0.32014	0.05447	1.62238	4.10508	1e-05	3e-05	-0.56974	-0.04412	0	0	0	0	0	0	-0.07561	0.0329	0.00436	0.02854	0	-0.63452	0	0	2.7371	0.21727	11.5765	125.876	56.1242
ASP_370	-0.59735	0.05708	0.43041	-0.14382	0.0768	0.47992	0.13006	0.62605	0	0	0.38057	0.06643	0	0	0	0	0	0	3.55896	16.4962	10.3875	0	6.10868	0.76613	0	0	-1.6204	0.84156	38.0448	13.631	171.369
ASN_371	-0.95708	0.13649	1.4618	-0.24518	0.08915	0.43497	0.89651	1.82871	0	0	-0.22535	-1.12853	0	0	0	-0.00535	0	0	0.11526	3.80411	0.41303	0	3.39107	-0.14481	0	0	-0.3009	3.53048	13.0944	20.2533	163.747
GLY_372	-1.62189	1.10421	2.24348	-0.00014	0	0	0.79214	2.62498	0	0	0.64494	-0.33948	0	0	0	-0.00535	0	0	0.15813	0	0	0	0	1.6277	0	0	1.435	6.35345	15.0172	107.343	56.6575
GLU_373	-2.77222	0.81382	3.25171	-0.36916	0.22891	0.62069	1.83203	3.96946	0	0	-0.87983	-0.66315	0	0	0	0	0	0	0.30042	8.03463	0.21637	0	7.81826	-0.14128	0	0	-1.6358	4.51072	25.1356	131.824	91.1758
GLN_374	-4.31802	0.78379	3.93132	-0.32381	0.19058	0.21095	0.6896	4.7903	0.01123	0.03281	0.18871	0.02695	0	0	0	0	0	0	-0.02732	9.70155	3.49258	0	6.20897	-0.23919	0	0	-0.1077	1.8865	27.1298	155.582	61.4179
TYR_375	-6.09288	0.51153	2.99623	-0.62414	1.2681	0.33723	2.57772	4.89672	0	0	-1.3683	-0.31557	0	0	0	0	0	0	-0.11561	4.12804	4e-05	0	4.128	-0.15927	0	0	1.7379	0.61654	14.5223	190.468	57.5318
SER_376	-4.78652	1.09264	4.44875	-0.0333	0.01258	0.02268	2.18965	5.91313	0.02594	0.17273	-1.76021	-0.72091	0	0	0	0	0	0	0.01253	1.69116	1.15448	0.53669	0	0.45812	0	4.04	-0.539	0.35445	14.2856	141.806	20.1937
PHE_377	-10.7518	2.18614	3.33988	-0.57678	0.17243	0.31439	3.07887	7.61482	0.00291	0.00914	-2.6694	0.00995	0	0	0	0	0	0	-0.01049	2.6302	1e-05	0	2.63019	-0.22047	0	0	1.9602	-0.18472	9.53552	237	0
LYS_378	-4.40971	6.08711	4.03761	-0.57504	1.30175	0.2845	2.58721	5.11054	8e-05	0.00031	-2.4791	0.41912	0	0	0	0	0	0	-0.08539	5.57449	1.20441	4.37008	0	0.48406	0	0	-0.8895	-0.32527	22.6973	127.501	124.499
CYS:disulfide_379	-6.49093	8.67898	3.6821	-0.03775	0	0.01535	2.48722	5.53703	0.00291	0.00914	-2.31693	-0.23494	0	0	0	0	0	-0.51036	-0.02351	0.44873	0.084	0.36473	0	0.30355	0	0	4.3148	-0.43547	15.8786	154.176	1.82445
LYS_380	-5.1295	2.7464	6.08427	-0.81256	0.65847	1.23584	3.40388	6.85689	8e-05	0.00031	-2.94089	0.17212	0	0	0	0	0	0	0.39749	4.76387	0.73699	4.02689	0	0.06746	0	0	-0.8895	-0.63473	20.7438	156.731	95.2691
SER_381	-6.34303	6.12565	6.48154	-0.03359	0.10106	0.03884	4.30492	8.05237	0	0	-0.20245	0.05622	0	0	0	0	0	0	0.03208	7.03302	6.49381	0.53921	0	-0.28963	0	4.04	-0.539	-0.04904	35.842	152.103	9.89677
SER_382	-2.74804	0.31912	3.35522	-0.03959	0.05223	0.02169	2.20391	4.06089	0	0	-0.3412	-0.51745	0	0	0	-0.46274	0	0	-0.12379	7.54177	6.30107	1.2407	0	0.10369	0	4.04	-0.539	0.3966	24.8651	86.3563	75.6437
ASP_383	-4.25041	1.11411	6.36933	-0.21789	0.04513	0.75535	2.37391	7.27606	0	0	0.1607	-2.66309	0	0	0	0	0	0	-0.10525	3.88652	0.17899	0	3.70753	-0.4579	0	0	-1.6204	-0.57194	15.9807	101.719	83.2809
ASN_384	-3.35679	0.74945	4.32314	-0.20651	0.05012	0.37875	1.90152	5.53201	0	0	0.03018	-1.06237	0	0	0	0	0	0	-0.14377	5.26271	1.84408	0	3.41863	-1.67949	0	0	-0.3009	-0.44018	16.3006	53.3732	130.627
THR_385	-3.94503	1.85622	4.9495	-0.19275	0.23858	0.06423	2.166	5.57357	0	0	1.74525	-0.73531	0	0	0	0	0	0	0.11738	0.33311	0.00172	0.33139	0	0.10955	0	5.03305	-0.9333	2.59324	19.3064	117.407	56.5928
GLU_386	-4.94357	10.3046	4.16803	-0.19769	0.07921	0.28743	1.98691	5.12149	0	0	-1.06113	-0.41327	0	0	0	0	0	0	-0.06456	6.17879	0.89002	0	5.28877	0.77063	0	0	-1.6358	5.8628	32.6226	152.685	70.3151
PHE_387	-8.9648	5.47784	1.93536	-1.09311	0.36179	0.69195	2.24491	5.70538	0	0	-1.91353	-0.09782	0	0	0	0	0	0	0.09476	2.2677	0.24541	0	2.02229	-0.38953	0	0	1.9602	4.70606	15.2549	224.174	12.8258
GLU_388	-5.93306	1.75922	7.02885	-0.28373	0.15452	0.35712	4.01083	7.96478	0.04274	0.39015	-1.16578	-0.18157	0	0	0	0	0	0	0.01779	7.06618	1.63469	0	5.43149	0.17005	0	0	-1.6358	0.95583	27.7843	161.458	61.5425
ALA_389	-5.06585	3.00321	3.48571	-0.02522	0.00187	0	3.20286	6.00698	0	0	-2.67482	-0.4383	0	0	0	0	0	0	-0.04986	0	0	0	0	0.82277	0	0	2.2619	0.67183	11.2031	152.23	0.76969
ASP_390	-6.18813	1.55802	8.02804	-0.11263	0.00798	0.35373	4.27009	8.99856	0.01743	0.06894	-0.9556	0.06035	0	0	0	0	0	0	-0.10157	3.95351	0.64191	0	3.31159	1.57585	0	0	-1.6204	1.11988	24.9876	161.729	23.2713
PHE_391	-8.07479	23.3629	1.83721	-0.59212	1.04126	0.32203	2.29471	5.12411	0	0	-2.23556	0.10573	0	0	0	0	0	0	0.14524	5.2848	0.28189	0	5.00291	-0.11606	0	0	1.9602	0.0652	35.8096	236.553	0.446804
THR_392	-6.04288	0.86243	4.09687	-0.18434	0.16011	0.07518	3.14324	6.39935	0.01743	0.06894	-2.06949	-0.67014	0	0	0	0	0	0	-0.05118	0.54813	0.23039	0.31775	0	0.48148	0	5.03429	-0.9333	0.79729	12.2815	168.843	5.15703
PHE_393	-9.01755	1.70257	-0.27827	-0.62484	0.14097	0.34235	1.33572	4.19428	0.04188	0.22714	-0.97254	0.20648	0	0	0	0	0	0	-0.11336	3.7008	0.4404	0	3.2604	0.03831	0	0	1.9602	1.01504	7.59998	233.037	3.96286
ILE_394	-7.34082	2.36217	3.33069	-0.64071	1.05733	0.12628	1.4395	5.62786	9e-05	0.00031	-0.46099	0.44926	0	0	0	0	0	0	-0.00679	6.12612	5.21322	0.91289	0	-0.89277	0	0	1.8006	0.64187	19.7461	205.784	1.2163
SER_395	-5.57177	0.64477	5.0222	-0.03732	0.01361	0.05306	3.68029	6.3273	2e-05	0.00015	-2.01972	0.00362	0	0	0	0	0	0	0.06848	0.93021	0.49684	0.43337	0	-0.35834	0	4.04	-0.539	1.04773	14.2355	161.392	0.60815
VAL_396	-7.15425	7.05852	0.53042	-0.35712	0.57524	0.08363	0.74535	4.2586	0.07942	0.38307	-0.25634	-0.33933	0	0	0	0	0	0	0.12173	8.77601	8.32364	0.45236	0	0.48173	0	0	2.7371	1.51054	28.0103	176.527	5.47335
SER_397	-5.44492	7.6606	6.3594	-0.07917	0.02301	0.11019	4.94915	8.03173	0	0	-2.79395	-0.39764	0	0	0	0	0	0	-0.03144	5.30446	1.25192	4.05254	0	0.54795	0	4.04	-0.539	2.13336	35.1782	150.983	11.0166
TYR_398	-8.58862	2.51949	3.93965	-0.71185	0.10346	0.4437	2.72859	6.91279	0.06268	0.45047	-1.45972	-0.4001	0	0	0	-1.45258	0	0	-0.3488	7.04077	3.48611	0	3.55466	0.87658	0	0	1.7379	3.68445	24.5796	216.51	31.4897
ASP_399	-2.70732	1.38804	3.30218	-0.21779	0.04166	0.75168	1.29564	3.83496	0.00093	0.01209	0.18659	-2.32108	0	0	0	0	0	0	-0.11583	4.55	0.11928	0	4.43072	-0.19611	0	0	-1.6204	2.7972	15.5324	74.5322	110.468
ASN_400	-5.38579	7.43403	5.82304	-0.25997	0.03388	0.43713	3.4666	7.16577	0.06254	0.49382	-3.27262	-0.09195	0	0	0	-0.10446	0	0	0.09956	3.35855	0.00051	0	3.35804	-0.28725	0	0	-0.3009	2.75379	24.7843	148.94	35.0602
PHE_401	-9.06774	3.01608	4.60834	-0.99854	0.24844	0.4959	3.45891	8.03205	0.00013	0.00293	-2.07427	-0.16024	0	0	0	0	0	0	0.04869	3.3913	1.25787	0	2.13343	-0.9968	0	0	1.9602	2.92882	18.2855	235.271	1.72884
ALA_402	-5.91744	3.41409	2.5122	-0.02526	0.0017	0	3.1027	6.14837	0	0	-2.18032	-0.4347	0	0	0	0	0	0	-0.05512	0	0	0	0	0.03965	0	0	2.2619	1.05626	9.92402	153	0
LEU_403	-7.4028	2.75793	3.41544	-0.67432	0.84277	0.14575	3.35836	6.56677	0	0	-2.97357	0.30571	0	0	0	0	0	0	0.16004	44.7325	42.9597	1.77278	0	-0.57497	0	0	1.3223	0.51521	97.2296	203.082	6.91781
VAL_404	-8.26751	6.63917	2.86852	-0.25518	0.32834	0.05104	3.3431	7.31372	0.00029	0.00075	-2.13667	-0.19461	0	0	0	0	0	0	-0.0662	1.35446	0.51956	0.8349	0	-0.20523	0	0	2.7371	0.13117	14.9967	182	0
CYS:disulfide_405	-7.28383	2.52783	4.12256	-0.05095	0.01135	0.03295	2.69967	6.12265	0.00715	0.03018	-2.13642	-0.45002	0	0	0	0	0	-0.57804	-0.12353	3.09367	2.56441	0.52926	0	0.10361	0	0	4.3148	0.10484	15.6421	156	0
ARG_406	-9.05623	26.7623	7.23242	-1.02804	7.20627	0.77398	4.15502	9.30169	0.01687	0.17309	-2.5811	0.3776	0	0	0	0	-0.36513	0	-0.05036	23.5901	20.3478	3.24229	0	0.17919	0	0	-0.1423	-0.44187	89.6935	260.085	4.91485
SER_407	-5.09139	2.54258	5.56641	-0.03693	0.00867	0.026	3.37161	6.76915	0.00715	0.03018	-2.1337	-0.64223	0	0	0	0	0	0	0.10593	0.90503	0.0135	0.89153	0	0.71517	0	4.04	-0.539	0.28058	16.8303	153.576	8.42388
ILE_408	-7.93873	13.0172	3.77652	-0.65177	0.69621	0.21788	2.86734	6.8565	0	0	-1.55321	-0.00969	0	0	0	0	0	0	-0.14197	19.9358	15.6837	4.25219	0	-0.99716	0	0	1.8006	0.13464	57.946	205.88	1.12049
THR_409	-4.91875	1.11211	4.1505	-0.18622	0.15603	0.07782	2.8868	5.79955	0.04274	0.39015	-1.47507	-0.76824	0	0	0	0	0	0	0.33284	0.88521	0.39739	0.48782	0	0.41347	0	5.04163	-0.9333	1.5551	15.4476	132.399	41.6009
PHE_410	-7.80142	4.7476	2.65539	-0.60839	0.13092	0.30582	1.33711	5.39209	0.00928	0.02696	0.54639	0.32026	0	0	0	0	0	0	0.09035	3.39555	0.21081	0	3.18475	-0.03243	0	0	1.9602	1.39482	17.2661	216.356	20.6435
THR_411	-2.07932	0.09779	2.51028	-0.12689	0.06633	0.04818	1.22891	3.17771	0	0	0.79401	-0.59874	0	0	0	0	0	0	-0.19165	2.89535	2.15908	0.73627	0	0.81364	0	5.04369	-0.9333	0.65808	16.2994	59.5262	114.474
SER_412	-2.3416	2.28423	2.43226	-0.02623	0.05165	0.01482	0.92006	2.77529	0	0	1.27577	-0.7103	0	0	0	0	0	0	0.06983	7.27219	5.1963	2.07589	0	0.2969	0	4.04	-0.539	5.14732	30.2354	66.3798	95.6202
GLN_413	-1.97188	1.55903	2.3677	-0.2804	0.05681	0.20073	0.37063	2.74334	0.01263	0.06579	0.02479	-0.47356	0.23486	0	0	0	0	0	0.05429	5.34564	0.01867	0	5.32696	0.36822	0	0	-0.1077	7.02523	22.9418	77.8185	139.181
PRO_414	-2.86352	2.21969	1.45023	-0.18227	0.01905	0.12774	0.82723	1.90945	0	0	0.52389	0.20368	0.23913	0	0	0	0	0	0.25028	1.90056	1.4882	0.41236	0	-1.20479	0	0	-4.6787	2.88397	5.5262	100.326	98.6744
LYS_415	-2.78617	2.80312	4.21323	-0.62937	0.68173	0.26715	2.22976	4.3007	0	0	-2.2407	0.64789	0	0	0	0	-0.21485	0	-0.12631	8.29924	0.63521	7.66403	0	1.56122	0	0	-0.8895	4.27993	30.6963	115.436	136.564
GLU_416	-4.84556	12.1712	5.98855	-0.24034	0.04537	0.28149	3.49888	6.95021	0	0	-1.49175	-0.30259	0	0	0	0	0	0	-0.13071	8.48483	3.97886	0	4.50597	0.44549	0	0	-1.6358	6.91143	44.6155	163.015	59.9848
ASP_417	-5.91886	3.56014	7.91141	-0.11683	0.01387	0.39843	3.64571	8.4497	0	0	-5.02355	0.14061	0	0	0	-0.77131	0	0	-0.05403	7.05254	0.74298	0	6.30955	1.61003	0	0	-1.6204	2.80171	29.1317	173.433	11.5673
ARG_418	-6.42879	0.72363	6.50142	-0.44802	0.09044	0.21711	3.97958	7.91904	0	0	-2.06461	0.45319	0	0	0	0	0	0	-0.06011	3.95382	1.19527	2.75855	0	-0.23871	0	0	-0.1423	1.3241	19.7336	182.86	82.1396
TYR_419	-6.31716	2.4976	2.86504	-0.59875	0.04429	0.3124	1.1293	4.62929	0	0	-0.13963	-0.16818	0	0	0	0	0	0	-0.16654	3.40334	0.16033	0	3.24301	0.13718	0	0	1.7379	0.94428	13.7137	189.642	58.358
LEU_420	-7.50883	3.83673	3.53122	-0.45674	0.25544	0.08538	2.75403	6.58154	0	0	-2.30387	0.09436	0	0	0	0	0	0	0.06082	1.83303	0.97432	0.8587	0	-0.01816	0	0	1.3223	0.11368	12.014	203.595	6.40547
VAL_421	-5.66358	1.54003	0.66659	-0.28706	0.60814	0.07334	0.99682	3.9176	0.04109	0.38767	-0.15354	-0.44419	0	0	0	0	0	0	0.13342	2.29562	2.00292	0.2927	0	-0.91595	0	0	2.7371	0.20186	8.43057	163.374	18.6262
PHE_422	-8.93871	6.90548	1.50214	-0.56061	0.17816	0.2823	2.68109	5.45709	0	0	-2.38756	0.14574	0	0	0	0	0	0	-0.10228	3.37631	0.1497	0	3.22661	-0.26008	0	0	1.9602	-0.28185	13.3337	235.014	1.98618
GLU_423	-6.80622	1.15517	7.41181	-0.2097	0.05131	0.27707	4.27214	8.7655	0	0	-4.22579	-0.3801	0	0	0	0	-0.64637	0	-0.00491	5.50804	0.39845	0	5.10959	0.10627	0	0	-1.6358	-0.52535	18.6211	212.757	10.2427
ARG_424	-9.12608	2.63899	8.83222	-0.82851	1.86548	0.46959	4.14156	10.7939	0.0472	0.24346	-4.782	0.17176	0	0	0	-1.85794	0	0	0.08851	15.2221	10.2823	4.93975	0	-0.14144	0	0	-0.1423	-0.49056	42.368	217.259	47.7414
THR_425	-2.27633	0.19454	2.42016	-0.22148	0.64534	0.08076	0.91634	3.16394	0.01796	0.18591	0.50426	-0.42068	0	0	0	0	0	0	-0.06804	42.861	42.5951	0.26594	0	-0.23806	0	4.99449	-0.9333	-0.2515	94.4364	92.1847	81.8153
LYS_426	-6.74635	18.3628	6.34939	-0.63635	1.40265	0.34989	2.78124	6.83518	0.16234	0.58734	-1.36281	0.27763	0	0	0	0	0	0	-0.10029	4.53559	0.95678	3.57881	0	0.04599	0	0	-0.8895	-0.27173	36.2186	197.715	54.285
SER_427	-3.64323	1.27718	5.3634	-0.05693	0.01721	0.09053	2.22447	5.76991	0	0	-2.97147	-0.13052	0	0	0	-0.4275	0	0	0.03942	3.32	1.17749	2.14251	0	0.41837	0	4.04	-0.539	1.84455	19.9564	133.304	28.6956
ASP_428	-2.56593	1.32524	3.67518	-0.10115	0.01367	0.33259	1.60905	4.23106	0	0	-0.10749	-0.62565	0	0	0	0	0	0	0.17714	3.21427	0.03921	0	3.17506	0.10134	0	0	-1.6204	6.36769	19.2408	59.8093	125.191
THR_429	-2.17471	0.65785	2.60497	-0.20698	0.4439	0.07858	1.38781	3.02291	0	0	-1.07768	-0.8541	0	0	0	0	0	0	-0.33535	3.41179	1.97039	1.44139	0	0.82678	0	5.03774	-0.9333	5.59398	20.896	81.1168	92.8832
ASP_430	-6.50031	19.7688	8.47438	-0.1115	0.00612	0.33261	3.66104	9.05584	0.12242	0.49138	-4.33887	-0.33165	0.19547	0	0	-0.4275	-1.08568	0	-0.05891	4.38885	1.31255	0	3.0763	0.14179	0	0	-1.6204	3.96119	40.5139	178.918	6.0815
PRO_431	-3.98798	2.29702	2.48802	-0.1545	0.00323	0.1081	0.99141	3.01572	0	0	-0.78869	0.18338	0.24889	0	0	0	0	0	-0.02604	2.22824	1.62619	0.60204	0	-1.43621	0	0	-4.6787	1.94764	4.66778	159.545	39.4551
ASP_432	-6.18282	4.01303	9.11006	-0.1538	0.00913	0.47558	4.85015	9.8747	0.01307	0.09717	-3.63805	-0.94727	0	0	0	0	0	0	-0.06665	5.2677	0.18825	0	5.07945	0.13715	0	0	-1.6204	-1.01987	25.4866	152.755	32.2455
ALA_433	-5.51201	2.76184	3.44193	-0.02207	0	0	3.01351	6.42457	0.04198	0.19298	-1.41762	-0.37953	0	0	0	0	0	0	-0.10765	0	0	0	0	-0.66738	0	0	2.2619	-0.34182	9.69061	145.827	7.17281
LYS_434	-2.75228	1.5515	3.70598	-0.5203	0.36563	0.39826	1.13513	4.23508	0	0	-0.2249	0.00683	0	0	0	0	0	0	-0.07434	4.78072	0.42402	4.3567	0	-0.08413	0	0	-0.8895	-0.42089	15.9935	74.7061	177.294
GLU_435	-3.82264	1.0231	5.05044	-0.20579	0.08352	0.31161	1.82748	5.50816	0	0	-0.95478	-0.58524	0	0	0	0	0	0	-0.06599	5.58004	0.99604	0	4.58401	-0.1614	0	0	-1.6358	0.07121	17.604	93.11	129.89
ILE_436	-7.10567	6.3657	1.71115	-0.64498	4.90055	0.19012	1.46829	5.45114	0	0	-0.73725	0.51134	0	0	0	0	0	0	-0.08997	10.1756	7.97616	2.19942	0	-0.1153	0	0	1.8006	0.54155	34.5984	164.942	42.0581
CYS:disulfide_437	-6.24373	1.41126	5.06839	-0.0565	0.00395	0.03462	2.65986	6.05832	0.01307	0.09717	-2.26227	0.06274	0	0	0	0	0	-0.50362	0	0.65918	0.01326	0.64592	0	0	0	0	4.3148	0.02852	12.0049	114.408	41.5918