label	fa_atr	fa_rep	fa_sol	fa_intra_atr_xover4	fa_intra_rep_xover4	fa_intra_sol_xover4	lk_ball	lk_ball_iso	lk_ball_bridge	lk_ball_bridge_uncpl	fa_elec	fa_intra_elec	pro_close	hbond_sr_bb	hbond_lr_bb	hbond_bb_sc	hbond_sc	dslf_fa13	omega	fa_dun	fa_dun_dev	fa_dun_rot	fa_dun_semi	p_aa_pp	yhh_planarity	hxl_tors	ref	rama_prepro	total	BSA	SASA
GLU_1	-1.44594	0.15119	1.91948	-0.60922	0.16833	1.38034	1.18266	2.34876	0	0	-0.20487	0.80792	0	0	0	0	0	0	5.06691	10.858	2.49221	0	8.36583	0	0	0	-1.6358	0	30.8458	51.6814	171.319
GLY_2	-3.1727	0.47628	4.493	-9e-05	0	0	2.78105	5.67213	0.0227	0.10293	-2.92493	-0.27784	0	0	0	0	0	0	0.04754	0	0	0	0	-0.49054	0	0	1.435	2.4223	10.5868	145.359	18.6411
SER_3	-5.07985	1.68614	6.77469	-0.03016	0.00489	0.01913	3.07476	7.94663	0.05005	0.17185	-1.48422	-0.5072	0	0	0	0	0	0	1.22011	1.41575	0.54817	0.86758	0	0.39558	0	4.04	-0.539	5.57628	26.1512	134.713	27.2866
PHE_4	-7.83872	1.78772	5.45105	-0.90194	0.20416	0.34294	2.65703	8.24286	0	0	-1.73334	-0.02038	0	0	0	0	0	0	0.16389	2.90256	0.53802	0	2.36454	-0.3329	0	0	1.9602	5.90287	21.6906	185.138	51.8625
ILE_5	-5.8015	2.29923	5.69094	-0.78442	1.90672	0.26668	3.62139	8.09314	0.00217	0.02032	-0.88183	0.07283	0	0	0	0	0	0	0.173	8.08913	3.1767	4.91244	0	0.08215	0	0	1.8006	3.23147	35.9712	127.83	79.17
ASP_6	-4.35232	1.10306	5.52752	-0.10128	0.01187	0.32436	2.25422	6.94335	0	0	-1.31984	-0.00288	0	0	0	0	0	0	0.24669	3.28491	0.95631	0	2.3286	0.40093	0	0	-1.6204	0.72066	16.7057	101.051	83.9488
ASN_7	-3.42333	0.46599	3.71961	-0.197	0.07273	0.38587	1.69365	4.92687	0.0269	0.13318	-1.5118	-0.38625	0	0	0	0	0	0	-0.15485	6.3935	0.44297	0	5.95052	-0.47992	0	0	-0.3009	-0.46371	17.294	70.9181	113.082
SER_8	-4.98704	1.61016	5.35191	-0.04031	0.00375	0.06228	2.79822	6.41135	0.00217	0.02032	-0.10206	-0.77902	0	0	0	0	0	0	0.96665	2.07412	0.3796	1.69452	0	-0.09543	0	4.04	-0.539	-1.10743	17.7647	143.106	18.8939
SER_9	-3.42738	0.8437	4.38066	-0.0353	0.02641	0.04534	2.48932	5.37812	0	0	-1.43975	0.05291	0	0	0	0	0	0	0.0497	2.16154	0.09634	2.0652	0	0.13719	0	4.04	-0.539	-0.38305	15.9419	124.679	37.3208
VAL_10	-5.47291	0.99113	3.36245	-0.2786	0.35025	0.07039	2.81897	5.5532	0.04511	0.19276	-2.17826	-0.58858	0	0	0	0	0	0	0.37227	0.58904	0.42155	0.16749	0	0.52773	0	0	2.7371	1.79212	11.4732	146.389	35.6114
GLU_11	-5.30981	0.53578	5.77464	-0.17936	0.06557	0.24109	3.57181	6.76326	0	0	-3.48122	-0.47735	0	0	0	0	0	0	0.41262	11.1494	6.76295	0	4.38649	0.15518	0	0	-1.6358	1.68361	30.4189	166.515	56.4845
LEU_12	-6.61364	1.25771	3.3395	-0.63147	0.46967	0.2532	2.80037	6.00472	0	0	-2.44892	-0.01139	0	0	0	0	0	0	1.6835	9.40115	8.28229	1.11886	0	0.16317	0	0	1.3223	1.16655	27.5576	175.409	34.5914
THR_13	-6.1762	2.1597	4.58482	-0.17669	0.29795	0.06009	2.96945	6.67341	0	0	-2.20149	-0.5242	0	0	0	0	0	0	-0.06257	0.28782	0.02165	0.26617	0	0.11534	0	5.04886	-0.9333	1.24168	13.6525	141.117	32.8828
THR_14	-5.4618	1.50249	3.68333	-0.24054	0.42002	0.14731	3.36367	5.95594	0.0503	0.24851	-2.45722	-0.1358	0	0	0	0	0	0	0.27806	6.79847	5.35829	1.44019	0	0.21013	0	5.00793	-0.9333	0.49173	25.7277	159.914	14.0865
ARG_15	-7.73849	1.22413	7.62422	-0.82377	0.80414	0.55172	4.67342	9.24967	0.06896	0.49418	-5.03957	0.28346	0	0	0	-0.53672	-0.5866	0	0.98113	11.7779	8.57586	3.20207	0	0.11473	0	0	-0.1423	0.29849	35.0567	226.148	38.852
ASN_16	-5.60855	1.57334	5.60599	-0.31118	0.08826	0.50661	4.23424	7.10265	0.07092	0.39007	-3.45906	-0.54958	0	0	0	0	-1.16889	0	5.18077	3.557	0.00276	0	3.55424	0.45162	0	0	-0.3009	-0.17906	20.7412	155.347	28.6526
PHE_17	-8.63267	1.55531	4.7114	-0.62996	0.61702	0.06935	3.05146	7.57783	0.05623	0.50283	-2.07106	-0.01976	0	0	0	0	0	0	0.05682	6.14254	0.13898	0	6.00355	-0.2883	0	0	1.9602	0.28942	21.0912	231.774	5.22629
TYR_18	-6.62354	0.89313	4.44131	-0.79163	0.06185	0.20473	2.84561	6.40547	0.01051	0.05131	-2.8053	-0.48453	0	0	0	0	0	0	-0.13366	3.33121	0.10524	0	3.22597	-0.06237	0	0	1.7379	0.29534	12.7086	206.877	41.1234
PHE_19	-9.11636	9.52274	5.24367	-0.6658	0.05624	0.11424	3.45762	7.86417	0.03056	0.11753	-2.464	-0.51996	0	0	0	0	0	0	0.1562	3.49771	0.00349	0	3.49422	-0.14838	0	0	1.9602	0.0293	22.6334	235.784	1.21649
ASP_20	-5.28861	0.38126	5.97289	-0.24678	0.02736	0.81084	2.75005	6.72151	0.00255	0.0074	-1.96443	-0.5468	0	0	0	0	0	0	2.99724	10.5916	5.94143	0	4.65016	-0.88598	0	0	-1.6204	0.09972	30.401	163.392	21.6083
ARG_21	-7.57625	7.2013	6.15466	-0.55151	0.32771	0.30183	3.58445	7.77115	0.1244	0.90367	-2.86121	0.07488	0	0	0	0	-0.14465	0	0.17531	15.5748	11.954	3.6208	0	0.23066	0	0	-0.1423	0.69069	47.4144	211.357	53.6427
ASP_22	-3.86761	0.17605	4.82477	-0.20031	0.01699	0.67216	2.50272	6.02402	0.00255	0.0074	-0.67444	-0.89905	0	0	0	0	0	0	0.8478	12.8776	8.13955	0	4.73803	0.71563	0	0	-1.6204	0.71716	35.0006	133.745	51.255
TYR_23	-5.71186	1.58969	2.82065	-0.63615	0.12096	0.41787	1.677	4.7882	0.05269	0.34076	0.79736	0.0364	0	0	0	0	0	0	0.57158	9.32049	6.94697	0	2.37352	0.29519	0	0	1.7379	1.92262	29.4619	193.452	54.5479
GLN_24	-0.71622	0.24148	0.83455	-0.21468	0.01741	0.16627	0.29151	0.89482	0	0	-0.23552	-0.6404	0	0	0	0	0	0	2.49462	4.16568	0.06802	0	4.09766	0.1286	0	0	-0.1077	3.85145	15.3375	0	232.071
TYR_25	-2.61711	1.80054	2.3428	-0.66219	0.58846	0.46271	1.24109	2.68068	0.0186	0.19766	0.08564	-0.32563	8.82231	0	0	0	0	0	2.85848	11.905	7.76215	0	4.14283	0.55275	0	0	1.7379	10.7576	54.3522	73.4282	174.572
PRO_26	-2.41285	2.18314	1.92161	-0.15776	0.00226	0.11286	0.95329	2.34954	0.07964	0.6926	-0.27655	0.22564	8.82345	0	0	0	0	0	0.2323	66.8409	66.7768	0.06406	0	0.54778	0	0	-4.6787	10.8696	155.15	105.709	93.2907
ALA_27	-3.7952	0.6771	2.09656	-0.02421	0	0	1.35086	3.9371	0.0053	0.09071	-0.51577	-0.16296	0	0	0	0	0	0	4.5473	0	0	0	0	-0.21645	0	0	2.2619	2.30792	12.5601	123.52	29.4804
ALA_28	-4.63924	0.23321	2.8469	-0.02733	0.00864	0	2.66463	5.35661	0	0	-2.32862	-0.45039	0	0	0	0	0	0	5.35984	0	0	0	0	0.95799	0	0	2.2619	0.90298	13.1471	138.905	14.0953
LYS_29	-5.29264	0.93998	4.30877	-0.41005	0.17059	0.21073	2.10502	5.21917	0.00242	0.02935	-1.79923	-0.01726	0	0	0	0	0	0	0.22248	12.5593	9.91975	2.63957	0	-0.20614	0	0	-0.8895	1.69116	31.4035	161.774	90.2259
ASP_30	-5.79071	0.37986	7.5356	-0.24236	0.08626	0.94416	4.6735	8.68319	0.11498	0.71666	-3.25164	-0.06676	0	0	0	0	-0.49192	0	1.27108	3.83502	0.00683	0	3.82819	0.43839	0	0	-1.6204	1.53182	22.5818	177.729	7.27058
TRP_31	-7.56467	1.59343	4.80005	-0.78351	0.15514	0.20994	3.73477	7.39303	0.00227	0.02125	-3.48267	-0.62178	0	0	0	0	-0.8574	0	3.86799	4.11316	0.09637	0	4.01679	0.00208	0	0	3.7077	1.19477	21.5987	158.964	111.036
THR_32	-6.86382	1.04628	4.47993	-0.12469	0.1044	0.08205	3.33601	7.09468	0	0	-2.31394	-0.42626	0	0	0	0	0	0	0.86351	4.28883	3.86745	0.42138	0	-0.27104	0	5.08097	-0.9333	0.29489	20.0273	174	0
GLN_33	-6.28514	1.79513	4.92128	-0.40617	0.10448	0.23424	3.41116	7.05507	0.00807	0.07348	-3.24574	-0.14729	0	0	0	0	-0.31149	0	0.73245	10.5457	3.02028	0	7.52545	0.28989	0	0	-0.1077	-0.4907	28.7225	177.728	39.2717
GLY_34	-4.23291	1.15655	3.28109	-0.00095	0	0	2.51561	5.17127	0	0	-1.99319	-0.29021	0	0	0	0	0	0	-0.02826	0	0	0	0	1.02426	0	0	1.435	0.97314	9.0114	164	0
PHE_35	-5.83657	0.77704	3.28241	-0.65816	0.10447	0.36993	3.27383	5.66557	0.0005	0.00197	-1.75293	0.15713	0	0	0	0	0	0	0.2272	5.06989	0.01282	0	5.05707	-0.54082	0	0	1.9602	2.34689	19.5184	176.446	60.5537
ILE_36	-6.11118	1.13681	3.55404	-0.45565	0.54311	0.10121	2.88093	5.46408	0.02058	0.07571	-1.99573	-0.17952	0	0	0	0	0	0	-0.07019	1.04277	0.67152	0.37125	0	-1.10607	0	0	1.8006	0.97559	8.71985	192.905	14.0953
LEU_37	-5.75859	2.60549	3.31542	-0.56942	0.2401	0.1386	3.08249	6.04697	0.00352	0.01246	-2.62091	0.1695	0	0	0	0	0	0	0.16083	8.50191	7.46714	1.03477	0	-0.34398	0	0	1.3223	-0.08507	24.7235	159.774	50.2261
LYS_38	-4.2472	0.44887	3.42425	-0.32957	0.12176	0.18309	2.50758	4.8108	0.02058	0.07571	-2.21088	-0.24047	0	0	0	0	0	0	2.48896	10.5027	7.313	3.18966	0	0.60778	0	0	-0.8895	0.24847	28.0256	147.581	104.419
ALA_39	-4.00417	0.90325	3.0982	-0.02727	0.00506	0	3.08985	5.22747	0.00301	0.01049	-2.15617	-0.45761	0	0	0	0	0	0	2.02004	0	0	0	0	0.87758	0	0	2.2619	1.45947	12.3111	130.702	22.2975
ASN_40	-4.68459	0.67209	5.61144	-0.19907	0.02284	0.35393	2.61686	6.80081	0.0042	0.03026	-1.89898	-0.40104	0	0	0	0	0	0	0.91646	5.93723	2.12636	0	3.81087	-0.48217	0	0	-0.3009	1.14648	22.0831	118.843	65.1573
SER_41	-5.40486	1.35655	5.9562	-0.06323	0.05334	0.08914	3.92604	7.31511	0.07643	0.65328	-3.08745	-1.22386	0	0	0	-0.88147	0	0	1.01873	0.74746	0.12948	0.61798	0	-0.35252	0	4.04	-0.539	0.28613	14.7135	153.673	8.3269
GLY_42	-4.31217	0.6103	4.43311	-0.00023	0	0	2.56533	6.18288	0.11675	0.62123	-1.07701	-0.1541	0	0	0	0	0	0	-0.2164	0	0	0	0	-1.55347	0	0	1.435	2.13076	10.782	157.852	6.14812
TYR_43	-7.10183	0.75386	5.04158	-0.57773	0.03902	0.24825	1.81421	6.92995	0	0	0.08128	-0.17273	0	0	0	0	0	0	0.34659	3.63451	0.91513	0	2.71938	-0.17147	0	0	1.7379	1.30567	17.5436	195.404	52.5959
THR_44	-4.57276	0.52563	4.65629	-0.12416	0.0467	0.0776	3.22115	6.01214	0.04659	0.31073	-1.48724	-0.82634	0	0	0	0	0	0	0.20591	1.96915	0.0366	1.93255	0	0.42961	0	4.99449	-0.9333	-0.16179	16.3595	131.822	42.1775
GLU_45	-2.34945	0.43962	3.96678	-0.41368	0.03518	1.1773	1.62755	4.09727	0	0	-1.64551	-1.48742	0	0	0	0	0	0	-0.0857	6.51001	0.67821	0	5.8318	-0.02323	0	0	-1.6358	-0.31037	16.4126	108.294	114.706
GLY_46	-1.41742	0.1701	1.75963	-0.00121	0	0	0.45747	2.40039	0.04659	0.31073	0.91936	-0.27137	0	0	0	0	0	0	1.0671	0	0	0	0	-2.5253	0	0	1.435	0.00733	4.35838	109.905	54.0955
THR_47	-1.80932	0.2008	1.47009	-0.19886	0.20922	0.07264	0.61344	1.9729	0	0	0.6562	-0.77937	0	0	0	0	0	0	2.96985	3.17644	3.08216	0.09427	0	0.05292	0	5.03	-0.9333	1.21637	17.0964	58.2178	115.782
ILE_48	-5.03474	1.19643	1.79858	-0.43339	0.49696	0.08148	0.59355	3.77031	0	0	0.43687	0.28529	0	0	0	0	0	0	0.11417	3.07858	2.00438	1.07419	0	-0.33136	0	0	1.8006	0.84788	11.7798	123.053	83.9467
GLY_49	-3.98615	1.07248	2.80753	-0.00088	0	0	2.36589	4.76059	0	0	-1.00349	-0.36236	0	0	0	0	0	0	0.42753	0	0	0	0	2.14417	0	0	1.435	2.59315	12.2535	158.877	5.12343
PHE_50	-5.7846	0.53928	3.19351	-0.55458	0.05358	0.28065	3.16781	5.75319	0.03475	0.45417	-1.9912	0.22144	0	0	0	0	0	0	1.42145	2.97949	0.08321	0	2.89628	-0.46539	0	0	1.9602	1.98613	16.2294	114.907	122.093
GLY_51	-3.57717	0.41665	2.66029	-0.00161	0	0	1.66024	3.97008	0	0	-1.39124	-0.35275	0	0	0	0	0	0	-0.03985	0	0	0	0	-0.2682	0	0	1.435	0.20195	4.71339	155.534	8.4662
LEU_52	-5.20714	0.97711	3.91687	-0.54502	0.55678	0.10613	2.80113	6.0198	0.06671	0.44938	-1.86721	0.24381	0	0	0	-0.42378	0	0	0.58763	57.7939	56.8592	0.93476	0	-0.21045	0	0	1.3223	1.49541	125.877	135.659	74.341
ASP_53	-6.77539	1.96905	9.27591	-0.10139	0.00562	0.28777	5.24483	10.4064	0.00684	0.05157	-7.05828	0.2382	0	0	0	0	-0.67501	0	0.51036	5.77144	0.67204	0	5.0994	0.70375	0	0	-1.6204	1.01233	25.025	160.377	24.6228
VAL_54	-4.60603	0.97772	3.05349	-0.27044	0.34038	0.06235	3.25096	5.56791	0	0	-2.10121	-0.39376	0	0	0	0	0	0	0.83005	3.19247	2.82255	0.36991	0	-0.82732	0	0	2.7371	0.29131	15.2974	138.303	43.6974
LEU_55	-5.03935	0.40022	2.34569	-0.50736	0.65074	0.11096	2.35831	4.56566	0	0	-1.83718	0.19768	0	0	0	0	0	0	-0.1492	3.91839	2.92579	0.99261	0	-0.33638	0	0	1.3223	0.13737	12.0562	189.407	20.5931
ALA_56	-3.72577	2.14217	2.82861	-0.0238	0.00012	0	2.74524	4.57225	0	0	-2.54768	-0.42469	0	0	0	0	0	0	5.98361	0	0	0	0	0.75265	0	0	2.2619	0.491	15.0556	133.991	19.0091
THR_57	-4.89892	2.63289	3.13625	-0.22193	0.22155	0.08283	2.86412	4.87661	0	0	-1.60313	-0.43089	0	0	0	0	0	0	1.31829	11.9857	11.2245	0.76119	0	0.56754	0	4.94042	-0.9333	1.40197	37.9258	169.871	4.12901
ALA_58	-3.69633	0.60372	2.26073	-0.0267	0.00431	0	2.40826	4.39242	0	0	-1.64844	-0.46423	0	0	0	0	0	0	0.31251	0	0	0	0	-0.03151	0	0	2.2619	1.8815	8.25814	130.192	22.8075
GLY_59	-3.95456	0.42882	2.82726	-0.00059	0	0	2.48789	4.81692	0	0	-2.7257	-0.26283	0	0	0	0	0	0	-0.05486	0	0	0	0	1.23133	0	0	1.435	2.68874	8.91743	164	0
PHE_60	-5.35425	0.26672	3.07397	-0.567	0.153	0.28589	2.50113	5.28151	0.00227	0.02125	-2.84104	-0.04938	0	0	0	0	0	0	0.89439	3.00804	0.28033	0	2.72771	-0.17609	0	0	1.9602	1.52779	12.9965	160.464	76.5357
LYS_61	-7.21695	8.26011	7.58076	-0.52485	0.42957	0.22921	4.3031	8.80182	0	0	-5.80268	0.38726	0	0	0	-0.02852	-0.00408	0	0.82422	6.77418	3.13253	3.64166	0	-0.04959	0	0	-0.8895	-0.73997	29.1083	202.253	49.747
LEU_62	-5.97364	2.1712	1.81011	-0.51618	0.43629	0.12199	0.95016	4.44662	0	0	-0.15304	0.11072	0	0	0	0	0	0	2.5664	3.55347	0.07633	3.47714	0	-0.18917	0	0	1.3223	0.92388	15.1346	144.52	65.4797
ASP_63	-2.9919	0.21753	3.86202	-0.17635	0.08744	0.56073	2.31717	4.46681	0.00242	0.02935	-1.11147	-1.61096	0	0	0	0	0	0	1.3068	2.92695	0.03981	0	2.88714	-0.81848	0	0	-1.6204	2.17691	12.5515	94.2808	90.7192
ALA_64	-3.24677	7.20706	2.38775	-0.02725	0.00406	0	1.26299	3.4919	0	0	-1.37317	-0.4152	0	0	0	0	0	0	1.30648	0	0	0	0	0.02835	0	0	2.2619	3.64521	16.5333	140.944	12.0563
ASP_65	-3.02333	0.29076	4.0199	-0.1065	0.02388	0.34882	1.80527	4.64391	0.0022	0.03004	-0.18299	0.08355	0	0	0	0	0	0	1.75295	4.1791	0.75108	0	3.42801	0.16297	0	0	-1.6204	2.48083	19.0701	118.083	66.9175
ALA_66	-2.87945	1.08158	2.13258	-0.02483	0.00036	0	0.70512	3.22833	0.11567	0.7562	0.29418	-0.40667	0	0	0	0	0	0	-0.10008	0	0	0	0	-0.0387	0	0	2.2619	-1.00335	6.12285	108.763	44.2368
GLU_67	-2.86054	0.7252	3.13922	-0.26854	0.26305	0.53344	1.24708	3.74075	0	0	-0.11941	-0.89615	0	0	0	0	0	0	-0.13441	15.6337	10.6349	0	4.99876	-0.16686	0	0	-1.6358	-0.7943	34.0401	89.3136	133.686
HIS_68	-6.59826	1.5594	5.81311	-0.4471	0.08407	0.50621	3.24015	7.88833	0.09127	0.52946	-2.32889	-0.19768	0	0	0	0	0	0	2.83956	4.99044	0.46568	0	4.52476	-0.87115	0	0	0.8406	-0.13315	22.7968	189.429	51.571
GLY_69	-2.6779	0.19118	2.80252	-0.00032	0	0	1.09272	3.97954	0.0053	0.09071	0.26101	-0.15743	0	0	0	0	0	0	1.05106	0	0	0	0	-0.86641	0	0	1.435	0.39285	7.59983	148.866	15.1343
GLY_70	-1.97718	0.6295	2.30948	-4e-05	0	0	0.47156	3.04705	0	0	-0.03594	-0.35742	0	0	0	0	0	0	18.5784	0	0	0	0	-1.3109	0	0	1.435	0.014	22.8035	118.929	45.071
THR_71	-5.40912	2.72502	4.10836	-0.16529	0.3377	0.11048	2.29634	6.13999	0.09618	0.58472	1.54713	-1.38867	0	0	0	0	0	0	0.62365	0.18668	0.11274	0.07393	0	-0.44821	0	5.05633	-0.9333	0.8083	16.463	165.884	8.11629
GLY_72	-3.52132	3.74074	3.3105	-5e-05	0	0	1.07725	4.13047	0	0	0.61911	-0.33877	0	0	0	0	0	0	1.86171	0	0	0	0	0.17896	0	0	1.435	2.17092	14.6645	152.935	11.0651
ASN_73	-7.26331	0.71472	6.22397	-0.18955	0.00657	0.27245	4.10266	7.56071	0.03102	0.14117	-2.43694	-0.2473	0	0	0	-0.39888	-0.49192	0	0.90966	4.79413	2.06252	0	2.73162	0.16089	0	0	-0.3009	1.32249	19.7058	184	0
LEU_74	-6.39028	1.1362	2.13083	-0.43063	0.20054	0.08888	0.97155	4.46156	0.02574	0.2097	0.4939	-0.06428	5.60359	0	0	0	0	0	0.71024	3.12068	2.173	0.94767	0	-0.02521	0	0	1.3223	2.67222	19.3582	202.159	7.84149
PRO_75	-5.11404	2.66216	2.6642	-0.18314	0.01251	0.13578	1.66283	3.16932	0.00057	0.01207	-1.9318	0.09253	5.61177	0	0	0	0	0	0.26182	13.1686	12.6107	0.55796	0	-1.62077	0	0	-4.6787	2.76014	31.8545	163.377	35.6231
ARG_76	-6.12552	1.62805	4.67637	-0.58808	0.28665	0.38219	1.40554	6.0347	0.10009	0.81173	-0.38538	0.03183	0	0	0	0	0	0	0.48972	9.14941	5.46492	3.68448	0	-0.37058	0	0	-0.1423	0.16542	26.6992	143.207	121.793
ASP_77	-4.68094	0.94986	6.55647	-0.13769	0.0309	0.40974	3.98197	7.52129	0	0	-3.53388	-0.66473	0	0	0	-0.24903	0	0	-0.22021	6.04871	1.69899	0	4.34971	-0.5464	0	0	-1.6204	0.06998	19.9643	124.193	60.8073
THR_78	-1.51701	0.10608	1.8818	-0.12352	0.1017	0.06948	0.52875	2.46003	0	0	0.34403	-0.17783	0	0	0	0	0	0	1.27021	0.86542	0.8362	0.02922	0	-0.0811	0	5.01663	-0.9333	0.65236	11.3292	25.5417	148.458
ARG_79	-2.15586	0.33075	2.49673	-1.04655	0.73789	0.63689	0.89362	3.00852	0	0	-0.04444	0.48384	0	0	0	0	0	0	0.03643	6.97424	2.83346	4.14077	0	0.0069	0	0	-0.1423	1.57935	20.7702	38.0225	226.978
THR_80	-3.29695	2.00826	3.81463	-0.13258	0.20029	0.07015	2.09649	4.40348	0.00616	0.07757	-0.22769	-0.11899	0	0	0	-0.24903	0	0	0.26576	1.04948	0.76915	0.28034	0	-0.80597	0	5.03301	-0.9333	0.83377	15.144	76.1603	97.8397
ASN_81	-3.98373	1.58034	4.05667	-0.20735	0.06958	0.36169	2.06601	5.01045	0.07684	0.57775	-1.57526	-0.65002	0	0	0	0	0	0	0.48364	6.6375	4.689	0	1.9485	-0.56514	0	0	-0.3009	0.57622	20.8518	90.6947	93.3053
GLU_82	-4.59477	1.50588	6.55372	-0.20834	0.03479	0.2148	3.37369	7.05291	0.00616	0.07757	-1.40906	-0.02287	7.23737	0	0	0	-0.00408	0	1.28736	6.90599	3.1169	0	3.78908	-0.02787	0	0	-1.6358	3.3411	36.5946	138.529	84.4712
PRO_83	-6.07224	3.10934	4.24669	-0.17195	0.01055	0.12503	2.1541	4.65418	0.05035	0.40072	-1.57944	0.01554	7.27232	0	0	-0.02852	0	0	3.62824	1.27915	0.22109	1.05806	0	0.10351	0	0	-4.6787	3.01934	18.8174	196.951	2.04937
ALA_84	-3.88012	0.59466	3.56354	-0.0233	0	0	2.20487	5.04184	0.00057	0.01207	-0.88713	-0.1346	0	0	0	0	0	0	0.21039	0	0	0	0	-0.25041	0	0	2.2619	-0.13709	8.57719	127.635	25.3645
ASP_85	-2.92741	0.75667	4.19933	-0.10169	0.00284	0.30011	2.25759	4.67916	0.05035	0.40072	-0.72048	-0.43336	0	0	0	0	0	0	-0.14591	3.82483	0.02625	0	3.79857	0.14432	0	0	-1.6204	-0.72716	13.7644	96.8974	88.1026
SER_86	-3.08843	0.68291	1.72595	-0.06351	0.17013	0.08913	0.84973	2.8406	0	0	-0.66427	-0.81238	0	0	0	0	0	0	0.4432	2.11897	2.02594	0.09303	0	-0.76972	0	4.04	-0.539	0.7528	9.89507	111.662	50.3377
TYR_87	-7.23407	1.976	3.49852	-0.958	0.19494	0.57306	3.75207	6.13581	0	0	-2.53696	-0.2528	0	0	0	0	0	0	0.10698	4.31441	1.17351	0	3.1409	-0.32157	0	0	1.7379	1.5423	16.843	225.548	22.4516
GLY_88	-1.82328	0.5452	1.19182	-0.00038	0	0	0.38105	2.01243	0.00018	0.0006	-0.71478	-0.25318	0	0	0	0	0	0	0.2362	0	0	0	0	0.73922	0	0	1.435	3.42744	7.17751	120.547	43.4533
GLU_89	-5.57657	8.50804	7.78235	-0.14314	0.01434	0.14318	4.31356	8.68815	0.00119	0.00475	3.47913	-0.33543	0	0	0	0	0	0	9.9424	7.86087	3.85413	0	4.00674	-0.05797	0	0	-1.6358	2.36479	53.2147	206.668	16.3316
ILE_90	-2.26284	0.15841	0.70566	-0.52275	4.1637	0.12253	0.69011	1.94366	0.00018	0.0006	-0.38162	0.11692	0	0	0	0	0	0	0.00086	3.53532	3.17238	0.36294	0	-0.9971	0	0	1.8006	-0.31846	12.2911	66.8227	140.177
GLY_91	-2.84969	0.71768	2.58303	-0.00056	0	0	2.11945	3.82738	0.00394	0.02619	-1.64381	-0.22906	0	0	0	0	0	0	0.14383	0	0	0	0	0.67643	0	0	1.435	0.72206	7.53186	148.343	15.6572
VAL_92	-3.74205	1.54818	1.93228	-0.26831	0.30462	0.05745	1.64479	3.93754	0	0	-0.92549	-0.36064	0	0	0	0	0	0	0.02609	0.75497	0.00336	0.75161	0	0.21548	0	0	2.7371	1.67748	10.2945	95.5443	86.4557
THR_93	-7.33099	2.11783	5.62533	-0.15378	0.10308	0.05302	4.57723	8.54155	0	0	-1.22326	-0.57754	0	0	0	0	0	0	1.46923	0.67062	0.39595	0.27467	0	-0.32295	0	5.02909	-0.9333	0.91771	19.2335	171.567	2.4326
ALA_94	-3.49258	0.49852	2.86727	-0.02519	0.00019	0	2.64533	4.44394	0	0	-2.5231	-0.21927	0	0	0	0	0	0	0.16512	0	0	0	0	0.05929	0	0	2.2619	-0.29533	6.3861	103.23	49.7699
LYS_95	-8.33844	1.0412	9.68552	-0.45032	0.19517	0.28494	4.97901	10.3217	0.03877	0.17373	-5.04461	-0.14618	0	0	0	-0.45769	-0.25307	0	3.5139	11.9846	7.89811	4.0865	0	0.16873	0	0	-0.8895	-0.49539	38.2966	242.145	9.85549
ALA_96	-3.8457	0.43406	2.4738	-0.02528	0.00077	0	2.88616	4.355	0	0	-2.47936	-0.37098	0	0	0	0	0	0	0.09986	0	0	0	0	0.29949	0	0	2.2619	-0.01798	6.07175	130.843	22.1571
LYS_97	-5.73845	1.23342	4.73695	-0.45057	0.22335	0.26778	2.54222	5.49768	0.12081	0.48633	-1.87581	-0.05559	0	0	0	0	0	0	5.41254	28.1624	25.7312	2.4312	0	-0.12198	0	0	-0.8895	1.53055	69.2445	172.35	79.6503
MET_98	-4.05511	0.66212	3.38221	-0.31998	0.09924	0.09375	2.04236	3.9535	0	0	-0.51176	-0.28709	0	0	0	0	0	0	0.06243	6.28531	4.26097	2.02434	0	0.17243	0	0	1.4633	1.03967	20.3677	153.608	108.392
SER_99	-2.31668	0.24753	3.19417	-0.01921	0.00123	0.02652	1.46988	3.2741	0.12081	0.48633	-0.1532	-0.22139	0	0	0	0	0	0	1.66759	0.52727	0.26804	0.25923	0	0.19731	0	4.04	-0.539	1.84597	14.3765	86.6395	75.3605
GLN_100	-4.56765	0.65267	5.64115	-0.34921	0.21982	0.35044	3.00926	6.17297	0	0	-3.66772	-0.71615	0	0	0	-0.78357	0	0	0.1273	7.32203	2.50369	0	4.81834	-0.10443	0	0	-0.1077	3.7333	24.2545	137.453	79.5466
THR_101	-5.08075	1.29009	5.58273	-0.19638	0.45462	0.08435	3.93465	6.77034	0.02223	0.21088	-0.80955	-0.58507	0	0	0	0	0	0	0.11491	1.98221	1.58883	0.39338	0	0.55493	0	5.00636	-0.9333	2.82302	23.2085	129.802	44.1983
GLU_102	-6.33032	2.36031	7.53637	-0.36403	0.6996	0.42292	4.64643	8.17172	0.00271	0.03222	-3.68436	-0.44432	0	0	0	0	-0.31621	0	2.82522	11.1866	6.10553	0	5.08109	0.23248	0	0	-1.6358	1.37311	37.9013	197.638	25.3619
LEU_103	-5.42969	1.7689	3.3116	-0.59116	0.19295	0.17088	2.96464	5.53744	0	0	-2.49455	0.13288	0	0	0	0	0	0	1.01287	1.82211	0.74807	1.07404	0	-0.25131	0	0	1.3223	0.36048	11.6524	137.64	72.3597
ARG_104	-7.83673	1.87138	7.67766	-0.70689	0.31307	0.4219	4.4119	8.97255	0.0222	0.13784	-4.74594	0.03276	0	0	0	0	-0.73815	0	1.05803	19.119	15.882	3.23702	0	-0.40101	0	0	-0.1423	-0.18744	48.3988	216.924	48.0762
ILE_105	-4.70293	1.17086	3.05012	-0.50996	1.49694	0.11947	2.5629	4.83963	0	0	-2.1632	-0.09683	0	0	0	0	0	0	0.56843	4.30696	3.77044	0.53652	0	0.83061	0	0	1.8006	1.04884	18.6294	118.119	88.8806
GLY_106	-3.61873	2.33474	3.45036	-0.00052	0	0	2.41353	4.89591	0	0	-1.60757	-0.29466	0	0	0	0	0	0	0.07502	0	0	0	0	-2.52687	0	0	1.435	3.97269	10.5289	147.183	16.8174
THR_107	-5.41403	1.76752	4.43048	-0.17947	0.17696	0.06209	2.96405	6.06948	0.0222	0.13784	-0.28732	-0.42033	0	0	0	0	0	0	-0.02454	3.03188	2.90905	0.12282	0	0.05589	0	5.01552	-0.9333	2.35095	21.8577	166.325	7.67514
LEU_108	-8.05773	1.56648	4.19049	-0.45456	0.4193	0.08052	2.86991	7.30837	0.00546	0.05618	-1.42605	0.044	0	0	0	0	0	0	2.84316	1.41811	0.40309	1.01502	0	0.758	0	0	1.3223	0.46998	14.832	199.753	10.2469
MET_109	-4.40413	2.85271	1.45811	-0.48181	1.37482	0.18855	0.50207	2.4879	0	0	0.47522	-0.52453	5.24228	0	0	0	0	0	0.21697	8.12025	5.72065	2.3996	0	0.23258	0	0	1.4633	3.32363	30.6482	201.735	60.2653
PRO_110	-5.6804	3.04457	2.96578	-0.19808	0.03473	0.14817	1.72275	3.69387	0.00367	0.03061	-0.9313	0.03736	5.28761	0	0	0	0	0	2.74856	1.71557	0.80496	0.91062	0	-1.57022	0	0	-4.6787	2.02097	12.1111	190.29	8.70984
MET_111	-3.43189	2.82098	1.49584	-0.65096	6.78393	0.23524	0.98772	2.93549	0.081	0.76951	-0.60691	-0.16945	0	0	0	0	0	0	0.15878	11.0709	9.29944	1.77148	0	0.81712	0	0	1.4633	2.09286	37.9244	159.279	102.721
ASN_112	-7.13425	2.47752	5.85281	-0.34648	0.53051	0.65651	4.41406	8.08432	0	0	-2.03038	-0.83167	0.84587	0	0	-0.34095	-0.36149	0	0.83765	2.26799	0.20253	0	2.06546	-0.54658	0	0	-0.3009	6.77279	23.1153	172.696	11.304
PRO_113	-5.72345	2.41623	2.56584	-0.08353	0	0.05197	1.27992	3.33951	0	0	-0.32277	0.56655	0.93466	0	0	-0.15045	0	0	1.09714	1.03912	0.12203	0.91709	0	-0.28536	0	0	-4.6787	3.98718	7.07298	183.342	15.6577
VAL_114	-6.13941	1.27073	1.71114	-0.28603	0.24893	0.05362	1.36025	4.05485	0.05429	0.34029	-0.44769	0.01936	0	0	0	-0.34095	0	0	3.2637	0.41909	0.00076	0.41834	0	0.20283	0	0	2.7371	0.2363	9.17749	170.733	11.2674
LEU_115	-7.25915	1.46311	3.0659	-0.53462	0.8278	0.10234	2.92751	5.77465	0	0	-1.18926	0.25495	0	0	0	0	0	0	0.87985	3.9451	3.05078	0.89432	0	-0.06123	0	0	1.3223	1.40263	16.867	196.16	13.8403
VAL_116	-5.19908	4.58779	2.07723	-0.27075	0.26675	0.06306	1.56463	4.79555	0	0	-0.91854	-0.50566	0	0	0	0	0	0	2.05731	0.30118	0.04485	0.25633	0	0.31072	0	0	2.7371	2.60257	14.771	158.788	23.2125
ALA_117	-5.16582	8.97374	1.48975	-0.02412	8e-05	0	2.20948	4.25695	0.00367	0.03061	-0.95843	-0.21866	0	0	0	0	0	0	4.14743	0	0	0	0	0.01096	0	0	2.2619	0.65011	17.6676	152.278	0.721597
SER_118	-5.40788	2.50754	6.47145	-0.03954	0.02373	0.05804	4.60218	7.36202	0.00377	0.01427	0.65682	0.06379	0.39025	0	0	0	0	0	1.68852	2.22662	1.66348	0.56314	0	0.72469	0	4.04	-0.539	2.41594	29.4898	160.557	1.44319
PRO_119	-2.57406	2.07796	1.80796	-0.10194	0.012	0.06499	1.0397	2.25777	0.06896	0.49418	0.42974	0.64487	0.61242	0	0	0	0	0	6.35875	0.67032	0.21747	0.45285	0	-0.15379	0	0	-4.6787	3.34778	13.0492	126.274	72.7256
ALA_120	-3.40167	0.29308	3.04315	-0.02677	0.01517	0	1.78645	4.41726	0.08898	0.43249	-0.6758	-0.41948	0	0	0	-0.28086	0	0	0.7721	0	0	0	0	-0.11392	0	0	2.2619	-0.25891	7.93317	138.476	14.5239
ARG_121	-8.92151	2.79505	7.92524	-0.94965	0.51126	0.72313	2.43628	9.34711	0.04579	0.20918	1.96081	0.03054	0	0	0	-0.28086	0	0	1.95653	4.00183	1.00939	2.99245	0	0.04562	0	0	-0.1423	0.4318	26.1277	233.457	31.5433
LEU_122	-7.78688	2.0758	2.26486	-0.51939	0.11758	0.14893	1.87398	5.2601	0	0	-0.31874	0.05446	0	0	0	-0.9356	0	0	-0.10528	1.37156	0.7957	0.57586	0	-0.0447	0	0	1.3223	2.98445	9.135	208.176	1.82445
LEU_123	-6.98437	4.41591	2.98775	-0.50121	0.50358	0.10798	1.86873	5.6838	0.00377	0.01427	0.29155	0.12568	0.21736	0	0	0	0	0	0.91411	3.07032	2.24438	0.82594	0	-0.24249	0	0	1.3223	4.3494	21.2188	209.488	0.512343
PRO_124	-4.03198	2.456	1.74957	-0.19036	0.0092	0.13898	0.3878	2.50222	0	0	-0.15751	0.02488	0.23448	0	0	0	0	0	3.28956	0.58581	0.09262	0.49319	0	-1.2	0	0	-4.6787	1.76242	3.46819	180.457	18.5425
GLN_125	-8.74802	6.7525	6.70258	-0.41669	0.15835	0.29921	4.49003	9.19323	0.00546	0.05618	-0.29288	-0.23455	0	0	0	0	0	0	1.00341	20.8637	13.616	0	7.24766	-0.08611	0	0	-0.1077	-0.87632	59.626	211.534	5.46579
THR_126	-6.43373	2.18373	4.32665	-0.12725	0.11806	0.08561	3.18989	6.43205	0.00684	0.03643	-2.1815	-0.94737	0	0	0	0	0	0	4.87367	0.36052	0.0553	0.30521	0	-0.43831	0	5.04095	-0.9333	-0.86506	15.0884	172.463	1.53703
TYR_127	-9.15491	1.33511	3.32857	-0.62692	0.70501	0.31847	3.36469	6.65881	0.03343	0.26873	-2.26868	-0.05554	0	0	0	0	0	0	3.31487	3.06662	0.05627	0	3.01035	-0.14115	0	0	1.7379	0.66501	15.6167	246.784	1.2163
ARG_128	-6.49828	2.4463	6.73368	-0.81153	2.54053	0.51875	3.35192	7.51266	0	0	-3.23414	0.13812	0	0	0	0	-0.26371	0	3.64174	31.8958	26.0686	5.8272	0	-0.34001	0	0	-0.1423	0.67925	80.0645	179.327	85.6732
GLY_129	-3.66921	0.91128	2.93654	-0.00139	0	0	2.26866	4.53321	0	0	-1.53297	-0.35442	0	0	0	0	0	0	0.73415	0	0	0	0	-2.52327	0	0	1.435	0.13912	4.8767	159.293	4.7069
ILE_130	-5.13335	1.21549	2.94398	-0.58288	1.26333	0.16577	3.03845	5.17722	0	0	-2.73492	-0.13757	0	0	0	0	0	0	5.12673	7.71949	7.25684	0.46265	0	-1.26077	0	0	1.8006	0.08385	26.4049	121.734	85.2665
SER_131	-4.91196	1.80976	3.68308	-0.03385	0.05388	0.04036	3.14227	5.57936	0	0	-2.01186	0.08121	0	0	0	0	0	0	4.28608	7.80319	7.1122	0.69099	0	-0.23249	0	4.04	-0.539	-0.51095	30.0822	155.141	6.85913
LEU_132	-4.67615	1.3334	2.80034	-0.57046	2.90094	0.11352	2.65955	5.18641	0	0	-2.10104	0.36723	0	0	0	0	0	0	-0.01448	3.20494	1.75002	1.45492	0	0.02832	0	0	1.3223	-0.0051	15.7547	116.68	93.3202
THR_133	-4.44976	1.15109	4.34826	-0.15471	0.21047	0.11377	3.53776	5.84454	0.00271	0.03222	-2.25333	-1.14686	0	0	0	0	0	0	-0.01541	0.96476	0.02146	0.9433	0	-0.14273	0	5.06962	-0.9333	0.06628	13.2101	135.939	38.0607
SER_134	-4.7095	1.21242	5.10633	-0.03563	0.02437	0.05151	3.69502	6.10401	0.0053	0.04444	-0.89619	0.13459	0	0	0	0	0	0	-0.04687	1.32758	1.07481	0.25277	0	-0.52679	0	4.04	-0.539	0.99354	17.3127	148.546	13.4539
LYS_135	-4.21278	0.28156	4.36109	-0.68792	1.19169	0.43627	1.54799	4.78862	0.02202	0.20942	-0.66835	0.4187	0	0	0	0	0	0	0.22659	25.9245	22.4124	3.51212	0	0.02411	0	0	-0.8895	0.74264	59.6411	148.621	103.379
ASP_136	-3.91392	0.43467	6.89473	-0.14404	0.00674	0.45459	3.45303	7.06273	0.0002	0.00146	-1.40476	-0.26184	0	0	0	-0.78357	0	0	2.34877	9.38043	4.54601	0	4.83442	-0.25252	0	0	-1.6204	-0.52702	30.5097	122.238	62.7617
ILE_137	-3.57157	0.49172	2.61732	-0.56609	0.64253	0.15377	1.29242	3.88426	0.0053	0.04444	-0.32842	0.11912	0	0	0	0	0	0	0.27638	8.38147	7.90317	0.4783	0	-0.77158	0	0	1.8006	-0.7554	22.0977	104.26	102.74
LYS_138	-2.05094	0.38601	2.24997	-0.3553	0.07647	0.17738	0.67617	2.88373	0	0	0.0149	0.51185	0	0	0	0	0	0	-0.19323	4.68991	0.9753	3.71461	0	0.06554	0	0	-0.8895	-0.09147	12.8414	64.2159	187.784
ASP_139	-3.65351	0.39336	3.56586	-0.08894	0.00242	0.27805	1.92177	4.37244	0.003	0.00797	-1.53092	-0.25566	0	0	0	0	0	0	0.14493	5.00964	0.08115	0	4.92849	1.04597	0	0	-1.6204	2.3782	16.9838	105.025	79.9749
PHE_140	-6.76253	3.3293	2.58939	-0.51421	0.02634	0.2057	2.39886	5.25394	0	0	-1.19025	-0.04913	0	0	0	0	0	0	3.64258	3.76375	0.86641	0	2.89734	-0.24318	0	0	1.9602	1.83331	20.0078	149.228	87.7716
ASP_141	-4.06735	0.64463	4.90407	-0.24584	0.3248	0.87566	2.93239	5.9273	0.05527	0.39256	-2.33372	-1.1202	0	0	0	0	0	0	1.08181	3.16602	0.29572	0	2.8703	-0.71751	0	0	-1.6204	-0.41615	12.9494	127.239	57.761
LEU_142	-5.43153	2.63442	3.39556	-0.44927	0.23904	0.09261	2.46908	5.46861	0	0	-1.35242	0.15602	0	0	0	0	0	0	0.6443	2.33366	1.54635	0.78732	0	-0.24716	0	0	1.3223	-0.3338	13.2751	144.772	65.2276
GLN_143	-5.86753	0.73795	4.10333	-0.45324	0.14437	0.39276	2.87147	5.72825	0.06764	0.58052	-2.56871	-0.80991	0	0	0	0	-0.36149	0	1.21145	5.38832	0.30545	0	5.08288	-0.1966	0	0	-0.1077	0.66357	16.9128	185.484	31.5161
ALA_144	-3.80811	0.34555	2.39109	-0.02153	0	0	2.47294	4.22468	0	0	-2.1861	-0.35386	0	0	0	0	0	0	0.81597	0	0	0	0	-0.0914	0	0	2.2619	1.04908	7.1002	112.088	40.9116
ALA_145	-4.8142	1.8108	2.25854	-0.02198	0	0	2.79167	5.15238	0	0	-1.96753	-0.40093	0	0	0	0	0	0	2.65613	0	0	0	0	-0.7811	0	0	2.2619	0.36942	9.3151	145.148	7.8518
TYR_146	-5.96572	1.17955	3.96735	-0.83249	0.5164	0.2204	2.52831	6.25036	0.01845	0.27079	-2.32708	-0.54558	0	0	0	0	0	0	0.56063	3.9728	0.22779	0	3.74502	-0.07859	0	0	1.7379	0.14078	15.5871	150.921	97.0793
LEU_147	-8.14593	1.1177	2.75936	-0.45377	0.29604	0.10293	2.84544	6.35655	0.00585	0.08297	-2.85862	0.01927	0	0	0	0	0	0	0.41614	1.8614	0.82622	1.03519	0	-0.13476	0	0	1.3223	-0.08242	7.37186	210	0
ASP_148	-5.02135	1.20771	6.41183	-0.18199	0.00375	0.61372	2.99911	7.16207	0.02225	0.22496	-2.56274	-1.73707	0	0	0	0	-0.26371	0	3.56456	6.54167	0.5843	0	5.95737	0.72789	0	0	-1.6204	1.81435	26.4483	158.515	26.4847
LYS_149	-7.70247	1.99137	7.19629	-0.47326	0.16258	0.27707	2.66825	7.94429	0.00965	0.03714	-1.7256	0.19001	0	0	0	0	0	0	0.13518	6.91737	2.40127	4.5161	0	0.22147	0	0	-0.8895	2.16033	26.0375	186.719	65.2806
VAL_150	-7.84998	1.09538	3.27326	-0.37218	0.58975	0.09113	2.84819	7.01869	0	0	-2.1043	-0.26345	0	0	0	0	0	0	2.13478	1.96258	0.94089	1.02169	0	-0.9354	0	0	2.7371	0.02322	12.2114	176.877	5.12343
ASN_151	-8.47268	5.04696	8.96698	-0.24174	0.04142	0.38295	4.66564	11.4706	0.00684	0.03643	-0.22351	-0.75475	0	0	0	0	0	0	0.23185	3.42667	0.2165	0	3.21018	0.39304	0	0	-0.3009	-0.12606	27.9764	184	0
HIS_152	-7.02497	2.14734	6.74149	-0.37077	0.01729	0.41799	3.04804	8.75499	0.05374	0.28429	2.93917	-0.20243	0	0	0	0	0	0	0.06605	2.76602	0.00168	0	2.76435	0.15716	0	0	0.8406	0.03952	23.4416	215.738	25.2622
ARG_153	-9.02041	0.75606	9.54584	-0.58071	0.28261	0.33184	3.64586	10.4217	0.04956	0.24718	-1.45498	0.66558	0	0	0	0	-0.37189	0	0.16312	10.4318	7.46829	2.96348	0	-0.27764	0	0	-0.1423	-0.28755	34.8374	232.097	32.9031
ASP_154	-4.57025	3.73772	4.28987	-0.2442	0.01819	0.84512	1.52348	5.00905	0.01863	0.12441	-1.04347	-1.42494	0	0	0	0	0	0	0.75683	4.52784	0.01138	0	4.51646	-0.52634	0	0	-1.6204	0.21169	16.1611	135.949	49.0511
SER_155	-4.28122	2.6621	5.49025	-0.03053	0.00447	0.0203	2.62323	6.29444	0.02709	0.19927	2.2569	-0.6426	0	0	0	0	0	0	0.39815	2.48378	0.28902	2.19476	0	-0.80826	0	4.04	-0.539	0.40859	23.0907	133.528	28.4724
THR_156	-2.97776	2.29533	2.67778	-0.22713	0.79229	0.10742	0.8257	3.34854	0.01909	0.121	0.82519	-0.45312	0	0	0	0	0	0	0.80542	27.2009	25.0219	2.17905	0	-1.02363	0	4.96095	-0.9333	-0.41142	65.1542	96.6385	77.3615
ASN_157	-4.18255	0.3216	4.28125	-0.39933	0.13466	0.73546	1.55389	5.50025	0.0759	0.40642	0.67169	-0.53839	0	0	0	0	0	0	0.06622	4.67116	0.45219	0	4.21897	0.83947	0	0	-0.3009	-0.1328	18.3751	110.9	73.1005
TYR_158	-6.57775	1.44944	3.33185	-0.53504	0.10822	0.24032	1.18349	5.04257	0.03343	0.26873	-0.25544	-0.14781	0	0	0	0	0	0	-0.18045	4.25563	0.41621	0	3.83942	0.18163	0	0	1.7379	0.24684	14.6392	176.111	71.8888
GLU_159	-4.70825	1.07162	5.85288	-0.18711	0.05869	0.2561	3.00321	6.74068	0.053	0.30163	-2.47396	-0.42609	0	0	0	0	0	0	0.47412	3.85998	0.72791	0	3.13207	0.54852	0	0	-1.6358	1.30193	17.9511	150.783	72.2168
LYS_160	-4.66475	1.13708	5.53282	-0.46404	0.54224	0.18149	2.14528	5.7046	0.00942	0.08612	-2.42925	0.14597	0	0	0	0	0	0	0.26089	4.38081	0.36045	4.02036	0	-0.06174	0	0	-0.8895	0.85906	16.8573	164.07	87.9301
ILE_161	-7.29839	1.59049	1.76548	-0.48418	0.40593	0.10079	1.61891	5.34595	0	0	-1.38734	0.40152	0	0	0	0	0	0	0.43689	8.69626	7.6556	1.04065	0	0.36923	0	0	1.8006	-0.41881	21.6396	206.488	0.512343
LYS_162	-5.38397	1.92605	4.01459	-0.48261	0.23646	0.28029	1.78054	5.25551	0.00069	0.00742	-1.56004	0.39323	0	0	0	0	0	0	3.78124	7.32818	4.23867	3.0895	0	0.43945	0	0	-0.8895	0.49208	24.9478	171.061	80.9392
ILE_163	-7.11265	2.14941	2.14059	-0.52782	0.51895	0.10009	2.39184	5.54984	0	0	-1.4792	0.40751	0	0	0	0	0	0	0.68766	2.15259	0.22884	1.92376	0	-0.40561	0	0	1.8006	0.61591	11.1423	205.784	1.2163
SER_164	-4.26118	0.8516	3.45463	-0.03704	0.00964	0.04794	2.03761	4.84988	0.06674	0.49661	-0.5374	-0.00358	0	0	0	0	0	0	4.8571	1.36448	0.59482	0.76966	0	0.61113	0	4.04	-0.539	0.17124	18.8449	154.449	7.55103
GLY_165	-2.65688	0.54848	2.75897	-7e-05	0	0	1.41927	3.92036	0	0	-0.86445	-0.371	0	0	0	0	0	0	0.68109	0	0	0	0	0.36088	0	0	1.435	1.29371	8.52537	132.626	31.3739
VAL_166	-5.12823	2.02844	3.52447	-0.27184	0.08272	0.0495	2.86237	5.40846	0	0	-1.72465	0.28799	0	0	0	0	0	0	0.0144	14.4582	12.9566	1.50159	0	1.12932	0	0	2.7371	3.60512	43.5216	146.654	35.3463
ASN_167	-6.48972	0.86124	4.7185	-0.1764	0.06274	0.32089	3.72732	6.6682	0.03782	0.32927	-1.38757	-0.88499	0	0	0	-1.17462	-0.1621	0	0.28007	4.88825	1.06094	0	3.8273	-1.35245	0	0	-0.3009	4.68389	19.5377	168.619	15.3809
GLY_168	-1.99949	1.23766	2.7296	-5e-05	0	0	1.35155	3.53776	0	0	-0.63454	-0.40774	0	0	0	0	0	0	-0.15943	0	0	0	0	-2.2406	0	0	1.435	1.40213	6.25184	96.6499	67.3501
ARG_169	-8.69122	3.27982	7.6653	-0.52081	0.26338	0.29767	3.44451	9.50415	0.11383	0.60797	-2.62144	0.43534	0	0	0	0	-1.26874	0	-0.06022	3.38116	0.68412	2.69704	0	-0.29828	0	0	-0.1423	-1.13362	17.6377	226.794	38.2063
PHE_170	-7.73461	3.89427	2.59478	-0.57261	0.06079	0.33585	1.68155	5.76743	0	0	-1.34255	0.00546	0	0	0	0	0	0	1.08717	3.83574	0.44866	0	3.38708	-0.2744	0	0	1.9602	-0.07985	15.055	221.999	15.001
LYS_171	-3.39093	0.62946	3.36703	-0.44336	0.26146	0.22444	2.26745	4.36627	0	0	-1.38175	0.12732	0	0	0	0	0	0	1.37521	15.2511	13.0942	2.15689	0	0.22273	0	0	-0.8895	0.34283	37.5809	73.3738	178.626
GLY_172	-2.46187	1.13539	1.92349	-0.00029	0	0	0.77143	2.81563	0	0	-0.50447	-0.23109	0	0	0	0	0	0	1.74959	0	0	0	0	0.95293	0	0	1.435	0.48632	8.07205	127.334	36.6659
ALA_173	-3.86868	2.01507	2.24614	-0.02203	0	0	2.30313	4.24117	0	0	-0.76603	-0.46303	0	0	0	0	0	0	2.44827	0	0	0	0	-0.2641	0	0	2.2619	2.24517	12.377	129.425	23.5748
GLU_174	-4.03042	0.75707	3.69255	-0.40913	0.24208	0.60646	1.56734	4.16411	0	0	-2.66624	-0.5225	0	0	0	0	0	0	0.02401	8.58909	2.55009	0	6.039	0.1728	0	0	-1.6358	1.85212	20.9926	140.25	82.7498
THR_175	-6.08458	6.57431	4.87188	-0.23148	0.44833	0.0926	2.83093	6.91112	0	0	-1.23831	-0.09768	0	0	0	0	0	0	0.40763	2.21576	0.01549	2.20028	0	-1.0115	0	5.02268	-0.9333	-0.24431	21.7498	171.807	2.19309
ASP_176	-2.21825	0.86611	2.67936	-0.11433	0.04686	0.3615	1.32842	3.08907	0.00383	0.07779	-0.96879	-0.26529	0	0	0	0	0	0	4.93873	6.38833	3.39975	0	2.98859	-0.3782	0	0	-1.6204	-0.38837	20.2147	78.9124	106.088
GLY_177	-3.32514	0.301	2.42513	-0.00158	0	0	1.68079	3.85412	0	0	-1.22702	-0.35168	0	0	0	0	0	0	0.16886	0	0	0	0	-2.31712	0	0	1.435	0.00194	2.6443	162.176	1.82445
LEU_178	-8.01256	2.2978	2.36896	-0.73791	3.37529	0.35522	2.9352	5.93067	0	0	-3.01665	-0.11952	0	0	0	0	0	0	2.73407	3.95636	2.22906	1.72731	0	0.54301	0	0	1.3223	0.53618	18.4248	207.951	2.04937
TYR_179	-6.68715	1.97524	4.01365	-0.94629	0.09677	0.57803	3.09711	6.33491	0.0183	0.35362	-2.39309	-0.22479	0	0	0	0	0	0	4.12985	3.64146	0.00454	0	3.63692	-0.66785	0	0	1.7379	-0.10585	18.5933	164.515	83.4852
TYR_180	-9.94077	3.21413	3.10112	-0.87121	0.17666	0.45518	3.23532	7.16179	0.01336	0.189	-1.21377	-0.16216	0	0	0	0	0	0	4.85784	2.98586	0.39719	0	2.58866	-0.24977	0	0	1.7379	0.65307	18.3294	243.904	4.09571
LEU_181	-5.11108	0.89321	3.29145	-0.80472	1.93454	0.39971	2.8636	5.30747	0	0	-2.30277	-0.30603	0	0	0	0	0	0	0.53321	2.16711	0.85557	1.31155	0	1.21656	0	0	1.3223	3.63561	17.2073	116.976	93.0244
GLY_182	-3.77647	0.83712	2.71734	-0.00148	0	0	2.17235	4.58847	0	0	-2.61078	-0.37655	0	0	0	0	0	0	1.05778	0	0	0	0	-2.52741	0	0	1.435	3.9175	7.43286	151.255	12.7452
GLY_183	-3.80066	1.70126	3.04582	-0.0019	0	0	2.6006	4.92818	0	0	-2.02952	-0.40578	0	0	0	0	0	0	2.34313	0	0	0	0	-2.53045	0	0	1.435	2.93541	10.2211	159.973	4.02724
ASN_184	-5.67924	2.5924	5.881	-0.32951	0.00886	0.58294	3.67567	7.24348	0.05227	0.38458	-2.74151	-0.64109	0	0	0	0	-0.00027	0	0.12733	6.93053	4.40648	0	2.52405	0.40315	0	0	-0.3009	1.69433	26.8146	140.609	43.3911
TYR_185	-7.23925	1.0739	3.37646	-0.59296	0.17684	0.04711	2.32652	6.1368	0	0	-2.28767	-0.35868	0	0	0	0	0	0	3.88328	5.31581	0.44355	0	4.87225	-0.16217	0	0	1.7379	-0.27709	18.4726	159.944	88.0556
GLN_186	-5.32212	0.12122	5.0031	-0.66456	0.25723	0.51285	2.28044	6.51058	0.03723	0.15938	-0.05079	-1.105	0	0	0	0	0	0	-0.17565	21.81	17.1911	0	4.61894	0.36734	0	0	-0.1077	-0.10615	51.3375	156.304	60.6965
PHE_187	-4.92689	0.82849	2.16838	-0.81689	0.14475	0.2157	0.83946	3.71748	0	0	0.06492	-0.04892	0	0	0	0	0	0	0.27716	2.90737	0.002	0	2.90537	-0.4318	0	0	1.9602	1.64709	11.4539	107.236	129.764
ASN_188	-5.19797	1.11617	5.01006	-0.33901	0.75512	0.76921	3.31302	6.6581	0.03814	0.16648	-0.0159	-0.23105	3.60786	0	0	-0.47149	0	0	5.18682	6.87025	2.10446	0	4.76579	0.42897	0	0	-0.3009	4.55607	38.7902	115.22	68.7796
PRO_189	-1.88678	0.33201	1.21644	-0.0679	0	0.04213	0.35913	1.57913	0	0	0.36479	0.59466	3.61581	0	0	0	0	0	0.45452	0.48371	0.16179	0.32192	0	-0.12497	0	0	-4.6787	3.50928	6.27697	79.4808	119.519
ALA_190	-3.36626	0.1922	2.79408	-0.02172	0	0	2.20619	4.39118	0	0	-0.79583	-0.3063	0	0	0	0	0	0	0.45067	0	0	0	0	0.30277	0	0	2.2619	0.86433	8.97321	117.937	35.0633
LEU_191	-6.9801	3.40644	3.8342	-0.59459	0.87822	0.12733	3.69861	6.54516	0.00091	0.0071	-1.42063	0.48528	0	0	0	-0.47149	0	0	0.10519	1.39756	0.04237	1.35519	0	-0.58411	0	0	1.3223	0.15814	13.3131	157.47	52.5305
LYS_192	-6.03997	1.1832	5.67933	-0.58372	0.40944	0.4441	3.47694	6.89813	0.00515	0.01469	-2.15711	0.00121	0	0	0	0	0	0	2.03424	26.3134	23.5985	2.71491	0	-0.15376	0	0	-0.8895	0.23677	63.1859	186.367	65.6332
LEU_193	-5.6208	3.36531	2.81637	-0.53516	0.55697	0.14228	2.58054	4.97363	0	0	-2.53386	0.02528	0	0	0	0	0	0	1.00041	4.06355	3.05775	1.0058	0	-0.10633	0	0	1.3223	0.45817	16.5722	139.082	70.9181
THR_194	-5.82622	3.09588	3.88718	-0.15524	0.17666	0.05001	3.33872	5.88473	0.00515	0.01469	-2.514	-0.31692	0	0	0	0	-0.00027	0	0.19074	2.33078	0.73606	1.59471	0	-0.42999	0	5.01466	-0.9333	-0.44445	15.6996	166.328	7.67183
ALA_195	-3.4292	1.38074	2.37131	-0.0257	0.0025	0	2.12944	4.09544	0	0	-1.70076	-0.43721	0	0	0	0	0	0	0.76495	0	0	0	0	0.06781	0	0	2.2619	0.6926	8.17381	96.1768	56.8232
PHE_196	-10.3863	2.3903	3.91389	-0.5427	0.08623	0.19479	3.39154	7.93465	0.055	0.46778	-2.60515	-0.0163	0	0	0	0	0	0	0.55853	6.68869	3.90324	0	2.78546	-0.55548	0	0	1.9602	0.82635	21.0507	230.227	6.77303
TYR_197	-6.6271	1.4602	4.96642	-0.79474	0.1129	0.18056	4.01013	7.09167	0.0183	0.35362	-2.44926	-0.52163	0	0	0	0	0	0	-0.03952	2.77754	0.09886	0	2.67868	-0.45318	0	0	1.7379	0.72328	15.3246	163.564	84.4356
MET_198	-8.38191	1.93509	3.49639	-0.51588	0.22058	0.13853	2.62188	5.63475	0.02519	0.08009	-1.49424	-0.01471	0	0	0	0	0	0	-0.15868	2.5169	0.48225	2.03465	0	0.41149	0	0	1.4633	1.64184	12.1375	259.438	2.56172
ASP_199	-6.37297	4.47127	7.69943	-0.23402	0.09055	0.82485	3.92291	8.78038	0.00294	0.01609	2.57569	-0.47495	0	0	0	0	0	0	0.70059	6.1727	1.8276	0	4.3451	-0.18438	0	0	-1.6204	0.70858	33.252	179.527	5.47335
VAL_200	-7.37571	1.18201	3.23233	-0.25733	0.32544	0.05146	3.17373	6.5212	0.04323	0.23851	-2.69172	-0.21983	0	0	0	0	0	0	8.17045	6.2757	6.06761	0.20809	0	-0.8535	0	0	2.7371	-0.41578	26.413	182	0
ASP_201	-3.7977	0.38268	5.8306	-0.12248	0.0294	0.35396	2.27097	6.27407	0.03964	0.33867	0.41849	-0.70282	0	0	0	0	0	0	-0.12369	8.33632	3.70123	0	4.6351	-0.19028	0	0	-1.6204	-0.73609	25.3177	125.864	59.1356
ASP_202	-6.24802	0.97776	7.65013	-0.12578	0.12323	0.40596	3.07604	8.84044	0.03038	0.18156	-2.47266	-0.86534	0	0	0	-0.54133	0	0	1.6746	4.19937	0.88838	0	3.311	-0.68982	0	0	-1.6204	0.07165	18.8671	156.03	28.9697
LEU_203	-7.80397	4.93986	3.30074	-0.46958	0.81363	0.10373	2.29664	6.99328	0.07019	0.53074	0.29568	0.34181	0	0	0	0	0	0	0.60848	13.0517	7.19271	5.859	0	0.36793	0	0	1.3223	3.22789	43.0428	210	0
TYR_204	-9.24528	1.14722	3.86143	-0.7548	0.03007	0.41674	3.28869	7.08443	0	0	-1.92697	-0.28341	0	0	0	0	0	0	2.24178	3.00265	0.76754	0	2.23511	-0.28945	0	0	1.7379	3.46069	16.7743	246.213	1.78722
ASN_205	-6.26706	0.87942	5.74315	-0.2973	0.03318	0.56464	2.79772	7.43609	0	0	-1.44698	-0.31786	0	0	0	0	0	0	0.55466	21.8489	15.9919	0	5.85708	0.62553	0	0	-0.3009	0.98467	54.6868	155.854	28.1463
GLN_206	-6.82386	0.64109	4.90244	-0.29419	0.04555	0.14001	3.22641	6.71948	0.09508	0.72298	-1.12529	-0.06159	0	0	0	0	0	0	0.19876	6.76239	1.08515	0	5.67723	-0.22353	0	0	-0.1077	0.62478	22.2052	212.725	4.27489
THR_207	-4.42199	1.97066	3.75508	-0.20309	0.83466	0.08107	2.82597	5.05685	0.03938	0.39066	-1.97724	-0.45031	0	0	0	0	0	0	1.80811	19.9349	19.7257	0.20921	0	-0.23222	0	5.04117	-0.9333	0.30756	53.7628	123.055	50.9448
MET_208	-9.46974	1.68181	4.28248	-0.63455	1.18417	0.50313	2.75539	6.42519	0	0	-2.46843	-0.09987	0	0	0	0	0	0	1.88882	5.58077	0.88468	4.69608	0	0.41108	0	0	1.4633	0.04235	19.1267	260.176	1.82445
VAL_209	-4.94911	1.47399	3.17158	-0.32293	0.24284	0.07122	2.71896	5.16837	0	0	-2.55089	0.26925	0	0	0	0	0	0	0.0357	2.29757	0.70109	1.59648	0	-0.60565	0	0	2.7371	-0.36321	11.6924	106.671	75.3286
GLY_210	-3.54837	0.83711	2.85705	-0.00117	0	0	2.43501	4.27513	0	0	-1.93084	-0.32671	0	0	0	0	0	0	-0.1449	0	0	0	0	-1.33677	0	0	1.435	0.03297	4.58352	155.142	8.85768
ALA_211	-3.59401	0.96643	2.37236	-0.0263	0.00464	0	2.66915	4.21634	0	0	-1.86318	-0.44207	0	0	0	0	0	0	1.70673	0	0	0	0	0.03864	0	0	2.2619	1.35157	9.6622	121.676	31.3242
LEU_212	-6.48248	1.32924	4.27776	-0.5643	0.70731	0.11736	3.8075	6.37942	0	0	-2.19656	0.40619	0	0	0	0	0	0	0.0194	1.54023	0.45984	1.08039	0	-0.56353	0	0	1.3223	0.62383	12.2639	173.541	36.4587
HIS_213	-5.97926	0.66585	4.94564	-0.58868	0.01434	0.50828	2.91121	7.05506	0.01124	0.21841	-1.93625	-0.63452	0	0	0	0	0	0	-0.07403	4.39711	0.00258	0	4.39452	-0.30356	0	0	0.8406	-0.4255	16.023	148.321	92.679
GLN_214	-4.18797	0.32726	3.49727	-0.57394	0.05922	0.72004	1.78223	4.8379	0	0	-1.29063	0.11336	0	0	0	0	0	0	0.16364	12.7423	7.56281	0	5.1795	0.19968	0	0	-0.1077	-0.45432	30.5706	163.019	53.9811
TYR_215	-3.32477	0.0998	3.13244	-0.71607	0.08284	0.2135	1.69329	4.00126	0	0	-0.67836	-0.52588	0	0	0	0	0	0	-0.14274	2.96422	0.01424	0	2.94998	-0.30212	0	0	1.7379	1.45175	12.6513	96.1821	151.818
LYS_216	-2.91654	0.32649	2.21363	-0.46542	0.08986	0.25748	0.61828	2.81805	0.06303	0.36033	-0.80054	0.39119	0	0	0	0	0	0	-0.00182	7.69304	3.57189	4.12115	0	-0.05405	0	0	-0.8895	1.52656	18.9231	131.119	120.881
ILE_217	-3.72526	1.24243	2.07703	-0.7169	2.58367	0.32604	1.10049	3.5694	0	0	-0.37479	0.15304	0	0	0	0	0	0	0.23269	14.3357	10.5589	3.77673	0	-0.53023	0	0	1.8006	1.07595	37.4855	80.507	126.493
ASN_218	-4.85484	1.52903	4.70452	-0.15911	0.00569	0.23845	2.61053	5.92912	0.01014	0.10807	0.25636	-0.05606	0	0	0	0	-0.46686	0	3.14406	5.18377	1.60676	0	3.57701	-0.57774	0	0	-0.3009	2.65187	25.1399	122.869	61.1309
ASP_219	-1.30022	0.17015	1.86702	-0.09024	0	0.2513	0.40483	2.20988	0.06238	0.35833	0.65193	-0.65195	0	0	0	0	0	0	0.13387	7.17318	3.50178	0	3.6714	0.01131	0	0	-1.6204	1.75186	18.5564	50.6355	134.364
THR_220	-4.20502	0.99898	3.86025	-0.12895	0.13671	0.0524	1.82342	4.75558	0	0	-0.03677	-0.53317	0	0	0	0	0	0	5.68783	6.16052	6.0149	0.14562	0	0.01206	0	5.01499	-0.9333	0.2318	29.0578	125.545	48.4553
THR_221	-6.45044	2.34157	5.87422	-0.18266	0.20109	0.07247	4.54482	7.66156	0.02758	0.31737	-1.91598	-0.72254	0	0	0	0	-0.46686	0	9.68248	1.39377	1.09464	0.29913	0	0.15912	0	5.01135	-0.9333	0.34893	28.3583	156.158	17.8421
ASN_222	-4.86631	0.68579	4.86183	-0.20363	0.00525	0.36047	3.2778	5.86735	0	0	-2.4616	-0.49831	0	0	0	0	0	0	1.79429	4.66829	0.30642	0	4.36187	0.70717	0	0	-0.3009	0.77484	19.3406	149.755	34.2454
PHE_223	-5.71052	1.67679	3.92344	-0.86165	0.55579	0.26202	2.73365	5.95222	0	0	-1.23747	-0.74498	0	0	0	0	0	0	0.00779	2.71732	0.00689	0	2.71043	-0.49612	0	0	1.9602	1.76726	15.2231	154.135	82.8647
SER_224	-4.61099	1.03318	4.48112	-0.03754	0.17743	0.04648	3.01031	5.83281	0.00982	0.07204	-2.27594	-0.06971	0	0	0	0	0	0	4.5976	6.24196	5.52077	0.72119	0	-0.22329	0	4.04	-0.539	1.45938	29.4876	148.136	13.8639
SER_225	-4.28809	1.00407	3.63931	-0.03651	0.00247	0.02434	2.78605	4.98464	0.01124	0.21841	-1.73125	-0.53187	0	0	0	0	0	0	-0.06044	1.85985	0.46	1.39986	0	0.14662	0	4.04	-0.539	0.33474	13.7244	137.852	24.1479
GLN_226	-6.10716	1.45569	4.75184	-0.34106	0.03127	0.18275	3.09788	6.15942	0	0	-2.05908	-0.26392	0	0	0	0	0	0	0.49663	9.27115	4.5058	0	4.76535	0.21226	0	0	-0.1077	0.81365	26.8648	175.014	41.9862
LEU_227	-3.70743	0.54628	2.39667	-0.42989	0.19199	0.10506	2.03738	3.93975	0	0	-1.78509	-0.1828	0	0	0	0	0	0	0.09143	2.35925	0.93792	1.42133	0	-0.16106	0	0	1.3223	0.92665	10.0097	97.0967	112.903
ARG_228	-7.7098	0.78447	6.51744	-0.47772	0.25185	0.25981	4.17995	7.90893	0.07557	0.41359	-3.45367	0.29792	0	0	0	-0.27014	0	0	0.22444	6.13245	3.19534	2.93712	0	-0.27729	0	0	-0.1423	0.24213	21.0901	232.32	32.6799
TYR_229	-7.5072	2.16577	4.78163	-0.76988	0.09126	0.18074	3.76371	7.53547	0.00366	0.01629	-1.60671	-0.47838	0	0	0	0	0	0	0.44261	2.97554	0.20661	0	2.76893	-0.40201	0	0	1.7379	0.23719	16.1431	206.728	41.2718
TYR_230	-9.77846	2.59047	4.63873	-0.48502	0.03744	0.22433	3.95088	7.7573	0.01539	0.10299	-2.79118	-0.26554	0	0	0	-0.15045	0	0	-0.05361	4.45615	1.37252	0	3.08363	-0.24447	0	0	1.7379	1.29388	17.4929	248	0
ARG_231	-6.02758	1.76979	6.20159	-0.93018	1.04555	0.67423	3.36432	6.96863	0.05137	0.23361	-1.81179	-0.12527	0	0	0	0	0	0	-0.04516	8.51087	4.86978	3.64109	0	0.11673	0	0	-0.1423	1.53013	29.8954	146.684	118.316
SER_232	-5.50806	0.19584	5.42888	-0.03397	0.07449	0.02743	3.35619	6.51432	0.01918	0.20055	-2.16643	-0.60505	0	0	0	0	0	0	0.92402	12.3168	11.728	0.58887	0	0.62592	0	4.04	-0.539	0.7886	37.9766	162	0
ARG_233	-7.32972	2.09897	8.92833	-0.77214	0.32051	0.57068	4.20723	10.3854	0.00179	0.0075	-2.42971	0.07437	0	0	0	0	-0.02768	0	0.38967	22.3927	19.5632	2.82945	0	1.59367	0	0	-0.1423	3.78112	66.4431	178.546	86.4542
ASP_234	-4.19813	2.1063	5.01276	-0.11492	0.01834	0.37264	2.23701	6.19136	0.05807	0.35842	-0.5631	0.15894	0	0	0	-0.60382	0	0	4.51413	5.73523	1.25247	0	4.48277	0.29674	0	0	-1.6204	4.00901	29.7038	126.804	58.1962
ASP_235	-5.40329	3.23729	8.50767	-0.05242	0	0.09979	3.68357	9.34009	0.01803	0.15841	3.99646	-0.40219	0	0	0	0	0	0	0.31667	6.64435	1.45208	0	5.19228	0.24031	0	0	-1.6204	0.00265	35.4114	144.374	40.6258
GLY_236	-1.57802	0.28607	1.96388	-6e-05	0	0	0.86911	2.61465	0	0	-0.03888	-0.27638	0	0	0	0	0	0	1.45357	0	0	0	0	-1.42822	0	0	1.435	4.74904	10.0498	89.9369	74.0631
GLN_237	-3.03105	0.24825	3.60498	-0.33203	0.10952	0.28115	1.04979	3.94156	0	0	-0.57883	-0.42135	0	0	0	-0.54133	0	0	0.92022	5.81887	0.57369	0	5.24517	-0.13706	0	0	-0.1077	5.02253	21.6664	50.7292	166.271
ALA_238	-4.07906	2.82167	3.68788	-0.02801	0.02497	0	2.98014	5.81934	0.03022	0.17925	-1.39307	-0.59365	0	0	0	0	0	0	-0.12345	0	0	0	0	0.36589	0	0	2.2619	0.78704	12.741	123.054	29.9461
LYS_239	-4.36853	0.6671	5.0264	-0.60797	0.66171	0.34333	2.53997	5.89761	0.03302	0.24709	-1.74136	0.16554	0	0	0	0	0	0	-0.01757	12.2931	8.55738	3.73573	0	0.2081	0	0	-0.8895	3.47166	36.2228	145.934	106.066
ALA_240	-3.68734	1.03911	1.96185	-0.0232	0	0	2.56046	4.2128	0.04954	0.25057	-1.80498	-0.34389	0	0	0	0	0	0	4.94278	0	0	0	0	0.45774	0	0	2.2619	2.83077	14.7081	146.197	6.8031
GLY_241	-1.86156	0.05815	2.40831	-0.00042	0	0	1.60333	3.26996	0.05875	0.39754	-0.55403	-0.2294	0	0	0	0	0	0	2.21968	0	0	0	0	-2.51665	0	0	1.435	0.47034	6.75901	118.136	45.8638
LEU_242	-3.11178	0.32522	1.41079	-0.55677	0.58094	0.13561	0.51422	2.69703	0	0	-0.70916	0.38262	0	0	0	0	0	0	7.13438	0.9763	0.49815	0.47816	0	-0.20369	0	0	1.3223	0.75365	12.628	86.63	123.37
VAL_243	-6.80425	4.84099	3.33456	-0.25978	0.21342	0.05308	2.51415	6.16517	0.00327	0.01273	-0.9715	-0.3273	0	0	0	-0.60382	0	0	0.79771	0.41011	0.15883	0.25129	0	-1.14964	0	0	2.7371	0.13203	11.5082	180.176	1.82445
ASP_244	-5.37353	0.141	6.60792	-0.24824	0.02365	0.79772	3.59756	7.86441	0.00088	0.00967	-4.15843	-0.16724	0	0	0	-1.12493	0	0	0.59871	9.24106	3.31688	0	5.92418	-1.36046	0	0	-1.6204	0.67714	24.7475	151.694	33.3058
ASN_245	-7.40539	0.24734	8.42483	-0.32323	0.27374	0.52692	4.18744	10.3643	0.0313	0.29081	-2.65095	-0.54738	0	0	0	-0.45544	-0.51655	0	0.32521	4.65803	1.08164	0	3.57638	0.77952	0	0	-0.3009	1.2154	23.783	184	0
ASP_246	-5.74225	0.4504	7.5191	-0.11075	0.00723	0.31221	4.7178	8.85093	0.06928	0.34306	-3.55686	-0.07078	0	0	0	0	-0.02768	0	0.40109	10.2399	3.29523	0	6.94463	0.27791	0	0	-1.6204	0.46749	32.7675	156.24	28.7605
LEU_247	-8.64036	3.44635	3.42564	-0.62507	2.69792	0.14122	2.99282	7.2949	0	0	-2.2396	0.4459	0	0	0	0	0	0	0.75709	1.91714	0.79971	1.11743	0	-0.27621	0	0	1.3223	0.05209	14.6293	210	0
TYR_248	-6.02867	1.30865	3.52447	-0.58268	0.15447	0.3244	3.26983	5.69507	0.02157	0.12574	-2.25162	-0.26276	0	0	0	0	0	0	-0.12191	3.38308	0.29586	0	3.08723	-0.08087	0	0	1.7379	-0.08735	13.5124	130.245	117.755
HIS_249	-6.6911	0.94727	5.08483	-0.63621	0.03981	0.597	3.11521	6.97128	0.07557	0.41359	-2.57642	-0.31559	0	0	0	0	0	0	2.64552	5.53124	1.74841	0	3.78283	-0.47335	0	0	0.8406	0.15069	21.2512	233.308	7.69163
ALA_250	-3.96939	0.75832	2.22979	-0.02542	0.00074	0	2.57249	4.57791	0	0	-1.88073	-0.31854	0	0	0	0	0	0	1.80617	0	0	0	0	0.50497	0	0	2.2619	0.25851	8.77671	130.35	22.6497
HIS_251	-5.3593	0.51509	4.45284	-0.68753	1.09482	0.87806	2.43862	6.30168	0	0	-1.38484	-0.15293	0	0	0	0	0	0	-0.12614	4.67541	0.64778	0	4.02763	-0.75213	0	0	0.8406	1.22916	18.6388	199.089	41.9111
PHE_252	-6.65408	1.43345	3.70244	-0.62929	0.09639	0.37175	3.52431	6.45684	0	0	-2.37308	0.32254	0	0	0	0	0	0	0.65286	3.22613	0.68741	0	2.53872	-0.62264	0	0	1.9602	0.69489	15.3888	173.466	63.5343
GLU_253	-5.71391	1.94542	5.8705	-0.28166	0.15771	0.35023	3.27572	6.75849	0.00982	0.07204	-2.90278	-0.21084	0	0	0	0	0	0	2.45343	6.86203	2.38884	0	4.47319	0.06713	0	0	-1.6358	0.6243	24.5638	186.42	36.5803
LEU_254	-5.46206	0.72257	3.68034	-0.67381	2.10901	0.32923	2.94567	5.40237	0.01285	0.04528	-2.24471	-0.06032	0	0	0	0	0	0	1.7369	5.28206	3.59331	1.68875	0	-0.40166	0	0	1.3223	1.1076	21.1357	136.454	73.5459
LYS_255	-6.17854	1.65885	5.7848	-0.57181	0.27876	0.29994	3.39179	6.57608	0.00613	0.08182	-2.4463	0.2173	0	0	0	0	0	0	0.16841	7.98837	4.54073	3.44764	0	0.48582	0	0	-0.8895	0.09077	24.9311	180.75	71.2495
HIS_256	-6.60046	0.92458	6.14789	-0.6935	0.04458	0.63132	3.15505	7.81679	0.02848	0.23317	-1.63242	-0.84274	0	0	0	0	0	0	-0.00699	4.0696	1.16252	0	2.90708	-0.72345	0	0	0.8406	0.2314	17.6935	166.704	74.2963
GLN_257	-4.93706	0.88381	4.42171	-0.19894	0.07116	0.17963	1.62415	5.50452	0.02758	0.31737	-0.22313	-0.35203	0	0	0	0	0	0	0.41606	5.92632	2.24129	0	3.68503	1.11963	0	0	-0.1077	3.09711	23.6965	129.846	87.1542
ASN_258	-5.90856	3.01621	5.10381	-0.17506	0.03174	0.27952	2.34026	6.50715	0.00122	0.00367	-1.43111	-0.25712	0	0	0	0	0	0	-0.02786	2.316	0.00047	0	2.31553	-0.04073	0	0	-0.3009	2.33481	16.109	167.403	16.5975
HIS_259	-7.1411	2.08364	5.77064	-0.48085	0.03296	0.55907	3.84775	7.85917	0	0	-2.16413	-0.08714	0	0	0	0	0	0	4.80436	5.76831	2.76613	0	3.00218	0.00245	0	0	0.8406	-0.84302	26.621	184.715	56.2847
LYS_260	-7.21781	1.55671	6.76092	-0.38814	0.20338	0.15543	3.84617	7.38982	0.00122	0.00367	-3.24685	-0.06231	0	0	0	0	0	0	0.54399	5.20762	1.42729	3.78033	0	0.0388	0	0	-0.8895	-0.51877	18.592	195.133	56.8671
PHE_261	-5.82559	1.5153	3.40034	-0.57273	0.0579	0.2882	3.07832	5.56738	0.04136	0.18363	-1.99776	-0.05301	0	0	0	0	0	0	2.70947	4.60775	0.15541	0	4.45234	-0.51819	0	0	1.9602	1.14412	20.1945	126.689	110.311
ILE_262	-7.77141	7.40944	4.72532	-0.46458	0.58691	0.10344	3.38976	6.81012	0	0	-2.67872	-0.1129	0	0	0	0	0	0	0.80124	2.54062	2.08557	0.45506	0	-0.86704	0	0	1.8006	1.22736	20.0408	191.968	15.0318
PHE_263	-5.77395	0.88013	3.35067	-0.75342	0.06244	0.11303	2.85307	5.76927	0.04136	0.18363	-1.94943	-0.51303	0	0	0	0	0	0	2.66804	3.43131	0.00906	0	3.42224	-0.07266	0	0	1.9602	-0.35997	15.322	170.603	66.397
GLY_264	-3.65894	0.35113	3.27486	-0.00068	0	0	2.47154	4.89142	0	0	-2.27161	-0.26913	0	0	0	0	0	0	2.945	0	0	0	0	1.08964	0	0	1.435	0.98909	11.2473	154.056	9.94378
THR_265	-5.7313	1.86372	4.62882	-0.2391	0.5969	0.09549	4.02205	6.7272	0	0	-3.38991	-0.41905	0	0	0	0	-0.57875	0	1.97016	1.75393	0.77307	0.98086	0	0.31727	0	5.01625	-0.9333	1.91594	19.3703	155.738	18.2621
PHE_266	-7.92559	1.52454	2.9242	-0.52193	1.09188	0.22813	3.1663	6.21348	0	0	-2.58351	0.15281	0	0	0	0	0	0	1.8637	4.77556	0.07215	0	4.70341	-0.25811	0	0	1.9602	0.29054	17.6778	221.606	15.3938
GLN_267	-7.16369	1.26698	6.05193	-0.41614	0.35852	0.41714	3.83437	7.7852	0.00714	0.02026	-2.57877	-0.79065	0	0	0	0	-0.57875	0	-0.0915	7.36728	3.44132	0	3.92596	0.26536	0	0	-0.1077	0.43856	23.4528	177.919	39.081
HIS_268	-9.76276	2.63321	7.80242	-0.41462	0.01652	0.4286	3.52167	10.7707	0	0	-2.70962	-0.27863	0	0	0	-0.47312	-0.51655	0	1.25893	3.3409	0.0019	0	3.339	0.20161	0	0	0.8406	0.54483	20.5456	239.271	1.72864
HIS_269	-5.16101	0.71146	5.34787	-0.49121	0.17913	0.55764	2.80794	6.71142	0.00714	0.02026	-2.4472	-0.20472	0	0	0	0	0	0	0.66672	3.41777	0.52033	0	2.89744	-0.37976	0	0	0.8406	-0.67778	15.324	150.264	90.7363
GLY_270	-2.15015	0.06374	2.73425	-0.00063	0	0	1.30861	3.39657	0	0	-2.19738	-0.22255	0	0	0	-0.01719	0	0	-0.16561	0	0	0	0	-2.52651	0	0	1.435	0.08942	1.74758	128.826	35.1739
ASP_271	-2.95584	0.36048	3.8622	-0.12635	0.04192	0.40489	1.77231	4.43623	0	0	-1.94715	-0.31256	0	0	0	-0.64931	0	0	-0.0519	4.48224	0.89443	0	3.58781	-0.38603	0	0	-1.6204	0.0529	11.8459	92.5329	92.4671
THR_272	-6.16736	1.65974	4.81272	-0.11522	0.2759	0.06982	2.48267	6.78205	0.00039	0.00142	-2.02316	-0.6625	0	0	0	-0.93107	0	0	-0.01141	2.83493	2.56478	0.27015	0	-0.98098	0	5.02014	-0.9333	-0.507	14.4427	157.411	16.589
ALA_273	-5.62566	3.28181	2.11788	-0.01777	0	0	1.15207	4.52224	0.00049	0.00825	-0.82678	-0.05597	0	0	0	0	0	0	-0.04272	0	0	0	0	0.68438	0	0	2.2619	1.40869	8.86882	152.106	0.893609
PHE_274	-7.56781	0.75385	1.7165	-0.74416	0.23207	0.20954	1.70346	4.32358	0	0	0.00894	-0.60747	0.64906	0	0	0	0	0	1.98495	3.79913	0.2425	0	3.55663	-0.25929	0	0	1.9602	4.26329	16.225	229.9	7.09981
PRO_275	-5.77263	1.14563	1.08414	-0.18974	0.00582	0.13281	0.65112	1.91128	0.02406	0.29999	-0.1751	0.13098	0.6662	0	0	0	0	0	0.11095	0.32073	0.04077	0.27996	0	-0.61631	0	0	-4.6787	3.08935	-1.53868	197.367	1.63284
TYR_276	-5.80528	1.45635	3.21713	-0.64515	0.02462	0.37279	2.26611	5.0218	0.06674	0.49661	-1.72927	-0.3545	0	0	0	0	0	0	0.24215	2.99629	1.02661	0	1.96968	-0.71995	0	0	1.7379	0.711	12.3516	219.86	28.1403
LEU_277	-5.34429	0.4638	1.07331	-0.46512	0.42378	0.09546	1.16092	3.80429	0.06572	0.23642	-0.33456	0.36257	0	0	0	0	0	0	0.70473	2.25367	1.7408	0.51287	0	-0.4779	0	0	1.3223	0.13142	7.73019	199.342	10.6584
THR_278	-3.94842	0.66343	3.60816	-0.11595	0.19068	0.05699	1.4723	5.15559	7e-05	0.00039	-0.21669	-0.51864	0	0	0	0	0	0	0.24624	0.22254	0.08916	0.13338	0	-0.51094	0	5.02892	-0.9333	1.05896	11.6829	140.024	33.9755
GLY_279	-2.63184	0.65235	2.68493	-4e-05	0	0	0.94847	3.49295	0.00289	0.02629	-0.10273	-0.38953	0	0	0	0	0	0	0.62205	0	0	0	0	0.01613	0	0	1.435	3.93656	10.6935	139.232	24.7676
GLY_280	-2.62675	0.63613	2.87372	-0.0007	0	0	0.58235	3.75757	0.06572	0.23642	-0.29581	-0.27251	0	0	0	0	0	0	-0.18544	0	0	0	0	-2.28295	0	0	1.435	3.57237	7.49515	145.945	18.055
GLU_281	-3.08298	0.56166	4.61405	-0.41037	0.2395	1.24522	1.77294	5.06596	0.08898	0.43249	-1.67664	0.06135	0	0	0	0	-0.37189	0	1.40281	10.8099	1.73961	0	9.07025	1.21815	0	0	-1.6358	3.93993	35.0851	152.227	70.7726
THR_282	-3.50904	2.5174	2.33517	-0.2043	0.27474	0.0865	1.93602	3.38178	0	0	0.54818	0.2117	0	0	0	0	0	0	0.2756	12.5497	10.1192	2.43053	0	-0.82502	0	5.01468	-0.9333	2.41239	38.6219	153.118	20.8819
GLY_283	-3.20616	2.46153	2.64231	-7e-05	0	0	1.27399	4.04591	0	0	-0.55587	-0.38292	0	0	0	-0.27014	0	0	0.26866	0	0	0	0	0.28814	0	0	1.435	0.60032	8.60069	154.1	9.90046
LEU_284	-6.28238	1.46674	1.53293	-0.5034	0.45491	0.14321	2.12055	4.20888	0.03882	0.14297	0.25611	0.11157	0	0	0	0	0	0	-0.06174	6.54417	6.13198	0.41219	0	-0.47401	0	0	1.3223	1.26912	18.8349	206.447	3.55309
LEU_285	-4.05375	3.08909	2.61802	-0.39275	0.99277	0.05319	1.14895	3.91066	0.03882	0.14297	0.63219	0.09738	0	0	0	0	0	0	1.57487	4.10246	3.1128	0.98966	0	0.39421	0	0	1.3223	0.4887	20.2626	162.46	47.5403
ILE_286	-0.88286	0.04073	1.03593	-0.46919	1.26642	0.08921	0.21289	1.23438	0.01483	0.08654	0.6859	-0.02011	0	0	0	0	0	0	25.2246	26.102	24.2791	1.82294	0	-0.27289	0	0	1.8006	0.36655	82.6176	21.7391	185.261
ASP_287	-3.49002	0.66102	4.89651	-0.09223	0	0.24151	2.53512	5.6906	0.01483	0.08654	-3.03365	-0.93765	0	0	0	-0.61429	0	0	1.00645	6.16969	2.03534	0	4.13435	0.70669	0	0	-1.6204	0.75081	19.1412	150.879	34.1206
THR_288	-4.41907	3.60027	3.90344	-0.2188	1.69213	0.08158	2.0784	5.39492	0.12231	0.81688	0.53271	-1.04072	0	0	0	0	0	0	11.2185	3.31702	0.12857	3.18845	0	-0.92592	0	4.96872	-0.9333	1.7516	35.2577	155.954	18.0463
TRP_289	-10.4258	10.6848	6.48104	-0.64114	1.05937	0.36682	2.53206	9.37061	0	0	-1.43125	-0.21961	6.98183	0	0	-0.23985	0	0	0.75794	9.42431	5.67258	0	3.75173	1.94514	0	0	3.7077	9.81863	59.5969	232.284	37.7163
PRO_290	-4.56651	5.20074	3.25809	-0.10044	0.00586	0.0628	0.93771	3.05629	0.0471	0.39186	-0.40276	0.82962	7.31516	0	0	0	0	0	0.7326	1.59185	1.16059	0.43126	0	2.1255	0	0	-4.6787	9.83435	27.233	182.992	16.0076
GLY_291	-3.36758	1.23039	3.01136	-0.00038	0	0	1.63475	4.3376	0.03739	0.1431	-0.11888	-0.29969	0	0	0	-0.18143	0	0	5.22008	0	0	0	0	1.2915	0	0	1.435	2.54196	16.9152	164	0
GLU_292	-5.71665	2.32749	6.77911	-0.68667	0.12914	1.68239	2.78331	7.81872	0.05158	0.38929	-2.65064	-2.05918	0	0	0	-0.06244	-1.03116	0	6.76869	23.2435	13.5945	0	9.64901	-0.03523	0	0	-1.6358	2.89094	64.23	206.06	16.9398
PHE_293	-8.87552	2.48494	4.63449	-0.66383	0.29812	0.40179	2.13569	7.94931	0.0888	0.43925	-2.12257	-0.4098	0	0	0	-0.53556	0	0	0.63529	3.20224	0.01592	0	3.18631	0.5346	0	0	1.9602	2.91498	18.2747	236.23	0.76969
LEU_294	-8.0452	2.70979	4.45677	-0.51283	0.4798	0.15473	2.18249	7.29087	0.09059	0.45835	-0.98929	0.03235	0	0	0	0	0	0	-0.10722	2.52785	1.84333	0.68452	0	0.45816	0	0	1.3223	1.9395	16.9769	209.488	0.512343
ASN_295	-6.87906	1.94598	7.06729	-0.18597	0.00544	0.2332	3.02621	8.62875	0.00528	0.03024	-2.78043	-0.22644	4.38112	0	0	-0.12763	-0.39968	0	1.59639	4.22587	0.12139	0	4.10448	0.61027	0	0	-0.3009	3.3207	28.4025	184	0
PRO_296	-6.27972	2.63958	3.89268	-0.15973	0.00249	0.1112	1.79617	4.62698	0.0001	0.0005	-0.86762	0.08955	4.43038	0	0	0	0	0	0.02155	1.18458	0.68547	0.49911	0	-1.0706	0	0	-4.6787	2.34237	9.26633	180.549	18.4514
LYS_297	-5.31191	0.64495	6.4356	-0.40767	0.17045	0.30799	2.96539	7.15296	0.00021	0.00094	-2.23202	0.15149	0	0	0	-0.01719	0	0	0.48074	4.18112	1.71356	2.46756	0	0.41672	0	0	-0.8895	0.95949	19.1909	172.815	79.1851
GLU_298	-9.75552	2.38462	11.6606	-0.22084	0.02461	0.22707	5.42823	12.9429	0.00336	0.01531	-4.33242	-0.05535	0	0	0	-0.12763	0	0	0.85838	5.89307	0.71434	0	5.17873	0.06312	0	0	-1.6358	1.18413	30.4509	223	0
LYS_299	-7.35092	1.44759	7.46336	-0.66681	0.54064	0.6607	4.06746	8.3987	0	0	-3.07137	0.1562	0	0	0	0	0	0	0.27185	7.35828	4.247	3.11128	0	0.50158	0	0	-0.8895	-0.09242	26.1536	200.05	51.9496
ALA_300	-5.08517	1.33037	3.3226	-0.02017	0	0	3.40319	6.03459	0	0	-3.26047	-0.28506	0	0	0	0	0	0	3.48303	0	0	0	0	-0.17925	0	0	2.2619	0.38719	11.3927	153	0
TYR_301	-6.58345	2.35813	3.76838	-0.64364	0.07503	0.39131	3.44132	6.36327	0	0	-2.69413	-0.1645	0	0	0	0	0	0	0.87213	2.95576	0.38467	0	2.57109	-0.27875	0	0	1.7379	-0.04982	14.5047	186.668	61.332
SER_302	-4.80699	0.71461	4.2699	-0.03469	0.03814	0.0418	3.17688	5.89573	0	0	-2.08337	-0.12681	0	0	0	0	0	0	0.06896	7.1501	6.42874	0.72136	0	0.03553	0	4.04	-0.539	-0.03193	24.959	140.791	21.2094
PHE_303	-5.09212	0.97573	3.39186	-0.66735	0.42224	0.41476	2.95355	5.28302	0.01099	0.16172	-2.9261	0.10892	0	0	0	0	0	0	1.15727	3.94924	1.0279	0	2.92133	-0.1314	0	0	1.9602	0.08512	16.0069	139.873	97.1267
ARG_304	-8.59226	6.57827	7.48494	-0.57146	0.32351	0.3351	3.43953	7.82208	0	0	-2.90835	0.46464	0	0	0	0	0	0	2.56191	17.3376	14.4538	2.88376	0	-0.22435	0	0	-0.1423	-0.18196	51.0644	195.778	69.2218
TYR_305	-7.40197	1.28366	4.53983	-0.76221	0.09119	0.07148	3.56422	7.06419	0.01476	0.08861	-1.67822	-0.37113	0	0	0	0	0	0	1.0651	5.37291	0.05037	0	5.32254	-0.61673	0	0	1.7379	-0.47302	18.9635	183.231	64.7685
GLU_306	-7.47459	1.85935	8.11023	-0.16121	0.00882	0.17936	4.14084	8.81681	0.01476	0.08861	-3.94347	-0.57122	0	0	0	0	0	0	0.67698	7.31546	2.48502	0	4.83044	-0.13294	0	0	-1.6358	-0.44957	24.1579	203.884	19.1156
TYR_307	-8.75744	3.36314	4.56587	-0.84997	0.17186	0.19618	3.18692	7.77066	0	0	-1.96548	-0.44871	0	0	0	0	0	0	5.00198	3.78097	0.81951	0	2.96146	-0.23076	0	0	1.7379	1.35256	22.6567	215.379	32.6213
ASP_308	-4.87627	1.14752	5.61038	-0.16555	0.07036	0.51679	2.99761	6.68092	0	0	-2.12293	-1.45902	0	0	0	0	0	0	1.79471	5.14614	0.02022	0	5.12593	0.07972	0	0	-1.6204	1.0345	19.9806	130.634	54.3657
PHE_309	-7.74581	2.35425	4.73809	-0.59415	0.4881	0.25505	2.94736	7.25945	0	0	-1.77442	-0.12033	0	0	0	0	0	0	-0.05424	5.99155	3.16429	0	2.82726	-0.40724	0	0	1.9602	-0.31567	20.9738	185.513	51.4872
LYS_310	-4.71083	1.21889	5.89003	-0.53388	0.59403	0.26953	1.93666	6.487	0	0	-1.13464	0.35812	0	0	0	0	0	0	-0.06052	6.57902	3.10573	3.47329	0	-0.10236	0	0	-0.8895	1.21856	23.6991	132.94	119.06
GLU_311	-2.64106	1.25706	3.18749	-0.58822	0.54295	1.42125	0.79301	3.5793	0	0	0.24037	-0.7083	0	0	0	0	0	0	0.67548	10.387	3.92651	0	6.4605	-0.09291	0	0	-1.6358	2.85215	29.6568	104.724	118.276
TYR_312	-2.83653	0.4737	2.04107	-0.48817	0.9144	0.18144	0.73879	2.90986	0	0	0.41477	-0.22744	0	0	0	0	0	0	0.64842	7.71629	1.96192	0	5.75437	-0.10249	0	0	1.7379	3.69774	25.536	63.1546	184.845
VAL_313	-5.20301	1.0222	3.92531	-0.28757	0.38322	0.06994	2.4547	5.8465	0.03531	0.17563	-1.21353	-0.52465	0.02634	0	0	0	0	0	0.83412	1.66115	1.37055	0.2906	0	-0.62287	0	0	2.7371	4.55019	17.5312	129.732	52.2684
PRO_314	-2.84709	0.87163	1.70828	-0.13207	0.00075	0.09455	1.22545	2.38533	0.03663	0.28247	-0.61223	0.23006	0.15594	0	0	0	0	0	0.06671	0.38446	0.1777	0.20676	0	-1.58514	0	0	-4.6787	1.99565	-0.03285	110.835	88.1649
GLY_315	-2.91363	0.30549	2.50783	-8e-05	0	0	1.50683	3.77736	0	0	-0.53794	-0.35936	0	0	0	0	0	0	0.48838	0	0	0	0	-1.93512	0	0	1.435	1.02879	5.30357	145.4	18.6001
LEU_316	-6.71279	2.84777	2.92832	-0.47639	0.59385	0.06895	2.2477	5.28602	0.03531	0.17563	-1.35235	0.4249	0	0	0	0	0	0	0.38693	2.15397	1.00146	1.15251	0	0.2187	0	0	1.3223	1.84461	14.1474	169.158	40.8424
CYS_317	-4.43532	0.6126	3.80629	-0.06797	0	0.05275	2.92483	5.2796	0	0	-1.21608	-0.47176	0	0	0	0	0	0	0.71516	2.74079	2.60911	0.13167	0	-0.82591	0	0	4.3148	0.95851	17.1291	99.0157	56.9843
PHE_318	-6.21158	0.59357	3.65115	-0.70505	0.08137	-0.00035	2.94053	5.938	0	0	-1.7015	-0.42948	0	0	0	0	0	0	0.06759	5.48466	0.00556	0	5.4791	-0.54031	0	0	1.9602	0.27295	16.8864	179.859	57.1407
MET_319	-9.5606	3.61072	6.50611	-0.52799	0.11272	0.15493	3.63012	7.76323	0.00294	0.01559	-2.48444	-0.18062	0	0	0	0	0	0	0.00154	5.16386	1.49333	3.67053	0	-0.09034	0	0	1.4633	-0.01901	20.7259	255.34	6.66046
THR_320	-5.22794	1.59836	4.20855	-0.23896	0.59868	0.08786	2.82415	5.45691	0.00756	0.10665	-2.40793	-0.49458	0	0	0	0	0	0	2.71415	2.0067	1.65032	0.35638	0	0.21543	0	5.0196	-0.9333	1.02049	18.5691	127.79	46.2096
ARG_321	-8.94745	1.88708	9.03536	-0.71997	0.31774	0.50217	4.77721	9.81781	0.10775	0.85957	-3.76809	0.5437	0	0	0	-0.37444	-0.6256	0	1.1476	7.01803	3.52907	3.48896	0	-0.34772	0	0	-0.1423	1.02246	29.1289	251.419	13.5815
TYR_322	-5.75632	0.87354	4.79652	-0.75547	0.0788	0.10046	3.58956	6.49102	0.01229	0.22858	-3.14577	-0.43441	0	0	0	0	0	0	0.98625	3.63565	0.51255	0	3.1231	0.00907	0	0	1.7379	0.23	16.3133	161.782	86.2182
THR_323	-5.89205	0.69737	4.40464	-0.13333	0.04896	0.05291	3.20896	6.46277	0.01099	0.16172	-1.78036	-0.82366	0	0	0	0	0	0	-0.02615	3.97635	3.70039	0.27596	0	0.00792	0	4.99061	-0.9333	0.16171	18.5724	165.795	8.20454
THR_324	-4.32466	0.59092	2.95002	-0.21899	0.27388	0.09695	2.86615	4.93364	0.03196	0.36922	-2.65973	-0.21752	0	0	0	0	0	0	0.62237	2.42785	0.4273	2.00055	0	-0.30216	0	4.99809	-0.9333	0.39334	14.3259	125.359	48.6411
GLY_325	-3.87017	0.58609	2.97981	-0.00055	0	0	2.65978	4.58874	0	0	-2.90883	-0.22704	0	0	0	0	0	0	1.97315	0	0	0	0	1.11146	0	0	1.435	1.35745	9.68489	163.392	0.60815
HIS_326	-6.03507	3.6222	6.04112	-0.70015	0.12779	0.7985	3.47103	7.55329	0.00021	0.00094	-0.90877	-0.07097	0	0	0	0	0	0	9.01893	7.61435	4.79423	0	2.82012	-0.22135	0	0	0.8406	2.69674	41.4638	169.369	71.6307
ASN_327	-4.57754	8.15758	4.54969	-0.18422	0.00846	0.21774	1.94658	5.99742	0.0001	0.0005	1.25477	-0.46211	0	0	0	0	0	0	0.89463	10.8917	1.7897	0	9.10203	-1.57724	0	0	-0.3009	2.75192	40.4608	107.858	76.1423
ILE_328	-9.65171	3.37734	5.63856	-0.50921	2.69916	0.11916	2.25971	8.80506	0	0	-1.84793	0.28593	0	0	0	0	0	0	4.20649	1.04849	0.41398	0.63451	0	-0.93835	0	0	1.8006	0.75995	19.1017	207	0
TYR_329	-5.94687	1.13186	2.6308	-0.77281	0.26193	0.29714	1.30466	3.62238	3e-05	0.00096	-0.76909	-0.56859	0	0	0	0	0	0	-0.07485	4.03392	0.30797	0	3.72595	-0.29644	0	0	1.7379	0.37055	10.9974	154.849	93.1509
ALA_330	-4.78341	1.22088	3.66522	-0.02802	0.01192	0	2.83632	6.21409	0	0	-1.57878	-0.47909	0.02098	0	0	0	0	0	0.12261	0	0	0	0	-0.09406	0	0	2.2619	4.11263	13.5032	144.8	8.19984
PRO_331	-4.13101	0.90837	2.33646	-0.06714	0	0.04296	1.1964	3.06258	0	0	0.31637	0.6619	0.06006	0	0	0	0	0	5.19798	5.3839	4.57099	0.81291	0	3.40271	0	0	-4.6787	4.5663	23.643	96.3628	102.637
ASN_332	-3.83128	0.46331	2.7861	-0.22842	0.02386	0.42431	1.37691	4.0533	3e-05	0.00096	-0.62027	-0.66228	0	0	0	0	0	0	-0.07303	4.96611	0.28796	0	4.67815	0.5413	0	0	-0.3009	2.87793	16.7641	78.0009	105.999
LEU_333	-7.63649	3.2884	2.80633	-0.56087	1.07837	0.18681	2.37509	6.41509	0.00399	0.05591	-1.53941	0.01307	0	0	0	0	0	0	4.50714	2.00535	1.39057	0.61479	0	0.19712	0	0	1.3223	1.74166	18.2652	198.214	11.7862
GLY_334	-2.23123	0.23077	1.71054	-6e-05	0	0	0.7585	2.85085	0	0	-0.59852	-0.30781	0	0	0	0	0	0	-0.34416	0	0	0	0	-2.52662	0	0	1.435	0.80176	1.77903	114.341	49.6588
GLY_335	-3.42945	0.7799	3.20282	-0.00085	0	0	2.02099	4.75742	0	0	-1.5637	-0.28138	0	0	0	0	0	0	9.67984	0	0	0	0	-2.513	0	0	1.435	0.90037	14.988	138.66	25.3403
THR_336	-3.60896	0.88812	2.00975	-0.11351	0.12059	0.0595	0.91626	3.33118	0	0	0.40933	-0.44528	0	0	0	0	0	0	0.15565	0.32351	0.05184	0.27167	0	-0.99959	0	5.03688	-0.9333	0.84655	8.32018	96.93	77.07
ASN_337	-3.72898	7.37658	3.41395	-0.20666	0.27582	0.43108	0.9413	4.70073	0.01518	0.20135	0.1084	-0.79898	0	0	0	0	0	0	0.71695	17.0858	11.0094	0	6.07649	-1.66629	0	0	-0.3009	0.76965	46.4209	78.6919	105.308
LEU_338	-8.69985	2.40844	4.91106	-0.46974	0.41461	0.0817	2.74523	8.10447	0	0	-2.52564	0.4928	0	0	0	0	0	0	-0.06488	2.28806	1.94504	0.34302	0	0.73722	0	0	1.3223	1.89179	15.9256	198.466	11.5336
LYS_339	-5.38265	1.06429	5.02006	-0.41631	0.20986	0.22278	2.76732	5.89734	0	0	-0.93967	-0.15351	0	0	0	-1.12627	0	0	0.34031	6.5212	3.78483	2.73637	0	0.32919	0	0	-0.8895	1.84513	21.8308	146.622	105.378
GLU_340	-6.70504	0.54611	7.36936	-0.1891	0.01077	0.23486	4.66649	8.5903	0.15813	0.95425	-2.34942	-0.3861	0	0	0	0	0	0	0.02849	5.78992	0.96089	0	4.82903	-0.10737	0	0	-1.6358	0.40254	23.1683	223	0
ARG_341	-5.52056	0.3547	5.8813	-1.263	0.95647	1.22966	3.68049	6.86417	0	0	-1.66627	0.15789	0	0	0	0	0	0	2.1872	20.4264	16.665	3.76133	0	-0.278	0	0	-0.1423	-0.21479	53.0797	190.581	74.4191
GLU_342	-7.69707	1.26257	9.48844	-0.1884	0.03245	0.14194	5.58957	10.2528	0.06353	0.50535	-1.60374	-0.0493	0	0	0	-0.18143	0	0	-0.02101	4.74161	0.13484	0	4.60677	-0.18261	0	0	-1.6358	0.80036	26.0609	221.461	1.53938
THR_343	-4.84663	0.48431	3.90122	-0.18992	0.29608	0.07747	2.79711	5.4559	0.00481	0.04793	-2.36206	-0.5634	0	0	0	0	0	0	0.09377	2.17516	1.78864	0.38652	0	0.4332	0	5.0484	-0.9333	2.14741	16.2426	141.949	32.0509
ASP_344	-7.16259	1.7405	8.57534	-0.10397	0.00641	0.3013	5.31682	9.84796	0.05083	0.46269	-2.30066	-0.21903	0	0	0	0	-0.6256	0	0.90663	3.76033	0.36646	0	3.39387	1.00586	0	0	-1.6204	1.24727	24.95	183.176	1.82445
PHE_345	-5.70615	0.41031	3.36331	-0.54228	0.0479	0.29766	2.85397	5.44533	0.00023	0.00093	-2.69754	-0.00313	0	0	0	0	0	0	3.18372	2.84791	0.25013	0	2.59778	-0.15431	0	0	1.9602	-0.05793	14.098	167.461	69.5386
ASP_346	-6.39431	3.93364	7.20485	-0.26829	0.22288	0.90393	4.1004	8.04241	0.03134	0.10355	-3.45831	-1.11502	0	0	0	0	-1.01214	0	-0.1559	5.16128	1.82266	0	3.33862	-1.21642	0	0	-1.6204	0.23737	19.8621	172.961	12.0395
LEU_347	-5.03523	1.30499	3.53704	-0.71856	1.25774	0.25927	3.16242	5.78564	0.02886	0.08849	-2.36389	0.16688	0	0	0	0	0	0	-0.07726	2.76651	1.54173	1.22478	0	-0.12744	0	0	1.3223	1.09227	15.2165	147.059	62.9412
GLY_348	-3.34707	0.84831	3.50237	-0.00031	0	0	2.38074	4.77128	0.0334	0.11011	-1.00403	-0.30924	0	0	0	0	0	0	3.26099	0	0	0	0	2.57295	0	0	1.435	3.49019	17.7447	145.366	18.6345
TYR_349	-6.57255	1.40222	3.44871	-0.85765	0.86921	0.25763	2.8215	6.28094	0.06867	0.38426	-1.9375	-0.22575	0	0	0	0	0	0	-0.09869	4.32869	0.05908	0	4.26962	-0.09765	0	0	1.7379	3.36155	19.5002	182.239	65.761
THR_350	-3.48417	0.31136	3.04442	-0.23038	0.14118	0.08672	1.58759	4.5996	0.03895	0.40125	-0.56437	-0.4035	0	0	0	0	0	0	0.12784	4.92759	2.86837	2.05922	0	-0.23855	0	4.93156	-0.9333	0.44638	19.7177	94.869	79.131
VAL_351	-5.5507	0.48477	3.78341	-0.30476	1.24904	0.07672	3.03279	6.35572	0.0032	0.01335	-2.49314	-0.65521	0	0	0	0	0	0	15.2345	2.40884	2.24088	0.16796	0	0.34976	0	0	2.7371	1.32817	30.4624	158.52	23.4798
GLN_352	-3.28819	0.45416	2.88154	-1.17015	0.33208	1.79098	1.56701	3.96232	0.03689	0.39466	0.72427	0.62453	0	0	0	0	0	0	8.12192	12.4326	4.03668	0	8.39592	-0.03318	0	0	-0.1077	0.83395	41.9903	118.236	98.7644
SER_353	-2.7524	0.56013	3.34022	-0.02436	0.00221	0.02845	1.65431	4.06265	0.0014	0.02109	1.3461	0.04503	0	0	0	0	0	0	1.28936	3.88403	2.06087	1.82316	0	1.36514	0	4.04	-0.539	2.39021	24.5986	84.3079	77.6921
GLY_354	-1.56773	0.16782	1.75915	-0.00016	0	0	0.71779	2.3086	0	0	0.74234	-0.15757	0	0	0	0	0	0	1.22812	0	0	0	0	-2.41329	0	0	1.435	3.88703	8.10711	114.309	49.691
TRP_355	-2.88306	1.96116	0.89365	-1.41619	0.43322	0.62587	0.46503	2.09712	0.0288	0.31047	0.86352	-0.60381	0	0	0	0	0	0	2.78606	2.53419	0.18069	0	2.3535	0.01335	0	0	3.7077	0.7647	15.116	78.3039	191.696
LEU_356	-5.94385	2.544	2.38639	-0.53077	0.57417	0.17044	1.56146	4.78451	0	0	-0.59245	0.00642	0	0	0	0	0	0	0.59272	2.1487	1.89027	0.25843	0	0.06834	0	0	1.3223	1.40343	12.6445	152.98	57.0199
LYS_357	-5.58186	0.89606	6.15825	-0.51268	0.22816	0.25472	3.13847	7.33701	0.04948	0.31794	0.80959	0.87222	0	0	0	0	0	0	1.07929	9.25501	6.2774	2.97761	0	-0.05736	0	0	-0.8895	2.09783	34.7077	154.293	97.7068
ASN_358	-4.10635	0.52478	4.49533	-0.18909	0.04029	0.32174	2.05524	5.43456	0.00615	0.03539	-1.46795	-0.85924	0	0	0	0	0	0	0.27455	3.13581	0.58676	0	2.54905	-0.00019	0	0	-0.3009	2.56816	15.1041	107.635	76.3655
LEU_359	-5.665	2.08097	3.36098	-0.73425	1.55977	0.26377	2.64559	5.39375	1e-05	1e-05	-2.12764	0.11719	0	0	0	0	0	0	1.26285	6.2435	5.50058	0.74292	0	-0.58988	0	0	1.3223	1.98958	23.367	176.181	33.8194
GLY_360	-3.47416	1.7	3.31443	-0.00061	0	0	2.62503	4.78452	0.00499	0.0145	-2.00389	-0.29624	0	0	0	0	0	0	0.47693	0	0	0	0	1.98162	0	0	1.435	2.11403	12.6761	148.558	15.4415
LEU_361	-4.53955	0.91084	3.09483	-0.52607	1.56362	0.12064	3.01599	4.68888	0	0	-2.23609	0.10126	0	0	0	0	0	0	0.83348	3.67678	2.18336	1.49341	0	-0.27997	0	0	1.3223	2.72842	18.1521	145.35	64.6501
ARG_362	-6.97252	2.70376	7.74538	-0.53429	0.1482	0.29799	3.69235	8.44628	0.02054	0.06907	-2.86801	0.44218	0	0	0	0	-1.01214	0	1.47279	6.07827	3.35029	2.72797	0	-0.21293	0	0	-0.1423	1.25042	26.7033	176.617	88.3835
ALA_363	-3.48824	0.4026	3.49547	-0.02661	0.00498	0	2.8766	4.70527	0	0	-2.44649	-0.32313	0	0	0	0	0	0	3.13716	0	0	0	0	0.54517	0	0	2.2619	0.9096	12.0543	109.674	43.3259
ARG_364	-9.67063	2.90887	9.08019	-0.82987	0.58622	0.66351	3.48649	9.82214	0.02054	0.06907	-3.05409	0.1403	0	0	0	0	-0.12917	0	-0.00804	7.69982	4.54508	3.15474	0	-0.27122	0	0	-0.1423	0.02728	28.0989	241.256	23.7444
TYR_365	-6.6285	0.71359	4.36865	-0.62742	0.39999	0.05489	3.72365	6.73069	0	0	-2.53486	-0.40696	0	0	0	0	-0.11116	0	0.78961	5.18324	0.48753	0	4.69571	-0.17804	0	0	1.7379	-0.17883	18.2197	171.346	76.6539
ALA_366	-5.1182	1.27685	3.48686	-0.02502	0.00016	0	3.33992	6.00034	0.00026	0.00071	-3.05583	-0.34331	0	0	0	0	0	0	0.33018	0	0	0	0	0.76977	0	0	2.2619	0.4004	9.32501	153	0
ILE_367	-5.13662	1.11092	3.24706	-0.50461	1.72882	0.12762	2.41056	4.81834	0.04449	0.1604	-2.41745	-0.09051	0	0	0	0	0	0	-0.06324	12.7185	12.3667	0.3518	0	-0.25559	0	0	1.8006	1.36044	33.7782	137.588	69.4115
TYR_368	-9.98808	1.97628	5.80349	-0.94904	0.34096	0.32359	4.5855	9.1725	0.01455	0.13035	-1.94724	-0.45884	0	0	0	0	0	0	-0.01008	3.8592	0.71156	0	3.14764	-0.02415	0	0	1.7379	0.70354	19.1296	244.959	3.04075
ASP_369	-4.84572	0.44163	5.47122	-0.10692	0.00318	0.30309	3.53257	6.6098	0.04756	0.18749	-1.23826	-1.05112	0	0	0	-0.31072	0	0	1.21342	7.49691	1.33358	0	6.16332	1.64838	0	0	-1.6204	0.22374	25.5027	121.155	63.8448
ASN_370	-6.93746	1.04864	6.17243	-0.27626	0.17755	0.47499	3.68364	7.44408	0	0	-0.65869	-0.88547	0	0	0	-1.0409	0	0	1.56983	3.85318	1.60666	0	2.24652	-0.5817	0	0	-0.3009	0.90635	18.5025	167.58	16.4201
ASN_371	-4.10748	0.28189	3.95164	-0.40267	0.12472	0.81521	2.05085	4.90057	0.01539	0.20659	-0.87299	-1.1935	0	0	0	-1.12627	0	0	-0.03637	3.02421	0.08004	0	2.94417	-1.15432	0	0	-0.3009	0.60826	9.80903	94.2508	89.7492
MET_372	-6.61643	1.7172	3.45477	-0.31006	0.05363	0.07117	1.92416	4.91826	0	0	-0.97786	0.08654	0	0	0	-0.73018	0	0	0.17702	3.99406	2.22447	1.7696	0	0.43405	0	0	1.4633	1.22518	14.8789	243.529	18.4714
LEU_373	-4.82874	2.08431	3.6558	-0.47624	1.0571	0.08036	2.13835	5.42444	0.00378	0.05067	-1.12889	0.30348	0	0	0	0	0	0	0.41756	3.70352	2.97231	0.73121	0	-0.2888	0	0	1.3223	0.50645	17.729	115.085	94.9146
SER_374	-2.21653	0.31815	2.43042	-0.03919	0.03043	0.04914	1.34206	3.14915	0	0	0.61106	-0.34863	0	0	0	0	0	0	-0.33827	0.47202	0.09841	0.37361	0	0.01508	0	4.04	-0.539	1.35317	10.8011	92.8463	69.1537
THR_375	-2.57064	0.66319	2.21612	-0.1324	0.09295	0.08744	0.79425	3.17047	0	0	0.21944	-0.08873	0	0	0	0	0	0	2.16604	2.63324	2.61375	0.01949	0	-0.10621	0	4.97924	-0.9333	2.50576	18.3301	67.7121	106.288
ALA_376	-4.35912	1.0828	2.77653	-0.02153	0	0	1.69171	5.40789	0.0186	0.19766	-1.02217	-0.16187	0	0	0	0	0	0	0.07707	0	0	0	0	-0.17011	0	0	2.2619	-0.05263	7.72672	151.975	1.02469
ASN_377	-3.58333	0.32712	3.23889	-0.19481	0.22625	0.29788	1.77445	4.25918	0	0	-0.40066	-0.5121	0	0	0	-0.37234	0	0	0.0914	5.89405	0.18011	0	5.71394	0.5655	0	0	-0.3009	-0.06091	17.1437	95.7959	88.2041
ILE_378	-5.2123	1.124	2.4688	-0.47696	0.67281	0.11062	1.42242	4.76188	0.01459	0.17966	-0.61949	-0.13992	0	0	0	-0.80228	0	0	4.19603	2.72355	2.28173	0.44182	0	-0.42764	0	0	1.8006	0.72402	15.2439	194.704	12.2962
LYS_379	-6.10931	2.7934	5.8383	-0.7012	0.68463	0.59303	2.38793	6.67981	0.01123	0.10255	-1.40815	0.37185	0.51717	0	0	0	0	0	0.98884	7.75475	0.83479	6.91996	0	0.01437	0	0	-0.8895	2.67702	30.0614	224.338	27.6619
PRO_380	-4.86858	1.91593	2.44371	-0.13616	0.03361	0.09688	0.9531	2.90457	0	0	-1.06923	0.17876	0.57051	0	0	0	0	0	1.85353	0.37654	0.07378	0.30276	0	-0.60956	0	0	-4.6787	2.80274	3.14418	146.621	52.3786
VAL_381	-6.73259	1.56199	3.03581	-0.34954	0.56341	0.08293	3.33175	6.1794	0	0	-2.35135	-0.08687	0	0	0	0	0	0	-0.06373	0.89922	0.12938	0.76983	0	0.40668	0	0	2.7371	0.97282	11.0863	174.499	7.50058
ASN_382	-4.79538	1.94	3.93674	-0.17664	0.00617	0.28179	3.22494	5.73869	0	0	-2.05292	-0.337	0	0	0	0	-0.11116	0	0.44143	8.27528	1.63258	0	6.6427	-0.26947	0	0	-0.3009	0.66924	24.7461	134.834	49.1664
GLU_383	-7.11065	0.9349	8.02379	-0.29061	0.19494	0.30036	4.44744	8.70039	0.02214	0.12863	-5.56224	-0.2	0	0	0	0	-0.14465	0	-0.03794	12.5452	7.2236	0	5.32163	0.25827	0	0	-1.6358	-0.06681	33.0526	223	0
THR_384	-4.69258	0.34339	3.62377	-0.17222	0.14698	0.06143	2.60341	4.99808	0	0	-1.80847	-0.52325	0	0	0	0	0	0	1.71472	0.789	0.3818	0.4072	0	-0.37849	0	4.98948	-0.9333	-0.06236	11.4886	143.93	30.0696
ARG_385	-8.73743	1.4437	8.21755	-0.57244	0.15295	0.3898	3.74709	9.42646	1e-05	3e-05	-2.71174	0.13184	0	0	0	0	0	0	1.08752	3.91993	0.75859	3.16134	0	-0.14332	0	0	-0.1423	0.23844	20.368	260.352	4.64761
ILE_386	-5.01399	1.74144	3.43348	-0.52818	0.99652	0.13076	2.66018	5.23502	0	0	-2.70417	-0.04065	0	0	0	0	0	0	-0.14668	1.95196	1.26581	0.68615	0	-0.93604	0	0	1.8006	0.01567	10.5479	138.229	68.771
ASN_387	-5.6242	1.42219	5.2563	-0.33544	0.00952	0.69979	3.08044	6.86365	0.00071	0.00268	-2.6185	-0.31207	0	0	0	0	-0.12917	0	0.03737	11.3903	6.73893	0	4.65135	0.73899	0	0	-0.3009	-0.004	31.5679	175.472	8.52807
ILE_388	-4.87347	1.00458	3.61348	-0.51168	1.28901	0.12627	3.07161	5.32416	0.01891	0.11031	-2.30949	-0.22259	0	0	0	0	0	0	0.55183	2.71789	2.35553	0.36236	0	-0.33786	0	0	1.8006	1.18116	15.2726	135.41	71.59
ASP_389	-5.21302	0.57563	6.37685	-0.11616	0.01154	0.35734	4.33924	7.66006	0.01742	0.16753	-5.26753	0.10751	0	0	0	0	-0.5866	0	6.89255	3.92067	0.0457	0	3.87497	0.75446	0	0	-1.6204	1.10684	23.4046	152.153	32.8466
TYR_390	-8.37961	2.43657	4.72845	-0.77233	0.11808	0.02226	4.27531	8.57473	0.04564	0.37221	-2.95379	-0.41143	0	0	0	0	0	0	-0.01108	5.69846	0.00976	0	5.68869	-0.67032	0	0	1.7379	-0.23987	20.2696	206.622	41.3775
THR_391	-6.04326	2.0485	3.93249	-0.17628	0.23006	0.06562	2.30797	6.36051	0.04995	0.32052	0.01972	-0.73893	0	0	0	0	0	0	2.71897	2.37018	2.13847	0.23172	0	-0.15356	0	5.03835	-0.9333	-0.26748	19.5202	149.349	24.6509
TRP_392	-6.54675	1.19971	2.91497	-0.78526	0.0433	0.41958	2.76715	5.39147	0	0	-2.26199	-0.00897	0	0	0	0	0	0	0.08643	6.522	1.46319	0	5.05882	-0.58348	0	0	3.7077	-0.26845	19.1194	152.046	117.954
LYS_393	-4.25577	0.31491	6.11439	-0.55604	0.46526	0.39259	2.04948	6.2432	0.04541	0.19563	-2.81581	0.25296	0	0	0	0	0	0	0.33793	5.42759	1.89964	3.52796	0	0.38182	0	0	-0.8895	0.83778	19.9694	140.352	111.648
PHE_394	-3.92251	0.48007	1.45014	-0.63735	0.06311	0.3594	0.89986	2.61436	0	0	-0.88487	0.06098	0	0	0	0	0	0	0.15068	3.2918	0.42804	0	2.86376	0.00668	0	0	1.9602	1.1563	10.3407	110.339	126.661
LYS_395	-5.02783	0.90814	7.15984	-0.51367	0.15747	0.39492	3.04933	7.0439	0.0003	0.00286	-3.75803	-0.03144	0	0	0	0	0	0	0	6.45599	2.8608	3.59519	0	0	0	0	-0.8895	-0.06096	21.3473	164.245	87.7546