1	1	0	0	0	0	1	2	0	1	1	2	0	0	0	1	2	0	1	3	0	NaN	NaN
2	0	0	0	0	2	0	2	0	2	0	3	0	1	0	0	2	0	0	0	1	NaN	NaN
1	1	0	0	0	1	1	1	1	0	1	0	1	0	0	1	1	0	0	1	2	NaN	NaN
2	0	0	0	0	1	0	2	0	0	2	1	0	0	0	2	0	1	0	1	3	NaN	NaN
1	0	0	3	0	1	0	1	0	1	0	0	0	1	0	0	0	0	1	2	4	NaN	NaN
1	1	0	0	0	0	0	0	1	0	0	0	0	0	1	1	1	0	1	1	5	NaN	NaN
4	1	0	0	0	2	1	0	1	0	0	0	0	0	0	0	2	0	1	1	6	NaN	NaN
3	0	0	0	0	1	1	1	0	0	0	0	0	0	0	1	0	0	2	2	7	NaN	NaN
1	1	0	2	0	1	0	1	1	0	0	1	0	0	1	0	0	0	2	4	8	NaN	NaN
3	0	0	1	0	1	0	2	0	0	1	1	0	1	0	1	0	0	2	0	9	NaN	NaN
1	0	0	0	0	0	1	1	1	0	1	1	0	0	0	0	0	0	2	0	10	NaN	NaN
0	0	0	0	0	1	0	1	0	0	0	0	0	0	0	2	0	0	1	1	11	NaN	NaN
0	2	0	0	0	0	1	0	0	1	0	0	0	0	0	2	0	0	1	1	12	NaN	NaN
1	1	1	0	0	0	0	1	0	0	0	0	0	0	0	0	0	0	0	1	13	NaN	NaN
0	0	0	0	0	1	0	1	0	1	1	1	0	1	0	1	0	0	0	0	14	NaN	NaN
2	0	0	0	0	2	1	0	0	1	1	2	0	0	0	0	0	1	0	0	15	NaN	NaN
1	1	0	0	0	0	1	2	0	1	1	2	0	0	0	1	1	0	1	3	0	50.04720106419007	43.12700355951133
2	0	0	1	0	2	0	3	0	2	0	4	0	2	0	2	2	0	0	0	1	56.28312294163068	43.12700355951133
1	0	0	0	0	1	1	0	0	1	1	0	0	0	0	0	0	1	0	0	2	51.02310739722389	43.12700355951133
0	0	0	0	0	1	0	1	0	1	1	0	0	1	0	1	0	0	0	0	3	54.143431640630126	43.12700355951133
1	1	2	0	0	0	0	1	0	0	1	0	0	0	0	0	0	0	0	1	4	57.92192785458724	43.12700355951133
0	1	0	1	0	0	0	0	0	1	0	0	0	0	0	1	0	0	1	1	5	40.7962620092742	43.12700355951133
0	0	0	0	0	1	0	1	0	0	0	0	0	1	0	2	0	0	1	1	6	34.75469397442874	43.12700355951133
1	0	0	0	0	0	0	1	1	0	1	1	0	0	0	0	0	0	2	0	7	32.71146879239932	43.12700355951133
3	0	0	1	0	1	0	2	0	0	1	1	0	3	0	1	0	0	2	0	8	43.404361128477916	43.12700355951133
1	1	0	1	0	1	0	1	1	0	0	1	0	0	1	0	0	0	2	4	9	39.12060294284851	43.12700355951133
3	0	0	0	0	1	1	1	0	0	0	0	0	0	0	1	0	0	1	2	10	33.41827915778574	43.12700355951133
4	0	0	0	0	2	1	0	0	0	0	0	0	0	0	0	2	0	0	1	11	34.06727614996426	43.12700355951133
2	1	0	0	0	0	0	1	1	0	0	1	0	1	1	1	0	0	1	1	12	37.59817807147307	43.12700355951133
1	0	0	3	0	1	0	1	0	1	0	0	0	0	0	0	0	0	1	2	13	38.98403827376669	43.12700355951133
2	0	0	0	0	0	0	1	0	0	2	1	0	0	0	2	0	1	0	1	14	39.603376412026165	43.12700355951133
1	1	0	0	0	1	1	1	1	0	1	1	1	0	0	1	1	0	0	1	15	46.154729141474746	43.12700355951133
1	1	0	0	0	0	1	2	0	1	1	2	0	0	0	1	1	0	1	3	0	50.04720106419007	43.12700355951133
2	0	0	1	0	2	0	3	0	2	0	4	0	2	0	2	2	0	0	0	1	56.28312294163068	43.12700355951133
1	0	0	0	0	1	1	0	0	1	1	0	0	0	0	0	0	1	0	0	2	51.02310739722389	43.12700355951133
0	0	0	0	0	1	0	1	0	1	1	0	0	1	0	1	0	0	0	0	3	54.143431640630126	43.12700355951133
1	1	2	0	0	0	0	1	0	0	1	0	0	0	0	0	0	0	0	1	4	57.92192785458724	43.12700355951133
0	1	0	1	0	0	0	0	0	1	0	0	0	0	0	1	0	0	1	1	5	40.7962620092742	43.12700355951133
0	0	0	0	0	1	0	1	0	0	0	0	0	1	0	2	0	0	1	1	6	34.75469397442874	43.12700355951133
1	0	0	0	0	0	0	1	1	0	1	1	0	0	0	0	0	0	2	0	7	32.71146879239932	43.12700355951133
3	0	0	1	0	1	0	2	0	0	1	1	0	3	0	1	0	0	2	0	8	43.404361128477916	43.12700355951133
1	1	0	1	0	1	0	1	1	0	0	1	0	0	1	0	0	0	2	4	9	39.12060294284851	43.12700355951133
3	0	0	0	0	1	1	1	0	0	0	0	0	0	0	1	0	0	1	2	10	33.41827915778574	43.12700355951133
4	0	0	0	0	2	1	0	0	0	0	0	0	0	0	0	2	0	0	1	11	34.06727614996426	43.12700355951133
2	1	0	0	0	0	0	1	1	0	0	1	0	1	1	1	0	0	1	1	12	37.59817807147307	43.12700355951133
1	0	0	3	0	1	0	1	0	1	0	0	0	0	0	0	0	0	1	2	13	38.98403827376669	43.12700355951133
2	0	0	0	0	0	0	1	0	0	2	1	0	0	0	2	0	1	0	1	14	39.603376412026165	43.12700355951133
1	1	0	0	0	1	1	1	1	0	1	1	1	0	0	1	1	0	0	1	15	46.154729141474746	43.12700355951133
1	1	0	0	0	0	1	2	0	1	1	2	0	0	0	1	1	0	1	3	0	50.04720106419007	43.12700355951133
2	0	0	1	0	2	0	3	0	2	0	4	0	2	0	2	2	0	0	0	1	56.28312294163068	43.12700355951133
1	0	0	0	0	1	1	0	0	1	1	0	0	0	0	0	0	1	0	0	2	51.02310739722389	43.12700355951133
0	0	0	0	0	1	0	1	0	1	1	0	0	1	0	1	0	0	0	0	3	54.143431640630126	43.12700355951133
1	1	2	0	0	0	0	1	0	0	1	0	0	0	0	0	0	0	0	1	4	57.92192785458724	43.12700355951133
0	1	0	1	0	0	0	0	0	1	0	0	0	0	0	1	0	0	1	1	5	40.7962620092742	43.12700355951133
0	0	0	0	0	1	0	1	0	0	0	0	0	1	0	2	0	0	1	1	6	34.75469397442874	43.12700355951133
1	0	0	0	0	0	0	1	1	0	1	1	0	0	0	0	0	0	2	0	7	32.71146879239932	43.12700355951133
3	0	0	1	0	1	0	2	0	0	1	1	0	3	0	1	0	0	2	0	8	43.404361128477916	43.12700355951133
1	1	0	1	0	1	0	1	1	0	0	1	0	0	1	0	0	0	2	4	9	39.12060294284851	43.12700355951133
3	0	0	0	0	1	1	1	0	0	0	0	0	0	0	1	0	0	1	2	10	33.41827915778574	43.12700355951133
4	0	0	0	0	2	1	0	0	0	0	0	0	0	0	0	2	0	0	1	11	34.06727614996426	43.12700355951133
2	1	0	0	0	0	0	1	1	0	0	1	0	1	1	1	0	0	1	1	12	37.59817807147307	43.12700355951133
1	0	0	3	0	1	0	1	0	1	0	0	0	0	0	0	0	0	1	2	13	38.98403827376669	43.12700355951133
2	0	0	0	0	0	0	1	0	0	2	1	0	0	0	2	0	1	0	1	14	39.603376412026165	43.12700355951133
1	1	0	0	0	1	1	1	1	0	1	1	1	0	0	1	1	0	0	1	15	46.154729141474746	43.12700355951133
1	1	0	0	0	0	1	2	0	1	1	2	0	0	0	1	2	0	1	3	0	43.236077895128105	44.21642001237544
2	0	0	0	0	2	0	2	0	2	0	3	0	1	0	0	2	0	0	0	1	45.795040411589746	44.21642001237544
2	0	0	0	0	2	1	0	0	1	1	2	0	0	0	0	0	1	0	0	2	54.49162692489968	44.21642001237544
0	0	0	0	0	1	0	1	0	1	1	1	0	1	0	1	0	0	0	0	3	50.71471642376478	44.21642001237544
1	1	1	0	0	0	0	1	0	0	0	0	0	0	0	0	0	0	0	1	4	52.9020233512923	44.21642001237544
0	2	0	0	0	0	1	0	0	1	0	0	0	0	0	2	0	0	1	1	5	58.94999921206762	44.21642001237544
0	0	0	0	0	1	0	1	0	0	0	0	0	0	0	2	0	0	1	1	6	43.470749018789796	44.21642001237544
3	0	0	1	0	1	0	2	0	0	1	1	0	1	0	1	0	0	2	0	7	50.61201170821633	44.21642001237544
1	0	0	0	0	0	1	1	1	0	1	1	0	0	0	0	0	0	2	0	8	42.383540257265935	44.21642001237544
1	1	0	2	0	1	0	1	1	0	0	1	0	0	1	0	0	0	2	4	9	44.38321219800924	44.21642001237544
3	0	0	0	0	1	1	1	0	0	0	0	0	0	0	1	0	0	2	2	10	38.9442847838183	44.21642001237544
4	1	0	0	0	2	1	0	1	0	0	0	0	0	0	0	2	0	1	1	11	38.85193388495592	44.21642001237544
1	1	0	0	0	0	0	0	1	0	0	0	0	0	1	1	1	0	1	1	12	34.36683899073632	44.21642001237544
1	0	0	3	0	1	0	1	0	1	0	0	0	1	0	0	0	0	1	2	13	35.393218590868024	44.21642001237544
2	0	0	0	0	1	0	2	0	0	2	1	0	0	0	2	0	1	0	1	14	35.142913951565106	44.21642001237544
1	1	0	0	0	1	1	1	1	0	1	0	1	0	0	1	1	0	0	1	15	37.82453259503984	44.21642001237544
