1	0	0	0	0	0	1	2	1	0	1	0	0	0	0	0	0	0	0	1	0	NaN	NaN
0	1	0	1	0	0	1	1	0	0	1	0	0	0	0	2	0	0	1	1	1	NaN	NaN
3	2	0	1	0	1	0	1	0	0	0	1	0	0	0	0	0	0	1	1	2	NaN	NaN
0	1	0	1	0	0	1	1	0	1	2	1	0	1	0	1	1	0	2	1	3	NaN	NaN
1	0	1	3	0	1	0	1	0	0	1	0	1	0	1	0	1	0	1	1	4	NaN	NaN
1	1	1	0	0	1	1	0	1	0	1	0	0	1	0	0	2	0	1	1	5	NaN	NaN
2	0	1	1	0	1	0	3	2	1	2	2	0	0	1	0	0	0	1	1	6	NaN	NaN
1	0	1	1	0	1	1	2	0	2	2	3	0	1	1	2	3	0	2	1	7	NaN	NaN
1	0	0	0	0	0	2	2	2	0	1	1	0	1	0	4	1	1	0	2	8	NaN	NaN
1	2	0	2	0	1	0	1	0	1	1	1	1	0	0	1	2	0	2	0	9	NaN	NaN
0	2	1	1	0	0	0	2	0	0	2	0	0	1	0	0	1	0	1	3	10	NaN	NaN
1	2	0	0	0	0	1	2	0	1	0	0	0	1	1	1	0	0	2	2	11	NaN	NaN
1	0	0	1	0	0	0	0	0	1	0	0	0	1	0	2	1	0	2	1	12	NaN	NaN
0	0	1	0	0	1	3	3	0	2	0	1	0	0	0	0	0	0	1	0	13	NaN	NaN
2	1	2	0	0	0	3	0	1	1	1	0	0	1	0	1	1	0	1	0	14	NaN	NaN
2	0	0	0	0	0	3	3	0	2	1	3	0	0	0	1	1	0	1	0	15	NaN	NaN
1	0	0	0	0	2	0	1	0	0	0	0	0	0	0	0	1	0	1	1	16	NaN	NaN
0	0	0	0	0	1	0	0	0	0	2	0	0	0	0	2	1	0	2	0	17	NaN	NaN
1	1	0	0	0	0	0	3	0	0	0	0	0	0	0	0	1	1	0	1	18	NaN	NaN
1	1	0	1	0	0	0	0	0	0	2	0	1	0	0	0	0	1	1	1	19	NaN	NaN
1	0	1	0	0	0	0	0	0	0	0	0	0	0	0	1	0	0	0	2	20	NaN	NaN
0	0	0	0	0	0	0	0	0	0	1	0	1	1	0	1	1	0	0	0	21	NaN	NaN
1	0	0	0	0	0	1	2	1	0	1	0	0	0	0	0	0	0	0	1	0	44.14022032687754	41.418646160994
0	1	1	2	0	0	1	0	0	0	1	0	0	0	0	2	0	0	1	1	1	44.6690776228557	41.418646160994
3	2	0	1	0	1	0	1	0	0	0	1	0	0	0	0	0	0	1	1	2	45.58210925214088	41.418646160994
0	1	0	1	0	0	1	1	0	1	1	1	0	1	0	1	1	0	2	1	3	45.8361347481956	41.418646160994
1	0	1	3	0	1	0	1	0	0	1	0	1	0	1	0	1	0	1	1	4	43.15315876646715	41.418646160994
1	1	1	0	0	1	2	0	0	0	1	0	0	1	0	0	2	1	1	1	5	41.818602472158496	41.418646160994
1	0	1	1	0	1	0	3	2	1	2	2	0	0	1	0	0	0	1	1	6	43.67854647552322	41.418646160994
1	0	1	1	0	1	1	2	0	2	2	3	0	0	1	2	3	0	2	1	7	47.25435116357352	41.418646160994
1	1	2	1	0	0	2	2	1	0	2	1	0	1	0	4	1	2	2	2	8	46.41883565038265	41.418646160994
1	2	0	2	0	2	0	1	0	1	1	1	1	0	0	1	2	0	2	0	9	41.107970252210336	41.418646160994
0	2	1	1	0	0	0	2	0	0	3	0	0	1	0	0	0	0	1	3	10	41.727852598998446	41.418646160994
1	2	0	0	0	0	1	2	0	1	0	0	0	1	1	1	0	0	2	2	11	43.49630289894002	41.418646160994
1	0	0	1	0	0	0	0	0	1	0	0	0	1	0	2	1	0	3	1	12	39.57297779092733	41.418646160994
0	0	1	0	0	1	3	3	0	2	0	1	0	0	0	0	0	0	1	0	13	37.50634452607675	41.418646160994
2	1	2	0	0	0	3	0	1	1	2	0	0	1	0	1	1	0	1	0	14	38.5111225822391	41.418646160994
2	0	0	0	0	0	3	3	0	2	0	3	0	0	0	1	1	0	1	0	15	39.11907544510602	41.418646160994
1	1	0	0	0	2	0	1	1	2	0	1	0	0	0	0	1	0	1	1	16	33.920600898727805	41.418646160994
0	0	0	1	0	2	1	0	0	0	2	2	0	0	1	3	2	1	2	1	17	44.760162093747724	41.418646160994
1	1	0	0	0	2	0	4	0	0	0	1	1	0	0	1	1	2	1	2	18	31.121707702155028	41.418646160994
1	1	0	2	0	1	2	0	0	0	2	1	1	1	0	1	0	2	1	1	19	31.74723901210567	41.418646160994
1	0	3	1	0	0	0	0	0	0	0	1	0	1	0	1	2	0	2	3	20	47.59357444871529	41.418646160994
0	1	1	1	0	0	0	1	0	0	1	0	1	1	1	1	1	0	1	0	21	38.4742488137439	41.418646160994
