0	0	1	0	0	0	0	1	0	0	0	1	1	0	0	2	0	0	1	2	0	NaN	NaN
0	0	0	1	0	0	2	4	0	1	0	0	0	1	0	0	0	0	1	0	1	NaN	NaN
0	0	0	0	0	0	0	0	0	0	1	2	0	1	0	1	1	0	0	0	2	NaN	NaN
1	0	0	1	0	0	0	2	1	0	2	0	0	0	0	0	0	1	0	1	3	NaN	NaN
0	0	1	1	0	0	0	0	0	2	0	0	1	0	0	2	1	0	1	0	4	NaN	NaN
0	2	1	0	0	1	1	0	0	1	0	0	0	0	0	0	0	1	0	0	5	NaN	NaN
0	1	0	0	0	0	0	1	1	0	0	0	1	1	0	0	2	0	3	0	6	NaN	NaN
1	0	0	0	1	0	0	1	0	0	2	1	0	1	1	0	0	0	1	1	7	NaN	NaN
2	0	0	0	0	0	3	0	0	0	1	0	1	0	0	0	2	0	0	1	8	NaN	NaN
0	1	0	0	0	0	0	0	1	1	1	3	0	1	0	0	1	0	0	1	9	NaN	NaN
3	0	0	0	0	1	2	0	0	0	0	0	0	0	0	0	1	0	1	1	10	NaN	NaN
0	0	1	0	0	0	0	1	0	0	0	1	1	0	0	2	0	0	1	2	0	NaN	NaN
0	0	0	1	0	0	2	4	0	1	0	0	0	1	0	0	0	0	1	0	1	NaN	NaN
0	0	0	0	0	0	0	0	0	0	1	2	0	1	0	1	1	0	0	0	2	NaN	NaN
1	0	0	1	0	0	0	2	1	0	2	0	0	0	0	0	0	1	0	1	3	NaN	NaN
0	0	1	1	0	0	0	0	0	2	0	0	1	0	0	2	1	0	1	0	4	NaN	NaN
0	2	1	0	0	1	1	0	0	1	0	0	0	0	0	0	0	1	0	0	5	NaN	NaN
0	1	0	0	0	0	0	1	1	0	0	0	1	1	0	0	2	0	3	0	6	NaN	NaN
1	0	0	0	1	0	0	1	0	0	2	1	0	1	1	0	0	0	1	1	7	NaN	NaN
2	0	0	0	0	0	3	0	0	0	1	0	1	0	0	0	2	0	0	1	8	NaN	NaN
0	1	0	0	0	0	0	0	1	1	1	3	0	1	0	0	1	0	0	1	9	NaN	NaN
3	0	0	0	0	1	2	0	0	0	0	0	0	0	0	0	1	0	1	1	10	NaN	NaN
0	0	1	0	0	0	0	1	0	0	0	1	1	0	0	2	0	0	1	2	0	NaN	NaN
1	0	0	1	0	0	0	2	1	0	2	0	0	0	0	0	0	1	0	1	1	NaN	NaN
0	0	1	1	0	0	0	0	0	2	0	0	1	0	0	2	1	0	1	0	2	NaN	NaN
0	2	1	0	0	1	1	0	0	1	0	0	0	0	0	0	0	1	0	0	3	NaN	NaN
0	1	0	0	0	0	0	1	1	0	0	0	1	1	0	0	2	0	3	0	4	NaN	NaN
1	0	0	0	1	0	0	1	0	0	2	1	0	1	1	0	0	0	1	1	5	NaN	NaN
2	0	0	0	0	0	3	0	0	0	1	0	1	0	0	0	2	0	0	1	6	NaN	NaN
0	1	0	0	0	0	0	0	1	1	1	3	0	1	0	0	1	0	0	1	7	NaN	NaN
3	0	0	0	0	1	2	0	0	0	0	0	0	0	0	0	1	0	1	1	8	NaN	NaN
0	0	0	0	0	0	0	0	0	0	1	2	0	1	0	1	1	0	0	0	9	NaN	NaN
0	0	0	1	0	0	2	4	0	1	0	0	0	1	0	0	0	0	1	0	10	NaN	NaN
0	0	1	0	0	0	0	1	0	0	0	1	1	0	0	2	0	0	1	2	0	39.76790513173014	41.79149059377498
1	0	0	1	0	0	0	2	1	0	2	0	0	0	0	0	0	1	0	1	1	39.816691700350304	41.79149059377498
0	0	1	1	0	0	0	0	0	2	0	0	1	0	0	2	1	0	1	0	2	39.780299734818136	41.79149059377498
0	2	1	0	0	1	1	0	0	1	0	0	0	0	0	0	0	1	0	0	3	33.84362373227061	41.79149059377498
0	1	0	0	0	0	0	1	1	0	0	0	1	1	0	0	2	0	3	0	4	36.65783544581092	41.79149059377498
1	0	0	0	1	0	0	1	0	0	2	1	0	1	1	0	0	0	1	1	5	37.30327700763977	41.79149059377498
2	0	0	0	0	0	3	0	0	0	1	0	1	0	0	0	2	0	0	1	6	46.208720038609066	41.79149059377498
0	1	0	0	0	0	0	0	1	1	1	3	0	1	0	0	1	0	0	1	7	51.68084768591665	41.79149059377498
3	0	0	0	0	1	2	0	0	0	0	0	0	0	0	0	1	0	1	1	8	47.55148444360283	41.79149059377498
0	0	0	0	0	0	0	0	0	0	1	2	0	1	0	1	1	0	0	0	9	43.72686659118102	41.79149059377498
0	0	0	1	0	0	2	4	0	1	0	0	0	1	0	0	0	0	1	0	10	43.36884501959537	41.79149059377498
0	2	1	0	0	1	0	0	0	0	0	0	0	0	0	0	0	1	0	0	0	13.745968587020592	13.341489492041168
0	0	1	1	0	0	0	0	0	0	0	0	1	0	0	2	0	0	0	0	1	12.937010397061744	13.341489492041168
0	0	1	0	0	0	0	1	0	0	0	1	1	0	0	2	0	0	1	2	0	39.76790513173014	41.79149059377498
1	0	0	1	0	0	0	2	1	0	2	0	0	0	0	0	0	1	0	1	1	39.816691700350304	41.79149059377498
0	0	1	1	0	0	0	0	0	2	0	0	1	0	0	2	1	0	1	0	2	39.780299734818136	41.79149059377498
0	2	1	0	0	1	1	0	0	1	0	0	0	0	0	0	0	1	0	0	3	33.84362373227061	41.79149059377498
0	1	0	0	0	0	0	1	1	0	0	0	1	1	0	0	2	0	3	0	4	36.65783544581092	41.79149059377498
1	0	0	0	1	0	0	1	0	0	2	1	0	1	1	0	0	0	1	1	5	37.30327700763977	41.79149059377498
2	0	0	0	0	0	3	0	0	0	1	0	1	0	0	0	2	0	0	1	6	46.208720038609066	41.79149059377498
0	1	0	0	0	0	0	0	1	1	1	3	0	1	0	0	1	0	0	1	7	51.68084768591665	41.79149059377498
3	0	0	0	0	1	2	0	0	0	0	0	0	0	0	0	1	0	1	1	8	47.55148444360283	41.79149059377498
0	0	0	0	0	0	0	0	0	0	1	2	0	1	0	1	1	0	0	0	9	43.72686659118102	41.79149059377498
0	0	0	1	0	0	2	4	0	1	0	0	0	1	0	0	0	0	1	0	10	43.36884501959537	41.79149059377498
0	2	1	0	0	1	0	0	0	0	0	0	0	0	0	0	0	1	0	0	0	13.745968587020592	13.341489492041168
0	0	1	1	0	0	0	0	0	0	0	0	1	0	0	2	0	0	0	0	1	12.937010397061744	13.341489492041168
