0	1	0	0	0	1	0	1	0	2	0	0	0	0	0	1	1	0	0	0	0	NaN	NaN
0	0	0	1	0	0	1	2	0	0	0	0	1	2	0	1	0	0	0	0	1	NaN	NaN
1	1	0	0	0	0	0	3	0	1	2	1	0	0	0	1	0	0	1	0	2	NaN	NaN
3	1	0	1	0	0	2	0	0	2	1	0	0	1	1	0	1	0	1	0	3	NaN	NaN
0	0	1	1	0	2	0	1	1	0	3	0	0	0	1	0	2	0	1	0	4	NaN	NaN
0	2	0	1	0	2	1	1	1	0	1	0	1	2	0	0	1	0	1	0	5	NaN	NaN
2	2	1	3	0	2	0	1	0	0	2	0	0	1	0	3	0	0	3	2	6	NaN	NaN
4	2	2	1	0	2	2	1	1	1	3	0	1	2	0	1	0	0	2	1	7	NaN	NaN
2	5	0	2	0	1	0	2	1	0	4	0	0	0	0	3	3	1	1	2	8	NaN	NaN
0	2	1	2	0	2	1	1	1	1	3	0	0	0	0	0	2	0	1	1	9	NaN	NaN
0	2	0	2	0	1	0	1	0	0	2	1	0	1	0	2	1	1	0	2	10	NaN	NaN
2	1	0	3	0	0	1	2	0	1	1	1	0	1	0	0	1	1	0	0	11	NaN	NaN
1	0	0	0	0	0	1	0	0	0	0	0	0	1	1	3	0	0	2	1	12	NaN	NaN
0	0	0	0	0	1	2	2	0	0	2	2	0	0	0	0	0	1	0	0	13	NaN	NaN
2	0	1	0	0	1	1	0	1	1	1	0	0	1	0	1	2	0	1	1	14	NaN	NaN
1	1	0	0	0	2	3	2	1	0	2	0	0	0	0	2	1	0	0	2	15	NaN	NaN
0	0	0	1	0	0	0	1	0	1	2	1	0	0	0	1	4	0	3	0	16	NaN	NaN
2	0	0	1	0	0	0	0	0	0	1	0	1	0	0	1	0	1	1	0	17	NaN	NaN
1	1	0	0	0	0	0	3	0	1	0	0	0	0	0	1	0	0	1	0	18	NaN	NaN
1	1	0	1	0	0	0	1	0	1	1	0	0	0	0	0	1	0	1	1	19	NaN	NaN
1	0	1	1	0	0	0	0	0	0	1	0	0	0	0	1	0	0	0	1	20	NaN	NaN
1	0	1	0	0	0	0	0	0	0	0	0	0	0	0	0	2	0	1	2	21	NaN	NaN
0	1	0	0	0	1	0	1	0	2	0	0	0	0	0	1	1	0	0	0	0	NaN	NaN
1	0	1	0	0	0	0	0	0	0	0	0	0	0	0	0	2	0	1	2	1	NaN	NaN
1	0	1	1	0	0	0	0	0	0	1	0	0	0	0	1	0	0	0	1	2	NaN	NaN
1	1	0	1	0	0	0	1	0	1	1	0	0	0	0	0	1	0	1	1	3	NaN	NaN
1	1	0	0	0	0	0	3	0	1	0	0	0	0	0	1	0	0	1	0	4	NaN	NaN
2	0	0	1	0	0	0	0	0	0	1	0	1	0	0	1	0	1	1	0	5	NaN	NaN
0	0	0	1	0	0	0	1	0	1	2	1	0	0	0	1	4	0	3	0	6	NaN	NaN
1	1	0	0	0	2	3	2	1	0	2	0	0	0	0	2	1	0	0	2	7	NaN	NaN
0	0	0	0	0	1	2	2	0	0	2	2	0	0	0	0	0	1	0	0	8	NaN	NaN
1	0	0	0	0	0	1	0	0	0	0	0	0	1	1	3	0	0	2	1	9	NaN	NaN
2	0	1	0	0	1	1	0	1	1	1	0	0	1	0	1	2	0	1	1	10	NaN	NaN
2	1	0	3	0	0	1	2	0	1	1	1	0	1	0	0	1	1	0	0	11	NaN	NaN
0	2	0	2	0	1	0	1	0	0	2	1	0	1	0	2	1	1	0	2	12	NaN	NaN
0	2	1	2	0	2	1	1	1	1	3	0	0	0	0	0	2	0	1	1	13	NaN	NaN
2	5	0	2	0	1	0	2	1	0	4	0	0	0	0	3	3	1	1	2	14	NaN	NaN
4	2	2	1	0	2	2	1	1	1	3	0	1	2	0	1	0	0	2	1	15	NaN	NaN
2	2	1	3	0	2	0	1	0	0	2	0	0	1	0	3	0	0	3	2	16	NaN	NaN
0	2	0	1	0	2	1	1	1	0	1	0	1	2	0	0	1	0	1	0	17	NaN	NaN
0	0	1	1	0	2	0	1	1	0	3	0	0	0	1	0	2	0	1	0	18	NaN	NaN
3	1	0	1	0	0	2	0	0	2	1	0	0	1	1	0	1	0	1	0	19	NaN	NaN
1	1	0	0	0	0	0	3	0	1	2	1	0	0	0	1	0	0	1	0	20	NaN	NaN
0	0	0	1	0	0	1	2	0	0	0	0	1	2	0	1	0	0	0	0	21	NaN	NaN
0	1	0	0	0	1	0	1	0	2	0	0	0	0	0	1	1	0	0	0	0	44.475763170948255	41.035529780518765
0	0	0	1	0	0	1	2	0	0	0	1	1	2	1	1	0	0	0	0	1	48.416986358897596	41.035529780518765
1	1	0	0	0	0	0	3	0	1	2	1	0	0	0	0	0	0	1	0	2	45.15048468613991	41.035529780518765
3	1	0	1	0	0	2	0	0	2	1	0	0	0	1	0	1	0	1	0	3	46.22076750373246	41.035529780518765
0	0	0	1	0	2	0	1	1	0	3	0	0	0	1	0	2	0	1	0	4	42.5645725466482	41.035529780518765
0	2	0	1	0	2	1	1	0	0	1	0	1	2	0	0	1	0	1	0	5	42.3877437688118	41.035529780518765
2	2	1	3	0	2	0	1	0	0	2	0	0	1	0	3	0	2	3	2	6	48.397748103741606	41.035529780518765
3	2	2	1	0	2	2	1	1	1	3	0	1	1	0	1	0	0	2	1	7	49.424697403718426	41.035529780518765
0	4	0	2	0	1	0	1	1	0	3	0	0	0	0	1	3	1	1	2	8	42.08022056126258	41.035529780518765
0	2	1	3	0	2	1	1	1	1	3	0	0	0	1	0	2	0	1	1	9	39.71982454870931	41.035529780518765
0	2	1	2	0	1	0	1	0	0	2	1	0	1	0	2	1	2	0	2	10	39.211786267004626	41.035529780518765
1	1	0	3	0	0	1	2	0	1	1	1	0	1	0	0	1	1	1	0	11	38.038656812564206	41.035529780518765
2	0	2	0	0	0	1	0	0	0	1	0	0	1	2	3	0	0	2	1	12	35.835717080511664	41.035529780518765
1	0	0	0	0	1	2	2	0	0	2	2	0	1	1	0	1	1	0	0	13	35.68156710571016	41.035529780518765
2	0	1	0	0	1	1	0	1	1	1	0	0	1	0	1	2	0	1	1	14	35.56149167962603	41.035529780518765
1	1	0	0	0	2	3	2	1	0	2	0	0	0	0	2	1	0	0	2	15	38.087924930484895	41.035529780518765
0	0	0	1	0	0	0	1	0	1	3	1	0	0	0	1	4	0	3	0	16	37.42352533447464	41.035529780518765
2	0	0	1	0	0	0	0	1	0	1	0	1	0	0	1	0	1	1	0	17	36.62121612414544	41.035529780518765
1	1	0	0	0	0	1	4	0	1	0	0	0	0	0	0	1	1	1	1	18	34.26565815352349	41.035529780518765
1	2	0	3	0	0	0	1	0	1	1	0	0	0	1	0	1	0	2	2	19	37.09421143266059	41.035529780518765
2	0	3	3	1	0	0	1	0	0	4	2	0	0	0	2	0	0	1	2	20	46.87419117841028	41.035529780518765
1	1	1	0	1	0	1	1	0	0	0	1	0	1	0	0	2	0	1	2	21	39.2469004196865	41.035529780518765
0	1	0	0	0	1	0	1	0	2	0	0	0	0	0	1	1	0	0	0	0	32.934139344398375	40.284573760676125
1	0	1	0	0	0	0	0	0	0	0	0	0	0	0	0	2	0	1	2	1	36.89200483935541	40.284573760676125
1	0	1	1	0	0	0	0	0	0	1	0	0	0	0	1	0	0	0	1	2	41.630118454542696	40.284573760676125
1	1	0	1	0	0	0	1	0	1	1	0	0	0	0	0	1	0	1	1	3	45.886217918371926	40.284573760676125
1	1	0	0	0	0	0	3	0	1	0	0	0	0	0	1	0	0	1	0	4	48.29711649335447	40.284573760676125
2	0	0	1	0	0	0	0	0	0	1	0	1	0	0	1	0	1	1	0	5	48.09065503576271	40.284573760676125
0	0	0	1	0	0	0	1	0	1	2	1	0	0	0	1	4	0	3	0	6	51.015844468463214	40.284573760676125
1	1	0	0	0	2	3	2	1	0	2	0	0	0	0	2	1	0	0	2	7	50.06639781770685	40.284573760676125
0	0	0	0	0	1	2	2	0	0	2	2	0	0	0	0	0	1	0	0	8	46.05316126775139	40.284573760676125
1	0	0	0	0	0	1	0	0	0	0	0	0	1	1	3	0	0	2	1	9	45.39424505155037	40.284573760676125
2	0	1	0	0	1	1	0	1	1	1	0	0	1	0	1	2	0	1	1	10	42.78363961596072	40.284573760676125
2	1	0	3	0	0	1	2	0	1	1	1	0	1	0	0	1	1	0	0	11	42.15889236078367	40.284573760676125
0	2	0	2	0	1	0	1	0	0	2	1	0	1	0	2	1	1	0	2	12	37.67746502205807	40.284573760676125
0	2	1	2	0	2	1	1	1	1	3	0	0	0	0	0	2	0	1	1	13	34.391517971155224	40.284573760676125
2	5	0	2	0	1	0	2	1	0	4	0	0	0	0	3	3	1	1	2	14	42.206356722102626	40.284573760676125
4	2	2	1	0	2	2	1	1	1	3	0	1	2	0	1	0	0	2	1	15	41.54094053587407	40.284573760676125
2	2	1	3	0	2	0	1	0	0	2	0	0	1	0	3	0	0	3	2	16	39.498185057946856	40.284573760676125
0	2	0	1	0	2	1	1	1	0	1	0	1	2	0	0	1	0	1	0	17	29.299804884141395	40.284573760676125
0	0	1	1	0	2	0	1	1	0	3	0	0	0	1	0	2	0	1	0	18	32.332699787744176	40.284573760676125
3	1	0	1	0	0	2	0	0	2	1	0	0	1	1	0	1	0	1	0	19	33.26567819615976	40.284573760676125
1	1	0	0	0	0	0	3	0	1	2	1	0	0	0	1	0	0	1	0	20	32.907687328010695	40.284573760676125
0	0	0	1	0	0	1	2	0	0	0	0	1	2	0	1	0	0	0	0	21	31.937854561679817	40.284573760676125
