0	2	0	1	0	1	0	5	0	0	1	0	0	1	0	0	0	0	0	1	0	NaN	NaN
0	0	2	1	0	0	0	4	0	0	2	0	0	0	0	1	1	0	2	0	1	NaN	NaN
3	2	0	0	0	1	1	2	0	0	1	1	0	1	0	0	0	0	1	1	2	NaN	NaN
2	1	1	1	0	2	0	0	0	0	0	0	2	1	0	2	0	0	3	1	3	NaN	NaN
4	1	0	4	0	0	0	2	0	0	3	2	0	1	0	0	1	1	2	0	4	NaN	NaN
2	2	1	1	0	0	2	3	1	0	2	1	0	1	0	2	1	1	0	0	5	NaN	NaN
2	1	0	1	0	0	1	0	1	0	1	0	0	1	1	2	0	0	1	2	6	NaN	NaN
1	2	0	0	0	1	0	3	0	0	2	3	0	0	0	2	0	0	1	0	7	NaN	NaN
2	1	0	0	0	1	2	0	1	0	1	0	0	1	0	0	0	0	1	0	8	NaN	NaN
0	1	1	0	0	1	0	1	0	0	3	1	0	1	0	2	0	0	0	1	9	NaN	NaN
0	2	1	0	0	0	0	2	0	0	1	1	0	0	0	1	0	1	1	0	10	NaN	NaN
1	0	0	0	0	2	0	0	0	0	3	0	0	0	0	3	1	0	0	1	11	NaN	NaN
0	2	0	1	0	1	0	5	0	0	1	0	0	1	0	0	0	0	0	1	0	NaN	NaN
0	0	2	1	0	0	0	4	0	0	2	0	0	0	0	1	1	0	2	0	1	NaN	NaN
3	2	0	0	0	1	1	2	0	0	1	1	0	1	0	0	0	0	1	1	2	NaN	NaN
2	1	1	1	0	2	0	0	0	0	0	0	2	1	0	2	0	0	3	1	3	NaN	NaN
4	1	0	4	0	0	0	2	0	0	3	2	0	1	0	0	1	1	2	0	4	NaN	NaN
2	2	1	1	0	0	2	3	1	0	2	1	0	1	0	2	1	1	0	0	5	NaN	NaN
2	1	0	1	0	0	1	0	1	0	1	0	0	1	1	2	0	0	1	2	6	NaN	NaN
1	2	0	0	0	1	0	3	0	0	2	3	0	0	0	2	0	0	1	0	7	NaN	NaN
2	1	0	0	0	1	2	0	1	0	1	0	0	1	0	0	0	0	1	0	8	NaN	NaN
0	1	1	0	0	1	0	1	0	0	3	1	0	1	0	2	0	0	0	1	9	NaN	NaN
0	2	1	0	0	0	0	2	0	0	1	1	0	0	0	1	0	1	1	0	10	NaN	NaN
1	0	0	0	0	2	0	0	0	0	3	0	0	0	0	3	1	0	0	1	11	NaN	NaN
0	2	0	1	0	1	0	5	0	0	1	0	0	1	0	0	0	0	0	1	0	NaN	NaN
0	0	2	1	0	0	0	4	0	0	2	0	0	0	0	1	1	0	2	0	1	NaN	NaN
3	2	0	0	0	1	1	2	0	0	1	1	0	1	0	0	0	0	1	1	2	NaN	NaN
2	1	1	1	0	2	0	0	0	0	0	0	2	1	0	2	0	0	3	1	3	NaN	NaN
4	1	0	4	0	0	0	2	0	0	3	2	0	1	0	0	1	1	2	0	4	NaN	NaN
2	2	1	1	0	0	2	3	1	0	2	1	0	1	0	2	1	1	0	0	5	NaN	NaN
2	1	0	1	0	0	1	0	1	0	1	0	0	1	1	2	0	0	1	2	6	NaN	NaN
1	2	0	0	0	1	0	3	0	0	2	3	0	0	0	2	0	0	1	0	7	NaN	NaN
2	1	0	0	0	1	2	0	1	0	1	0	0	1	0	0	0	0	1	0	8	NaN	NaN
0	1	1	0	0	1	0	1	0	0	3	1	0	1	0	2	0	0	0	1	9	NaN	NaN
0	2	1	0	0	0	0	2	0	0	1	1	0	0	0	1	0	1	1	0	10	NaN	NaN
1	0	0	0	0	2	0	0	0	0	3	0	0	0	0	3	1	0	0	1	11	NaN	NaN
0	1	0	1	0	1	0	5	0	0	1	0	0	1	0	0	0	0	0	1	0	39.6720110866594	40.362772748779676
0	1	2	1	0	0	0	4	0	0	2	0	0	0	0	1	1	0	2	0	1	38.14517097298383	40.362772748779676
3	2	0	0	0	1	1	2	0	0	1	1	0	1	0	0	0	1	1	1	2	35.78694975287884	40.362772748779676
2	1	1	1	0	1	0	0	0	0	0	0	2	1	0	2	0	0	3	1	3	35.47204957449256	40.362772748779676
3	1	0	4	0	0	0	2	0	0	3	2	0	0	0	0	1	0	2	0	4	40.03394018094746	40.362772748779676
2	1	1	2	0	0	1	3	1	0	2	1	0	1	0	2	1	1	1	0	5	41.3240196131453	40.362772748779676
2	1	0	2	0	0	2	1	0	0	1	0	0	1	1	3	0	0	2	3	6	41.28166483349142	40.362772748779676
2	2	0	3	0	2	0	3	0	0	2	3	0	0	0	2	0	0	2	0	7	42.93213246868162	40.362772748779676
2	1	0	3	0	2	4	0	1	0	2	0	1	1	0	0	2	0	2	0	8	43.670765519727134	40.362772748779676
0	1	1	1	0	2	1	2	1	0	3	1	0	1	1	2	2	0	1	1	9	44.615829318191274	40.362772748779676
0	2	1	0	0	0	0	2	0	0	2	0	0	0	0	1	0	1	1	0	10	42.29275841535317	40.362772748779676
1	0	0	0	0	1	0	0	0	0	3	0	0	0	0	3	0	0	0	1	11	39.12598124880412	40.362772748779676
0	2	0	1	0	1	0	5	0	0	1	0	0	1	0	0	0	0	0	1	0	35.70703696837185	40.18945495792226
0	0	2	1	0	0	0	4	0	0	2	0	0	0	0	1	1	0	2	0	1	34.865100554004265	40.18945495792226
3	2	0	0	0	1	1	2	0	0	1	1	0	1	0	0	0	0	1	1	2	34.31761344939471	40.18945495792226
2	1	1	1	0	2	0	0	0	0	0	0	2	1	0	2	0	0	3	1	3	37.068253697525996	40.18945495792226
4	1	0	4	0	0	0	2	0	0	3	2	0	1	0	0	1	1	2	0	4	39.94568537800484	40.18945495792226
2	2	1	1	0	0	2	3	1	0	2	1	0	1	0	2	1	1	0	0	5	45.00770766957129	40.18945495792226
2	1	0	1	0	0	1	0	1	0	1	0	0	1	1	2	0	0	1	2	6	46.11522965006446	40.18945495792226
1	2	0	0	0	1	0	3	0	0	2	3	0	0	0	2	0	0	1	0	7	46.599852283797944	40.18945495792226
2	1	0	0	0	1	2	0	1	0	1	0	0	1	0	0	0	0	1	0	8	44.844730765143225	40.18945495792226
0	1	1	0	0	1	0	1	0	0	3	1	0	1	0	2	0	0	0	1	9	45.321503831822184	40.18945495792226
0	2	1	0	0	0	0	2	0	0	1	1	0	0	0	1	0	1	1	0	10	37.387036720256695	40.18945495792226
1	0	0	0	0	2	0	0	0	0	3	0	0	0	0	3	1	0	0	1	11	35.09370852710967	40.18945495792226
0	2	0	1	0	1	0	5	0	0	1	0	0	1	0	0	0	0	0	1	0	35.70703696837185	40.18945495792226
0	0	2	1	0	0	0	4	0	0	2	0	0	0	0	1	1	0	2	0	1	34.865100554004265	40.18945495792226
3	2	0	0	0	1	1	2	0	0	1	1	0	1	0	0	0	0	1	1	2	34.31761344939471	40.18945495792226
2	1	1	1	0	2	0	0	0	0	0	0	2	1	0	2	0	0	3	1	3	37.068253697525996	40.18945495792226
4	1	0	4	0	0	0	2	0	0	3	2	0	1	0	0	1	1	2	0	4	39.94568537800484	40.18945495792226
2	2	1	1	0	0	2	3	1	0	2	1	0	1	0	2	1	1	0	0	5	45.00770766957129	40.18945495792226
2	1	0	1	0	0	1	0	1	0	1	0	0	1	1	2	0	0	1	2	6	46.11522965006446	40.18945495792226
1	2	0	0	0	1	0	3	0	0	2	3	0	0	0	2	0	0	1	0	7	46.599852283797944	40.18945495792226
2	1	0	0	0	1	2	0	1	0	1	0	0	1	0	0	0	0	1	0	8	44.844730765143225	40.18945495792226
0	1	1	0	0	1	0	1	0	0	3	1	0	1	0	2	0	0	0	1	9	45.321503831822184	40.18945495792226
0	2	1	0	0	0	0	2	0	0	1	1	0	0	0	1	0	1	1	0	10	37.387036720256695	40.18945495792226
1	0	0	0	0	2	0	0	0	0	3	0	0	0	0	3	1	0	0	1	11	35.09370852710967	40.18945495792226
0	1	0	1	0	1	0	5	0	0	1	0	0	1	0	0	0	0	0	1	0	39.6720110866594	40.362772748779676
0	1	2	1	0	0	0	4	0	0	2	0	0	0	0	1	1	0	2	0	1	38.14517097298383	40.362772748779676
3	2	0	0	0	1	1	2	0	0	1	1	0	1	0	0	0	1	1	1	2	35.78694975287884	40.362772748779676
2	1	1	1	0	1	0	0	0	0	0	0	2	1	0	2	0	0	3	1	3	35.47204957449256	40.362772748779676
3	1	0	4	0	0	0	2	0	0	3	2	0	0	0	0	1	0	2	0	4	40.03394018094746	40.362772748779676
2	1	1	2	0	0	1	3	1	0	2	1	0	1	0	2	1	1	1	0	5	41.3240196131453	40.362772748779676
2	1	0	2	0	0	2	1	0	0	1	0	0	1	1	3	0	0	2	3	6	41.28166483349142	40.362772748779676
2	2	0	3	0	2	0	3	0	0	2	3	0	0	0	2	0	0	2	0	7	42.93213246868162	40.362772748779676
2	1	0	3	0	2	4	0	1	0	2	0	1	1	0	0	2	0	2	0	8	43.670765519727134	40.362772748779676
0	1	1	1	0	2	1	2	1	0	3	1	0	1	1	2	2	0	1	1	9	44.615829318191274	40.362772748779676
0	2	1	0	0	0	0	2	0	0	2	0	0	0	0	1	0	1	1	0	10	42.29275841535317	40.362772748779676
1	0	0	0	0	1	0	0	0	0	3	0	0	0	0	3	0	0	0	1	11	39.12598124880412	40.362772748779676
0	1	0	1	0	1	0	5	0	0	1	0	0	1	0	0	0	0	0	1	0	39.6720110866594	40.362772748779676
0	1	2	1	0	0	0	4	0	0	2	0	0	0	0	1	1	0	2	0	1	38.14517097298383	40.362772748779676
3	2	0	0	0	1	1	2	0	0	1	1	0	1	0	0	0	1	1	1	2	35.78694975287884	40.362772748779676
2	1	1	1	0	1	0	0	0	0	0	0	2	1	0	2	0	0	3	1	3	35.47204957449256	40.362772748779676
3	1	0	4	0	0	0	2	0	0	3	2	0	0	0	0	1	0	2	0	4	40.03394018094746	40.362772748779676
2	1	1	2	0	0	1	3	1	0	2	1	0	1	0	2	1	1	1	0	5	41.3240196131453	40.362772748779676
2	1	0	2	0	0	2	1	0	0	1	0	0	1	1	3	0	0	2	3	6	41.28166483349142	40.362772748779676
2	2	0	3	0	2	0	3	0	0	2	3	0	0	0	2	0	0	2	0	7	42.93213246868162	40.362772748779676
2	1	0	3	0	2	4	0	1	0	2	0	1	1	0	0	2	0	2	0	8	43.670765519727134	40.362772748779676
0	1	1	1	0	2	1	2	1	0	3	1	0	1	1	2	2	0	1	1	9	44.615829318191274	40.362772748779676
0	2	1	0	0	0	0	2	0	0	2	0	0	0	0	1	0	1	1	0	10	42.29275841535317	40.362772748779676
1	0	0	0	0	1	0	0	0	0	3	0	0	0	0	3	0	0	0	1	11	39.12598124880412	40.362772748779676
0	2	0	1	0	1	0	5	0	0	1	0	0	1	0	0	0	0	0	1	0	35.70703696837185	40.18945495792226
0	0	2	1	0	0	0	4	0	0	2	0	0	0	0	1	1	0	2	0	1	34.865100554004265	40.18945495792226
3	2	0	0	0	1	1	2	0	0	1	1	0	1	0	0	0	0	1	1	2	34.31761344939471	40.18945495792226
2	1	1	1	0	2	0	0	0	0	0	0	2	1	0	2	0	0	3	1	3	37.068253697525996	40.18945495792226
4	1	0	4	0	0	0	2	0	0	3	2	0	1	0	0	1	1	2	0	4	39.94568537800484	40.18945495792226
2	2	1	1	0	0	2	3	1	0	2	1	0	1	0	2	1	1	0	0	5	45.00770766957129	40.18945495792226
2	1	0	1	0	0	1	0	1	0	1	0	0	1	1	2	0	0	1	2	6	46.11522965006446	40.18945495792226
1	2	0	0	0	1	0	3	0	0	2	3	0	0	0	2	0	0	1	0	7	46.599852283797944	40.18945495792226
2	1	0	0	0	1	2	0	1	0	1	0	0	1	0	0	0	0	1	0	8	44.844730765143225	40.18945495792226
0	1	1	0	0	1	0	1	0	0	3	1	0	1	0	2	0	0	0	1	9	45.321503831822184	40.18945495792226
0	2	1	0	0	0	0	2	0	0	1	1	0	0	0	1	0	1	1	0	10	37.387036720256695	40.18945495792226
1	0	0	0	0	2	0	0	0	0	3	0	0	0	0	3	1	0	0	1	11	35.09370852710967	40.18945495792226
