0	2	1	2	0	0	0	2	0	0	1	0	0	0	0	1	1	0	2	2	0	NaN	NaN
3	1	1	1	0	2	0	0	1	1	0	1	0	1	0	1	0	0	1	1	1	NaN	NaN
2	0	1	1	0	1	0	0	0	0	0	1	0	2	0	0	0	0	1	2	2	NaN	NaN
0	1	0	0	0	1	0	0	0	0	2	0	0	0	0	0	2	0	2	1	3	NaN	NaN
1	0	0	0	0	1	0	1	0	1	0	1	0	0	0	1	0	0	0	1	4	NaN	NaN
0	0	0	0	0	0	0	2	0	0	0	1	0	0	0	0	1	0	0	3	5	NaN	NaN
3	0	0	1	0	0	0	0	0	0	1	0	0	1	0	1	1	0	0	1	6	NaN	NaN
3	0	0	0	0	0	0	2	0	0	0	0	0	0	0	1	0	0	2	1	7	NaN	NaN
1	0	1	0	0	2	0	0	0	0	2	0	0	1	1	0	0	1	1	0	8	NaN	NaN
3	0	0	1	0	0	0	0	0	0	0	0	0	2	0	1	0	0	2	1	9	NaN	NaN
1	0	1	0	0	0	1	2	0	0	2	0	0	0	0	1	1	1	1	0	10	NaN	NaN
1	0	1	0	0	0	1	1	0	1	2	1	0	1	0	1	0	0	0	0	11	NaN	NaN
2	0	0	2	0	0	1	3	0	0	2	2	0	0	0	1	0	0	2	0	12	NaN	NaN
0	1	1	0	0	0	0	4	0	1	0	0	0	1	0	0	3	0	2	1	13	NaN	NaN
1	1	0	1	0	0	0	3	0	0	0	0	0	1	0	0	1	0	1	2	14	NaN	NaN
2	1	0	1	0	0	1	0	0	0	1	2	0	0	0	0	0	0	1	2	15	NaN	NaN
1	0	2	0	0	0	0	0	0	0	0	0	0	2	0	2	0	0	2	1	16	NaN	NaN
1	1	0	1	0	1	0	0	1	0	2	0	0	0	0	1	1	0	1	1	17	NaN	NaN
0	2	1	1	0	0	0	2	0	0	1	0	0	1	0	1	1	0	2	2	0	42.58948154540337	41.6338663302424
1	1	1	1	0	2	0	0	1	0	0	2	0	1	0	1	0	0	1	1	1	53.34268973669397	41.6338663302424
2	0	1	1	0	1	0	0	0	0	0	1	0	3	0	0	0	0	1	2	2	58.21140831734893	41.6338663302424
0	0	0	0	0	1	0	0	0	0	2	0	0	0	0	0	2	0	2	0	3	53.55501318523459	41.6338663302424
1	0	0	0	0	0	0	1	0	1	0	0	0	0	0	1	0	0	0	1	4	48.55302128212624	41.6338663302424
0	0	0	0	0	0	0	1	0	0	0	1	0	0	0	0	1	0	0	3	5	49.196573034271864	41.6338663302424
3	0	0	1	0	0	0	0	0	0	2	0	0	1	0	0	1	0	0	1	6	44.363021694777316	41.6338663302424
3	0	1	0	0	0	0	2	0	0	1	0	0	0	0	1	0	0	1	1	7	39.41764231240806	41.6338663302424
1	0	1	0	0	2	0	1	0	0	2	0	0	1	1	0	0	2	1	0	8	40.557342325102056	41.6338663302424
3	0	0	1	0	0	0	0	0	0	0	0	0	2	0	1	1	0	2	1	9	36.18580456949056	41.6338663302424
1	0	1	0	0	0	1	2	0	0	2	0	0	0	0	0	1	1	1	0	10	39.19066789252553	41.6338663302424
1	0	2	0	0	0	0	2	0	1	2	1	0	1	0	1	0	0	0	0	11	35.55123333859394	41.6338663302424
1	0	0	2	0	0	1	3	0	0	2	2	0	0	0	1	0	1	2	0	12	36.39121763834263	41.6338663302424
0	1	1	0	0	0	0	3	0	1	0	0	0	1	0	0	2	0	2	1	13	34.69940811526888	41.6338663302424
1	1	0	1	0	0	0	3	0	0	0	0	0	1	0	0	1	0	1	2	14	33.71799919754056	41.6338663302424
2	1	0	1	0	0	1	0	0	0	1	3	0	0	0	0	0	0	1	2	15	31.30931792682027	41.6338663302424
1	0	2	1	0	1	0	0	0	0	2	0	0	2	0	2	0	0	2	1	16	34.12150387589322	41.6338663302424
2	1	0	1	0	1	0	0	1	0	2	1	0	0	0	2	1	0	1	1	17	38.456247956521	41.6338663302424
