0	0	0	0	0	1	0	0	0	0	0	0	1	0	0	0	0	1	0	0	0	NaN	NaN
0	0	0	0	0	0	1	1	0	2	0	0	0	0	0	0	1	0	0	0	1	NaN	NaN
0	0	0	0	0	0	1	0	1	1	0	0	0	1	0	0	0	0	0	0	2	NaN	NaN
2	0	1	0	1	0	0	1	0	1	1	2	0	0	0	1	0	0	3	1	3	NaN	NaN
0	1	0	0	0	0	1	1	0	0	1	0	0	1	0	0	0	0	1	1	4	NaN	NaN
0	0	0	0	0	1	0	0	0	0	0	0	0	1	0	0	0	0	0	1	5	NaN	NaN
0	0	0	0	0	0	0	0	1	1	0	0	1	1	0	0	0	0	0	0	6	NaN	NaN
0	0	0	0	0	0	0	0	0	0	0	0	0	0	0	0	0	0	2	0	7	NaN	NaN
0	0	0	0	0	1	0	0	0	0	0	0	1	0	0	0	0	1	0	0	0	NaN	NaN
0	0	0	0	0	0	1	1	0	2	0	0	0	0	0	0	1	0	0	0	1	NaN	NaN
0	0	0	0	0	0	1	0	1	1	0	0	0	1	0	0	0	0	0	0	2	NaN	NaN
2	0	1	0	1	0	0	1	0	1	1	2	0	0	0	1	0	0	3	1	3	NaN	NaN
0	1	0	0	0	0	1	1	0	0	1	0	0	1	0	0	0	0	1	1	4	NaN	NaN
0	0	0	0	0	1	0	0	0	0	0	0	0	1	0	0	0	0	0	1	5	NaN	NaN
0	0	0	0	0	0	0	0	1	1	0	0	1	1	0	0	0	0	0	0	6	NaN	NaN
0	0	0	0	0	0	0	0	0	0	0	0	0	0	0	0	0	0	2	0	7	NaN	NaN
0	0	0	0	0	1	0	0	0	0	0	0	1	0	0	0	0	1	0	0	0	NaN	NaN
0	0	0	0	0	0	0	0	0	0	0	0	0	0	0	0	0	0	2	0	1	NaN	NaN
0	1	0	0	0	0	1	1	0	0	1	0	0	1	0	0	0	0	1	1	2	NaN	NaN
0	0	0	0	0	1	0	0	0	0	0	0	0	1	0	0	0	0	0	1	3	NaN	NaN
2	0	1	0	1	0	0	1	0	1	1	2	0	0	0	1	0	0	3	1	4	NaN	NaN
0	0	0	0	0	0	0	0	1	1	0	0	1	1	0	0	0	0	0	0	5	NaN	NaN
0	0	0	0	0	0	1	0	1	1	0	0	0	1	0	0	0	0	0	0	6	NaN	NaN
0	0	0	0	0	0	1	1	0	2	0	0	0	0	0	0	1	0	0	0	7	NaN	NaN
0	0	0	0	0	1	0	0	0	0	0	0	1	0	0	0	0	1	0	0	0	63.603766858771124	52.32194124716983
0	0	0	0	0	0	0	0	0	0	0	0	0	0	0	0	0	0	2	0	1	64.32787729344044	52.32194124716983
0	1	0	0	0	0	1	1	0	0	1	0	0	1	0	0	0	0	1	1	2	48.94195931846658	52.32194124716983
0	0	0	0	0	1	0	0	0	0	0	0	0	1	0	0	0	0	0	1	3	37.15667159376923	52.32194124716983
2	0	1	0	1	0	0	1	0	1	1	2	0	0	0	1	0	0	3	1	4	57.89716427853735	52.32194124716983
0	0	0	0	0	0	0	0	1	1	0	0	1	1	0	0	0	0	0	0	5	40.72877731002149	52.32194124716983
0	0	0	0	0	0	1	0	1	1	0	0	0	1	0	0	0	0	0	0	6	49.324867772141104	52.32194124716983
0	0	0	0	0	0	1	1	0	2	0	0	0	0	0	0	1	0	0	0	7	56.59444555221135	52.32194124716983
0	0	0	0	0	0	0	0	0	1	0	0	0	0	0	0	0	0	0	0	0	56.879086518980415	71.17945276123494
0	0	0	0	0	0	0	0	0	0	0	0	0	0	0	0	0	0	0	1	1	85.47981900348947	71.17945276123494
0	0	0	0	0	1	0	0	0	0	0	0	1	0	0	0	0	1	0	0	0	63.603766858771124	52.32194124716983
0	0	0	0	0	0	0	0	0	0	0	0	0	0	0	0	0	0	2	0	1	64.32787729344044	52.32194124716983
0	1	0	0	0	0	1	1	0	0	1	0	0	1	0	0	0	0	1	1	2	48.94195931846658	52.32194124716983
0	0	0	0	0	1	0	0	0	0	0	0	0	1	0	0	0	0	0	1	3	37.15667159376923	52.32194124716983
2	0	1	0	1	0	0	1	0	1	1	2	0	0	0	1	0	0	3	1	4	57.89716427853735	52.32194124716983
0	0	0	0	0	0	0	0	1	1	0	0	1	1	0	0	0	0	0	0	5	40.72877731002149	52.32194124716983
0	0	0	0	0	0	1	0	1	1	0	0	0	1	0	0	0	0	0	0	6	49.324867772141104	52.32194124716983
0	0	0	0	0	0	1	1	0	2	0	0	0	0	0	0	1	0	0	0	7	56.59444555221135	52.32194124716983
0	0	0	0	0	0	0	0	0	1	0	0	0	0	0	0	0	0	0	0	0	56.879086518980415	71.17945276123494
0	0	0	0	0	0	0	0	0	0	0	0	0	0	0	0	0	0	0	1	1	85.47981900348947	71.17945276123494
