1	0	1	0	0	1	0	1	0	1	0	0	0	1	0	2	1	0	1	0	0	NaN	NaN
0	0	0	1	0	1	0	1	0	1	0	0	0	1	1	3	1	0	0	0	1	NaN	NaN
1	0	0	1	0	1	0	1	0	1	0	0	0	1	0	2	0	0	3	0	2	NaN	NaN
0	2	1	0	0	0	1	1	0	0	1	1	0	2	0	2	0	0	1	0	3	NaN	NaN
3	1	2	0	0	0	0	2	0	1	1	1	0	0	0	1	0	0	0	1	4	NaN	NaN
2	0	2	0	0	2	1	1	1	0	0	0	0	1	0	3	0	0	0	1	5	NaN	NaN
2	1	1	1	0	1	0	1	0	1	1	2	0	0	0	2	4	0	0	1	6	NaN	NaN
2	4	1	1	0	0	3	0	0	0	0	1	0	2	0	1	2	0	2	1	7	NaN	NaN
2	0	0	2	0	0	3	4	1	2	2	1	1	0	0	2	1	0	2	1	8	NaN	NaN
2	2	1	0	0	0	1	1	1	0	1	0	0	3	0	2	0	0	3	1	9	NaN	NaN
0	1	1	2	0	1	0	0	0	1	0	0	0	1	0	1	0	0	1	1	10	NaN	NaN
1	0	0	0	0	0	0	2	0	0	0	0	1	1	0	1	0	1	1	1	11	NaN	NaN
0	1	0	1	0	0	0	2	0	0	2	1	1	0	0	2	2	0	1	0	12	NaN	NaN
2	0	1	0	0	2	0	2	0	0	1	1	0	2	0	1	0	0	0	0	13	NaN	NaN
1	1	0	1	0	0	1	0	0	0	0	0	0	1	0	1	2	0	1	2	14	NaN	NaN
0	0	1	1	0	0	0	2	0	0	2	2	1	0	0	1	1	0	0	1	15	NaN	NaN
2	1	3	0	0	1	1	0	0	1	0	0	0	1	0	1	1	0	1	0	16	NaN	NaN
1	0	0	0	0	0	0	3	0	0	1	0	0	1	0	1	1	0	0	0	17	NaN	NaN
2	0	0	2	0	0	0	0	0	1	1	0	0	1	0	1	0	0	1	0	18	NaN	NaN
0	1	1	0	0	0	0	0	0	0	4	2	0	0	0	0	1	0	1	0	19	NaN	NaN
2	1	0	0	0	0	0	0	0	0	1	0	1	0	0	0	0	0	1	1	20	NaN	NaN
1	0	0	0	0	2	0	1	0	1	1	1	0	0	0	0	0	0	1	1	21	NaN	NaN
1	0	1	0	0	1	0	1	0	1	0	0	0	1	0	2	1	0	1	0	0	NaN	NaN
0	0	0	1	0	1	0	1	0	1	0	0	0	1	1	3	1	0	0	0	1	NaN	NaN
1	0	0	1	0	1	0	1	0	1	0	0	0	1	0	2	0	0	3	0	2	NaN	NaN
0	2	1	0	0	0	1	1	0	0	1	1	0	2	0	2	0	0	1	0	3	NaN	NaN
3	1	2	0	0	0	0	2	0	1	1	1	0	0	0	1	0	0	0	1	4	NaN	NaN
2	0	2	0	0	2	1	1	1	0	0	0	0	1	0	3	0	0	0	1	5	NaN	NaN
2	1	1	1	0	1	0	1	0	1	1	2	0	0	0	2	4	0	0	1	6	NaN	NaN
2	4	1	1	0	0	3	0	0	0	0	1	0	2	0	1	2	0	2	1	7	NaN	NaN
2	0	0	2	0	0	3	4	1	2	2	1	1	0	0	2	1	0	2	1	8	NaN	NaN
2	2	1	0	0	0	1	1	1	0	1	0	0	3	0	2	0	0	3	1	9	NaN	NaN
0	1	1	2	0	1	0	0	0	1	0	0	0	1	0	1	0	0	1	1	10	NaN	NaN
1	0	0	0	0	0	0	2	0	0	0	0	1	1	0	1	0	1	1	1	11	NaN	NaN
0	1	0	1	0	0	0	2	0	0	2	1	1	0	0	2	2	0	1	0	12	NaN	NaN
2	0	1	0	0	2	0	2	0	0	1	1	0	2	0	1	0	0	0	0	13	NaN	NaN
1	1	0	1	0	0	1	0	0	0	0	0	0	1	0	1	2	0	1	2	14	NaN	NaN
0	0	1	1	0	0	0	2	0	0	2	2	1	0	0	1	1	0	0	1	15	NaN	NaN
2	1	3	0	0	1	1	0	0	1	0	0	0	1	0	1	1	0	1	0	16	NaN	NaN
1	0	0	0	0	0	0	3	0	0	1	0	0	1	0	1	1	0	0	0	17	NaN	NaN
2	0	0	2	0	0	0	0	0	1	1	0	0	1	0	1	0	0	1	0	18	NaN	NaN
0	1	1	0	0	0	0	0	0	0	4	2	0	0	0	0	1	0	1	0	19	NaN	NaN
2	1	0	0	0	0	0	0	0	0	1	0	1	0	0	0	0	0	1	1	20	NaN	NaN
1	0	0	0	0	2	0	1	0	1	1	1	0	0	0	0	0	0	1	1	21	NaN	NaN
2	1	0	0	0	0	0	1	0	0	1	0	1	0	0	0	0	0	1	1	0	48.16984195734482	44.70409820600668
1	0	0	0	0	1	0	1	0	1	1	0	0	0	0	0	0	0	1	1	1	41.23835445466853	44.70409820600668
1	0	1	0	0	1	0	1	0	1	0	0	0	1	0	2	1	0	1	0	0	39.558594151211594	40.522314640959756
0	0	0	1	0	1	0	1	0	1	0	0	0	1	1	3	1	0	0	0	1	34.04348194215626	40.522314640959756
1	0	0	1	0	1	0	1	0	1	0	0	0	1	0	2	0	0	3	0	2	36.673795245558836	40.522314640959756
0	2	1	0	0	0	1	1	0	0	1	1	0	2	0	2	0	0	1	0	3	35.60836364193248	40.522314640959756
3	1	2	0	0	0	0	2	0	1	1	1	0	0	0	1	0	0	0	1	4	36.09459106914455	40.522314640959756
2	0	2	0	0	2	1	1	1	0	0	0	0	1	0	3	0	0	0	1	5	33.426552863957774	40.522314640959756
2	1	1	1	0	1	0	1	0	1	1	2	0	0	0	2	4	0	0	1	6	32.28563251539221	40.522314640959756
2	4	1	1	0	0	3	0	0	0	0	1	0	2	0	1	2	0	2	1	7	32.65146275621245	40.522314640959756
2	0	0	2	0	0	3	4	1	2	2	1	1	0	0	2	1	0	2	1	8	36.38183498885292	40.522314640959756
2	2	1	0	0	0	1	1	1	0	1	0	0	3	0	2	0	0	3	1	9	33.745211776749386	40.522314640959756
0	1	1	2	0	1	0	0	0	1	0	0	0	1	0	1	0	0	1	1	10	34.20809137865846	40.522314640959756
1	0	0	0	0	0	0	2	0	0	0	0	1	1	0	1	0	1	1	1	11	40.25089376016051	40.522314640959756
0	1	0	1	0	0	0	2	0	0	2	1	1	0	0	2	2	0	1	0	12	46.03569399720445	40.522314640959756
2	0	1	0	0	2	0	2	0	0	1	1	0	2	0	1	0	0	0	0	13	44.55498508508583	40.522314640959756
1	1	0	1	0	0	1	0	0	0	0	0	0	1	0	1	2	0	1	2	14	45.825376496019146	40.522314640959756
0	0	1	1	0	0	0	2	0	0	2	2	1	0	0	1	1	0	0	1	15	47.25480832408767	40.522314640959756
2	1	3	0	0	1	1	0	0	1	0	0	0	1	0	1	1	0	1	0	16	52.11279969479835	40.522314640959756
1	0	0	0	0	0	0	3	0	0	1	0	0	1	0	1	1	0	0	0	17	49.10181955445163	40.522314640959756
2	0	0	2	0	0	0	0	0	1	1	0	0	1	0	1	0	0	1	0	18	49.156889233232945	40.522314640959756
0	1	1	0	0	0	0	0	0	0	4	2	0	0	0	0	1	0	1	0	19	50.937212167176966	40.522314640959756
2	1	0	0	0	0	0	0	0	0	1	0	1	0	0	0	0	0	1	1	20	41.24502019183447	40.522314640959756
1	0	0	0	0	2	0	1	0	1	1	1	0	0	0	0	0	0	1	1	21	40.337811267235736	40.522314640959756
