0	0	0	0	0	0	2	0	0	0	1	0	0	1	0	0	0	0	1	1	0	NaN	NaN
0	0	0	0	0	0	0	0	0	1	0	1	0	1	1	0	0	0	1	1	1	NaN	NaN
1	0	0	0	1	0	0	2	1	2	3	0	0	0	0	1	2	0	0	0	2	NaN	NaN
1	1	0	1	0	0	1	0	0	0	1	0	0	1	0	1	0	0	2	0	3	NaN	NaN
0	0	0	0	0	1	0	1	0	1	0	0	0	0	1	1	0	0	1	1	4	NaN	NaN
1	0	0	0	0	0	0	1	0	1	1	0	0	0	0	0	1	0	1	0	5	NaN	NaN
1	0	0	0	0	2	0	1	1	1	1	1	0	0	0	0	0	0	0	0	6	NaN	NaN
0	0	0	0	0	0	0	0	0	0	2	0	0	2	0	0	1	0	2	0	7	NaN	NaN
0	0	0	0	0	0	2	0	0	0	1	0	0	1	0	0	0	0	1	1	0	NaN	NaN
0	0	0	0	0	0	0	0	0	1	0	1	0	1	1	0	0	0	1	1	1	NaN	NaN
1	0	0	0	1	0	0	2	1	2	3	0	0	0	0	1	2	0	0	0	2	NaN	NaN
1	1	0	1	0	0	1	0	0	0	1	0	0	1	0	1	0	0	2	0	3	NaN	NaN
0	0	0	0	0	1	0	1	0	1	0	0	0	0	1	1	0	0	1	1	4	NaN	NaN
1	0	0	0	0	0	0	1	0	1	1	0	0	0	0	0	1	0	1	0	5	NaN	NaN
1	0	0	0	0	2	0	1	1	1	1	1	0	0	0	0	0	0	0	0	6	NaN	NaN
0	0	0	0	0	0	0	0	0	0	2	0	0	2	0	0	1	0	2	0	7	NaN	NaN
0	0	0	0	0	0	2	0	0	0	1	0	0	1	0	0	0	0	1	1	0	NaN	NaN
0	0	0	0	0	0	0	0	0	0	2	0	0	2	0	0	1	0	2	0	1	NaN	NaN
1	0	0	0	0	2	0	1	1	1	1	1	0	0	0	0	0	0	0	0	2	NaN	NaN
1	0	0	0	0	0	0	1	0	1	1	0	0	0	0	0	1	0	1	0	3	NaN	NaN
1	1	0	1	0	0	1	0	0	0	1	0	0	1	0	1	0	0	2	0	4	NaN	NaN
1	0	0	0	1	0	0	2	1	2	3	0	0	0	0	1	2	0	0	0	5	NaN	NaN
0	0	0	0	0	1	0	1	0	1	0	0	0	0	1	1	0	0	1	1	6	NaN	NaN
0	0	0	0	0	0	0	0	0	1	0	1	0	1	1	0	0	0	1	1	7	NaN	NaN
0	0	0	0	0	0	2	0	0	0	1	0	0	1	0	0	0	0	1	1	0	49.49308832927808	43.98837399700647
0	0	0	0	0	0	0	0	0	0	2	0	0	2	0	0	1	0	2	0	1	40.992180493375244	43.98837399700647
1	0	0	0	0	2	0	1	1	1	1	1	0	0	0	0	0	0	0	0	2	45.42985130951103	43.98837399700647
1	0	0	0	0	0	0	1	0	1	1	0	0	0	0	0	1	0	1	0	3	39.232382328980584	43.98837399700647
1	1	0	1	0	0	1	0	0	0	1	0	0	1	0	1	0	0	2	0	4	37.98646115349354	43.98837399700647
1	0	0	0	1	0	0	2	1	2	3	0	0	0	0	1	2	0	0	0	5	49.43920303804457	43.98837399700647
0	0	0	0	0	1	0	1	0	1	0	0	0	0	1	1	0	0	1	1	6	38.28235246197341	43.98837399700647
0	0	0	0	0	0	0	0	0	1	0	1	0	1	1	0	0	0	1	1	7	51.05147286139535	43.98837399700647
0	2	1	1	0	0	3	1	0	1	1	0	0	2	1	1	0	0	1	2	0	58.79184608463639	46.73546873626498
0	0	1	0	0	0	0	0	0	1	0	1	0	1	1	1	0	0	1	1	1	42.52533427603769	46.73546873626498
1	0	0	0	1	0	0	2	1	2	2	0	0	0	0	1	2	0	0	0	2	38.215363103365156	46.73546873626498
1	1	0	1	0	0	1	1	0	0	1	0	0	1	0	1	0	0	2	0	3	37.484772241443395	46.73546873626498
0	0	0	0	0	1	0	1	0	2	0	0	0	0	1	1	0	0	1	1	4	37.84196400024997	46.73546873626498
1	0	0	0	0	0	0	2	0	1	1	0	0	0	0	0	1	0	1	0	5	42.7431313660856	46.73546873626498
1	0	0	0	0	2	0	1	1	1	1	1	0	0	0	0	0	0	0	0	6	60.67734785653631	46.73546873626498
0	0	0	0	0	0	0	0	0	0	2	0	0	2	0	0	1	0	2	0	7	55.60399096176533	46.73546873626498
0	0	0	0	0	0	2	0	0	0	1	0	0	1	0	0	0	0	1	1	0	49.49308832927808	43.98837399700647
0	0	0	0	0	0	0	0	0	0	2	0	0	2	0	0	1	0	2	0	1	40.992180493375244	43.98837399700647
1	0	0	0	0	2	0	1	1	1	1	1	0	0	0	0	0	0	0	0	2	45.42985130951103	43.98837399700647
1	0	0	0	0	0	0	1	0	1	1	0	0	0	0	0	1	0	1	0	3	39.232382328980584	43.98837399700647
1	1	0	1	0	0	1	0	0	0	1	0	0	1	0	1	0	0	2	0	4	37.98646115349354	43.98837399700647
1	0	0	0	1	0	0	2	1	2	3	0	0	0	0	1	2	0	0	0	5	49.43920303804457	43.98837399700647
0	0	0	0	0	1	0	1	0	1	0	0	0	0	1	1	0	0	1	1	6	38.28235246197341	43.98837399700647
0	0	0	0	0	0	0	0	0	1	0	1	0	1	1	0	0	0	1	1	7	51.05147286139535	43.98837399700647
0	2	1	1	0	0	3	1	0	1	1	0	0	2	1	1	0	0	1	2	0	58.79184608463639	46.73546873626498
0	0	1	0	0	0	0	0	0	1	0	1	0	1	1	1	0	0	1	1	1	42.52533427603769	46.73546873626498
1	0	0	0	1	0	0	2	1	2	2	0	0	0	0	1	2	0	0	0	2	38.215363103365156	46.73546873626498
1	1	0	1	0	0	1	1	0	0	1	0	0	1	0	1	0	0	2	0	3	37.484772241443395	46.73546873626498
0	0	0	0	0	1	0	1	0	2	0	0	0	0	1	1	0	0	1	1	4	37.84196400024997	46.73546873626498
1	0	0	0	0	0	0	2	0	1	1	0	0	0	0	0	1	0	1	0	5	42.7431313660856	46.73546873626498
1	0	0	0	0	2	0	1	1	1	1	1	0	0	0	0	0	0	0	0	6	60.67734785653631	46.73546873626498
0	0	0	0	0	0	0	0	0	0	2	0	0	2	0	0	1	0	2	0	7	55.60399096176533	46.73546873626498
