2	0	0	0	0	0	0	0	0	0	1	0	1	0	0	1	1	1	1	0	0	NaN	NaN
0	1	0	0	0	0	2	0	0	0	2	1	0	0	0	1	0	0	1	1	1	NaN	NaN
0	0	0	0	0	0	1	0	0	1	2	0	0	0	0	0	0	0	0	0	2	NaN	NaN
1	0	0	0	0	0	1	0	0	2	0	1	0	0	0	0	0	0	0	0	3	NaN	NaN
0	0	0	1	0	0	0	0	0	1	0	1	0	1	0	0	0	0	0	0	4	NaN	NaN
0	0	1	1	0	0	0	0	0	0	2	1	0	0	0	0	0	0	0	2	5	NaN	NaN
0	0	0	0	1	0	0	0	0	0	2	0	1	1	0	0	0	0	0	0	6	NaN	NaN
1	0	0	0	1	1	0	0	0	0	1	0	0	0	0	0	0	0	0	0	7	NaN	NaN
2	0	0	0	0	0	0	0	0	0	1	0	1	0	0	1	1	1	1	0	0	NaN	NaN
0	1	0	0	0	0	2	0	0	0	2	1	0	0	0	1	0	0	1	1	1	NaN	NaN
0	0	0	0	0	0	1	0	0	1	2	0	0	0	0	0	0	0	0	0	2	NaN	NaN
1	0	0	0	0	0	1	0	0	2	0	1	0	0	0	0	0	0	0	0	3	NaN	NaN
0	0	0	1	0	0	0	0	0	1	0	1	0	1	0	0	0	0	0	0	4	NaN	NaN
0	0	1	1	0	0	0	0	0	0	2	1	0	0	0	0	0	0	0	2	5	NaN	NaN
0	0	0	0	1	0	0	0	0	0	2	0	1	1	0	0	0	0	0	0	6	NaN	NaN
1	0	0	0	1	1	0	0	0	0	1	0	0	0	0	0	0	0	0	0	7	NaN	NaN
2	0	0	0	0	0	0	0	0	0	1	0	1	0	0	1	1	1	1	0	0	NaN	NaN
1	0	0	0	1	1	0	0	0	0	1	0	0	0	0	0	0	0	0	0	1	NaN	NaN
0	0	0	0	1	0	0	0	0	0	2	0	1	1	0	0	0	0	0	0	2	NaN	NaN
0	0	1	1	0	0	0	0	0	0	2	1	0	0	0	0	0	0	0	2	3	NaN	NaN
0	0	0	1	0	0	0	0	0	1	0	1	0	1	0	0	0	0	0	0	4	NaN	NaN
1	0	0	0	0	0	1	0	0	2	0	1	0	0	0	0	0	0	0	0	5	NaN	NaN
0	0	0	0	0	0	1	0	0	1	2	0	0	0	0	0	0	0	0	0	6	NaN	NaN
0	1	0	0	0	0	2	0	0	0	2	1	0	0	0	1	0	0	1	1	7	NaN	NaN
2	0	0	0	0	0	0	0	0	0	1	0	1	0	0	1	1	1	1	0	0	47.12914890592372	48.47478708619005
1	0	0	0	1	1	0	0	0	0	1	0	0	0	0	0	0	0	0	0	1	42.760415049156904	48.47478708619005
0	0	0	0	1	0	0	0	0	0	2	0	1	1	0	0	0	0	0	0	2	43.92399316141876	48.47478708619005
0	0	1	1	0	0	0	0	0	0	2	1	0	0	0	0	0	0	0	2	3	47.90152482858735	48.47478708619005
0	0	0	1	0	0	0	0	0	1	0	1	0	1	0	0	0	0	0	0	4	42.861457398445914	48.47478708619005
1	0	0	0	0	0	1	0	0	2	0	1	0	0	0	0	0	0	0	0	5	61.41648985798737	48.47478708619005
0	0	0	0	0	0	1	0	0	1	2	0	0	0	0	0	0	0	0	0	6	50.390288904789664	48.47478708619005
0	1	0	0	0	0	2	0	0	0	2	1	0	0	0	1	0	0	1	1	7	51.414978583210726	48.47478708619005
0	0	0	0	0	0	1	0	0	0	1	1	0	0	1	0	0	0	0	0	0	42.0109465692829	48.359587095739364
0	0	0	0	0	0	1	0	0	1	2	0	0	0	0	0	0	0	0	0	1	38.31736418095902	48.359587095739364
1	0	0	0	0	0	0	0	0	2	0	1	0	0	0	0	0	0	0	0	2	49.190656910595635	48.359587095739364
0	0	0	0	0	0	0	0	0	0	0	1	0	0	0	0	0	0	0	0	3	38.109368354540365	48.359587095739364
0	0	0	1	0	0	0	0	0	0	2	1	0	0	0	0	1	0	0	2	4	62.427166725994944	48.359587095739364
0	0	0	0	1	0	0	0	0	0	2	0	1	1	0	0	0	0	0	0	5	60.10201983306338	48.359587095739364
2	0	0	0	0	0	0	0	0	0	1	0	1	0	0	1	1	1	1	0	0	47.12914890592372	48.47478708619005
1	0	0	0	1	1	0	0	0	0	1	0	0	0	0	0	0	0	0	0	1	42.760415049156904	48.47478708619005
0	0	0	0	1	0	0	0	0	0	2	0	1	1	0	0	0	0	0	0	2	43.92399316141876	48.47478708619005
0	0	1	1	0	0	0	0	0	0	2	1	0	0	0	0	0	0	0	2	3	47.90152482858735	48.47478708619005
0	0	0	1	0	0	0	0	0	1	0	1	0	1	0	0	0	0	0	0	4	42.861457398445914	48.47478708619005
1	0	0	0	0	0	1	0	0	2	0	1	0	0	0	0	0	0	0	0	5	61.41648985798737	48.47478708619005
0	0	0	0	0	0	1	0	0	1	2	0	0	0	0	0	0	0	0	0	6	50.390288904789664	48.47478708619005
0	1	0	0	0	0	2	0	0	0	2	1	0	0	0	1	0	0	1	1	7	51.414978583210726	48.47478708619005
0	0	0	0	0	0	1	0	0	0	1	1	0	0	1	0	0	0	0	0	0	42.0109465692829	48.359587095739364
0	0	0	0	0	0	1	0	0	1	2	0	0	0	0	0	0	0	0	0	1	38.31736418095902	48.359587095739364
1	0	0	0	0	0	0	0	0	2	0	1	0	0	0	0	0	0	0	0	2	49.190656910595635	48.359587095739364
0	0	0	0	0	0	0	0	0	0	0	1	0	0	0	0	0	0	0	0	3	38.109368354540365	48.359587095739364
0	0	0	1	0	0	0	0	0	0	2	1	0	0	0	0	1	0	0	2	4	62.427166725994944	48.359587095739364
0	0	0	0	1	0	0	0	0	0	2	0	1	1	0	0	0	0	0	0	5	60.10201983306338	48.359587095739364
