1	2	1	2	0	0	1	0	0	0	2	0	0	2	0	0	1	0	1	0	0	NaN	NaN
1	1	0	1	0	1	0	2	0	1	1	1	0	1	0	0	0	1	0	0	1	NaN	NaN
2	0	0	1	0	0	0	3	0	0	1	0	1	2	0	0	0	0	0	2	2	NaN	NaN
1	0	0	0	0	0	0	3	0	2	0	3	0	0	0	0	1	0	1	0	3	NaN	NaN
0	0	0	1	0	0	1	1	0	0	1	0	0	1	0	0	0	0	0	1	4	NaN	NaN
0	2	0	0	0	0	0	1	0	1	0	0	0	1	0	0	0	0	1	1	5	NaN	NaN
0	0	0	1	0	1	2	1	0	0	1	0	0	1	0	0	0	0	1	2	6	NaN	NaN
0	0	0	0	0	0	0	2	0	0	1	0	0	0	0	1	1	0	2	0	7	NaN	NaN
2	2	0	0	0	0	1	0	1	0	1	0	0	0	0	0	0	0	1	0	8	NaN	NaN
0	0	1	0	0	4	0	2	0	0	1	1	0	2	0	0	0	0	0	0	9	NaN	NaN
0	1	2	1	0	0	1	0	0	0	1	0	0	3	0	2	0	0	0	1	10	NaN	NaN
0	1	2	0	0	0	0	2	1	1	2	0	0	1	0	1	0	0	0	0	11	NaN	NaN
0	0	0	0	0	1	0	1	0	0	1	0	1	0	0	2	1	0	1	1	12	NaN	NaN
0	1	0	0	0	0	1	0	0	1	0	0	0	0	0	1	0	0	3	1	13	NaN	NaN
1	2	0	1	0	0	1	1	0	0	0	1	1	1	0	0	1	0	1	0	14	NaN	NaN
0	0	0	2	0	0	2	1	0	0	2	1	0	1	0	1	0	0	1	0	15	NaN	NaN
1	3	0	0	0	0	0	1	1	0	0	0	1	1	0	1	0	0	1	0	16	NaN	NaN
0	1	2	1	0	0	1	0	0	0	1	0	0	1	0	0	2	0	1	1	17	NaN	NaN
1	2	1	2	0	0	1	0	0	0	2	0	0	2	0	0	1	0	1	0	0	NaN	NaN
1	1	0	1	0	1	0	2	0	1	1	1	0	1	0	0	0	1	0	0	1	NaN	NaN
2	0	0	1	0	0	0	3	0	0	1	0	1	2	0	0	0	0	0	2	2	NaN	NaN
1	0	0	0	0	0	0	3	0	2	0	3	0	0	0	0	1	0	1	0	3	NaN	NaN
0	0	0	1	0	0	1	1	0	0	1	0	0	1	0	0	0	0	0	1	4	NaN	NaN
0	2	0	0	0	0	0	1	0	1	0	0	0	1	0	0	0	0	1	1	5	NaN	NaN
0	0	0	1	0	1	2	1	0	0	1	0	0	1	0	0	0	0	1	2	6	NaN	NaN
0	0	0	0	0	0	0	2	0	0	1	0	0	0	0	1	1	0	2	0	7	NaN	NaN
2	2	0	0	0	0	1	0	1	0	1	0	0	0	0	0	0	0	1	0	8	NaN	NaN
0	0	1	0	0	4	0	2	0	0	1	1	0	2	0	0	0	0	0	0	9	NaN	NaN
0	1	2	1	0	0	1	0	0	0	1	0	0	3	0	2	0	0	0	1	10	NaN	NaN
0	1	2	0	0	0	0	2	1	1	2	0	0	1	0	1	0	0	0	0	11	NaN	NaN
0	0	0	0	0	1	0	1	0	0	1	0	1	0	0	2	1	0	1	1	12	NaN	NaN
0	1	0	0	0	0	1	0	0	1	0	0	0	0	0	1	0	0	3	1	13	NaN	NaN
1	2	0	1	0	0	1	1	0	0	0	1	1	1	0	0	1	0	1	0	14	NaN	NaN
0	0	0	2	0	0	2	1	0	0	2	1	0	1	0	1	0	0	1	0	15	NaN	NaN
1	3	0	0	0	0	0	1	1	0	0	0	1	1	0	1	0	0	1	0	16	NaN	NaN
0	1	2	1	0	0	1	0	0	0	1	0	0	1	0	0	2	0	1	1	17	NaN	NaN
1	2	1	2	0	0	1	0	0	0	2	0	0	2	0	0	1	0	1	0	0	NaN	NaN
0	1	2	1	0	0	1	0	0	0	1	0	0	1	0	0	2	0	1	1	1	NaN	NaN
2	0	0	1	0	0	0	3	0	0	1	0	1	2	0	0	0	0	0	2	2	NaN	NaN
1	0	0	0	0	0	0	3	0	2	0	3	0	0	0	0	1	0	1	0	3	NaN	NaN
0	0	0	1	0	0	1	1	0	0	1	0	0	1	0	0	0	0	0	1	4	NaN	NaN
0	2	0	0	0	0	0	1	0	1	0	0	0	1	0	0	0	0	1	1	5	NaN	NaN
0	0	0	0	0	0	0	2	0	0	1	0	0	0	0	1	1	0	2	0	6	NaN	NaN
2	2	0	0	0	0	1	0	1	0	1	0	0	0	0	0	0	0	1	0	7	NaN	NaN
0	0	1	0	0	4	0	2	0	0	1	1	0	2	0	0	0	0	0	0	8	NaN	NaN
0	1	2	1	0	0	1	0	0	0	1	0	0	3	0	2	0	0	0	1	9	NaN	NaN
0	1	2	0	0	0	0	2	1	1	2	0	0	1	0	1	0	0	0	0	10	NaN	NaN
0	0	0	0	0	1	0	1	0	0	1	0	1	0	0	2	1	0	1	1	11	NaN	NaN
0	0	0	1	0	1	2	1	0	0	1	0	0	1	0	0	0	0	1	2	12	NaN	NaN
0	1	0	0	0	0	1	0	0	1	0	0	0	0	0	1	0	0	3	1	13	NaN	NaN
1	2	0	1	0	0	1	1	0	0	0	1	1	1	0	0	1	0	1	0	14	NaN	NaN
0	0	0	2	0	0	2	1	0	0	2	1	0	1	0	1	0	0	1	0	15	NaN	NaN
1	3	0	0	0	0	0	1	1	0	0	0	1	1	0	1	0	0	1	0	16	NaN	NaN
1	1	0	1	0	1	0	2	0	1	1	1	0	1	0	0	0	1	0	0	17	NaN	NaN
1	2	1	1	0	0	1	0	0	0	2	0	0	2	0	0	1	0	1	0	0	43.05779811196588	41.80727839345761
1	1	0	1	0	2	0	3	0	1	1	1	0	1	0	1	0	1	1	0	1	50.27345439720804	41.80727839345761
2	0	0	1	0	0	0	2	0	0	1	0	1	1	0	0	0	0	0	2	2	55.86258526622333	41.80727839345761
1	0	0	0	0	0	0	3	0	2	0	2	0	0	0	0	1	0	0	0	3	53.834861254373216	41.80727839345761
0	0	0	0	0	0	0	0	0	0	1	0	0	1	0	0	0	0	0	1	4	41.37150433601524	41.80727839345761
0	1	0	0	0	0	0	1	0	1	0	0	0	1	0	0	0	0	0	1	5	40.63110073177477	41.80727839345761
0	0	0	0	0	1	1	1	0	0	2	0	0	1	0	0	0	0	1	1	6	38.13798301010801	41.80727839345761
0	0	0	0	0	0	0	2	0	0	1	0	0	1	0	1	1	0	2	0	7	38.75290478572136	41.80727839345761
2	2	0	0	0	0	1	0	1	0	2	0	0	0	0	0	0	0	2	0	8	39.34004456946897	41.80727839345761
0	0	1	0	0	4	0	2	0	0	1	1	0	2	1	0	0	0	1	0	9	42.0437837536041	41.80727839345761
0	1	2	1	0	0	1	0	0	0	1	0	0	3	0	2	0	0	0	1	10	39.04842166513087	41.80727839345761
0	1	1	1	0	0	0	2	1	1	2	0	0	1	0	1	0	0	0	0	11	39.32989350909654	41.80727839345761
0	0	0	0	0	1	0	2	1	0	1	0	1	1	0	3	1	0	1	1	12	41.14007474130082	41.80727839345761
0	1	1	2	0	0	2	0	0	1	0	2	0	1	0	1	0	0	3	1	13	40.039053512227305	41.80727839345761
1	2	1	1	0	0	1	2	0	1	1	1	1	1	0	0	1	0	1	0	14	39.51914846844266	41.80727839345761
0	0	0	2	0	0	2	1	0	0	2	1	0	1	0	1	0	0	1	0	15	35.852491897372516	41.80727839345761
1	3	1	0	0	0	0	0	1	0	0	0	1	1	0	1	0	0	1	0	16	34.73735957531807	41.80727839345761
0	1	2	1	0	0	1	0	0	0	1	1	0	1	0	0	2	0	1	1	17	39.55854749688544	41.80727839345761
1	2	1	2	0	0	1	0	0	0	2	0	0	2	0	0	1	0	1	0	0	41.56088845739326	42.975389897285524
0	1	2	1	0	0	1	0	0	0	1	0	0	1	0	0	2	0	1	1	1	38.297007997127515	42.975389897285524
2	0	0	1	0	0	0	3	0	0	1	0	1	2	0	0	0	0	0	2	2	54.62922893699677	42.975389897285524
1	0	0	0	0	0	0	3	0	2	0	3	0	0	0	0	1	0	1	0	3	52.27983704949455	42.975389897285524
0	0	0	1	0	0	1	1	0	0	1	0	0	1	0	0	0	0	0	1	4	51.82572532224034	42.975389897285524
0	2	0	0	0	0	0	1	0	1	0	0	0	1	0	0	0	0	1	1	5	50.86244293781744	42.975389897285524
0	0	0	0	0	0	0	2	0	0	1	0	0	0	0	1	1	0	2	0	6	38.14960597968573	42.975389897285524
2	2	0	0	0	0	1	0	1	0	1	0	0	0	0	0	0	0	1	0	7	38.84020514632587	42.975389897285524
0	0	1	0	0	4	0	2	0	0	1	1	0	2	0	0	0	0	0	0	8	40.19769267030326	42.975389897285524
0	1	2	1	0	0	1	0	0	0	1	0	0	3	0	2	0	0	0	1	9	40.05198714237815	42.975389897285524
0	1	2	0	0	0	0	2	1	1	2	0	0	1	0	1	0	0	0	0	10	39.64107563599055	42.975389897285524
0	0	0	0	0	1	0	1	0	0	1	0	1	0	0	2	1	0	1	1	11	40.963535920433536	42.975389897285524
0	0	0	1	0	1	2	1	0	0	1	0	0	1	0	0	0	0	1	2	12	48.09729244382571	42.975389897285524
0	1	0	0	0	0	1	0	0	1	0	0	0	0	0	1	0	0	3	1	13	38.14128373511504	42.975389897285524
1	2	0	1	0	0	1	1	0	0	0	1	1	1	0	0	1	0	1	0	14	39.761074075802156	42.975389897285524
0	0	0	2	0	0	2	1	0	0	2	1	0	1	0	1	0	0	1	0	15	37.37253049655902	42.975389897285524
1	3	0	0	0	0	0	1	1	0	0	0	1	1	0	1	0	0	1	0	16	36.65387014086452	42.975389897285524
1	1	0	1	0	1	0	2	0	1	1	1	0	1	0	0	0	1	0	0	17	46.231734062785975	42.975389897285524
