0	0	0	1	0	0	1	1	0	2	0	1	0	2	0	0	1	0	0	0	0	NaN	NaN
1	0	0	1	0	0	0	1	0	1	0	1	0	1	0	1	1	0	0	1	1	NaN	NaN
1	0	1	0	0	0	0	0	1	0	0	0	0	1	0	0	0	0	0	2	2	NaN	NaN
0	1	1	0	1	0	0	0	0	1	0	0	0	0	0	1	1	0	0	3	3	NaN	NaN
0	0	0	0	0	0	1	0	2	0	1	0	1	0	0	1	2	0	1	0	4	NaN	NaN
0	2	0	1	0	0	0	0	0	1	0	0	0	0	0	1	1	0	0	1	5	NaN	NaN
0	0	0	1	0	0	0	1	1	0	0	1	3	1	0	1	1	0	0	0	6	NaN	NaN
1	1	0	0	0	1	0	1	0	1	1	0	0	2	0	0	1	0	0	1	7	NaN	NaN
0	0	1	1	0	0	1	0	1	1	0	0	1	1	0	0	1	0	0	1	8	NaN	NaN
0	0	0	0	0	1	0	0	0	2	0	1	1	1	0	0	2	0	0	1	9	NaN	NaN
2	1	0	0	1	1	1	0	0	0	0	0	0	0	0	0	0	0	1	2	10	NaN	NaN
0	0	0	1	0	0	1	1	0	2	0	1	0	2	0	0	1	0	0	0	0	NaN	NaN
1	0	0	1	0	0	0	1	0	1	0	1	0	1	0	1	1	0	0	1	1	NaN	NaN
1	0	1	0	0	0	0	0	1	0	0	0	0	1	0	0	0	0	0	2	2	NaN	NaN
0	1	1	0	1	0	0	0	0	1	0	0	0	0	0	1	1	0	0	3	3	NaN	NaN
0	0	0	0	0	0	1	0	2	0	1	0	1	0	0	1	2	0	1	0	4	NaN	NaN
0	2	0	1	0	0	0	0	0	1	0	0	0	0	0	1	1	0	0	1	5	NaN	NaN
0	0	0	1	0	0	0	1	1	0	0	1	3	1	0	1	1	0	0	0	6	NaN	NaN
1	1	0	0	0	1	0	1	0	1	1	0	0	2	0	0	1	0	0	1	7	NaN	NaN
0	0	1	1	0	0	1	0	1	1	0	0	1	1	0	0	1	0	0	1	8	NaN	NaN
0	0	0	0	0	1	0	0	0	2	0	1	1	1	0	0	2	0	0	1	9	NaN	NaN
2	1	0	0	1	1	1	0	0	0	0	0	0	0	0	0	0	0	1	2	10	NaN	NaN
0	0	0	1	0	0	1	1	0	2	0	1	0	2	0	0	1	0	0	0	0	NaN	NaN
0	1	1	0	1	0	0	0	0	1	0	0	0	0	0	1	1	0	0	3	1	NaN	NaN
0	0	0	0	0	0	1	0	2	0	1	0	1	0	0	1	2	0	1	0	2	NaN	NaN
0	2	0	1	0	0	0	0	0	1	0	0	0	0	0	1	1	0	0	1	3	NaN	NaN
0	0	0	1	0	0	0	1	1	0	0	1	3	1	0	1	1	0	0	0	4	NaN	NaN
1	1	0	0	0	1	0	1	0	1	1	0	0	2	0	0	1	0	0	1	5	NaN	NaN
0	0	1	1	0	0	1	0	1	1	0	0	1	1	0	0	1	0	0	1	6	NaN	NaN
0	0	0	0	0	1	0	0	0	2	0	1	1	1	0	0	2	0	0	1	7	NaN	NaN
2	1	0	0	1	1	1	0	0	0	0	0	0	0	0	0	0	0	1	2	8	NaN	NaN
1	0	1	0	0	0	0	0	1	0	0	0	0	1	0	0	0	0	0	2	9	NaN	NaN
1	0	0	1	0	0	0	1	0	1	0	1	0	1	0	1	1	0	0	1	10	NaN	NaN
0	0	0	1	0	0	1	1	0	2	0	1	0	2	0	0	1	0	0	0	0	37.9871173573059	40.616853713498934
0	1	1	0	1	0	0	0	0	1	0	0	0	0	0	1	1	0	0	3	1	37.957728166483406	40.616853713498934
0	0	0	0	0	0	1	0	2	0	1	0	1	0	0	1	2	0	1	0	2	39.818159591784394	40.616853713498934
0	2	0	1	0	0	0	0	0	1	0	0	0	0	0	1	1	0	0	1	3	33.18369592953151	40.616853713498934
0	0	0	1	0	0	0	1	1	0	0	1	3	1	0	1	1	0	0	0	4	36.713701151623425	40.616853713498934
1	1	0	0	0	1	0	1	0	1	1	0	0	2	0	0	1	0	0	1	5	36.235294284547386	40.616853713498934
0	0	1	1	0	0	1	0	1	1	0	0	1	1	0	0	1	0	0	1	6	43.27785962874369	40.616853713498934
0	0	0	0	0	1	0	0	0	2	0	1	1	1	0	0	2	0	0	1	7	49.2667186848979	40.616853713498934
2	1	0	0	1	1	1	0	0	0	0	0	0	0	0	0	0	0	1	2	8	47.67364148971418	40.616853713498934
1	0	1	0	0	0	0	0	1	0	0	0	0	1	0	0	0	0	0	2	9	44.053532109506676	40.616853713498934
1	0	0	1	0	0	0	1	0	1	0	1	0	1	0	1	1	0	0	1	10	40.6179424543498	40.616853713498934
0	1	0	0	0	1	0	0	0	2	0	1	1	0	0	0	2	0	0	1	0	73.17294150034041	76.93673894437762
2	1	0	0	1	1	1	0	0	0	0	0	0	0	0	0	0	0	1	2	1	80.70053638841482	76.93673894437762
0	0	0	1	0	0	1	1	0	2	0	1	0	2	0	0	1	0	0	0	0	37.9871173573059	40.616853713498934
0	1	1	0	1	0	0	0	0	1	0	0	0	0	0	1	1	0	0	3	1	37.957728166483406	40.616853713498934
0	0	0	0	0	0	1	0	2	0	1	0	1	0	0	1	2	0	1	0	2	39.818159591784394	40.616853713498934
0	2	0	1	0	0	0	0	0	1	0	0	0	0	0	1	1	0	0	1	3	33.18369592953151	40.616853713498934
0	0	0	1	0	0	0	1	1	0	0	1	3	1	0	1	1	0	0	0	4	36.713701151623425	40.616853713498934
1	1	0	0	0	1	0	1	0	1	1	0	0	2	0	0	1	0	0	1	5	36.235294284547386	40.616853713498934
0	0	1	1	0	0	1	0	1	1	0	0	1	1	0	0	1	0	0	1	6	43.27785962874369	40.616853713498934
0	0	0	0	0	1	0	0	0	2	0	1	1	1	0	0	2	0	0	1	7	49.2667186848979	40.616853713498934
2	1	0	0	1	1	1	0	0	0	0	0	0	0	0	0	0	0	1	2	8	47.67364148971418	40.616853713498934
1	0	1	0	0	0	0	0	1	0	0	0	0	1	0	0	0	0	0	2	9	44.053532109506676	40.616853713498934
1	0	0	1	0	0	0	1	0	1	0	1	0	1	0	1	1	0	0	1	10	40.6179424543498	40.616853713498934
0	1	0	0	0	1	0	0	0	2	0	1	1	0	0	0	2	0	0	1	0	73.17294150034041	76.93673894437762
2	1	0	0	1	1	1	0	0	0	0	0	0	0	0	0	0	0	1	2	1	80.70053638841482	76.93673894437762
