0	0	0	1	0	0	0	0	0	0	1	0	0	0	0	0	1	1	2	1	0	NaN	NaN
4	0	0	0	0	0	0	1	0	0	1	0	0	0	0	0	1	0	0	0	1	NaN	NaN
1	0	0	0	0	0	1	0	1	0	2	1	0	0	0	0	0	0	1	0	2	NaN	NaN
0	0	0	1	0	1	2	0	0	0	1	0	0	1	0	1	0	0	1	2	3	NaN	NaN
1	0	1	0	0	0	0	0	0	0	0	2	0	1	0	0	1	0	1	0	4	NaN	NaN
0	0	0	0	0	0	0	0	0	0	0	0	1	1	0	0	2	0	2	1	5	NaN	NaN
1	0	0	0	1	0	0	0	1	1	2	0	0	0	0	0	1	0	0	0	6	NaN	NaN
1	0	0	0	0	0	0	0	0	0	2	0	0	0	0	0	0	0	1	1	7	NaN	NaN
0	0	0	1	0	0	0	0	0	0	1	0	0	0	0	0	1	1	2	1	0	NaN	NaN
4	0	0	0	0	0	0	1	0	0	1	0	0	0	0	0	1	0	0	0	1	NaN	NaN
1	0	0	0	0	0	1	0	1	0	2	1	0	0	0	0	0	0	1	0	2	NaN	NaN
0	0	0	1	0	1	2	0	0	0	1	0	0	1	0	1	0	0	1	2	3	NaN	NaN
1	0	1	0	0	0	0	0	0	0	0	2	0	1	0	0	1	0	1	0	4	NaN	NaN
0	0	0	0	0	0	0	0	0	0	0	0	1	1	0	0	2	0	2	1	5	NaN	NaN
1	0	0	0	1	0	0	0	1	1	2	0	0	0	0	0	1	0	0	0	6	NaN	NaN
1	0	0	0	0	0	0	0	0	0	2	0	0	0	0	0	0	0	1	1	7	NaN	NaN
0	0	0	1	0	0	0	0	0	0	1	0	0	0	0	0	1	1	2	1	0	NaN	NaN
1	0	0	0	0	0	0	0	0	0	2	0	0	0	0	0	0	0	1	1	1	NaN	NaN
1	0	0	0	1	0	0	0	1	1	2	0	0	0	0	0	1	0	0	0	2	NaN	NaN
0	0	0	0	0	0	0	0	0	0	0	0	1	1	0	0	2	0	2	1	3	NaN	NaN
0	0	0	1	0	1	2	0	0	0	1	0	0	1	0	1	0	0	1	2	4	NaN	NaN
1	0	1	0	0	0	0	0	0	0	0	2	0	1	0	0	1	0	1	0	5	NaN	NaN
1	0	0	0	0	0	1	0	1	0	2	1	0	0	0	0	0	0	1	0	6	NaN	NaN
4	0	0	0	0	0	0	1	0	0	1	0	0	0	0	0	1	0	0	0	7	NaN	NaN
0	0	0	1	0	0	0	0	0	0	1	0	0	0	0	0	1	1	2	1	0	59.15301608399344	50.56409006193076
1	0	0	0	0	0	0	0	0	0	2	0	0	0	0	0	0	0	1	1	1	54.12734228380274	50.56409006193076
1	0	0	0	1	0	0	0	1	1	2	0	0	0	0	0	1	0	0	0	2	48.688182900207124	50.56409006193076
0	0	0	0	0	0	0	0	0	0	0	0	1	1	0	0	2	0	2	1	3	50.78129236443672	50.56409006193076
0	0	0	1	0	1	2	0	0	0	1	0	0	1	0	1	0	0	1	2	4	52.40199371093986	50.56409006193076
1	0	1	0	0	0	0	0	0	0	0	2	0	1	0	0	1	0	1	0	5	53.80552231014588	50.56409006193076
1	0	0	0	0	0	1	0	1	0	2	1	0	0	0	0	0	0	1	0	6	40.027914487973646	50.56409006193076
4	0	0	0	0	0	0	1	0	0	1	0	0	0	0	0	1	0	0	0	7	45.52745635394667	50.56409006193076
0	0	0	1	0	0	0	0	0	0	0	0	0	0	0	0	0	1	1	1	0	51.115376196492086	47.17791394732525
4	0	0	0	0	0	0	0	0	0	1	0	0	0	0	0	0	0	0	0	1	38.91089331199797	47.17791394732525
1	0	0	0	0	0	1	0	1	0	1	0	0	0	0	0	0	0	1	0	2	40.33375330857845	47.17791394732525
0	0	0	1	0	1	1	0	0	0	1	0	0	0	0	1	0	0	1	2	3	52.12055565531518	47.17791394732525
1	0	1	0	0	0	0	0	0	0	0	2	0	1	0	0	1	0	1	0	4	51.64872241463384	47.17791394732525
0	0	0	0	0	0	0	0	0	0	0	0	1	1	0	0	2	0	1	1	5	46.13894454535646	47.17791394732525
0	0	0	0	1	0	0	0	1	1	2	0	0	0	0	0	1	0	0	0	6	44.564037094402146	47.17791394732525
1	0	0	0	0	0	0	0	0	0	0	0	0	0	0	0	0	0	1	1	7	52.59102905182588	47.17791394732525
0	0	0	1	0	0	0	0	0	0	1	0	0	0	0	0	1	1	2	1	0	59.15301608399344	50.56409006193076
1	0	0	0	0	0	0	0	0	0	2	0	0	0	0	0	0	0	1	1	1	54.12734228380274	50.56409006193076
1	0	0	0	1	0	0	0	1	1	2	0	0	0	0	0	1	0	0	0	2	48.688182900207124	50.56409006193076
0	0	0	0	0	0	0	0	0	0	0	0	1	1	0	0	2	0	2	1	3	50.78129236443672	50.56409006193076
0	0	0	1	0	1	2	0	0	0	1	0	0	1	0	1	0	0	1	2	4	52.40199371093986	50.56409006193076
1	0	1	0	0	0	0	0	0	0	0	2	0	1	0	0	1	0	1	0	5	53.80552231014588	50.56409006193076
1	0	0	0	0	0	1	0	1	0	2	1	0	0	0	0	0	0	1	0	6	40.027914487973646	50.56409006193076
4	0	0	0	0	0	0	1	0	0	1	0	0	0	0	0	1	0	0	0	7	45.52745635394667	50.56409006193076
0	0	0	1	0	0	0	0	0	0	0	0	0	0	0	0	0	1	1	1	0	51.115376196492086	47.17791394732525
4	0	0	0	0	0	0	0	0	0	1	0	0	0	0	0	0	0	0	0	1	38.91089331199797	47.17791394732525
1	0	0	0	0	0	1	0	1	0	1	0	0	0	0	0	0	0	1	0	2	40.33375330857845	47.17791394732525
0	0	0	1	0	1	1	0	0	0	1	0	0	0	0	1	0	0	1	2	3	52.12055565531518	47.17791394732525
1	0	1	0	0	0	0	0	0	0	0	2	0	1	0	0	1	0	1	0	4	51.64872241463384	47.17791394732525
0	0	0	0	0	0	0	0	0	0	0	0	1	1	0	0	2	0	1	1	5	46.13894454535646	47.17791394732525
0	0	0	0	1	0	0	0	1	1	2	0	0	0	0	0	1	0	0	0	6	44.564037094402146	47.17791394732525
1	0	0	0	0	0	0	0	0	0	0	0	0	0	0	0	0	0	1	1	7	52.59102905182588	47.17791394732525
