1	0	0	1	0	2	1	1	0	3	0	0	0	2	0	1	3	1	1	0	0	NaN	NaN
1	0	0	0	0	2	0	0	0	1	1	0	0	0	0	1	2	0	0	1	1	NaN	NaN
0	1	0	0	0	2	1	1	1	1	1	0	1	0	0	2	0	0	2	0	2	NaN	NaN
1	0	0	0	0	0	1	2	1	0	0	0	0	3	0	1	2	0	0	1	3	NaN	NaN
0	0	0	0	0	1	0	2	1	1	2	2	0	2	0	1	0	0	0	0	4	NaN	NaN
1	0	0	0	0	0	2	0	0	0	0	0	0	1	0	2	0	0	0	0	5	NaN	NaN
0	0	0	0	0	0	0	2	1	0	0	1	0	1	0	0	0	0	0	2	6	NaN	NaN
1	0	1	0	0	2	0	0	0	1	1	0	0	0	0	0	1	0	1	0	7	NaN	NaN
1	0	0	1	0	2	1	1	0	3	0	0	0	2	0	1	3	1	1	0	0	NaN	NaN
1	0	0	0	0	2	0	0	0	1	1	0	0	0	0	1	2	0	0	1	1	NaN	NaN
0	1	0	0	0	2	1	1	1	1	1	0	1	0	0	2	0	0	2	0	2	NaN	NaN
1	0	0	0	0	0	1	2	1	0	0	0	0	3	0	1	2	0	0	1	3	NaN	NaN
0	0	0	0	0	1	0	2	1	1	2	2	0	2	0	1	0	0	0	0	4	NaN	NaN
1	0	0	0	0	0	2	0	0	0	0	0	0	1	0	2	0	0	0	0	5	NaN	NaN
0	0	0	0	0	0	0	2	1	0	0	1	0	1	0	0	0	0	0	2	6	NaN	NaN
1	0	1	0	0	2	0	0	0	1	1	0	0	0	0	0	1	0	1	0	7	NaN	NaN
1	0	0	1	0	2	1	1	0	3	0	0	0	2	0	1	3	1	1	0	0	NaN	NaN
1	0	1	0	0	2	0	0	0	1	1	0	0	0	0	0	1	0	1	0	1	NaN	NaN
0	0	0	0	0	0	0	2	1	0	0	1	0	1	0	0	0	0	0	2	2	NaN	NaN
0	0	0	0	0	1	0	2	1	1	2	2	0	2	0	1	0	0	0	0	3	NaN	NaN
1	0	0	0	0	0	2	0	0	0	0	0	0	1	0	2	0	0	0	0	4	NaN	NaN
1	0	0	0	0	0	1	2	1	0	0	0	0	3	0	1	2	0	0	1	5	NaN	NaN
0	1	0	0	0	2	1	1	1	1	1	0	1	0	0	2	0	0	2	0	6	NaN	NaN
1	0	0	0	0	2	0	0	0	1	1	0	0	0	0	1	2	0	0	1	7	NaN	NaN
1	0	0	1	0	2	1	1	0	3	0	0	0	2	0	1	3	1	1	0	0	50.347202058671265	40.72035227293143
1	0	1	0	0	2	0	0	0	1	1	0	0	0	0	0	1	0	1	0	1	40.10261803511646	40.72035227293143
0	0	0	0	0	0	0	2	1	0	0	1	0	1	0	0	0	0	0	2	2	37.23072480298755	40.72035227293143
0	0	0	0	0	1	0	2	1	1	2	2	0	2	0	1	0	0	0	0	3	38.47179668648202	40.72035227293143
1	0	0	0	0	0	2	0	0	0	0	0	0	1	0	2	0	0	0	0	4	36.55819978757256	40.72035227293143
1	0	0	0	0	0	1	2	1	0	0	0	0	3	0	1	2	0	0	1	5	40.37974649244737	40.72035227293143
0	1	0	0	0	2	1	1	1	1	1	0	1	0	0	2	0	0	2	0	6	40.96487857473788	40.72035227293143
1	0	0	0	0	2	0	0	0	1	1	0	0	0	0	1	2	0	0	1	7	41.70765174543636	40.72035227293143
1	0	0	1	0	2	2	1	0	3	1	0	0	2	0	1	3	1	1	0	0	53.45754479979577	63.62807650625262
1	0	0	0	0	2	0	0	0	1	1	1	0	0	0	1	2	0	0	1	1	38.197178368032695	63.62807650625262
0	1	0	0	0	0	1	1	1	1	1	0	1	0	0	2	0	0	2	0	2	48.48308495320144	63.62807650625262
1	0	0	0	0	0	1	2	1	0	0	0	0	3	0	0	2	0	0	1	3	57.67836135499134	63.62807650625262
0	0	0	0	0	1	0	2	1	1	2	1	0	1	0	1	0	0	0	0	4	67.66264142240908	63.62807650625262
1	1	0	0	0	0	3	1	0	0	1	0	0	1	0	3	1	0	0	1	5	69.09516739041514	63.62807650625262
0	0	0	0	0	0	0	2	1	0	0	1	0	1	0	0	0	0	0	1	6	86.94226586452783	63.62807650625262
0	0	0	0	0	2	0	0	0	1	1	0	0	0	0	0	1	0	1	0	7	87.50836789664767	63.62807650625262
1	0	0	1	0	2	1	1	0	3	0	0	0	2	0	1	3	1	1	0	0	50.347202058671265	40.72035227293143
1	0	1	0	0	2	0	0	0	1	1	0	0	0	0	0	1	0	1	0	1	40.10261803511646	40.72035227293143
0	0	0	0	0	0	0	2	1	0	0	1	0	1	0	0	0	0	0	2	2	37.23072480298755	40.72035227293143
0	0	0	0	0	1	0	2	1	1	2	2	0	2	0	1	0	0	0	0	3	38.47179668648202	40.72035227293143
1	0	0	0	0	0	2	0	0	0	0	0	0	1	0	2	0	0	0	0	4	36.55819978757256	40.72035227293143
1	0	0	0	0	0	1	2	1	0	0	0	0	3	0	1	2	0	0	1	5	40.37974649244737	40.72035227293143
0	1	0	0	0	2	1	1	1	1	1	0	1	0	0	2	0	0	2	0	6	40.96487857473788	40.72035227293143
1	0	0	0	0	2	0	0	0	1	1	0	0	0	0	1	2	0	0	1	7	41.70765174543636	40.72035227293143
1	0	0	1	0	2	2	1	0	3	1	0	0	2	0	1	3	1	1	0	0	53.45754479979577	63.62807650625262
1	0	0	0	0	2	0	0	0	1	1	1	0	0	0	1	2	0	0	1	1	38.197178368032695	63.62807650625262
0	1	0	0	0	0	1	1	1	1	1	0	1	0	0	2	0	0	2	0	2	48.48308495320144	63.62807650625262
1	0	0	0	0	0	1	2	1	0	0	0	0	3	0	0	2	0	0	1	3	57.67836135499134	63.62807650625262
0	0	0	0	0	1	0	2	1	1	2	1	0	1	0	1	0	0	0	0	4	67.66264142240908	63.62807650625262
1	1	0	0	0	0	3	1	0	0	1	0	0	1	0	3	1	0	0	1	5	69.09516739041514	63.62807650625262
0	0	0	0	0	0	0	2	1	0	0	1	0	1	0	0	0	0	0	1	6	86.94226586452783	63.62807650625262
0	0	0	0	0	2	0	0	0	1	1	0	0	0	0	0	1	0	1	0	7	87.50836789664767	63.62807650625262
