0	2	2	1	0	0	0	0	0	0	2	0	0	1	0	0	1	0	2	1	0	NaN	NaN
1	0	0	1	0	1	1	1	0	1	1	1	0	2	0	0	0	1	0	0	1	NaN	NaN
1	0	0	1	0	0	0	3	0	1	2	1	0	1	0	0	0	0	0	2	2	NaN	NaN
2	2	0	0	0	0	0	2	0	0	1	1	0	0	0	0	0	0	1	2	3	NaN	NaN
0	0	0	0	0	0	2	1	0	1	1	1	0	0	0	0	0	0	0	0	4	NaN	NaN
1	1	0	0	0	0	0	1	0	0	0	0	0	2	0	0	0	0	0	2	5	NaN	NaN
3	1	0	1	0	1	0	1	0	0	1	0	0	1	0	0	0	0	0	1	6	NaN	NaN
2	1	1	0	0	0	1	1	0	0	0	0	0	0	0	0	0	0	2	0	7	NaN	NaN
0	0	0	0	0	2	0	2	1	0	2	0	0	0	0	0	0	1	0	0	8	NaN	NaN
1	2	1	0	0	2	0	0	1	0	2	1	0	0	0	1	0	0	1	0	9	NaN	NaN
1	1	1	1	0	0	0	2	0	0	3	0	0	1	0	0	1	0	0	1	10	NaN	NaN
1	0	0	0	0	0	0	2	1	0	1	0	0	1	0	2	1	0	1	1	11	NaN	NaN
0	0	0	0	0	1	0	2	0	0	2	1	0	1	0	0	1	0	1	1	12	NaN	NaN
0	1	0	1	0	1	0	0	0	0	0	0	0	0	0	1	0	1	2	1	13	NaN	NaN
0	1	1	0	0	0	0	3	1	1	0	0	1	0	0	1	0	0	1	1	14	NaN	NaN
0	1	0	1	0	0	3	1	0	0	1	1	0	0	0	0	0	1	1	1	15	NaN	NaN
1	2	2	0	0	0	0	0	1	0	1	0	0	0	0	1	0	0	0	1	16	NaN	NaN
0	1	0	1	0	1	0	0	0	0	2	0	0	0	1	1	1	0	1	2	17	NaN	NaN
0	2	2	1	0	0	0	0	0	0	2	0	0	1	0	0	1	0	2	1	0	NaN	NaN
1	0	0	1	0	1	1	1	0	1	1	1	0	2	0	0	0	1	0	0	1	NaN	NaN
1	2	2	0	0	0	0	0	1	0	1	0	0	0	0	1	0	0	0	1	2	NaN	NaN
0	1	0	1	0	0	3	1	0	0	1	1	0	0	0	0	0	1	1	1	3	NaN	NaN
0	1	1	0	0	0	0	3	1	1	0	0	1	0	0	1	0	0	1	1	4	NaN	NaN
3	1	0	1	0	1	0	1	0	0	1	0	0	1	0	0	0	0	0	1	5	NaN	NaN
0	0	0	0	0	1	0	2	0	0	2	1	0	1	0	0	1	0	1	1	6	NaN	NaN
1	2	1	0	0	2	0	0	1	0	2	1	0	0	0	1	0	0	1	0	7	NaN	NaN
1	1	1	1	0	0	0	2	0	0	3	0	0	1	0	0	1	0	0	1	8	NaN	NaN
0	0	0	0	0	2	0	2	1	0	2	0	0	0	0	0	0	1	0	0	9	NaN	NaN
1	0	0	0	0	0	0	2	1	0	1	0	0	1	0	2	1	0	1	1	10	NaN	NaN
2	1	1	0	0	0	1	1	0	0	0	0	0	0	0	0	0	0	2	0	11	NaN	NaN
0	1	0	1	0	1	0	0	0	0	0	0	0	0	0	1	0	1	2	1	12	NaN	NaN
1	1	0	0	0	0	0	1	0	0	0	0	0	2	0	0	0	0	0	2	13	NaN	NaN
0	0	0	0	0	0	2	1	0	1	1	1	0	0	0	0	0	0	0	0	14	NaN	NaN
2	2	0	0	0	0	0	2	0	0	1	1	0	0	0	0	0	0	1	2	15	NaN	NaN
1	0	0	1	0	0	0	3	0	1	2	1	0	1	0	0	0	0	0	2	16	NaN	NaN
0	1	0	1	0	1	0	0	0	0	2	0	0	0	1	1	1	0	1	2	17	NaN	NaN
0	2	2	1	0	0	0	0	0	0	2	0	0	1	0	0	1	0	2	1	0	49.39348995097945	41.37239425971399
1	0	0	1	0	1	1	2	0	1	1	1	0	2	0	2	0	1	1	0	1	56.217484138657106	41.37239425971399
1	0	0	1	0	0	0	3	0	1	2	1	0	1	0	0	0	0	0	2	2	62.0819091609334	41.37239425971399
2	1	0	0	0	0	0	2	0	0	1	1	0	0	0	0	0	0	0	2	3	57.14228051877393	41.37239425971399
0	0	0	0	0	0	1	0	0	1	1	1	0	0	0	1	0	0	0	0	4	41.37767961423755	41.37239425971399
1	0	0	0	0	0	0	1	0	0	0	0	0	1	0	1	0	0	0	2	5	41.383972488339865	41.37239425971399
2	1	0	0	0	1	0	1	0	0	2	0	0	1	0	0	0	0	0	0	6	38.898770692986275	41.37239425971399
2	1	1	0	0	0	1	1	0	0	0	0	0	1	0	0	0	0	2	0	7	36.512184246763695	41.37239425971399
0	0	0	0	0	2	0	2	1	0	3	0	0	0	0	0	1	1	0	0	8	34.56588059465222	41.37239425971399
1	1	1	0	0	1	0	0	1	0	2	1	0	0	0	1	0	0	2	0	9	33.957510363365024	41.37239425971399
1	1	1	1	0	0	0	2	0	0	3	0	0	1	0	0	0	0	0	1	10	32.453834947122424	41.37239425971399
1	0	0	1	0	0	0	1	1	0	1	0	0	1	0	2	1	0	1	1	11	32.62493121549835	41.37239425971399
0	0	0	0	0	1	0	3	0	0	2	1	0	1	0	0	0	0	1	1	12	33.537214829136516	41.37239425971399
0	2	0	3	0	1	1	0	0	0	0	0	0	0	0	1	0	1	2	1	13	36.92490778909915	41.37239425971399
1	1	1	0	0	0	0	3	1	1	1	0	1	0	0	1	0	0	1	1	14	38.77065048775452	41.37239425971399
0	1	0	1	0	0	3	1	0	0	1	0	0	0	0	0	0	1	1	1	15	36.24420002601719	41.37239425971399
1	3	2	0	0	0	0	0	1	0	1	0	0	0	0	1	0	0	0	1	16	36.74643661655534	41.37239425971399
0	1	0	1	0	1	0	0	0	0	2	0	0	0	1	2	1	0	1	2	17	45.86975899397977	41.37239425971399
0	2	2	1	0	0	0	0	0	0	2	0	0	1	0	0	1	0	2	1	0	43.517844850040596	43.46964818748163
1	0	0	1	0	1	1	1	0	1	1	1	0	2	0	0	0	1	0	0	1	46.582465439960316	43.46964818748163
1	2	2	0	0	0	0	0	1	0	1	0	0	0	0	1	0	0	0	1	2	38.56827604821453	43.46964818748163
0	1	0	1	0	0	3	1	0	0	1	1	0	0	0	0	0	1	1	1	3	39.34253316644994	43.46964818748163
0	1	1	0	0	0	0	3	1	1	0	0	1	0	0	1	0	0	1	1	4	41.92648919932986	43.46964818748163
3	1	0	1	0	1	0	1	0	0	1	0	0	1	0	0	0	0	0	1	5	48.850388246137214	43.46964818748163
0	0	0	0	0	1	0	2	0	0	2	1	0	1	0	0	1	0	1	1	6	42.0066745085566	43.46964818748163
1	2	1	0	0	2	0	0	1	0	2	1	0	0	0	1	0	0	1	0	7	41.52379452169622	43.46964818748163
1	1	1	1	0	0	0	2	0	0	3	0	0	1	0	0	1	0	0	1	8	40.27790267075538	43.46964818748163
0	0	0	0	0	2	0	2	1	0	2	0	0	0	0	0	0	1	0	0	9	37.37386064333616	43.46964818748163
1	0	0	0	0	0	0	2	1	0	1	0	0	1	0	2	1	0	1	1	10	39.63687204963642	43.46964818748163
2	1	1	0	0	0	1	1	0	0	0	0	0	0	0	0	0	0	2	0	11	37.30004407446349	43.46964818748163
0	1	0	1	0	1	0	0	0	0	0	0	0	0	0	1	0	1	2	1	12	40.07756210964831	43.46964818748163
1	1	0	0	0	0	0	1	0	0	0	0	0	2	0	0	0	0	0	2	13	50.84484012826432	43.46964818748163
0	0	0	0	0	0	2	1	0	1	1	1	0	0	0	0	0	0	0	0	14	49.85508883800829	43.46964818748163
2	2	0	0	0	0	0	2	0	0	1	1	0	0	0	0	0	0	1	2	15	50.01527251556333	43.46964818748163
1	0	0	1	0	0	0	3	0	1	2	1	0	1	0	0	0	0	0	2	16	53.64203338756576	43.46964818748163
0	1	0	1	0	1	0	0	0	0	2	0	0	0	1	1	1	0	1	2	17	41.11172497704262	43.46964818748163
