0	0	1	0	0	1	1	2	0	0	0	0	0	0	0	1	1	1	1	1	0	NaN	NaN
0	1	2	0	0	0	0	1	0	0	1	0	0	2	0	3	0	0	1	0	1	NaN	NaN
0	0	0	2	0	1	0	0	0	1	0	0	0	1	0	3	0	0	2	1	2	NaN	NaN
1	1	0	1	0	0	0	1	1	0	0	2	0	1	0	2	1	0	2	0	3	NaN	NaN
1	0	2	0	0	1	0	0	0	0	1	1	0	1	0	3	1	0	2	0	4	NaN	NaN
0	1	1	1	0	1	4	1	0	0	1	1	0	2	0	1	0	0	3	0	5	NaN	NaN
0	1	0	2	0	1	0	3	0	0	1	2	1	1	0	1	4	0	1	0	6	NaN	NaN
0	3	3	1	0	2	2	0	0	3	0	0	2	1	1	1	1	0	1	1	7	NaN	NaN
1	1	4	0	0	1	2	2	0	1	1	1	0	1	0	2	0	0	2	3	8	NaN	NaN
0	2	0	0	0	2	3	3	1	0	2	0	2	2	0	1	0	0	0	2	9	NaN	NaN
1	1	1	1	0	0	0	0	0	0	1	0	0	0	0	0	2	1	1	1	10	NaN	NaN
0	0	0	0	0	0	0	2	0	1	0	0	0	3	1	1	1	0	1	0	11	NaN	NaN
1	1	0	0	0	0	0	3	0	1	0	2	0	1	0	1	2	1	0	0	12	NaN	NaN
1	0	1	0	0	0	2	1	0	0	1	0	2	0	0	1	2	0	0	1	13	NaN	NaN
0	1	2	1	0	0	0	0	0	0	0	0	0	1	0	2	1	0	2	1	14	NaN	NaN
0	2	1	0	0	0	1	2	0	3	2	0	0	0	1	1	1	0	0	0	15	NaN	NaN
0	0	2	0	0	0	1	0	0	0	1	2	0	1	0	2	2	3	0	0	16	NaN	NaN
0	0	1	0	0	1	0	1	0	0	1	1	1	0	0	1	1	0	0	1	17	NaN	NaN
0	1	0	2	0	0	0	1	0	2	1	0	0	1	0	1	0	0	0	0	18	NaN	NaN
0	1	0	0	0	0	0	1	0	0	2	1	0	0	0	1	0	1	0	3	19	NaN	NaN
1	0	2	0	0	0	0	1	0	0	1	1	0	1	0	1	0	0	1	3	20	NaN	NaN
0	2	1	0	0	0	0	1	0	0	1	0	1	2	0	0	0	0	0	1	21	NaN	NaN
0	0	1	0	0	1	1	2	0	0	0	0	0	0	0	1	1	1	1	1	0	NaN	NaN
0	1	2	0	0	0	0	1	0	0	1	0	0	2	0	3	0	0	1	0	1	NaN	NaN
0	0	0	2	0	1	0	0	0	1	0	0	0	1	0	3	0	0	2	1	2	NaN	NaN
1	1	0	1	0	0	0	1	1	0	0	2	0	1	0	2	1	0	2	0	3	NaN	NaN
1	0	2	0	0	1	0	0	0	0	1	1	0	1	0	3	1	0	2	0	4	NaN	NaN
0	1	1	1	0	1	4	1	0	0	1	1	0	2	0	1	0	0	3	0	5	NaN	NaN
0	1	0	2	0	1	0	3	0	0	1	2	1	1	0	1	4	0	1	0	6	NaN	NaN
0	3	3	1	0	2	2	0	0	3	0	0	2	1	1	1	1	0	1	1	7	NaN	NaN
1	1	4	0	0	1	2	2	0	1	1	1	0	1	0	2	0	0	2	3	8	NaN	NaN
0	2	0	0	0	2	3	3	1	0	2	0	2	2	0	1	0	0	0	2	9	NaN	NaN
1	1	1	1	0	0	0	0	0	0	1	0	0	0	0	0	2	1	1	1	10	NaN	NaN
0	0	0	0	0	0	0	2	0	1	0	0	0	3	1	1	1	0	1	0	11	NaN	NaN
1	1	0	0	0	0	0	3	0	1	0	2	0	1	0	1	2	1	0	0	12	NaN	NaN
1	0	1	0	0	0	2	1	0	0	1	0	2	0	0	1	2	0	0	1	13	NaN	NaN
0	1	2	1	0	0	0	0	0	0	0	0	0	1	0	2	1	0	2	1	14	NaN	NaN
0	2	1	0	0	0	1	2	0	3	2	0	0	0	1	1	1	0	0	0	15	NaN	NaN
0	0	2	0	0	0	1	0	0	0	1	2	0	1	0	2	2	3	0	0	16	NaN	NaN
0	0	1	0	0	1	0	1	0	0	1	1	1	0	0	1	1	0	0	1	17	NaN	NaN
0	1	0	2	0	0	0	1	0	2	1	0	0	1	0	1	0	0	0	0	18	NaN	NaN
0	1	0	0	0	0	0	1	0	0	2	1	0	0	0	1	0	1	0	3	19	NaN	NaN
1	0	2	0	0	0	0	1	0	0	1	1	0	1	0	1	0	0	1	3	20	NaN	NaN
0	2	1	0	0	0	0	1	0	0	1	0	1	2	0	0	0	0	0	1	21	NaN	NaN
0	0	1	0	0	1	1	2	0	0	0	0	0	0	0	1	1	1	1	1	0	NaN	NaN
0	2	1	0	0	0	0	1	0	0	1	0	1	2	0	0	0	0	0	1	1	NaN	NaN
0	1	2	0	0	0	0	1	0	0	1	0	0	2	0	3	0	0	1	0	2	NaN	NaN
0	0	0	2	0	1	0	0	0	1	0	0	0	1	0	3	0	0	2	1	3	NaN	NaN
1	1	0	1	0	0	0	1	1	0	0	2	0	1	0	2	1	0	2	0	4	NaN	NaN
0	0	1	0	0	1	0	1	0	0	1	1	1	0	0	1	1	0	0	1	5	NaN	NaN
1	0	2	0	0	1	0	0	0	0	1	1	0	1	0	3	1	0	2	0	6	NaN	NaN
0	1	1	1	0	1	4	1	0	0	1	1	0	2	0	1	0	0	3	0	7	NaN	NaN
1	0	1	0	0	0	2	1	0	0	1	0	2	0	0	1	2	0	0	1	8	NaN	NaN
1	1	0	0	0	0	0	3	0	1	0	2	0	1	0	1	2	1	0	0	9	NaN	NaN
0	0	0	0	0	0	0	2	0	1	0	0	0	3	1	1	1	0	1	0	10	NaN	NaN
1	1	1	1	0	0	0	0	0	0	1	0	0	0	0	0	2	1	1	1	11	NaN	NaN
0	2	0	0	0	2	3	3	1	0	2	0	2	2	0	1	0	0	0	2	12	NaN	NaN
1	1	4	0	0	1	2	2	0	1	1	1	0	1	0	2	0	0	2	3	13	NaN	NaN
0	1	2	1	0	0	0	0	0	0	0	0	0	1	0	2	1	0	2	1	14	NaN	NaN
0	3	3	1	0	2	2	0	0	3	0	0	2	1	1	1	1	0	1	1	15	NaN	NaN
0	2	1	0	0	0	1	2	0	3	2	0	0	0	1	1	1	0	0	0	16	NaN	NaN
0	1	0	2	0	1	0	3	0	0	1	2	1	1	0	1	4	0	1	0	17	NaN	NaN
0	0	2	0	0	0	1	0	0	0	1	2	0	1	0	2	2	3	0	0	18	NaN	NaN
0	1	0	2	0	0	0	1	0	2	1	0	0	1	0	1	0	0	0	0	19	NaN	NaN
0	1	0	0	0	0	0	1	0	0	2	1	0	0	0	1	0	1	0	3	20	NaN	NaN
1	0	2	0	0	0	0	1	0	0	1	1	0	1	0	1	0	0	1	3	21	NaN	NaN
0	0	1	0	0	1	1	2	0	0	0	0	0	0	0	1	1	1	1	1	0	37.79294379745593	40.356213646465285
0	2	1	0	0	0	0	1	0	0	1	0	1	2	0	0	0	0	0	1	1	35.710862283767995	40.356213646465285
0	1	2	0	0	0	0	1	0	0	1	0	0	2	0	3	0	0	1	0	2	35.47107099583464	40.356213646465285
0	0	0	2	0	1	0	0	0	1	0	0	0	1	0	3	0	0	2	1	3	34.60601581907307	40.356213646465285
1	1	0	1	0	0	0	1	1	0	0	2	0	1	0	2	1	0	2	0	4	35.44080865734013	40.356213646465285
0	0	1	0	0	1	0	1	0	0	1	1	1	0	0	1	1	0	0	1	5	45.59696169581704	40.356213646465285
1	0	2	0	0	1	0	0	0	0	1	1	0	1	0	3	1	0	2	0	6	34.653893257323524	40.356213646465285
0	1	1	1	0	1	4	1	0	0	1	1	0	2	0	1	0	0	3	0	7	33.614594757145376	40.356213646465285
1	0	1	0	0	0	2	1	0	0	1	0	2	0	0	1	2	0	0	1	8	47.76049498004898	40.356213646465285
1	1	0	0	0	0	0	3	0	1	0	2	0	1	0	1	2	1	0	0	9	48.40175750917597	40.356213646465285
0	0	0	0	0	0	0	2	0	1	0	0	0	3	1	1	1	0	1	0	10	44.21209001145149	40.356213646465285
1	1	1	1	0	0	0	0	0	0	1	0	0	0	0	0	2	1	1	1	11	37.96276649089477	40.356213646465285
0	2	0	0	0	2	3	3	1	0	2	0	2	2	0	1	0	0	0	2	12	35.23095446596432	40.356213646465285
1	1	4	0	0	1	2	2	0	1	1	1	0	1	0	2	0	0	2	3	13	34.15976499691236	40.356213646465285
0	1	2	1	0	0	0	0	0	0	0	0	0	1	0	2	1	0	2	1	14	47.12683771806765	40.356213646465285
0	3	3	1	0	2	2	0	0	3	0	0	2	1	1	1	1	0	1	1	15	33.75024353900043	40.356213646465285
0	2	1	0	0	0	1	2	0	3	2	0	0	0	1	1	1	0	0	0	16	50.08979520926726	40.356213646465285
0	1	0	2	0	1	0	3	0	0	1	2	1	1	0	1	4	0	1	0	17	32.183037109602715	40.356213646465285
0	0	2	0	0	0	1	0	0	0	1	2	0	1	0	2	2	3	0	0	18	46.84478930588427	40.356213646465285
0	1	0	2	0	0	0	1	0	2	1	0	0	1	0	1	0	0	0	0	19	44.36227033051582	40.356213646465285
0	1	0	0	0	0	0	1	0	0	2	1	0	0	0	1	0	1	0	3	20	45.36045472356965	40.356213646465285
1	0	2	0	0	0	0	1	0	0	1	1	0	1	0	1	0	0	1	3	21	47.50429256812284	40.356213646465285
0	0	1	0	0	1	1	2	0	0	0	0	0	0	0	1	1	1	1	1	0	37.79294379745593	40.356213646465285
0	2	1	0	0	0	0	1	0	0	1	0	1	2	0	0	0	0	0	1	1	35.710862283767995	40.356213646465285
0	1	2	0	0	0	0	1	0	0	1	0	0	2	0	3	0	0	1	0	2	35.47107099583464	40.356213646465285
0	0	0	2	0	1	0	0	0	1	0	0	0	1	0	3	0	0	2	1	3	34.60601581907307	40.356213646465285
1	1	0	1	0	0	0	1	1	0	0	2	0	1	0	2	1	0	2	0	4	35.44080865734013	40.356213646465285
0	0	1	0	0	1	0	1	0	0	1	1	1	0	0	1	1	0	0	1	5	45.59696169581704	40.356213646465285
1	0	2	0	0	1	0	0	0	0	1	1	0	1	0	3	1	0	2	0	6	34.653893257323524	40.356213646465285
0	1	1	1	0	1	4	1	0	0	1	1	0	2	0	1	0	0	3	0	7	33.614594757145376	40.356213646465285
1	0	1	0	0	0	2	1	0	0	1	0	2	0	0	1	2	0	0	1	8	47.76049498004898	40.356213646465285
1	1	0	0	0	0	0	3	0	1	0	2	0	1	0	1	2	1	0	0	9	48.40175750917597	40.356213646465285
0	0	0	0	0	0	0	2	0	1	0	0	0	3	1	1	1	0	1	0	10	44.21209001145149	40.356213646465285
1	1	1	1	0	0	0	0	0	0	1	0	0	0	0	0	2	1	1	1	11	37.96276649089477	40.356213646465285
0	2	0	0	0	2	3	3	1	0	2	0	2	2	0	1	0	0	0	2	12	35.23095446596432	40.356213646465285
1	1	4	0	0	1	2	2	0	1	1	1	0	1	0	2	0	0	2	3	13	34.15976499691236	40.356213646465285
0	1	2	1	0	0	0	0	0	0	0	0	0	1	0	2	1	0	2	1	14	47.12683771806765	40.356213646465285
0	3	3	1	0	2	2	0	0	3	0	0	2	1	1	1	1	0	1	1	15	33.75024353900043	40.356213646465285
0	2	1	0	0	0	1	2	0	3	2	0	0	0	1	1	1	0	0	0	16	50.08979520926726	40.356213646465285
0	1	0	2	0	1	0	3	0	0	1	2	1	1	0	1	4	0	1	0	17	32.183037109602715	40.356213646465285
0	0	2	0	0	0	1	0	0	0	1	2	0	1	0	2	2	3	0	0	18	46.84478930588427	40.356213646465285
0	1	0	2	0	0	0	1	0	2	1	0	0	1	0	1	0	0	0	0	19	44.36227033051582	40.356213646465285
0	1	0	0	0	0	0	1	0	0	2	1	0	0	0	1	0	1	0	3	20	45.36045472356965	40.356213646465285
1	0	2	0	0	0	0	1	0	0	1	1	0	1	0	1	0	0	1	3	21	47.50429256812284	40.356213646465285
0	0	1	0	0	1	1	2	0	0	0	0	0	0	0	1	1	1	1	1	0	37.79294379745593	40.356213646465285
0	2	1	0	0	0	0	1	0	0	1	0	1	2	0	0	0	0	0	1	1	35.710862283767995	40.356213646465285
0	1	2	0	0	0	0	1	0	0	1	0	0	2	0	3	0	0	1	0	2	35.47107099583464	40.356213646465285
0	0	0	2	0	1	0	0	0	1	0	0	0	1	0	3	0	0	2	1	3	34.60601581907307	40.356213646465285
1	1	0	1	0	0	0	1	1	0	0	2	0	1	0	2	1	0	2	0	4	35.44080865734013	40.356213646465285
0	0	1	0	0	1	0	1	0	0	1	1	1	0	0	1	1	0	0	1	5	45.59696169581704	40.356213646465285
1	0	2	0	0	1	0	0	0	0	1	1	0	1	0	3	1	0	2	0	6	34.653893257323524	40.356213646465285
0	1	1	1	0	1	4	1	0	0	1	1	0	2	0	1	0	0	3	0	7	33.614594757145376	40.356213646465285
1	0	1	0	0	0	2	1	0	0	1	0	2	0	0	1	2	0	0	1	8	47.76049498004898	40.356213646465285
1	1	0	0	0	0	0	3	0	1	0	2	0	1	0	1	2	1	0	0	9	48.40175750917597	40.356213646465285
0	0	0	0	0	0	0	2	0	1	0	0	0	3	1	1	1	0	1	0	10	44.21209001145149	40.356213646465285
1	1	1	1	0	0	0	0	0	0	1	0	0	0	0	0	2	1	1	1	11	37.96276649089477	40.356213646465285
0	2	0	0	0	2	3	3	1	0	2	0	2	2	0	1	0	0	0	2	12	35.23095446596432	40.356213646465285
1	1	4	0	0	1	2	2	0	1	1	1	0	1	0	2	0	0	2	3	13	34.15976499691236	40.356213646465285
0	1	2	1	0	0	0	0	0	0	0	0	0	1	0	2	1	0	2	1	14	47.12683771806765	40.356213646465285
0	3	3	1	0	2	2	0	0	3	0	0	2	1	1	1	1	0	1	1	15	33.75024353900043	40.356213646465285
0	2	1	0	0	0	1	2	0	3	2	0	0	0	1	1	1	0	0	0	16	50.08979520926726	40.356213646465285
0	1	0	2	0	1	0	3	0	0	1	2	1	1	0	1	4	0	1	0	17	32.183037109602715	40.356213646465285
0	0	2	0	0	0	1	0	0	0	1	2	0	1	0	2	2	3	0	0	18	46.84478930588427	40.356213646465285
0	1	0	2	0	0	0	1	0	2	1	0	0	1	0	1	0	0	0	0	19	44.36227033051582	40.356213646465285
0	1	0	0	0	0	0	1	0	0	2	1	0	0	0	1	0	1	0	3	20	45.36045472356965	40.356213646465285
1	0	2	0	0	0	0	1	0	0	1	1	0	1	0	1	0	0	1	3	21	47.50429256812284	40.356213646465285
