0	0	1	0	0	0	0	0	0	0	0	0	0	0	0	0	0	1	0	1	0	NaN	NaN
1	0	0	0	0	1	0	0	0	0	0	0	0	2	0	0	1	0	0	1	1	NaN	NaN
0	0	1	0	0	0	1	1	0	0	0	0	0	0	0	1	0	0	2	1	2	NaN	NaN
1	0	0	0	0	0	0	1	0	0	1	0	0	0	1	1	0	0	2	0	3	NaN	NaN
0	0	0	0	0	0	0	0	0	1	0	0	0	1	0	2	0	1	0	2	4	NaN	NaN
1	0	0	0	1	1	0	2	0	0	0	0	0	1	0	1	2	1	1	0	5	NaN	NaN
1	0	1	1	0	0	0	0	0	0	2	1	0	1	0	0	1	1	1	0	6	NaN	NaN
1	0	0	2	0	3	0	1	0	1	0	0	1	1	1	0	0	0	0	0	7	NaN	NaN
0	0	1	0	0	0	0	0	0	0	0	0	0	0	0	0	0	1	0	1	0	NaN	NaN
1	0	0	0	0	1	0	0	0	0	0	0	0	2	0	0	1	0	0	1	1	NaN	NaN
0	0	1	0	0	0	1	1	0	0	0	0	0	0	0	1	0	0	2	1	2	NaN	NaN
1	0	0	0	0	0	0	1	0	0	1	0	0	0	1	1	0	0	2	0	3	NaN	NaN
0	0	0	0	0	0	0	0	0	1	0	0	0	1	0	2	0	1	0	2	4	NaN	NaN
1	0	0	0	1	1	0	2	0	0	0	0	0	1	0	1	2	1	1	0	5	NaN	NaN
1	0	1	1	0	0	0	0	0	0	2	1	0	1	0	0	1	1	1	0	6	NaN	NaN
1	0	0	2	0	3	0	1	0	1	0	0	1	1	1	0	0	0	0	0	7	NaN	NaN
0	0	1	0	0	0	0	0	0	0	0	0	0	0	0	0	0	1	0	1	0	NaN	NaN
1	0	0	0	0	1	0	0	0	0	0	0	0	2	0	0	1	0	0	1	1	NaN	NaN
0	0	1	0	0	0	1	1	0	0	0	0	0	0	0	1	0	0	2	1	2	NaN	NaN
1	0	0	0	0	0	0	1	0	0	1	0	0	0	1	1	0	0	2	0	3	NaN	NaN
0	0	0	0	0	0	0	0	0	1	0	0	0	1	0	2	0	1	0	2	4	NaN	NaN
1	0	0	0	1	1	0	2	0	0	0	0	0	1	0	1	2	1	1	0	5	NaN	NaN
1	0	1	1	0	0	0	0	0	0	2	1	0	1	0	0	1	1	1	0	6	NaN	NaN
1	0	0	2	0	3	0	1	0	1	0	0	1	1	1	0	0	0	0	0	7	NaN	NaN
0	0	1	0	0	0	0	0	0	0	0	0	0	0	0	0	0	1	0	1	0	56.88062388089676	41.08346796484178
1	0	0	0	0	1	0	0	0	0	0	0	0	2	0	0	1	0	0	1	1	50.64116887087427	41.08346796484178
0	0	1	0	0	0	1	1	0	0	0	0	0	0	0	1	0	0	2	1	2	43.098103281133554	41.08346796484178
1	0	0	0	0	0	0	1	0	0	1	0	0	0	1	1	0	0	2	0	3	38.343272841035876	41.08346796484178
0	0	0	0	0	0	0	0	0	1	0	0	0	1	0	2	0	1	0	2	4	24.553723513456646	41.08346796484178
1	0	0	0	1	1	0	2	0	0	0	0	0	1	0	1	2	1	1	0	5	36.366398880277444	41.08346796484178
1	0	1	1	0	0	0	0	0	0	2	1	0	1	0	0	1	1	1	0	6	32.79605431938385	41.08346796484178
1	0	0	2	0	3	0	1	0	1	0	0	1	1	1	0	0	0	0	0	7	45.98839813167581	41.08346796484178
0	0	1	0	0	0	0	0	0	0	0	0	0	0	0	0	0	1	0	0	0	51.83530633661106	45.80733788150642
1	0	0	0	0	1	0	0	0	0	0	0	0	2	0	0	0	0	0	1	1	63.05670671269604	45.80733788150642
0	0	1	0	0	0	1	1	0	0	0	0	0	0	0	1	0	0	2	1	2	63.53101655416725	45.80733788150642
1	0	0	0	0	0	0	1	0	0	1	0	0	0	1	1	0	0	1	0	3	57.334319414318784	45.80733788150642
0	0	0	0	0	0	0	0	0	2	0	0	0	1	0	2	0	0	0	2	4	40.06264745323994	45.80733788150642
1	0	0	0	0	0	0	2	0	0	0	0	0	1	0	0	2	1	1	0	5	33.66765518628721	45.80733788150642
1	0	1	1	0	0	0	0	0	0	2	1	0	0	0	0	1	1	0	0	6	26.893357078671997	45.80733788150642
0	0	0	2	0	3	0	1	0	1	0	0	0	1	0	0	0	0	0	0	7	30.077694316059002	45.80733788150642
0	0	1	0	0	0	0	0	0	0	0	0	0	0	0	0	0	1	0	1	0	56.88062388089676	41.08346796484178
1	0	0	0	0	1	0	0	0	0	0	0	0	2	0	0	1	0	0	1	1	50.64116887087427	41.08346796484178
0	0	1	0	0	0	1	1	0	0	0	0	0	0	0	1	0	0	2	1	2	43.098103281133554	41.08346796484178
1	0	0	0	0	0	0	1	0	0	1	0	0	0	1	1	0	0	2	0	3	38.343272841035876	41.08346796484178
0	0	0	0	0	0	0	0	0	1	0	0	0	1	0	2	0	1	0	2	4	24.553723513456646	41.08346796484178
1	0	0	0	1	1	0	2	0	0	0	0	0	1	0	1	2	1	1	0	5	36.366398880277444	41.08346796484178
1	0	1	1	0	0	0	0	0	0	2	1	0	1	0	0	1	1	1	0	6	32.79605431938385	41.08346796484178
1	0	0	2	0	3	0	1	0	1	0	0	1	1	1	0	0	0	0	0	7	45.98839813167581	41.08346796484178
0	0	1	0	0	0	0	0	0	0	0	0	0	0	0	0	0	1	0	0	0	51.83530633661106	45.80733788150642
1	0	0	0	0	1	0	0	0	0	0	0	0	2	0	0	0	0	0	1	1	63.05670671269604	45.80733788150642
0	0	1	0	0	0	1	1	0	0	0	0	0	0	0	1	0	0	2	1	2	63.53101655416725	45.80733788150642
1	0	0	0	0	0	0	1	0	0	1	0	0	0	1	1	0	0	1	0	3	57.334319414318784	45.80733788150642
0	0	0	0	0	0	0	0	0	2	0	0	0	1	0	2	0	0	0	2	4	40.06264745323994	45.80733788150642
1	0	0	0	0	0	0	2	0	0	0	0	0	1	0	0	2	1	1	0	5	33.66765518628721	45.80733788150642
1	0	1	1	0	0	0	0	0	0	2	1	0	0	0	0	1	1	0	0	6	26.893357078671997	45.80733788150642
0	0	0	2	0	3	0	1	0	1	0	0	0	1	0	0	0	0	0	0	7	30.077694316059002	45.80733788150642
