7	4	4	2	0	2	3	6	3	5	13	4	2	4	4	7	14	0	6	6	0	NaN	NaN
0	2	0	1	0	1	0	3	1	0	0	0	0	1	0	0	0	0	0	2	1	NaN	NaN
0	2	1	1	0	0	0	3	0	1	0	0	1	0	0	0	0	0	1	1	2	NaN	NaN
0	1	0	1	0	0	1	1	0	0	3	1	0	1	0	2	0	1	0	0	3	NaN	NaN
2	1	0	3	0	0	0	0	1	0	1	0	0	1	0	0	0	0	1	3	4	NaN	NaN
1	1	0	2	0	0	2	2	0	1	0	2	1	1	0	0	1	0	1	1	5	NaN	NaN
5	0	2	0	0	1	1	3	0	1	0	1	1	0	0	2	4	0	4	1	6	NaN	NaN
3	0	0	3	0	1	1	3	0	0	3	4	0	3	0	3	1	0	0	1	7	NaN	NaN
2	0	2	2	0	2	0	1	2	0	0	1	0	0	0	0	2	1	3	1	8	NaN	NaN
6	4	2	5	0	5	4	8	1	2	13	7	1	6	2	10	11	2	3	6	9	NaN	NaN
7	4	4	2	0	2	3	6	3	5	13	4	2	4	4	7	14	0	6	6	0	NaN	NaN
6	4	2	5	0	5	4	8	1	2	13	7	1	6	2	10	11	2	3	6	1	NaN	NaN
2	0	2	2	0	2	0	1	2	0	0	1	0	0	0	0	2	1	3	1	2	NaN	NaN
0	2	0	1	0	1	0	3	1	0	0	0	0	1	0	0	0	0	0	2	3	NaN	NaN
0	2	1	1	0	0	0	3	0	1	0	0	1	0	0	0	0	0	1	1	4	NaN	NaN
0	1	0	1	0	0	1	1	0	0	3	1	0	1	0	2	0	1	0	0	5	NaN	NaN
1	1	0	2	0	0	2	2	0	1	0	2	1	1	0	0	1	0	1	1	6	NaN	NaN
2	1	0	3	0	0	0	0	1	0	1	0	0	1	0	0	0	0	1	3	7	NaN	NaN
3	0	0	3	0	1	1	3	0	0	3	4	0	3	0	3	1	0	0	1	8	NaN	NaN
5	0	2	0	0	1	1	3	0	1	0	1	1	0	0	2	4	0	4	1	9	NaN	NaN
1	1	0	0	0	0	0	0	0	0	1	0	0	0	0	0	3	0	1	0	0	40.926404592196796	41.174120667767994
0	2	0	1	0	0	0	3	1	0	0	0	0	1	0	0	0	0	0	2	1	46.6835261444291	41.174120667767994
0	2	1	1	0	0	0	2	0	1	0	0	1	1	0	0	0	0	1	1	2	45.21361239303223	41.174120667767994
0	1	0	1	0	0	1	1	0	0	3	1	0	1	0	3	0	1	0	0	3	46.0325920078542	41.174120667767994
2	0	0	3	0	0	0	0	1	0	1	0	0	1	0	0	0	0	1	3	4	46.194521918246224	41.174120667767994
1	1	0	2	0	0	2	2	0	1	0	2	1	0	0	0	1	0	1	1	5	45.93171756041556	41.174120667767994
5	0	1	0	0	1	1	3	0	0	1	1	1	0	0	2	2	0	4	0	6	51.16729081655393	41.174120667767994
3	0	0	3	0	1	0	3	0	0	2	4	0	2	0	2	1	0	0	1	7	49.24714946123638	41.174120667767994
2	1	2	3	0	2	0	2	2	2	0	0	0	1	2	1	2	1	4	1	8	49.802068405773575	41.174120667767994
1	0	0	1	0	0	0	1	1	0	3	0	0	2	0	5	3	0	0	0	9	40.46023491660363	41.174120667767994
1	1	0	0	0	2	0	1	1	0	3	1	0	0	0	0	2	0	0	2	10	38.00428094404485	41.174120667767994
2	0	0	0	0	0	0	1	0	1	2	1	0	0	1	1	2	0	0	1	11	37.612399312496265	41.174120667767994
1	0	1	0	0	0	1	1	0	2	1	0	0	0	0	1	0	0	2	1	12	37.40411438611021	41.174120667767994
0	0	0	0	0	2	1	1	0	0	2	3	0	0	0	0	1	0	0	1	13	38.146776618158725	41.174120667767994
2	0	0	0	0	0	1	0	1	1	2	1	0	2	1	3	2	0	1	0	14	30.736853008442548	41.174120667767994
0	2	1	1	0	1	2	3	0	1	0	0	0	3	0	2	0	1	0	1	15	38.18380424510365	41.174120667767994
0	1	0	1	0	0	1	2	0	0	3	0	1	1	1	0	2	0	1	1	16	38.41459726280218	41.174120667767994
2	0	1	1	0	1	1	1	0	0	1	1	0	0	0	0	0	1	0	0	17	37.04290008318401	41.174120667767994
1	0	2	0	0	1	0	1	0	1	2	1	0	0	0	2	1	0	1	1	18	34.667321537278916	41.174120667767994
1	2	0	1	0	0	0	2	0	0	2	0	0	0	1	2	1	0	1	2	19	35.40168569837183	41.174120667767994
2	1	3	0	0	0	0	0	0	1	1	1	0	1	0	0	2	0	1	0	20	40.204217109534966	41.174120667767994
1	1	0	0	0	0	0	1	0	0	2	0	1	0	1	1	1	0	1	1	21	38.3525862690262	41.174120667767994
7	4	4	2	0	2	3	6	3	5	13	4	2	4	4	7	14	0	6	6	0	51.32304661523978	30.88675211968029
6	4	2	5	0	5	4	8	1	2	13	7	1	6	2	10	11	2	3	6	1	54.84432038023046	30.88675211968029
2	0	2	2	0	2	0	1	2	0	0	1	0	0	0	0	2	1	3	1	2	31.55745177327224	30.88675211968029
0	2	0	1	0	1	0	3	1	0	0	0	0	1	0	0	0	0	0	2	3	20.301981806010435	30.88675211968029
0	2	1	1	0	0	0	3	0	1	0	0	1	0	0	0	0	0	1	1	4	17.725090047001395	30.88675211968029
0	1	0	1	0	0	1	1	0	0	3	1	0	1	0	2	0	1	0	0	5	19.00004912724274	30.88675211968029
1	1	0	2	0	0	2	2	0	1	0	2	1	1	0	0	1	0	1	1	6	19.64293285612952	30.88675211968029
2	1	0	3	0	0	0	0	1	0	1	0	0	1	0	0	0	0	1	3	7	18.624172048699492	30.88675211968029
3	0	0	3	0	1	1	3	0	0	3	4	0	3	0	3	1	0	0	1	8	36.39778217218798	30.88675211968029
5	0	2	0	0	1	1	3	0	1	0	1	1	0	0	2	4	0	4	1	9	39.4506943707888	30.88675211968029
