1	0	0	0	0	0	1	0	0	1	0	0	0	0	0	2	0	0	2	0	0	NaN	NaN
1	1	0	0	0	0	0	2	0	0	1	1	0	0	0	0	1	1	1	0	1	NaN	NaN
0	1	0	1	0	0	0	0	0	0	0	0	0	1	0	1	4	0	1	1	2	NaN	NaN
2	0	2	0	0	1	0	1	0	0	2	2	0	0	0	0	0	0	0	1	3	NaN	NaN
1	0	1	1	0	0	0	0	0	2	2	1	0	1	0	2	0	0	0	1	4	NaN	NaN
1	2	0	0	0	2	1	1	0	1	1	2	0	0	0	0	2	0	1	0	5	NaN	NaN
1	1	0	1	0	1	2	1	0	0	0	0	3	0	0	1	2	0	1	1	6	NaN	NaN
0	2	0	1	0	2	0	1	1	2	1	0	0	0	0	1	2	1	1	0	7	NaN	NaN
0	1	3	0	0	0	2	2	0	0	1	1	1	1	0	1	3	0	1	0	8	NaN	NaN
0	3	2	2	0	3	1	0	0	1	3	0	1	0	1	0	1	2	1	0	9	NaN	NaN
1	1	1	2	0	0	0	1	0	0	1	0	0	1	0	4	0	1	1	2	10	NaN	NaN
2	0	0	1	0	0	0	1	1	0	2	2	0	0	1	2	0	1	2	0	11	NaN	NaN
2	0	1	0	0	0	0	0	0	1	1	0	0	0	0	0	0	0	1	0	12	NaN	NaN
0	1	0	0	0	0	1	1	0	2	0	1	0	0	0	1	1	0	0	0	13	NaN	NaN
1	0	0	1	0	1	0	0	0	0	4	0	0	1	0	1	1	0	0	0	14	NaN	NaN
2	3	0	1	0	2	1	1	0	0	1	0	0	0	0	0	0	1	0	0	15	NaN	NaN
2	1	1	1	0	0	0	0	0	0	1	0	0	0	0	1	2	2	0	1	16	NaN	NaN
1	0	0	0	0	0	0	2	0	1	0	0	1	1	0	1	0	0	0	0	17	NaN	NaN
2	1	0	0	0	0	1	1	0	0	0	0	0	0	0	0	1	0	1	0	18	NaN	NaN
0	0	1	0	0	0	0	2	0	0	2	1	0	1	0	0	2	0	2	1	19	NaN	NaN
0	1	0	1	0	0	0	1	0	0	1	0	0	1	0	0	1	0	0	2	20	NaN	NaN
1	0	1	0	0	0	0	2	0	1	0	0	1	0	0	0	0	1	1	1	21	NaN	NaN
1	0	0	0	0	0	1	0	0	1	0	0	0	0	0	2	0	0	2	0	0	NaN	NaN
1	0	1	0	0	0	0	2	0	1	0	0	1	0	0	0	0	1	1	1	1	NaN	NaN
0	1	0	1	0	0	0	1	0	0	1	0	0	1	0	0	1	0	0	2	2	NaN	NaN
0	0	1	0	0	0	0	2	0	0	2	1	0	1	0	0	2	0	2	1	3	NaN	NaN
2	1	0	0	0	0	1	1	0	0	0	0	0	0	0	0	1	0	1	0	4	NaN	NaN
1	0	0	0	0	0	0	2	0	1	0	0	1	1	0	1	0	0	0	0	5	NaN	NaN
2	1	1	1	0	0	0	0	0	0	1	0	0	0	0	1	2	2	0	1	6	NaN	NaN
2	3	0	1	0	2	1	1	0	0	1	0	0	0	0	0	0	1	0	0	7	NaN	NaN
0	1	0	0	0	0	1	1	0	2	0	1	0	0	0	1	1	0	0	0	8	NaN	NaN
1	0	0	1	0	1	0	0	0	0	4	0	0	1	0	1	1	0	0	0	9	NaN	NaN
2	0	1	0	0	0	0	0	0	1	1	0	0	0	0	0	0	0	1	0	10	NaN	NaN
2	0	0	1	0	0	0	1	1	0	2	2	0	0	1	2	0	1	2	0	11	NaN	NaN
1	1	1	2	0	0	0	1	0	0	1	0	0	1	0	4	0	1	1	2	12	NaN	NaN
0	3	2	2	0	3	1	0	0	1	3	0	1	0	1	0	1	2	1	0	13	NaN	NaN
0	1	3	0	0	0	2	2	0	0	1	1	1	1	0	1	3	0	1	0	14	NaN	NaN
0	2	0	1	0	2	0	1	1	2	1	0	0	0	0	1	2	1	1	0	15	NaN	NaN
1	1	0	1	0	1	2	1	0	0	0	0	3	0	0	1	2	0	1	1	16	NaN	NaN
1	2	0	0	0	2	1	1	0	1	1	2	0	0	0	0	2	0	1	0	17	NaN	NaN
1	0	1	1	0	0	0	0	0	2	2	1	0	1	0	2	0	0	0	1	18	NaN	NaN
2	0	2	0	0	1	0	1	0	0	2	2	0	0	0	0	0	0	0	1	19	NaN	NaN
0	1	0	1	0	0	0	0	0	0	0	0	0	1	0	1	4	0	1	1	20	NaN	NaN
1	1	0	0	0	0	0	2	0	0	1	1	0	0	0	0	1	1	1	0	21	NaN	NaN
1	0	0	0	0	0	1	0	0	1	0	0	0	0	0	2	0	0	2	0	0	40.367268436039666	39.1323769102405
2	1	0	0	0	0	0	2	0	0	1	1	0	0	0	0	1	1	1	0	1	40.81041626061966	39.1323769102405
0	1	0	1	0	0	0	0	0	0	0	0	0	1	0	1	4	0	1	1	2	38.70836547192868	39.1323769102405
2	0	2	0	0	1	0	1	0	0	2	2	0	0	0	0	0	0	0	0	3	37.71734542872869	39.1323769102405
0	0	1	1	0	0	0	0	0	2	2	0	0	1	0	2	0	0	0	1	4	35.9260334456523	39.1323769102405
1	1	0	0	0	2	1	1	0	1	1	2	0	0	0	0	2	0	1	0	5	37.03093745774686	39.1323769102405
1	1	0	0	0	1	2	1	0	0	0	0	3	0	0	1	2	0	1	1	6	36.83747520916502	39.1323769102405
0	2	0	1	0	2	0	1	1	2	1	0	0	0	0	1	2	1	1	1	7	35.916873784739806	39.1323769102405
0	1	3	0	0	0	2	2	0	0	1	1	1	1	0	1	2	0	2	0	8	36.59695052347806	39.1323769102405
0	2	2	2	0	2	1	0	0	1	2	0	1	0	1	0	1	1	1	0	9	37.50886507178183	39.1323769102405
1	1	1	3	0	0	0	1	0	0	1	0	0	1	0	3	0	1	1	2	10	37.275141317358916	39.1323769102405
3	0	0	1	0	0	0	1	1	0	2	2	0	0	1	2	0	1	2	0	11	38.94246739200654	39.1323769102405
2	1	1	0	0	0	0	2	0	1	1	0	0	1	0	0	0	0	1	0	12	37.16120639856239	39.1323769102405
0	0	1	1	0	0	1	1	0	2	0	1	0	0	0	1	2	0	0	0	13	36.28326712734721	39.1323769102405
1	0	0	4	0	1	1	0	0	1	3	0	0	1	0	1	2	0	0	2	14	36.30706468699219	39.1323769102405
3	3	1	1	0	2	1	2	0	0	1	2	0	0	0	0	1	1	1	0	15	43.480651111682484	39.1323769102405
2	1	1	1	0	0	0	0	0	0	1	0	0	1	0	1	2	2	1	1	16	39.32556303758913	39.1323769102405
1	0	1	0	0	0	0	2	0	1	0	0	1	1	0	1	0	0	1	0	17	41.77485334035105	39.1323769102405
2	1	0	1	0	0	1	2	0	1	0	0	2	0	0	0	1	0	1	0	18	39.547751437178846	39.1323769102405
1	0	0	0	0	0	0	2	0	0	2	2	0	1	1	1	2	0	2	1	19	41.23691055645554	39.1323769102405
0	1	1	3	0	0	1	1	0	0	2	1	0	2	0	0	0	0	0	2	20	46.53079323974346	39.1323769102405
0	1	2	0	0	0	0	3	0	1	0	0	1	0	2	1	0	0	1	1	21	45.62609129014265	39.1323769102405
1	0	0	0	0	0	1	0	0	1	0	0	0	0	0	2	0	0	2	0	0	35.474489280133625	38.400604828489705
1	0	1	0	0	0	0	2	0	1	0	0	1	0	0	0	0	1	1	1	1	38.11157971601051	38.400604828489705
0	1	0	1	0	0	0	1	0	0	1	0	0	1	0	0	1	0	0	2	2	41.185735643302216	38.400604828489705
0	0	1	0	0	0	0	2	0	0	2	1	0	1	0	0	2	0	2	1	3	44.624994398947024	38.400604828489705
2	1	0	0	0	0	1	1	0	0	0	0	0	0	0	0	1	0	1	0	4	45.12734893883168	38.400604828489705
1	0	0	0	0	0	0	2	0	1	0	0	1	1	0	1	0	0	0	0	5	45.32635403282021	38.400604828489705
2	1	1	1	0	0	0	0	0	0	1	0	0	0	0	1	2	2	0	1	6	43.03510181030076	38.400604828489705
2	3	0	1	0	2	1	1	0	0	1	0	0	0	0	0	0	1	0	0	7	43.47579343289022	38.400604828489705
0	1	0	0	0	0	1	1	0	2	0	1	0	0	0	1	1	0	0	0	8	44.87597553187466	38.400604828489705
1	0	0	1	0	1	0	0	0	0	4	0	0	1	0	1	1	0	0	0	9	42.83477299094845	38.400604828489705
2	0	1	0	0	0	0	0	0	1	1	0	0	0	0	0	0	0	1	0	10	41.03209147090614	38.400604828489705
2	0	0	1	0	0	0	1	1	0	2	2	0	0	1	2	0	1	2	0	11	41.18542978288693	38.400604828489705
1	1	1	2	0	0	0	1	0	0	1	0	0	1	0	4	0	1	1	2	12	38.301808273295926	38.400604828489705
0	3	2	2	0	3	1	0	0	1	3	0	1	0	1	0	1	2	1	0	13	40.06984220815819	38.400604828489705
0	1	3	0	0	0	2	2	0	0	1	1	1	1	0	1	3	0	1	0	14	33.77925622716108	38.400604828489705
0	2	0	1	0	2	0	1	1	2	1	0	0	0	0	1	2	1	1	0	15	32.2270221003857	38.400604828489705
1	1	0	1	0	1	2	1	0	0	0	0	3	0	0	1	2	0	1	1	16	32.386798050132306	38.400604828489705
1	2	0	0	0	2	1	1	0	1	1	2	0	0	0	0	2	0	1	0	17	31.55314100891482	38.400604828489705
1	0	1	1	0	0	0	0	0	2	2	1	0	1	0	2	0	0	0	1	18	32.20778694844441	38.400604828489705
2	0	2	0	0	1	0	1	0	0	2	2	0	0	0	0	0	0	0	1	19	31.45465700868686	38.400604828489705
0	1	0	1	0	0	0	0	0	0	0	0	0	1	0	1	4	0	1	1	20	32.688339568776414	38.400604828489705
1	1	0	0	0	0	0	2	0	0	1	1	0	0	0	0	1	1	1	0	21	33.85498780296525	38.400604828489705
