1	2	2	0	0	0	1	0	0	0	1	0	1	1	0	1	1	0	1	0	0	45.06212025466588	41.69815521599592
1	0	1	0	0	2	2	2	0	1	2	0	0	1	0	1	0	1	1	0	1	50.36559284978006	41.69815521599592
1	0	0	1	0	0	0	3	0	0	2	1	2	1	0	0	0	0	0	1	2	51.82940188048454	41.69815521599592
1	0	0	0	0	0	0	1	0	0	2	2	0	0	0	1	2	0	1	1	3	49.74741788000934	41.69815521599592
0	0	0	0	0	0	0	0	0	0	1	1	0	0	0	0	0	0	0	1	4	38.267530705691165	41.69815521599592
1	0	0	0	0	0	0	1	0	0	2	0	0	0	0	0	1	0	0	0	5	39.36298132775143	41.69815521599592
1	1	0	0	0	0	1	1	0	0	1	0	0	1	0	0	1	0	0	0	6	40.733823703156204	41.69815521599592
0	0	0	2	0	0	0	2	0	0	2	1	0	1	0	0	0	0	1	0	7	37.67534064592055	41.69815521599592
1	0	1	0	0	0	0	0	1	0	2	0	0	0	0	2	1	0	2	0	8	36.381643754143006	41.69815521599592
0	1	0	0	0	1	0	1	2	0	2	0	0	1	0	1	0	0	1	1	9	37.43216943727889	41.69815521599592
1	2	0	1	0	0	0	0	0	0	2	0	0	1	0	2	2	0	0	0	10	37.950564956537896	41.69815521599592
0	0	2	1	0	0	0	1	0	0	1	1	1	1	0	1	1	0	1	0	11	37.55047771555001	41.69815521599592
3	1	1	1	0	1	0	2	1	0	0	0	1	1	0	0	0	1	0	0	12	41.95687026828992	41.69815521599592
0	2	0	2	0	1	0	0	0	0	1	0	0	0	0	1	0	1	2	0	13	40.59217290393806	41.69815521599592
0	1	1	1	0	0	1	2	0	0	1	1	1	1	1	0	2	0	1	2	14	40.303093914382636	41.69815521599592
0	2	1	0	0	1	4	1	0	0	1	0	0	0	0	0	1	1	1	0	15	40.85606961115451	41.69815521599592
1	3	1	0	0	0	0	0	0	1	0	0	0	1	0	1	1	1	0	0	16	39.24243300073855	41.69815521599592
0	1	1	1	0	0	1	0	0	2	2	0	0	0	1	1	1	0	1	1	17	45.25708907845414	41.69815521599592
0	2	2	1	0	0	1	0	0	0	1	0	1	1	0	0	1	0	1	0	0	41.06245187466516	40.24133826408657
0	1	1	1	0	0	1	0	0	1	2	0	0	0	0	1	1	0	1	1	1	39.32750175618814	40.24133826408657
1	3	1	0	0	0	0	0	0	1	0	0	0	1	0	0	1	1	0	0	2	32.985681642206124	40.24133826408657
0	1	1	0	0	1	2	0	0	0	1	0	0	0	0	0	1	1	1	0	3	32.61685193059601	40.24133826408657
0	1	0	0	0	0	0	1	0	0	0	1	1	1	0	0	2	0	1	1	4	32.51766516533549	40.24133826408657
0	1	0	1	0	1	0	0	0	0	1	0	0	0	0	1	0	1	2	0	5	32.272154330249485	40.24133826408657
3	1	0	0	0	1	0	1	0	0	0	0	1	1	0	0	0	1	0	0	6	34.31560567807951	40.24133826408657
0	0	2	0	0	0	0	1	0	0	1	1	1	1	0	2	1	0	1	0	7	33.51748037113913	40.24133826408657
1	2	0	1	0	0	0	0	0	0	2	0	0	1	0	2	2	0	0	0	8	36.8070507761705	40.24133826408657
0	1	0	0	0	1	0	1	2	0	2	0	0	1	0	1	0	1	0	1	9	39.97405935765362	40.24133826408657
1	0	1	0	0	0	0	0	1	0	0	0	0	0	0	2	1	0	2	0	10	38.60140551736121	40.24133826408657
0	0	0	2	0	0	0	2	0	0	2	0	0	0	0	0	0	0	0	0	11	40.63023588610988	40.24133826408657
1	1	0	0	0	0	1	2	0	0	1	1	0	1	0	0	2	0	0	0	12	54.84375419269108	40.24133826408657
3	0	0	3	0	0	1	6	0	1	7	4	2	2	1	2	3	0	1	3	13	60.266997358758644	40.24133826408657
1	0	1	0	0	1	3	2	0	1	3	1	0	1	0	0	1	1	0	1	14	53.88117812409448	40.24133826408657
0	2	2	1	0	0	1	0	0	0	1	0	1	1	0	0	1	0	1	0	0	41.06245187466516	40.24133826408657
0	1	1	1	0	0	1	0	0	1	2	0	0	0	0	1	1	0	1	1	1	39.32750175618814	40.24133826408657
1	3	1	0	0	0	0	0	0	1	0	0	0	1	0	0	1	1	0	0	2	32.985681642206124	40.24133826408657
0	1	1	0	0	1	2	0	0	0	1	0	0	0	0	0	1	1	1	0	3	32.61685193059601	40.24133826408657
0	1	0	0	0	0	0	1	0	0	0	1	1	1	0	0	2	0	1	1	4	32.51766516533549	40.24133826408657
0	1	0	1	0	1	0	0	0	0	1	0	0	0	0	1	0	1	2	0	5	32.272154330249485	40.24133826408657
3	1	0	0	0	1	0	1	0	0	0	0	1	1	0	0	0	1	0	0	6	34.31560567807951	40.24133826408657
0	0	2	0	0	0	0	1	0	0	1	1	1	1	0	2	1	0	1	0	7	33.51748037113913	40.24133826408657
1	2	0	1	0	0	0	0	0	0	2	0	0	1	0	2	2	0	0	0	8	36.8070507761705	40.24133826408657
0	1	0	0	0	1	0	1	2	0	2	0	0	1	0	1	0	1	0	1	9	39.97405935765362	40.24133826408657
1	0	1	0	0	0	0	0	1	0	0	0	0	0	0	2	1	0	2	0	10	38.60140551736121	40.24133826408657
0	0	0	2	0	0	0	2	0	0	2	0	0	0	0	0	0	0	0	0	11	40.63023588610988	40.24133826408657
1	1	0	0	0	0	1	2	0	0	1	1	0	1	0	0	2	0	0	0	12	54.84375419269108	40.24133826408657
3	0	0	3	0	0	1	6	0	1	7	4	2	2	1	2	3	0	1	3	13	60.266997358758644	40.24133826408657
1	0	1	0	0	1	3	2	0	1	3	1	0	1	0	0	1	1	0	1	14	53.88117812409448	40.24133826408657
