1	1	2	0	0	0	0	0	0	1	2	0	0	1	0	1	2	0	1	0	0	45.31404822048434	41.3068705010429
0	0	1	0	0	2	2	3	0	1	1	0	0	2	0	1	0	1	1	0	1	52.98780142529851	41.3068705010429
1	1	0	1	0	0	0	3	0	0	3	0	0	1	0	0	0	0	0	2	2	60.352012032500504	41.3068705010429
3	0	0	0	0	0	0	1	0	0	2	1	0	0	0	1	1	0	0	0	3	55.12470832938644	41.3068705010429
0	1	0	0	0	0	0	0	0	0	0	0	0	1	0	0	0	0	1	0	4	38.196036930024	41.3068705010429
0	0	0	0	0	1	0	2	0	0	0	0	0	0	0	0	1	0	0	1	5	39.4732689549654	41.3068705010429
1	0	0	0	0	1	0	1	0	0	2	0	0	0	0	0	0	0	0	1	6	37.63330427047511	41.3068705010429
1	0	0	1	0	0	0	2	0	0	0	1	0	1	0	0	0	0	3	0	7	37.74450696061471	41.3068705010429
0	0	1	0	0	1	0	1	0	0	3	0	0	0	0	0	1	0	3	0	8	36.357043995908136	41.3068705010429
0	0	1	0	0	1	0	1	2	1	2	1	0	1	0	0	0	0	1	0	9	37.79262685813908	41.3068705010429
1	1	0	2	0	0	0	0	0	0	2	1	0	1	0	1	1	0	0	0	10	37.47698630922275	41.3068705010429
1	1	1	0	0	0	0	1	0	0	1	0	0	2	0	1	1	0	1	0	11	37.17651107733439	41.3068705010429
1	0	1	1	0	1	0	3	0	2	1	0	0	0	0	0	0	0	1	0	12	42.09756356435531	41.3068705010429
0	2	0	1	0	1	0	1	0	0	0	0	0	0	0	0	1	1	2	1	13	37.14481838975291	41.3068705010429
0	0	1	1	0	0	0	2	0	1	2	1	0	1	1	1	2	0	1	0	14	38.15602446817209	41.3068705010429
1	1	0	1	0	0	2	0	0	1	1	0	0	0	0	2	0	1	1	0	15	36.17173045077644	41.3068705010429
1	0	1	0	0	0	0	0	0	0	0	1	0	2	0	1	1	1	0	0	16	35.11413577009193	41.3068705010429
0	1	1	1	0	0	1	0	0	1	1	0	0	0	0	1	1	0	1	1	17	39.210541011270266	41.3068705010429
1	1	2	0	0	0	0	0	0	1	2	0	0	1	0	1	2	0	1	0	0	45.31404822048434	41.3068705010429
0	0	1	0	0	2	2	3	0	1	1	0	0	2	0	1	0	1	1	0	1	52.98780142529851	41.3068705010429
1	1	0	1	0	0	0	3	0	0	3	0	0	1	0	0	0	0	0	2	2	60.352012032500504	41.3068705010429
3	0	0	0	0	0	0	1	0	0	2	1	0	0	0	1	1	0	0	0	3	55.12470832938644	41.3068705010429
0	1	0	0	0	0	0	0	0	0	0	0	0	1	0	0	0	0	1	0	4	38.196036930024	41.3068705010429
0	0	0	0	0	1	0	2	0	0	0	0	0	0	0	0	1	0	0	1	5	39.4732689549654	41.3068705010429
1	0	0	0	0	1	0	1	0	0	2	0	0	0	0	0	0	0	0	1	6	37.63330427047511	41.3068705010429
1	0	0	1	0	0	0	2	0	0	0	1	0	1	0	0	0	0	3	0	7	37.74450696061471	41.3068705010429
0	0	1	0	0	1	0	1	0	0	3	0	0	0	0	0	1	0	3	0	8	36.357043995908136	41.3068705010429
0	0	1	0	0	1	0	1	2	1	2	1	0	1	0	0	0	0	1	0	9	37.79262685813908	41.3068705010429
1	1	0	2	0	0	0	0	0	0	2	1	0	1	0	1	1	0	0	0	10	37.47698630922275	41.3068705010429
1	1	1	0	0	0	0	1	0	0	1	0	0	2	0	1	1	0	1	0	11	37.17651107733439	41.3068705010429
1	0	1	1	0	1	0	3	0	2	1	0	0	0	0	0	0	0	1	0	12	42.09756356435531	41.3068705010429
0	2	0	1	0	1	0	1	0	0	0	0	0	0	0	0	1	1	2	1	13	37.14481838975291	41.3068705010429
0	0	1	1	0	0	0	2	0	1	2	1	0	1	1	1	2	0	1	0	14	38.15602446817209	41.3068705010429
1	1	0	1	0	0	2	0	0	1	1	0	0	0	0	2	0	1	1	0	15	36.17173045077644	41.3068705010429
1	0	1	0	0	0	0	0	0	0	0	1	0	2	0	1	1	1	0	0	16	35.11413577009193	41.3068705010429
0	1	1	1	0	0	1	0	0	1	1	0	0	0	0	1	1	0	1	1	17	39.210541011270266	41.3068705010429
