1	0	0	0	0	1	1	0	0	0	0	2	0	1	0	0	0	0	0	1	0	NaN	NaN
0	0	0	2	0	1	0	1	0	0	0	0	0	3	0	1	1	0	0	0	1	NaN	NaN
2	2	0	0	0	0	0	1	0	0	2	0	0	0	0	2	1	0	1	0	2	NaN	NaN
3	2	0	0	0	1	1	0	0	1	0	0	0	1	2	0	1	1	1	0	3	NaN	NaN
0	0	2	0	0	1	0	0	0	0	1	0	0	3	0	1	1	0	1	0	4	NaN	NaN
3	3	3	5	0	8	3	3	1	1	4	6	1	3	1	5	3	1	5	6	5	NaN	NaN
3	5	7	7	0	3	2	6	1	2	8	1	2	4	0	4	5	2	4	6	6	NaN	NaN
0	2	1	3	0	1	0	2	0	0	0	2	0	1	0	0	2	1	0	1	7	NaN	NaN
0	0	0	0	0	0	1	0	0	0	0	0	0	2	1	3	1	0	2	0	8	NaN	NaN
0	0	0	0	0	1	1	2	0	0	0	3	0	0	0	0	0	0	1	2	9	NaN	NaN
1	0	3	0	0	0	0	1	0	0	2	1	1	0	0	0	3	0	1	3	10	NaN	NaN
3	2	0	0	0	0	4	3	0	2	0	1	0	0	0	0	0	0	0	2	11	NaN	NaN
1	0	1	1	0	0	1	1	0	0	0	0	0	0	0	1	3	0	3	2	12	NaN	NaN
2	0	0	1	0	0	0	0	0	0	1	0	1	0	0	1	1	1	1	0	13	NaN	NaN
0	1	0	0	0	0	0	3	0	0	1	0	0	0	0	0	2	0	1	0	14	NaN	NaN
1	1	0	1	0	0	0	0	0	0	1	0	0	0	0	0	1	0	1	3	15	NaN	NaN
1	0	0	0	0	0	0	0	1	0	1	0	0	0	0	0	0	0	0	2	16	NaN	NaN
2	0	0	0	0	0	0	0	0	0	0	0	0	1	0	0	2	0	0	2	17	NaN	NaN
1	0	0	0	0	1	1	0	0	0	0	2	0	1	0	0	0	0	0	1	0	NaN	NaN
0	0	0	2	0	1	0	1	0	0	0	0	0	3	0	1	1	0	0	0	1	NaN	NaN
2	2	0	0	0	0	0	1	0	0	2	0	0	0	0	2	1	0	1	0	2	NaN	NaN
3	2	0	0	0	1	1	0	0	1	0	0	0	1	2	0	1	1	1	0	3	NaN	NaN
0	0	2	0	0	1	0	0	0	0	1	0	0	3	0	1	1	0	1	0	4	NaN	NaN
3	3	3	5	0	8	3	3	1	1	4	6	1	3	1	5	3	1	5	6	5	NaN	NaN
3	5	7	7	0	3	2	6	1	2	8	1	2	4	0	4	5	2	4	6	6	NaN	NaN
0	2	1	3	0	1	0	2	0	0	0	2	0	1	0	0	2	1	0	1	7	NaN	NaN
0	0	0	0	0	0	1	0	0	0	0	0	0	2	1	3	1	0	2	0	8	NaN	NaN
0	0	0	0	0	1	1	2	0	0	0	3	0	0	0	0	0	0	1	2	9	NaN	NaN
1	0	3	0	0	0	0	1	0	0	2	1	1	0	0	0	3	0	1	3	10	NaN	NaN
3	2	0	0	0	0	4	3	0	2	0	1	0	0	0	0	0	0	0	2	11	NaN	NaN
1	0	1	1	0	0	1	1	0	0	0	0	0	0	0	1	3	0	3	2	12	NaN	NaN
2	0	0	1	0	0	0	0	0	0	1	0	1	0	0	1	1	1	1	0	13	NaN	NaN
0	1	0	0	0	0	0	3	0	0	1	0	0	0	0	0	2	0	1	0	14	NaN	NaN
1	1	0	1	0	0	0	0	0	0	1	0	0	0	0	0	1	0	1	3	15	NaN	NaN
1	0	0	0	0	0	0	0	1	0	1	0	0	0	0	0	0	0	0	2	16	NaN	NaN
2	0	0	0	0	0	0	0	0	0	0	0	0	1	0	0	2	0	0	2	17	NaN	NaN
1	0	0	0	0	1	1	0	0	0	0	2	0	1	0	0	0	0	0	1	0	NaN	NaN
2	0	0	0	0	0	0	0	0	0	0	0	0	1	0	0	2	0	0	2	1	NaN	NaN
1	0	0	0	0	0	0	0	1	0	1	0	0	0	0	0	0	0	0	2	2	NaN	NaN
1	1	0	1	0	0	0	0	0	0	1	0	0	0	0	0	1	0	1	3	3	NaN	NaN
0	1	0	0	0	0	0	3	0	0	1	0	0	0	0	0	2	0	1	0	4	NaN	NaN
2	0	0	1	0	0	0	0	0	0	1	0	1	0	0	1	1	1	1	0	5	NaN	NaN
1	0	1	1	0	0	1	1	0	0	0	0	0	0	0	1	3	0	3	2	6	NaN	NaN
3	2	0	0	0	0	4	3	0	2	0	1	0	0	0	0	0	0	0	2	7	NaN	NaN
0	0	0	0	0	1	1	2	0	0	0	3	0	0	0	0	0	0	1	2	8	NaN	NaN
0	0	0	0	0	0	1	0	0	0	0	0	0	2	1	3	1	0	2	0	9	NaN	NaN
1	0	3	0	0	0	0	1	0	0	2	1	1	0	0	0	3	0	1	3	10	NaN	NaN
0	2	1	3	0	1	0	2	0	0	0	2	0	1	0	0	2	1	0	1	11	NaN	NaN
3	5	7	7	0	3	2	6	1	2	8	1	2	4	0	4	5	2	4	6	12	NaN	NaN
3	3	3	5	0	8	3	3	1	1	4	6	1	3	1	5	3	1	5	6	13	NaN	NaN
0	0	2	0	0	1	0	0	0	0	1	0	0	3	0	1	1	0	1	0	14	NaN	NaN
3	2	0	0	0	1	1	0	0	1	0	0	0	1	2	0	1	1	1	0	15	NaN	NaN
2	2	0	0	0	0	0	1	0	0	2	0	0	0	0	2	1	0	1	0	16	NaN	NaN
0	0	0	2	0	1	0	1	0	0	0	0	0	3	0	1	1	0	0	0	17	NaN	NaN
1	0	0	0	0	1	1	0	0	0	0	2	0	1	0	0	0	0	0	1	0	45.9374217540601	41.52106815309819
0	0	0	2	0	1	0	1	0	0	0	0	0	3	0	2	1	0	0	0	1	49.4413842628297	41.52106815309819
1	2	0	0	0	0	0	1	0	0	2	0	0	0	0	2	1	0	2	0	2	46.1678273317896	41.52106815309819
3	1	0	0	0	1	0	0	0	1	0	0	0	1	1	0	1	1	1	0	3	43.860090460009495	41.52106815309819
0	0	1	0	0	1	1	0	0	0	1	0	0	3	1	1	1	0	1	0	4	40.83759983479605	41.52106815309819
0	1	1	1	0	0	2	1	1	0	0	1	1	1	0	2	0	0	2	1	5	42.17663387275154	41.52106815309819
1	2	3	0	0	2	1	2	0	0	1	1	0	2	0	2	2	0	2	3	6	48.690385107979495	41.52106815309819
1	1	1	3	0	3	1	0	0	0	3	3	0	1	0	2	1	0	1	3	7	48.98876984797343	41.52106815309819
1	2	2	2	0	0	0	1	1	1	2	0	2	2	0	0	2	1	0	1	8	40.98831631271728	41.52106815309819
1	1	1	1	0	4	0	1	0	1	1	2	0	0	1	0	1	0	2	2	9	37.772977569178586	41.52106815309819
1	1	1	2	0	1	1	2	0	0	2	0	0	0	0	1	1	1	1	1	10	36.56540641228329	41.52106815309819
0	2	1	2	0	1	0	2	0	0	0	2	0	1	0	0	1	1	0	1	11	36.09156534327567	41.52106815309819
0	0	0	0	0	0	1	0	0	0	0	0	0	2	1	3	1	0	2	1	12	36.68407091652703	41.52106815309819
0	0	0	0	0	1	1	2	0	0	0	3	0	0	0	0	0	0	2	2	13	36.34841536451347	41.52106815309819
1	0	3	0	0	0	0	1	0	0	2	1	0	0	0	0	3	0	1	2	14	36.72500888706018	41.52106815309819
4	2	0	0	0	0	4	3	0	2	0	1	0	0	0	0	0	0	0	1	15	38.76957080061244	41.52106815309819
1	0	1	1	0	0	1	1	0	0	0	0	0	0	0	1	3	0	3	3	16	39.317302242592945	41.52106815309819
2	0	0	1	0	0	0	0	1	0	1	0	1	0	0	1	1	1	1	0	17	39.34107898409195	41.52106815309819
0	1	0	0	0	0	0	4	0	0	1	0	0	0	0	2	3	0	2	0	18	36.94982575626132	41.52106815309819
1	1	0	2	0	0	0	1	0	0	1	1	0	0	0	1	1	0	2	4	19	39.619242535007494	41.52106815309819
3	1	3	1	1	0	1	1	1	0	2	0	0	1	0	2	0	0	1	3	20	49.33625103396503	41.52106815309819
3	1	0	0	1	1	1	1	0	0	0	0	0	1	0	0	1	1	0	2	21	42.85435473788393	41.52106815309819
1	0	0	0	0	1	1	0	0	0	0	2	0	1	0	0	0	0	0	1	0	35.50960148881684	41.14653011913431
2	0	0	0	0	0	0	0	0	0	0	0	0	1	0	0	2	0	0	2	1	33.33941924582786	41.14653011913431
1	0	0	0	0	0	0	0	1	0	1	0	0	0	0	0	0	0	0	2	2	34.3468587382787	41.14653011913431
1	1	0	1	0	0	0	0	0	0	1	0	0	0	0	0	1	0	1	3	3	37.71624876362128	41.14653011913431
0	1	0	0	0	0	0	3	0	0	1	0	0	0	0	0	2	0	1	0	4	39.542072585665466	41.14653011913431
2	0	0	1	0	0	0	0	0	0	1	0	1	0	0	1	1	1	1	0	5	40.23149265579561	41.14653011913431
1	0	1	1	0	0	1	1	0	0	0	0	0	0	0	1	3	0	3	2	6	44.57852415278724	41.14653011913431
3	2	0	0	0	0	4	3	0	2	0	1	0	0	0	0	0	0	0	2	7	44.29990684021035	41.14653011913431
0	0	0	0	0	1	1	2	0	0	0	3	0	0	0	0	0	0	1	2	8	44.4999136301567	41.14653011913431
0	0	0	0	0	0	1	0	0	0	0	0	0	2	1	3	1	0	2	0	9	45.30276161976549	41.14653011913431
1	0	3	0	0	0	0	1	0	0	2	1	1	0	0	0	3	0	1	3	10	39.788156855769856	41.14653011913431
0	2	1	3	0	1	0	2	0	0	0	2	0	1	0	0	2	1	0	1	11	44.32320522755079	41.14653011913431
3	5	7	7	0	3	2	6	1	2	8	1	2	4	0	4	5	2	4	6	12	57.13313962988413	41.14653011913431
3	3	3	5	0	8	3	3	1	1	4	6	1	3	1	5	3	1	5	6	13	60.01808318120891	41.14653011913431
0	0	2	0	0	1	0	0	0	0	1	0	0	3	0	1	1	0	1	0	14	33.62457309071437	41.14653011913431
3	2	0	0	0	1	1	0	0	1	0	0	0	1	2	0	1	1	1	0	15	34.300036278528616	41.14653011913431
2	2	0	0	0	0	0	1	0	0	2	0	0	0	0	2	1	0	1	0	16	36.24375639414009	41.14653011913431
0	0	0	2	0	1	0	1	0	0	0	0	0	3	0	1	1	0	0	0	17	35.83979176569523	41.14653011913431
1	0	0	0	0	1	1	0	0	0	0	2	0	1	0	0	0	0	0	1	0	35.50960148881684	41.14653011913431
2	0	0	0	0	0	0	0	0	0	0	0	0	1	0	0	2	0	0	2	1	33.33941924582786	41.14653011913431
1	0	0	0	0	0	0	0	1	0	1	0	0	0	0	0	0	0	0	2	2	34.3468587382787	41.14653011913431
1	1	0	1	0	0	0	0	0	0	1	0	0	0	0	0	1	0	1	3	3	37.71624876362128	41.14653011913431
0	1	0	0	0	0	0	3	0	0	1	0	0	0	0	0	2	0	1	0	4	39.542072585665466	41.14653011913431
2	0	0	1	0	0	0	0	0	0	1	0	1	0	0	1	1	1	1	0	5	40.23149265579561	41.14653011913431
1	0	1	1	0	0	1	1	0	0	0	0	0	0	0	1	3	0	3	2	6	44.57852415278724	41.14653011913431
3	2	0	0	0	0	4	3	0	2	0	1	0	0	0	0	0	0	0	2	7	44.29990684021035	41.14653011913431
0	0	0	0	0	1	1	2	0	0	0	3	0	0	0	0	0	0	1	2	8	44.4999136301567	41.14653011913431
0	0	0	0	0	0	1	0	0	0	0	0	0	2	1	3	1	0	2	0	9	45.30276161976549	41.14653011913431
1	0	3	0	0	0	0	1	0	0	2	1	1	0	0	0	3	0	1	3	10	39.788156855769856	41.14653011913431
0	2	1	3	0	1	0	2	0	0	0	2	0	1	0	0	2	1	0	1	11	44.32320522755079	41.14653011913431
3	5	7	7	0	3	2	6	1	2	8	1	2	4	0	4	5	2	4	6	12	57.13313962988413	41.14653011913431
3	3	3	5	0	8	3	3	1	1	4	6	1	3	1	5	3	1	5	6	13	60.01808318120891	41.14653011913431
0	0	2	0	0	1	0	0	0	0	1	0	0	3	0	1	1	0	1	0	14	33.62457309071437	41.14653011913431
3	2	0	0	0	1	1	0	0	1	0	0	0	1	2	0	1	1	1	0	15	34.300036278528616	41.14653011913431
2	2	0	0	0	0	0	1	0	0	2	0	0	0	0	2	1	0	1	0	16	36.24375639414009	41.14653011913431
0	0	0	2	0	1	0	1	0	0	0	0	0	3	0	1	1	0	0	0	17	35.83979176569523	41.14653011913431
1	0	0	0	0	1	1	0	0	0	0	2	0	1	0	0	0	0	0	1	0	45.9374217540601	41.52106815309819
0	0	0	2	0	1	0	1	0	0	0	0	0	3	0	2	1	0	0	0	1	49.4413842628297	41.52106815309819
1	2	0	0	0	0	0	1	0	0	2	0	0	0	0	2	1	0	2	0	2	46.1678273317896	41.52106815309819
3	1	0	0	0	1	0	0	0	1	0	0	0	1	1	0	1	1	1	0	3	43.860090460009495	41.52106815309819
0	0	1	0	0	1	1	0	0	0	1	0	0	3	1	1	1	0	1	0	4	40.83759983479605	41.52106815309819
0	1	1	1	0	0	2	1	1	0	0	1	1	1	0	2	0	0	2	1	5	42.17663387275154	41.52106815309819
1	2	3	0	0	2	1	2	0	0	1	1	0	2	0	2	2	0	2	3	6	48.690385107979495	41.52106815309819
1	1	1	3	0	3	1	0	0	0	3	3	0	1	0	2	1	0	1	3	7	48.98876984797343	41.52106815309819
1	2	2	2	0	0	0	1	1	1	2	0	2	2	0	0	2	1	0	1	8	40.98831631271728	41.52106815309819
1	1	1	1	0	4	0	1	0	1	1	2	0	0	1	0	1	0	2	2	9	37.772977569178586	41.52106815309819
1	1	1	2	0	1	1	2	0	0	2	0	0	0	0	1	1	1	1	1	10	36.56540641228329	41.52106815309819
0	2	1	2	0	1	0	2	0	0	0	2	0	1	0	0	1	1	0	1	11	36.09156534327567	41.52106815309819
0	0	0	0	0	0	1	0	0	0	0	0	0	2	1	3	1	0	2	1	12	36.68407091652703	41.52106815309819
0	0	0	0	0	1	1	2	0	0	0	3	0	0	0	0	0	0	2	2	13	36.34841536451347	41.52106815309819
1	0	3	0	0	0	0	1	0	0	2	1	0	0	0	0	3	0	1	2	14	36.72500888706018	41.52106815309819
4	2	0	0	0	0	4	3	0	2	0	1	0	0	0	0	0	0	0	1	15	38.76957080061244	41.52106815309819
1	0	1	1	0	0	1	1	0	0	0	0	0	0	0	1	3	0	3	3	16	39.317302242592945	41.52106815309819
2	0	0	1	0	0	0	0	1	0	1	0	1	0	0	1	1	1	1	0	17	39.34107898409195	41.52106815309819
0	1	0	0	0	0	0	4	0	0	1	0	0	0	0	2	3	0	2	0	18	36.94982575626132	41.52106815309819
1	1	0	2	0	0	0	1	0	0	1	1	0	0	0	1	1	0	2	4	19	39.619242535007494	41.52106815309819
3	1	3	1	1	0	1	1	1	0	2	0	0	1	0	2	0	0	1	3	20	49.33625103396503	41.52106815309819
3	1	0	0	1	1	1	1	0	0	0	0	0	1	0	0	1	1	0	2	21	42.85435473788393	41.52106815309819
1	0	0	0	0	1	1	0	0	0	0	2	0	1	0	0	0	0	0	1	0	45.9374217540601	41.52106815309819
0	0	0	2	0	1	0	1	0	0	0	0	0	3	0	2	1	0	0	0	1	49.4413842628297	41.52106815309819
1	2	0	0	0	0	0	1	0	0	2	0	0	0	0	2	1	0	2	0	2	46.1678273317896	41.52106815309819
3	1	0	0	0	1	0	0	0	1	0	0	0	1	1	0	1	1	1	0	3	43.860090460009495	41.52106815309819
0	0	1	0	0	1	1	0	0	0	1	0	0	3	1	1	1	0	1	0	4	40.83759983479605	41.52106815309819
0	1	1	1	0	0	2	1	1	0	0	1	1	1	0	2	0	0	2	1	5	42.17663387275154	41.52106815309819
1	2	3	0	0	2	1	2	0	0	1	1	0	2	0	2	2	0	2	3	6	48.690385107979495	41.52106815309819
1	1	1	3	0	3	1	0	0	0	3	3	0	1	0	2	1	0	1	3	7	48.98876984797343	41.52106815309819
1	2	2	2	0	0	0	1	1	1	2	0	2	2	0	0	2	1	0	1	8	40.98831631271728	41.52106815309819
1	1	1	1	0	4	0	1	0	1	1	2	0	0	1	0	1	0	2	2	9	37.772977569178586	41.52106815309819
1	1	1	2	0	1	1	2	0	0	2	0	0	0	0	1	1	1	1	1	10	36.56540641228329	41.52106815309819
0	2	1	2	0	1	0	2	0	0	0	2	0	1	0	0	1	1	0	1	11	36.09156534327567	41.52106815309819
0	0	0	0	0	0	1	0	0	0	0	0	0	2	1	3	1	0	2	1	12	36.68407091652703	41.52106815309819
0	0	0	0	0	1	1	2	0	0	0	3	0	0	0	0	0	0	2	2	13	36.34841536451347	41.52106815309819
1	0	3	0	0	0	0	1	0	0	2	1	0	0	0	0	3	0	1	2	14	36.72500888706018	41.52106815309819
4	2	0	0	0	0	4	3	0	2	0	1	0	0	0	0	0	0	0	1	15	38.76957080061244	41.52106815309819
1	0	1	1	0	0	1	1	0	0	0	0	0	0	0	1	3	0	3	3	16	39.317302242592945	41.52106815309819
2	0	0	1	0	0	0	0	1	0	1	0	1	0	0	1	1	1	1	0	17	39.34107898409195	41.52106815309819
0	1	0	0	0	0	0	4	0	0	1	0	0	0	0	2	3	0	2	0	18	36.94982575626132	41.52106815309819
1	1	0	2	0	0	0	1	0	0	1	1	0	0	0	1	1	0	2	4	19	39.619242535007494	41.52106815309819
3	1	3	1	1	0	1	1	1	0	2	0	0	1	0	2	0	0	1	3	20	49.33625103396503	41.52106815309819
3	1	0	0	1	1	1	1	0	0	0	0	0	1	0	0	1	1	0	2	21	42.85435473788393	41.52106815309819
1	0	0	0	0	1	1	0	0	0	0	2	0	1	0	0	0	0	0	1	0	35.50960148881684	41.14653011913431
2	0	0	0	0	0	0	0	0	0	0	0	0	1	0	0	2	0	0	2	1	33.33941924582786	41.14653011913431
1	0	0	0	0	0	0	0	1	0	1	0	0	0	0	0	0	0	0	2	2	34.3468587382787	41.14653011913431
1	1	0	1	0	0	0	0	0	0	1	0	0	0	0	0	1	0	1	3	3	37.71624876362128	41.14653011913431
0	1	0	0	0	0	0	3	0	0	1	0	0	0	0	0	2	0	1	0	4	39.542072585665466	41.14653011913431
2	0	0	1	0	0	0	0	0	0	1	0	1	0	0	1	1	1	1	0	5	40.23149265579561	41.14653011913431
1	0	1	1	0	0	1	1	0	0	0	0	0	0	0	1	3	0	3	2	6	44.57852415278724	41.14653011913431
3	2	0	0	0	0	4	3	0	2	0	1	0	0	0	0	0	0	0	2	7	44.29990684021035	41.14653011913431
0	0	0	0	0	1	1	2	0	0	0	3	0	0	0	0	0	0	1	2	8	44.4999136301567	41.14653011913431
0	0	0	0	0	0	1	0	0	0	0	0	0	2	1	3	1	0	2	0	9	45.30276161976549	41.14653011913431
1	0	3	0	0	0	0	1	0	0	2	1	1	0	0	0	3	0	1	3	10	39.788156855769856	41.14653011913431
0	2	1	3	0	1	0	2	0	0	0	2	0	1	0	0	2	1	0	1	11	44.32320522755079	41.14653011913431
3	5	7	7	0	3	2	6	1	2	8	1	2	4	0	4	5	2	4	6	12	57.13313962988413	41.14653011913431
3	3	3	5	0	8	3	3	1	1	4	6	1	3	1	5	3	1	5	6	13	60.01808318120891	41.14653011913431
0	0	2	0	0	1	0	0	0	0	1	0	0	3	0	1	1	0	1	0	14	33.62457309071437	41.14653011913431
3	2	0	0	0	1	1	0	0	1	0	0	0	1	2	0	1	1	1	0	15	34.300036278528616	41.14653011913431
2	2	0	0	0	0	0	1	0	0	2	0	0	0	0	2	1	0	1	0	16	36.24375639414009	41.14653011913431
0	0	0	2	0	1	0	1	0	0	0	0	0	3	0	1	1	0	0	0	17	35.83979176569523	41.14653011913431
1	0	0	0	0	1	1	0	0	0	0	2	0	1	0	0	0	0	0	1	0	35.50960148881684	41.14653011913431
2	0	0	0	0	0	0	0	0	0	0	0	0	1	0	0	2	0	0	2	1	33.33941924582786	41.14653011913431
1	0	0	0	0	0	0	0	1	0	1	0	0	0	0	0	0	0	0	2	2	34.3468587382787	41.14653011913431
1	1	0	1	0	0	0	0	0	0	1	0	0	0	0	0	1	0	1	3	3	37.71624876362128	41.14653011913431
0	1	0	0	0	0	0	3	0	0	1	0	0	0	0	0	2	0	1	0	4	39.542072585665466	41.14653011913431
2	0	0	1	0	0	0	0	0	0	1	0	1	0	0	1	1	1	1	0	5	40.23149265579561	41.14653011913431
1	0	1	1	0	0	1	1	0	0	0	0	0	0	0	1	3	0	3	2	6	44.57852415278724	41.14653011913431
3	2	0	0	0	0	4	3	0	2	0	1	0	0	0	0	0	0	0	2	7	44.29990684021035	41.14653011913431
0	0	0	0	0	1	1	2	0	0	0	3	0	0	0	0	0	0	1	2	8	44.4999136301567	41.14653011913431
0	0	0	0	0	0	1	0	0	0	0	0	0	2	1	3	1	0	2	0	9	45.30276161976549	41.14653011913431
1	0	3	0	0	0	0	1	0	0	2	1	1	0	0	0	3	0	1	3	10	39.788156855769856	41.14653011913431
0	2	1	3	0	1	0	2	0	0	0	2	0	1	0	0	2	1	0	1	11	44.32320522755079	41.14653011913431
3	5	7	7	0	3	2	6	1	2	8	1	2	4	0	4	5	2	4	6	12	57.13313962988413	41.14653011913431
3	3	3	5	0	8	3	3	1	1	4	6	1	3	1	5	3	1	5	6	13	60.01808318120891	41.14653011913431
0	0	2	0	0	1	0	0	0	0	1	0	0	3	0	1	1	0	1	0	14	33.62457309071437	41.14653011913431
3	2	0	0	0	1	1	0	0	1	0	0	0	1	2	0	1	1	1	0	15	34.300036278528616	41.14653011913431
2	2	0	0	0	0	0	1	0	0	2	0	0	0	0	2	1	0	1	0	16	36.24375639414009	41.14653011913431
0	0	0	2	0	1	0	1	0	0	0	0	0	3	0	1	1	0	0	0	17	35.83979176569523	41.14653011913431
