0	3	0	0	1	0	0	0	0	0	1	0	0	0	0	0	1	0	0	0	0	NaN	NaN
0	0	0	0	0	0	0	0	1	0	1	0	0	1	0	0	0	0	1	0	1	NaN	NaN
1	1	0	0	0	0	0	1	0	0	2	0	0	1	0	0	0	0	0	0	2	NaN	NaN
0	0	0	0	0	0	0	0	0	1	1	0	0	0	0	0	0	0	1	0	3	NaN	NaN
0	1	0	0	0	0	0	1	0	1	1	1	0	0	0	0	0	0	0	0	4	NaN	NaN
0	0	0	0	0	0	0	0	0	0	0	0	0	1	0	0	1	0	0	1	5	NaN	NaN
2	0	0	0	0	0	0	0	0	1	1	0	0	0	0	0	0	0	0	1	6	NaN	NaN
0	0	0	0	0	0	0	0	0	2	0	0	0	0	0	0	1	0	0	1	7	NaN	NaN
0	0	0	0	0	0	1	0	1	1	1	0	0	0	0	0	0	0	0	0	8	NaN	NaN
0	0	0	0	0	1	0	0	0	1	0	0	0	0	0	0	0	0	0	0	9	NaN	NaN
0	1	0	0	0	1	0	1	0	0	0	0	0	1	0	0	0	0	0	1	10	NaN	NaN
0	0	0	1	0	0	0	0	0	0	1	0	0	1	0	0	1	0	0	0	11	NaN	NaN
0	3	0	0	1	0	0	0	0	0	1	0	0	0	0	0	1	0	0	0	0	NaN	NaN
0	0	0	0	0	0	0	0	1	0	1	0	0	1	0	0	0	0	1	0	1	NaN	NaN
1	1	0	0	0	0	0	1	0	0	2	0	0	1	0	0	0	0	0	0	2	NaN	NaN
0	0	0	0	0	0	0	0	0	1	1	0	0	0	0	0	0	0	1	0	3	NaN	NaN
0	1	0	0	0	0	0	1	0	1	1	1	0	0	0	0	0	0	0	0	4	NaN	NaN
0	0	0	0	0	0	0	0	0	0	0	0	0	1	0	0	1	0	0	1	5	NaN	NaN
2	0	0	0	0	0	0	0	0	1	1	0	0	0	0	0	0	0	0	1	6	NaN	NaN
0	0	0	0	0	0	0	0	0	2	0	0	0	0	0	0	1	0	0	1	7	NaN	NaN
0	0	0	0	0	0	1	0	1	1	1	0	0	0	0	0	0	0	0	0	8	NaN	NaN
0	0	0	0	0	1	0	0	0	1	0	0	0	0	0	0	0	0	0	0	9	NaN	NaN
0	1	0	0	0	1	0	1	0	0	0	0	0	1	0	0	0	0	0	1	10	NaN	NaN
0	0	0	1	0	0	0	0	0	0	1	0	0	1	0	0	1	0	0	0	11	NaN	NaN
0	3	0	0	1	0	0	0	0	0	1	0	0	0	0	0	1	0	0	0	0	NaN	NaN
0	0	0	0	0	0	0	0	1	0	1	0	0	1	0	0	0	0	1	0	1	NaN	NaN
0	1	0	0	0	1	0	1	0	0	0	0	0	1	0	0	0	0	0	1	2	NaN	NaN
1	1	0	0	0	0	0	1	0	0	2	0	0	1	0	0	0	0	0	0	3	NaN	NaN
0	0	0	0	0	0	0	0	0	1	1	0	0	0	0	0	0	0	1	0	4	NaN	NaN
0	1	0	0	0	0	0	1	0	1	1	1	0	0	0	0	0	0	0	0	5	NaN	NaN
0	0	0	0	0	0	0	0	0	0	0	0	0	1	0	0	1	0	0	1	6	NaN	NaN
2	0	0	0	0	0	0	0	0	1	1	0	0	0	0	0	0	0	0	1	7	NaN	NaN
0	0	0	0	0	0	0	0	0	2	0	0	0	0	0	0	1	0	0	1	8	NaN	NaN
0	0	0	0	0	0	1	0	1	1	1	0	0	0	0	0	0	0	0	0	9	NaN	NaN
0	0	0	0	0	1	0	0	0	1	0	0	0	0	0	0	0	0	0	0	10	NaN	NaN
0	0	0	1	0	0	0	0	0	0	1	0	0	1	0	0	1	0	0	0	11	NaN	NaN
0	3	0	0	1	0	0	0	0	0	1	0	0	0	0	0	1	0	0	0	0	37.614195495176986	39.84786857720987
0	0	0	0	0	0	0	0	1	0	1	0	0	1	0	0	0	0	1	0	1	39.422930416200174	39.84786857720987
0	1	0	0	0	1	0	1	0	0	0	0	0	1	0	0	0	0	0	1	2	49.95612718892963	39.84786857720987
1	1	0	0	0	0	0	1	0	0	2	0	0	1	0	0	0	0	0	0	3	49.779298094693836	39.84786857720987
0	0	0	0	0	0	0	0	0	1	1	0	0	0	0	0	0	0	1	0	4	40.069918650064785	39.84786857720987
0	1	0	0	0	0	0	1	0	1	1	1	0	0	0	0	0	0	0	0	5	47.79528141661453	39.84786857720987
0	0	0	0	0	0	0	0	0	0	0	0	0	1	0	0	1	0	0	1	6	35.273427820947624	39.84786857720987
2	0	0	0	0	0	0	0	0	1	1	0	0	0	0	0	0	0	0	1	7	35.61530900397835	39.84786857720987
0	0	0	0	0	0	0	0	0	2	0	0	0	0	0	0	1	0	0	1	8	25.621532180080255	39.84786857720987
0	0	0	0	0	0	1	0	1	1	1	0	0	0	0	0	0	0	0	0	9	39.676397388861716	39.84786857720987
0	0	0	0	0	1	0	0	0	1	0	0	0	0	0	0	0	0	0	0	10	42.200993869009736	39.84786857720987
0	0	0	1	0	0	0	0	0	0	1	0	0	1	0	0	1	0	0	0	11	35.14901140196079	39.84786857720987
0	3	0	0	1	0	0	0	0	0	1	0	0	0	0	0	1	0	0	0	0	37.614195495176986	39.84786857720987
0	0	0	0	0	0	0	0	1	0	1	0	0	1	0	0	0	0	1	0	1	39.422930416200174	39.84786857720987
0	1	0	0	0	1	0	1	0	0	0	0	0	1	0	0	0	0	0	1	2	49.95612718892963	39.84786857720987
1	1	0	0	0	0	0	1	0	0	2	0	0	1	0	0	0	0	0	0	3	49.779298094693836	39.84786857720987
0	0	0	0	0	0	0	0	0	1	1	0	0	0	0	0	0	0	1	0	4	40.069918650064785	39.84786857720987
0	1	0	0	0	0	0	1	0	1	1	1	0	0	0	0	0	0	0	0	5	47.79528141661453	39.84786857720987
0	0	0	0	0	0	0	0	0	0	0	0	0	1	0	0	1	0	0	1	6	35.273427820947624	39.84786857720987
2	0	0	0	0	0	0	0	0	1	1	0	0	0	0	0	0	0	0	1	7	35.61530900397835	39.84786857720987
0	0	0	0	0	0	0	0	0	2	0	0	0	0	0	0	1	0	0	1	8	25.621532180080255	39.84786857720987
0	0	0	0	0	0	1	0	1	1	1	0	0	0	0	0	0	0	0	0	9	39.676397388861716	39.84786857720987
0	0	0	0	0	1	0	0	0	1	0	0	0	0	0	0	0	0	0	0	10	42.200993869009736	39.84786857720987
0	0	0	1	0	0	0	0	0	0	1	0	0	1	0	0	1	0	0	0	11	35.14901140196079	39.84786857720987
