10	3	2	3	0	1	4	9	1	3	14	3	1	5	1	7	7	3	3	9	0	NaN	NaN
8	5	0	5	0	3	2	12	3	6	12	2	0	3	2	8	5	1	5	10	1	NaN	NaN
1	0	2	0	0	2	0	0	1	1	0	1	0	0	0	4	0	0	1	2	2	NaN	NaN
1	3	1	0	0	0	1	1	0	2	2	0	0	1	0	1	0	0	0	1	3	NaN	NaN
10	3	2	3	0	1	4	9	1	3	14	3	1	5	1	7	7	3	3	9	0	NaN	NaN
8	5	0	5	0	3	2	12	3	6	12	2	0	3	2	8	5	1	5	10	1	NaN	NaN
1	0	2	0	0	2	0	0	1	1	0	1	0	0	0	4	0	0	1	2	2	NaN	NaN
1	3	1	0	0	0	1	1	0	2	2	0	0	1	0	1	0	0	0	1	3	NaN	NaN
10	3	2	3	0	1	4	9	1	3	14	3	1	5	1	7	7	3	3	9	0	NaN	NaN
8	5	0	5	0	3	2	12	3	6	12	2	0	3	2	8	5	1	5	10	1	NaN	NaN
1	3	1	0	0	0	1	1	0	2	2	0	0	1	0	1	0	0	0	1	2	NaN	NaN
1	0	2	0	0	2	0	0	1	1	0	1	0	0	0	4	0	0	1	2	3	NaN	NaN
0	0	0	2	0	1	1	1	0	1	2	1	0	1	0	0	2	0	0	3	0	29.547897449186326	38.30600602198157
0	0	0	0	0	1	0	2	0	0	1	1	0	0	2	3	1	0	2	2	1	36.37359166479251	38.30600602198157
1	0	0	0	0	0	1	4	0	0	2	0	0	2	0	2	1	0	0	1	2	34.263819010737876	38.30600602198157
1	2	0	0	0	0	0	1	0	2	2	0	0	1	1	3	0	0	0	1	3	27.947355256992058	38.30600602198157
1	0	1	1	0	0	1	1	0	0	6	0	0	0	1	2	1	1	0	2	4	30.614586934897712	38.30600602198157
5	2	1	1	0	0	0	6	1	0	3	0	0	1	0	3	2	1	0	2	5	42.94894641094925	38.30600602198157
3	0	1	1	0	0	1	3	0	0	3	2	1	1	0	2	3	0	1	2	6	41.15797175454026	38.30600602198157
2	1	1	2	0	0	1	2	1	1	4	1	1	1	2	1	1	0	0	1	7	44.455243226474934	38.30600602198157
4	1	1	3	0	0	0	1	0	1	0	1	2	1	0	0	0	1	1	4	8	49.52712886609818	38.30600602198157
3	1	0	2	0	1	0	1	1	2	1	1	0	0	1	1	2	0	2	2	9	45.63842921599183	38.30600602198157
1	1	0	0	0	0	0	1	0	0	2	0	0	0	0	1	1	0	2	0	10	46.02597114468281	38.30600602198157
0	1	0	1	0	0	1	2	1	0	0	0	0	1	0	0	1	0	1	1	11	43.97622210750138	38.30600602198157
1	3	1	0	0	1	1	1	0	2	2	0	0	1	0	2	0	0	0	1	12	33.94974167597617	38.30600602198157
1	1	2	0	0	2	0	0	1	1	0	1	0	0	0	4	0	0	1	2	13	29.857179588920808	38.30600602198157
10	3	2	3	0	1	4	9	1	3	14	3	1	5	1	7	7	3	3	9	0	70.6136372059069	45.05662660166962
8	5	0	5	0	3	2	12	3	6	12	2	0	3	2	8	5	1	5	10	1	63.102060821423876	45.05662660166962
1	3	1	0	0	0	1	1	0	2	2	0	0	1	0	1	0	0	0	1	2	22.965635594603377	45.05662660166962
1	0	2	0	0	2	0	0	1	1	0	1	0	0	0	4	0	0	1	2	3	23.545172784744338	45.05662660166962
10	3	2	3	0	1	4	9	1	3	14	3	1	5	1	7	7	3	3	9	0	70.6136372059069	45.05662660166962
8	5	0	5	0	3	2	12	3	6	12	2	0	3	2	8	5	1	5	10	1	63.102060821423876	45.05662660166962
1	3	1	0	0	0	1	1	0	2	2	0	0	1	0	1	0	0	0	1	2	22.965635594603377	45.05662660166962
1	0	2	0	0	2	0	0	1	1	0	1	0	0	0	4	0	0	1	2	3	23.545172784744338	45.05662660166962
0	0	0	2	0	1	1	1	0	1	2	1	0	1	0	0	2	0	0	3	0	29.547897449186326	38.30600602198157
0	0	0	0	0	1	0	2	0	0	1	1	0	0	2	3	1	0	2	2	1	36.37359166479251	38.30600602198157
1	0	0	0	0	0	1	4	0	0	2	0	0	2	0	2	1	0	0	1	2	34.263819010737876	38.30600602198157
1	2	0	0	0	0	0	1	0	2	2	0	0	1	1	3	0	0	0	1	3	27.947355256992058	38.30600602198157
1	0	1	1	0	0	1	1	0	0	6	0	0	0	1	2	1	1	0	2	4	30.614586934897712	38.30600602198157
5	2	1	1	0	0	0	6	1	0	3	0	0	1	0	3	2	1	0	2	5	42.94894641094925	38.30600602198157
3	0	1	1	0	0	1	3	0	0	3	2	1	1	0	2	3	0	1	2	6	41.15797175454026	38.30600602198157
2	1	1	2	0	0	1	2	1	1	4	1	1	1	2	1	1	0	0	1	7	44.455243226474934	38.30600602198157
4	1	1	3	0	0	0	1	0	1	0	1	2	1	0	0	0	1	1	4	8	49.52712886609818	38.30600602198157
3	1	0	2	0	1	0	1	1	2	1	1	0	0	1	1	2	0	2	2	9	45.63842921599183	38.30600602198157
1	1	0	0	0	0	0	1	0	0	2	0	0	0	0	1	1	0	2	0	10	46.02597114468281	38.30600602198157
0	1	0	1	0	0	1	2	1	0	0	0	0	1	0	0	1	0	1	1	11	43.97622210750138	38.30600602198157
1	3	1	0	0	1	1	1	0	2	2	0	0	1	0	2	0	0	0	1	12	33.94974167597617	38.30600602198157
1	1	2	0	0	2	0	0	1	1	0	1	0	0	0	4	0	0	1	2	13	29.857179588920808	38.30600602198157
0	0	0	2	0	1	1	1	0	1	2	1	0	1	0	0	2	0	0	3	0	29.547897449186326	38.30600602198157
0	0	0	0	0	1	0	2	0	0	1	1	0	0	2	3	1	0	2	2	1	36.37359166479251	38.30600602198157
1	0	0	0	0	0	1	4	0	0	2	0	0	2	0	2	1	0	0	1	2	34.263819010737876	38.30600602198157
1	2	0	0	0	0	0	1	0	2	2	0	0	1	1	3	0	0	0	1	3	27.947355256992058	38.30600602198157
1	0	1	1	0	0	1	1	0	0	6	0	0	0	1	2	1	1	0	2	4	30.614586934897712	38.30600602198157
5	2	1	1	0	0	0	6	1	0	3	0	0	1	0	3	2	1	0	2	5	42.94894641094925	38.30600602198157
3	0	1	1	0	0	1	3	0	0	3	2	1	1	0	2	3	0	1	2	6	41.15797175454026	38.30600602198157
2	1	1	2	0	0	1	2	1	1	4	1	1	1	2	1	1	0	0	1	7	44.455243226474934	38.30600602198157
4	1	1	3	0	0	0	1	0	1	0	1	2	1	0	0	0	1	1	4	8	49.52712886609818	38.30600602198157
3	1	0	2	0	1	0	1	1	2	1	1	0	0	1	1	2	0	2	2	9	45.63842921599183	38.30600602198157
1	1	0	0	0	0	0	1	0	0	2	0	0	0	0	1	1	0	2	0	10	46.02597114468281	38.30600602198157
0	1	0	1	0	0	1	2	1	0	0	0	0	1	0	0	1	0	1	1	11	43.97622210750138	38.30600602198157
1	3	1	0	0	1	1	1	0	2	2	0	0	1	0	2	0	0	0	1	12	33.94974167597617	38.30600602198157
1	1	2	0	0	2	0	0	1	1	0	1	0	0	0	4	0	0	1	2	13	29.857179588920808	38.30600602198157
10	3	2	3	0	1	4	9	1	3	14	3	1	5	1	7	7	3	3	9	0	70.6136372059069	45.05662660166962
8	5	0	5	0	3	2	12	3	6	12	2	0	3	2	8	5	1	5	10	1	63.102060821423876	45.05662660166962
1	3	1	0	0	0	1	1	0	2	2	0	0	1	0	1	0	0	0	1	2	22.965635594603377	45.05662660166962
1	0	2	0	0	2	0	0	1	1	0	1	0	0	0	4	0	0	1	2	3	23.545172784744338	45.05662660166962
10	3	2	3	0	1	4	9	1	3	14	3	1	5	1	7	7	3	3	9	0	70.6136372059069	45.05662660166962
8	5	0	5	0	3	2	12	3	6	12	2	0	3	2	8	5	1	5	10	1	63.102060821423876	45.05662660166962
1	3	1	0	0	0	1	1	0	2	2	0	0	1	0	1	0	0	0	1	2	22.965635594603377	45.05662660166962
1	0	2	0	0	2	0	0	1	1	0	1	0	0	0	4	0	0	1	2	3	23.545172784744338	45.05662660166962
