0	0	3	0	0	1	0	1	0	0	1	0	0	1	0	2	0	0	1	1	0	NaN	NaN
1	0	1	0	0	1	0	1	1	0	3	0	0	0	0	1	0	0	2	0	1	NaN	NaN
0	1	2	1	0	0	0	0	0	0	1	0	0	0	0	1	2	1	1	0	2	NaN	NaN
0	1	1	1	0	1	1	0	1	1	1	0	0	0	0	0	1	2	0	0	3	NaN	NaN
0	1	0	1	0	0	0	2	0	0	2	0	0	0	0	0	1	0	0	0	4	NaN	NaN
1	1	0	0	0	1	0	1	0	0	1	0	0	1	0	0	0	0	0	0	5	NaN	NaN
1	1	0	0	0	0	1	1	0	1	0	0	0	0	0	1	1	0	2	0	6	NaN	NaN
0	0	0	0	0	1	0	0	1	0	2	0	0	2	0	1	1	0	0	0	7	NaN	NaN
0	0	0	0	0	1	0	2	0	1	1	0	0	0	0	0	1	0	1	0	8	NaN	NaN
1	1	2	0	0	0	0	2	0	1	0	1	1	2	0	0	0	0	0	0	9	NaN	NaN
2	0	1	1	0	1	0	0	0	0	1	0	1	0	0	2	1	0	0	1	10	NaN	NaN
0	1	1	1	0	1	0	1	1	0	1	0	0	1	0	1	0	0	1	1	11	NaN	NaN
0	1	0	0	0	0	0	1	0	0	1	0	0	0	0	0	0	0	2	1	12	NaN	NaN
0	1	0	0	0	3	0	1	0	0	2	1	0	0	0	0	2	0	0	1	13	NaN	NaN
0	0	0	0	0	1	0	1	1	0	2	0	0	0	0	2	2	0	1	0	14	NaN	NaN
1	0	1	1	0	2	1	1	0	0	1	0	0	1	0	0	1	0	0	0	15	NaN	NaN
0	0	0	0	0	0	0	0	0	0	2	0	0	0	0	2	2	1	1	0	16	NaN	NaN
1	0	2	1	0	1	0	0	0	1	2	0	1	0	0	0	0	0	0	1	17	NaN	NaN
0	0	0	1	0	0	0	0	1	0	1	0	1	0	0	2	0	0	1	0	18	NaN	NaN
1	0	1	0	0	0	0	2	0	0	2	0	0	0	0	0	2	0	1	1	19	NaN	NaN
0	0	0	0	0	1	0	1	0	0	0	0	0	0	0	2	1	0	2	1	20	NaN	NaN
1	0	1	0	0	0	0	1	0	0	1	0	0	0	0	1	2	0	1	0	21	NaN	NaN
1	0	2	0	0	0	0	1	0	1	0	0	0	0	0	1	0	0	1	0	22	NaN	NaN
0	0	0	0	0	1	0	2	0	0	1	1	0	0	0	1	0	0	2	1	23	NaN	NaN
0	0	3	0	0	1	0	1	0	0	1	0	0	1	0	2	0	0	1	1	0	NaN	NaN
1	0	1	0	0	1	0	1	1	0	3	0	0	0	0	1	0	0	2	0	1	NaN	NaN
0	1	2	1	0	0	0	0	0	0	1	0	0	0	0	1	2	1	1	0	2	NaN	NaN
0	1	1	1	0	1	1	0	1	1	1	0	0	0	0	0	1	2	0	0	3	NaN	NaN
0	1	0	1	0	0	0	2	0	0	2	0	0	0	0	0	1	0	0	0	4	NaN	NaN
1	1	0	0	0	1	0	1	0	0	1	0	0	1	0	0	0	0	0	0	5	NaN	NaN
1	1	0	0	0	0	1	1	0	1	0	0	0	0	0	1	1	0	2	0	6	NaN	NaN
0	0	0	0	0	1	0	0	1	0	2	0	0	2	0	1	1	0	0	0	7	NaN	NaN
0	0	0	0	0	1	0	2	0	1	1	0	0	0	0	0	1	0	1	0	8	NaN	NaN
1	1	2	0	0	0	0	2	0	1	0	1	1	2	0	0	0	0	0	0	9	NaN	NaN
2	0	1	1	0	1	0	0	0	0	1	0	1	0	0	2	1	0	0	1	10	NaN	NaN
0	1	1	1	0	1	0	1	1	0	1	0	0	1	0	1	0	0	1	1	11	NaN	NaN
0	1	0	0	0	0	0	1	0	0	1	0	0	0	0	0	0	0	2	1	12	NaN	NaN
0	1	0	0	0	3	0	1	0	0	2	1	0	0	0	0	2	0	0	1	13	NaN	NaN
0	0	0	0	0	1	0	1	1	0	2	0	0	0	0	2	2	0	1	0	14	NaN	NaN
1	0	1	1	0	2	1	1	0	0	1	0	0	1	0	0	1	0	0	0	15	NaN	NaN
0	0	0	0	0	0	0	0	0	0	2	0	0	0	0	2	2	1	1	0	16	NaN	NaN
1	0	2	1	0	1	0	0	0	1	2	0	1	0	0	0	0	0	0	1	17	NaN	NaN
0	0	0	1	0	0	0	0	1	0	1	0	1	0	0	2	0	0	1	0	18	NaN	NaN
1	0	1	0	0	0	0	2	0	0	2	0	0	0	0	0	2	0	1	1	19	NaN	NaN
0	0	0	0	0	1	0	1	0	0	0	0	0	0	0	2	1	0	2	1	20	NaN	NaN
1	0	1	0	0	0	0	1	0	0	1	0	0	0	0	1	2	0	1	0	21	NaN	NaN
1	0	2	0	0	0	0	1	0	1	0	0	0	0	0	1	0	0	1	0	22	NaN	NaN
0	0	0	0	0	1	0	2	0	0	1	1	0	0	0	1	0	0	2	1	23	NaN	NaN
0	0	3	0	0	1	0	1	0	0	1	0	0	1	0	2	0	0	1	1	0	NaN	NaN
0	0	0	0	0	1	0	2	0	0	1	1	0	0	0	1	0	0	2	1	1	NaN	NaN
1	0	2	0	0	0	0	1	0	1	0	0	0	0	0	1	0	0	1	0	2	NaN	NaN
1	0	1	0	0	0	0	1	0	0	1	0	0	0	0	1	2	0	1	0	3	NaN	NaN
0	0	0	0	0	1	0	1	0	0	0	0	0	0	0	2	1	0	2	1	4	NaN	NaN
1	0	1	0	0	0	0	2	0	0	2	0	0	0	0	0	2	0	1	1	5	NaN	NaN
0	0	0	1	0	0	0	0	1	0	1	0	1	0	0	2	0	0	1	0	6	NaN	NaN
1	0	2	1	0	1	0	0	0	1	2	0	1	0	0	0	0	0	0	1	7	NaN	NaN
0	0	0	0	0	0	0	0	0	0	2	0	0	0	0	2	2	1	1	0	8	NaN	NaN
1	0	1	1	0	2	1	1	0	0	1	0	0	1	0	0	1	0	0	0	9	NaN	NaN
0	0	0	0	0	1	0	1	1	0	2	0	0	0	0	2	2	0	1	0	10	NaN	NaN
0	1	0	0	0	3	0	1	0	0	2	1	0	0	0	0	2	0	0	1	11	NaN	NaN
0	1	1	1	0	1	0	1	1	0	1	0	0	1	0	1	0	0	1	1	12	NaN	NaN
0	1	0	0	0	0	0	1	0	0	1	0	0	0	0	0	0	0	2	1	13	NaN	NaN
1	1	2	0	0	0	0	2	0	1	0	1	1	2	0	0	0	0	0	0	14	NaN	NaN
2	0	1	1	0	1	0	0	0	0	1	0	1	0	0	2	1	0	0	1	15	NaN	NaN
0	0	0	0	0	1	0	2	0	1	1	0	0	0	0	0	1	0	1	0	16	NaN	NaN
0	0	0	0	0	1	0	0	1	0	2	0	0	2	0	1	1	0	0	0	17	NaN	NaN
1	1	0	0	0	0	1	1	0	1	0	0	0	0	0	1	1	0	2	0	18	NaN	NaN
1	1	0	0	0	1	0	1	0	0	1	0	0	1	0	0	0	0	0	0	19	NaN	NaN
0	1	0	1	0	0	0	2	0	0	2	0	0	0	0	0	1	0	0	0	20	NaN	NaN
0	1	1	1	0	1	1	0	1	1	1	0	0	0	0	0	1	2	0	0	21	NaN	NaN
0	1	2	1	0	0	0	0	0	0	1	0	0	0	0	1	2	1	1	0	22	NaN	NaN
1	0	1	0	0	1	0	1	1	0	3	0	0	0	0	1	0	0	2	0	23	NaN	NaN
0	0	3	0	0	0	0	1	0	0	1	0	0	1	0	2	0	0	1	0	0	45.46520486173268	39.60348944609681
1	0	1	0	0	1	0	1	1	0	2	0	0	0	0	1	0	0	2	0	1	46.09023374814257	39.60348944609681
0	1	2	1	0	0	0	0	0	0	1	0	0	0	0	1	2	1	1	0	2	43.86910253456214	39.60348944609681
0	1	1	1	0	1	1	0	1	1	1	0	0	0	0	0	1	2	0	0	3	46.20401510033779	39.60348944609681
0	1	0	0	0	0	0	1	0	0	2	0	0	0	0	0	1	0	0	0	4	39.4267743181165	39.60348944609681
2	0	0	0	0	1	0	1	0	0	1	0	0	0	0	0	0	0	0	0	5	40.246820616604595	39.60348944609681
1	0	0	0	0	0	0	1	0	1	0	0	0	0	0	1	1	0	1	0	6	38.74378569320277	39.60348944609681
0	1	0	0	0	1	0	1	1	0	2	0	0	2	0	1	1	0	0	0	7	39.854035381034095	39.60348944609681
0	0	0	0	0	1	0	2	0	1	0	0	0	0	0	0	2	1	1	0	8	39.93107329711382	39.60348944609681
1	1	1	0	0	0	0	2	0	1	0	1	0	2	0	0	0	0	1	0	9	38.91320941603635	39.60348944609681
1	0	1	1	0	1	0	0	0	0	1	0	1	0	0	2	1	0	0	1	10	38.16029659589275	39.60348944609681
0	1	1	1	0	1	0	1	0	0	1	0	0	1	0	1	0	0	1	1	11	35.709457719389256	39.60348944609681
0	1	0	0	0	1	0	1	0	0	1	0	0	0	0	1	0	0	2	1	12	35.037914557890275	39.60348944609681
0	0	0	0	0	1	0	1	0	0	2	1	0	0	0	0	2	0	0	1	13	35.85283468067753	39.60348944609681
0	0	0	0	0	1	0	1	1	0	2	0	0	0	0	3	1	0	1	0	14	36.90036384278727	39.60348944609681
1	0	1	0	0	2	1	1	0	0	1	0	0	1	0	0	1	0	0	0	15	36.428652049537824	39.60348944609681
0	0	0	0	0	0	0	0	0	0	2	0	0	0	0	2	2	1	1	0	16	36.792444289565644	39.60348944609681
1	0	2	0	0	1	0	0	0	0	2	0	1	0	0	0	0	0	0	1	17	35.68767858952625	39.60348944609681
0	0	0	1	0	0	0	0	1	0	0	0	1	0	0	2	0	0	1	0	18	32.64244137745157	39.60348944609681
1	0	0	0	0	0	0	2	0	0	2	0	0	0	0	0	1	0	1	1	19	41.71235923514724	39.60348944609681
0	0	0	0	0	1	0	1	0	0	1	0	0	0	0	2	1	0	2	1	20	38.75820456563278	39.60348944609681
1	0	1	0	0	0	0	1	0	0	1	0	0	0	0	1	2	0	2	0	21	39.794840551266844	39.60348944609681
1	0	2	0	0	0	0	2	0	1	0	0	0	0	0	1	0	0	1	0	22	43.28796412929435	39.60348944609681
0	0	0	0	0	0	0	3	0	0	1	0	0	0	0	1	0	0	2	1	23	44.974039555380486	39.60348944609681
0	0	3	0	0	1	0	1	0	0	1	0	0	1	0	2	0	0	1	1	0	45.52123213646873	40.828527406675825
0	0	0	0	0	1	0	2	0	0	1	1	0	0	0	1	0	0	2	1	1	43.60227988450771	40.828527406675825
1	0	2	0	0	0	0	1	0	1	0	0	0	0	0	1	0	0	1	0	2	43.53134636544971	40.828527406675825
1	0	1	0	0	0	0	1	0	0	1	0	0	0	0	1	2	0	1	0	3	40.80493354131227	40.828527406675825
0	0	0	0	0	1	0	1	0	0	0	0	0	0	0	2	1	0	2	1	4	40.10596529691157	40.828527406675825
1	0	1	0	0	0	0	2	0	0	2	0	0	0	0	0	2	0	1	1	5	42.48120290695075	40.828527406675825
0	0	0	1	0	0	0	0	1	0	1	0	1	0	0	2	0	0	1	0	6	34.98357953534018	40.828527406675825
1	0	2	1	0	1	0	0	0	1	2	0	1	0	0	0	0	0	0	1	7	36.93055285153599	40.828527406675825
0	0	0	0	0	0	0	0	0	0	2	0	0	0	0	2	2	1	1	0	8	37.19310663775309	40.828527406675825
1	0	1	1	0	2	1	1	0	0	1	0	0	1	0	0	1	0	0	0	9	36.62664756780951	40.828527406675825
0	0	0	0	0	1	0	1	1	0	2	0	0	0	0	2	2	0	1	0	10	36.034095497402674	40.828527406675825
0	1	0	0	0	3	0	1	0	0	2	1	0	0	0	0	2	0	0	1	11	39.88692791255703	40.828527406675825
0	1	1	1	0	1	0	1	1	0	1	0	0	1	0	1	0	0	1	1	12	36.18348069907946	40.828527406675825
0	1	0	0	0	0	0	1	0	0	1	0	0	0	0	0	0	0	2	1	13	34.94952437280587	40.828527406675825
1	1	2	0	0	0	0	2	0	1	0	1	1	2	0	0	0	0	0	0	14	40.33723916870013	40.828527406675825
2	0	1	1	0	1	0	0	0	0	1	0	1	0	0	2	1	0	0	1	15	37.491938000327714	40.828527406675825
0	0	0	0	0	1	0	2	0	1	1	0	0	0	0	0	1	0	1	0	16	36.702574300691076	40.828527406675825
0	0	0	0	0	1	0	0	1	0	2	0	0	2	0	1	1	0	0	0	17	35.4756988428509	40.828527406675825
1	1	0	0	0	0	1	1	0	1	0	0	0	0	0	1	1	0	2	0	18	43.76078358734274	40.828527406675825
1	1	0	0	0	1	0	1	0	0	1	0	0	1	0	0	0	0	0	0	19	51.56863694420543	40.828527406675825
0	1	0	1	0	0	0	2	0	0	2	0	0	0	0	0	1	0	0	0	20	50.34203375674746	40.828527406675825
0	1	1	1	0	1	1	0	1	1	1	0	0	0	0	0	1	2	0	0	21	45.2697128006875	40.828527406675825
0	1	2	1	0	0	0	0	0	0	1	0	0	0	0	1	2	1	1	0	22	43.61914018738019	40.828527406675825
1	0	1	0	0	1	0	1	1	0	3	0	0	0	0	1	0	0	2	0	23	46.482024965402246	40.828527406675825
