0	0	0	0	0	0	1	3	0	1	0	0	0	0	0	0	0	0	1	1	0	NaN	NaN
0	1	1	0	0	0	0	1	0	1	1	1	0	1	1	2	0	0	1	0	1	NaN	NaN
0	1	0	0	0	1	0	1	0	0	2	0	0	0	0	1	1	0	1	2	2	NaN	NaN
1	2	1	0	0	0	0	1	0	1	1	1	0	0	0	1	0	0	0	1	3	NaN	NaN
2	2	0	0	1	0	2	1	0	0	0	0	1	1	0	1	1	0	0	0	4	NaN	NaN
0	2	0	1	1	1	0	0	0	0	0	0	1	0	0	1	2	0	0	0	5	NaN	NaN
1	1	1	0	0	3	0	0	1	1	1	0	0	2	1	2	1	1	1	0	6	NaN	NaN
1	2	2	1	0	3	1	0	0	1	1	0	0	0	0	0	0	1	0	2	7	NaN	NaN
1	2	2	1	0	1	1	1	0	0	2	1	1	1	0	1	1	0	2	1	8	NaN	NaN
3	0	0	1	0	0	1	1	0	0	3	0	0	0	0	3	5	1	3	0	9	NaN	NaN
0	1	0	2	0	1	0	4	2	1	0	1	0	1	0	4	1	0	1	1	10	NaN	NaN
1	0	1	3	0	3	0	4	0	0	3	1	1	1	1	2	0	0	1	1	11	NaN	NaN
0	2	0	0	0	0	0	0	0	0	0	0	0	0	0	0	1	0	1	2	12	NaN	NaN
0	1	1	0	0	0	1	1	0	1	1	1	0	0	0	1	1	0	2	0	13	NaN	NaN
2	0	0	0	0	1	0	0	1	0	1	0	0	1	0	0	4	0	1	0	14	NaN	NaN
3	0	0	1	0	0	2	1	0	0	1	1	0	0	0	0	1	0	0	1	15	NaN	NaN
0	1	2	1	0	0	1	1	0	2	0	0	0	0	0	1	0	1	0	1	16	NaN	NaN
1	0	0	0	0	0	0	2	0	0	0	0	0	0	0	2	0	0	0	1	17	NaN	NaN
1	1	1	0	0	0	0	0	0	0	2	0	1	0	1	0	0	0	0	1	18	NaN	NaN
1	0	0	1	0	0	0	1	0	0	2	0	0	0	0	2	1	0	0	0	19	NaN	NaN
0	0	1	0	0	0	0	0	0	1	0	0	0	0	0	1	0	0	1	2	20	NaN	NaN
0	1	1	0	0	0	0	1	0	1	0	0	0	0	0	0	1	0	0	1	21	NaN	NaN
0	0	0	0	0	0	1	3	0	1	0	0	0	0	0	0	0	0	1	1	0	NaN	NaN
0	1	1	0	0	0	0	1	0	1	1	1	0	1	1	2	0	0	1	0	1	NaN	NaN
0	1	0	0	0	1	0	1	0	0	2	0	0	0	0	1	1	0	1	2	2	NaN	NaN
1	2	1	0	0	0	0	1	0	1	1	1	0	0	0	1	0	0	0	1	3	NaN	NaN
2	2	0	0	1	0	2	1	0	0	0	0	1	1	0	1	1	0	0	0	4	NaN	NaN
0	2	0	1	1	1	0	0	0	0	0	0	1	0	0	1	2	0	0	0	5	NaN	NaN
1	1	1	0	0	3	0	0	1	1	1	0	0	2	1	2	1	1	1	0	6	NaN	NaN
1	2	2	1	0	3	1	0	0	1	1	0	0	0	0	0	0	1	0	2	7	NaN	NaN
1	2	2	1	0	1	1	1	0	0	2	1	1	1	0	1	1	0	2	1	8	NaN	NaN
3	0	0	1	0	0	1	1	0	0	3	0	0	0	0	3	5	1	3	0	9	NaN	NaN
0	1	0	2	0	1	0	4	2	1	0	1	0	1	0	4	1	0	1	1	10	NaN	NaN
1	0	1	3	0	3	0	4	0	0	3	1	1	1	1	2	0	0	1	1	11	NaN	NaN
0	2	0	0	0	0	0	0	0	0	0	0	0	0	0	0	1	0	1	2	12	NaN	NaN
0	1	1	0	0	0	1	1	0	1	1	1	0	0	0	1	1	0	2	0	13	NaN	NaN
2	0	0	0	0	1	0	0	1	0	1	0	0	1	0	0	4	0	1	0	14	NaN	NaN
3	0	0	1	0	0	2	1	0	0	1	1	0	0	0	0	1	0	0	1	15	NaN	NaN
0	1	2	1	0	0	1	1	0	2	0	0	0	0	0	1	0	1	0	1	16	NaN	NaN
1	0	0	0	0	0	0	2	0	0	0	0	0	0	0	2	0	0	0	1	17	NaN	NaN
1	1	1	0	0	0	0	0	0	0	2	0	1	0	1	0	0	0	0	1	18	NaN	NaN
1	0	0	1	0	0	0	1	0	0	2	0	0	0	0	2	1	0	0	0	19	NaN	NaN
0	0	1	0	0	0	0	0	0	1	0	0	0	0	0	1	0	0	1	2	20	NaN	NaN
0	1	1	0	0	0	0	1	0	1	0	0	0	0	0	0	1	0	0	1	21	NaN	NaN
0	0	0	0	0	0	1	3	0	1	0	0	0	0	0	0	0	0	1	1	0	NaN	NaN
0	1	1	0	0	0	0	1	0	1	1	1	0	1	1	2	0	0	1	0	1	NaN	NaN
0	1	0	0	0	1	0	1	0	0	2	0	0	0	0	1	1	0	1	2	2	NaN	NaN
1	2	1	0	0	0	0	1	0	1	1	1	0	0	0	1	0	0	0	1	3	NaN	NaN
2	2	0	0	1	0	2	1	0	0	0	0	1	1	0	1	1	0	0	0	4	NaN	NaN
0	2	0	1	1	1	0	0	0	0	0	0	1	0	0	1	2	0	0	0	5	NaN	NaN
1	1	1	0	0	3	0	0	1	1	1	0	0	2	1	2	1	1	1	0	6	NaN	NaN
1	2	2	1	0	3	1	0	0	1	1	0	0	0	0	0	0	1	0	2	7	NaN	NaN
1	2	2	1	0	1	1	1	0	0	2	1	1	1	0	1	1	0	2	1	8	NaN	NaN
3	0	0	1	0	0	1	1	0	0	3	0	0	0	0	3	5	1	3	0	9	NaN	NaN
0	1	0	2	0	1	0	4	2	1	0	1	0	1	0	4	1	0	1	1	10	NaN	NaN
1	0	1	3	0	3	0	4	0	0	3	1	1	1	1	2	0	0	1	1	11	NaN	NaN
0	1	1	0	0	0	1	1	0	1	1	1	0	0	0	1	1	0	2	0	12	NaN	NaN
0	2	0	0	0	0	0	0	0	0	0	0	0	0	0	0	1	0	1	2	13	NaN	NaN
2	0	0	0	0	1	0	0	1	0	1	0	0	1	0	0	4	0	1	0	14	NaN	NaN
3	0	0	1	0	0	2	1	0	0	1	1	0	0	0	0	1	0	0	1	15	NaN	NaN
0	1	2	1	0	0	1	1	0	2	0	0	0	0	0	1	0	1	0	1	16	NaN	NaN
1	0	0	0	0	0	0	2	0	0	0	0	0	0	0	2	0	0	0	1	17	NaN	NaN
1	1	1	0	0	0	0	0	0	0	2	0	1	0	1	0	0	0	0	1	18	NaN	NaN
1	0	0	1	0	0	0	1	0	0	2	0	0	0	0	2	1	0	0	0	19	NaN	NaN
0	0	1	0	0	0	0	0	0	1	0	0	0	0	0	1	0	0	1	2	20	NaN	NaN
0	1	1	0	0	0	0	1	0	1	0	0	0	0	0	0	1	0	0	1	21	NaN	NaN
0	0	0	0	0	0	1	3	0	1	0	0	0	0	0	1	0	0	1	1	0	48.36978166493363	41.602612609819325
0	1	1	0	0	0	0	1	0	1	1	1	0	1	1	2	0	0	1	0	1	55.28699488840297	41.602612609819325
0	1	0	0	0	1	0	1	0	0	3	0	0	0	0	1	1	0	1	1	2	50.97509436023636	41.602612609819325
1	2	1	0	0	0	0	2	0	1	2	1	0	0	0	1	1	0	0	1	3	48.66432562711832	41.602612609819325
3	2	0	0	1	0	2	1	0	0	0	0	1	1	0	1	1	1	0	0	4	45.359876778349644	41.602612609819325
0	2	0	1	1	1	0	1	0	0	1	1	1	0	0	2	2	0	1	0	5	41.70681089340903	41.602612609819325
1	1	1	0	0	3	0	0	1	1	1	0	0	1	0	2	1	1	1	0	6	41.6797901771601	41.602612609819325
2	2	2	1	0	3	1	0	0	0	1	0	1	0	1	0	0	1	0	2	7	40.67053226419403	41.602612609819325
1	2	2	0	0	1	1	1	0	0	2	1	1	1	0	1	1	0	2	1	8	39.45459861659239	41.602612609819325
3	0	0	1	0	0	1	1	1	0	2	0	0	0	0	3	5	1	2	0	9	39.46357265834948	41.602612609819325
0	1	0	2	0	1	0	4	2	1	0	1	0	1	0	3	1	0	1	1	10	36.87403068357801	41.602612609819325
1	0	1	3	0	3	0	4	0	0	2	1	1	0	0	2	0	0	1	1	11	37.67935602699943	41.602612609819325
1	2	0	0	0	1	0	1	0	0	0	1	0	0	1	1	1	1	2	2	12	35.99523190994818	41.602612609819325
1	1	1	0	0	0	2	1	0	1	1	1	0	0	0	1	1	0	2	1	13	34.87589823026628	41.602612609819325
2	0	0	1	0	2	0	0	1	0	1	1	1	1	0	0	3	0	1	0	14	39.7772203525998	41.602612609819325
3	0	0	1	0	0	2	2	0	0	1	2	0	0	0	0	1	0	0	1	15	33.88636728302664	41.602612609819325
0	1	2	1	0	0	1	1	0	2	0	0	0	1	0	1	0	1	0	1	16	35.7991083195476	41.602612609819325
1	1	1	0	0	0	0	2	0	0	0	0	0	1	2	2	0	0	1	2	17	42.40082402855334	41.602612609819325
1	1	1	0	0	0	0	1	1	0	2	0	0	0	2	0	0	0	1	2	18	38.00143501551144	41.602612609819325
1	1	0	1	0	1	0	2	0	0	2	0	0	0	0	2	2	0	1	0	19	39.018884451336525	41.602612609819325
0	3	2	2	0	0	0	1	0	1	1	0	1	1	0	1	1	0	3	2	20	46.803637588961315	41.602612609819325
1	2	2	1	0	1	0	2	0	2	0	0	1	0	0	0	2	0	0	2	21	42.5141055969506	41.602612609819325
0	0	0	0	0	0	1	3	0	1	0	0	0	0	0	0	0	0	1	1	0	35.35008188161636	39.28192233279748
0	1	1	0	0	0	0	1	0	1	1	1	0	1	1	2	0	0	1	0	1	42.81448398749522	39.28192233279748
0	1	0	0	0	1	0	1	0	0	2	0	0	0	0	1	1	0	1	2	2	37.81460223444738	39.28192233279748
1	2	1	0	0	0	0	1	0	1	1	1	0	0	0	1	0	0	0	1	3	35.08944230393979	39.28192233279748
2	2	0	0	1	0	2	1	0	0	0	0	1	1	0	1	1	0	0	0	4	32.05963108542582	39.28192233279748
0	2	0	1	1	1	0	0	0	0	0	0	1	0	0	1	2	0	0	0	5	31.01329000547901	39.28192233279748
1	1	1	0	0	3	0	0	1	1	1	0	0	2	1	2	1	1	1	0	6	33.06677610263682	39.28192233279748
1	2	2	1	0	3	1	0	0	1	1	0	0	0	0	0	0	1	0	2	7	30.84094249012209	39.28192233279748
1	2	2	1	0	1	1	1	0	0	2	1	1	1	0	1	1	0	2	1	8	33.160315303571934	39.28192233279748
3	0	0	1	0	0	1	1	0	0	3	0	0	0	0	3	5	1	3	0	9	36.43508609666601	39.28192233279748
0	1	0	2	0	1	0	4	2	1	0	1	0	1	0	4	1	0	1	1	10	37.375284905394665	39.28192233279748
1	0	1	3	0	3	0	4	0	0	3	1	1	1	1	2	0	0	1	1	11	41.585838892979694	39.28192233279748
0	1	1	0	0	0	1	1	0	1	1	1	0	0	0	1	1	0	2	0	12	44.87468333095648	39.28192233279748
0	2	0	0	0	0	0	0	0	0	0	0	0	0	0	0	1	0	1	2	13	44.801445961002514	39.28192233279748
2	0	0	0	0	1	0	0	1	0	1	0	0	1	0	0	4	0	1	0	14	44.9991176017844	39.28192233279748
3	0	0	1	0	0	2	1	0	0	1	1	0	0	0	0	1	0	0	1	15	45.288401969334124	39.28192233279748
0	1	2	1	0	0	1	1	0	2	0	0	0	0	0	1	0	1	0	1	16	44.17483534896764	39.28192233279748
1	0	0	0	0	0	0	2	0	0	0	0	0	0	0	2	0	0	0	1	17	46.06025650249168	39.28192233279748
1	1	1	0	0	0	0	0	0	0	2	0	1	0	1	0	0	0	0	1	18	45.68639332159509	39.28192233279748
1	0	0	1	0	0	0	1	0	0	2	0	0	0	0	2	1	0	0	0	19	44.982926488783974	39.28192233279748
0	0	1	0	0	0	0	0	0	1	0	0	0	0	0	1	0	0	1	2	20	39.890282819866854	39.28192233279748
0	1	1	0	0	0	0	1	0	1	0	0	0	0	0	0	1	0	0	1	21	36.83817268698689	39.28192233279748
0	0	0	0	0	0	1	3	0	1	0	0	0	0	0	0	0	0	1	1	0	35.35008188161636	39.28192233279748
0	1	1	0	0	0	0	1	0	1	1	1	0	1	1	2	0	0	1	0	1	42.81448398749522	39.28192233279748
0	1	0	0	0	1	0	1	0	0	2	0	0	0	0	1	1	0	1	2	2	37.81460223444738	39.28192233279748
1	2	1	0	0	0	0	1	0	1	1	1	0	0	0	1	0	0	0	1	3	35.08944230393979	39.28192233279748
2	2	0	0	1	0	2	1	0	0	0	0	1	1	0	1	1	0	0	0	4	32.05963108542582	39.28192233279748
0	2	0	1	1	1	0	0	0	0	0	0	1	0	0	1	2	0	0	0	5	31.01329000547901	39.28192233279748
1	1	1	0	0	3	0	0	1	1	1	0	0	2	1	2	1	1	1	0	6	33.06677610263682	39.28192233279748
1	2	2	1	0	3	1	0	0	1	1	0	0	0	0	0	0	1	0	2	7	30.84094249012209	39.28192233279748
1	2	2	1	0	1	1	1	0	0	2	1	1	1	0	1	1	0	2	1	8	33.160315303571934	39.28192233279748
3	0	0	1	0	0	1	1	0	0	3	0	0	0	0	3	5	1	3	0	9	36.43508609666601	39.28192233279748
0	1	0	2	0	1	0	4	2	1	0	1	0	1	0	4	1	0	1	1	10	37.375284905394665	39.28192233279748
1	0	1	3	0	3	0	4	0	0	3	1	1	1	1	2	0	0	1	1	11	41.585838892979694	39.28192233279748
0	1	1	0	0	0	1	1	0	1	1	1	0	0	0	1	1	0	2	0	12	44.87468333095648	39.28192233279748
0	2	0	0	0	0	0	0	0	0	0	0	0	0	0	0	1	0	1	2	13	44.801445961002514	39.28192233279748
2	0	0	0	0	1	0	0	1	0	1	0	0	1	0	0	4	0	1	0	14	44.9991176017844	39.28192233279748
3	0	0	1	0	0	2	1	0	0	1	1	0	0	0	0	1	0	0	1	15	45.288401969334124	39.28192233279748
0	1	2	1	0	0	1	1	0	2	0	0	0	0	0	1	0	1	0	1	16	44.17483534896764	39.28192233279748
1	0	0	0	0	0	0	2	0	0	0	0	0	0	0	2	0	0	0	1	17	46.06025650249168	39.28192233279748
1	1	1	0	0	0	0	0	0	0	2	0	1	0	1	0	0	0	0	1	18	45.68639332159509	39.28192233279748
1	0	0	1	0	0	0	1	0	0	2	0	0	0	0	2	1	0	0	0	19	44.982926488783974	39.28192233279748
0	0	1	0	0	0	0	0	0	1	0	0	0	0	0	1	0	0	1	2	20	39.890282819866854	39.28192233279748
0	1	1	0	0	0	0	1	0	1	0	0	0	0	0	0	1	0	0	1	21	36.83817268698689	39.28192233279748
0	0	0	0	0	0	1	3	0	1	0	0	0	0	0	1	0	0	1	1	0	48.36978166493363	41.602612609819325
0	1	1	0	0	0	0	1	0	1	1	1	0	1	1	2	0	0	1	0	1	55.28699488840297	41.602612609819325
0	1	0	0	0	1	0	1	0	0	3	0	0	0	0	1	1	0	1	1	2	50.97509436023636	41.602612609819325
1	2	1	0	0	0	0	2	0	1	2	1	0	0	0	1	1	0	0	1	3	48.66432562711832	41.602612609819325
3	2	0	0	1	0	2	1	0	0	0	0	1	1	0	1	1	1	0	0	4	45.359876778349644	41.602612609819325
0	2	0	1	1	1	0	1	0	0	1	1	1	0	0	2	2	0	1	0	5	41.70681089340903	41.602612609819325
1	1	1	0	0	3	0	0	1	1	1	0	0	1	0	2	1	1	1	0	6	41.6797901771601	41.602612609819325
2	2	2	1	0	3	1	0	0	0	1	0	1	0	1	0	0	1	0	2	7	40.67053226419403	41.602612609819325
1	2	2	0	0	1	1	1	0	0	2	1	1	1	0	1	1	0	2	1	8	39.45459861659239	41.602612609819325
3	0	0	1	0	0	1	1	1	0	2	0	0	0	0	3	5	1	2	0	9	39.46357265834948	41.602612609819325
0	1	0	2	0	1	0	4	2	1	0	1	0	1	0	3	1	0	1	1	10	36.87403068357801	41.602612609819325
1	0	1	3	0	3	0	4	0	0	2	1	1	0	0	2	0	0	1	1	11	37.67935602699943	41.602612609819325
1	2	0	0	0	1	0	1	0	0	0	1	0	0	1	1	1	1	2	2	12	35.99523190994818	41.602612609819325
1	1	1	0	0	0	2	1	0	1	1	1	0	0	0	1	1	0	2	1	13	34.87589823026628	41.602612609819325
2	0	0	1	0	2	0	0	1	0	1	1	1	1	0	0	3	0	1	0	14	39.7772203525998	41.602612609819325
3	0	0	1	0	0	2	2	0	0	1	2	0	0	0	0	1	0	0	1	15	33.88636728302664	41.602612609819325
0	1	2	1	0	0	1	1	0	2	0	0	0	1	0	1	0	1	0	1	16	35.7991083195476	41.602612609819325
1	1	1	0	0	0	0	2	0	0	0	0	0	1	2	2	0	0	1	2	17	42.40082402855334	41.602612609819325
1	1	1	0	0	0	0	1	1	0	2	0	0	0	2	0	0	0	1	2	18	38.00143501551144	41.602612609819325
1	1	0	1	0	1	0	2	0	0	2	0	0	0	0	2	2	0	1	0	19	39.018884451336525	41.602612609819325
0	3	2	2	0	0	0	1	0	1	1	0	1	1	0	1	1	0	3	2	20	46.803637588961315	41.602612609819325
1	2	2	1	0	1	0	2	0	2	0	0	1	0	0	0	2	0	0	2	21	42.5141055969506	41.602612609819325
0	0	0	0	0	0	1	3	0	1	0	0	0	0	0	1	0	0	1	1	0	48.36978166493363	41.602612609819325
0	1	1	0	0	0	0	1	0	1	1	1	0	1	1	2	0	0	1	0	1	55.28699488840297	41.602612609819325
0	1	0	0	0	1	0	1	0	0	3	0	0	0	0	1	1	0	1	1	2	50.97509436023636	41.602612609819325
1	2	1	0	0	0	0	2	0	1	2	1	0	0	0	1	1	0	0	1	3	48.66432562711832	41.602612609819325
3	2	0	0	1	0	2	1	0	0	0	0	1	1	0	1	1	1	0	0	4	45.359876778349644	41.602612609819325
0	2	0	1	1	1	0	1	0	0	1	1	1	0	0	2	2	0	1	0	5	41.70681089340903	41.602612609819325
1	1	1	0	0	3	0	0	1	1	1	0	0	1	0	2	1	1	1	0	6	41.6797901771601	41.602612609819325
2	2	2	1	0	3	1	0	0	0	1	0	1	0	1	0	0	1	0	2	7	40.67053226419403	41.602612609819325
1	2	2	0	0	1	1	1	0	0	2	1	1	1	0	1	1	0	2	1	8	39.45459861659239	41.602612609819325
3	0	0	1	0	0	1	1	1	0	2	0	0	0	0	3	5	1	2	0	9	39.46357265834948	41.602612609819325
0	1	0	2	0	1	0	4	2	1	0	1	0	1	0	3	1	0	1	1	10	36.87403068357801	41.602612609819325
1	0	1	3	0	3	0	4	0	0	2	1	1	0	0	2	0	0	1	1	11	37.67935602699943	41.602612609819325
1	2	0	0	0	1	0	1	0	0	0	1	0	0	1	1	1	1	2	2	12	35.99523190994818	41.602612609819325
1	1	1	0	0	0	2	1	0	1	1	1	0	0	0	1	1	0	2	1	13	34.87589823026628	41.602612609819325
2	0	0	1	0	2	0	0	1	0	1	1	1	1	0	0	3	0	1	0	14	39.7772203525998	41.602612609819325
3	0	0	1	0	0	2	2	0	0	1	2	0	0	0	0	1	0	0	1	15	33.88636728302664	41.602612609819325
0	1	2	1	0	0	1	1	0	2	0	0	0	1	0	1	0	1	0	1	16	35.7991083195476	41.602612609819325
1	1	1	0	0	0	0	2	0	0	0	0	0	1	2	2	0	0	1	2	17	42.40082402855334	41.602612609819325
1	1	1	0	0	0	0	1	1	0	2	0	0	0	2	0	0	0	1	2	18	38.00143501551144	41.602612609819325
1	1	0	1	0	1	0	2	0	0	2	0	0	0	0	2	2	0	1	0	19	39.018884451336525	41.602612609819325
0	3	2	2	0	0	0	1	0	1	1	0	1	1	0	1	1	0	3	2	20	46.803637588961315	41.602612609819325
1	2	2	1	0	1	0	2	0	2	0	0	1	0	0	0	2	0	0	2	21	42.5141055969506	41.602612609819325
0	0	0	0	0	0	1	3	0	1	0	0	0	0	0	0	0	0	1	1	0	35.35008188161636	39.28192233279748
0	1	1	0	0	0	0	1	0	1	1	1	0	1	1	2	0	0	1	0	1	42.81448398749522	39.28192233279748
0	1	0	0	0	1	0	1	0	0	2	0	0	0	0	1	1	0	1	2	2	37.81460223444738	39.28192233279748
1	2	1	0	0	0	0	1	0	1	1	1	0	0	0	1	0	0	0	1	3	35.08944230393979	39.28192233279748
2	2	0	0	1	0	2	1	0	0	0	0	1	1	0	1	1	0	0	0	4	32.05963108542582	39.28192233279748
0	2	0	1	1	1	0	0	0	0	0	0	1	0	0	1	2	0	0	0	5	31.01329000547901	39.28192233279748
1	1	1	0	0	3	0	0	1	1	1	0	0	2	1	2	1	1	1	0	6	33.06677610263682	39.28192233279748
1	2	2	1	0	3	1	0	0	1	1	0	0	0	0	0	0	1	0	2	7	30.84094249012209	39.28192233279748
1	2	2	1	0	1	1	1	0	0	2	1	1	1	0	1	1	0	2	1	8	33.160315303571934	39.28192233279748
3	0	0	1	0	0	1	1	0	0	3	0	0	0	0	3	5	1	3	0	9	36.43508609666601	39.28192233279748
0	1	0	2	0	1	0	4	2	1	0	1	0	1	0	4	1	0	1	1	10	37.375284905394665	39.28192233279748
1	0	1	3	0	3	0	4	0	0	3	1	1	1	1	2	0	0	1	1	11	41.585838892979694	39.28192233279748
0	1	1	0	0	0	1	1	0	1	1	1	0	0	0	1	1	0	2	0	12	44.87468333095648	39.28192233279748
0	2	0	0	0	0	0	0	0	0	0	0	0	0	0	0	1	0	1	2	13	44.801445961002514	39.28192233279748
2	0	0	0	0	1	0	0	1	0	1	0	0	1	0	0	4	0	1	0	14	44.9991176017844	39.28192233279748
3	0	0	1	0	0	2	1	0	0	1	1	0	0	0	0	1	0	0	1	15	45.288401969334124	39.28192233279748
0	1	2	1	0	0	1	1	0	2	0	0	0	0	0	1	0	1	0	1	16	44.17483534896764	39.28192233279748
1	0	0	0	0	0	0	2	0	0	0	0	0	0	0	2	0	0	0	1	17	46.06025650249168	39.28192233279748
1	1	1	0	0	0	0	0	0	0	2	0	1	0	1	0	0	0	0	1	18	45.68639332159509	39.28192233279748
1	0	0	1	0	0	0	1	0	0	2	0	0	0	0	2	1	0	0	0	19	44.982926488783974	39.28192233279748
0	0	1	0	0	0	0	0	0	1	0	0	0	0	0	1	0	0	1	2	20	39.890282819866854	39.28192233279748
0	1	1	0	0	0	0	1	0	1	0	0	0	0	0	0	1	0	0	1	21	36.83817268698689	39.28192233279748
