0	0	0	0	0	0	1	0	1	0	1	0	0	0	0	0	1	0	2	0	0	NaN	NaN
1	1	0	0	1	0	1	0	0	0	0	0	0	2	1	1	0	0	0	0	1	NaN	NaN
1	0	2	0	0	0	1	2	1	0	1	1	0	2	1	1	2	0	2	1	2	NaN	NaN
1	0	1	0	0	0	0	0	0	0	0	1	0	1	0	0	2	0	1	0	3	NaN	NaN
1	0	0	0	0	0	1	0	0	1	0	0	0	0	0	1	2	0	1	2	4	NaN	NaN
1	0	0	0	1	1	0	0	1	2	2	0	0	0	0	0	0	0	0	0	5	NaN	NaN
0	0	0	2	0	0	0	1	0	1	2	0	0	0	0	1	0	0	1	1	6	NaN	NaN
0	0	0	0	0	0	1	0	1	0	1	0	0	0	0	0	1	0	2	0	0	NaN	NaN
1	1	0	0	1	0	1	0	0	0	0	0	0	2	1	1	0	0	0	0	1	NaN	NaN
1	0	2	0	0	0	1	2	1	0	1	1	0	2	1	1	2	0	2	1	2	NaN	NaN
1	0	1	0	0	0	0	0	0	0	0	1	0	1	0	0	2	0	1	0	3	NaN	NaN
1	0	0	0	0	0	1	0	0	1	0	0	0	0	0	1	2	0	1	2	4	NaN	NaN
1	0	0	0	1	1	0	0	1	2	2	0	0	0	0	0	0	0	0	0	5	NaN	NaN
0	0	0	2	0	0	0	1	0	1	2	0	0	0	0	1	0	0	1	1	6	NaN	NaN
0	0	0	0	0	0	1	0	1	0	1	0	0	0	0	0	1	0	2	0	0	NaN	NaN
0	0	0	2	0	0	0	1	0	1	2	0	0	0	0	1	0	0	1	1	1	NaN	NaN
1	0	2	0	0	0	1	2	1	0	1	1	0	2	1	1	2	0	2	1	2	NaN	NaN
1	0	1	0	0	0	0	0	0	0	0	1	0	1	0	0	2	0	1	0	3	NaN	NaN
1	0	0	0	0	0	1	0	0	1	0	0	0	0	0	1	2	0	1	2	4	NaN	NaN
1	1	0	0	1	0	1	0	0	0	0	0	0	2	1	1	0	0	0	0	5	NaN	NaN
1	0	0	0	1	1	0	0	1	2	2	0	0	0	0	0	0	0	0	0	6	NaN	NaN
