0	0	0	0	0	0	0	0	1	1	0	1	0	0	0	0	1	1	2	0	0	NaN	NaN
0	0	0	0	0	1	0	0	1	0	1	1	0	1	0	0	1	0	0	0	1	NaN	NaN
0	0	1	0	0	0	1	0	0	1	0	1	0	1	0	1	0	0	1	1	2	NaN	NaN
1	0	0	1	0	0	0	0	0	1	0	0	0	1	0	2	0	0	2	0	3	NaN	NaN
1	0	1	0	0	0	0	0	0	1	0	1	0	0	0	0	1	0	1	1	4	NaN	NaN
0	1	0	2	0	1	1	0	0	2	1	0	0	0	0	1	1	0	1	1	5	NaN	NaN
0	0	0	0	1	0	0	0	1	0	0	0	0	0	0	1	0	0	0	3	6	NaN	NaN
1	0	0	1	0	1	0	0	0	0	1	0	0	0	1	0	0	0	3	1	7	NaN	NaN
0	0	0	0	0	0	0	0	1	1	0	1	0	0	0	0	1	1	2	0	0	NaN	NaN
0	0	0	0	0	1	0	0	1	0	1	1	0	1	0	0	1	0	0	0	1	NaN	NaN
0	0	1	0	0	0	1	0	0	1	0	1	0	1	0	1	0	0	1	1	2	NaN	NaN
1	0	0	1	0	0	0	0	0	1	0	0	0	1	0	2	0	0	2	0	3	NaN	NaN
1	0	1	0	0	0	0	0	0	1	0	1	0	0	0	0	1	0	1	1	4	NaN	NaN
0	1	0	2	0	1	1	0	0	2	1	0	0	0	0	1	1	0	1	1	5	NaN	NaN
0	0	0	0	1	0	0	0	1	0	0	0	0	0	0	1	0	0	0	3	6	NaN	NaN
1	0	0	1	0	1	0	0	0	0	1	0	0	0	1	0	0	0	3	1	7	NaN	NaN
0	0	0	0	0	0	0	0	1	1	0	1	0	0	0	0	1	1	2	0	0	NaN	NaN
1	0	0	1	0	1	0	0	0	0	1	0	0	0	1	0	0	0	3	1	1	NaN	NaN
0	0	0	0	1	0	0	0	1	0	0	0	0	0	0	1	0	0	0	3	2	NaN	NaN
0	1	0	2	0	1	1	0	0	2	1	0	0	0	0	1	1	0	1	1	3	NaN	NaN
1	0	1	0	0	0	0	0	0	1	0	1	0	0	0	0	1	0	1	1	4	NaN	NaN
1	0	0	1	0	0	0	0	0	1	0	0	0	1	0	2	0	0	2	0	5	NaN	NaN
0	0	1	0	0	0	1	0	0	1	0	1	0	1	0	1	0	0	1	1	6	NaN	NaN
0	0	0	0	0	1	0	0	1	0	1	1	0	1	0	0	1	0	0	0	7	NaN	NaN
0	0	0	0	0	0	0	0	1	1	0	1	0	0	0	0	1	1	2	0	0	58.31956091420891	48.80838805661986
1	0	0	1	0	1	0	0	0	0	1	0	0	0	1	0	0	0	3	1	1	56.46588850920932	48.80838805661986
0	0	0	0	1	0	0	0	1	0	0	0	0	0	0	1	0	0	0	3	2	51.82013782767096	48.80838805661986
0	1	0	2	0	1	1	0	0	2	1	0	0	0	0	1	1	0	1	1	3	52.58308192119873	48.80838805661986
1	0	1	0	0	0	0	0	0	1	0	1	0	0	0	0	1	0	1	1	4	43.8486195081431	48.80838805661986
1	0	0	1	0	0	0	0	0	1	0	0	0	1	0	2	0	0	2	0	5	42.62031795751078	48.80838805661986
0	0	1	0	0	0	1	0	0	1	0	1	0	1	0	1	0	0	1	1	6	42.13682986765938	48.80838805661986
0	0	0	0	0	1	0	0	1	0	1	1	0	1	0	0	1	0	0	0	7	42.672667947357695	48.80838805661986
0	0	0	0	0	0	0	0	1	1	0	1	0	0	0	0	1	1	2	0	0	58.31956091420891	48.80838805661986
1	0	0	1	0	1	0	0	0	0	1	0	0	0	1	0	0	0	3	1	1	56.46588850920932	48.80838805661986
0	0	0	0	1	0	0	0	1	0	0	0	0	0	0	1	0	0	0	3	2	51.82013782767096	48.80838805661986
0	1	0	2	0	1	1	0	0	2	1	0	0	0	0	1	1	0	1	1	3	52.58308192119873	48.80838805661986
1	0	1	0	0	0	0	0	0	1	0	1	0	0	0	0	1	0	1	1	4	43.8486195081431	48.80838805661986
1	0	0	1	0	0	0	0	0	1	0	0	0	1	0	2	0	0	2	0	5	42.62031795751078	48.80838805661986
0	0	1	0	0	0	1	0	0	1	0	1	0	1	0	1	0	0	1	1	6	42.13682986765938	48.80838805661986
0	0	0	0	0	1	0	0	1	0	1	1	0	1	0	0	1	0	0	0	7	42.672667947357695	48.80838805661986
