3	2	7	2	0	2	1	4	0	1	11	4	1	2	1	7	4	2	6	4	0	NaN	NaN
0	1	1	0	0	0	1	2	0	0	2	0	1	1	1	1	0	0	0	0	1	NaN	NaN
1	1	1	0	0	0	0	1	0	1	0	1	0	0	0	1	0	0	2	1	2	NaN	NaN
0	1	1	2	0	0	0	1	0	1	2	1	0	0	0	1	0	1	0	1	3	NaN	NaN
1	1	1	0	0	1	2	2	0	0	1	0	0	2	0	1	1	0	0	0	4	NaN	NaN
0	3	0	0	0	0	1	1	1	0	0	0	1	0	0	1	2	0	2	1	5	NaN	NaN
1	2	1	0	0	1	1	0	0	0	2	1	0	0	0	2	1	0	2	0	6	NaN	NaN
2	1	1	1	0	0	1	1	1	0	3	0	0	0	1	0	3	0	1	1	7	NaN	NaN
0	0	0	0	0	1	2	1	0	0	3	1	0	0	0	1	3	1	0	0	8	NaN	NaN
2	1	1	1	0	0	2	0	0	2	2	0	0	2	0	3	0	0	0	0	9	NaN	NaN
0	1	0	1	0	0	0	1	1	0	2	0	1	0	1	0	1	1	0	0	10	NaN	NaN
1	0	2	1	0	0	0	0	1	0	3	0	0	0	1	3	0	1	0	0	11	NaN	NaN
3	1	0	0	0	0	0	1	0	1	1	1	0	0	0	0	1	0	1	0	12	NaN	NaN
4	1	3	1	0	1	6	6	1	3	11	2	1	1	2	6	8	2	7	4	13	NaN	NaN
0	0	1	0	0	0	0	1	0	0	1	0	0	0	0	2	0	0	1	1	0	45.808413911392954	41.50664929763078
0	1	1	0	0	0	1	1	0	0	1	0	1	1	0	1	0	0	0	0	1	45.28567027689626	41.50664929763078
1	1	1	0	0	0	0	1	0	1	0	1	0	0	0	1	0	0	2	1	2	46.29486401444684	41.50664929763078
0	2	1	2	0	0	0	1	0	1	2	1	0	0	0	1	0	1	0	1	3	46.27140798345722	41.50664929763078
1	1	1	0	0	2	2	2	0	1	1	0	0	2	0	1	1	0	0	0	4	43.24443020133164	41.50664929763078
0	3	0	0	0	0	1	1	1	0	0	0	1	0	0	1	2	0	2	1	5	37.507696777965094	41.50664929763078
1	1	1	0	0	1	1	0	0	0	2	1	0	0	0	2	1	0	2	0	6	36.69233699900778	41.50664929763078
2	1	1	1	0	0	1	1	1	0	3	0	0	0	1	0	3	0	0	1	7	38.62107067166524	41.50664929763078
0	0	0	1	0	1	2	1	0	0	3	1	0	0	0	1	3	1	0	0	8	36.017622776225366	41.50664929763078
2	1	1	1	0	0	2	0	0	2	1	0	0	2	0	4	0	0	0	0	9	39.150241748061774	41.50664929763078
0	1	0	1	0	0	0	1	2	0	2	0	1	0	1	0	1	1	0	0	10	36.663399117969696	41.50664929763078
1	0	1	0	0	0	0	0	1	0	2	0	0	0	1	3	0	1	0	0	11	41.09410617670045	41.50664929763078
4	1	2	1	0	1	0	1	0	1	5	2	0	0	2	0	1	0	4	1	12	47.936211254218755	41.50664929763078
1	1	2	1	0	0	3	3	0	1	3	2	0	0	0	1	1	0	2	1	13	41.77955006840055	41.50664929763078
1	1	2	1	0	0	1	1	0	1	1	2	0	1	0	1	1	0	2	0	14	38.89324021152518	41.50664929763078
1	0	1	0	0	0	3	2	0	0	3	1	0	0	2	0	2	1	0	3	15	43.18853093201444	41.50664929763078
0	0	2	0	0	1	0	0	0	0	2	2	1	0	0	2	1	1	1	0	16	37.3852532024092	41.50664929763078
0	1	1	1	0	1	0	0	0	0	3	0	1	0	1	2	2	1	1	2	17	43.31533551807689	41.50664929763078
1	0	0	0	0	1	0	1	0	0	1	1	0	0	0	1	2	1	1	1	18	35.667639293660116	41.50664929763078
2	1	0	0	0	0	0	3	0	1	1	0	0	0	1	1	1	0	2	0	19	40.40489704271882	41.50664929763078
1	1	1	2	0	0	0	2	0	0	3	1	0	1	0	1	0	0	0	1	20	45.14977839633666	41.50664929763078
1	1	0	0	0	0	0	1	0	0	1	0	0	1	1	1	3	0	1	0	21	46.774587973396045	41.50664929763078
0	0	1	0	0	0	0	1	0	0	1	0	0	0	0	2	0	0	1	1	0	45.808413911392954	41.50664929763078
0	1	1	0	0	0	1	1	0	0	1	0	1	1	0	1	0	0	0	0	1	45.28567027689626	41.50664929763078
1	1	1	0	0	0	0	1	0	1	0	1	0	0	0	1	0	0	2	1	2	46.29486401444684	41.50664929763078
0	2	1	2	0	0	0	1	0	1	2	1	0	0	0	1	0	1	0	1	3	46.27140798345722	41.50664929763078
1	1	1	0	0	2	2	2	0	1	1	0	0	2	0	1	1	0	0	0	4	43.24443020133164	41.50664929763078
0	3	0	0	0	0	1	1	1	0	0	0	1	0	0	1	2	0	2	1	5	37.507696777965094	41.50664929763078
1	1	1	0	0	1	1	0	0	0	2	1	0	0	0	2	1	0	2	0	6	36.69233699900778	41.50664929763078
2	1	1	1	0	0	1	1	1	0	3	0	0	0	1	0	3	0	0	1	7	38.62107067166524	41.50664929763078
0	0	0	1	0	1	2	1	0	0	3	1	0	0	0	1	3	1	0	0	8	36.017622776225366	41.50664929763078
2	1	1	1	0	0	2	0	0	2	1	0	0	2	0	4	0	0	0	0	9	39.150241748061774	41.50664929763078
0	1	0	1	0	0	0	1	2	0	2	0	1	0	1	0	1	1	0	0	10	36.663399117969696	41.50664929763078
1	0	1	0	0	0	0	0	1	0	2	0	0	0	1	3	0	1	0	0	11	41.09410617670045	41.50664929763078
4	1	2	1	0	1	0	1	0	1	5	2	0	0	2	0	1	0	4	1	12	47.936211254218755	41.50664929763078
1	1	2	1	0	0	3	3	0	1	3	2	0	0	0	1	1	0	2	1	13	41.77955006840055	41.50664929763078
1	1	2	1	0	0	1	1	0	1	1	2	0	1	0	1	1	0	2	0	14	38.89324021152518	41.50664929763078
1	0	1	0	0	0	3	2	0	0	3	1	0	0	2	0	2	1	0	3	15	43.18853093201444	41.50664929763078
0	0	2	0	0	1	0	0	0	0	2	2	1	0	0	2	1	1	1	0	16	37.3852532024092	41.50664929763078
0	1	1	1	0	1	0	0	0	0	3	0	1	0	1	2	2	1	1	2	17	43.31533551807689	41.50664929763078
1	0	0	0	0	1	0	1	0	0	1	1	0	0	0	1	2	1	1	1	18	35.667639293660116	41.50664929763078
2	1	0	0	0	0	0	3	0	1	1	0	0	0	1	1	1	0	2	0	19	40.40489704271882	41.50664929763078
1	1	1	2	0	0	0	2	0	0	3	1	0	1	0	1	0	0	0	1	20	45.14977839633666	41.50664929763078
1	1	0	0	0	0	0	1	0	0	1	0	0	1	1	1	3	0	1	0	21	46.774587973396045	41.50664929763078
3	2	7	2	0	2	1	4	0	1	11	4	1	2	1	7	4	2	6	4	0	42.388290497726956	37.49327747835337
0	1	1	0	0	0	1	2	0	0	2	0	1	1	1	1	0	0	0	0	1	46.91848145321312	37.49327747835337
1	1	1	0	0	0	0	1	0	1	0	1	0	0	0	1	0	0	2	1	2	39.56060650399796	37.49327747835337
0	1	1	2	0	0	0	1	0	1	2	1	0	0	0	1	0	1	0	1	3	37.2436143253591	37.49327747835337
1	1	1	0	0	1	2	2	0	0	1	0	0	2	0	1	1	0	0	0	4	32.824378822993225	37.49327747835337
0	3	0	0	0	0	1	1	1	0	0	0	1	0	0	1	2	0	2	1	5	25.66731049675456	37.49327747835337
1	2	1	0	0	1	1	0	0	0	2	1	0	0	0	2	1	0	2	0	6	24.459719607000263	37.49327747835337
2	1	1	1	0	0	1	1	1	0	3	0	0	0	1	0	3	0	1	1	7	27.007271926980973	37.49327747835337
0	0	0	0	0	1	2	1	0	0	3	1	0	0	0	1	3	1	0	0	8	26.417334571666423	37.49327747835337
2	1	1	1	0	0	2	0	0	2	2	0	0	2	0	3	0	0	0	0	9	33.26288581938944	37.49327747835337
0	1	0	1	0	0	0	1	1	0	2	0	1	0	1	0	1	1	0	0	10	38.36273918651155	37.49327747835337
1	0	2	1	0	0	0	0	1	0	3	0	0	0	1	3	0	1	0	0	11	47.442100516529166	37.49327747835337
3	1	0	0	0	0	0	1	0	1	1	1	0	0	0	0	1	0	1	0	12	44.70091696110135	37.49327747835337
4	1	3	1	0	1	6	6	1	3	11	2	1	1	2	6	8	2	7	4	13	58.650234007723064	37.49327747835337
