0	0	0	0	0	0	0	0	0	0	1	0	0	0	0	0	0	0	0	0	0	NaN	NaN
0	1	0	0	0	0	0	0	0	0	0	0	0	0	0	0	0	0	1	0	1	NaN	NaN
1	0	0	0	0	0	2	0	0	0	0	0	0	0	0	0	1	1	0	3	2	NaN	NaN
1	2	0	0	0	3	0	0	0	1	1	0	0	0	0	0	0	0	0	1	3	NaN	NaN
0	0	0	0	0	1	0	0	0	0	1	0	0	0	0	0	0	1	0	0	4	NaN	NaN
0	0	0	0	0	0	0	0	0	0	0	0	0	0	0	0	0	0	1	0	5	NaN	NaN
0	0	0	0	0	1	0	0	2	0	2	0	1	0	0	0	0	1	0	0	6	NaN	NaN
0	0	0	0	0	1	1	0	0	0	4	1	0	0	0	0	0	0	0	0	7	NaN	NaN
0	0	0	0	0	0	0	0	0	0	1	0	0	0	0	0	0	0	0	0	0	NaN	NaN
0	1	0	0	0	0	0	0	0	0	0	0	0	0	0	0	0	0	1	0	1	NaN	NaN
1	0	0	0	0	0	2	0	0	0	0	0	0	0	0	0	1	1	0	3	2	NaN	NaN
1	2	0	0	0	3	0	0	0	1	1	0	0	0	0	0	0	0	0	1	3	NaN	NaN
0	0	0	0	0	1	0	0	0	0	1	0	0	0	0	0	0	1	0	0	4	NaN	NaN
0	0	0	0	0	0	0	0	0	0	0	0	0	0	0	0	0	0	1	0	5	NaN	NaN
0	0	0	0	0	1	0	0	2	0	2	0	1	0	0	0	0	1	0	0	6	NaN	NaN
0	0	0	0	0	1	1	0	0	0	4	1	0	0	0	0	0	0	0	0	7	NaN	NaN
0	0	0	0	0	0	0	0	0	0	1	0	0	0	0	0	0	0	0	0	0	NaN	NaN
0	1	0	0	0	0	0	0	0	0	0	0	0	0	0	0	0	0	1	0	1	NaN	NaN
1	0	0	0	0	0	2	0	0	0	0	0	0	0	0	0	1	1	0	3	2	NaN	NaN
1	2	0	0	0	3	0	0	0	1	1	0	0	0	0	0	0	0	0	1	3	NaN	NaN
0	0	0	0	0	1	1	0	0	0	4	1	0	0	0	0	0	0	0	0	4	NaN	NaN
0	0	0	0	0	1	0	0	2	0	2	0	1	0	0	0	0	1	0	0	5	NaN	NaN
0	0	0	0	0	0	0	0	0	0	0	0	0	0	0	0	0	0	1	0	6	NaN	NaN
0	0	0	0	0	1	0	0	0	0	1	0	0	0	0	0	0	1	0	0	7	NaN	NaN
0	0	0	0	0	0	0	0	0	0	1	0	0	0	0	0	0	0	0	0	0	75.85787195257303	49.84423076937862
0	1	0	0	0	0	0	0	0	0	0	0	0	0	0	0	0	0	1	0	1	53.077316339021245	49.84423076937862
1	0	0	0	0	0	2	0	0	0	0	0	0	0	0	0	1	1	0	3	2	36.94009610034178	49.84423076937862
1	2	0	0	0	3	0	0	0	1	1	0	0	0	0	0	0	0	0	1	3	31.209046562451448	49.84423076937862
0	0	0	0	0	1	1	0	0	0	4	1	0	0	0	0	0	0	0	0	4	17.66395284949652	49.84423076937862
0	0	0	0	0	1	0	0	2	0	2	0	1	0	0	0	0	1	0	0	5	39.593482785292714	49.84423076937862
0	0	0	0	0	0	0	0	0	0	0	0	0	0	0	0	0	0	1	0	6	67.8551565407452	49.84423076937862
0	0	0	0	0	1	0	0	0	0	1	0	0	0	0	0	0	1	0	0	7	76.55692302510705	49.84423076937862
0	1	0	0	0	0	0	0	0	0	0	0	0	0	0	0	0	0	0	0	0	69.53262220694576	55.36399979112975
0	0	0	0	0	0	0	0	0	0	0	0	0	0	0	0	1	0	0	0	1	41.19537737531374	55.36399979112975
0	0	0	0	0	0	0	0	0	0	1	0	0	0	0	0	0	0	0	0	0	75.85787195257303	49.84423076937862
0	1	0	0	0	0	0	0	0	0	0	0	0	0	0	0	0	0	1	0	1	53.077316339021245	49.84423076937862
1	0	0	0	0	0	2	0	0	0	0	0	0	0	0	0	1	1	0	3	2	36.94009610034178	49.84423076937862
1	2	0	0	0	3	0	0	0	1	1	0	0	0	0	0	0	0	0	1	3	31.209046562451448	49.84423076937862
0	0	0	0	0	1	1	0	0	0	4	1	0	0	0	0	0	0	0	0	4	17.66395284949652	49.84423076937862
0	0	0	0	0	1	0	0	2	0	2	0	1	0	0	0	0	1	0	0	5	39.593482785292714	49.84423076937862
0	0	0	0	0	0	0	0	0	0	0	0	0	0	0	0	0	0	1	0	6	67.8551565407452	49.84423076937862
0	0	0	0	0	1	0	0	0	0	1	0	0	0	0	0	0	1	0	0	7	76.55692302510705	49.84423076937862
0	1	0	0	0	0	0	0	0	0	0	0	0	0	0	0	0	0	0	0	0	69.53262220694576	55.36399979112975
0	0	0	0	0	0	0	0	0	0	0	0	0	0	0	0	1	0	0	0	1	41.19537737531374	55.36399979112975
