0	1	0	0	0	1	0	0	0	0	0	0	0	1	0	1	0	0	2	1	0	NaN	NaN
0	0	0	0	0	0	2	0	0	1	0	1	0	0	0	0	0	0	0	0	1	NaN	NaN
0	1	0	0	0	0	0	0	0	0	0	0	1	0	0	0	2	0	0	1	2	NaN	NaN
0	0	0	0	0	1	0	0	0	0	0	0	0	1	0	0	1	0	0	1	3	NaN	NaN
0	1	0	0	1	1	1	0	0	0	0	0	0	1	0	0	0	0	0	2	4	NaN	NaN
0	0	0	0	0	0	1	0	0	0	3	0	0	0	0	0	1	0	1	0	5	NaN	NaN
0	1	0	0	0	0	0	0	1	0	1	0	0	0	0	0	0	2	0	0	6	NaN	NaN
0	0	0	0	1	1	0	0	0	0	0	0	0	0	0	0	0	0	0	2	7	NaN	NaN
0	0	0	0	1	1	0	0	0	1	0	0	0	0	0	0	2	0	0	1	8	NaN	NaN
0	0	0	0	0	0	2	0	0	0	0	0	0	0	0	0	0	0	0	0	9	NaN	NaN
0	1	0	0	0	1	0	0	0	0	0	0	0	1	0	1	0	0	2	1	0	NaN	NaN
0	0	0	0	0	0	2	0	0	1	0	1	0	0	0	0	0	0	0	0	1	NaN	NaN
0	1	0	0	0	0	0	0	0	0	0	0	1	0	0	0	2	0	0	1	2	NaN	NaN
0	0	0	0	0	1	0	0	0	0	0	0	0	1	0	0	1	0	0	1	3	NaN	NaN
0	1	0	0	1	1	1	0	0	0	0	0	0	1	0	0	0	0	0	2	4	NaN	NaN
0	0	0	0	0	0	1	0	0	0	3	0	0	0	0	0	1	0	1	0	5	NaN	NaN
0	1	0	0	0	0	0	0	1	0	1	0	0	0	0	0	0	2	0	0	6	NaN	NaN
0	0	0	0	1	1	0	0	0	0	0	0	0	0	0	0	0	0	0	2	7	NaN	NaN
0	0	0	0	1	1	0	0	0	1	0	0	0	0	0	0	2	0	0	1	8	NaN	NaN
0	0	0	0	0	0	2	0	0	0	0	0	0	0	0	0	0	0	0	0	9	NaN	NaN
0	1	0	0	0	1	0	0	0	0	0	0	0	1	0	1	0	0	2	1	0	NaN	NaN
0	0	0	0	0	0	2	0	0	1	0	1	0	0	0	0	0	0	0	0	1	NaN	NaN
0	1	0	0	0	0	0	0	1	0	1	0	0	0	0	0	0	2	0	0	2	NaN	NaN
0	1	0	0	0	0	0	0	0	0	0	0	1	0	0	0	2	0	0	1	3	NaN	NaN
0	0	0	0	0	1	0	0	0	0	0	0	0	1	0	0	1	0	0	1	4	NaN	NaN
0	0	0	0	1	1	0	0	0	1	0	0	0	0	0	0	2	0	0	1	5	NaN	NaN
0	0	0	0	1	1	0	0	0	0	0	0	0	0	0	0	0	0	0	2	6	NaN	NaN
0	0	0	0	0	0	2	0	0	0	0	0	0	0	0	0	0	0	0	0	7	NaN	NaN
0	0	0	0	0	0	1	0	0	0	3	0	0	0	0	0	1	0	1	0	8	NaN	NaN
0	1	0	0	1	1	1	0	0	0	0	0	0	1	0	0	0	0	0	2	9	NaN	NaN
0	1	0	0	0	1	0	0	0	0	0	0	0	1	0	1	0	0	2	1	0	48.074475878275486	44.015792216391375
0	0	0	0	0	0	2	0	0	1	0	1	0	0	0	0	0	0	0	0	1	53.21687051836455	44.015792216391375
0	1	0	0	0	0	0	0	1	0	1	0	0	0	0	0	0	2	0	0	2	31.661027391650265	44.015792216391375
0	1	0	0	0	0	0	0	0	0	0	0	1	0	0	0	2	0	0	1	3	57.647290804916146	44.015792216391375
0	0	0	0	0	1	0	0	0	0	0	0	0	1	0	0	1	0	0	1	4	60.32443768350402	44.015792216391375
0	0	0	0	1	1	0	0	0	1	0	0	0	0	0	0	2	0	0	1	5	34.68184827008177	44.015792216391375
0	0	0	0	1	1	0	0	0	0	0	0	0	0	0	0	0	0	0	2	6	29.653795761335203	44.015792216391375
0	0	0	0	0	0	2	0	0	0	0	0	0	0	0	0	0	0	0	0	7	63.78817913156092	44.015792216391375
0	0	0	0	0	0	1	0	0	0	3	0	0	0	0	0	1	0	1	0	8	28.127506412396762	44.015792216391375
0	1	0	0	1	1	1	0	0	0	0	0	0	1	0	0	0	0	0	2	9	32.982490311828684	44.015792216391375
0	0	0	0	0	1	0	0	0	0	0	0	0	0	0	1	0	0	0	0	0	83.09930647037987	58.728025016497035
0	0	0	0	0	0	1	0	0	1	0	1	0	0	0	0	0	0	0	0	1	63.444779081258645	58.728025016497035
0	1	0	0	0	0	0	0	0	0	0	0	0	0	0	0	1	0	0	1	2	50.33942925603702	58.728025016497035
0	0	0	1	0	1	1	1	0	0	0	0	0	1	0	0	1	0	0	3	3	38.38097958997926	58.728025016497035
0	0	0	0	0	0	0	0	0	1	0	0	0	0	0	0	1	0	0	1	4	36.55476057303453	58.728025016497035
0	0	0	0	1	1	0	0	0	0	0	0	0	0	0	0	0	0	0	2	5	50.60220031972011	58.728025016497035
0	1	0	0	0	0	0	0	1	0	0	0	0	0	0	0	0	1	0	0	6	57.00039139863083	58.728025016497035
0	0	0	0	0	0	1	0	0	0	2	0	0	0	0	0	0	0	1	0	7	68.2626778113968	58.728025016497035
0	1	0	0	0	1	1	0	0	0	0	1	0	1	0	0	0	0	0	1	8	80.86770064803626	58.728025016497035
0	1	0	0	0	1	0	0	0	0	0	0	0	1	0	1	0	0	2	1	0	48.074475878275486	44.015792216391375
0	0	0	0	0	0	2	0	0	1	0	1	0	0	0	0	0	0	0	0	1	53.21687051836455	44.015792216391375
0	1	0	0	0	0	0	0	1	0	1	0	0	0	0	0	0	2	0	0	2	31.661027391650265	44.015792216391375
0	1	0	0	0	0	0	0	0	0	0	0	1	0	0	0	2	0	0	1	3	57.647290804916146	44.015792216391375
0	0	0	0	0	1	0	0	0	0	0	0	0	1	0	0	1	0	0	1	4	60.32443768350402	44.015792216391375
0	0	0	0	1	1	0	0	0	1	0	0	0	0	0	0	2	0	0	1	5	34.68184827008177	44.015792216391375
0	0	0	0	1	1	0	0	0	0	0	0	0	0	0	0	0	0	0	2	6	29.653795761335203	44.015792216391375
0	0	0	0	0	0	2	0	0	0	0	0	0	0	0	0	0	0	0	0	7	63.78817913156092	44.015792216391375
0	0	0	0	0	0	1	0	0	0	3	0	0	0	0	0	1	0	1	0	8	28.127506412396762	44.015792216391375
0	1	0	0	1	1	1	0	0	0	0	0	0	1	0	0	0	0	0	2	9	32.982490311828684	44.015792216391375
0	0	0	0	0	1	0	0	0	0	0	0	0	0	0	1	0	0	0	0	0	83.09930647037987	58.728025016497035
0	0	0	0	0	0	1	0	0	1	0	1	0	0	0	0	0	0	0	0	1	63.444779081258645	58.728025016497035
0	1	0	0	0	0	0	0	0	0	0	0	0	0	0	0	1	0	0	1	2	50.33942925603702	58.728025016497035
0	0	0	1	0	1	1	1	0	0	0	0	0	1	0	0	1	0	0	3	3	38.38097958997926	58.728025016497035
0	0	0	0	0	0	0	0	0	1	0	0	0	0	0	0	1	0	0	1	4	36.55476057303453	58.728025016497035
0	0	0	0	1	1	0	0	0	0	0	0	0	0	0	0	0	0	0	2	5	50.60220031972011	58.728025016497035
0	1	0	0	0	0	0	0	1	0	0	0	0	0	0	0	0	1	0	0	6	57.00039139863083	58.728025016497035
0	0	0	0	0	0	1	0	0	0	2	0	0	0	0	0	0	0	1	0	7	68.2626778113968	58.728025016497035
0	1	0	0	0	1	1	0	0	0	0	1	0	1	0	0	0	0	0	1	8	80.86770064803626	58.728025016497035
