2	1	1	1	0	0	0	0	0	0	2	1	0	1	0	0	0	0	0	0	0	NaN	NaN
0	0	0	0	0	1	0	0	1	0	0	0	0	2	0	2	2	0	0	0	1	NaN	NaN
2	0	0	0	0	0	0	0	0	0	1	0	0	2	0	1	0	0	0	0	2	NaN	NaN
1	0	1	0	0	1	0	1	0	1	0	0	0	1	0	0	0	0	0	0	3	NaN	NaN
0	1	1	0	0	0	0	1	0	0	1	0	0	0	0	1	0	0	0	0	4	NaN	NaN
0	0	1	0	0	1	0	0	0	0	1	1	0	0	0	1	0	0	0	1	5	NaN	NaN
0	0	0	1	1	2	1	0	0	0	1	0	0	0	0	0	0	0	1	0	6	NaN	NaN
0	0	2	0	0	0	0	0	0	0	1	1	0	0	1	2	1	0	0	2	7	NaN	NaN
2	0	0	0	0	0	0	1	0	0	1	0	0	1	0	1	1	0	0	2	8	NaN	NaN
1	0	0	0	0	0	1	1	0	0	3	0	0	0	0	1	1	0	1	0	9	NaN	NaN
1	1	0	0	0	0	0	1	0	0	1	0	0	0	0	1	1	0	2	1	10	NaN	NaN
0	0	0	0	0	1	0	1	0	1	0	0	0	1	0	1	0	0	0	0	11	NaN	NaN
1	1	0	0	0	0	0	0	0	1	1	1	0	0	0	1	0	1	0	1	12	NaN	NaN
1	0	0	0	0	0	2	1	0	1	0	0	0	0	0	0	2	0	0	0	13	NaN	NaN
1	0	0	0	0	0	0	1	0	1	0	1	0	0	0	1	2	0	1	0	14	NaN	NaN
0	1	0	0	0	0	0	1	0	0	1	0	0	0	0	0	1	0	1	1	15	NaN	NaN
1	1	0	0	1	0	1	0	0	0	1	0	0	1	0	0	0	0	0	1	16	NaN	NaN
0	0	0	0	1	0	1	1	0	1	1	0	0	1	0	0	0	0	0	1	17	NaN	NaN
0	0	0	0	1	1	1	2	0	1	1	1	0	1	0	0	2	0	0	0	18	NaN	NaN
2	1	1	1	0	0	0	0	0	0	2	1	0	1	0	0	0	0	0	0	0	NaN	NaN
0	0	0	0	1	1	1	2	0	1	1	1	0	1	0	0	2	0	0	0	1	NaN	NaN
0	0	0	0	1	0	1	1	0	1	1	0	0	1	0	0	0	0	0	1	2	NaN	NaN
1	1	0	0	1	0	1	0	0	0	1	0	0	1	0	0	0	0	0	1	3	NaN	NaN
0	1	0	0	0	0	0	1	0	0	1	0	0	0	0	0	1	0	1	1	4	NaN	NaN
1	0	0	0	0	0	0	1	0	1	0	1	0	0	0	1	2	0	1	0	5	NaN	NaN
1	0	0	0	0	0	2	1	0	1	0	0	0	0	0	0	2	0	0	0	6	NaN	NaN
1	1	0	0	0	0	0	0	0	1	1	1	0	0	0	1	0	1	0	1	7	NaN	NaN
0	0	0	0	0	1	0	1	0	1	0	0	0	1	0	1	0	0	0	0	8	NaN	NaN
1	1	0	0	0	0	0	1	0	0	1	0	0	0	0	1	1	0	2	1	9	NaN	NaN
1	0	0	0	0	0	1	1	0	0	3	0	0	0	0	1	1	0	1	0	10	NaN	NaN
2	0	0	0	0	0	0	1	0	0	1	0	0	1	0	1	1	0	0	2	11	NaN	NaN
0	0	2	0	0	0	0	0	0	0	1	1	0	0	1	2	1	0	0	2	12	NaN	NaN
0	0	0	1	1	2	1	0	0	0	1	0	0	0	0	0	0	0	1	0	13	NaN	NaN
0	0	1	0	0	1	0	0	0	0	1	1	0	0	0	1	0	0	0	1	14	NaN	NaN
0	1	1	0	0	0	0	1	0	0	1	0	0	0	0	1	0	0	0	0	15	NaN	NaN
1	0	1	0	0	1	0	1	0	1	0	0	0	1	0	0	0	0	0	0	16	NaN	NaN
2	0	0	0	0	0	0	0	0	0	1	0	0	2	0	1	0	0	0	0	17	NaN	NaN
0	0	0	0	0	1	0	0	1	0	0	0	0	2	0	2	2	0	0	0	18	NaN	NaN
2	1	1	1	0	0	0	0	0	0	2	1	0	1	0	0	0	0	0	0	0	41.82207606434788	38.78713626923993
0	0	0	0	1	1	1	2	0	1	1	1	0	1	0	0	2	0	0	0	1	44.036807579462504	38.78713626923993
0	0	0	0	1	0	1	1	0	1	1	0	0	1	0	0	0	0	0	1	2	41.233801188759514	38.78713626923993
1	1	0	0	1	0	1	0	0	0	1	0	0	1	0	0	0	0	0	1	3	40.022220469341605	38.78713626923993
0	1	0	0	0	0	0	1	0	0	1	0	0	0	0	0	1	0	1	1	4	38.965198150335844	38.78713626923993
1	0	0	0	0	0	0	1	0	1	0	1	0	0	0	1	2	0	1	0	5	33.50408961577829	38.78713626923993
1	0	0	0	0	0	2	1	0	1	0	0	0	0	0	0	2	0	0	0	6	30.15977526040699	38.78713626923993
1	1	0	0	0	0	0	0	0	1	1	1	0	0	0	1	0	1	0	1	7	34.09511628002741	38.78713626923993
0	0	0	0	0	1	0	1	0	1	0	0	0	1	0	1	0	0	0	0	8	31.22438529492815	38.78713626923993
1	1	0	0	0	0	0	1	0	0	1	0	0	0	0	1	1	0	2	1	9	35.75505569052144	38.78713626923993
1	0	0	0	0	0	1	1	0	0	3	0	0	0	0	1	1	0	1	0	10	38.49631325461657	38.78713626923993
2	0	0	0	0	0	0	1	0	0	1	0	0	1	0	1	1	0	0	2	11	46.621359219068275	38.78713626923993
0	0	2	0	0	0	0	0	0	0	1	1	0	0	1	2	1	0	0	2	12	47.457400206415485	38.78713626923993
0	0	0	1	1	2	1	0	0	0	1	0	0	0	0	0	0	0	1	0	13	38.17136606690338	38.78713626923993
0	0	1	0	0	1	0	0	0	0	1	1	0	0	0	1	0	0	0	1	14	38.07713676350341	38.78713626923993
0	1	1	0	0	0	0	1	0	0	1	0	0	0	0	1	0	0	0	0	15	39.05848637550629	38.78713626923993
1	0	1	0	0	1	0	1	0	1	0	0	0	1	0	0	0	0	0	0	16	38.99309395505945	38.78713626923993
2	0	0	0	0	0	0	0	0	0	1	0	0	2	0	1	0	0	0	0	17	39.4691689041517	38.78713626923993
0	0	0	0	0	1	0	0	1	0	0	0	0	2	0	2	2	0	0	0	18	39.7927387764245	38.78713626923993
