0	0	0	0	0	3	2	1	0	0	0	0	0	1	0	1	0	0	2	2	0	NaN	NaN
1	0	1	0	0	1	0	2	0	0	0	1	0	1	0	0	3	0	2	1	1	NaN	NaN
1	0	1	0	0	0	0	0	0	1	0	0	0	0	0	1	0	0	2	2	2	NaN	NaN
2	0	0	0	0	0	1	3	1	0	1	1	0	1	0	1	2	0	3	3	3	NaN	NaN
6	2	1	1	0	0	1	3	1	1	3	1	1	0	0	2	3	0	4	3	4	NaN	NaN
1	0	0	0	0	0	1	2	0	1	0	0	0	2	0	0	0	0	0	1	5	NaN	NaN
1	0	0	1	0	0	0	1	0	0	1	1	1	1	0	0	1	0	1	1	6	NaN	NaN
2	0	0	0	0	0	0	1	0	0	0	0	0	1	0	2	0	0	0	1	7	NaN	NaN
0	0	0	0	0	1	0	2	1	1	0	0	0	1	0	0	1	1	1	1	8	NaN	NaN
3	0	0	1	0	0	0	1	0	0	0	1	0	1	0	0	0	0	0	2	9	NaN	NaN
1	0	1	0	0	1	0	1	0	1	1	1	0	1	0	0	1	0	0	0	10	NaN	NaN
0	0	0	0	0	3	2	1	0	0	0	0	0	1	0	1	0	0	2	2	0	NaN	NaN
1	0	1	0	0	1	0	2	0	0	0	1	0	1	0	0	3	0	2	1	1	NaN	NaN
1	0	1	0	0	0	0	0	0	1	0	0	0	0	0	1	0	0	2	2	2	NaN	NaN
2	0	0	0	0	0	1	3	1	0	1	1	0	1	0	1	2	0	3	3	3	NaN	NaN
6	2	1	1	0	0	1	3	1	1	3	1	1	0	0	2	3	0	4	3	4	NaN	NaN
1	0	0	0	0	0	1	2	0	1	0	0	0	2	0	0	0	0	0	1	5	NaN	NaN
1	0	0	1	0	0	0	1	0	0	1	1	1	1	0	0	1	0	1	1	6	NaN	NaN
2	0	0	0	0	0	0	1	0	0	0	0	0	1	0	2	0	0	0	1	7	NaN	NaN
0	0	0	0	0	1	0	2	1	1	0	0	0	1	0	0	1	1	1	1	8	NaN	NaN
3	0	0	1	0	0	0	1	0	0	0	1	0	1	0	0	0	0	0	2	9	NaN	NaN
1	0	1	0	0	1	0	1	0	1	1	1	0	1	0	0	1	0	0	0	10	NaN	NaN
0	0	0	0	0	3	2	1	0	0	0	0	0	1	0	1	0	0	2	2	0	NaN	NaN
1	0	1	0	0	1	0	1	0	1	1	1	0	1	0	0	1	0	0	0	1	NaN	NaN
3	0	0	1	0	0	0	1	0	0	0	1	0	1	0	0	0	0	0	2	2	NaN	NaN
0	0	0	0	0	1	0	2	1	1	0	0	0	1	0	0	1	1	1	1	3	NaN	NaN
2	0	0	0	0	0	0	1	0	0	0	0	0	1	0	2	0	0	0	1	4	NaN	NaN
1	0	0	1	0	0	0	1	0	0	1	1	1	1	0	0	1	0	1	1	5	NaN	NaN
1	0	0	0	0	0	1	2	0	1	0	0	0	2	0	0	0	0	0	1	6	NaN	NaN
6	2	1	1	0	0	1	3	1	1	3	1	1	0	0	2	3	0	4	3	7	NaN	NaN
2	0	0	0	0	0	1	3	1	0	1	1	0	1	0	1	2	0	3	3	8	NaN	NaN
1	0	1	0	0	0	0	0	0	1	0	0	0	0	0	1	0	0	2	2	9	NaN	NaN
1	0	1	0	0	1	0	2	0	0	0	1	0	1	0	0	3	0	2	1	10	NaN	NaN
0	0	0	0	0	3	2	1	0	0	0	0	0	1	0	1	0	0	1	2	0	34.197153367899986	37.11650923624461
1	0	1	0	0	1	0	2	0	0	0	1	0	1	0	0	3	0	2	0	1	38.782858732463886	37.11650923624461
1	0	1	0	0	0	0	0	0	1	0	0	0	0	0	1	0	0	2	2	2	33.54138654634408	37.11650923624461
1	0	0	0	0	0	1	2	1	0	0	1	0	0	0	0	1	0	2	1	3	34.81362676131379	37.11650923624461
2	0	1	0	0	0	0	0	1	0	0	0	0	0	0	2	1	0	2	0	4	35.343146458270056	37.11650923624461
3	0	0	0	0	0	1	1	0	0	1	0	1	0	0	0	0	0	1	0	5	38.43036534305857	37.11650923624461
1	0	0	0	0	0	0	1	0	0	1	0	0	1	0	0	1	0	1	2	6	35.1057047732637	37.11650923624461
1	1	0	0	0	0	0	0	0	0	0	1	0	0	0	0	2	0	1	2	7	36.10150073049378	37.11650923624461
1	0	0	0	0	0	1	2	0	1	0	0	0	2	0	0	0	0	0	1	8	38.41584965190327	37.11650923624461
0	0	0	1	0	0	0	1	0	0	1	1	1	1	0	0	1	0	1	0	9	39.215106286432	37.11650923624461
2	0	0	0	0	0	0	1	0	0	0	0	0	1	0	2	0	0	0	1	10	39.52797379415151	37.11650923624461
0	0	0	0	0	1	0	2	2	0	0	0	0	1	0	0	1	1	1	1	11	40.2405606673436	37.11650923624461
3	0	0	1	0	0	0	1	0	0	0	1	0	1	0	0	0	0	0	3	12	38.39582545850292	37.11650923624461
1	1	1	0	0	1	0	1	0	1	1	1	0	1	0	0	1	0	0	0	13	37.52007073598343	37.11650923624461
0	0	0	0	0	3	2	1	0	0	0	0	0	1	0	1	0	0	2	2	0	34.21479564029286	37.72305653551582
1	0	1	0	0	1	0	1	0	1	1	1	0	1	0	0	1	0	0	0	1	30.554310292264162	37.72305653551582
3	0	0	1	0	0	0	1	0	0	0	1	0	1	0	0	0	0	0	2	2	28.567494854160596	37.72305653551582
0	0	0	0	0	1	0	2	1	1	0	0	0	1	0	0	1	1	1	1	3	31.407761664436567	37.72305653551582
2	0	0	0	0	0	0	1	0	0	0	0	0	1	0	2	0	0	0	1	4	31.437647889187424	37.72305653551582
1	0	0	1	0	0	0	1	0	0	1	1	1	1	0	0	1	0	1	1	5	34.418653498326336	37.72305653551582
1	0	0	0	0	0	1	2	0	1	0	0	0	2	0	0	0	0	0	1	6	35.20780203330783	37.72305653551582
6	2	1	1	0	0	1	3	1	1	3	1	1	0	0	2	3	0	4	3	7	57.93948017403037	37.72305653551582
2	0	0	0	0	0	1	3	1	0	1	1	0	1	0	1	2	0	3	3	8	47.08001365440368	37.72305653551582
1	0	1	0	0	0	0	0	0	1	0	0	0	0	0	1	0	0	2	2	9	38.95533725501794	37.72305653551582
1	0	1	0	0	1	0	2	0	0	0	1	0	1	0	0	3	0	2	1	10	45.17032493524633	37.72305653551582
