3	0	1	1	1	3	0	1	1	1	1	4	0	2	0	3	10	0	0	2	0	NaN	NaN
1	0	5	1	0	1	2	1	1	2	2	1	0	1	1	5	7	0	1	2	1	NaN	NaN
1	0	5	1	0	1	2	1	1	2	2	1	0	1	1	5	7	0	1	2	2	NaN	NaN
3	0	1	1	1	3	0	1	1	1	1	4	0	2	0	3	10	0	0	2	3	NaN	NaN
1	0	5	1	0	1	2	1	1	2	2	1	0	1	1	5	7	0	1	2	4	NaN	NaN
3	0	1	1	1	3	0	1	1	1	1	4	0	2	0	3	10	0	0	2	5	NaN	NaN
1	0	5	1	0	1	2	1	1	2	2	1	0	1	1	5	7	0	1	2	6	NaN	NaN
3	0	1	1	1	3	0	1	1	1	1	4	0	2	0	3	10	0	0	2	7	NaN	NaN
1	0	5	1	0	1	2	1	1	2	2	1	0	1	1	5	7	0	1	2	8	NaN	NaN
3	0	1	1	1	3	0	1	1	1	1	4	0	2	0	3	10	0	0	2	9	NaN	NaN
1	0	5	1	0	1	2	1	1	2	2	1	0	1	1	5	7	0	1	2	10	NaN	NaN
3	0	1	1	1	3	0	1	1	1	1	4	0	2	0	3	10	0	0	2	11	NaN	NaN
3	0	1	1	1	3	0	1	1	1	1	4	0	2	0	3	10	0	0	2	12	NaN	NaN
1	0	5	1	0	1	2	1	1	2	2	1	0	1	1	5	7	0	1	2	13	NaN	NaN
