1	0	0	1	0	0	0	0	0	2	1	0	0	0	1	0	1	1	2	0	0	NaN	NaN
0	1	0	0	0	0	0	3	0	0	1	0	0	1	0	1	0	0	0	0	1	NaN	NaN
2	0	0	0	0	0	0	1	1	0	1	0	1	1	0	0	0	0	1	0	2	NaN	NaN
1	0	0	0	0	0	2	2	0	1	0	0	0	0	1	1	1	1	1	0	3	NaN	NaN
1	0	0	0	0	0	0	3	1	0	2	0	0	1	0	0	2	0	0	1	4	NaN	NaN
1	0	0	0	0	0	0	1	0	0	4	0	0	0	2	1	0	0	0	2	5	NaN	NaN
0	0	0	0	0	1	0	0	0	0	0	0	1	1	0	0	2	0	1	0	6	NaN	NaN
1	1	0	0	0	1	0	0	0	0	0	0	1	2	0	0	0	1	1	0	7	NaN	NaN
1	0	0	1	0	0	0	0	0	2	1	0	0	0	1	0	1	1	2	0	0	NaN	NaN
0	1	0	0	0	0	0	3	0	0	1	0	0	1	0	1	0	0	0	0	1	NaN	NaN
2	0	0	0	0	0	0	1	1	0	1	0	1	1	0	0	0	0	1	0	2	NaN	NaN
1	0	0	0	0	0	2	2	0	1	0	0	0	0	1	1	1	1	1	0	3	NaN	NaN
1	0	0	0	0	0	0	3	1	0	2	0	0	1	0	0	2	0	0	1	4	NaN	NaN
1	0	0	0	0	0	0	1	0	0	4	0	0	0	2	1	0	0	0	2	5	NaN	NaN
0	0	0	0	0	1	0	0	0	0	0	0	1	1	0	0	2	0	1	0	6	NaN	NaN
1	1	0	0	0	1	0	0	0	0	0	0	1	2	0	0	0	1	1	0	7	NaN	NaN
1	0	0	1	0	0	0	0	0	2	1	0	0	0	1	0	1	1	2	0	0	NaN	NaN
1	1	0	0	0	1	0	0	0	0	0	0	1	2	0	0	0	1	1	0	1	NaN	NaN
0	0	0	0	0	1	0	0	0	0	0	0	1	1	0	0	2	0	1	0	2	NaN	NaN
1	0	0	0	0	0	0	1	0	0	4	0	0	0	2	1	0	0	0	2	3	NaN	NaN
1	0	0	0	0	0	0	3	1	0	2	0	0	1	0	0	2	0	0	1	4	NaN	NaN
1	0	0	0	0	0	2	2	0	1	0	0	0	0	1	1	1	1	1	0	5	NaN	NaN
2	0	0	0	0	0	0	1	1	0	1	0	1	1	0	0	0	0	1	0	6	NaN	NaN
0	1	0	0	0	0	0	3	0	0	1	0	0	1	0	1	0	0	0	0	7	NaN	NaN
1	0	0	1	0	0	0	0	1	2	1	0	0	0	1	0	1	0	2	0	0	56.81244742703159	46.00145140567981
0	0	0	0	0	0	0	2	0	0	1	0	0	1	0	1	0	0	0	0	1	54.630767880206086	46.00145140567981
2	0	0	0	0	0	0	1	1	0	1	1	1	1	0	0	0	0	1	0	2	51.91389118985275	46.00145140567981
1	0	0	0	0	0	2	2	0	1	0	0	0	0	1	1	1	2	1	0	3	50.39617403698924	46.00145140567981
2	0	0	0	0	0	0	3	0	0	2	0	0	1	0	0	2	0	0	1	4	43.89049863018802	46.00145140567981
1	0	0	0	0	0	0	0	0	1	4	0	0	0	3	1	0	0	0	2	5	42.89222067590359	46.00145140567981
0	0	0	0	0	1	0	0	0	0	0	0	1	1	0	0	1	0	1	0	6	24.596461481507056	46.00145140567981
1	1	0	0	0	1	0	0	0	0	0	0	1	2	0	0	0	1	1	0	7	42.87914992376019	46.00145140567981
1	0	0	1	0	0	0	0	0	2	1	0	0	0	1	0	1	1	2	0	0	53.60021613971882	44.40953258109353
1	1	0	0	0	1	0	0	0	0	0	0	1	2	0	0	0	1	1	0	1	44.293774496776706	44.40953258109353
0	0	0	0	0	1	0	0	0	0	0	0	1	1	0	0	2	0	1	0	2	36.95202257075954	44.40953258109353
1	0	0	0	0	0	0	1	0	0	4	0	0	0	2	1	0	0	0	2	3	45.93759808967658	44.40953258109353
1	0	0	0	0	0	0	3	1	0	2	0	0	1	0	0	2	0	0	1	4	44.82776162320631	44.40953258109353
1	0	0	0	0	0	2	2	0	1	0	0	0	0	1	1	1	1	1	0	5	44.03847518497192	44.40953258109353
2	0	0	0	0	0	0	1	1	0	1	0	1	1	0	0	0	0	1	0	6	43.136538696540576	44.40953258109353
0	1	0	0	0	0	0	3	0	0	1	0	0	1	0	1	0	0	0	0	7	42.489873847097776	44.40953258109353
1	0	0	1	0	0	0	0	0	2	1	0	0	0	1	0	1	1	2	0	0	53.60021613971882	44.40953258109353
1	1	0	0	0	1	0	0	0	0	0	0	1	2	0	0	0	1	1	0	1	44.293774496776706	44.40953258109353
0	0	0	0	0	1	0	0	0	0	0	0	1	1	0	0	2	0	1	0	2	36.95202257075954	44.40953258109353
1	0	0	0	0	0	0	1	0	0	4	0	0	0	2	1	0	0	0	2	3	45.93759808967658	44.40953258109353
1	0	0	0	0	0	0	3	1	0	2	0	0	1	0	0	2	0	0	1	4	44.82776162320631	44.40953258109353
1	0	0	0	0	0	2	2	0	1	0	0	0	0	1	1	1	1	1	0	5	44.03847518497192	44.40953258109353
2	0	0	0	0	0	0	1	1	0	1	0	1	1	0	0	0	0	1	0	6	43.136538696540576	44.40953258109353
0	1	0	0	0	0	0	3	0	0	1	0	0	1	0	1	0	0	0	0	7	42.489873847097776	44.40953258109353
1	0	0	1	0	0	0	0	1	2	1	0	0	0	1	0	1	0	2	0	0	56.81244742703159	46.00145140567981
0	0	0	0	0	0	0	2	0	0	1	0	0	1	0	1	0	0	0	0	1	54.630767880206086	46.00145140567981
2	0	0	0	0	0	0	1	1	0	1	1	1	1	0	0	0	0	1	0	2	51.91389118985275	46.00145140567981
1	0	0	0	0	0	2	2	0	1	0	0	0	0	1	1	1	2	1	0	3	50.39617403698924	46.00145140567981
2	0	0	0	0	0	0	3	0	0	2	0	0	1	0	0	2	0	0	1	4	43.89049863018802	46.00145140567981
1	0	0	0	0	0	0	0	0	1	4	0	0	0	3	1	0	0	0	2	5	42.89222067590359	46.00145140567981
0	0	0	0	0	1	0	0	0	0	0	0	1	1	0	0	1	0	1	0	6	24.596461481507056	46.00145140567981
1	1	0	0	0	1	0	0	0	0	0	0	1	2	0	0	0	1	1	0	7	42.87914992376019	46.00145140567981
1	0	0	1	0	0	0	0	1	2	1	0	0	0	1	0	1	0	2	0	0	56.81244742703159	46.00145140567981
0	0	0	0	0	0	0	2	0	0	1	0	0	1	0	1	0	0	0	0	1	54.630767880206086	46.00145140567981
2	0	0	0	0	0	0	1	1	0	1	1	1	1	0	0	0	0	1	0	2	51.91389118985275	46.00145140567981
1	0	0	0	0	0	2	2	0	1	0	0	0	0	1	1	1	2	1	0	3	50.39617403698924	46.00145140567981
2	0	0	0	0	0	0	3	0	0	2	0	0	1	0	0	2	0	0	1	4	43.89049863018802	46.00145140567981
1	0	0	0	0	0	0	0	0	1	4	0	0	0	3	1	0	0	0	2	5	42.89222067590359	46.00145140567981
0	0	0	0	0	1	0	0	0	0	0	0	1	1	0	0	1	0	1	0	6	24.596461481507056	46.00145140567981
1	1	0	0	0	1	0	0	0	0	0	0	1	2	0	0	0	1	1	0	7	42.87914992376019	46.00145140567981
1	0	0	1	0	0	0	0	0	2	1	0	0	0	1	0	1	1	2	0	0	53.60021613971882	44.40953258109353
1	1	0	0	0	1	0	0	0	0	0	0	1	2	0	0	0	1	1	0	1	44.293774496776706	44.40953258109353
0	0	0	0	0	1	0	0	0	0	0	0	1	1	0	0	2	0	1	0	2	36.95202257075954	44.40953258109353
1	0	0	0	0	0	0	1	0	0	4	0	0	0	2	1	0	0	0	2	3	45.93759808967658	44.40953258109353
1	0	0	0	0	0	0	3	1	0	2	0	0	1	0	0	2	0	0	1	4	44.82776162320631	44.40953258109353
1	0	0	0	0	0	2	2	0	1	0	0	0	0	1	1	1	1	1	0	5	44.03847518497192	44.40953258109353
2	0	0	0	0	0	0	1	1	0	1	0	1	1	0	0	0	0	1	0	6	43.136538696540576	44.40953258109353
0	1	0	0	0	0	0	3	0	0	1	0	0	1	0	1	0	0	0	0	7	42.489873847097776	44.40953258109353
