0	0	0	0	0	0	1	0	0	0	1	2	0	0	0	0	1	0	1	0	0	NaN	NaN
0	0	0	0	0	0	1	0	0	2	0	0	0	0	0	0	0	0	0	0	1	NaN	NaN
0	0	0	0	0	0	0	0	0	0	0	1	0	1	0	0	1	0	0	0	2	NaN	NaN
0	0	0	0	0	0	0	0	0	0	1	0	0	0	0	0	1	0	0	0	3	NaN	NaN
1	1	0	0	0	0	0	0	0	1	0	1	0	1	0	0	0	0	1	1	4	NaN	NaN
0	0	0	0	1	0	0	0	0	0	1	0	1	0	0	0	1	0	0	1	5	NaN	NaN
0	0	0	0	0	0	0	0	0	0	0	0	0	0	0	0	1	0	1	0	6	NaN	NaN
0	0	1	0	0	0	0	0	0	0	1	0	0	0	0	1	0	0	0	2	7	NaN	NaN
0	0	1	0	0	0	0	0	0	1	0	2	0	1	0	1	1	0	0	0	8	NaN	NaN
0	0	0	0	0	0	2	0	0	0	0	0	0	0	0	0	0	0	0	2	9	NaN	NaN
0	0	0	0	0	0	1	0	0	0	1	2	0	0	0	0	1	0	1	0	0	NaN	NaN
0	0	0	0	0	0	1	0	0	2	0	0	0	0	0	0	0	0	0	0	1	NaN	NaN
0	0	0	0	0	0	0	0	0	0	0	1	0	1	0	0	1	0	0	0	2	NaN	NaN
0	0	0	0	0	0	0	0	0	0	1	0	0	0	0	0	1	0	0	0	3	NaN	NaN
1	1	0	0	0	0	0	0	0	1	0	1	0	1	0	0	0	0	1	1	4	NaN	NaN
0	0	0	0	1	0	0	0	0	0	1	0	1	0	0	0	1	0	0	1	5	NaN	NaN
0	0	0	0	0	0	0	0	0	0	0	0	0	0	0	0	1	0	1	0	6	NaN	NaN
0	0	1	0	0	0	0	0	0	0	1	0	0	0	0	1	0	0	0	2	7	NaN	NaN
0	0	1	0	0	0	0	0	0	1	0	2	0	1	0	1	1	0	0	0	8	NaN	NaN
0	0	0	0	0	0	2	0	0	0	0	0	0	0	0	0	0	0	0	2	9	NaN	NaN
0	0	0	0	0	0	1	0	0	0	1	2	0	0	0	0	1	0	1	0	0	NaN	NaN
0	0	0	0	0	0	1	0	0	2	0	0	0	0	0	0	0	0	0	0	1	NaN	NaN
0	0	0	0	0	0	0	0	0	0	0	1	0	1	0	0	1	0	0	0	2	NaN	NaN
0	0	0	0	0	0	0	0	0	0	1	0	0	0	0	0	1	0	0	0	3	NaN	NaN
0	0	0	0	0	0	0	0	0	0	0	0	0	0	0	0	1	0	1	0	4	NaN	NaN
0	0	1	0	0	0	0	0	0	0	1	0	0	0	0	1	0	0	0	2	5	NaN	NaN
0	0	1	0	0	0	0	0	0	1	0	2	0	1	0	1	1	0	0	0	6	NaN	NaN
0	0	0	0	0	0	2	0	0	0	0	0	0	0	0	0	0	0	0	2	7	NaN	NaN
0	0	0	0	1	0	0	0	0	0	1	0	1	0	0	0	1	0	0	1	8	NaN	NaN
1	1	0	0	0	0	0	0	0	1	0	1	0	1	0	0	0	0	1	1	9	NaN	NaN
0	0	0	0	0	0	1	0	0	0	1	2	0	0	0	0	1	0	1	0	0	37.69728574916765	35.461737801922354
0	0	0	0	0	0	1	0	0	2	0	0	0	0	0	0	0	0	0	0	1	35.91445548711715	35.461737801922354
0	0	0	0	0	0	0	0	0	0	0	1	0	1	0	0	1	0	0	0	2	35.035074397146815	35.461737801922354
0	0	0	0	0	0	0	0	0	0	1	0	0	0	0	0	1	0	0	0	3	46.44503574950478	35.461737801922354
0	0	0	0	0	0	0	0	0	0	0	0	0	0	0	0	1	0	1	0	4	26.873679504283096	35.461737801922354
0	0	1	0	0	0	0	0	0	0	1	0	0	0	0	1	0	0	0	2	5	18.745454267143785	35.461737801922354
0	0	1	0	0	0	0	0	0	1	0	2	0	1	0	1	1	0	0	0	6	31.402784231278247	35.461737801922354
0	0	0	0	0	0	2	0	0	0	0	0	0	0	0	0	0	0	0	2	7	46.58210599381144	35.461737801922354
0	0	0	0	1	0	0	0	0	0	1	0	1	0	0	0	1	0	0	1	8	39.247565439476034	35.461737801922354
1	1	0	0	0	0	0	0	0	1	0	1	0	1	0	0	0	0	1	1	9	36.673937200294546	35.461737801922354
0	0	1	0	0	0	1	0	0	0	1	2	0	0	0	0	1	0	1	0	0	59.27964718830913	56.546054015027295
0	0	0	0	0	0	0	0	0	0	0	0	0	0	0	0	0	0	0	0	1	0	56.546054015027295
0	0	0	0	0	0	0	0	0	0	0	1	0	1	0	0	0	0	0	0	2	37.26596347487978	56.546054015027295
0	0	1	0	0	0	3	0	0	1	0	0	0	0	0	0	0	0	0	2	3	47.23309915952909	56.546054015027295
0	0	0	0	0	0	0	0	0	0	0	1	0	1	0	1	1	0	0	0	4	52.97136652003437	56.546054015027295
0	0	1	0	0	0	0	0	0	0	0	0	0	0	0	1	0	0	0	2	5	74.17272953481583	56.546054015027295
0	1	0	0	0	0	0	0	0	0	0	0	0	0	0	0	2	0	1	0	6	82.87208548272739	56.546054015027295
0	0	0	0	0	0	0	0	0	0	1	0	1	0	0	0	1	0	0	0	7	73.71805948008904	56.546054015027295
0	2	0	0	0	0	0	0	0	1	0	1	0	1	0	0	0	0	1	0	8	81.40153529486102	56.546054015027295
0	0	0	0	0	0	1	0	0	0	1	2	0	0	0	0	1	0	1	0	0	37.69728574916765	35.461737801922354
0	0	0	0	0	0	1	0	0	2	0	0	0	0	0	0	0	0	0	0	1	35.91445548711715	35.461737801922354
0	0	0	0	0	0	0	0	0	0	0	1	0	1	0	0	1	0	0	0	2	35.035074397146815	35.461737801922354
0	0	0	0	0	0	0	0	0	0	1	0	0	0	0	0	1	0	0	0	3	46.44503574950478	35.461737801922354
0	0	0	0	0	0	0	0	0	0	0	0	0	0	0	0	1	0	1	0	4	26.873679504283096	35.461737801922354
0	0	1	0	0	0	0	0	0	0	1	0	0	0	0	1	0	0	0	2	5	18.745454267143785	35.461737801922354
0	0	1	0	0	0	0	0	0	1	0	2	0	1	0	1	1	0	0	0	6	31.402784231278247	35.461737801922354
0	0	0	0	0	0	2	0	0	0	0	0	0	0	0	0	0	0	0	2	7	46.58210599381144	35.461737801922354
0	0	0	0	1	0	0	0	0	0	1	0	1	0	0	0	1	0	0	1	8	39.247565439476034	35.461737801922354
1	1	0	0	0	0	0	0	0	1	0	1	0	1	0	0	0	0	1	1	9	36.673937200294546	35.461737801922354
0	0	1	0	0	0	1	0	0	0	1	2	0	0	0	0	1	0	1	0	0	59.27964718830913	56.546054015027295
0	0	0	0	0	0	0	0	0	0	0	0	0	0	0	0	0	0	0	0	1	0	56.546054015027295
0	0	0	0	0	0	0	0	0	0	0	1	0	1	0	0	0	0	0	0	2	37.26596347487978	56.546054015027295
0	0	1	0	0	0	3	0	0	1	0	0	0	0	0	0	0	0	0	2	3	47.23309915952909	56.546054015027295
0	0	0	0	0	0	0	0	0	0	0	1	0	1	0	1	1	0	0	0	4	52.97136652003437	56.546054015027295
0	0	1	0	0	0	0	0	0	0	0	0	0	0	0	1	0	0	0	2	5	74.17272953481583	56.546054015027295
0	1	0	0	0	0	0	0	0	0	0	0	0	0	0	0	2	0	1	0	6	82.87208548272739	56.546054015027295
0	0	0	0	0	0	0	0	0	0	1	0	1	0	0	0	1	0	0	0	7	73.71805948008904	56.546054015027295
0	2	0	0	0	0	0	0	0	1	0	1	0	1	0	0	0	0	1	0	8	81.40153529486102	56.546054015027295
