2	0	0	0	0	0	0	0	0	0	1	0	0	0	0	2	2	0	0	0	0	NaN	NaN
1	1	0	1	0	0	1	2	0	0	0	0	0	0	0	0	0	0	1	2	1	NaN	NaN
3	3	0	1	0	0	1	1	0	0	0	0	0	0	0	0	0	0	1	1	2	NaN	NaN
0	1	0	1	0	1	1	2	0	0	3	0	0	1	0	0	2	0	1	1	3	NaN	NaN
1	0	0	1	0	2	0	1	1	1	2	0	0	0	0	1	1	0	1	1	4	NaN	NaN
1	1	0	1	0	2	1	1	0	0	2	1	0	2	0	1	1	1	1	0	5	NaN	NaN
3	2	0	1	0	1	2	2	0	0	1	2	0	0	0	3	0	0	2	1	6	NaN	NaN
3	2	2	1	0	2	0	2	0	1	3	2	1	1	1	2	0	0	1	1	7	NaN	NaN
1	1	0	1	0	2	2	3	1	0	2	0	0	0	0	0	4	0	1	1	8	NaN	NaN
1	1	0	0	0	1	0	2	0	1	3	2	0	0	0	0	3	0	1	0	9	NaN	NaN
0	1	0	1	0	1	1	2	0	0	1	0	0	0	0	1	1	2	0	2	10	NaN	NaN
0	0	0	1	0	0	0	2	0	1	1	0	0	2	1	0	1	1	1	0	11	NaN	NaN
1	0	0	0	0	0	1	0	0	0	0	0	0	0	0	2	0	1	3	2	12	NaN	NaN
0	0	0	0	0	0	3	3	0	1	0	2	0	0	0	0	2	0	1	0	13	NaN	NaN
2	1	3	1	0	1	1	0	0	1	3	0	0	1	1	1	0	0	0	0	14	NaN	NaN
0	1	0	0	0	1	2	5	0	1	2	1	0	1	0	2	1	0	1	1	15	NaN	NaN
1	0	0	0	0	0	1	1	0	0	2	0	0	0	0	3	3	0	3	0	16	NaN	NaN
0	1	1	0	0	0	0	0	0	0	3	0	0	0	0	1	0	1	1	0	17	NaN	NaN
1	0	0	0	0	1	0	3	0	0	1	0	0	0	0	1	0	0	0	1	18	NaN	NaN
1	1	1	0	0	0	0	1	0	0	2	0	1	0	0	0	0	0	1	1	19	NaN	NaN
2	0	1	0	0	0	0	0	0	0	0	0	0	0	0	0	1	0	0	2	20	NaN	NaN
0	1	1	0	0	0	0	1	0	0	1	0	0	1	0	1	0	0	0	1	21	NaN	NaN
2	0	0	0	0	0	0	0	0	0	1	0	0	0	0	2	2	0	0	0	0	NaN	NaN
1	1	0	1	0	0	1	2	0	0	0	0	0	0	0	0	0	0	1	2	1	NaN	NaN
3	3	0	1	0	0	1	1	0	0	0	0	0	0	0	0	0	0	1	1	2	NaN	NaN
0	1	0	1	0	1	1	2	0	0	3	0	0	1	0	0	2	0	1	1	3	NaN	NaN
1	0	0	1	0	2	0	1	1	1	2	0	0	0	0	1	1	0	1	1	4	NaN	NaN
1	1	0	1	0	2	1	1	0	0	2	1	0	2	0	1	1	1	1	0	5	NaN	NaN
3	2	0	1	0	1	2	2	0	0	1	2	0	0	0	3	0	0	2	1	6	NaN	NaN
3	2	2	1	0	2	0	2	0	1	3	2	1	1	1	2	0	0	1	1	7	NaN	NaN
1	1	0	1	0	2	2	3	1	0	2	0	0	0	0	0	4	0	1	1	8	NaN	NaN
1	1	0	0	0	1	0	2	0	1	3	2	0	0	0	0	3	0	1	0	9	NaN	NaN
0	1	0	1	0	1	1	2	0	0	1	0	0	0	0	1	1	2	0	2	10	NaN	NaN
0	0	0	1	0	0	0	2	0	1	1	0	0	2	1	0	1	1	1	0	11	NaN	NaN
1	0	0	0	0	0	1	0	0	0	0	0	0	0	0	2	0	1	3	2	12	NaN	NaN
0	0	0	0	0	0	3	3	0	1	0	2	0	0	0	0	2	0	1	0	13	NaN	NaN
2	1	3	1	0	1	1	0	0	1	3	0	0	1	1	1	0	0	0	0	14	NaN	NaN
0	1	0	0	0	1	2	5	0	1	2	1	0	1	0	2	1	0	1	1	15	NaN	NaN
1	0	0	0	0	0	1	1	0	0	2	0	0	0	0	3	3	0	3	0	16	NaN	NaN
0	1	1	0	0	0	0	0	0	0	3	0	0	0	0	1	0	1	1	0	17	NaN	NaN
1	0	0	0	0	1	0	3	0	0	1	0	0	0	0	1	0	0	0	1	18	NaN	NaN
1	1	1	0	0	0	0	1	0	0	2	0	1	0	0	0	0	0	1	1	19	NaN	NaN
2	0	1	0	0	0	0	0	0	0	0	0	0	0	0	0	1	0	0	2	20	NaN	NaN
0	1	1	0	0	0	0	1	0	0	1	0	0	1	0	1	0	0	0	1	21	NaN	NaN
2	0	0	0	0	0	0	0	0	0	1	0	0	0	0	2	2	0	0	0	0	NaN	NaN
1	1	0	1	0	0	1	2	0	0	0	0	0	0	0	0	0	0	1	2	1	NaN	NaN
3	3	0	1	0	0	1	1	0	0	0	0	0	0	0	0	0	0	1	1	2	NaN	NaN
0	1	0	1	0	1	1	2	0	0	3	0	0	1	0	0	2	0	1	1	3	NaN	NaN
1	0	0	1	0	2	0	1	1	1	2	0	0	0	0	1	1	0	1	1	4	NaN	NaN
1	1	0	1	0	2	1	1	0	0	2	1	0	2	0	1	1	1	1	0	5	NaN	NaN
3	2	0	1	0	1	2	2	0	0	1	2	0	0	0	3	0	0	2	1	6	NaN	NaN
3	2	2	1	0	2	0	2	0	1	3	2	1	1	1	2	0	0	1	1	7	NaN	NaN
1	1	0	1	0	2	2	3	1	0	2	0	0	0	0	0	4	0	1	1	8	NaN	NaN
1	1	0	0	0	1	0	2	0	1	3	2	0	0	0	0	3	0	1	0	9	NaN	NaN
0	1	0	1	0	1	1	2	0	0	1	0	0	0	0	1	1	2	0	2	10	NaN	NaN
1	0	0	0	0	0	1	0	0	0	0	0	0	0	0	2	0	1	3	2	11	NaN	NaN
2	1	3	1	0	1	1	0	0	1	3	0	0	1	1	1	0	0	0	0	12	NaN	NaN
0	0	0	1	0	0	0	2	0	1	1	0	0	2	1	0	1	1	1	0	13	NaN	NaN
0	0	0	0	0	0	3	3	0	1	0	2	0	0	0	0	2	0	1	0	14	NaN	NaN
0	1	0	0	0	1	2	5	0	1	2	1	0	1	0	2	1	0	1	1	15	NaN	NaN
1	0	0	0	0	0	1	1	0	0	2	0	0	0	0	3	3	0	3	0	16	NaN	NaN
0	1	1	0	0	0	0	0	0	0	3	0	0	0	0	1	0	1	1	0	17	NaN	NaN
1	0	0	0	0	1	0	3	0	0	1	0	0	0	0	1	0	0	0	1	18	NaN	NaN
1	1	1	0	0	0	0	1	0	0	2	0	1	0	0	0	0	0	1	1	19	NaN	NaN
2	0	1	0	0	0	0	0	0	0	0	0	0	0	0	0	1	0	0	2	20	NaN	NaN
0	1	1	0	0	0	0	1	0	0	1	0	0	1	0	1	0	0	0	1	21	NaN	NaN
2	0	0	0	0	0	0	0	0	0	1	0	0	0	0	2	2	0	0	0	0	43.760536913360504	42.62593959580958
1	2	0	2	0	0	1	1	0	0	0	0	0	0	0	0	0	0	1	2	1	44.905345690772485	42.62593959580958
3	3	0	1	0	0	1	1	0	0	0	0	0	0	0	0	0	0	1	1	2	45.526999843113614	42.62593959580958
0	1	0	1	0	1	1	2	0	0	2	0	0	1	0	0	2	0	1	1	3	46.190753928463785	42.62593959580958
1	0	0	1	0	2	0	1	1	1	2	0	0	0	0	1	1	0	1	1	4	42.81493554386807	42.62593959580958
1	3	1	6	0	0	1	3	0	0	4	1	0	2	0	3	2	2	2	1	5	51.12417423450893	42.62593959580958
4	2	0	1	0	1	2	3	0	0	1	1	0	1	0	3	0	0	2	1	6	50.191308892591216	42.62593959580958
3	1	2	1	0	1	0	2	0	1	3	2	1	1	1	2	0	0	1	0	7	44.87346787564874	42.62593959580958
2	2	2	1	0	2	2	3	0	0	4	0	0	1	1	0	3	0	1	1	8	46.63549029169667	42.62593959580958
1	1	0	0	0	2	0	3	0	1	2	2	0	0	1	1	6	0	2	0	9	45.621023500321876	42.62593959580958
0	1	0	1	0	1	1	2	0	0	1	0	0	0	0	1	1	2	0	2	10	37.807923937698966	42.62593959580958
0	0	0	0	0	0	0	2	0	1	1	0	0	1	1	0	1	0	1	0	11	39.194998911741926	42.62593959580958
1	0	0	0	0	0	1	0	0	0	0	0	0	0	0	2	0	2	3	2	12	36.05589304327288	42.62593959580958
0	0	0	0	0	0	3	3	0	1	0	2	0	0	0	0	2	0	1	0	13	36.815533413204825	42.62593959580958
2	1	3	1	0	0	1	0	0	1	4	0	0	1	1	1	0	0	0	0	14	38.10082827846633	42.62593959580958
0	1	0	0	0	1	2	5	0	0	1	1	0	1	0	2	1	0	0	1	15	42.71733838747172	42.62593959580958
1	0	0	0	0	0	1	1	0	0	2	0	0	0	0	3	3	0	3	0	16	40.889576202276245	42.62593959580958
0	2	1	0	0	0	0	0	1	0	3	0	0	1	1	1	1	1	0	0	17	38.62923101286997	42.62593959580958
1	0	0	1	0	2	0	3	0	0	1	0	0	0	0	2	0	0	1	1	18	35.1605615141267	42.62593959580958
1	2	1	0	0	1	0	3	0	0	2	1	1	0	0	0	0	0	2	1	19	38.505019475993535	42.62593959580958
2	1	3	1	0	1	0	0	0	0	1	0	0	1	0	0	2	1	2	2	20	50.25163012808038	42.62593959580958
0	2	1	0	0	0	1	2	0	0	1	0	0	1	1	2	0	0	1	1	21	41.99810008826148	42.62593959580958
2	0	0	0	0	0	0	0	0	0	1	0	0	0	0	2	2	0	0	0	0	34.77909736875977	40.439693540419306
1	1	0	1	0	0	1	2	0	0	0	0	0	0	0	0	0	0	1	2	1	35.0128939957777	40.439693540419306
3	3	0	1	0	0	1	1	0	0	0	0	0	0	0	0	0	0	1	1	2	36.034742991354804	40.439693540419306
0	1	0	1	0	1	1	2	0	0	3	0	0	1	0	0	2	0	1	1	3	37.495326449484665	40.439693540419306
1	0	0	1	0	2	0	1	1	1	2	0	0	0	0	1	1	0	1	1	4	32.94506618626902	40.439693540419306
1	1	0	1	0	2	1	1	0	0	2	1	0	2	0	1	1	1	1	0	5	33.565653527245445	40.439693540419306
3	2	0	1	0	1	2	2	0	0	1	2	0	0	0	3	0	0	2	1	6	38.012993265929325	40.439693540419306
3	2	2	1	0	2	0	2	0	1	3	2	1	1	1	2	0	0	1	1	7	41.24205129154973	40.439693540419306
1	1	0	1	0	2	2	3	1	0	2	0	0	0	0	0	4	0	1	1	8	32.84393406196866	40.439693540419306
1	1	0	0	0	1	0	2	0	1	3	2	0	0	0	0	3	0	1	0	9	40.423276770568755	40.439693540419306
0	1	0	1	0	1	1	2	0	0	1	0	0	0	0	1	1	2	0	2	10	39.51059064457642	40.439693540419306
1	0	0	0	0	0	1	0	0	0	0	0	0	0	0	2	0	1	3	2	11	41.87592255986298	40.439693540419306
2	1	3	1	0	1	1	0	0	1	3	0	0	1	1	1	0	0	0	0	12	41.313362250120015	40.439693540419306
0	0	0	1	0	0	0	2	0	1	1	0	0	2	1	0	1	1	1	0	13	48.45385186789546	40.439693540419306
0	0	0	0	0	0	3	3	0	1	0	2	0	0	0	0	2	0	1	0	14	44.534784641005444	40.439693540419306
0	1	0	0	0	1	2	5	0	1	2	1	0	1	0	2	1	0	1	1	15	50.19948274471255	40.439693540419306
1	0	0	0	0	0	1	1	0	0	2	0	0	0	0	3	3	0	3	0	16	49.61080247972331	40.439693540419306
0	1	1	0	0	0	0	0	0	0	3	0	0	0	0	1	0	1	1	0	17	44.782331413650056	40.439693540419306
1	0	0	0	0	1	0	3	0	0	1	0	0	0	0	1	0	0	0	1	18	45.09542903709155	40.439693540419306
1	1	1	0	0	0	0	1	0	0	2	0	1	0	0	0	0	0	1	1	19	45.45442299894191	40.439693540419306
2	0	1	0	0	0	0	0	0	0	0	0	0	0	0	0	1	0	0	2	20	39.88953158571606	40.439693540419306
0	1	1	0	0	0	0	1	0	0	1	0	0	1	0	1	0	0	0	1	21	36.59770975702094	40.439693540419306
2	0	0	0	0	0	0	0	0	0	1	0	0	0	0	2	2	0	0	0	0	34.77909736875977	40.439693540419306
1	1	0	1	0	0	1	2	0	0	0	0	0	0	0	0	0	0	1	2	1	35.0128939957777	40.439693540419306
3	3	0	1	0	0	1	1	0	0	0	0	0	0	0	0	0	0	1	1	2	36.034742991354804	40.439693540419306
0	1	0	1	0	1	1	2	0	0	3	0	0	1	0	0	2	0	1	1	3	37.495326449484665	40.439693540419306
1	0	0	1	0	2	0	1	1	1	2	0	0	0	0	1	1	0	1	1	4	32.94506618626902	40.439693540419306
1	1	0	1	0	2	1	1	0	0	2	1	0	2	0	1	1	1	1	0	5	33.565653527245445	40.439693540419306
3	2	0	1	0	1	2	2	0	0	1	2	0	0	0	3	0	0	2	1	6	38.012993265929325	40.439693540419306
3	2	2	1	0	2	0	2	0	1	3	2	1	1	1	2	0	0	1	1	7	41.24205129154973	40.439693540419306
1	1	0	1	0	2	2	3	1	0	2	0	0	0	0	0	4	0	1	1	8	32.84393406196866	40.439693540419306
1	1	0	0	0	1	0	2	0	1	3	2	0	0	0	0	3	0	1	0	9	40.423276770568755	40.439693540419306
0	1	0	1	0	1	1	2	0	0	1	0	0	0	0	1	1	2	0	2	10	39.51059064457642	40.439693540419306
1	0	0	0	0	0	1	0	0	0	0	0	0	0	0	2	0	1	3	2	11	41.87592255986298	40.439693540419306
2	1	3	1	0	1	1	0	0	1	3	0	0	1	1	1	0	0	0	0	12	41.313362250120015	40.439693540419306
0	0	0	1	0	0	0	2	0	1	1	0	0	2	1	0	1	1	1	0	13	48.45385186789546	40.439693540419306
0	0	0	0	0	0	3	3	0	1	0	2	0	0	0	0	2	0	1	0	14	44.534784641005444	40.439693540419306
0	1	0	0	0	1	2	5	0	1	2	1	0	1	0	2	1	0	1	1	15	50.19948274471255	40.439693540419306
1	0	0	0	0	0	1	1	0	0	2	0	0	0	0	3	3	0	3	0	16	49.61080247972331	40.439693540419306
0	1	1	0	0	0	0	0	0	0	3	0	0	0	0	1	0	1	1	0	17	44.782331413650056	40.439693540419306
1	0	0	0	0	1	0	3	0	0	1	0	0	0	0	1	0	0	0	1	18	45.09542903709155	40.439693540419306
1	1	1	0	0	0	0	1	0	0	2	0	1	0	0	0	0	0	1	1	19	45.45442299894191	40.439693540419306
2	0	1	0	0	0	0	0	0	0	0	0	0	0	0	0	1	0	0	2	20	39.88953158571606	40.439693540419306
0	1	1	0	0	0	0	1	0	0	1	0	0	1	0	1	0	0	0	1	21	36.59770975702094	40.439693540419306
2	0	0	0	0	0	0	0	0	0	1	0	0	0	0	2	2	0	0	0	0	43.760536913360504	42.62593959580958
1	2	0	2	0	0	1	1	0	0	0	0	0	0	0	0	0	0	1	2	1	44.905345690772485	42.62593959580958
3	3	0	1	0	0	1	1	0	0	0	0	0	0	0	0	0	0	1	1	2	45.526999843113614	42.62593959580958
0	1	0	1	0	1	1	2	0	0	2	0	0	1	0	0	2	0	1	1	3	46.190753928463785	42.62593959580958
1	0	0	1	0	2	0	1	1	1	2	0	0	0	0	1	1	0	1	1	4	42.81493554386807	42.62593959580958
1	3	1	6	0	0	1	3	0	0	4	1	0	2	0	3	2	2	2	1	5	51.12417423450893	42.62593959580958
4	2	0	1	0	1	2	3	0	0	1	1	0	1	0	3	0	0	2	1	6	50.191308892591216	42.62593959580958
3	1	2	1	0	1	0	2	0	1	3	2	1	1	1	2	0	0	1	0	7	44.87346787564874	42.62593959580958
2	2	2	1	0	2	2	3	0	0	4	0	0	1	1	0	3	0	1	1	8	46.63549029169667	42.62593959580958
1	1	0	0	0	2	0	3	0	1	2	2	0	0	1	1	6	0	2	0	9	45.621023500321876	42.62593959580958
0	1	0	1	0	1	1	2	0	0	1	0	0	0	0	1	1	2	0	2	10	37.807923937698966	42.62593959580958
0	0	0	0	0	0	0	2	0	1	1	0	0	1	1	0	1	0	1	0	11	39.194998911741926	42.62593959580958
1	0	0	0	0	0	1	0	0	0	0	0	0	0	0	2	0	2	3	2	12	36.05589304327288	42.62593959580958
0	0	0	0	0	0	3	3	0	1	0	2	0	0	0	0	2	0	1	0	13	36.815533413204825	42.62593959580958
2	1	3	1	0	0	1	0	0	1	4	0	0	1	1	1	0	0	0	0	14	38.10082827846633	42.62593959580958
0	1	0	0	0	1	2	5	0	0	1	1	0	1	0	2	1	0	0	1	15	42.71733838747172	42.62593959580958
1	0	0	0	0	0	1	1	0	0	2	0	0	0	0	3	3	0	3	0	16	40.889576202276245	42.62593959580958
0	2	1	0	0	0	0	0	1	0	3	0	0	1	1	1	1	1	0	0	17	38.62923101286997	42.62593959580958
1	0	0	1	0	2	0	3	0	0	1	0	0	0	0	2	0	0	1	1	18	35.1605615141267	42.62593959580958
1	2	1	0	0	1	0	3	0	0	2	1	1	0	0	0	0	0	2	1	19	38.505019475993535	42.62593959580958
2	1	3	1	0	1	0	0	0	0	1	0	0	1	0	0	2	1	2	2	20	50.25163012808038	42.62593959580958
0	2	1	0	0	0	1	2	0	0	1	0	0	1	1	2	0	0	1	1	21	41.99810008826148	42.62593959580958
2	0	0	0	0	0	0	0	0	0	1	0	0	0	0	2	2	0	0	0	0	43.760536913360504	42.62593959580958
1	2	0	2	0	0	1	1	0	0	0	0	0	0	0	0	0	0	1	2	1	44.905345690772485	42.62593959580958
3	3	0	1	0	0	1	1	0	0	0	0	0	0	0	0	0	0	1	1	2	45.526999843113614	42.62593959580958
0	1	0	1	0	1	1	2	0	0	2	0	0	1	0	0	2	0	1	1	3	46.190753928463785	42.62593959580958
1	0	0	1	0	2	0	1	1	1	2	0	0	0	0	1	1	0	1	1	4	42.81493554386807	42.62593959580958
1	3	1	6	0	0	1	3	0	0	4	1	0	2	0	3	2	2	2	1	5	51.12417423450893	42.62593959580958
4	2	0	1	0	1	2	3	0	0	1	1	0	1	0	3	0	0	2	1	6	50.191308892591216	42.62593959580958
3	1	2	1	0	1	0	2	0	1	3	2	1	1	1	2	0	0	1	0	7	44.87346787564874	42.62593959580958
2	2	2	1	0	2	2	3	0	0	4	0	0	1	1	0	3	0	1	1	8	46.63549029169667	42.62593959580958
1	1	0	0	0	2	0	3	0	1	2	2	0	0	1	1	6	0	2	0	9	45.621023500321876	42.62593959580958
0	1	0	1	0	1	1	2	0	0	1	0	0	0	0	1	1	2	0	2	10	37.807923937698966	42.62593959580958
0	0	0	0	0	0	0	2	0	1	1	0	0	1	1	0	1	0	1	0	11	39.194998911741926	42.62593959580958
1	0	0	0	0	0	1	0	0	0	0	0	0	0	0	2	0	2	3	2	12	36.05589304327288	42.62593959580958
0	0	0	0	0	0	3	3	0	1	0	2	0	0	0	0	2	0	1	0	13	36.815533413204825	42.62593959580958
2	1	3	1	0	0	1	0	0	1	4	0	0	1	1	1	0	0	0	0	14	38.10082827846633	42.62593959580958
0	1	0	0	0	1	2	5	0	0	1	1	0	1	0	2	1	0	0	1	15	42.71733838747172	42.62593959580958
1	0	0	0	0	0	1	1	0	0	2	0	0	0	0	3	3	0	3	0	16	40.889576202276245	42.62593959580958
0	2	1	0	0	0	0	0	1	0	3	0	0	1	1	1	1	1	0	0	17	38.62923101286997	42.62593959580958
1	0	0	1	0	2	0	3	0	0	1	0	0	0	0	2	0	0	1	1	18	35.1605615141267	42.62593959580958
1	2	1	0	0	1	0	3	0	0	2	1	1	0	0	0	0	0	2	1	19	38.505019475993535	42.62593959580958
2	1	3	1	0	1	0	0	0	0	1	0	0	1	0	0	2	1	2	2	20	50.25163012808038	42.62593959580958
0	2	1	0	0	0	1	2	0	0	1	0	0	1	1	2	0	0	1	1	21	41.99810008826148	42.62593959580958
2	0	0	0	0	0	0	0	0	0	1	0	0	0	0	2	2	0	0	0	0	34.77909736875977	40.439693540419306
1	1	0	1	0	0	1	2	0	0	0	0	0	0	0	0	0	0	1	2	1	35.0128939957777	40.439693540419306
3	3	0	1	0	0	1	1	0	0	0	0	0	0	0	0	0	0	1	1	2	36.034742991354804	40.439693540419306
0	1	0	1	0	1	1	2	0	0	3	0	0	1	0	0	2	0	1	1	3	37.495326449484665	40.439693540419306
1	0	0	1	0	2	0	1	1	1	2	0	0	0	0	1	1	0	1	1	4	32.94506618626902	40.439693540419306
1	1	0	1	0	2	1	1	0	0	2	1	0	2	0	1	1	1	1	0	5	33.565653527245445	40.439693540419306
3	2	0	1	0	1	2	2	0	0	1	2	0	0	0	3	0	0	2	1	6	38.012993265929325	40.439693540419306
3	2	2	1	0	2	0	2	0	1	3	2	1	1	1	2	0	0	1	1	7	41.24205129154973	40.439693540419306
1	1	0	1	0	2	2	3	1	0	2	0	0	0	0	0	4	0	1	1	8	32.84393406196866	40.439693540419306
1	1	0	0	0	1	0	2	0	1	3	2	0	0	0	0	3	0	1	0	9	40.423276770568755	40.439693540419306
0	1	0	1	0	1	1	2	0	0	1	0	0	0	0	1	1	2	0	2	10	39.51059064457642	40.439693540419306
1	0	0	0	0	0	1	0	0	0	0	0	0	0	0	2	0	1	3	2	11	41.87592255986298	40.439693540419306
2	1	3	1	0	1	1	0	0	1	3	0	0	1	1	1	0	0	0	0	12	41.313362250120015	40.439693540419306
0	0	0	1	0	0	0	2	0	1	1	0	0	2	1	0	1	1	1	0	13	48.45385186789546	40.439693540419306
0	0	0	0	0	0	3	3	0	1	0	2	0	0	0	0	2	0	1	0	14	44.534784641005444	40.439693540419306
0	1	0	0	0	1	2	5	0	1	2	1	0	1	0	2	1	0	1	1	15	50.19948274471255	40.439693540419306
1	0	0	0	0	0	1	1	0	0	2	0	0	0	0	3	3	0	3	0	16	49.61080247972331	40.439693540419306
0	1	1	0	0	0	0	0	0	0	3	0	0	0	0	1	0	1	1	0	17	44.782331413650056	40.439693540419306
1	0	0	0	0	1	0	3	0	0	1	0	0	0	0	1	0	0	0	1	18	45.09542903709155	40.439693540419306
1	1	1	0	0	0	0	1	0	0	2	0	1	0	0	0	0	0	1	1	19	45.45442299894191	40.439693540419306
2	0	1	0	0	0	0	0	0	0	0	0	0	0	0	0	1	0	0	2	20	39.88953158571606	40.439693540419306
0	1	1	0	0	0	0	1	0	0	1	0	0	1	0	1	0	0	0	1	21	36.59770975702094	40.439693540419306
