1	0	0	1	0	0	0	2	1	0	2	1	0	0	0	0	0	0	1	2	0	57.615356005546495	44.12518498190956
1	1	0	1	0	1	1	2	0	0	1	1	1	1	0	0	2	0	1	0	1	58.25915636376913	44.12518498190956
0	0	1	0	0	1	1	2	0	0	0	0	0	0	0	0	1	1	2	0	2	55.51408014913375	44.12518498190956
2	1	0	0	0	0	0	1	0	0	2	1	0	1	0	0	1	0	0	0	3	53.75892398690824	44.12518498190956
0	1	1	1	0	0	0	1	0	0	0	0	0	1	0	1	0	0	2	0	4	55.68726943607932	44.12518498190956
1	1	1	0	0	0	0	2	0	0	0	0	0	0	0	1	1	0	1	1	5	44.316298822489706	44.12518498190956
1	0	1	1	0	1	0	2	0	0	2	1	0	1	0	0	0	0	1	1	6	36.08416280578895	44.12518498190956
0	0	0	1	0	0	0	4	0	1	0	0	0	0	0	2	0	0	1	1	7	37.57629848891774	44.12518498190956
3	0	0	1	0	0	0	3	0	1	0	0	0	1	0	0	0	0	1	1	8	31.79686718758189	44.12518498190956
2	0	0	0	0	1	1	1	0	0	1	2	0	0	0	0	1	1	1	0	9	31.560179986343066	44.12518498190956
3	1	2	0	0	0	1	1	0	2	1	0	0	0	1	0	3	0	2	0	10	39.55253276862323	44.12518498190956
2	0	1	1	0	2	0	1	0	0	2	1	0	1	0	1	1	0	1	2	11	40.67487683066205	44.12518498190956
2	0	0	0	0	0	0	0	0	1	0	2	0	0	1	2	1	0	1	0	12	31.708947241058155	44.12518498190956
1	0	1	1	0	0	1	1	0	0	1	0	0	1	0	0	1	0	3	2	13	39.85284680125717	44.12518498190956
0	0	1	1	0	0	0	0	0	2	0	0	1	0	0	1	1	0	2	1	14	43.35248560085021	44.12518498190956
1	0	0	0	0	0	0	1	0	1	0	0	0	0	0	0	0	0	1	3	15	48.69267723554392	44.12518498190956
1	0	1	0	0	1	1	1	0	2	0	0	0	0	0	0	0	0	2	3	0	47.65338747977046	44.11291852940709
0	0	0	1	0	0	0	0	0	2	0	0	0	0	0	1	1	0	2	1	1	38.301114532172406	44.11291852940709
1	0	1	2	0	0	1	1	0	0	1	0	0	2	0	0	1	0	3	3	2	42.71823754838767	44.11291852940709
2	1	0	1	0	0	0	0	0	1	0	3	0	0	1	2	1	0	1	0	3	39.83618278088295	44.11291852940709
1	0	0	1	0	2	0	0	0	0	2	0	0	0	0	0	1	0	0	2	4	38.96885444275838	44.11291852940709
2	0	1	0	0	0	1	1	0	0	1	0	0	0	0	0	1	0	2	0	5	39.755235975426864	44.11291852940709
2	0	0	1	0	1	1	1	0	0	1	1	0	0	0	0	1	1	1	0	6	40.51175241213341	44.11291852940709
3	0	0	0	0	0	0	3	0	1	0	0	0	0	0	0	0	0	1	1	7	42.082357791946805	44.11291852940709
0	0	0	0	0	0	1	2	0	1	0	0	0	0	0	2	0	0	1	1	8	41.82742821049653	44.11291852940709
1	0	1	0	0	1	0	0	0	0	0	0	0	1	0	0	0	0	1	1	9	39.66253307413273	44.11291852940709
1	1	0	0	0	0	0	2	0	0	0	0	0	0	0	0	1	0	1	2	10	49.54906921701808	44.11291852940709
0	1	1	1	0	0	0	1	0	0	0	0	0	1	0	1	0	0	1	0	11	53.723605465765615	44.11291852940709
2	1	0	0	0	0	0	1	0	0	2	1	0	1	0	0	1	0	0	0	12	47.680496074997265	44.11291852940709
0	0	1	0	0	1	1	2	0	0	0	0	0	1	0	0	1	1	2	0	13	47.58516656566802	44.11291852940709
1	1	0	0	0	0	1	2	0	0	1	1	0	1	0	0	1	0	0	0	14	47.721205871284894	44.11291852940709
1	0	0	1	0	0	0	2	1	0	2	2	0	0	0	0	0	0	2	2	15	48.23006902767143	44.11291852940709
