0	1	1	0	0	0	0	2	0	0	1	0	0	1	0	1	0	0	0	1	0	NaN	NaN
1	0	0	0	0	0	0	2	0	0	0	1	0	1	0	2	0	0	1	2	1	NaN	NaN
0	1	2	2	0	0	0	1	0	0	1	0	0	1	0	1	0	0	1	0	2	NaN	NaN
1	1	0	1	0	0	0	1	0	1	1	2	0	0	0	1	2	0	1	0	3	NaN	NaN
0	2	0	1	0	1	0	1	2	2	1	1	1	0	0	1	0	0	0	1	4	NaN	NaN
2	4	5	1	0	1	1	2	1	1	2	1	0	2	0	2	7	0	2	0	5	NaN	NaN
2	2	2	1	0	1	4	1	1	2	4	4	0	0	0	0	0	0	4	2	6	NaN	NaN
1	0	0	2	0	0	1	1	1	2	0	1	0	0	0	0	2	0	1	1	7	NaN	NaN
0	2	0	1	0	0	0	2	0	0	2	1	0	1	0	0	2	0	1	1	8	NaN	NaN
0	0	2	0	0	1	0	1	0	1	1	0	0	1	2	4	0	1	0	2	9	NaN	NaN
2	0	1	0	0	0	0	0	1	0	0	0	0	1	0	4	0	0	1	0	10	NaN	NaN
1	2	2	0	0	0	1	1	0	1	0	0	0	1	0	0	1	0	1	0	11	NaN	NaN
2	0	1	0	0	1	0	1	0	1	0	0	0	1	0	1	1	1	1	0	12	NaN	NaN
4	2	3	1	0	0	1	3	1	1	2	2	0	2	0	2	3	2	4	2	13	NaN	NaN
1	2	4	0	0	0	1	3	1	1	3	1	0	0	0	2	1	1	1	5	14	NaN	NaN
0	1	1	0	0	0	0	1	0	0	1	0	0	0	0	0	0	0	1	2	15	NaN	NaN
0	1	1	0	0	0	0	2	0	0	1	0	0	1	0	1	0	0	0	1	0	NaN	NaN
1	0	0	0	0	0	0	2	0	0	0	1	0	1	0	2	0	0	1	2	1	NaN	NaN
0	1	2	2	0	0	0	1	0	0	1	0	0	1	0	1	0	0	1	0	2	NaN	NaN
1	1	0	1	0	0	0	1	0	1	1	2	0	0	0	1	2	0	1	0	3	NaN	NaN
0	2	0	1	0	1	0	1	2	2	1	1	1	0	0	1	0	0	0	1	4	NaN	NaN
2	4	5	1	0	1	1	2	1	1	2	1	0	2	0	2	7	0	2	0	5	NaN	NaN
2	2	2	1	0	1	4	1	1	2	4	4	0	0	0	0	0	0	4	2	6	NaN	NaN
1	0	0	2	0	0	1	1	1	2	0	1	0	0	0	0	2	0	1	1	7	NaN	NaN
0	2	0	1	0	0	0	2	0	0	2	1	0	1	0	0	2	0	1	1	8	NaN	NaN
0	0	2	0	0	1	0	1	0	1	1	0	0	1	2	4	0	1	0	2	9	NaN	NaN
2	0	1	0	0	0	0	0	1	0	0	0	0	1	0	4	0	0	1	0	10	NaN	NaN
1	2	2	0	0	0	1	1	0	1	0	0	0	1	0	0	1	0	1	0	11	NaN	NaN
2	0	1	0	0	1	0	1	0	1	0	0	0	1	0	1	1	1	1	0	12	NaN	NaN
4	2	3	1	0	0	1	3	1	1	2	2	0	2	0	2	3	2	4	2	13	NaN	NaN
1	2	4	0	0	0	1	3	1	1	3	1	0	0	0	2	1	1	1	5	14	NaN	NaN
0	1	1	0	0	0	0	1	0	0	1	0	0	0	0	0	0	0	1	2	15	NaN	NaN
0	1	1	0	0	0	0	2	0	0	1	0	0	1	0	1	0	0	0	1	0	NaN	NaN
0	1	1	0	0	0	0	1	0	0	1	0	0	0	0	0	0	0	1	2	1	NaN	NaN
1	2	4	0	0	0	1	3	1	1	3	1	0	0	0	2	1	1	1	5	2	NaN	NaN
4	2	3	1	0	0	1	3	1	1	2	2	0	2	0	2	3	2	4	2	3	NaN	NaN
2	0	1	0	0	1	0	1	0	1	0	0	0	1	0	1	1	1	1	0	4	NaN	NaN
1	2	2	0	0	0	1	1	0	1	0	0	0	1	0	0	1	0	1	0	5	NaN	NaN
2	0	1	0	0	0	0	0	1	0	0	0	0	1	0	4	0	0	1	0	6	NaN	NaN
0	0	2	0	0	1	0	1	0	1	1	0	0	1	2	4	0	1	0	2	7	NaN	NaN
0	2	0	1	0	0	0	2	0	0	2	1	0	1	0	0	2	0	1	1	8	NaN	NaN
1	0	0	2	0	0	1	1	1	2	0	1	0	0	0	0	2	0	1	1	9	NaN	NaN
2	2	2	1	0	1	4	1	1	2	4	4	0	0	0	0	0	0	4	2	10	NaN	NaN
2	4	5	1	0	1	1	2	1	1	2	1	0	2	0	2	7	0	2	0	11	NaN	NaN
0	2	0	1	0	1	0	1	2	2	1	1	1	0	0	1	0	0	0	1	12	NaN	NaN
1	1	0	1	0	0	0	1	0	1	1	2	0	0	0	1	2	0	1	0	13	NaN	NaN
0	1	2	2	0	0	0	1	0	0	1	0	0	1	0	1	0	0	1	0	14	NaN	NaN
1	0	0	0	0	0	0	2	0	0	0	1	0	1	0	2	0	0	1	2	15	NaN	NaN
0	1	1	0	0	0	0	2	0	0	1	0	0	1	0	1	0	1	0	1	0	47.117495256679874	40.76434102825171
1	0	0	0	0	0	0	2	0	0	0	0	0	1	0	2	0	0	1	2	1	46.47931914133643	40.76434102825171
0	1	2	2	0	0	0	1	0	0	1	0	0	2	0	1	0	0	1	0	2	45.519069817641274	40.76434102825171
1	1	0	1	0	0	0	1	0	1	1	2	0	0	0	1	2	0	1	0	3	42.30786709583795	40.76434102825171
0	2	0	1	0	1	0	1	3	2	1	1	1	0	0	1	0	0	0	1	4	40.741530420224976	40.76434102825171
1	1	2	0	0	1	1	1	0	0	1	0	0	0	0	1	4	0	2	0	5	39.25739471665419	40.76434102825171
2	1	1	1	0	0	2	0	0	0	2	2	0	0	0	0	0	0	2	1	6	39.20882281489756	40.76434102825171
1	3	2	1	0	0	0	1	1	1	0	0	0	2	0	1	3	0	0	0	7	41.09593573089831	40.76434102825171
0	1	1	0	0	1	1	1	1	2	2	1	0	0	0	0	1	0	2	0	8	37.27601190682884	40.76434102825171
1	0	1	1	0	0	1	1	1	2	0	1	0	0	1	0	3	0	1	1	9	37.95165354898176	40.76434102825171
0	2	0	1	0	0	0	2	0	0	2	2	0	2	0	0	3	0	1	1	10	37.51470661520115	40.76434102825171
0	0	2	0	0	0	0	1	0	1	1	0	0	1	1	4	0	1	0	1	11	38.32309681243921	40.76434102825171
2	0	1	0	0	0	0	0	1	0	0	0	0	1	0	4	0	1	1	0	12	41.09111758078043	40.76434102825171
3	2	2	1	0	0	2	2	0	3	0	1	0	1	0	1	2	0	1	0	13	46.976887299744575	40.76434102825171
2	0	1	0	0	1	0	1	0	1	0	0	0	2	0	1	1	1	1	0	14	37.82183868372739	40.76434102825171
1	0	1	0	0	0	1	2	1	1	1	1	0	0	0	1	0	0	2	0	15	37.56674827968538	40.76434102825171
1	1	0	0	0	0	0	1	1	0	1	2	0	1	1	2	1	0	0	2	16	36.27836492590364	40.76434102825171
2	1	0	0	0	0	0	0	0	0	1	0	0	0	0	1	1	1	1	0	17	36.50796836282054	40.76434102825171
0	2	0	0	0	1	1	2	0	1	1	1	0	0	0	0	0	1	1	1	18	37.59394839095642	40.76434102825171
1	0	2	1	0	0	0	2	0	0	0	1	0	2	0	0	0	1	0	2	19	38.04960389633358	40.76434102825171
0	0	5	0	0	0	0	0	0	0	2	1	0	2	0	1	0	0	0	3	20	45.13084415214201	40.76434102825171
0	2	1	1	0	0	0	2	0	0	1	0	0	0	0	0	0	0	1	3	21	47.00527717182216	40.76434102825171
0	1	1	0	0	0	0	2	0	0	1	0	0	1	0	1	0	0	0	1	0	45.70139377290412	40.77891051678308
0	1	1	0	0	0	0	1	0	0	1	0	0	0	0	0	0	0	1	2	1	45.90629487441692	40.77891051678308
1	2	4	0	0	0	1	3	1	1	3	1	0	0	0	2	1	1	1	5	2	37.04911808616571	40.77891051678308
4	2	3	1	0	0	1	3	1	1	2	2	0	2	0	2	3	2	4	2	3	44.19155290340807	40.77891051678308
2	0	1	0	0	1	0	1	0	1	0	0	0	1	0	1	1	1	1	0	4	44.711782183388884	40.77891051678308
1	2	2	0	0	0	1	1	0	1	0	0	0	1	0	0	1	0	1	0	5	44.0548000478402	40.77891051678308
2	0	1	0	0	0	0	0	1	0	0	0	0	1	0	4	0	0	1	0	6	42.31613598873545	40.77891051678308
0	0	2	0	0	1	0	1	0	1	1	0	0	1	2	4	0	1	0	2	7	38.856177429164184	40.77891051678308
0	2	0	1	0	0	0	2	0	0	2	1	0	1	0	0	2	0	1	1	8	33.62641909443872	40.77891051678308
1	0	0	2	0	0	1	1	1	2	0	1	0	0	0	0	2	0	1	1	9	32.173871788287364	40.77891051678308
2	2	2	1	0	1	4	1	1	2	4	4	0	0	0	0	0	0	4	2	10	42.63452212861151	40.77891051678308
2	4	5	1	0	1	1	2	1	1	2	1	0	2	0	2	7	0	2	0	11	43.36820062251737	40.77891051678308
0	2	0	1	0	1	0	1	2	2	1	1	1	0	0	1	0	0	0	1	12	35.47536370689403	40.77891051678308
1	1	0	1	0	0	0	1	0	1	1	2	0	0	0	1	2	0	1	0	13	36.71122062309059	40.77891051678308
0	1	2	2	0	0	0	1	0	0	1	0	0	1	0	1	0	0	1	0	14	41.579556376148645	40.77891051678308
1	0	0	0	0	0	0	2	0	0	0	1	0	1	0	2	0	0	1	2	15	44.106158642517464	40.77891051678308
