1	1	0	0	0	0	1	2	0	1	1	1	0	0	0	2	2	0	1	2	0	50.866889632334264	41.471771180016624
1	0	0	1	0	1	1	4	0	2	1	2	0	1	0	1	3	0	0	2	1	53.48851435486454	41.471771180016624
1	0	0	0	0	1	1	0	0	1	0	0	0	0	0	0	0	1	0	1	2	49.78016298338034	41.471771180016624
0	0	0	0	0	1	0	1	0	1	1	0	0	1	0	1	0	0	0	0	3	52.577372833932614	41.471771180016624
0	2	1	0	0	0	0	1	0	0	2	0	0	0	0	0	0	0	0	1	4	56.72477549678467	41.471771180016624
0	1	0	1	0	0	0	0	0	1	0	0	0	0	0	1	0	0	1	1	5	40.23004737748029	41.471771180016624
0	0	0	0	0	1	0	1	0	0	1	0	0	0	0	2	0	0	1	1	6	33.74821335086458	41.471771180016624
1	0	1	0	0	0	1	1	1	0	0	0	0	1	0	1	0	0	2	0	7	31.625859172382146	41.471771180016624
1	1	0	0	0	1	0	2	0	0	0	1	0	2	0	0	0	0	2	1	8	30.50272249391219	41.471771180016624
0	1	0	0	0	1	1	1	1	1	1	1	0	0	0	1	0	0	2	1	9	34.48336964371365	41.471771180016624
3	0	0	1	0	3	0	0	0	0	0	0	0	0	0	1	0	0	0	2	10	33.11893035933005	41.471771180016624
2	0	0	0	0	1	1	0	0	0	1	0	0	0	0	1	2	0	0	1	11	35.08665685325254	41.471771180016624
1	1	0	0	0	0	0	2	1	0	0	1	0	1	1	1	1	0	1	2	12	38.754887506434464	41.471771180016624
1	0	0	1	0	1	1	1	0	0	0	0	0	0	0	0	0	0	1	3	13	37.25729175837	41.471771180016624
2	0	0	0	0	1	0	1	0	0	2	0	0	0	0	1	0	1	0	1	14	38.654079873951574	41.471771180016624
2	1	0	0	0	0	0	3	1	0	1	1	0	0	0	0	1	0	0	2	15	46.64856518927807	41.471771180016624
1	1	0	0	0	0	1	2	0	1	1	1	0	1	0	2	3	0	1	2	0	45.440923677983754	41.431254828949534
2	1	0	0	0	0	0	3	1	0	1	0	0	0	0	0	1	0	0	2	1	39.300692627303896	41.431254828949534
2	0	0	0	0	1	0	1	0	0	2	0	0	0	0	2	0	1	0	1	2	35.31465403396476	41.431254828949534
1	0	0	1	0	1	1	1	0	0	0	0	0	0	0	0	0	0	1	3	3	33.83699337063142	41.431254828949534
1	0	0	0	0	0	0	0	1	0	0	0	0	0	0	1	0	0	1	1	4	34.4702679358892	41.431254828949534
2	0	1	0	0	1	1	0	0	0	1	0	0	0	0	1	2	0	0	1	5	38.67118215372885	41.431254828949534
3	0	0	1	0	3	0	0	0	0	0	1	0	0	0	1	0	0	1	2	6	34.58901531063882	41.431254828949534
0	1	0	1	0	1	1	1	1	1	1	1	0	0	0	1	0	0	2	1	7	39.05595184369775	41.431254828949534
1	0	1	0	0	0	0	1	1	0	0	1	0	1	0	0	0	0	2	0	8	39.387509469040495	41.431254828949534
1	1	0	0	0	1	0	2	0	0	0	1	0	1	0	0	0	0	2	1	9	37.18258534205311	41.431254828949534
0	0	0	0	0	1	0	1	0	0	0	0	0	0	0	2	0	0	1	1	10	39.879113976123705	41.431254828949534
0	1	0	0	0	0	0	0	0	1	1	0	0	0	0	1	0	0	1	1	11	51.79106599904974	41.431254828949534
0	2	0	0	0	0	0	1	0	0	2	1	0	0	0	0	0	0	0	1	12	53.15749486504072	41.431254828949534
0	0	0	0	0	0	0	1	0	1	1	1	0	1	0	0	0	0	0	0	13	46.8950967783151	41.431254828949534
1	0	0	0	0	2	1	0	0	1	0	1	0	0	0	0	0	1	0	1	14	47.97276767014995	41.431254828949534
0	0	0	2	0	1	2	3	0	2	1	2	0	1	0	0	2	0	0	3	15	45.95476220958128	41.431254828949534
