2	1	0	0	0	0	0	1	0	0	1	0	0	1	0	1	0	1	0	0	0	NaN	NaN
1	0	0	0	0	0	0	0	0	0	0	1	0	0	0	1	0	0	0	2	1	NaN	NaN
0	0	1	0	0	0	0	0	0	0	2	0	0	1	0	1	2	0	0	0	2	NaN	NaN
0	1	0	0	1	1	1	0	0	0	2	0	1	0	0	0	2	0	0	0	3	NaN	NaN
0	1	0	0	0	0	0	0	0	0	0	0	0	0	0	1	0	0	2	0	4	NaN	NaN
0	0	0	0	0	0	1	0	0	0	0	0	0	0	0	2	1	0	1	3	5	NaN	NaN
1	0	0	0	0	1	0	1	0	0	2	0	0	0	0	2	0	0	1	0	6	NaN	NaN
1	0	0	0	0	0	0	0	0	0	1	0	1	0	0	0	1	0	1	0	7	NaN	NaN
2	1	0	0	0	0	0	1	0	0	1	0	0	1	0	1	0	1	0	0	0	NaN	NaN
1	0	0	0	0	0	0	0	0	0	0	1	0	0	0	1	0	0	0	2	1	NaN	NaN
0	0	1	0	0	0	0	0	0	0	2	0	0	1	0	1	2	0	0	0	2	NaN	NaN
0	1	0	0	1	1	1	0	0	0	2	0	1	0	0	0	2	0	0	0	3	NaN	NaN
0	1	0	0	0	0	0	0	0	0	0	0	0	0	0	1	0	0	2	0	4	NaN	NaN
0	0	0	0	0	0	1	0	0	0	0	0	0	0	0	2	1	0	1	3	5	NaN	NaN
1	0	0	0	0	1	0	1	0	0	2	0	0	0	0	2	0	0	1	0	6	NaN	NaN
1	0	0	0	0	0	0	0	0	0	1	0	1	0	0	0	1	0	1	0	7	NaN	NaN
2	1	0	0	0	0	0	1	0	0	1	0	0	1	0	1	0	1	0	0	0	NaN	NaN
1	0	0	0	0	0	0	0	0	0	1	0	1	0	0	0	1	0	1	0	1	NaN	NaN
0	0	1	0	0	0	0	0	0	0	2	0	0	1	0	1	2	0	0	0	2	NaN	NaN
1	0	0	0	0	1	0	1	0	0	2	0	0	0	0	2	0	0	1	0	3	NaN	NaN
0	1	0	0	1	1	1	0	0	0	2	0	1	0	0	0	2	0	0	0	4	NaN	NaN
0	1	0	0	0	0	0	0	0	0	0	0	0	0	0	1	0	0	2	0	5	NaN	NaN
0	0	0	0	0	0	1	0	0	0	0	0	0	0	0	2	1	0	1	3	6	NaN	NaN
1	0	0	0	0	0	0	0	0	0	0	1	0	0	0	1	0	0	0	2	7	NaN	NaN
2	1	0	0	0	0	0	1	0	0	1	0	0	1	0	1	0	1	0	0	0	54.940024867238485	49.23785955319316
1	0	0	0	0	0	0	0	0	0	1	0	1	0	0	0	1	0	1	0	1	50.851066237576276	49.23785955319316
0	0	1	0	0	0	0	0	0	0	2	0	0	1	0	1	2	0	0	0	2	47.579025375802644	49.23785955319316
1	0	0	0	0	1	0	1	0	0	2	0	0	0	0	2	0	0	1	0	3	55.290243461796834	49.23785955319316
0	1	0	0	1	1	1	0	0	0	2	0	1	0	0	0	2	0	0	0	4	61.91973023626615	49.23785955319316
0	1	0	0	0	0	0	0	0	0	0	0	0	0	0	1	0	0	2	0	5	25.813127291678857	49.23785955319316
0	0	0	0	0	0	1	0	0	0	0	0	0	0	0	2	1	0	1	3	6	43.83003873149329	49.23785955319316
1	0	0	0	0	0	0	0	0	0	0	1	0	0	0	1	0	0	0	2	7	53.67962022369271	49.23785955319316
1	1	0	0	0	0	0	1	0	0	1	0	0	1	0	1	0	1	0	0	0	52.25730092439924	49.68048299867644
0	0	0	0	0	0	0	0	0	0	0	1	0	0	0	1	0	0	0	2	1	41.090727636387555	49.68048299867644
0	0	1	0	0	0	0	0	0	0	2	0	0	0	0	1	2	0	0	0	2	44.750222497360284	49.68048299867644
0	1	0	0	0	1	0	0	0	0	2	0	1	0	1	0	2	0	0	0	3	56.0865840454852	49.68048299867644
0	1	0	0	0	0	0	0	0	0	0	0	0	0	0	1	0	0	2	0	4	31.923357592730483	49.68048299867644
0	0	0	0	0	0	1	0	0	0	0	0	0	0	0	3	2	0	1	3	5	50.83412951935094	49.68048299867644
1	0	0	0	0	1	0	1	0	0	2	0	0	0	0	2	0	0	1	0	6	63.978961679637486	49.68048299867644
1	0	0	0	0	0	0	0	0	0	1	0	0	0	0	0	1	0	1	0	7	56.52258009406029	49.68048299867644
2	1	0	0	0	0	0	1	0	0	1	0	0	1	0	1	0	1	0	0	0	54.940024867238485	49.23785955319316
1	0	0	0	0	0	0	0	0	0	1	0	1	0	0	0	1	0	1	0	1	50.851066237576276	49.23785955319316
0	0	1	0	0	0	0	0	0	0	2	0	0	1	0	1	2	0	0	0	2	47.579025375802644	49.23785955319316
1	0	0	0	0	1	0	1	0	0	2	0	0	0	0	2	0	0	1	0	3	55.290243461796834	49.23785955319316
0	1	0	0	1	1	1	0	0	0	2	0	1	0	0	0	2	0	0	0	4	61.91973023626615	49.23785955319316
0	1	0	0	0	0	0	0	0	0	0	0	0	0	0	1	0	0	2	0	5	25.813127291678857	49.23785955319316
0	0	0	0	0	0	1	0	0	0	0	0	0	0	0	2	1	0	1	3	6	43.83003873149329	49.23785955319316
1	0	0	0	0	0	0	0	0	0	0	1	0	0	0	1	0	0	0	2	7	53.67962022369271	49.23785955319316
1	1	0	0	0	0	0	1	0	0	1	0	0	1	0	1	0	1	0	0	0	52.25730092439924	49.68048299867644
0	0	0	0	0	0	0	0	0	0	0	1	0	0	0	1	0	0	0	2	1	41.090727636387555	49.68048299867644
0	0	1	0	0	0	0	0	0	0	2	0	0	0	0	1	2	0	0	0	2	44.750222497360284	49.68048299867644
0	1	0	0	0	1	0	0	0	0	2	0	1	0	1	0	2	0	0	0	3	56.0865840454852	49.68048299867644
0	1	0	0	0	0	0	0	0	0	0	0	0	0	0	1	0	0	2	0	4	31.923357592730483	49.68048299867644
0	0	0	0	0	0	1	0	0	0	0	0	0	0	0	3	2	0	1	3	5	50.83412951935094	49.68048299867644
1	0	0	0	0	1	0	1	0	0	2	0	0	0	0	2	0	0	1	0	6	63.978961679637486	49.68048299867644
1	0	0	0	0	0	0	0	0	0	1	0	0	0	0	0	1	0	1	0	7	56.52258009406029	49.68048299867644
