0	0	0	0	0	0	0	0	0	0	0	1	1	0	0	0	0	0	0	1	0	NaN	NaN
0	0	0	0	0	0	1	0	0	0	1	0	0	0	0	0	0	1	1	0	1	NaN	NaN
0	0	0	1	0	0	0	0	0	1	0	0	0	0	0	0	0	0	1	1	2	NaN	NaN
1	0	0	1	0	0	0	0	0	1	0	0	0	1	0	1	1	0	1	1	3	NaN	NaN
0	1	0	0	0	0	1	0	0	0	0	0	0	1	0	0	0	0	1	0	4	NaN	NaN
2	0	0	0	0	0	1	0	0	0	0	1	0	1	0	0	2	0	0	1	5	NaN	NaN
1	0	0	0	0	1	1	0	0	1	1	0	0	1	0	0	0	0	0	0	6	NaN	NaN
1	0	0	0	0	0	0	0	0	0	0	0	1	0	0	0	0	0	0	1	7	NaN	NaN
0	0	0	0	0	0	0	0	0	0	0	1	1	0	0	0	0	0	0	1	0	NaN	NaN
0	0	0	0	0	0	1	0	0	0	1	0	0	0	0	0	0	1	1	0	1	NaN	NaN
0	0	0	1	0	0	0	0	0	1	0	0	0	0	0	0	0	0	1	1	2	NaN	NaN
1	0	0	1	0	0	0	0	0	1	0	0	0	1	0	1	1	0	1	1	3	NaN	NaN
0	1	0	0	0	0	1	0	0	0	0	0	0	1	0	0	0	0	1	0	4	NaN	NaN
2	0	0	0	0	0	1	0	0	0	0	1	0	1	0	0	2	0	0	1	5	NaN	NaN
1	0	0	0	0	1	1	0	0	1	1	0	0	1	0	0	0	0	0	0	6	NaN	NaN
1	0	0	0	0	0	0	0	0	0	0	0	1	0	0	0	0	0	0	1	7	NaN	NaN
0	0	0	0	0	0	0	0	0	0	0	1	1	0	0	0	0	0	0	1	0	NaN	NaN
1	0	0	0	0	0	0	0	0	0	0	0	1	0	0	0	0	0	0	1	1	NaN	NaN
1	0	0	0	0	1	1	0	0	1	1	0	0	1	0	0	0	0	0	0	2	NaN	NaN
2	0	0	0	0	0	1	0	0	0	0	1	0	1	0	0	2	0	0	1	3	NaN	NaN
0	1	0	0	0	0	1	0	0	0	0	0	0	1	0	0	0	0	1	0	4	NaN	NaN
1	0	0	1	0	0	0	0	0	1	0	0	0	1	0	1	1	0	1	1	5	NaN	NaN
0	0	0	1	0	0	0	0	0	1	0	0	0	0	0	0	0	0	1	1	6	NaN	NaN
0	0	0	0	0	0	1	0	0	0	1	0	0	0	0	0	0	1	1	0	7	NaN	NaN
0	0	0	0	0	0	0	0	0	0	0	1	1	0	0	0	0	0	0	1	0	69.5319922956917	53.19791559704367
1	0	0	0	0	0	0	0	0	0	0	0	1	0	0	0	0	0	0	1	1	58.04980638781871	53.19791559704367
1	0	0	0	0	1	1	0	0	1	1	0	0	1	0	0	0	0	0	0	2	52.33799212149343	53.19791559704367
2	0	0	0	0	0	1	0	0	0	0	1	0	1	0	0	2	0	0	1	3	54.391051999829045	53.19791559704367
0	1	0	0	0	0	1	0	0	0	0	0	0	1	0	0	0	0	1	0	4	42.82388242416324	53.19791559704367
1	0	0	1	0	0	0	0	0	1	0	0	0	1	0	1	1	0	1	1	5	47.735419074216125	53.19791559704367
0	0	0	1	0	0	0	0	0	1	0	0	0	0	0	0	0	0	1	1	6	45.64075421218561	53.19791559704367
0	0	0	0	0	0	1	0	0	0	1	0	0	0	0	0	0	1	1	0	7	55.07242626095143	53.19791559704367
1	0	0	0	0	0	0	0	0	0	0	1	1	0	0	0	0	0	1	1	0	60.40014905071857	51.20026837341984
1	0	1	1	1	0	0	1	0	0	0	0	1	0	0	0	0	0	0	3	1	60.92998231377633	51.20026837341984
1	0	0	0	0	1	1	0	0	1	1	0	0	2	0	1	0	0	0	0	2	57.86663947407406	51.20026837341984
2	0	0	0	0	0	1	0	0	0	0	1	0	1	0	0	2	0	0	1	3	61.20678921998527	51.20026837341984
1	1	0	0	0	0	0	0	0	0	0	0	0	1	0	0	0	0	1	0	4	44.68250866136147	51.20026837341984
1	0	0	1	0	0	0	0	0	1	0	0	0	0	0	0	1	0	0	1	5	41.39790488610696	51.20026837341984
0	0	0	0	0	0	0	0	0	1	0	0	0	0	0	0	0	0	1	1	6	33.99001118786962	51.20026837341984
0	0	0	0	0	0	1	0	0	0	1	0	0	0	0	0	0	1	1	0	7	49.1281621934664	51.20026837341984
0	0	0	0	0	0	0	0	0	0	0	1	1	0	0	0	0	0	0	1	0	69.5319922956917	53.19791559704367
1	0	0	0	0	0	0	0	0	0	0	0	1	0	0	0	0	0	0	1	1	58.04980638781871	53.19791559704367
1	0	0	0	0	1	1	0	0	1	1	0	0	1	0	0	0	0	0	0	2	52.33799212149343	53.19791559704367
2	0	0	0	0	0	1	0	0	0	0	1	0	1	0	0	2	0	0	1	3	54.391051999829045	53.19791559704367
0	1	0	0	0	0	1	0	0	0	0	0	0	1	0	0	0	0	1	0	4	42.82388242416324	53.19791559704367
1	0	0	1	0	0	0	0	0	1	0	0	0	1	0	1	1	0	1	1	5	47.735419074216125	53.19791559704367
0	0	0	1	0	0	0	0	0	1	0	0	0	0	0	0	0	0	1	1	6	45.64075421218561	53.19791559704367
0	0	0	0	0	0	1	0	0	0	1	0	0	0	0	0	0	1	1	0	7	55.07242626095143	53.19791559704367
1	0	0	0	0	0	0	0	0	0	0	1	1	0	0	0	0	0	1	1	0	60.40014905071857	51.20026837341984
1	0	1	1	1	0	0	1	0	0	0	0	1	0	0	0	0	0	0	3	1	60.92998231377633	51.20026837341984
1	0	0	0	0	1	1	0	0	1	1	0	0	2	0	1	0	0	0	0	2	57.86663947407406	51.20026837341984
2	0	0	0	0	0	1	0	0	0	0	1	0	1	0	0	2	0	0	1	3	61.20678921998527	51.20026837341984
1	1	0	0	0	0	0	0	0	0	0	0	0	1	0	0	0	0	1	0	4	44.68250866136147	51.20026837341984
1	0	0	1	0	0	0	0	0	1	0	0	0	0	0	0	1	0	0	1	5	41.39790488610696	51.20026837341984
0	0	0	0	0	0	0	0	0	1	0	0	0	0	0	0	0	0	1	1	6	33.99001118786962	51.20026837341984
0	0	0	0	0	0	1	0	0	0	1	0	0	0	0	0	0	1	1	0	7	49.1281621934664	51.20026837341984
