0	0	0	0	0	0	0	1	0	0	1	0	1	0	0	1	0	0	0	1	0	NaN	NaN
2	1	1	0	0	0	0	1	0	0	0	1	0	0	0	1	1	0	2	1	1	NaN	NaN
0	1	1	0	0	0	0	2	0	1	2	0	0	0	0	0	0	0	2	0	2	NaN	NaN
0	1	1	1	0	0	1	0	0	0	1	0	1	0	1	1	0	0	2	1	3	NaN	NaN
0	2	0	1	0	1	0	1	0	0	2	0	0	0	0	1	2	0	2	0	4	NaN	NaN
2	2	1	0	0	0	0	2	0	0	3	1	0	1	0	2	1	0	1	0	5	NaN	NaN
0	1	2	0	0	2	0	2	0	0	2	2	0	1	0	1	0	0	1	1	6	NaN	NaN
0	0	0	0	0	1	0	1	0	0	0	0	1	0	0	1	2	0	1	2	7	NaN	NaN
1	0	0	1	0	0	0	1	0	0	1	0	0	2	0	1	1	0	1	0	8	NaN	NaN
2	1	1	0	0	0	0	1	0	0	1	0	1	1	0	1	1	1	1	0	9	NaN	NaN
1	0	0	0	0	3	0	1	0	1	1	0	0	1	1	1	0	1	0	0	10	NaN	NaN
0	0	1	1	0	0	0	2	0	0	2	0	0	0	0	3	1	0	1	1	11	NaN	NaN
2	0	0	1	0	0	0	2	0	0	1	1	0	0	0	0	0	0	0	2	12	NaN	NaN
3	2	0	1	0	0	0	2	0	1	1	0	1	1	0	0	1	0	0	1	13	NaN	NaN
0	1	0	0	0	0	0	0	0	0	0	1	1	1	0	2	1	0	1	0	14	NaN	NaN
1	0	1	0	0	0	0	1	0	1	1	0	0	0	0	0	0	0	1	0	15	NaN	NaN
0	0	0	0	0	0	0	1	0	0	1	0	1	0	0	1	0	0	0	1	0	NaN	NaN
2	1	1	0	0	0	0	1	0	0	0	1	0	0	0	1	1	0	2	1	1	NaN	NaN
0	1	1	0	0	0	0	2	0	1	2	0	0	0	0	0	0	0	2	0	2	NaN	NaN
0	1	1	1	0	0	1	0	0	0	1	0	1	0	1	1	0	0	2	1	3	NaN	NaN
0	2	0	1	0	1	0	1	0	0	2	0	0	0	0	1	2	0	2	0	4	NaN	NaN
2	2	1	0	0	0	0	2	0	0	3	1	0	1	0	2	1	0	1	0	5	NaN	NaN
0	1	2	0	0	2	0	2	0	0	2	2	0	1	0	1	0	0	1	1	6	NaN	NaN
0	0	0	0	0	1	0	1	0	0	0	0	1	0	0	1	2	0	1	2	7	NaN	NaN
1	0	0	1	0	0	0	1	0	0	1	0	0	2	0	1	1	0	1	0	8	NaN	NaN
2	1	1	0	0	0	0	1	0	0	1	0	1	1	0	1	1	1	1	0	9	NaN	NaN
1	0	0	0	0	3	0	1	0	1	1	0	0	1	1	1	0	1	0	0	10	NaN	NaN
0	0	1	1	0	0	0	2	0	0	2	0	0	0	0	3	1	0	1	1	11	NaN	NaN
2	0	0	1	0	0	0	2	0	0	1	1	0	0	0	0	0	0	0	2	12	NaN	NaN
3	2	0	1	0	0	0	2	0	1	1	0	1	1	0	0	1	0	0	1	13	NaN	NaN
0	1	0	0	0	0	0	0	0	0	0	1	1	1	0	2	1	0	1	0	14	NaN	NaN
1	0	1	0	0	0	0	1	0	1	1	0	0	0	0	0	0	0	1	0	15	NaN	NaN
0	0	0	0	0	0	0	1	0	0	1	0	1	0	0	1	0	0	0	1	0	NaN	NaN
2	1	1	0	0	0	0	1	0	0	0	1	0	0	0	1	1	0	2	1	1	NaN	NaN
1	0	1	0	0	0	0	1	0	1	1	0	0	0	0	0	0	0	1	0	2	NaN	NaN
0	1	0	0	0	0	0	0	0	0	0	1	1	1	0	2	1	0	1	0	3	NaN	NaN
3	2	0	1	0	0	0	2	0	1	1	0	1	1	0	0	1	0	0	1	4	NaN	NaN
1	0	0	0	0	3	0	1	0	1	1	0	0	1	1	1	0	1	0	0	5	NaN	NaN
2	0	0	1	0	0	0	2	0	0	1	1	0	0	0	0	0	0	0	2	6	NaN	NaN
2	1	1	0	0	0	0	1	0	0	1	0	1	1	0	1	1	1	1	0	7	NaN	NaN
0	0	1	1	0	0	0	2	0	0	2	0	0	0	0	3	1	0	1	1	8	NaN	NaN
1	0	0	1	0	0	0	1	0	0	1	0	0	2	0	1	1	0	1	0	9	NaN	NaN
0	0	0	0	0	1	0	1	0	0	0	0	1	0	0	1	2	0	1	2	10	NaN	NaN
0	1	2	0	0	2	0	2	0	0	2	2	0	1	0	1	0	0	1	1	11	NaN	NaN
2	2	1	0	0	0	0	2	0	0	3	1	0	1	0	2	1	0	1	0	12	NaN	NaN
0	2	0	1	0	1	0	1	0	0	2	0	0	0	0	1	2	0	2	0	13	NaN	NaN
0	1	1	1	0	0	1	0	0	0	1	0	1	0	1	1	0	0	2	1	14	NaN	NaN
0	1	1	0	0	0	0	2	0	1	2	0	0	0	0	0	0	0	2	0	15	NaN	NaN
0	0	0	1	0	0	0	1	0	0	1	0	1	0	0	1	0	0	0	1	0	34.97975357058707	43.67937849515096
1	0	1	0	0	0	0	0	0	0	0	0	0	0	0	1	1	0	1	1	1	37.984987323035156	43.67937849515096
0	2	1	0	0	0	0	2	0	1	2	0	0	0	0	0	0	0	3	0	2	44.18542779302655	43.67937849515096
1	1	1	1	0	0	1	0	0	0	1	0	1	0	0	1	0	0	2	0	3	42.06119114639746	43.67937849515096
0	0	0	1	0	1	0	1	0	0	2	0	0	0	0	1	2	0	2	0	4	44.69745190647646	43.67937849515096
1	2	1	0	0	0	0	2	0	0	3	1	0	1	0	2	1	0	0	0	5	51.25195878292597	43.67937849515096
0	1	2	0	0	2	0	2	0	0	2	2	0	1	0	2	0	0	1	1	6	49.717087664410435	43.67937849515096
0	0	0	1	0	1	0	1	1	0	0	0	1	0	0	2	2	0	2	2	7	50.47471049574521	43.67937849515096
1	0	1	1	0	0	0	1	0	0	1	0	0	2	0	1	1	0	1	0	8	50.83122976717786	43.67937849515096
1	1	1	0	0	0	0	1	0	0	1	0	0	1	0	1	1	1	1	0	9	47.44375976373563	43.67937849515096
1	0	0	0	0	3	0	1	0	0	1	0	0	1	0	1	0	1	0	0	10	45.6476162963007	43.67937849515096
0	0	1	1	0	0	0	1	0	0	2	0	0	0	1	2	2	0	1	2	11	45.33002150916979	43.67937849515096
3	0	0	1	0	0	0	2	0	0	1	0	0	1	1	0	0	0	0	3	12	41.58362245272573	43.67937849515096
3	2	0	0	0	0	0	2	0	0	1	0	1	1	0	0	0	0	0	1	13	40.00357205365097	43.67937849515096
1	1	0	0	0	0	0	0	0	0	0	1	1	1	1	2	1	0	1	0	14	37.73985298362786	43.67937849515096
1	0	1	0	0	0	0	1	0	1	2	0	0	0	0	1	0	0	1	0	15	34.937812413422385	43.67937849515096
0	0	0	0	0	0	0	1	0	0	1	0	1	0	0	1	0	0	0	1	0	46.78692710504647	43.42098619521639
2	1	1	0	0	0	0	1	0	0	0	1	0	0	0	1	1	0	2	1	1	40.697307157918715	43.42098619521639
1	0	1	0	0	0	0	1	0	1	1	0	0	0	0	0	0	0	1	0	2	51.77573470737268	43.42098619521639
0	1	0	0	0	0	0	0	0	0	0	1	1	1	0	2	1	0	1	0	3	50.81220765710826	43.42098619521639
3	2	0	1	0	0	0	2	0	1	1	0	1	1	0	0	1	0	0	1	4	48.367206781899235	43.42098619521639
1	0	0	0	0	3	0	1	0	1	1	0	0	1	1	1	0	1	0	0	5	41.02001512599857	43.42098619521639
2	0	0	1	0	0	0	2	0	0	1	1	0	0	0	0	0	0	0	2	6	44.02027946235631	43.42098619521639
2	1	1	0	0	0	0	1	0	0	1	0	1	1	0	1	1	1	1	0	7	45.042346479799356	43.42098619521639
0	0	1	1	0	0	0	2	0	0	2	0	0	0	0	3	1	0	1	1	8	50.68530171434839	43.42098619521639
1	0	0	1	0	0	0	1	0	0	1	0	0	2	0	1	1	0	1	0	9	38.98241619316123	43.42098619521639
0	0	0	0	0	1	0	1	0	0	0	0	1	0	0	1	2	0	1	2	10	37.686147496667814	43.42098619521639
0	1	2	0	0	2	0	2	0	0	2	2	0	1	0	1	0	0	1	1	11	37.42371719507697	43.42098619521639
2	2	1	0	0	0	0	2	0	0	3	1	0	1	0	2	1	0	1	0	12	40.45196752419217	43.42098619521639
0	2	0	1	0	1	0	1	0	0	2	0	0	0	0	1	2	0	2	0	13	38.78004467949749	43.42098619521639
0	1	1	1	0	0	1	0	0	0	1	0	1	0	1	1	0	0	2	1	14	39.38140320946371	43.42098619521639
0	1	1	0	0	0	0	2	0	1	2	0	0	0	0	0	0	0	2	0	15	42.82275663355507	43.42098619521639
