0	1	0	1	0	0	0	0	0	1	1	0	0	0	0	0	1	1	1	1	0	NaN	NaN
0	0	0	0	0	1	1	0	1	0	0	0	1	1	0	0	0	0	0	0	1	NaN	NaN
0	0	1	0	0	0	0	0	0	2	1	2	0	1	0	0	0	0	0	1	2	NaN	NaN
0	0	0	0	1	2	0	1	1	0	0	0	0	0	0	0	2	0	0	2	3	NaN	NaN
0	0	0	0	0	0	0	0	0	0	0	0	0	0	0	0	2	0	0	0	4	NaN	NaN
0	0	1	0	0	0	0	0	1	0	1	1	0	1	0	0	0	0	1	1	5	NaN	NaN
0	0	2	0	0	0	0	0	1	1	0	0	0	2	0	0	0	0	0	1	6	NaN	NaN
1	0	1	0	0	0	0	0	0	1	1	0	0	0	0	0	1	0	0	2	7	NaN	NaN
0	1	0	1	0	0	0	0	0	1	1	0	0	0	0	0	1	1	1	1	0	NaN	NaN
0	0	0	0	0	1	1	0	1	0	0	0	1	1	0	0	0	0	0	0	1	NaN	NaN
0	0	1	0	0	0	0	0	0	2	1	2	0	1	0	0	0	0	0	1	2	NaN	NaN
0	0	0	0	1	2	0	1	1	0	0	0	0	0	0	0	2	0	0	2	3	NaN	NaN
0	0	0	0	0	0	0	0	0	0	0	0	0	0	0	0	2	0	0	0	4	NaN	NaN
0	0	1	0	0	0	0	0	1	0	1	1	0	1	0	0	0	0	1	1	5	NaN	NaN
0	0	2	0	0	0	0	0	1	1	0	0	0	2	0	0	0	0	0	1	6	NaN	NaN
1	0	1	0	0	0	0	0	0	1	1	0	0	0	0	0	1	0	0	2	7	NaN	NaN
0	1	0	1	0	0	0	0	0	1	1	0	0	0	0	0	1	1	1	1	0	NaN	NaN
0	0	1	0	0	0	0	0	0	2	1	2	0	1	0	0	0	0	0	1	1	NaN	NaN
0	0	0	0	1	2	0	1	1	0	0	0	0	0	0	0	2	0	0	2	2	NaN	NaN
0	0	0	0	0	0	0	0	0	0	0	0	0	0	0	0	2	0	0	0	3	NaN	NaN
0	0	1	0	0	0	0	0	1	0	1	1	0	1	0	0	0	0	1	1	4	NaN	NaN
0	0	2	0	0	0	0	0	1	1	0	0	0	2	0	0	0	0	0	1	5	NaN	NaN
0	0	0	0	0	1	1	0	1	0	0	0	1	1	0	0	0	0	0	0	6	NaN	NaN
1	0	1	0	0	0	0	0	0	1	1	0	0	0	0	0	1	0	0	2	7	NaN	NaN
0	1	0	1	0	0	0	0	0	1	1	0	0	0	0	0	1	1	1	1	0	52.49139496879151	46.30272563597429
0	0	1	0	0	0	0	0	0	2	1	2	0	1	0	0	0	0	0	1	1	40.26983148608641	46.30272563597429
0	0	0	0	1	2	0	1	1	0	0	0	0	0	0	0	2	0	0	2	2	57.88388075472885	46.30272563597429
0	0	0	0	0	0	0	0	0	0	0	0	0	0	0	0	2	0	0	0	3	36.595250313466806	46.30272563597429
0	0	1	0	0	0	0	0	1	0	1	1	0	1	0	0	0	0	1	1	4	47.430055504377606	46.30272563597429
0	0	2	0	0	0	0	0	1	1	0	0	0	2	0	0	0	0	0	1	5	42.07548262333653	46.30272563597429
0	0	0	0	0	1	1	0	1	0	0	0	1	1	0	0	0	0	0	0	6	46.697778080443214	46.30272563597429
1	0	1	0	0	0	0	0	0	1	1	0	0	0	0	0	1	0	0	2	7	46.97813135656345	46.30272563597429
0	1	0	1	0	0	0	0	0	1	1	0	0	0	0	0	1	1	1	1	0	52.49139496879151	46.30272563597429
0	0	1	0	0	0	0	0	0	2	1	2	0	1	0	0	0	0	0	1	1	40.26983148608641	46.30272563597429
0	0	0	0	1	2	0	1	1	0	0	0	0	0	0	0	2	0	0	2	2	57.88388075472885	46.30272563597429
0	0	0	0	0	0	0	0	0	0	0	0	0	0	0	0	2	0	0	0	3	36.595250313466806	46.30272563597429
0	0	1	0	0	0	0	0	1	0	1	1	0	1	0	0	0	0	1	1	4	47.430055504377606	46.30272563597429
0	0	2	0	0	0	0	0	1	1	0	0	0	2	0	0	0	0	0	1	5	42.07548262333653	46.30272563597429
0	0	0	0	0	1	1	0	1	0	0	0	1	1	0	0	0	0	0	0	6	46.697778080443214	46.30272563597429
1	0	1	0	0	0	0	0	0	1	1	0	0	0	0	0	1	0	0	2	7	46.97813135656345	46.30272563597429
