1	0	0	1	0	0	0	0	0	0	1	1	0	1	0	1	1	0	0	1	0	NaN	NaN
0	0	0	0	0	2	0	0	1	0	0	0	0	0	0	1	0	0	0	1	1	NaN	NaN
2	0	0	0	0	0	0	1	0	0	1	0	0	1	0	0	0	0	1	0	2	NaN	NaN
1	0	1	1	0	1	0	1	0	0	1	0	0	1	0	0	0	0	0	0	3	NaN	NaN
0	1	1	0	0	0	0	0	0	0	0	0	0	1	0	1	1	0	1	0	4	NaN	NaN
0	0	0	0	0	1	0	0	0	0	0	1	0	1	0	1	1	0	0	0	5	NaN	NaN
1	0	0	0	0	1	2	0	2	0	0	0	0	1	0	0	0	0	0	0	6	NaN	NaN
2	0	0	0	0	0	0	0	0	0	1	1	0	0	0	2	0	0	0	0	7	NaN	NaN
0	0	0	1	0	1	0	2	0	1	2	0	0	1	0	0	1	0	1	1	8	NaN	NaN
1	0	0	0	0	2	0	2	0	0	2	0	0	0	0	0	0	1	0	1	9	NaN	NaN
2	1	0	1	0	0	0	0	0	1	0	0	0	1	0	1	1	0	2	0	10	NaN	NaN
2	0	0	0	0	1	0	0	0	0	0	0	0	0	0	1	0	0	0	0	11	NaN	NaN
0	0	1	0	0	0	0	0	0	0	0	1	0	1	0	1	1	1	0	0	12	NaN	NaN
1	0	0	1	0	1	0	1	0	0	1	0	1	0	0	0	1	0	0	1	13	NaN	NaN
1	0	0	0	0	0	0	2	0	1	0	1	0	1	0	0	2	0	0	0	14	NaN	NaN
1	1	0	1	0	1	0	0	0	1	0	0	0	1	0	0	1	0	0	0	15	NaN	NaN
0	0	0	0	1	0	1	0	0	0	3	1	0	0	0	1	0	0	0	0	16	NaN	NaN
2	0	0	1	0	0	0	0	0	0	1	0	0	1	0	0	2	0	0	1	17	NaN	NaN
1	0	0	0	0	0	0	1	0	1	1	1	1	0	0	2	0	0	0	1	18	NaN	NaN
