1	0	0	1	0	0	0	0	0	1	0	1	0	0	0	1	1	1	0	0	0	NaN	NaN
0	0	0	0	0	1	0	0	0	1	1	0	0	0	0	1	0	0	1	0	1	NaN	NaN
0	0	0	0	0	0	0	0	0	1	0	1	1	0	0	0	1	0	0	1	2	NaN	NaN
0	0	0	0	0	1	0	0	0	0	0	1	0	1	0	0	1	0	0	1	3	NaN	NaN
1	1	0	0	0	0	0	0	0	0	0	0	0	0	0	1	0	0	1	2	4	NaN	NaN
0	0	0	0	0	0	0	0	0	0	2	0	0	0	0	0	2	0	0	2	5	NaN	NaN
0	1	0	0	0	0	2	0	0	1	0	0	0	0	0	0	2	0	1	1	6	NaN	NaN
0	0	0	0	0	1	0	0	0	0	1	1	0	0	0	0	0	0	1	2	7	NaN	NaN
0	0	1	0	0	0	0	0	0	0	1	1	0	0	0	1	0	0	0	2	8	NaN	NaN
0	0	0	1	0	0	0	0	0	0	0	0	0	0	0	0	0	0	0	0	9	NaN	NaN
1	0	0	1	0	0	0	0	0	1	0	1	0	0	0	1	1	1	0	0	0	NaN	NaN
0	0	0	0	0	1	0	0	0	1	1	0	0	0	0	1	0	0	1	0	1	NaN	NaN
0	0	0	0	0	0	0	0	0	1	0	1	1	0	0	0	1	0	0	1	2	NaN	NaN
0	0	0	0	0	1	0	0	0	0	0	1	0	1	0	0	1	0	0	1	3	NaN	NaN
1	1	0	0	0	0	0	0	0	0	0	0	0	0	0	1	0	0	1	2	4	NaN	NaN
0	0	0	0	0	0	0	0	0	0	2	0	0	0	0	0	2	0	0	2	5	NaN	NaN
0	1	0	0	0	0	2	0	0	1	0	0	0	0	0	0	2	0	1	1	6	NaN	NaN
0	0	0	0	0	1	0	0	0	0	1	1	0	0	0	0	0	0	1	2	7	NaN	NaN
0	0	1	0	0	0	0	0	0	0	1	1	0	0	0	1	0	0	0	2	8	NaN	NaN
0	0	0	1	0	0	0	0	0	0	0	0	0	0	0	0	0	0	0	0	9	NaN	NaN
1	0	0	1	0	0	0	0	0	1	0	1	0	0	0	1	1	1	0	0	0	NaN	NaN
0	0	0	0	0	1	0	0	0	1	1	0	0	0	0	1	0	0	1	0	1	NaN	NaN
0	0	0	0	0	0	0	0	0	1	0	1	1	0	0	0	1	0	0	1	2	NaN	NaN
0	0	0	0	0	1	0	0	0	0	0	1	0	1	0	0	1	0	0	1	3	NaN	NaN
0	0	0	1	0	0	0	0	0	0	0	0	0	0	0	0	0	0	0	0	4	NaN	NaN
0	0	1	0	0	0	0	0	0	0	1	1	0	0	0	1	0	0	0	2	5	NaN	NaN
0	0	0	0	0	1	0	0	0	0	1	1	0	0	0	0	0	0	1	2	6	NaN	NaN
0	1	0	0	0	0	2	0	0	1	0	0	0	0	0	0	2	0	1	1	7	NaN	NaN
0	0	0	0	0	0	0	0	0	0	2	0	0	0	0	0	2	0	0	2	8	NaN	NaN
1	1	0	0	0	0	0	0	0	0	0	0	0	0	0	1	0	0	1	2	9	NaN	NaN
1	0	0	1	0	0	0	0	0	1	0	1	0	0	0	1	1	1	0	0	0	49.58473633125631	44.64776072766303
0	0	0	0	0	1	0	0	0	1	1	0	0	0	0	1	0	0	1	0	1	57.512275433610526	44.64776072766303
0	0	0	0	0	0	0	0	0	1	0	1	1	0	0	0	1	0	0	1	2	59.317175537087195	44.64776072766303
0	0	0	0	0	1	0	0	0	0	0	1	0	1	0	0	1	0	0	1	3	63.47702887136845	44.64776072766303
0	0	0	1	0	0	0	0	0	0	0	0	0	0	0	0	0	0	0	0	4	56.032701857144126	44.64776072766303
0	0	1	0	0	0	0	0	0	0	1	1	0	0	0	1	0	0	0	2	5	34.995809080935736	44.64776072766303
0	0	0	0	0	1	0	0	0	0	1	1	0	0	0	0	0	0	1	2	6	24.6072046697552	44.64776072766303
0	1	0	0	0	0	2	0	0	1	0	0	0	0	0	0	2	0	1	1	7	32.91330033975824	44.64776072766303
0	0	0	0	0	0	0	0	0	0	2	0	0	0	0	0	2	0	0	2	8	29.953560711844457	44.64776072766303
1	1	0	0	0	0	0	0	0	0	0	0	0	0	0	1	0	0	1	2	9	38.08381444387011	44.64776072766303
0	0	0	0	0	0	0	0	0	1	0	1	0	0	0	0	1	1	0	0	0	75.74372612631647	62.1303573912634
0	0	0	0	0	1	0	0	0	1	1	0	0	0	0	1	0	0	1	0	1	62.579679100003275	62.1303573912634
0	0	0	0	0	0	0	0	0	1	0	1	1	0	0	0	1	0	0	1	2	48.048335050317796	62.1303573912634
0	0	0	1	0	1	0	0	0	0	1	2	0	1	0	0	1	0	0	1	3	38.858899257166414	62.1303573912634
0	0	0	0	0	0	0	0	0	0	0	0	0	0	0	1	0	0	0	1	4	42.47675135024289	62.1303573912634
0	0	0	0	0	1	0	0	0	0	0	0	0	0	0	0	0	0	1	2	5	54.68083235056236	62.1303573912634
0	1	0	0	0	0	0	0	0	0	0	0	0	0	0	0	1	0	1	1	6	69.96220493216408	62.1303573912634
0	0	0	0	0	0	0	0	0	0	1	0	0	0	0	0	1	0	0	2	7	84.15842843746013	62.1303573912634
0	1	0	0	0	0	0	0	0	0	0	0	0	0	0	1	0	0	1	1	8	82.66435991713718	62.1303573912634
1	0	0	1	0	0	0	0	0	1	0	1	0	0	0	1	1	1	0	0	0	49.58473633125631	44.64776072766303
0	0	0	0	0	1	0	0	0	1	1	0	0	0	0	1	0	0	1	0	1	57.512275433610526	44.64776072766303
0	0	0	0	0	0	0	0	0	1	0	1	1	0	0	0	1	0	0	1	2	59.317175537087195	44.64776072766303
0	0	0	0	0	1	0	0	0	0	0	1	0	1	0	0	1	0	0	1	3	63.47702887136845	44.64776072766303
0	0	0	1	0	0	0	0	0	0	0	0	0	0	0	0	0	0	0	0	4	56.032701857144126	44.64776072766303
0	0	1	0	0	0	0	0	0	0	1	1	0	0	0	1	0	0	0	2	5	34.995809080935736	44.64776072766303
0	0	0	0	0	1	0	0	0	0	1	1	0	0	0	0	0	0	1	2	6	24.6072046697552	44.64776072766303
0	1	0	0	0	0	2	0	0	1	0	0	0	0	0	0	2	0	1	1	7	32.91330033975824	44.64776072766303
0	0	0	0	0	0	0	0	0	0	2	0	0	0	0	0	2	0	0	2	8	29.953560711844457	44.64776072766303
1	1	0	0	0	0	0	0	0	0	0	0	0	0	0	1	0	0	1	2	9	38.08381444387011	44.64776072766303
0	0	0	0	0	0	0	0	0	1	0	1	0	0	0	0	1	1	0	0	0	75.74372612631647	62.1303573912634
0	0	0	0	0	1	0	0	0	1	1	0	0	0	0	1	0	0	1	0	1	62.579679100003275	62.1303573912634
0	0	0	0	0	0	0	0	0	1	0	1	1	0	0	0	1	0	0	1	2	48.048335050317796	62.1303573912634
0	0	0	1	0	1	0	0	0	0	1	2	0	1	0	0	1	0	0	1	3	38.858899257166414	62.1303573912634
0	0	0	0	0	0	0	0	0	0	0	0	0	0	0	1	0	0	0	1	4	42.47675135024289	62.1303573912634
0	0	0	0	0	1	0	0	0	0	0	0	0	0	0	0	0	0	1	2	5	54.68083235056236	62.1303573912634
0	1	0	0	0	0	0	0	0	0	0	0	0	0	0	0	1	0	1	1	6	69.96220493216408	62.1303573912634
0	0	0	0	0	0	0	0	0	0	1	0	0	0	0	0	1	0	0	2	7	84.15842843746013	62.1303573912634
0	1	0	0	0	0	0	0	0	0	0	0	0	0	0	1	0	0	1	1	8	82.66435991713718	62.1303573912634
