1	0	0	0	0	2	1	1	0	0	1	1	0	1	0	1	1	1	2	0	0	NaN	NaN
1	0	0	0	0	0	0	0	0	0	1	1	0	1	0	1	0	0	0	4	1	NaN	NaN
1	0	1	0	0	0	0	2	0	1	0	0	0	0	0	0	0	0	2	1	2	NaN	NaN
0	0	2	0	0	0	0	1	0	1	0	1	0	0	0	0	0	0	1	1	3	NaN	NaN
1	0	0	0	0	0	0	0	0	0	0	1	0	0	0	1	2	0	1	1	4	NaN	NaN
1	0	0	0	0	0	1	0	0	1	0	0	0	0	0	0	1	1	1	0	5	NaN	NaN
1	0	0	0	0	0	0	0	0	0	1	0	0	0	0	0	0	0	0	1	6	NaN	NaN
0	0	0	0	0	0	0	0	0	1	1	0	0	0	0	0	0	1	0	0	7	NaN	NaN
0	0	0	0	1	0	0	0	0	0	1	0	0	0	0	0	0	0	0	1	0	23.10521059800176	16.894715336668064
0	0	0	0	0	0	0	0	0	1	1	0	0	0	0	0	0	1	0	0	1	10.68422007533437	16.894715336668064
0	0	0	0	1	0	0	0	0	0	1	0	0	0	0	0	0	0	0	1	0	23.10521059800176	16.894715336668064
0	0	0	0	0	0	0	0	0	1	1	0	0	0	0	0	0	1	0	0	1	10.68422007533437	16.894715336668064
1	0	0	0	0	2	1	1	0	0	1	1	0	1	0	1	1	1	2	0	0	54.3883683450068	53.570080487100114
0	0	2	0	0	0	0	1	0	1	0	1	0	0	0	0	0	0	1	1	1	21.646048431783314	53.570080487100114
1	0	0	0	0	0	0	0	0	0	0	1	0	0	0	1	2	0	1	1	2	8.639743875009533	53.570080487100114
1	0	0	0	0	0	1	0	0	1	0	0	0	0	0	0	1	1	1	0	3	41.825879935781906	53.570080487100114
0	0	0	0	0	0	0	0	0	1	1	0	0	0	0	0	0	1	0	0	4	77.05946067860924	53.570080487100114
1	0	0	0	0	0	0	0	0	0	1	0	0	0	0	0	0	0	0	1	5	85.12473076468969	53.570080487100114
1	0	1	0	0	0	0	2	0	1	0	0	0	0	0	0	0	0	2	1	6	80.06801959980722	53.570080487100114
1	0	0	0	0	0	0	0	0	0	1	1	0	1	0	1	0	0	0	4	7	59.808392266113245	53.570080487100114
0	0	0	0	1	0	0	0	0	0	1	0	0	0	0	0	0	0	0	1	0	23.10521059800176	16.894715336668064
0	0	0	0	0	0	0	0	0	1	1	0	0	0	0	0	0	1	0	0	1	10.68422007533437	16.894715336668064
