1	1	3	0	0	0	0	0	0	0	2	0	0	2	0	0	1	0	1	0	0	45.11636659543285	41.3008538501671
1	0	0	1	0	1	2	1	0	1	1	1	0	2	0	2	1	1	0	0	1	50.507522889625534	41.3008538501671
0	0	0	2	0	0	0	5	0	0	4	2	1	1	0	1	0	0	1	1	2	51.281062608426026	41.3008538501671
2	1	0	0	0	0	0	2	0	0	1	1	0	1	0	0	0	0	0	1	3	51.27313887632518	41.3008538501671
0	0	0	0	0	0	0	0	0	0	0	1	0	0	0	0	0	0	0	2	4	40.29573639562139	41.3008538501671
0	0	0	0	0	1	0	2	0	1	0	0	0	0	0	0	1	0	0	0	5	40.24089402929714	41.3008538501671
0	0	0	0	0	1	0	2	0	0	1	0	0	1	0	0	0	0	1	0	6	39.5202524244468	41.3008538501671
2	0	1	0	0	1	1	1	0	0	0	0	0	2	0	0	0	0	1	0	7	37.423503785681646	41.3008538501671
2	0	1	0	0	2	0	0	0	1	2	0	0	0	0	0	1	1	0	0	8	38.04116993181215	41.3008538501671
0	0	1	0	0	2	0	0	1	2	1	0	0	1	0	2	0	0	1	0	9	37.683890924037634	41.3008538501671
1	0	1	0	0	0	0	3	0	0	2	0	0	2	0	0	0	0	1	0	10	38.23575535110521	41.3008538501671
1	1	1	0	0	0	0	1	0	0	1	0	0	1	0	2	1	1	0	0	11	37.56556601770312	41.3008538501671
0	0	1	0	0	1	0	2	0	0	2	1	0	1	0	0	2	0	1	1	12	39.159884028958565	41.3008538501671
0	1	1	1	0	1	1	0	1	0	0	2	0	0	0	1	0	1	1	1	13	40.621151729731416	41.3008538501671
0	1	2	0	0	0	0	2	0	1	2	0	1	0	1	2	1	0	1	1	14	40.09760627762261	41.3008538501671
1	1	0	0	0	0	3	1	0	0	0	0	0	0	0	1	0	1	1	1	15	37.10420885457638	41.3008538501671
0	3	1	0	0	0	0	0	0	0	1	1	1	0	0	1	1	1	0	0	16	36.12033745592815	41.3008538501671
0	1	1	1	0	0	1	0	0	2	2	0	0	0	1	2	0	0	1	0	17	43.12732112667594	41.3008538501671
1	2	4	0	0	0	0	0	0	0	2	0	0	2	0	0	1	0	1	0	0	42.31159176688064	43.39037982655905
0	1	1	1	0	0	1	0	0	2	2	0	0	0	1	1	0	0	1	0	1	40.55899043852055	43.39037982655905
0	2	1	0	0	0	0	0	0	0	1	1	1	0	0	1	1	1	0	0	2	37.47674636565007	43.39037982655905
1	1	0	0	0	0	3	1	0	0	0	1	0	0	0	1	0	1	1	1	3	38.58663114607883	43.39037982655905
0	1	2	0	0	0	0	1	0	1	1	0	1	0	0	2	1	0	1	0	4	41.1756150637883	43.39037982655905
0	1	0	1	0	1	0	0	1	0	0	0	0	0	0	1	0	1	1	1	5	39.709217514068776	43.39037982655905
0	0	0	0	0	1	0	1	0	0	2	1	0	1	0	0	2	0	1	1	6	42.21174330945846	43.39037982655905
1	1	1	0	0	0	0	1	0	0	1	1	0	1	0	2	1	1	0	0	7	40.37110025883605	43.39037982655905
1	0	1	0	0	0	0	3	0	0	2	1	0	2	0	0	1	0	1	0	8	41.11160989223669	43.39037982655905
0	0	1	0	0	3	0	0	1	2	1	0	0	1	1	2	0	0	0	0	9	42.35097850696471	43.39037982655905
2	0	1	0	0	2	0	0	0	1	1	0	0	0	0	0	0	1	0	0	10	37.354487733212814	43.39037982655905
2	0	1	0	0	1	1	1	0	0	0	0	0	1	0	0	0	0	1	0	11	37.19519936052796	43.39037982655905
1	1	1	0	0	1	0	2	0	0	1	0	0	1	0	0	1	0	1	0	12	49.04018694714321	43.39037982655905
0	1	0	0	0	1	0	2	0	1	0	0	0	1	0	0	1	0	0	0	13	50.60750924466461	43.39037982655905
0	0	0	0	0	0	2	1	0	0	0	1	0	0	0	0	0	0	0	2	14	50.429883928890526	43.39037982655905
2	2	0	0	0	0	0	2	0	0	1	1	0	2	0	0	0	0	0	1	15	49.98657400963674	43.39037982655905
0	0	0	1	0	0	0	3	0	0	4	1	1	1	0	1	0	0	1	1	16	55.2987563118182	43.39037982655905
2	0	0	1	0	1	2	0	0	1	1	0	0	1	0	1	1	1	0	0	17	45.25001507968563	43.39037982655905
