1	0	0	0	0	0	0	1	1	0	0	2	1	0	0	0	0	0	2	2	0	55.85484837350081	43.22341595494476
0	1	0	1	0	2	1	2	0	1	0	1	0	2	0	1	1	0	1	0	1	57.668052023766826	43.22341595494476
1	1	0	0	0	0	2	2	0	0	0	0	0	0	0	0	1	1	1	0	2	52.973620139645746	43.22341595494476
2	1	0	0	0	0	0	1	0	0	2	0	0	1	0	0	1	0	0	0	3	53.08421029688481	43.22341595494476
0	1	1	1	0	0	0	1	0	0	1	0	0	1	0	0	0	0	1	0	4	57.26417174182007	43.22341595494476
1	1	0	0	0	0	0	1	0	0	1	0	0	0	0	1	1	0	1	0	5	43.673453890981456	43.22341595494476
0	0	1	0	0	2	0	1	0	0	3	1	0	0	0	0	1	0	1	0	6	33.27054486011684	43.22341595494476
0	0	0	1	0	0	0	3	0	0	1	0	0	1	0	1	2	0	1	0	7	34.82685440895167	43.22341595494476
1	0	1	0	0	0	0	1	0	1	0	0	0	0	0	1	1	0	1	0	8	32.88571079393008	43.22341595494476
2	0	0	0	0	0	1	1	0	0	1	1	0	0	0	0	1	1	0	0	9	32.42624378062042	43.22341595494476
1	0	0	0	0	0	1	0	0	1	1	0	0	1	0	1	2	0	2	0	10	31.74712019650415	43.22341595494476
2	0	1	0	0	2	1	0	0	0	0	0	0	1	0	0	1	0	1	1	11	33.38213260414776	43.22341595494476
0	0	0	0	0	0	0	2	0	0	2	1	0	0	1	2	0	0	1	1	12	34.57165364280725	43.22341595494476
1	0	1	1	0	0	0	1	0	1	0	0	0	0	0	0	1	0	1	2	13	41.429976069804695	43.22341595494476
1	0	1	1	0	0	0	0	0	1	0	1	1	1	0	1	0	0	1	1	14	45.607525063814386	43.22341595494476
1	0	0	0	0	1	0	1	0	0	0	0	1	0	0	0	1	0	1	2	15	50.9085373918191	43.22341595494476
1	0	0	1	0	0	0	1	1	0	1	2	2	0	0	0	0	0	2	2	0	49.99510984016401	43.23421562166709
0	1	0	0	0	0	1	2	0	1	0	1	0	2	0	0	0	0	0	0	1	52.69605828298494	43.23421562166709
1	1	0	0	0	0	2	2	0	0	0	0	0	1	0	0	1	1	1	0	2	49.97540702003168	43.23421562166709
2	1	0	0	0	0	0	1	0	0	2	2	0	1	0	0	1	0	0	0	3	51.4833763617961	43.23421562166709
0	1	1	1	0	0	0	1	0	0	0	0	0	1	0	1	0	0	1	0	4	53.121503747776565	43.23421562166709
2	1	1	0	0	0	0	1	0	0	1	0	0	0	0	1	1	0	1	0	5	47.438301089884156	43.23421562166709
0	0	1	0	0	1	0	0	0	0	2	0	0	0	0	0	1	0	1	0	6	37.727699326452466	43.23421562166709
0	0	0	1	0	0	0	1	0	0	1	0	0	1	0	1	2	0	1	0	7	37.47582776594541	43.23421562166709
2	0	1	0	0	0	0	1	0	1	0	0	0	0	0	2	1	0	1	0	8	38.45086257749398	43.23421562166709
3	0	0	1	0	0	1	1	0	0	1	1	0	0	0	0	1	1	1	0	9	37.857567241294944	43.23421562166709
1	0	0	0	0	0	1	0	0	0	1	0	0	1	0	1	2	0	2	0	10	36.76026807493476	43.23421562166709
2	0	1	0	0	2	1	0	0	0	0	0	0	1	0	0	1	0	0	1	11	36.70954562787666	43.23421562166709
0	1	0	0	0	0	0	2	0	0	2	1	0	0	1	2	0	0	1	1	12	37.340690279785	43.23421562166709
1	0	1	1	0	0	0	1	0	1	1	0	0	0	0	0	1	0	2	2	13	40.70170103010924	43.23421562166709
1	0	0	1	0	0	0	0	0	1	0	1	0	1	0	1	0	0	1	1	14	39.589663309301066	43.23421562166709
1	0	0	0	0	0	0	1	0	0	0	0	1	0	0	0	1	0	1	2	15	44.42386837084259	43.23421562166709
