0	0	0	0	0	0	0	0	1	0	1	0	0	0	0	0	1	0	1	1	0	NaN	NaN
0	0	0	0	0	0	1	0	0	1	0	1	0	0	0	0	0	0	2	1	1	NaN	NaN
0	1	0	1	0	0	0	0	0	0	1	0	0	0	0	0	0	0	1	0	2	NaN	NaN
1	1	0	1	0	2	0	0	0	1	0	1	0	0	0	0	0	0	1	3	3	NaN	NaN
0	0	0	0	0	0	0	0	0	1	0	1	0	0	0	1	0	1	1	0	4	NaN	NaN
0	0	0	0	0	0	0	0	0	1	1	0	0	0	0	1	0	0	0	2	5	NaN	NaN
0	0	0	0	0	0	0	1	1	1	0	0	0	2	0	0	1	0	0	0	6	NaN	NaN
1	1	0	1	0	0	1	0	0	2	0	0	0	2	0	0	2	0	0	2	7	NaN	NaN
0	0	0	0	0	0	0	0	1	0	1	0	0	0	0	0	1	0	1	1	0	NaN	NaN
0	0	0	0	0	0	1	0	0	1	0	1	0	0	0	0	0	0	2	1	1	NaN	NaN
0	1	0	1	0	0	0	0	0	0	1	0	0	0	0	0	0	0	1	0	2	NaN	NaN
1	1	0	1	0	2	0	0	0	1	0	1	0	0	0	0	0	0	1	3	3	NaN	NaN
0	0	0	0	0	0	0	0	0	1	0	1	0	0	0	1	0	1	1	0	4	NaN	NaN
0	0	0	0	0	0	0	0	0	1	1	0	0	0	0	1	0	0	0	2	5	NaN	NaN
0	0	0	0	0	0	0	1	1	1	0	0	0	2	0	0	1	0	0	0	6	NaN	NaN
1	1	0	1	0	0	1	0	0	2	0	0	0	2	0	0	2	0	0	2	7	NaN	NaN
0	0	0	0	0	0	0	0	1	0	1	0	0	0	0	0	1	0	1	1	0	NaN	NaN
0	0	0	0	0	0	1	0	0	1	0	1	0	0	0	0	0	0	2	1	1	NaN	NaN
0	1	0	1	0	0	0	0	0	0	1	0	0	0	0	0	0	0	1	0	2	NaN	NaN
1	1	0	1	0	2	0	0	0	1	0	1	0	0	0	0	0	0	1	3	3	NaN	NaN
0	0	0	0	0	0	0	0	0	1	0	1	0	0	0	1	0	1	1	0	4	NaN	NaN
0	0	0	0	0	0	0	0	0	1	1	0	0	0	0	1	0	0	0	2	5	NaN	NaN
0	0	0	0	0	0	0	1	1	1	0	0	0	2	0	0	1	0	0	0	6	NaN	NaN
1	1	0	1	0	0	1	0	0	2	0	0	0	2	0	0	2	0	0	2	7	NaN	NaN
0	0	0	0	0	0	0	0	1	0	1	0	0	0	0	0	1	0	1	1	0	46.97098659205498	45.700092636449334
0	0	0	0	0	0	1	0	0	1	0	1	0	0	0	0	0	0	2	1	1	51.95884917361353	45.700092636449334
0	1	0	1	0	0	0	0	0	0	1	0	0	0	0	0	0	0	1	0	2	52.06448612357542	45.700092636449334
1	1	0	1	0	2	0	0	0	1	0	1	0	0	0	0	0	0	1	3	3	58.35977934571764	45.700092636449334
0	0	0	0	0	0	0	0	0	1	0	1	0	0	0	1	0	1	1	0	4	35.76914837105903	45.700092636449334
0	0	0	0	0	0	0	0	0	1	1	0	0	0	0	1	0	0	0	2	5	35.367304953652095	45.700092636449334
0	0	0	0	0	0	0	1	1	1	0	0	0	2	0	0	1	0	0	0	6	34.29449759762393	45.700092636449334
1	1	0	1	0	0	1	0	0	2	0	0	0	2	0	0	2	0	0	2	7	50.81568893429803	45.700092636449334
0	0	0	0	0	0	1	0	0	1	0	0	0	0	0	0	0	0	2	1	0	47.56188413010697	54.55362964169938
0	1	0	1	0	0	0	0	1	1	1	0	0	0	0	0	0	0	1	0	1	61.54537515329179	54.55362964169938
0	0	0	0	0	0	0	0	1	0	1	0	0	0	0	0	1	0	1	1	0	46.97098659205498	45.700092636449334
0	0	0	0	0	0	1	0	0	1	0	1	0	0	0	0	0	0	2	1	1	51.95884917361353	45.700092636449334
0	1	0	1	0	0	0	0	0	0	1	0	0	0	0	0	0	0	1	0	2	52.06448612357542	45.700092636449334
1	1	0	1	0	2	0	0	0	1	0	1	0	0	0	0	0	0	1	3	3	58.35977934571764	45.700092636449334
0	0	0	0	0	0	0	0	0	1	0	1	0	0	0	1	0	1	1	0	4	35.76914837105903	45.700092636449334
0	0	0	0	0	0	0	0	0	1	1	0	0	0	0	1	0	0	0	2	5	35.367304953652095	45.700092636449334
0	0	0	0	0	0	0	1	1	1	0	0	0	2	0	0	1	0	0	0	6	34.29449759762393	45.700092636449334
1	1	0	1	0	0	1	0	0	2	0	0	0	2	0	0	2	0	0	2	7	50.81568893429803	45.700092636449334
0	0	0	0	0	0	1	0	0	1	0	0	0	0	0	0	0	0	2	1	0	47.56188413010697	54.55362964169938
0	1	0	1	0	0	0	0	1	1	1	0	0	0	0	0	0	0	1	0	1	61.54537515329179	54.55362964169938
