1	0	0	1	0	1	0	1	0	0	0	0	0	0	1	0	0	0	1	1	0	NaN	NaN
0	0	0	1	0	0	0	1	0	0	0	0	0	0	0	1	0	0	1	2	1	NaN	NaN
2	1	0	1	0	0	0	0	0	1	0	0	0	0	0	0	0	0	0	0	2	NaN	NaN
1	0	0	0	0	0	0	1	0	1	2	0	0	0	0	2	0	0	1	0	3	NaN	NaN
2	1	0	0	0	0	0	1	0	1	0	1	0	0	1	0	0	0	2	1	4	NaN	NaN
1	0	0	0	0	0	0	3	0	1	1	0	0	1	0	0	0	0	0	2	5	NaN	NaN
1	0	0	1	0	0	0	1	0	0	1	0	0	0	0	0	1	0	0	0	6	NaN	NaN
0	1	0	0	0	0	0	1	0	0	1	0	0	0	0	1	0	0	1	1	7	NaN	NaN
1	0	0	1	0	1	0	1	0	0	0	0	0	0	1	0	0	0	1	1	0	NaN	NaN
0	0	0	1	0	0	0	1	0	0	0	0	0	0	0	1	0	0	1	2	1	NaN	NaN
2	1	0	1	0	0	0	0	0	1	0	0	0	0	0	0	0	0	0	0	2	NaN	NaN
1	0	0	0	0	0	0	1	0	1	2	0	0	0	0	2	0	0	1	0	3	NaN	NaN
2	1	0	0	0	0	0	1	0	1	0	1	0	0	1	0	0	0	2	1	4	NaN	NaN
1	0	0	0	0	0	0	3	0	1	1	0	0	1	0	0	0	0	0	2	5	NaN	NaN
1	0	0	1	0	0	0	1	0	0	1	0	0	0	0	0	1	0	0	0	6	NaN	NaN
0	1	0	0	0	0	0	1	0	0	1	0	0	0	0	1	0	0	1	1	7	NaN	NaN
1	0	0	1	0	1	0	1	0	0	0	0	0	0	1	0	0	0	1	1	0	NaN	NaN
0	0	0	1	0	0	0	1	0	0	0	0	0	0	0	1	0	0	1	2	1	NaN	NaN
2	1	0	1	0	0	0	0	0	1	0	0	0	0	0	0	0	0	0	0	2	NaN	NaN
1	0	0	0	0	0	0	1	0	1	2	0	0	0	0	2	0	0	1	0	3	NaN	NaN
2	1	0	0	0	0	0	1	0	1	0	1	0	0	1	0	0	0	2	1	4	NaN	NaN
1	0	0	0	0	0	0	3	0	1	1	0	0	1	0	0	0	0	0	2	5	NaN	NaN
1	0	0	1	0	0	0	1	0	0	1	0	0	0	0	0	1	0	0	0	6	NaN	NaN
0	1	0	0	0	0	0	1	0	0	1	0	0	0	0	1	0	0	1	1	7	NaN	NaN
1	0	0	1	0	1	0	0	0	0	0	0	0	0	1	0	0	0	1	1	0	39.100683645400956	41.68843252733355
0	0	0	0	0	0	0	1	0	0	0	0	0	0	0	1	0	0	1	2	1	28.28962262766271	41.68843252733355
2	0	0	1	0	0	0	0	0	1	0	0	0	0	0	0	0	0	0	0	2	18.61976821977662	41.68843252733355
1	0	0	0	0	0	0	1	0	1	2	0	0	0	0	3	0	0	0	0	3	29.78359805823009	41.68843252733355
2	1	0	0	0	0	0	2	0	1	0	0	0	0	1	0	0	0	2	1	4	47.67894821875197	41.68843252733355
1	0	0	1	0	0	0	3	0	1	1	0	0	1	0	0	0	0	0	2	5	62.068208688820796	41.68843252733355
1	1	0	1	0	0	0	1	1	0	2	0	0	0	0	0	1	0	2	0	6	59.59105732957328	41.68843252733355
0	1	0	0	0	0	0	1	0	0	1	0	0	0	0	0	0	0	1	1	7	48.37557343045204	41.68843252733355
1	0	0	1	0	1	0	1	0	0	0	0	0	0	1	0	0	0	1	1	0	44.31463850707545	40.68022298314875
0	0	0	1	0	0	0	1	0	0	0	0	0	0	0	1	0	0	1	2	1	40.90623657401841	40.68022298314875
2	1	0	1	0	0	0	0	0	1	0	0	0	0	0	0	0	0	0	0	2	35.34866395671905	40.68022298314875
1	0	0	0	0	0	0	1	0	1	2	0	0	0	0	2	0	0	1	0	3	30.278244530017222	40.68022298314875
2	1	0	0	0	0	0	1	0	1	0	1	0	0	1	0	0	0	2	1	4	40.2147026734984	40.68022298314875
1	0	0	0	0	0	0	3	0	1	1	0	0	1	0	0	0	0	0	2	5	42.28470302464143	40.68022298314875
1	0	0	1	0	0	0	1	0	0	1	0	0	0	0	0	1	0	0	0	6	45.147353372708366	40.68022298314875
0	1	0	0	0	0	0	1	0	0	1	0	0	0	0	1	0	0	1	1	7	46.947241226511665	40.68022298314875
1	0	0	1	0	1	0	1	0	0	0	0	0	0	1	0	0	0	1	1	0	44.31463850707545	40.68022298314875
0	0	0	1	0	0	0	1	0	0	0	0	0	0	0	1	0	0	1	2	1	40.90623657401841	40.68022298314875
2	1	0	1	0	0	0	0	0	1	0	0	0	0	0	0	0	0	0	0	2	35.34866395671905	40.68022298314875
1	0	0	0	0	0	0	1	0	1	2	0	0	0	0	2	0	0	1	0	3	30.278244530017222	40.68022298314875
2	1	0	0	0	0	0	1	0	1	0	1	0	0	1	0	0	0	2	1	4	40.2147026734984	40.68022298314875
1	0	0	0	0	0	0	3	0	1	1	0	0	1	0	0	0	0	0	2	5	42.28470302464143	40.68022298314875
1	0	0	1	0	0	0	1	0	0	1	0	0	0	0	0	1	0	0	0	6	45.147353372708366	40.68022298314875
0	1	0	0	0	0	0	1	0	0	1	0	0	0	0	1	0	0	1	1	7	46.947241226511665	40.68022298314875
1	0	0	1	0	1	0	0	0	0	0	0	0	0	1	0	0	0	1	1	0	39.100683645400956	41.68843252733355
0	0	0	0	0	0	0	1	0	0	0	0	0	0	0	1	0	0	1	2	1	28.28962262766271	41.68843252733355
2	0	0	1	0	0	0	0	0	1	0	0	0	0	0	0	0	0	0	0	2	18.61976821977662	41.68843252733355
1	0	0	0	0	0	0	1	0	1	2	0	0	0	0	3	0	0	0	0	3	29.78359805823009	41.68843252733355
2	1	0	0	0	0	0	2	0	1	0	0	0	0	1	0	0	0	2	1	4	47.67894821875197	41.68843252733355
1	0	0	1	0	0	0	3	0	1	1	0	0	1	0	0	0	0	0	2	5	62.068208688820796	41.68843252733355
1	1	0	1	0	0	0	1	1	0	2	0	0	0	0	0	1	0	2	0	6	59.59105732957328	41.68843252733355
0	1	0	0	0	0	0	1	0	0	1	0	0	0	0	0	0	0	1	1	7	48.37557343045204	41.68843252733355
1	0	0	1	0	1	0	0	0	0	0	0	0	0	1	0	0	0	1	1	0	39.100683645400956	41.68843252733355
0	0	0	0	0	0	0	1	0	0	0	0	0	0	0	1	0	0	1	2	1	28.28962262766271	41.68843252733355
2	0	0	1	0	0	0	0	0	1	0	0	0	0	0	0	0	0	0	0	2	18.61976821977662	41.68843252733355
1	0	0	0	0	0	0	1	0	1	2	0	0	0	0	3	0	0	0	0	3	29.78359805823009	41.68843252733355
2	1	0	0	0	0	0	2	0	1	0	0	0	0	1	0	0	0	2	1	4	47.67894821875197	41.68843252733355
1	0	0	1	0	0	0	3	0	1	1	0	0	1	0	0	0	0	0	2	5	62.068208688820796	41.68843252733355
1	1	0	1	0	0	0	1	1	0	2	0	0	0	0	0	1	0	2	0	6	59.59105732957328	41.68843252733355
0	1	0	0	0	0	0	1	0	0	1	0	0	0	0	0	0	0	1	1	7	48.37557343045204	41.68843252733355
1	0	0	1	0	1	0	1	0	0	0	0	0	0	1	0	0	0	1	1	0	44.31463850707545	40.68022298314875
0	0	0	1	0	0	0	1	0	0	0	0	0	0	0	1	0	0	1	2	1	40.90623657401841	40.68022298314875
2	1	0	1	0	0	0	0	0	1	0	0	0	0	0	0	0	0	0	0	2	35.34866395671905	40.68022298314875
1	0	0	0	0	0	0	1	0	1	2	0	0	0	0	2	0	0	1	0	3	30.278244530017222	40.68022298314875
2	1	0	0	0	0	0	1	0	1	0	1	0	0	1	0	0	0	2	1	4	40.2147026734984	40.68022298314875
1	0	0	0	0	0	0	3	0	1	1	0	0	1	0	0	0	0	0	2	5	42.28470302464143	40.68022298314875
1	0	0	1	0	0	0	1	0	0	1	0	0	0	0	0	1	0	0	0	6	45.147353372708366	40.68022298314875
0	1	0	0	0	0	0	1	0	0	1	0	0	0	0	1	0	0	1	1	7	46.947241226511665	40.68022298314875
