0	0	0	0	0	0	1	0	0	0	0	1	0	1	0	0	0	1	0	2	0	NaN	NaN
1	1	0	1	0	0	4	2	0	1	2	2	0	0	0	0	1	0	0	3	1	NaN	NaN
1	0	0	0	0	1	1	1	0	1	1	1	1	1	0	0	0	0	0	1	2	NaN	NaN
2	0	0	0	0	1	1	0	0	1	2	2	0	0	2	0	1	0	0	2	3	NaN	NaN
0	0	0	1	0	0	0	1	1	1	1	0	0	0	0	0	1	0	0	0	4	NaN	NaN
0	0	0	0	0	0	0	1	0	0	0	2	1	1	0	1	1	0	1	0	5	NaN	NaN
0	0	1	0	0	0	1	1	0	1	1	1	0	1	0	0	0	0	0	1	6	NaN	NaN
1	0	0	2	0	0	0	1	0	1	0	1	0	0	0	0	0	0	0	0	7	NaN	NaN
0	0	0	0	0	0	1	0	0	0	0	1	0	1	0	0	0	1	0	2	0	NaN	NaN
1	1	0	1	0	0	4	2	0	1	2	2	0	0	0	0	1	0	0	3	1	NaN	NaN
1	0	0	0	0	1	1	1	0	1	1	1	1	1	0	0	0	0	0	1	2	NaN	NaN
2	0	0	0	0	1	1	0	0	1	2	2	0	0	2	0	1	0	0	2	3	NaN	NaN
0	0	0	1	0	0	0	1	1	1	1	0	0	0	0	0	1	0	0	0	4	NaN	NaN
0	0	0	0	0	0	0	1	0	0	0	2	1	1	0	1	1	0	1	0	5	NaN	NaN
0	0	1	0	0	0	1	1	0	1	1	1	0	1	0	0	0	0	0	1	6	NaN	NaN
1	0	0	2	0	0	0	1	0	1	0	1	0	0	0	0	0	0	0	0	7	NaN	NaN
0	0	0	0	0	0	1	0	0	0	0	1	0	1	0	0	0	1	0	2	0	NaN	NaN
1	1	0	1	0	0	4	2	0	1	2	2	0	0	0	0	1	0	0	3	1	NaN	NaN
1	0	0	2	0	0	0	1	0	1	0	1	0	0	0	0	0	0	0	0	2	NaN	NaN
0	0	1	0	0	0	1	1	0	1	1	1	0	1	0	0	0	0	0	1	3	NaN	NaN
2	0	0	0	0	1	1	0	0	1	2	2	0	0	2	0	1	0	0	2	4	NaN	NaN
0	0	0	0	0	0	0	1	0	0	0	2	1	1	0	1	1	0	1	0	5	NaN	NaN
0	0	0	1	0	0	0	1	1	1	1	0	0	0	0	0	1	0	0	0	6	NaN	NaN
1	0	0	0	0	1	1	1	0	1	1	1	1	1	0	0	0	0	0	1	7	NaN	NaN
0	0	0	0	0	0	1	0	0	0	0	1	0	1	0	0	0	1	0	2	0	39.99344896835347	41.77261126004873
1	1	0	1	0	0	4	2	0	1	2	2	0	0	0	0	1	0	0	3	1	45.480846222378105	41.77261126004873
1	0	0	2	0	0	0	1	0	1	0	1	0	0	0	0	0	0	0	0	2	37.09183538377792	41.77261126004873
0	0	1	0	0	0	1	1	0	1	1	1	0	1	0	0	0	0	0	1	3	43.00410450932196	41.77261126004873
2	0	0	0	0	1	1	0	0	1	2	2	0	0	2	0	1	0	0	2	4	46.082937544974826	41.77261126004873
0	0	0	0	0	0	0	1	0	0	0	2	1	1	0	1	1	0	1	0	5	49.53639835631009	41.77261126004873
0	0	0	1	0	0	0	1	1	1	1	0	0	0	0	0	1	0	0	0	6	41.73244093243651	41.77261126004873
1	0	0	0	0	1	1	1	0	1	1	1	1	1	0	0	0	0	0	1	7	31.25887816283694	41.77261126004873
1	0	1	1	0	0	1	0	0	1	0	2	0	1	0	2	0	1	0	2	0	44.02443145385182	53.689156085419214
1	1	0	3	0	0	1	2	0	1	0	1	0	2	0	1	1	0	0	1	1	43.52362957978185	53.689156085419214
1	0	1	1	0	0	1	1	0	3	1	2	0	1	0	1	0	0	0	1	2	51.66221086901291	53.689156085419214
0	0	0	0	0	0	0	0	0	0	0	1	1	1	0	1	1	0	0	0	3	50.05733916719517	53.689156085419214
0	0	0	1	0	0	0	1	1	1	1	1	0	0	0	0	0	0	0	0	4	71.51410812117796	53.689156085419214
2	0	0	0	0	1	1	0	0	1	1	1	0	0	2	0	0	0	0	2	5	70.61240077313035	53.689156085419214
1	0	0	0	0	1	1	1	0	0	1	1	1	0	0	0	0	0	0	1	6	54.646767472560924	53.689156085419214
1	0	0	0	0	0	2	0	0	1	2	2	0	0	0	0	0	0	0	0	7	43.47236124664276	53.689156085419214
0	0	0	0	0	0	1	0	0	0	0	1	0	1	0	0	0	1	0	2	0	39.99344896835347	41.77261126004873
1	1	0	1	0	0	4	2	0	1	2	2	0	0	0	0	1	0	0	3	1	45.480846222378105	41.77261126004873
1	0	0	2	0	0	0	1	0	1	0	1	0	0	0	0	0	0	0	0	2	37.09183538377792	41.77261126004873
0	0	1	0	0	0	1	1	0	1	1	1	0	1	0	0	0	0	0	1	3	43.00410450932196	41.77261126004873
2	0	0	0	0	1	1	0	0	1	2	2	0	0	2	0	1	0	0	2	4	46.082937544974826	41.77261126004873
0	0	0	0	0	0	0	1	0	0	0	2	1	1	0	1	1	0	1	0	5	49.53639835631009	41.77261126004873
0	0	0	1	0	0	0	1	1	1	1	0	0	0	0	0	1	0	0	0	6	41.73244093243651	41.77261126004873
1	0	0	0	0	1	1	1	0	1	1	1	1	1	0	0	0	0	0	1	7	31.25887816283694	41.77261126004873
1	0	1	1	0	0	1	0	0	1	0	2	0	1	0	2	0	1	0	2	0	44.02443145385182	53.689156085419214
1	1	0	3	0	0	1	2	0	1	0	1	0	2	0	1	1	0	0	1	1	43.52362957978185	53.689156085419214
1	0	1	1	0	0	1	1	0	3	1	2	0	1	0	1	0	0	0	1	2	51.66221086901291	53.689156085419214
0	0	0	0	0	0	0	0	0	0	0	1	1	1	0	1	1	0	0	0	3	50.05733916719517	53.689156085419214
0	0	0	1	0	0	0	1	1	1	1	1	0	0	0	0	0	0	0	0	4	71.51410812117796	53.689156085419214
2	0	0	0	0	1	1	0	0	1	1	1	0	0	2	0	0	0	0	2	5	70.61240077313035	53.689156085419214
1	0	0	0	0	1	1	1	0	0	1	1	1	0	0	0	0	0	0	1	6	54.646767472560924	53.689156085419214
1	0	0	0	0	0	2	0	0	1	2	2	0	0	0	0	0	0	0	0	7	43.47236124664276	53.689156085419214
