1	0	0	0	0	1	1	0	0	0	0	0	1	0	0	0	2	0	0	1	0	NaN	NaN
0	0	0	0	0	1	0	0	0	1	0	0	0	0	0	0	0	0	0	0	1	NaN	NaN
0	0	0	0	0	0	0	0	0	2	1	0	0	0	0	0	0	0	0	0	2	NaN	NaN
0	0	0	0	0	0	0	0	0	0	1	0	0	0	0	0	1	0	0	0	3	NaN	NaN
0	0	0	0	0	0	0	0	0	0	1	0	0	0	0	0	0	0	1	1	4	NaN	NaN
0	0	1	0	0	0	0	0	0	1	0	1	0	0	0	0	2	0	1	0	5	NaN	NaN
0	0	0	0	0	0	0	0	0	0	1	1	0	0	0	0	0	0	0	0	6	NaN	NaN
0	0	0	1	0	0	0	0	0	1	0	0	0	0	0	0	0	0	1	0	7	NaN	NaN
1	0	0	0	0	1	1	0	0	0	0	0	1	0	0	0	2	0	0	1	0	NaN	NaN
0	0	0	0	0	1	0	0	0	1	0	0	0	0	0	0	0	0	0	0	1	NaN	NaN
0	0	0	0	0	0	0	0	0	2	1	0	0	0	0	0	0	0	0	0	2	NaN	NaN
0	0	0	0	0	0	0	0	0	0	1	0	0	0	0	0	1	0	0	0	3	NaN	NaN
0	0	0	0	0	0	0	0	0	0	1	0	0	0	0	0	0	0	1	1	4	NaN	NaN
0	0	1	0	0	0	0	0	0	1	0	1	0	0	0	0	2	0	1	0	5	NaN	NaN
0	0	0	0	0	0	0	0	0	0	1	1	0	0	0	0	0	0	0	0	6	NaN	NaN
0	0	0	1	0	0	0	0	0	1	0	0	0	0	0	0	0	0	1	0	7	NaN	NaN
1	0	0	0	0	1	1	0	0	0	0	0	1	0	0	0	2	0	0	1	0	NaN	NaN
0	0	0	1	0	0	0	0	0	1	0	0	0	0	0	0	0	0	1	0	1	NaN	NaN
0	0	0	0	0	0	0	0	0	0	1	1	0	0	0	0	0	0	0	0	2	NaN	NaN
0	0	1	0	0	0	0	0	0	1	0	1	0	0	0	0	2	0	1	0	3	NaN	NaN
0	0	0	0	0	0	0	0	0	0	1	0	0	0	0	0	0	0	1	1	4	NaN	NaN
0	0	0	0	0	0	0	0	0	0	1	0	0	0	0	0	1	0	0	0	5	NaN	NaN
0	0	0	0	0	0	0	0	0	2	1	0	0	0	0	0	0	0	0	0	6	NaN	NaN
0	0	0	0	0	1	0	0	0	1	0	0	0	0	0	0	0	0	0	0	7	NaN	NaN
1	0	0	0	0	1	1	0	0	0	0	0	1	0	0	0	2	0	0	1	0	50.80014827645569	48.99507123156536
0	0	0	1	0	0	0	0	0	1	0	0	0	0	0	0	0	0	1	0	1	41.99022996388614	48.99507123156536
0	0	0	0	0	0	0	0	0	0	1	1	0	0	0	0	0	0	0	0	2	40.186523654863635	48.99507123156536
0	0	1	0	0	0	0	0	0	1	0	1	0	0	0	0	2	0	1	0	3	55.747665495811916	48.99507123156536
0	0	0	0	0	0	0	0	0	0	1	0	0	0	0	0	0	0	1	1	4	55.449502338394936	48.99507123156536
0	0	0	0	0	0	0	0	0	0	1	0	0	0	0	0	1	0	0	0	5	51.88917780130251	48.99507123156536
0	0	0	0	0	0	0	0	0	2	1	0	0	0	0	0	0	0	0	0	6	51.36831295856068	48.99507123156536
0	0	0	0	0	1	0	0	0	1	0	0	0	0	0	0	0	0	0	0	7	44.529009363247326	48.99507123156536
1	0	0	0	0	1	1	0	0	0	0	0	1	0	0	0	2	0	0	1	0	50.80014827645569	48.99507123156536
0	0	0	1	0	0	0	0	0	1	0	0	0	0	0	0	0	0	1	0	1	41.99022996388614	48.99507123156536
0	0	0	0	0	0	0	0	0	0	1	1	0	0	0	0	0	0	0	0	2	40.186523654863635	48.99507123156536
0	0	1	0	0	0	0	0	0	1	0	1	0	0	0	0	2	0	1	0	3	55.747665495811916	48.99507123156536
0	0	0	0	0	0	0	0	0	0	1	0	0	0	0	0	0	0	1	1	4	55.449502338394936	48.99507123156536
0	0	0	0	0	0	0	0	0	0	1	0	0	0	0	0	1	0	0	0	5	51.88917780130251	48.99507123156536
0	0	0	0	0	0	0	0	0	2	1	0	0	0	0	0	0	0	0	0	6	51.36831295856068	48.99507123156536
0	0	0	0	0	1	0	0	0	1	0	0	0	0	0	0	0	0	0	0	7	44.529009363247326	48.99507123156536
