label	fa_atr	fa_rep	fa_sol	fa_intra_atr_xover4	fa_intra_rep_xover4	fa_intra_sol_xover4	lk_ball	lk_ball_iso	lk_ball_bridge	lk_ball_bridge_uncpl	fa_elec	fa_intra_elec	pro_close	hbond_sr_bb	hbond_lr_bb	hbond_bb_sc	hbond_sc	dslf_fa13	omega	fa_dun	fa_dun_dev	fa_dun_rot	fa_dun_semi	p_aa_pp	yhh_planarity	hxl_tors	ref	rama_prepro	total	BSA	SASA
PRO_1	-4.0765	54.8238	1.70013	-0.19148	0.26838	0.14418	0.27186	1.442	0	0	1.57915	1.05924	11.9129	0	0	0	0	0	0.15524	1.3467	1.00225	0.34445	0	0	0	0	-4.6787	0	67.1036	123.391	75.6091
PRO_2	-2.40875	37.5285	1.97679	-0.10783	0.04939	0.07058	0.5377	1.9314	0	0	0.74878	1.04405	9.0076	0	0	0	0	0	0.1952	3.23699	2.34695	0.89004	0	1.97927	0	0	-4.6787	4.54133	58.8892	84.0329	114.967
ASN_3	-5.41612	88.6241	4.88307	-0.33118	0.56544	0.61158	3.20693	6.2326	1e-05	5e-05	-0.06982	-0.05002	0	0	0	-0.56332	0	0	-0.16455	8.20037	1.65696	0	6.54342	-0.12351	0	0	-0.3009	4.56242	118.068	116.015	67.9851
LEU_4	-6.18834	5.41315	2.27842	-0.60301	0.63856	0.1634	1.28909	4.76597	0	0	-0.8478	0.11961	0	0	0	-0.32682	0	0	0.06968	11.581	8.05411	3.52694	0	0.50499	0	0	1.3223	3.28232	35.0436	197.699	12.3009
THR_5	-5.77755	8.65651	4.52578	-0.11793	0.18409	0.06237	2.82375	6.81183	0.03142	0.38568	-0.51715	-0.43052	0	0	0	0	0	0	-0.09206	9.87653	8.19098	1.68555	0	0.55818	0	5.04225	-0.9333	3.69254	44.6589	135.469	38.531
GLY_6	-3.83375	1.04876	3.84922	-0.00083	0	0	2.91339	5.28201	0	0	-3.69426	-0.29208	0	0	0	0	0	0	0.01955	0	0	0	0	-2.52979	0	0	1.435	0.93185	5.12906	156.33	7.66967
TYR_7	-8.93131	51.4378	6.40594	-0.59365	0.0483	0.04622	4.92769	9.02659	0	0	-3.79078	-0.47926	0	0	0	0	0	0	-0.02666	5.15603	1.68634	0	3.46969	-0.11044	0	0	1.7379	0.1714	70.1818	205.598	42.4024
TYR_8	-11.9676	9.25158	5.78477	-0.65252	0.19022	0.40078	3.46453	9.75193	0	0	-3.53765	-0.2088	0	0	0	-0.32682	0	0	-0.05949	3.27085	0.51063	0	2.76022	-0.08248	0	0	1.7379	-0.35719	19.9308	248	0
ARG_9	-5.7407	0.61466	5.65629	-0.77901	0.5363	0.48821	3.33061	7.17596	0	0	-3.5227	0.72555	0	0	0	0	0	0	-0.05798	4.34432	1.28984	3.05448	0	-0.03114	0	0	-0.1423	-0.32402	16.6184	156.378	108.622
PHE_10	-9.11016	1.9041	4.37966	-0.7091	0.08454	0.00648	2.93869	7.41015	0	0	-2.66517	-0.29076	0	0	0	-0.52335	0	0	-0.07343	2.94103	0.08605	0	2.85498	0.47332	0	0	1.9602	0.7157	12.3829	214.452	22.5479
VAL_11	-5.20842	2.13443	2.07461	-0.30209	0.44113	0.07164	1.46113	4.47836	0	0	-0.4043	-0.22333	0	0	0	0	0	0	0.07917	10.1524	9.89689	0.25554	0	-0.54732	0	0	2.7371	2.96569	30.0627	131.635	50.3653
SER_12	-3.82797	1.12493	3.40733	-0.04837	0.01707	0.0738	2.31843	4.77814	0	0	-0.96128	-0.71948	0	0	0	0	0	0	0.13917	0.22693	0.0123	0.21463	0	-0.60509	0	4.04	-0.539	3.51627	13.1678	114.107	47.8925
GLN_13	-4.85424	6.59113	3.13667	-0.40735	0.16525	0.25756	1.26849	3.86941	0.10118	0.38576	-0.63409	-0.16944	0	0	0	0	-0.00256	0	0.03535	3.60133	0.49774	0	3.10359	0.72822	0	0	-0.1077	3.19714	20.7634	179.806	37.1942
LYS_14	-3.92718	2.49143	4.26898	-0.58183	1.39905	0.42276	1.95565	4.62783	0.00088	0.00787	-1.33119	-0.0863	0	0	0	0	0	0	0.02804	23.9595	21.9529	2.00656	0	0.03904	0	0	-0.8895	3.99281	60.3373	131.403	120.597
ASN_15	-4.38885	2.59751	4.17469	-0.23387	1.14475	0.38547	1.56835	4.81078	0	0	-0.28612	-0.50107	0	0	0	0	0	0	-0.04428	6.2198	0.50754	0	5.71226	-1.00764	0	0	-0.3009	3.41559	23.774	122.922	61.0778
MET_16	-7.89667	11.6738	3.74514	-0.63572	1.41757	0.54016	1.92002	5.58963	0.10378	0.4088	-0.64631	-0.13746	0	0	0	0	0	0	0.04494	15.2722	10.8084	4.46388	0	0.06535	0	0	1.4633	1.40362	49.6044	233.491	28.5087
GLU_17	-6.45181	15.7006	8.13339	-0.53581	0.2932	0.94803	3.25512	9.18012	0.10265	0.37519	-1.88423	-0.79539	0	0	0	0	0	0	-0.03206	5.49738	0.13707	0	5.36031	-0.08685	0	0	-1.6358	1.78314	39.3443	188.225	34.7751
ASP_18	-4.1825	0.29363	4.30768	-0.12089	0.05954	0.37855	1.89185	5.76979	0	0	-0.59324	-0.39044	0	0	0	0	0	0	0.00681	6.08652	1.96677	0	4.11974	0.3931	0	0	-1.6204	1.75881	20.1253	115.589	69.4107
TYR_19	-10.0267	5.73707	3.81498	-0.86133	0.05126	0.29441	3.22495	7.96332	0	0	-1.52375	-0.28332	0	0	0	0	0	0	0.00043	2.54016	0.17812	0	2.36204	-0.36485	0	0	1.7379	1.02139	15.8661	224.456	23.5445
LEU_20	-8.26949	8.43788	3.81952	-0.6883	3.43519	0.18385	2.6917	6.74069	0	0	-2.11678	0.3002	0	0	0	0	0	0	0.06809	12.5636	8.60726	3.95639	0	-0.17072	0	0	1.3223	0.70723	41.5887	195.652	14.348
GLN_21	-6.69099	25.8477	7.74884	-0.30363	0.02006	0.25592	3.63284	9.08928	0.0026	0.02305	-1.82833	-0.50977	0	0	0	0	0	0	0.33937	15.5177	11.0328	0	4.48497	-0.25958	0	0	-0.1077	-0.40087	67.8942	136.22	80.7804
ALA_22	-4.97007	1.64846	3.51046	-0.02526	0.0008	0	3.08471	6.4533	0	0	-1.42934	-0.42288	0	0	0	-0.04338	0	0	0.14283	0	0	0	0	0.04559	0	0	2.2619	-0.86624	9.39086	139.934	13.0659
LEU_23	-8.11214	1.21651	4.09053	-0.51817	0.74985	0.16053	2.12406	7.33978	0.00245	0.04044	-0.5462	0.07738	0	0	0	-0.65163	0	0	-0.02851	2.22965	1.92853	0.30112	0	-0.07538	0	0	1.3223	-0.8272	10.8239	208.176	1.82445
ASN_24	-5.04879	5.56956	5.71127	-0.26839	2.79497	0.38687	3.15428	7.36018	0.05852	0.48735	-2.19237	-0.57868	0	0	0	0	-0.00374	0	-0.20332	17.3299	11.7	0	5.6299	-1.67426	0	0	-0.3009	-0.95343	48.9589	143.225	40.775
ILE_25	-6.14522	1.62142	3.35016	-0.48948	1.35792	0.09292	2.12322	5.24407	0.00036	0.00168	-1.17063	0.37544	0	0	0	-0.01856	0	0	-0.06237	0.749	0.02138	0.72761	0	-0.76965	0	0	1.8006	-1.04514	7.76471	186.603	20.397
SER_26	-4.09216	0.64487	4.64113	-0.0372	0.00226	0.05619	2.71642	5.73026	0	0	-0.32921	-0.77093	0	0	0	0	0	0	0.13983	0.75809	0.14242	0.61567	0	-0.38954	0	4.04	-0.539	1.29073	14.6198	135.428	26.5724
LEU_27	-4.3504	1.43562	3.97319	-0.77789	3.66092	0.35447	1.7715	5.27586	0	0	0.81156	0.02123	0	0	0	0	0	0	-0.01907	17.1744	14.8123	2.36216	0	-0.36808	0	0	1.3223	1.91021	49.3703	117.388	92.6124
ALA_28	-3.20623	0.66385	2.22869	-0.02359	0	0	1.16474	3.93388	0.00158	0.00794	0.46624	-0.39234	0	0	0	0	0	0	-0.15142	0	0	0	0	-0.49702	0	0	2.2619	-0.23821	6.22004	133.151	19.8494
VAL_29	-5.45158	1.38457	2.84462	-0.3301	2.04039	0.0778	2.13558	5.48749	0	0	-0.52026	-0.67804	0	0	0	0	0	0	-0.1019	2.5108	1.17727	1.33353	0	0.27447	0	0	2.7371	-0.1262	14.7955	153.302	28.6983
ARG_30	-9.73854	11.8433	9.71516	-0.93635	2.51179	0.76926	4.50671	10.8506	0	0	-1.45233	-0.20417	0	0	0	-0.01856	0	0	0.03395	8.1	4.19999	3.90001	0	-0.05034	0	0	-0.1423	1.83376	45.7219	227.818	37.1817
LYS_31	-4.55682	0.93639	4.11265	-0.49772	0.18244	0.2985	1.91181	5.08874	0.10265	0.37519	0.34052	0.31438	0	0	0	0	0	0	0.36198	13.4919	10.1627	3.32925	0	0.35632	0	0	-0.8895	3.72951	39.1509	149.546	102.454
ILE_32	-5.68825	1.79792	3.60102	-0.4703	1.4981	0.07516	2.94861	6.05828	0	0	-0.61913	0.20446	0	0	0	0	0	0	0.03151	2.81987	2.12786	0.69201	0	-0.92965	0	0	1.8006	2.84939	18.7974	164.017	42.9829
ALA_33	-3.92721	1.6458	2.68235	-0.02252	0	0	1.6589	4.61249	0.04779	0.26081	0.16706	-0.34752	0	0	0	0	0	0	-0.15997	0	0	0	0	-0.44102	0	0	2.2619	1.34344	9.78231	125.33	27.6704
LEU_34	-5.21609	1.98292	3.05302	-0.47798	0.18213	0.12736	1.52945	4.70436	0	0	0.24899	0.15623	0	0	0	0	0	0	-0.12239	0.61021	0.35013	0.26008	0	-0.00428	0	0	1.3223	0.91893	9.62536	157.924	52.0759
LEU_35	-2.62442	0.63945	3.01651	-0.46969	0.3132	0.13447	1.58458	3.77111	0	0	-1.29952	0.04565	0	0	0	0	0	0	-0.02068	1.38581	0.86014	0.52567	0	0.03501	0	0	1.3223	0.2305	9.45007	75.0112	134.989
LEU_36	-5.72865	2.72837	3.15136	-0.42586	0.23161	0.05133	1.91702	4.72469	0.04779	0.26081	-0.02617	0.378	0	0	0	0	0	0	-0.01165	3.8883	3.48557	0.40273	0	-0.12019	0	0	1.3223	-0.00822	16.2691	168.356	41.6445
LYS_37	-3.47911	0.62233	2.34656	-0.49102	1.06519	0.4116	0.77577	2.97788	0	0	0.74478	0.32413	1.28795	0	0	0	0	0	0.21058	7.01112	3.54678	3.46433	0	0.34941	0	0	-0.8895	2.95888	23.2377	113.827	138.173
PRO_38	-5.3057	6.24462	2.97859	-0.18081	0.01639	0.12827	1.62285	3.64407	0	0	-1.54729	0.1441	1.28821	0	0	0	0	0	0.02331	2.97354	1.80872	1.16482	0	-1.79557	0	0	-4.6787	2.36288	10.8923	181.576	17.4244
ASP_39	-6.00585	0.2694	7.05287	-0.09352	0.0097	0.2765	4.26066	8.13487	0	0	-5.28555	0.3258	0	0	0	-0.52335	0	0	0.05964	3.566	0.11471	0	3.45129	1.41936	0	0	-1.6204	-0.19968	15.2124	166.462	18.5375
LYS_40	-7.29504	1.27614	5.99102	-0.48729	0.64847	0.25257	4.28381	7.1414	0.01033	0.07036	-3.08765	0.01564	0	0	0	0	-0.18684	0	-0.06372	3.19488	0.75733	2.43756	0	0.40499	0	0	-0.8895	0.24144	14.7159	233.642	18.3578
GLU_41	-5.76007	31.2989	5.01655	-0.27674	0.02961	0.35935	3.10952	5.94873	0.00668	0.02499	-3.10212	-0.44798	0	0	0	0	0	0	0.04054	12.8057	7.86303	0	4.94264	0.27395	0	0	-1.6358	-0.02885	60.4687	178.627	44.3728
ILE_42	-7.41634	1.72191	3.37681	-0.46148	1.25875	0.0929	2.84368	6.47247	0	0	-2.65811	0.1703	0	0	0	0	0	0	-0.05331	3.06356	2.45494	0.60862	0	-0.69526	0	0	1.8006	0.12591	12.706	199.041	7.95925
GLU_43	-4.32846	2.84839	4.39643	-0.50712	0.73196	0.83426	2.7743	5.66112	0.06538	0.45268	-2.42765	-1.24729	0	0	0	0	0	0	0.16815	24.3997	18.9223	0	5.47743	0.51824	0	0	-1.6358	0.04432	57.1484	131.825	91.175
HIS_44	-7.49873	67.9686	5.66056	-0.57627	0.06685	0.5376	2.88978	7.50184	0.09678	0.8383	-0.23008	-0.54805	0	0	0	-0.56332	0	0	0.02249	4.44768	0.89651	0	3.55117	-0.74162	0	0	0.8406	0.89502	86.0557	199.277	41.7233
GLN_45	-1.9969	0.2012	2.97265	-0.29549	0.08733	0.26863	1.3233	3.50073	0	0	-0.98353	-0.68653	0	0	0	0	0	0	0.53819	8.67234	4.8998	0	3.77254	-0.09381	0	0	-0.1077	2.55726	24.63	64.5758	152.424
GLY_46	-1.16198	28.3589	1.65863	-5e-05	0	0	0.94197	2.04603	0	0	0.45997	-0.33992	0	0	0	0	0	0	-0.10591	0	0	0	0	1.11782	0	0	1.435	4.83835	39.2488	93.8127	70.1873
ASN_47	-3.19922	28.4812	3.31038	-0.43093	0.33734	0.97265	1.7134	4.48416	0.01761	0.12633	-0.69588	-0.49567	0	0	0	0	0	0	0.22511	20.319	12.6081	0	7.71086	3.01471	0	0	-0.3009	6.87843	85.0767	95.1004	88.8996
HIS_48	-5.62205	19.2411	6.33228	-0.5629	0.08537	0.46926	2.49101	7.94733	0	0	-1.54869	-0.94814	0	0	0	0	0	0	-0.07264	3.62829	0.01618	0	3.61211	0.04443	0	0	0.8406	3.42296	39.3765	146.805	94.1951
MET_49	-8.31792	37.0824	4.12846	-0.46122	1.58417	0.00208	3.09889	6.47045	0	0	-2.69457	-0.00517	0	0	0	0	0	0	-0.01543	14.5965	12.6303	1.96619	0	-0.05422	0	0	1.4633	-0.15395	71.3202	260.975	1.02469
THR_50	-4.69896	0.63626	3.78168	-0.18535	0.22074	0.07578	2.66065	5.31093	0.03949	0.1436	-2.35746	-0.59997	0	0	0	0	0	0	0.08385	0.85478	0.46083	0.39395	0	0.6113	0	5.04443	-0.9333	1.61717	13.1604	148.863	25.1367
VAL_51	-5.33888	0.76877	1.93795	-0.26734	0.23293	0.05438	2.30144	4.59714	5e-05	0.00022	-2.02648	-0.19287	0	0	0	0	0	0	0.11582	1.16986	0.94075	0.22911	0	-1.01234	0	0	2.7371	1.04493	7.29254	174.123	7.87676
ARG_52	-5.9767	0.3979	4.97233	-0.59709	0.57276	0.31995	3.3027	6.2005	0.05965	0.29684	-3.06744	0.12926	0	0	0	0	0	0	0.04638	18.7794	15.3545	3.42486	0	0.15029	0	0	-0.1423	-0.61803	43.6057	170.901	94.0991
THR_53	-4.77329	0.51396	5.0835	-0.18395	0.219	0.0712	4.04428	6.28159	0.01931	0.13031	-3.57099	-0.62807	0	0	0	0	-0.18684	0	-0.16117	0.69027	0.42536	0.2649	0	0.38745	0	5.04197	-0.9333	0.3986	13.1341	140.472	33.5278
LEU_54	-5.59896	1.53716	3.06533	-0.47383	0.29981	0.10759	2.32828	4.84655	0.00362	0.01169	-2.56689	0.12613	0	0	0	0	0	0	-0.06563	4.31195	3.2187	1.09325	0	-0.53413	0	0	1.3223	0.32976	13.3627	164.776	45.2238
SER_55	-3.86033	1.0869	3.64881	-0.0323	0.01032	0.04986	2.13025	4.60094	0.01484	0.05551	-0.06348	-0.35689	0	0	0	-0.62151	0	0	-0.02311	0.12399	0.00087	0.12312	0	-0.91928	0	4.04	-0.539	0.18309	9.65259	134.112	27.8875
THR_56	-1.71316	0.11061	1.59728	-0.13133	0.08233	0.06492	0.83474	2.25116	0	0	0.21571	-0.15519	0	0	0	-0.27737	0	0	-0.0199	0.30751	0.23495	0.07256	0	-0.32802	0	5.05768	-0.9333	0.06847	7.33966	71.1523	102.848
PHE_57	-7.28103	10.178	2.60958	-0.75404	0.07753	0.15199	1.64421	4.86761	0	0	0.82694	-0.1399	0	0	0	0	0	0	0.31647	3.35364	0.28148	0	3.07216	-0.13904	0	0	1.9602	1.42328	22.449	202.255	34.7454
ARG_58	-6.10798	7.55484	6.21926	-0.43308	0.20896	0.24717	2.98676	7.6174	0.01723	0.26507	0.36567	-0.04383	0	0	0	0	0	0	0.16294	8.11237	4.61678	3.4956	0	-0.11639	0	0	-0.1423	2.2149	37.2414	182.76	82.2403
ASN_59	-3.34468	0.8255	2.34126	-0.18327	0.00114	0.29913	1.45836	3.4361	0	0	-0.86614	-0.37916	0	0	0	-0.62151	0	0	0.05408	4.88302	2.23942	0	2.6436	0.561	0	0	-0.3009	0.51349	13.5604	92.2327	91.7673
TYR_60	-6.45958	1.69681	4.33508	-0.82362	0.44807	0.17018	3.19487	6.4988	0	0	-2.76323	-0.51894	0	0	0	0	0	0	-0.02999	3.84228	0.01751	0	3.82477	-0.13728	0	0	1.7379	-0.06426	14.9694	214.745	33.2551
THR_61	-3.73981	1.65848	1.71079	-0.17774	0.56698	0.06127	0.67496	3.33707	0.01549	0.20777	-0.34203	-0.40788	0	0	0	0	0	0	0.01443	0.92188	0.00609	0.91578	0	-0.33662	0	5.05046	-0.9333	-0.30665	8.89741	101.694	72.3058
VAL_62	-5.08915	1.96684	2.01953	-0.36797	0.96029	0.08951	2.41767	4.43526	0	0	-1.59775	-0.35412	0	0	0	0	0	0	0.06347	1.08281	0.22251	0.8603	0	-0.17058	0	0	2.7371	0.32572	9.60145	160.482	21.5184
GLN_63	-2.95716	0.34519	1.26409	-0.27914	0.11786	0.29293	0.66764	2.2936	0.00121	0.01663	-0.32405	-0.57545	0	0	0	0	0	0	-0.044	6.43158	2.31635	0	4.11522	0.30673	0	0	-0.1077	0.27279	14.1543	87.912	129.088
PHE_64	-8.49083	25.5469	2.32928	-0.94726	0.55246	0.59061	2.54178	5.96765	0	0	-2.1548	-0.09968	0	0	0	0	0	0	-0.00181	2.74136	0.0203	0	2.72106	-0.76528	0	0	1.9602	0.27236	32.7843	224.492	12.5078
ASP_65	-4.44227	19.2286	4.31556	-0.10699	0.00653	0.30272	1.94743	5.51572	0.03067	0.35088	-1.65894	0.03624	0	0	0	0	0	0	-0.11884	7.50995	1.44297	0	6.06697	1.0209	0	0	-1.6204	0.68532	40.513	131.882	53.118
VAL_66	-4.62142	1.32846	2.00614	-0.34539	1.08033	0.07429	1.38895	4.06418	0.01761	0.12633	-0.61686	-0.1405	0	0	0	0	0	0	-0.19442	3.6703	0.62943	3.04087	0	-0.41284	0	0	2.7371	-0.2404	13.5922	143.498	38.5024
GLY_67	-2.09488	0.2555	1.70618	-5e-05	0	0	1.00114	2.87362	0	0	-0.72662	-0.37686	0	0	0	0	0	0	-0.22529	0	0	0	0	-2.44706	0	0	1.435	-1.44021	-0.03954	112.168	51.8325
VAL_68	-3.21974	0.24061	2.66665	-0.27918	0.32788	0.06551	1.5781	4.01754	0.03508	0.2828	-0.40694	-0.44079	0	0	0	0	0	0	-0.04557	0.29878	0.00215	0.29663	0	-0.79925	0	0	2.7371	-0.78914	6.56825	80.5184	101.482
GLU_69	-4.09599	1.07533	4.14059	-0.2927	0.09729	0.38012	1.38684	4.71445	0	0	-3.16981	-0.07934	0	0	0	0	0	0	-0.13344	5.52697	0.74738	0	4.77959	-0.0744	0	0	-1.6358	-0.16389	13.2032	131	92.0001
PHE_70	-7.59914	1.53419	4.30315	-1.05899	0.18565	0.60763	3.34739	7.07595	0	0	-2.11599	-0.06417	0	0	0	0	0	0	0.08386	3.18062	0.70233	0	2.4783	-0.57592	0	0	1.9602	-0.51269	13.5324	190.333	46.6673
GLU_71	-3.67728	1.32411	4.69269	-0.32811	0.66419	0.49956	1.6387	5.18856	0.00047	0.00154	-2.54521	-0.45026	0	0	0	0	0	0	-0.13654	30.4861	26.7437	0	3.74237	0.24867	0	0	-1.6358	-0.27823	66.1792	109.694	113.306
GLU_72	-7.05168	0.7144	8.18878	-0.27997	0.06346	0.3326	4.60691	8.88863	0.03346	0.29459	-2.76062	-0.24788	0	0	0	0	-0.23385	0	-0.0116	4.68485	0.03348	0	4.65137	0.34234	0	0	-1.6358	-0.21812	20.3953	216.789	6.21062
ASP_73	-3.44944	0.72468	4.71766	-0.28664	0.27744	0.98528	1.9436	4.8726	0.12979	0.87625	-1.48463	-0.96902	0	0	0	-0.10125	0	0	0.01413	4.06933	0.61107	0	3.45826	-1.2314	0	0	-1.6204	-0.27681	13.2605	118.234	66.7664
LEU_74	-8.57922	2.52958	6.2306	-0.50853	0.40872	0.18766	4.12596	9.04535	0	0	-2.14153	-0.00376	0	0	0	0	0	0	-0.09593	7.15723	6.93147	0.22576	0	0.04316	0	0	1.3223	0.74388	27.6227	204.874	5.12578
ARG_75	-7.76313	19.4752	7.36121	-0.71551	0.84381	0.48075	3.14678	9.12184	0.06873	0.40547	-1.55745	0.65416	0	0	0	-0.15438	0	0	-0.10815	5.67317	3.60209	2.07107	0	-0.13374	0	0	-0.1423	0.78762	43.1172	195.311	69.6889
SER_76	-2.55134	0.57329	2.64442	-0.03805	0	0.06081	0.75779	3.47754	0.07226	0.55492	0.37774	-0.74135	0	0	0	0	0	0	-0.04439	6.30679	0.36627	5.94052	0	-0.36766	0	4.04	-0.539	-0.67145	20.2191	112.076	49.9237
VAL_77	-4.62962	1.74638	1.97144	-0.2855	0.52073	0.0565	1.45814	4.02114	0.01948	0.07107	0.26082	-0.02284	0	0	0	0	0	0	0.24796	0.57419	0.56378	0.01041	0	-0.6447	0	0	2.7371	1.21938	9.89587	132.147	49.8535
ASP_78	-6.05626	1.32466	8.46506	-0.21207	0.00622	0.72671	4.54191	9.22406	0.00209	0.03876	-4.49816	-1.8544	0	0	0	0	-0.29959	0	0.08513	5.12264	0.40677	0	4.71587	0.27081	0	0	-1.6204	2.54245	22.9322	183.975	1.02469
GLY_79	-3.43342	3.81642	2.81331	-6e-05	0	0	1.1117	4.13872	0.01948	0.07107	0.2039	-0.37616	0	0	0	0	0	0	-0.29152	0	0	0	0	-2.4978	0	0	1.435	0.00359	7.01424	159.135	4.8652
ARG_80	-8.50087	1.9863	10.1873	-0.5462	0.24744	0.33577	5.0985	11.3673	0.1039	0.75214	-4.45995	0.36428	0	0	0	-0.65163	-0.19701	0	0.02032	3.37516	0.84501	2.53015	0	0.81981	0	0	-0.1423	1.19847	24.7339	243.035	21.9652
LYS_81	-4.82827	1.09941	5.91258	-0.43141	3.16177	0.2096	2.34294	5.75889	0.04675	0.38666	-2.56581	0.54193	0	0	0	0	0	0	0.13229	27.4746	24.053	3.42155	0	-0.1591	0	0	-0.8895	2.42203	68.0899	144.266	107.734
CYS_82	-6.45659	1.36586	4.86175	-0.03066	0	0.01254	3.07037	5.98578	0	0	-2.43556	-0.21022	0	0	0	0	0	0	-0.02679	0.5909	0.00595	0.58495	0	-0.15913	0	0	4.3148	0.85938	12.3333	151.665	4.33498
GLN_83	-4.75563	0.45648	5.12231	-0.379	0.67268	0.40848	2.58443	5.80057	0	0	-1.95448	-0.70913	0	0	0	0	0	0	0.05108	9.20911	3.86352	0	5.3456	-0.10888	0	0	-0.1077	1.71633	27.2158	124.007	92.9932
THR_84	-7.44975	3.73373	5.56897	-0.17054	0.30683	0.05588	3.71911	7.7755	0.00313	0.02127	-1.50653	-0.49028	0	0	0	0	0	0	-0.00193	0.65507	0.33332	0.32175	0	0.21052	0	5.03333	-0.9333	1.26347	18.4496	172.463	1.53703
ILE_85	-6.16566	1.41002	2.66524	-0.71004	5.13204	0.16867	2.16265	5.84935	0.01588	0.06249	-0.59162	-0.39195	0	0	0	0	0	0	-0.12802	3.12314	0.04624	3.0769	0	-0.3138	0	0	1.8006	0.59248	17.8046	163.184	43.8159
VAL_86	-6.85395	2.67475	0.83195	-0.26297	0.31418	0.05212	1.45825	4.61778	0.06378	0.6153	-1.69635	-0.19608	0	0	0	0	0	0	-0.12725	0.84669	0.27564	0.57105	0	-1.28523	0	0	2.7371	0.18612	4.82288	179.123	2.87744
THR_87	-4.11135	0.95265	3.88427	-0.10856	0.08382	0.06822	2.62569	5.3201	0.01588	0.06249	-2.06466	-0.63675	0	0	0	0	0	0	-0.00832	0.16763	0.03858	0.12905	0	-0.73941	0	5.02145	-0.9333	-0.98395	8.78352	118.399	55.6013
TRP_88	-6.57227	2.91944	2.4557	-1.082	0.54356	0.55864	0.68133	5.11993	0	0	-0.19207	-0.97445	0	0	0	0	0	0	0.20905	3.20824	0.09351	0	3.11473	-0.02816	0	0	3.7077	0.65917	14.422	156.522	113.478
GLU_89	-4.84672	2.97109	6.34189	-0.38426	0.39263	0.56656	2.82947	7.03757	0	0	1.37717	-0.48926	0	0	0	0	0	0	0.17353	5.52709	1.17915	0	4.34794	0.01102	0	0	-1.6358	1.2274	26.6265	135.558	87.4418
GLU_90	-3.38836	7.08872	4.32602	-0.2843	0.09179	0.6991	1.22711	4.49301	0.00632	0.09331	0.08363	-0.25807	0	0	0	0	0	0	-0.00984	10.4368	4.14971	0	6.28709	0.34943	0	0	-1.6358	1.58661	35.3423	85.2495	137.751
GLU_91	-3.59314	4.62809	3.3214	-0.47882	0.4947	1.31443	1.45077	4.51488	0	0	-0.52627	-0.3935	0	0	0	0	0	0	-0.0908	16.7012	10.0364	0	6.6648	0.14934	0	0	-1.6358	3.90514	46.4628	99.5684	123.432
HIS_92	-8.72188	22.9001	6.98866	-0.79784	0.00634	1.09307	4.16931	9.85819	0	0	0.10285	0.49743	0	0	0	0	0	0	0.59704	4.15562	0.5241	0	3.63152	-0.12375	0	0	0.8406	4.51065	50.232	225.778	15.222
LEU_93	-7.45325	2.43715	2.82567	-0.48642	0.59081	0.09211	2.78136	6.00793	0	0	-2.21599	0.26098	0	0	0	0	0	0	-0.1001	7.59082	6.86895	0.72186	0	-0.4966	0	0	1.3223	1.93764	22.6852	206.926	3.07406
VAL_94	-6.04411	0.97563	3.92076	-0.26376	0.32025	0.05325	3.55197	6.67863	0	0	-2.68572	-0.17368	0	0	0	0	0	0	-0.15893	3.1641	2.76276	0.40134	0	-1.31245	0	0	2.7371	-0.72289	13.2042	162.494	19.5062
CYS_95	-7.22927	4.77221	2.88563	-0.07001	0	0.05357	2.30678	5.08667	0	0	-2.26282	-0.4381	0	0	0	0	0	0	0.06801	3.11342	2.56515	0.54827	0	0.05455	0	0	4.3148	-0.37649	15.3924	152.227	3.77301
VAL_96	-4.57359	0.70633	2.39117	-0.3543	1.51384	0.08095	2.18223	4.62341	0	0	-1.67973	-0.84124	0	0	0	0	0	0	-0.10439	12.2636	9.4197	2.84388	0	-1.16368	0	0	2.7371	-0.23706	29.8082	110.515	71.4848
GLN_97	-8.29591	8.88277	5.99028	-0.30232	0.36543	0.30549	2.94092	7.29078	0.00313	0.02127	-1.63676	-0.63096	0	0	0	0	-0.23385	0	0.20363	8.12474	3.83259	0	4.29215	-0.01323	0	0	-0.1077	0.4549	31.4874	211.165	5.83502
LYS_98	-4.85373	1.02955	6.23247	-0.42056	0.1394	0.2819	3.22388	6.81193	0.04675	0.38666	-4.67603	0.59684	0	0	0	0	0	0	-0.02153	16.308	12.8711	3.4369	0	-0.04394	0	0	-0.8895	0.29479	40.7548	146.207	105.793
GLY_99	-1.32427	0.07649	1.50033	-0.00163	0	0	0.31516	1.96646	0	0	0.46431	-0.373	0	0	0	0	0	0	-0.10313	0	0	0	0	-2.52215	0	0	1.435	0.39479	1.82835	108.686	55.3139
GLU_100	-2.10904	0.07679	2.19135	-0.38347	0.62839	0.5057	0.49367	2.26027	0	0	-1.12758	-0.63298	0	0	0	0	0	0	-0.04091	4.98878	0.68658	0	4.30221	-0.43248	0	0	-1.6358	0.75393	10.5254	95.1127	127.887
VAL_101	-5.75219	1.20634	1.95571	-0.26819	0.28329	0.05311	0.42424	4.38857	0.03623	0.11464	0.5331	0.02202	1.26265	0	0	0	0	0	-0.13789	0.26097	0.02196	0.23901	0	-0.89906	0	0	2.7371	2.11547	8.59708	178.835	3.16486
PRO_102	-4.04144	1.77637	2.84307	-0.1917	0.05187	0.14382	1.5833	3.48983	0	0	-1.4714	0.01868	1.26377	0	0	0	0	0	0.3725	1.67722	1.42212	0.25509	0	-0.31734	0	0	-4.6787	2.69037	6.88742	116.083	82.9167
ASN_103	-4.08769	5.66154	3.70428	-0.25535	0.94757	0.36417	2.02517	5.10657	0.01081	0.09025	0.3976	-0.60199	0	0	0	0	0	0	0.04927	6.98921	0.11241	0	6.8768	-1.28343	0	0	-0.3009	0.36678	26.1731	79.2278	104.772
ARG_104	-9.30743	9.49717	7.46785	-0.72692	0.31302	0.44994	3.15906	9.19093	0.07961	0.43706	-3.61311	0.35136	0	0	0	0	-0.10631	0	-0.07522	11.9694	6.41753	5.55188	0	0.08902	0	0	-0.1423	-0.14958	40.853	251.382	13.6184
GLY_105	-3.83266	1.90226	3.31129	-0.00195	0	0	2.33834	4.63222	0.00042	0.00669	-1.90832	-0.38619	0	0	0	0	0	0	0.1162	0	0	0	0	-2.49884	0	0	1.435	0.57736	5.69183	157.288	6.7117
TRP_106	-8.76462	1.9031	3.48103	-1.40347	0.41114	0.73129	2.72803	6.32946	0	0	-2.49661	-0.28632	0	0	0	0	0	0	0.05435	3.49532	1.23089	0	2.26443	-0.7394	0	0	3.7077	1.27478	13.9211	239.691	30.3094
ARG_107	-6.7469	1.53876	4.89197	-0.60162	0.22655	0.36185	3.35947	6.70231	0.00632	0.09331	-1.90735	-0.07348	0	0	0	0	0	0	-0.03854	4.2864	0.26515	4.02125	0	-0.29161	0	0	-0.1423	0.8429	16.7944	171.304	93.6961
HIS_108	-7.8612	2.72355	5.09432	-0.29336	0.07497	0.2303	3.34784	7.6307	0.0927	0.42879	-2.1054	-0.5334	0	0	0	0	0	0	0.07525	11.2083	6.90382	0	4.30448	0.00698	0	0	0.8406	-0.06295	32.1063	234.95	6.04966
TRP_109	-6.27725	15.0748	3.28292	-1.06431	0.12255	0.80004	2.00278	5.10111	0.08238	0.35843	-1.74557	-0.3475	0	0	0	0	0	0	0.50949	2.87313	0.19768	0	2.67544	-0.41327	0	0	3.7077	0.21611	27.1567	185.854	84.1456
LEU_110	-5.61617	48.1121	1.76743	-0.41634	0.25493	0.07602	0.57414	2.58792	0	0	-0.12516	0.18626	0	0	0	0	0	0	-0.01032	2.12564	0.13385	1.99179	0	0.18047	0	0	1.3223	1.31287	54.4577	189.421	20.5793
GLU_111	-2.42954	0.63792	3.05119	-0.33193	0.1406	0.32709	1.81697	3.55998	0	0	-1.4127	-0.44517	0	0	0	0	0	0	0.00708	8.73866	4.7163	0	4.02236	0.52794	0	0	-1.6358	4.1832	25.4742	82.2383	140.762
GLY_112	-1.63208	0.32462	1.75476	-0.00025	0	0	0.38243	2.24138	0	0	-0.42658	-0.29264	0	0	0	0	0	0	-0.35183	0	0	0	0	-2.29969	0	0	1.435	3.71997	4.85509	101.195	62.8047
GLU_113	-3.33255	0.26828	3.7536	-0.64584	2.86451	1.9878	1.58723	4.24791	0.02066	0.06718	-2.03164	-2.6946	0	0	0	0	0	0	-0.12109	9.86437	4.01005	0	5.85433	0.42392	0	0	-1.6358	0.60041	25.0887	124.299	98.7009
MET_114	-6.0139	1.19277	4.41011	-0.4137	0.47154	0.16592	3.0254	5.74506	0.00538	0.01577	-1.36336	-0.14161	0	0	0	0	0	0	-0.03939	11.6557	9.40037	2.25536	0	0.22916	0	0	1.4633	-0.07044	31.9935	213.84	48.1603
LEU_115	-7.86055	2.27487	3.34355	-0.6995	2.23903	0.23367	2.65736	6.25461	0.02066	0.06718	-2.5971	0.24447	0	0	0	0	0	0	0.20975	1.40585	0.2943	1.11155	0	-0.28812	0	0	1.3223	0.04253	10.2764	207.951	2.04937
TYR_116	-6.63636	1.00626	3.66093	-0.61614	0.24104	0.31233	3.13561	6.10316	0.00538	0.01577	-1.69674	0.00459	0	0	0	0	0	0	0.33418	3.22146	0.07686	0	3.1446	-0.28034	0	0	1.7379	0.14298	13.9135	176.967	71.0335
LEU_117	-7.69677	3.36154	3.82185	-0.56924	0.40096	0.11241	2.83997	6.62912	0	0	-1.56435	0.26231	0	0	0	0	0	0	0.01861	3.02901	1.61335	1.41565	0	0.45956	0	0	1.3223	0.75379	16.2101	204.988	5.01196
GLU_118	-5.37187	1.96437	4.82316	-0.26841	0.065	0.25962	3.17433	6.06169	0.01152	0.08605	-2.36976	-0.3384	0	0	0	0	0	0	-0.00898	5.24088	0.35227	0	4.8886	-0.01612	0	0	-1.6358	1.32348	18.2416	179.947	43.0528
LEU_119	-7.67447	10.0168	2.90101	-0.47442	0.56139	0.09902	3.07129	5.4811	0	0	-2.98979	0.01323	0	0	0	0	0	0	0.00252	2.37664	1.34904	1.0276	0	-0.38558	0	0	1.3223	0.07394	16.7717	190.014	19.9861
THR_120	-5.22727	5.55739	4.25856	-0.15	0.14878	0.05153	2.98285	6.3109	0.01152	0.08605	-2.80306	-0.55492	0	0	0	0	0	0	0.03693	1.07063	0.1802	0.89043	0	-0.25186	0	5.03737	-0.9333	-0.32861	16.3741	137.338	36.662
ALA_121	-5.48513	1.1002	2.02846	-0.02602	0.00741	0	2.41757	5.58783	0	0	-2.34731	-0.43481	0	0	0	0	0	0	-0.14162	0	0	0	0	0.28735	0	0	2.2619	2.10939	7.36522	153	0
ARG_122	-7.33045	6.48675	6.69196	-0.48578	0.91808	0.25567	4.22166	8.59301	0.04259	0.31506	-0.80769	0.16966	0	0	0	-0.04338	0	0	-0.34849	5.51619	1.86696	3.64923	0	1.06898	0	0	-0.1423	4.79064	35.4284	197.134	67.8655
ASP_123	-1.57815	0.2079	2.05782	-0.11557	0.01998	0.38923	0.83599	2.58038	0.01039	0.08357	0.2328	0.40231	0	0	0	0	0	0	-0.10179	4.90247	0.01552	0	4.88695	-0.13157	0	0	-1.6204	2.20029	15.2781	48.3301	136.67
ALA_124	-4.00077	0.6359	2.46046	-0.02655	0.00042	0	2.5511	5.11595	0	0	-1.68494	-0.28619	0	0	0	0	0	0	-0.09349	0	0	0	0	0.6663	0	0	2.2619	-0.42345	7.17665	140.191	12.8086
VAL_125	-2.79862	0.2179	1.58152	-0.25362	0.27141	0.04985	0.79335	2.83944	0.00088	0.00788	-0.18434	-0.25948	0	0	0	0	0	0	-0.15673	3.35825	2.99604	0.36222	0	-1.29804	0	0	2.7371	-0.50345	9.76153	114.114	67.8861
CYS_126	-7.19976	11.808	4.04189	-0.057	0	0.03885	2.84786	5.1679	0.01575	0.06882	-2.81056	-0.34965	0	0	0	0	0	0	0.02442	1.29324	0.00576	1.28747	0	0.33151	0	0	4.3148	-0.81996	20.0094	155.488	0.512343
GLU_127	-3.90942	0.5722	4.10623	-0.32822	0.13523	0.43195	2.41216	4.73341	0	0	-2.44824	-0.24318	0	0	0	0	0	0	-0.06949	8.63676	3.65499	0	4.98177	0.4513	0	0	-1.6358	-0.30723	21.1744	145.555	77.4452
GLN_128	-6.98754	1.2637	4.41814	-0.22652	0.02868	0.15504	2.66935	6.08	0.01575	0.06882	-2.32284	-0.65955	0	0	0	0	-0.00256	0	0.12943	4.44606	0.723	0	3.72305	-0.13815	0	0	-0.1077	-0.11063	13.1655	208.97	8.03007
VAL_129	-6.66506	1.32749	3.0533	-0.25512	0.33859	0.05006	2.81102	6.32186	0	0	-2.39471	-0.27912	0	0	0	0	0	0	0.00735	0.82438	0.23978	0.5846	0	-0.69586	0	0	2.7371	-0.06548	7.94017	170.728	11.2716
PHE_130	-11.4292	6.67004	4.47859	-0.61656	0.20356	0.37228	3.19405	8.2343	0.01339	0.04861	-3.39531	0.18241	0	0	0	0	0	0	0.10712	3.1431	0.49096	0	2.65215	-0.5259	0	0	1.9602	-0.26906	15.5147	236.106	0.893609
ARG_131	-5.93105	0.93261	5.5998	-0.88255	0.40355	0.59996	3.38079	7.00742	0	0	-3.57609	0.20172	0	0	0	0	0	0	-0.13968	13.6919	10.1115	3.58041	0	0.28566	0	0	-0.1423	-0.26967	34.854	167.307	97.6925
LYS_132	-6.15566	7.45044	5.44389	-0.52012	0.994	0.23071	2.35693	6.43311	0.01339	0.04861	-1.6401	0.34753	0	0	0	0	0	0	-0.11758	4.58719	1.20097	3.38622	0	0.06375	0	0	-0.8895	-0.24332	22.9904	202.031	49.969
VAL_133	-4.07766	0.89422	2.36985	-0.38123	1.05065	0.11029	1.15239	3.79893	0.07158	0.35394	-0.60956	-0.42125	0	0	0	0	0	0	0.20929	5.42339	2.82428	2.59911	0	-0.13048	0	0	2.7371	1.32556	19.3004	129.125	52.8746
HIS_134	-4.46959	20.9385	4.89105	-0.95306	0.07905	1.68298	2.9877	5.72339	0.07158	0.35394	-2.58117	0.96591	0	0	0	0	0	0	0	19.4918	15.2751	0	4.21677	0	0	0	0.8406	1.63805	71.1526	92.6109	148.389
PRO_135	-2.0987	60.3979	1.36041	-0.161	0.0002	0.10954	0.82457	1.35546	0	0	0.47416	0.72498	3.09592	0	0	0	0	0	-2e-05	3.81588	3.67357	0.1423	0	0	0	0	-4.6787	0	69.0364	77.5369	121.463
PRO_136	-3.13567	4.7447	1.8214	-0.16879	0.00504	0.11316	0.75538	2.32474	0	0	-0.28731	0.25084	0.02497	0	0	0	0	0	0.20513	2.13924	1.423	0.71624	0	-1.681	0	0	-4.6787	-0.52876	4.0436	136.232	62.7679
ASN_137	-3.31988	0.84007	3.49783	-0.25232	0.5765	0.43255	1.82452	4.41303	0.04687	0.1845	0.31331	-0.39457	0	0	0	0	0	0	0.16798	21.2465	13.5302	0	7.71632	-0.96436	0	0	-0.3009	-0.48412	49.074	86.3589	97.6411
LEU_138	-6.66944	1.20463	2.75586	-0.5091	0.71572	0.15211	2.05089	5.42177	0.03494	0.22981	-0.43855	0.02025	0	0	0	0	0	0	0.2426	8.61747	4.66978	3.94768	0	0.26574	0	0	1.3223	2.0246	26.0591	208.463	1.53703
THR_139	-5.17616	4.61565	5.13049	-0.15974	0.17211	0.05347	2.91518	6.69467	0.09344	0.47327	-0.24546	-0.21849	0	0	0	0	0	0	-0.18955	0.84793	0.66915	0.17878	0	0.29453	0	5.04148	-0.9333	2.91625	23.1737	112.83	61.1705
GLY_140	-4.15242	0.83532	3.63587	-0.00082	0	0	2.97096	5.20179	0	0	-2.85176	-0.29048	0	0	0	0	0	0	0.03445	0	0	0	0	-2.52937	0	0	1.435	1.41288	5.70144	159.964	4.03556
TYR_141	-8.03879	36.4205	6.06707	-0.67251	0.508	0.14251	3.98616	8.37703	0.03907	0.14428	-2.60223	-0.47596	0	0	0	0	0	0	-0.12031	4.54046	0.05388	0	4.48658	-0.09959	0	0	1.7379	0.54666	55.0407	178.797	69.2027
TYR_142	-11.3906	5.37981	5.66132	-0.59891	0.49677	0.34941	3.9101	9.39601	0.00069	0.015	-2.04189	-0.19808	0	0	0	0	0	0	-0.13653	4.40056	0.97018	0	3.43038	-0.027	0	0	1.7379	-0.0004	21.3547	247.106	0.893609
ARG_143	-5.10153	10.7434	5.8264	-0.84485	0.54489	0.46798	3.39445	7.04411	0.03894	0.14372	-3.84369	0.62573	0	0	0	0	0	0	0.07174	4.85978	1.32883	3.53095	0	-0.1932	0	0	-0.1423	-0.50688	27.9884	107.76	157.24
PHE_144	-8.75096	17.81	3.85269	-0.67652	0.08115	0.00624	1.69102	6.50346	0	0	-1.40314	-0.23481	0	0	0	0	0	0	-0.09429	3.43241	0.24366	0	3.18875	0.40151	0	0	1.9602	-0.13719	27.8742	199.637	37.3627
VAL_145	-5.33213	5.31783	1.62259	-0.30083	0.64624	0.07218	1.0657	4.34948	0.00414	0.02692	-0.11667	-0.54598	0	0	0	0	0	0	0.00583	0.60424	0.27266	0.33159	0	-0.53493	0	0	2.7371	2.14842	12.3744	105.724	76.2761
SER_146	-3.70137	0.67331	3.36438	-0.03889	0.01333	0.06087	2.03957	4.59168	0.00412	0.02598	-0.58976	-0.55599	0	0	0	0	0	0	0.13774	0.25552	0.18225	0.07328	0	-0.66939	0	4.04	-0.539	2.89252	12.2601	105.221	56.7787
GLN_147	-4.63873	6.72641	2.91882	-0.51979	0.88786	0.38916	1.19415	3.61347	0.02792	0.2303	-0.29011	-0.37213	0	0	0	0	0	0	0.24697	7.87354	2.19773	0	5.67581	0.22289	0	0	-0.1077	2.06763	28.3442	154.248	62.7519
LYS_148	-3.79273	4.35994	4.28105	-0.64859	0.95353	0.45867	2.41003	4.52438	0.00255	0.01483	-1.69603	-0.49171	0	0	0	0	0	0	-0.09487	9.24385	4.25517	4.98868	0	-0.1793	0	0	-0.8895	2.15241	29.8524	113.15	138.85
ASN_149	-4.09451	4.4756	4.46217	-0.22729	0.34616	0.41905	1.79805	5.17471	0	0	-1.2342	-0.72064	0	0	0	0	0	0	0.07097	7.15131	2.37572	0	4.77559	-0.28511	0	0	-0.3009	2.95753	27.1442	110.892	73.1076
MET_150	-6.8354	2.55103	3.03884	-1.18014	3.33456	0.3753	1.60565	4.72399	0	0	-0.73973	-0.19618	0	0	0	0	0	0	-0.15746	14.925	10.1895	4.73557	0	-0.10665	0	0	1.4633	2.04701	39.7742	236.532	25.468
GLU_151	-5.66941	11.4615	7.08701	-0.45612	0.09553	0.79425	3.35175	7.9556	0.05331	0.45446	-2.10612	-0.72938	0	0	0	0	0	0	-0.08093	8.80564	3.06226	0	5.74338	-0.30951	0	0	-1.6358	-0.02751	37.8499	175.823	47.1771
ASP_152	-4.46673	0.5212	4.86223	-0.1154	0.01918	0.37458	2.09449	6.30732	0	0	-1.24632	-0.83317	0	0	0	0	0	0	0.01906	7.9746	1.18091	0	6.79369	-0.18225	0	0	-1.6204	-0.50304	21.18	121.701	63.2992
TYR_153	-9.55283	2.22135	4.03978	-0.89573	0.07923	0.25333	3.34658	8.16242	0	0	-1.4436	-0.29506	0	0	0	0	0	0	0.04062	3.46619	0.12571	0	3.34048	-0.19555	0	0	1.7379	0.98912	15.4199	229.321	18.6789
LEU_154	-8.49567	3.36749	3.90245	-0.53389	0.64333	0.14289	2.7175	6.71446	0	0	-1.88218	0.28429	0	0	0	0	0	0	-0.20237	1.24997	0.90189	0.34809	0	-0.05417	0	0	1.3223	1.61358	12.04	193.09	16.9097
GLN_155	-5.18541	0.75646	5.63801	-0.47218	0.58091	0.35186	2.4152	6.92522	0	0	-1.13387	-0.34265	0	0	0	0	0	0	0.31089	8.44821	0.31791	0	8.1303	-0.27867	0	0	-0.1077	0.05099	26.4055	133.601	83.3989
ALA_156	-5.17332	1.46217	3.2634	-0.02392	0	0	3.086	6.2915	0	0	-0.99645	-0.40066	0	0	0	0	0	0	0.0894	0	0	0	0	-0.00499	0	0	2.2619	-0.76626	9.08877	143.778	9.22218
LEU_157	-7.75132	0.87693	3.72249	-0.48695	0.3073	0.14431	2.1751	6.78713	0	0	-0.3856	0.03326	0	0	0	0	0	0	-0.1469	0.49912	0.31173	0.18739	0	-0.06661	0	0	1.3223	-0.40611	7.12358	210	0
ASN_158	-4.04521	0.83462	5.13491	-0.22302	0.12472	0.38259	2.76183	6.37346	0.00688	0.02035	-1.59629	-0.56985	0	0	0	0	-0.6228	0	-0.01047	10.1857	5.14535	0	5.04034	-1.69661	0	0	-0.3009	0.29541	27.241	121.085	62.9147
ILE_159	-6.43868	2.53252	3.31633	-0.46327	1.16182	0.08701	2.43048	5.58966	0	0	-1.1798	0.31225	0	0	0	-0.17669	0	0	-0.16786	3.10954	2.31139	0.79815	0	-0.91318	0	0	1.8006	-0.15937	13.9509	194.096	12.9044
SER_160	-4.39209	2.41654	4.31543	-0.03336	0.00041	0.02036	2.11252	5.4843	0.00688	0.02035	-0.03574	-0.27861	0	0	0	0	0	0	0.06075	0.94793	0.01674	0.93118	0	-0.32736	0	4.04	-0.539	2.85439	17.6216	144.462	17.5379
LEU_161	-4.89637	45.2893	3.72198	-0.6353	1.81966	0.12823	2.7134	5.55134	0.01592	0.17229	-0.4885	0.34667	0	0	0	0	0	0	0.02499	17.3607	7.76158	9.59917	0	-0.26984	0	0	1.3223	4.21678	93.7544	123.184	86.8161
ALA_162	-4.14837	45.3814	2.59326	-0.02109	0	0	2.01965	4.83231	0	0	-0.81566	-0.34659	0	0	0	0	0	0	0.00558	0	0	0	0	-0.33887	0	0	2.2619	1.09558	52.5191	134.104	18.8957
VAL_163	-5.46298	1.03565	2.74174	-0.32506	1.0772	0.07492	1.59694	5.3588	0	0	-0.43065	-0.44948	0	0	0	0	0	0	-0.06722	1.86242	0.03077	1.83164	0	0.54499	0	0	2.7371	0.0727	12.2295	151.762	30.2377
ARG_164	-9.63005	3.8191	9.24793	-0.76789	0.53877	0.51261	4.42593	10.9715	0.05331	0.45446	-2.33371	0.25602	0	0	0	-0.17669	0	0	-0.03537	13.3535	8.21185	5.14164	0	-0.18524	0	0	-0.1423	-0.49616	43.2192	208.103	56.897
LYS_165	-4.75551	4.83636	4.68709	-0.53454	0.71347	0.3375	2.918	6.10041	0	0	-1.49169	0.06695	0	0	0	0	0	0	0.11209	3.32057	0.86149	2.45908	0	-0.29492	0	0	-0.8895	-0.7405	17.7063	104.18	147.82
ILE_166	-5.977	7.01374	2.84676	-0.74702	13.417	0.35276	1.97916	5.40982	0	0	-0.16785	-0.24394	0	0	0	0	0	0	-0.09993	13.1533	11.7781	1.37524	0	0.62174	0	0	1.8006	-0.08226	52.4302	158.22	48.7802
ALA_167	-5.17248	2.51903	3.1537	-0.02279	0	0	2.29454	5.8202	0.02906	0.15502	-0.416	-0.39224	0	0	0	0	0	0	0.02092	0	0	0	0	0.17264	0	0	2.2619	0.22841	10.6519	147.589	5.41085
LEU_168	-5.97252	17.8366	4.0789	-0.51062	1.08913	0.11227	2.66405	6.22014	0.02792	0.2303	0.10196	0.28612	0	0	0	0	0	0	-0.04759	9.3869	8.99885	0.38805	0	-0.51608	0	0	1.3223	-0.1575	45.5391	141.614	68.3863
LEU_169	-2.84928	0.46226	2.75675	-0.54719	1.14904	0.17982	1.04956	3.60166	0	0	-0.28535	0.12644	0	0	0	0	0	0	-0.15497	2.58039	2.50098	0.07941	0	-0.06222	0	0	1.3223	0.40669	12.3163	42.8748	167.125
LEU_170	-6.35572	5.03773	3.25088	-0.44768	0.23666	0.07027	2.31403	5.31714	0.02906	0.15502	-0.07649	0.32488	0	0	0	0	0	0	0.0529	0.61631	0.07914	0.53717	0	-0.42268	0	0	1.3223	0.38761	12.4285	181.716	28.2841
LYS_171	-3.80857	18.2516	2.22785	-0.48807	0.428	0.27085	0.67205	2.77592	0	0	0.51724	-0.1327	1.1816	0	0	0	0	0	0.21495	7.08981	2.38096	4.70885	0	0.35034	0	0	-0.8895	2.85946	38.6107	92.9861	159.014
PRO_172	-4.75715	1.03584	2.58301	-0.1805	0.02028	0.12976	1.16388	3.1066	0	0	-0.78593	0.1052	1.18345	0	0	0	0	0	-0.07221	3.42472	2.20564	1.21908	0	-1.72368	0	0	-4.6787	2.37831	6.3576	189.265	9.73452
ASP_173	-6.64625	11.5605	8.00032	-0.08875	0	0.22957	4.53979	9.22014	0	0	-3.75428	0.02901	0	0	0	0	0	0	0.12506	10.1555	3.51842	0	6.63709	1.44042	0	0	-1.6204	-0.25201	43.0941	168.284	16.7163
LYS_174	-7.26607	2.11213	6.35688	-0.48129	0.31693	0.27015	4.4702	7.59782	0.00422	0.04365	-3.77955	-0.09793	0	0	0	0	-0.11054	0	-0.06972	2.82306	0.40391	2.41914	0	0.36054	0	0	-0.8895	0.2913	14.7753	236.561	15.439
GLU_175	-5.70593	6.25355	5.73366	-0.31736	0.18182	0.38028	3.91776	6.42842	0.00181	0.00803	-3.91202	-0.22064	0	0	0	0	0	0	-0.10094	5.35229	0.52535	0	4.82693	0.37332	0	0	-1.6358	0.27221	22.3627	174.037	48.9632
ILE_176	-7.72218	6.63996	3.43228	-0.4726	2.82466	0.10149	3.00013	6.64036	0.03494	0.22981	-3.2705	0.18246	0	0	0	0	0	0	0.45946	5.20868	4.80572	0.40297	0	-1.18279	0	0	1.8006	0.04619	23.1616	204.55	2.45024
GLU_177	-3.28697	0.58343	2.92807	-0.24912	0.06259	0.24425	1.96573	3.79088	0.01439	0.05583	-0.91215	-0.40095	0	0	0	0	0	0	-0.16105	5.78687	0.84824	0	4.93864	0.53456	0	0	-1.6358	-0.03358	15.0739	121.35	101.65
HIS_178	-8.99798	4.23656	7.08128	-0.67547	4.65849	0.70144	3.44884	9.25499	0	0	-0.44404	-0.60479	0	0	0	0	0	0	-0.12868	6.08478	1.13091	0	4.95387	-0.33249	0	0	0.8406	0.28385	31.4922	237.103	3.89732
GLN_179	-2.61126	0.38992	3.22214	-0.46396	0.79589	0.41612	1.43935	3.93357	0.01259	0.04779	-0.7143	-0.38371	0	0	0	0	0	0	0.47952	7.64118	1.40325	0	6.23793	-0.1156	0	0	-0.1077	1.41585	23.0386	85.2791	131.721
GLY_180	-1.35187	23.4073	1.74485	-4e-05	0	0	0.89468	2.19404	0	0	0.64944	-0.32431	0	0	0	0	0	0	-0.00446	0	0	0	0	0.89256	0	0	1.435	5.67799	35.2152	98.1261	65.8739
ASN_181	-2.71377	23.338	3.27174	-0.4366	0.31769	0.95234	1.55301	4.13951	0.00917	0.1217	0.02869	-0.56038	0	0	0	0	0	0	-0.09202	25.9877	18.1907	0	7.79703	3.26009	0	0	-0.3009	8.35923	93.2229	98.6529	85.3471
HIS_182	-5.97813	31.4831	6.93863	-0.49537	0.02471	0.3236	3.18675	8.51264	0	0	-2.05664	-1.01686	0	0	0	0	0	0	0.06142	4.60607	0.36079	0	4.24528	-0.27111	0	0	0.8406	3.69724	54.4627	187.902	53.0979
MET_183	-7.78136	3.05883	4.15319	-0.17798	0.01766	0.05562	2.70566	6.24299	0.00063	0.01104	-2.18834	-0.46144	0	0	0	0	0	0	-0.01843	6.15691	3.03385	3.12307	0	-0.24364	0	0	1.4633	-0.33886	18.8127	257.384	4.61579
THR_184	-4.93506	5.73096	3.70225	-0.12801	0.05861	0.05619	2.58424	5.35853	0	0	-1.25788	-0.88865	0	0	0	0	0	0	-0.08901	4.46383	4.21491	0.24892	0	-0.10865	0	5.04226	-0.9333	0.27287	23.393	155.784	18.2157
VAL_185	-5.09702	3.81882	2.29174	-0.2791	0.3966	0.06705	2.29332	4.77841	0.02199	0.07021	-1.87445	-0.47196	0	0	0	0	0	0	0.07181	0.69516	0.38725	0.30791	0	-0.7685	0	0	2.7371	0.41174	9.8581	173.609	8.39146
ARG_186	-6.8017	9.45512	5.62096	-0.51783	0.55944	0.27486	4.05256	6.9801	0	0	-4.19328	0.28259	0	0	0	0	0	0	-0.04379	6.28348	2.70978	3.5737	0	0.10108	0	0	-0.1423	0.0676	28.2624	172.336	92.6643
THR_187	-5.12716	0.92486	5.29715	-0.17557	0.15583	0.06368	4.11193	6.70036	0.03207	0.11642	-2.37615	-0.56653	0	0	0	0	-0.11054	0	0.02977	0.35289	0.15552	0.19737	0	-0.16863	0	5.04238	-0.9333	-0.12199	13.6004	141.078	32.922
LEU_188	-5.9827	5.19018	2.74985	-0.58605	4.36631	0.20944	2.05458	5.04079	0	0	-1.57395	-0.19598	0	0	0	0	0	0	0.05849	30.4812	29.1304	1.35074	0	-0.24392	0	0	1.3223	0.26641	73.6381	148.223	61.7768
SER_189	-3.72144	1.63415	3.61319	-0.03835	0.01475	0.05625	1.8923	4.46883	0.01346	0.05726	-0.11336	-0.29993	0	0	0	0	0	0	0.01422	0.60316	0.20689	0.39627	0	-0.52912	0	4.04	-0.539	0.44505	12.2146	129.767	32.2328
THR_190	-1.68382	0.07622	1.50204	-0.27189	45.0854	0.11195	0.85344	2.22026	0	0	-0.08664	-0.94188	0	0	0	-0.05313	0	0	0.01961	7.48817	2.58126	4.90691	0	0.30945	0	5.015	-0.9333	2.86744	69.0665	46.0449	127.955
PHE_191	-7.76335	23.3172	2.31899	-0.59668	1.03415	0.04376	1.34858	4.94131	0.00351	0.01417	-0.54793	-0.05049	0	0	0	0	0	0	1.3756	5.09043	0.18741	0	4.90301	0.45173	0	0	1.9602	6.26476	44.2963	211.438	25.5621
ARG_192	-4.78725	5.95795	6.04724	-0.85562	0.70965	0.51516	3.15008	7.026	0.03933	0.19032	-0.06965	0.36476	0	0	0	0	0	0	0.09543	16.4365	6.97722	9.45925	0	0.72087	0	0	-0.1423	6.29818	58.1331	195.871	69.1294
ASN_193	-3.28331	4.90561	2.76957	-0.27565	0.00375	0.54877	1.59075	3.68792	0.00299	0.01513	-0.01905	-0.67089	0	0	0	0	0	0	0.04103	5.51992	2.02519	0	3.49473	-0.84891	0	0	-0.3009	5.66123	24.8679	97.9565	86.0435
TYR_194	-6.31402	0.83598	4.26687	-0.81235	0.07622	0.19335	3.29886	6.5076	0.03834	0.28123	-2.06183	-0.42305	0	0	0	0	-0.40412	0	0.00116	3.88645	0.4851	0	3.40135	-0.22391	0	0	1.7379	2.81142	17.5825	203.591	44.4087
THR_195	-3.84469	1.75537	1.57134	-0.13773	0.11587	0.04971	0.55623	3.35287	0.04146	0.29947	-0.34473	-0.64403	0	0	0	0	0	0	0.08975	3.58648	2.52167	1.06481	0	-0.31758	0	5.02552	-0.9333	-0.21308	13.5954	120.761	53.2392
VAL_196	-4.94831	1.47777	2.24479	-0.3681	1.35535	0.08656	2.49665	4.62474	0	0	-1.8002	-0.26585	0	0	0	0	0	0	0.01821	2.02513	1.05676	0.96837	0	-0.518	0	0	2.7371	0.04301	11.234	164.366	17.6336
GLN_197	-4.02805	13.4631	2.08854	-0.23916	0.01698	0.12457	1.15752	3.37996	0	0	-0.30719	-0.16954	0	0	0	0	0	0	0.05616	19.6845	15.9458	0	3.73865	0.02458	0	0	-0.1077	-0.19528	54.6334	111.78	105.22
PHE_198	-7.80987	1.50004	2.15006	-0.95664	0.56872	0.58072	2.30628	5.46183	0	0	-1.50342	-0.0601	0	0	0	0	0	0	0.05242	2.78561	0.0028	0	2.78281	-0.29959	0	0	1.9602	1.10975	10.6316	227.008	9.99187
ASP_199	-4.2379	24.3377	4.78992	-0.10831	0.0248	0.30206	2.24673	5.85817	0.06709	0.5196	-1.40247	-0.24187	0	0	0	0	0	0	-0.13191	15.7479	8.8637	0	6.88422	0.43755	0	0	-1.6204	1.66967	64.0063	140.716	44.2837
VAL_200	-4.20052	0.62467	1.78474	-0.33058	0.73044	0.07142	1.09566	3.88052	0.00552	0.09707	-0.41674	0.07946	0	0	0	0	0	0	-0.14085	2.03989	0.05324	1.98665	0	0.58455	0	0	2.7371	0.6031	11.2853	138.743	43.257
GLY_201	-2.20634	0.60447	1.73368	-5e-05	0	0	1.14467	2.9848	0	0	-0.87587	-0.38647	0	0	0	0	0	0	-0.20212	0	0	0	0	-2.09575	0	0	1.435	-0.40455	1.73147	118.63	45.3701
VAL_202	-3.61611	0.63972	3.01813	-0.27296	0.25975	0.06102	1.79385	4.60851	0.06168	0.46168	-0.70367	-0.46697	0	0	0	0	0	0	-0.08157	0.32057	0.04396	0.27661	0	-0.52923	0	0	2.7371	-0.21503	8.39705	101.702	80.2975
GLU_203	-3.81135	1.20271	2.73807	-0.28916	0.11899	0.34997	0.81547	3.4735	0	0	-0.89031	-0.11913	0	0	0	0	0	0	-0.04948	5.57202	0.39395	0	5.17807	-0.05034	0	0	-1.6358	-0.03745	12.9597	129.5	93.5002
PHE_204	-7.30969	1.34557	4.10176	-1.09937	0.26218	0.70024	3.05516	6.79928	0	0	-2.0189	-0.12592	0	0	0	0	0	0	0.01002	2.27808	0.04598	0	2.23209	-0.51028	0	0	1.9602	-0.56334	11.1631	183.195	53.8052
GLU_205	-3.73207	0.42321	3.33506	-0.33802	0.21729	0.44093	0.6683	3.87276	9e-05	0.00024	-0.85531	-0.14734	0	0	0	0	0	0	-0.09244	5.51871	0.71834	0	4.80036	0.29929	0	0	-1.6358	0.08423	13.5778	129.862	93.1379
GLU_206	-7.21203	4.17639	7.68206	-0.31954	0.12	0.38733	4.55558	8.5117	0.02319	0.16866	-3.458	-0.32874	0	0	0	0	-1.05119	0	-0.08833	5.1081	0.76263	0	4.34547	0.38574	0	0	-1.6358	-0.01035	22.1229	215.507	7.49265
ASP_207	-3.68472	0.52549	4.91539	-0.21116	0.0389	0.69043	2.10292	5.13123	0.0197	0.10708	-2.11653	-0.99154	0	0	0	0	-0.00049	0	-0.07622	4.13347	0.0377	0	4.09577	-1.32191	0	0	-1.6204	-0.43175	11.3434	116.207	68.793
LEU_208	-8.64911	6.17082	6.42013	-0.49037	0.25915	0.16817	4.06441	9.21407	0	0	-1.84323	-0.03811	0	0	0	0	0	0	-0.08074	3.03338	2.30298	0.7304	0	0.24791	0	0	1.3223	0.31475	23.1469	203.082	6.91781
ARG_209	-7.34768	15.6925	7.59223	-0.661	0.27588	0.44025	3.6044	8.97331	0.01559	0.05902	-2.13032	0.60555	0	0	0	-0.27737	-0.00049	0	-0.03012	3.65618	1.57096	2.08522	0	-0.1394	0	0	-0.1423	0.48532	34.3277	205.15	59.8503
SER_210	-2.67108	0.78561	2.62121	-0.02854	0.01148	0.03102	0.75503	3.37518	0	0	0.49386	-0.50776	0	0	0	0	0	0	-0.07758	21.7883	21.128	0.66034	0	0.46572	0	4.04	-0.539	-0.1762	52.1556	121.406	40.594
VAL_211	-3.82957	0.27253	1.64479	-0.26473	0.38114	0.04794	1.09252	3.49577	0	0	0.37748	0.01895	0	0	0	0	0	0	0.34092	8.62256	8.61766	0.0049	0	-0.61849	0	0	2.7371	1.87992	24.8214	116.097	65.9027
ASP_212	-5.64099	0.77095	8.15184	-0.25149	0.022	0.85885	4.09728	8.7073	0.00014	0.00067	-4.30049	-1.77072	0	0	0	0	-0.91834	0	-0.01688	5.56119	0.33769	0	5.2235	-0.21399	0	0	-1.6204	1.86113	20.8592	177.843	7.15714
GLY_213	-3.65206	10.8194	2.83271	-5e-05	0	0	1.41497	4.42041	0.00158	0.00794	0.02276	-0.37806	0	0	0	0	0	0	-0.30941	0	0	0	0	-2.25331	0	0	1.435	-0.94743	13.4145	162.042	1.95826
ARG_214	-8.50858	1.2767	10.2882	-0.53632	0.52337	0.29297	4.97856	11.1866	0.10291	0.53082	-4.70875	0.39666	0	0	0	0	-0.92328	0	0.24125	3.75901	1.21717	2.54184	0	0.55107	0	0	-0.1423	1.1713	24.2391	244.674	20.3265
LYS_215	-4.64565	0.79568	4.61164	-0.29471	0.05222	0.12949	1.2099	4.35718	0.04293	0.41707	-1.2179	-0.25707	0	0	0	0	0	0	0.19092	4.05138	1.06642	2.98496	0	0.03334	0	0	-0.8895	2.35498	14.9933	164.568	87.4323
CYS_216	-6.24655	1.20169	4.64374	-0.03289	0	0.01395	2.68357	5.7962	0	0	-2.70857	-0.25094	0	0	0	0	0	0	-0.01064	1.62535	0.73372	0.89163	0	0.01086	0	0	4.3148	0.25871	12.9246	152.926	3.07406
GLN_217	-4.49941	0.2934	4.61254	-0.60597	0.39404	0.63169	1.99393	5.51579	0	0	-1.12477	-0.11247	0	0	0	0	0	0	-0.14229	6.54181	0.46299	0	6.07882	0.38357	0	0	-0.1077	0.09984	20.4158	140.963	76.0365
THR_218	-7.33297	3.59452	5.52781	-0.13053	0.10407	0.043	3.74983	7.70593	0	4e-05	-2.01083	-0.46605	0	0	0	0	0	0	-0.01555	2.75208	0.16266	2.58943	0	-0.43127	0	5.01759	-0.9333	-0.10296	19.8235	171.438	2.56172
ILE_219	-5.84448	2.44083	2.42312	-0.64146	1.74818	0.14522	2.21837	5.61722	0	0	-0.68376	-0.31948	0	0	0	0	0	0	0.02292	3.54793	0.90609	2.64184	0	0.94346	0	0	1.8006	1.33166	18.2983	160.112	46.8876
VAL_220	-7.0627	2.19061	0.91757	-0.25856	0.29864	0.05105	1.64973	4.85648	0.117	0.85629	-2.22545	-0.1254	0	0	0	0	0	0	-0.12124	1.31246	0.68106	0.6314	0	-1.26581	0	0	2.7371	1.1293	6.36953	182	0
THR_221	-4.71569	1.00784	4.03167	-0.09887	0.05557	0.05232	3.20621	5.61398	0	0	-1.39611	-0.39032	0	0	0	0	0	0	0.02006	1.67267	1.25264	0.42003	0	-1.27186	0	5.03009	-0.9333	0.22596	13.7829	138.745	35.255
TRP_222	-7.04507	82.1943	2.15142	-0.83148	2.42367	0.07873	1.24893	4.47114	0	0	0.32988	-0.47649	0	0	0	0	0	0	0.06336	8.81546	2.10942	0	6.70604	-0.23552	0	0	3.7077	2.04409	107.756	214.514	55.4864
GLU_223	-4.54732	1.93469	6.05921	-0.36159	0.21399	0.52875	3.02378	6.59488	0	0	1.91468	-0.57856	0	0	0	0	0	0	0.35866	6.01549	0.70418	0	5.3113	-0.21455	0	0	-1.6358	2.33464	27.6564	148.686	74.3143
GLU_224	-3.26622	2.48011	4.65029	-0.28134	0.09827	0.62904	1.73489	4.86338	0.00086	0.01666	1.35375	-0.20592	0	0	0	0	0	0	0.03277	17.5133	13.1382	0	4.37512	0.42719	0	0	-1.6358	1.89228	47.8168	105.841	117.159
GLU_225	-2.07253	1.76376	2.05467	-0.35317	0.35661	0.77683	0.80748	2.79556	0	0	0.46788	-0.42808	0	0	0	0	0	0	0.14948	18.9057	10.3114	0	8.59431	-0.33481	0	0	-1.6358	3.62288	45.7821	70.6277	152.372
HIS_226	-8.61437	20.834	7.13476	-0.77293	0.01501	1.01046	3.85999	9.89767	1e-05	2e-05	0.78791	0.37545	0	0	0	0	0	0	0.3545	3.29678	0.74921	0	2.54757	0.61148	0	0	0.8406	5.59867	48.5268	212.103	28.8971
LEU_227	-7.78969	4.92378	2.44775	-0.46859	0.68445	0.08838	2.93668	5.86085	0.00301	0.01291	-2.38767	0.25122	0	0	0	0	0	0	-0.10451	11.8423	11.1633	0.67904	0	-0.41435	0	0	1.3223	2.69237	33.7436	210	0
VAL_228	-6.23375	0.67985	3.84332	-0.25003	0.28008	0.04933	2.99673	6.58038	1e-05	2e-05	-2.39228	-0.27213	0	0	0	0	0	0	-0.15108	5.53939	5.13656	0.40283	0	-1.31178	0	0	2.7371	-0.73758	16.897	168.415	13.5853
CYS_229	-6.88167	2.30816	2.81871	-0.06962	0	0.05496	2.39502	4.86239	0.00301	0.01291	-2.29807	-0.39951	0	0	0	0	0	0	-0.0068	2.53599	1.89749	0.6385	0	-0.01937	0	0	4.3148	-0.57416	11.5928	152.674	3.32621
VAL_230	-4.39362	0.73274	2.31844	-0.3409	0.86362	0.0791	2.26014	4.4778	0	0	-1.35894	-0.74543	0	0	0	0	0	0	-0.13334	12.9023	10.0251	2.87719	0	-1.23078	0	0	2.7371	-0.43892	30.6316	124.353	57.6469
GLN_231	-8.09852	3.77559	5.75349	-0.32919	0.57801	0.35076	2.73197	7.0179	0	4e-05	-2.19506	-0.75317	0	0	0	0	-0.64707	0	0.25917	7.0791	2.9428	0	4.1363	-0.07135	0	0	-0.1077	0.7241	23.1472	206.202	10.798
LYS_232	-2.66619	0.61998	2.9549	-0.49845	1.5218	0.21744	1.53301	3.54859	0.04293	0.41707	-1.39956	0.37569	0	0	0	0	0	0	0.08454	8.20934	4.89097	3.31837	0	-0.04065	0	0	-0.8895	0.56042	22.8007	101.359	150.641
GLY_233	-1.34411	0.1326	1.5309	-0.00141	0	0	0.43983	1.968	0	0	0.57931	-0.35458	0	0	0	0	0	0	-0.10576	0	0	0	0	-2.51823	0	0	1.435	0.6877	2.44925	124.033	39.9674
GLU_234	-2.43631	0.25903	2.41905	-0.37126	0.27657	0.47529	0.63354	2.50371	0.07566	0.49955	-1.33244	-0.59575	0	0	0	0	-0.03405	0	-0.20406	6.30361	0.58204	0	5.72157	-0.53642	0	0	-1.6358	0.96617	13.5697	115.293	107.707
VAL_235	-5.66177	1.83342	1.9801	-0.27163	0.37147	0.05476	0.67665	4.33965	0.04444	0.14554	0.53503	-0.18003	0.54303	0	0	0	0	0	-0.12015	0.86859	0.43648	0.43211	0	-1.2293	0	0	2.7371	2.10631	9.64179	180.498	1.50176
PRO_236	-3.71716	1.15596	2.51372	-0.18223	0.02987	0.13277	1.24769	3.00792	0	0	-0.99892	0.11496	0.58313	0	0	0	0	0	0.21121	2.40158	1.95216	0.44942	0	-1.27237	0	0	-4.6787	1.9288	4.87978	127.26	71.7398
ASN_237	-2.80327	0.14744	3.0284	-0.26091	0.78192	0.37255	1.37071	3.79686	0.05431	0.48188	-0.09766	-0.50089	0	0	0	0	0	0	-0.14431	6.98547	0.68501	0	6.30046	-1.61013	0	0	-0.3009	-0.83907	17.4479	81.4864	102.514
ARG_238	-8.81289	5.5859	7.45207	-0.60284	1.18408	0.36591	3.13532	8.93722	0.12321	0.51689	-3.86506	0.60914	0	0	0	0	-0.65191	0	-0.12668	10.3185	7.83621	2.48229	0	0.08757	0	0	-0.1423	-0.54713	33.8855	255.238	9.76182
GLY_239	-3.61641	0.43954	3.12671	-0.00217	0	0	2.15278	4.48731	0.01728	0.06194	-1.76832	-0.39814	0	0	0	0	0	0	-0.04654	0	0	0	0	-2.49682	0	0	1.435	0.41526	3.80743	159.389	4.61109
TRP_240	-8.64373	5.41165	2.89146	-1.29396	0.38046	0.64763	2.64276	5.75925	0	0	-2.38178	-0.28938	0	0	0	0	0	0	0.05204	3.54099	1.12591	0	2.41508	-0.73849	0	0	3.7077	1.09118	16.3188	232.371	37.6291
ARG_241	-7.11019	3.68945	5.56775	-0.48074	0.38073	0.25544	3.91455	7.46672	0.00086	0.01666	-1.8394	0.03363	0	0	0	0	0	0	-0.03593	5.27001	1.39592	3.8741	0	-0.36886	0	0	-0.1423	0.5468	22.4352	173.648	91.3525
HIS_242	-7.99855	3.15891	4.88141	-0.32411	0.08093	0.26342	3.34993	7.49526	0.06506	0.31266	-2.20207	-0.58764	0	0	0	0	0	0	-0.05465	13.8894	9.66961	0	4.2198	0.04601	0	0	0.8406	-0.28289	36.8231	237.702	3.2975
TRP_243	-7.72302	2.16731	4.40543	-1.33513	0.14213	1.09215	2.90499	6.82599	0.06084	0.26901	-3.13909	-0.44772	0	0	0	0	-0.67435	0	0.24853	3.04756	0.9944	0	2.05315	-0.42638	0	0	3.7077	-0.14344	14.0301	208.597	61.4025
LEU_244	-3.63949	0.27939	1.42326	-0.43341	0.16406	0.08837	0.60632	2.7695	0	0	-0.14062	0.07944	0	0	0	0	0	0	0.08715	5.68188	4.87615	0.80573	0	-0.5522	0	0	1.3223	-0.24786	13.17	151.227	58.7733
GLU_245	-3.56876	0.09994	4.37192	-0.20047	0.04694	0.29972	2.38597	4.9602	0	0	-2.01956	-0.53561	0	0	0	0	-0.67435	0	0.10737	10.4819	5.72066	0	4.76126	0.36281	0	0	-1.6358	1.45556	26.4197	125.881	97.1186
GLY_246	-1.30431	0.16365	1.43795	-0.00018	0	0	0.47383	1.83526	0	0	0.33371	-0.38197	0	0	0	0	0	0	0.23229	0	0	0	0	-2.02847	0	0	1.435	4.43917	6.63594	98.8988	65.1012
GLU_247	-2.00688	0.2286	2.39336	-0.23046	0.25105	0.43413	1.14611	2.76814	0.00822	0.09076	-1.17247	-0.52777	0	0	0	0	0	0	-0.05161	7.37512	2.675	0	4.70011	0.28309	0	0	-1.6358	2.7775	19.5062	84.5282	138.472
MET_248	-5.78185	1.64315	3.49102	-0.34032	0.08903	0.09447	2.44398	5.14298	0.00043	0.00111	-1.12895	-0.23704	0	0	0	0	0	0	-0.04943	4.90992	2.58775	2.32217	0	0.24445	0	0	1.4633	-0.07349	16.8227	196.63	65.3698
LEU_249	-7.89907	3.09265	3.11836	-0.61983	0.84233	0.16815	2.85629	6.32637	0.0034	0.01292	-1.86265	0.26484	0	0	0	0	0	0	0.07847	1.7057	0.91055	0.79515	0	-0.54128	0	0	1.3223	-0.32802	10.2466	210	0
TYR_250	-8.27213	1.268	4.55993	-0.50809	0.26412	0.2072	3.28244	7.4923	0.00043	0.00111	-2.00085	-0.21636	0	0	0	0	0	0	0.0353	4.79425	1.0204	0	3.77385	-0.59952	0	0	1.7379	-0.35283	16.4874	197.646	50.3541
LEU_251	-8.03889	3.04959	3.70595	-0.56685	0.32712	0.13561	2.69872	6.75861	0	0	-1.7161	0.2621	0	0	0	0	0	0	-0.0395	2.71926	1.38438	1.33487	0	-0.0197	0	0	1.3223	0.04014	13.3576	208.975	1.02469
GLU_252	-5.49513	1.23168	4.37955	-0.40163	0.70987	0.63454	3.03043	5.88847	0.00938	0.02636	-2.19577	-0.32658	0	0	0	0	0	0	-0.05085	5.94834	1.80942	0	4.13892	0.46301	0	0	-1.6358	1.08003	19.2443	183.457	39.5433
LEU_253	-7.42918	5.0573	2.73425	-0.43589	0.15614	0.09966	2.64239	5.50292	0	0	-2.84476	0.04358	0	0	0	0	0	0	-0.14201	4.0794	2.64487	1.43454	0	-0.60372	0	0	1.3223	0.61473	14.8765	186.165	23.8345
THR_254	-5.33763	0.83764	4.08342	-0.12991	0.25852	0.08417	2.73682	6.23927	0.02032	0.07069	-2.31195	-0.95794	0	0	0	0	0	0	0.02518	6.8739	6.41426	0.45964	0	-0.29099	0	5.02358	-0.9333	-0.22358	22.9421	143.102	30.898
ALA_255	-5.06317	1.08104	2.32656	-0.02471	0.00159	0	2.44827	5.51935	0	0	-1.66091	-0.41794	0	0	0	0	0	0	-0.00603	0	0	0	0	0.12559	0	0	2.2619	2.25085	8.8424	152.325	0.675055
ARG_256	-6.50953	5.48336	5.62387	-0.5022	0.32056	0.32655	3.67372	7.28253	0.07566	0.49955	-1.22103	0.05193	0	0	0	0	0	0	-0.12875	3.19471	1.25221	1.94251	0	-0.10724	0	0	-0.1423	5.71746	26.8336	194.096	70.9037
ASP_257	-1.30076	1.63012	1.71429	-0.11183	0.02053	0.37271	0.33901	2.13994	0.04798	0.46427	-0.64068	-0.36831	0	0	0	0	0	0	0.0385	4.90359	0.43342	0	4.47017	0.28002	0	0	-1.6204	6.41675	19.2293	32.7644	152.236
ALA_258	-4.15479	3.47423	2.97219	-0.02175	0	0	3.13812	5.68311	0	0	-2.47482	-0.16869	0	0	0	0	0	0	0.14665	0	0	0	0	0.04474	0	0	2.2619	2.73216	13.633	134.393	18.6071
VAL_259	-3.87359	2.14511	1.68471	-0.26684	0.31985	0.0595	1.31226	3.54282	0.00255	0.01483	-0.11663	-0.3692	0	0	0	0	0	0	0.00629	1.99092	1.12307	0.86786	0	0.88383	0	0	2.7371	1.33559	13.4	114.144	67.8562
CYS_260	-6.72058	1.00436	3.76655	-0.06722	0	0.04945	2.65952	5.10333	0.00061	0.00271	-2.39049	-0.3338	0	0	0	0	0	0	0.15565	3.26696	1.42579	1.84117	0	0.12118	0	0	4.3148	1.19352	15.3935	156	0
GLU_261	-4.82351	2.31452	4.85968	-0.3167	0.21212	0.38033	2.92762	5.40602	0	0	-3.0197	-0.20547	0	0	0	0	0	0	-0.08441	5.7472	0.82903	0	4.91816	0.32466	0	0	-1.6358	-0.37316	17.4606	167.167	55.8328
GLN_262	-6.99381	5.74736	4.38764	-0.26864	0.04803	0.20903	2.91671	5.92312	0.00061	0.00271	-1.81592	-0.67928	0	0	0	0	0	0	0.14964	6.49412	2.67978	0	3.81433	-0.03762	0	0	-0.1077	-0.09935	22.3708	212.333	4.66662
VAL_263	-7.20862	5.5905	2.98594	-0.25016	0.3448	0.04844	2.63138	6.46627	0.00018	0.00147	-1.78957	-0.08277	0	0	0	0	0	0	0.10424	2.15863	1.00533	1.1533	0	-0.60129	0	0	2.7371	-0.35901	14.9362	168.679	13.3209
PHE_264	-11.5181	8.65999	4.41085	-0.60087	0.59666	0.36884	3.09925	8.35475	0	0	-2.26037	0.01607	0	0	0	0	0	0	0.02136	5.20045	0.67381	0	4.52664	-0.83279	0	0	1.9602	-0.23588	22.4408	237	0
ARG_265	-5.38224	0.83078	4.892	-0.77574	1.1169	0.47566	2.59595	6.20111	0.00013	0.00056	-3.04377	0.37624	0	0	0	0	0	0	-0.06708	11.189	7.34398	3.845	0	-0.06198	0	0	-0.1423	-0.25647	29.1377	128.046	136.954
LYS_266	-5.51582	1.99141	4.84911	-0.59809	1.29646	0.3217	1.96029	5.56764	0.00945	0.09587	-1.49207	0.28964	0	0	0	0	0	0	0.17779	4.99013	1.71857	3.27156	0	0.10588	0	0	-0.8895	-0.39684	17.7532	165.428	86.5715
VAL_267	-2.6005	0.37807	2.08725	-0.37623	0.49455	0.10874	0.869	2.73525	0	0	-0.43491	-0.73573	0	0	0	0	0	0	0.54812	3.51516	0.77564	2.73951	0	0.30724	0	0	2.7371	1.50511	14.6534	74.6469	107.353
HIS_268	-4.92238	35.0192	5.06554	-0.84722	2.83067	1.4161	3.03427	5.83357	0.0519	0.32179	-1.66191	-0.0502	0	0	0	0	0	0	0	5.37139	0.93847	0	4.43293	0	0	0	0.8406	1.68077	59.3555	99.9312	141.069