label	fa_atr	fa_rep	fa_sol	fa_intra_atr_xover4	fa_intra_rep_xover4	fa_intra_sol_xover4	lk_ball	lk_ball_iso	lk_ball_bridge	lk_ball_bridge_uncpl	fa_elec	fa_intra_elec	pro_close	hbond_sr_bb	hbond_lr_bb	hbond_bb_sc	hbond_sc	dslf_fa13	omega	fa_dun	fa_dun_dev	fa_dun_rot	fa_dun_semi	p_aa_pp	yhh_planarity	hxl_tors	ref	rama_prepro	total	BSA	SASA
PHE_1	-4.44904	1.45271	0.78557	-0.59158	0.30421	0.19015	0.67728	2.62605	0	0	-0.57645	0.56737	0	0	0	0	0	0	0.06599	21.877	18.1678	0	3.7092	0	0	0	1.9602	0	46.7665	116.886	120.114
GLU_2	-3.06375	1.8584	4.60194	-0.61817	0.46811	1.03113	2.28493	5.04469	0	0	-1.61584	-1.71136	0	0	0	-0.44716	0	0	-0.16613	6.36887	0.47927	0	5.8896	0.3192	0	0	-1.6358	0.14645	19.2344	89.4427	133.557
LEU_3	-5.19334	1.00813	2.29178	-0.53377	0.27618	0.14156	1.88509	4.60768	0.05668	0.33138	-1.12803	0.04993	0	0	0	-0.29165	0	0	-0.06003	3.95809	0.40451	3.55358	0	-0.45084	0	0	1.3223	0.00581	12.235	159.468	50.5323
SER_4	-4.72419	2.15974	5.97741	-0.03448	0.00066	0.02093	2.8538	6.70279	0	0	-1.80815	-0.55222	0	0	0	-0.44716	0	0	-0.04136	0.92945	0.33724	0.59221	0	0.25131	0	4.04	-0.539	-0.43855	15.2804	133.352	28.6475
GLY_5	-3.11006	0.21826	4.62217	-0.00112	0	0	2.64975	5.58422	0	0	-2.02471	-0.34522	0	0	0	0	0	0	0.16451	0	0	0	0	-2.53106	0	0	1.435	0.6993	7.36105	141.5	22.4997
LYS_6	-4.77878	0.76121	4.77617	-0.43059	0.31032	0.23267	2.37082	5.575	0.00857	0.01374	-2.15245	0.17638	0	0	0	-0.29104	0	0	-0.07429	5.71537	3.31051	2.40485	0	0.00176	0	0	-0.8895	0.61785	17.6586	126.286	125.714
TRP_7	-13.8044	3.9795	7.66237	-0.82718	0.08514	0.28513	4.62953	12.7612	0	0	-2.51752	-0.20104	0	0	0	-0.29165	0	0	0.01011	4.18149	0.20424	0	3.97726	-0.3135	0	0	3.7077	0.4514	23.9798	265.904	4.09629
ILE_8	-7.25263	1.21651	5.1678	-0.61944	1.29728	0.1182	3.51084	7.72916	0.00014	0.00138	-2.57506	0.33929	0	0	0	0	0	0	-0.13812	1.80773	0.43008	1.37765	0	-1.11213	0	0	1.8006	0.48063	13.5799	192.556	14.4438
THR_9	-6.7085	1.65066	3.59647	-0.17015	0.18622	0.06152	2.59834	6.07734	0.03716	0.23197	-0.13961	-0.49626	0	0	0	-0.21013	0	0	0.05529	0.76944	0.68156	0.08788	0	0.05859	0	5.03964	-0.9333	-0.44919	12.0249	171.567	2.4326
SER_10	-6.61258	3.898	5.0521	-0.03376	0.00385	0.03352	3.53933	7.06681	0.05262	0.32046	-2.59035	0.06418	0	0	0	0	0	0	0.06432	1.794	0.20959	1.5844	0	0.54781	0	4.04	-0.539	1.65755	20.1529	161.488	0.512343
TYR_11	-9.61088	2.06614	3.12691	-0.54354	0.18786	0.28262	3.01512	6.9465	0.05262	0.32046	-1.36821	-0.25356	0	0	0	0	0	0	0.0047	2.91304	0.02608	0	2.88697	-0.30686	0	0	1.7379	1.51408	12.9979	210.182	37.8184
ILE_12	-7.71477	1.67735	3.46282	-0.46176	1.80574	0.08038	3.71391	6.75036	0	0	-2.51348	0.26615	0	0	0	0	0	0	-0.0623	3.39461	2.53949	0.85512	0	-0.42912	0	0	1.8006	-0.12246	15.0426	192.397	14.603
GLY_13	-4.33451	0.89853	2.97419	-0.00114	0	0	2.77627	4.96507	0	0	-2.27989	-0.34335	0	0	0	0	0	0	-0.04594	0	0	0	0	1.39233	0	0	1.435	2.03641	9.47299	164	0
SER_14	-5.90933	1.38116	4.43905	-0.03269	0.00976	0.04304	2.78193	6.46647	0.01039	0.14529	0.22952	0.01967	0	0	0	0	0	0	-0.06269	0.85186	0.02054	0.83132	0	-0.42001	0	4.04	-0.539	2.02629	16.3326	162	0
SER_15	-3.56958	1.65298	3.20089	-0.03941	0.01123	0.04792	2.06147	4.23433	0.02189	0.22595	-0.79822	-0.23442	0	0	0	-0.80542	0	0	0.0905	0.31652	0.01722	0.2993	0	-0.41432	0	4.04	-0.539	-0.4746	9.34523	109.94	52.0598
ASP_16	-4.74514	0.84248	6.32226	-0.21329	0.11363	0.67347	3.84044	7.07301	0.01052	0.04085	-1.39556	-1.22332	0	0	0	-0.54293	0	0	0.02666	3.6405	0.6224	0	3.01809	-0.84903	0	0	-1.6204	-0.59933	15.0353	140.78	44.2201
LEU_17	-3.69567	1.04274	2.76917	-0.53847	1.08832	0.14436	1.40563	4.32872	0.00389	0.01044	-0.70325	0.3024	0	0	0	0	0	0	-0.28944	0.5639	0.15307	0.41083	0	-0.12378	0	0	1.3223	0.64756	8.84272	128.182	81.8177
GLU_18	-3.2113	0.60607	5.06158	-0.82225	0.77952	1.82415	2.39408	5.30181	0.02119	0.12162	-1.79528	-0.17429	0	0	0	-0.54293	0	0	-0.16597	6.17347	0.07998	0	6.09349	-0.47456	0	0	-1.6358	0.29244	19.927	117.65	105.35
LYS_19	-7.63639	1.68497	8.20486	-0.54874	0.44307	0.37542	4.51779	8.86412	0.03449	0.3066	-4.51692	-0.00239	0	0	0	0	-0.83659	0	-0.089	2.75185	0.27701	2.47485	0	-0.21568	0	0	-0.8895	-0.88496	14.3149	237.605	14.3946
ILE_20	-7.25075	8.08086	2.44161	-0.60308	0.79085	0.19535	1.34478	5.74875	0.01052	0.04085	-0.16258	-0.14249	0	0	0	0	0	0	-0.101	1.03143	0.38821	0.64322	0	0.14165	0	0	1.8006	0.15621	14.555	204.438	2.56172
GLY_21	-3.24265	0.21015	3.69009	-0.00025	0	0	1.70605	5.08485	0.0052	0.02038	-1.70461	-0.17468	0	0	0	0	0	0	-0.09351	0	0	0	0	-1.77218	0	0	1.435	0.87551	6.03936	145.041	18.9591
GLU_22	-2.90245	0.88528	4.10337	-0.54779	0.77925	1.69562	1.2769	4.85121	0.00465	0.01672	-0.99545	-2.1455	0	0	0	0	0	0	-0.19778	14.4168	6.84253	0	7.57427	-0.10056	0	0	-1.6358	0.13585	34.0571	116.435	106.565
ASN_23	-4.74287	1.03243	4.15325	-0.1962	0.07084	0.33024	2.02113	5.64778	0	0	-0.98161	-0.95657	0	0	0	-0.38114	0	0	-0.05367	2.52587	0.05173	0	2.47414	-1.42908	0	0	-0.3009	0.09198	9.35735	133.051	50.9491
ALA_24	-4.35084	1.78106	3.43354	-0.02131	0	0	2.25545	6.21358	0.05834	0.3881	-0.34872	-0.17096	0.16136	0	0	0	0	0	0.12414	0	0	0	0	0.05814	0	0	2.2619	2.78555	14.6293	143.778	9.22218
PRO_25	-4.49981	1.12217	2.02465	-0.08709	0.00257	0.0534	1.54503	2.94591	0	0	-0.53269	0.757	0.20286	0	0	-0.75204	0	0	-0.18864	2.33149	1.60194	0.72955	0	0.91028	0	0	-4.6787	2.64978	6.13768	153.144	45.8559
PHE_26	-8.93139	3.71768	2.13314	-0.6589	0.19816	0.37366	2.2795	5.76179	0	0	-1.43209	-0.02443	0	0	0	0	0	0	0.55971	2.59735	0.06964	0	2.5277	-0.37367	0	0	1.9602	-0.11107	10.647	213.174	23.8264
GLN_27	-6.9024	0.63865	5.48017	-0.34495	0.06534	0.20849	2.34103	7.61227	0.15082	0.8637	-0.18693	-0.6726	0	0	0	0	-0.60455	0	-0.01441	6.9556	1.53562	0	5.41998	-0.01827	0	0	-0.1077	0.65256	23.0724	213.787	3.21256
VAL_28	-6.13292	2.29554	1.42637	-0.28131	0.43651	0.06175	1.78617	4.97514	0	0	-0.45522	-0.08917	0	0	0	0	0	0	-0.05572	0.34967	0.08535	0.26431	0	-0.9891	0	0	2.7371	0.28625	6.7007	161.761	20.2387
PHE_29	-10.2554	2.36998	5.1496	-0.60709	0.1524	0.38424	2.90639	8.38899	0.02602	0.08298	-1.88413	-0.0317	0	0	0	0	0	0	0.10062	5.10802	1.13078	0	3.97724	-0.54086	0	0	1.9602	0.50165	18.9199	235.975	1.02469
MET_30	-9.47382	1.87867	5.69427	-0.69042	2.79118	0.1098	2.9671	7.43411	0.02876	0.09498	-1.64617	0.45149	0	0	0	-0.50182	0	0	-0.05398	6.6364	3.91714	2.71926	0	0.47399	0	0	1.4633	0.97733	25.2716	250.214	11.7862
ARG_31	-10.1405	1.15425	10.5308	-0.93852	1.42145	0.67306	6.03658	12.4385	0.12541	0.55115	-5.87413	0.1641	0	0	0	-0.9739	-1.41407	0	0.63717	4.36076	1.3864	2.97436	0	-0.34047	0	0	-0.1423	1.35956	23.9896	244.398	20.6025
SER_32	-4.80663	0.52799	4.9375	-0.0451	0.01637	0.06943	3.11837	6.0447	0.06439	0.40668	-1.10501	-0.64392	0	0	0	0	0	0	0.09884	0.31326	0.18619	0.12707	0	-0.80141	0	4.04	-0.539	1.59849	13.6082	127.321	34.6794
ILE_33	-7.77519	2.19683	2.86772	-0.47756	1.90144	0.09689	2.6352	5.95848	0.05668	0.33138	-2.48688	0.0309	0	0	0	0	0	0	-0.10937	0.94294	0.49229	0.45065	0	-0.28212	0	0	1.8006	0.75287	9.38374	207	0
GLU_34	-5.50405	1.75475	5.8249	-0.38734	0.11481	0.74002	3.20612	7.26631	0	0	-2.69175	-0.51228	0	0	0	0	0	0	0.00985	5.53109	0.55597	0	4.97512	0.54891	0	0	-1.6358	0.94318	20.7398	131.539	91.4615
PHE_35	-6.63448	1.36566	1.18966	-0.59721	0.0626	0.31706	1.35846	4.08798	0	0	-0.30271	0.09301	0	0	0	0	0	0	-0.02625	3.15704	0.15603	0	3.00101	-0.24453	0	0	1.9602	0.25517	9.1987	202.349	34.6512
ASP_36	-4.94247	0.31117	7.08461	-0.25109	0.12314	0.83925	4.11802	7.9967	0	0	-3.57294	-0.74405	0	0	0	0	0	0	0.06259	2.86178	0.33452	0	2.52726	-0.81604	0	0	-1.6204	0.72262	15.0346	133.186	51.8142
ASP_37	-2.57571	0.16637	4.31547	-0.12002	0.01899	0.373	1.58584	4.94118	3e-05	0.00015	-1.67481	-0.37858	0	0	0	0	0	0	-0.19178	4.02376	0.4482	0	3.57556	-0.04076	0	0	-1.6204	0.99888	13.8454	79.4254	105.575
LYS_38	-2.33859	0.32857	3.23202	-0.43755	0.09054	0.23918	1.22861	3.5278	0	0	-0.23468	-0.14336	0	0	0	0	0	0	0.01366	6.20189	2.88573	3.31616	0	-0.12886	0	0	-0.8895	-0.12887	16.7627	35.169	216.831
GLU_39	-4.13287	1.77244	5.21963	-0.46171	0.16735	0.96967	1.73185	5.42637	0.10934	0.36275	-0.77392	-0.27152	0	0	0	0	0	0	-0.08959	4.35721	0.21429	0	4.14292	0.17426	0	0	-1.6358	-0.46455	16.8181	115.09	107.91
SER_40	-3.98587	0.72797	4.63534	-0.03797	0.08036	0.0314	2.40854	5.53639	0.06874	0.48225	-1.9482	-0.13924	0	0	0	0	0	0	-0.15801	0.34687	0.23594	0.11093	0	0.15691	0	4.04	-0.539	0.64209	12.6954	103.669	58.3312
LYS_41	-6.43056	1.97327	5.93136	-0.38441	0.22236	0.25906	3.49653	7.28315	0.10934	0.36275	-2.6746	0.18007	0	0	0	0	0	0	0.07694	3.58587	0.264	3.32187	0	0.26557	0	0	-0.8895	1.16179	18.1149	178.331	73.6692
VAL_42	-7.62997	1.44907	1.84736	-0.378	1.51378	0.08883	2.75037	5.94574	0.02753	0.09199	-1.52479	-0.31607	0	0	0	0	0	0	-0.0555	1.3158	0.23673	1.07907	0	-0.8984	0	0	2.7371	0.22059	8.50122	182	0
TYR_43	-6.42478	2.33384	3.45687	-0.56625	0.34381	0.29219	3.27196	5.78329	0.01882	0.07263	-2.69355	-0.26268	0	0	0	0	0	0	-0.13107	3.42695	0.00046	0	3.42649	-0.03633	0	0	1.7379	-0.1748	13.8757	135.501	112.499
LEU_44	-6.52859	2.01935	2.32051	-0.47158	0.30328	0.11048	2.85087	5.02401	0.04071	0.31235	-2.62152	-0.0419	0	0	0	0	0	0	-0.05033	3.37736	2.15961	1.21776	0	-0.30472	0	0	1.3223	-0.17434	10.8656	197.653	12.3475
ASN_45	-5.9174	0.7648	6.42349	-0.25144	0.00346	0.4788	4.43912	7.73107	0.05306	0.43443	-2.80582	-0.55016	0	0	0	0	0	0	-0.0943	4.13238	0.31645	0	3.81593	0.8004	0	0	-0.3009	0.05428	19.5277	139.45	44.5495
PHE_46	-10.2735	2.47722	3.1874	-0.98045	0.35291	0.61677	2.66882	7.03094	0	0	-2.58635	-0.12548	0	0	0	0	0	0	-0.00469	2.32932	0.08423	0	2.24509	-0.79032	0	0	1.9602	0.58118	8.77329	232.382	4.61814
PHE_47	-10.2441	1.49685	4.84514	-0.49611	0.03605	0.19502	3.10497	7.55737	0.00306	0.01687	-2.74495	0.03441	0	0	0	0	0	0	0.02578	3.29101	0.78645	0	2.50456	-0.60285	0	0	1.9602	0.00886	11.7786	214.709	22.2913
SER_48	-4.30132	0.18184	4.67484	-0.02938	0.00314	0.0249	2.79761	5.7219	0.02516	0.09985	-1.89244	-0.41628	0	0	0	0	0	0	0.00705	5.94625	2.67949	3.26676	0	-0.82474	0	4.04	-0.539	-0.67885	20.7868	159.759	2.24099
LYS_49	-7.1296	1.52813	6.36034	-0.30699	0.06659	0.1382	2.2987	7.09588	0.30968	1.30378	-3.98378	-0.12326	0	0	0	0	-0.49655	0	0.01686	3.63504	0.69056	2.94449	0	0.33918	0	0	-0.8895	-0.40471	13.393	220.71	31.2901
GLU_50	-4.57177	2.25336	6.39403	-0.18401	0.04803	0.18596	3.16069	7.00909	0.02516	0.09985	0.52968	-0.55468	0	0	0	0	0	0	0.05088	9.49434	4.39895	0	5.09539	0.04809	0	0	-1.6358	0.11627	31.9635	129.17	93.8304
ASN_51	-2.23149	0.76376	2.25066	-0.18717	0.06984	0.30804	0.60267	2.86754	0	0	0.23857	-0.97677	0	0	0	0	0	0	-0.06601	2.36196	0.05161	0	2.31036	-1.47268	0	0	-0.3009	0.21246	6.80243	58.3138	125.686
GLY_52	-2.72952	1.05887	2.81735	-5e-05	0	0	1.20016	3.65268	0.11097	0.38364	-0.69029	-0.39882	0	0	0	-0.38114	0	0	-0.24638	0	0	0	0	-2.11953	0	0	1.435	-0.54656	3.54639	124.235	39.7653
ILE_53	-4.29494	0.75294	4.7405	-0.48335	1.3536	0.09491	2.76171	5.81785	0	0	-1.32875	0.15285	0	0	0	0	0	0	-0.12315	1.00302	0.24304	0.75998	0	-1.15398	0	0	1.8006	-0.9244	11.1724	90.1552	116.845
CYS:disulfide_54	-4.50947	1.13962	1.95757	-0.04416	0.00053	0.01682	0.38189	2.74981	0.00097	0.00371	-0.34146	-0.25946	0	0	0	0	0	-0.57236	-0.07565	1.2174	0.50607	0.71133	0	0.04746	0	0	4.3148	-0.94063	6.30478	125.15	30.85
GLU_55	-5.43849	1.60738	6.82789	-0.22515	0.11687	0.36261	3.85548	7.56026	0	0	-0.46921	-0.60153	0	0	0	0	0	0	0.1372	5.47008	1.00341	0	4.46667	0.07526	0	0	-1.6358	-0.56559	22.5473	160.138	62.8617
GLU_56	-4.35924	0.67361	2.97963	-0.25515	0.05851	0.27043	0.98181	3.96139	0	0	-0.40792	-0.14086	0	0	0	0	0	0	0.0055	5.71422	0.82279	0	4.89143	0.20754	0	0	-1.6358	-0.21517	13.5527	124.556	98.4436
PHE_57	-6.68994	1.01242	3.56217	-0.5654	0.26084	0.2926	2.98645	5.96054	0	0	-2.1382	-0.01349	0	0	0	0	0	0	-0.00549	2.80704	0.00375	0	2.80329	-0.43611	0	0	1.9602	-0.62758	11.1731	187.664	49.3355
SER_58	-2.28	1.01357	1.93415	-0.03737	0.00492	0.02548	0.82868	2.67237	0	0	-0.72745	-0.41454	0	0	0	0	0	0	-0.07205	4.59865	2.69218	1.90646	0	0.05057	0	4.04	-0.539	0.53337	16.23	75.7092	86.2908
LEU_59	-5.83242	1.07226	2.52132	-0.47838	0.34906	0.09298	2.65739	4.75545	0	0	-2.22111	0.22255	0	0	0	0	0	0	0.00955	1.32685	0.74037	0.58647	0	-0.43368	0	0	1.3223	0.93739	7.62837	182.322	27.6783
ILE_60	-3.90552	0.87245	0.88373	-0.48534	1.03722	0.11039	0.59092	2.66153	0	0	-0.38409	-0.13545	0	0	0	0	0	0	-0.08431	0.39101	0.05959	0.33141	0	-0.68192	0	0	1.8006	0.30059	3.36282	113.877	93.1226
GLY_61	-3.98843	0.46282	2.97385	-0.00057	0	0	2.70784	4.80785	0	0	-2.11076	-0.22887	0	0	0	0	0	0	-0.14004	0	0	0	0	0.30889	0	0	1.435	0.89491	7.12248	162.975	1.02469
THR_62	-4.84055	0.34717	5.31911	-0.13834	0.09206	0.09936	3.81878	6.70566	0.04047	0.38327	-2.53674	-0.74202	0	0	0	0	0	0	-0.09275	2.08111	0.01085	2.07026	0	-0.36182	0	5.04335	-0.9333	0.52028	16.8862	127.787	46.2129
LYS_63	-6.36306	0.49463	5.6384	-0.31863	0.07335	0.12386	2.50258	6.48232	0.06874	0.48225	-2.94493	0.17959	0	0	0	0	0	0	-0.08633	4.43258	2.01641	2.41617	0	-0.0547	0	0	-0.8895	-0.52679	13.727	168.33	83.6705
GLN_64	-5.89514	15.809	7.90055	-0.56692	0.29912	0.60331	4.02934	8.50409	0.08034	0.52729	-2.17379	-0.75501	0	0	0	0	0	0	-0.03431	3.34809	0.44892	0	2.89917	0.74248	0	0	-0.1077	1.33216	36.991	144.129	72.8708
GLU_65	-3.73745	3.15286	7.09209	-0.59495	0.39151	1.04915	3.28206	7.4219	0.09027	0.64414	2.55453	-1.50971	0	0	0	0	0	0	-0.08881	25.026	17.569	0	7.45699	0.12621	0	0	-1.6358	1.78685	70.0769	138.365	84.6353
GLY_66	-3.32695	3.18118	3.21407	-4e-05	0	0	1.43628	4.65446	0.0775	0.3324	-0.59701	-0.36612	0	0	0	0	0	0	-0.16872	0	0	0	0	-0.41323	0	0	1.435	0.31569	9.77449	149.294	14.7064
ASN_67	-2.98714	0.97951	2.82422	-0.19045	0.24939	0.33737	1.23476	3.82939	0.00853	0.0287	-0.97587	-0.94611	0	0	0	0	0	0	-0.09966	3.30765	0.44828	0	2.85936	-1.65337	0	0	-0.3009	0.10119	9.05486	115.85	68.1505
THR_68	-6.58102	1.17933	5.95667	-0.12892	0.11683	0.08407	3.3436	8.14342	0.00023	0.00139	-2.06541	-0.84271	0	0	0	0	0	0	0.08706	0.17078	0.00043	0.17035	0	-0.54328	0	5.04096	-0.9333	-0.52622	12.6742	172.88	1.12049
TYR_69	-10.0537	2.01199	4.64904	-0.57244	0.11274	0.29371	3.55479	8.20435	0.00128	0.00587	-2.44849	-0.24134	0	0	0	0	0	0	-0.02567	2.65959	0.10392	0	2.55566	-0.23928	0	0	1.7379	-0.49951	11.8105	237.041	10.9591
ASP_70	-5.08797	16.1137	7.68082	-0.10431	0.01025	0.30509	4.64412	8.33856	0.04776	0.44061	-5.54514	-0.3492	0	0	0	0	0	0	-0.06376	3.38516	0.00509	0	3.38007	1.11228	0	0	-1.6204	-0.01944	32.6732	147.784	37.2162
VAL_71	-5.65606	0.61697	2.48366	-0.3628	0.97124	0.08667	2.53675	5.32722	0	0	-1.30008	-0.36087	0	0	0	0	0	0	0.02307	1.71918	1.09175	0.62743	0	0.26111	0	0	2.7371	1.12233	11.9247	172.149	9.85149
ASN_72	-2.63452	0.49889	1.72735	-0.1671	0.03546	0.24283	1.16014	2.81954	0	0	-0.57121	-0.37461	0	0	0	0	0	0	-0.11599	2.82546	0.03589	0	2.78957	0.30852	0	0	-0.3009	0.83335	9.11267	63.8268	120.173
TYR_73	-7.04219	1.57003	2.90472	-0.84817	0.15861	0.27556	2.7089	6.09658	0.00274	0.01015	-1.60208	-0.49416	0	0	0	-0.75204	0	0	-0.0144	2.7103	0.54294	0	2.16735	-0.3177	0	0	1.7379	2.52183	12.3369	219.843	28.1574
ALA_74	-2.82751	0.42572	1.39513	-0.02765	0.01692	0	0.89214	2.89123	0.00504	0.05549	-0.31416	-0.62887	0	0	0	-0.46591	0	0	-0.12384	0	0	0	0	0.39544	0	0	2.2619	3.20913	7.16021	118.689	34.3109
GLY_75	-3.37813	1.17936	3.37412	-0.00093	0	0	1.6117	4.83685	0	0	-0.94798	-0.30937	0	0	0	0	0	0	0.12478	0	0	0	0	-2.52823	0	0	1.435	1.85384	7.25102	142.983	21.0165
ASN_76	-3.8679	0.47523	4.70682	-0.17815	0.00623	0.26817	2.94066	5.98311	0	0	-2.41403	-0.48918	0	0	0	0	0	0	0.06814	2.67353	0.04677	0	2.62676	0.70152	0	0	-0.3009	1.31697	14.5638	94.8448	89.1552
ASN_77	-7.43852	9.3888	7.05652	-0.18409	0.00104	0.28029	5.67561	9.48751	0.00274	0.01015	-1.63067	-0.50232	0	0	0	0	-0.02113	0	0.02418	5.28599	1.20955	0	4.07644	1.0052	0	0	-0.3009	0.30756	33.7339	178.746	5.25402
LYS_78	-5.35526	0.95425	7.77689	-0.54829	0.2487	0.29965	4.89467	8.36945	0.00316	0.03537	-4.69983	0.42948	0	0	0	0	0	0	-0.02822	5.24602	1.56545	3.68058	0	0.3809	0	0	-0.8895	0.8718	23.2353	164.942	87.0579
PHE_79	-8.35115	3.0582	2.94325	-1.02119	0.19968	0.56983	3.2414	6.33091	0	0	-2.66217	-0.05325	0	0	0	0	0	0	0.07865	3.02919	0.29797	0	2.73122	-0.51877	0	0	1.9602	0.67027	12.5042	230.075	6.92486
VAL_80	-6.31295	1.73471	3.29998	-0.37326	0.93021	0.08889	3.22317	6.42191	0	0	-2.47469	-0.17435	0	0	0	0	0	0	-0.09896	0.95949	0.01076	0.94873	0	-0.32441	0	0	2.7371	0.15889	10.7552	174.315	7.68515
VAL_81	-5.1342	2.7861	0.78418	-0.29555	0.28797	0.07307	0.9167	3.75397	0.0068	0.03752	0.32408	-0.37613	0	0	0	0	0	0	0.20827	0.12818	0.00664	0.12155	0	0.37859	0	0	2.7371	1.19845	7.94327	161.189	20.8109
SER_82	-4.71276	0.46151	4.86523	-0.0336	0.00448	0.02192	3.51594	6.32226	0	0	-1.47638	-0.71942	0	0	0	0	0	0	-0.12824	1.61006	0.63113	0.97892	0	0.33316	0	4.04	-0.539	0.92272	16.0979	154.252	7.74765
TYR_83	-9.91493	4.84514	5.13785	-0.76517	0.29376	0.16865	3.42643	8.21725	0	0	-2.3926	-0.5108	0	0	0	0	0	0	0.02109	4.94446	1.01879	0	3.92566	-0.22821	0	0	1.7379	0.08132	20.0066	246.718	1.28203
ALA_84	-4.87542	1.06701	2.10833	-0.0244	0.00029	0	2.46788	5.01891	0.02324	0.20236	-2.60062	-0.41478	0	0	0	0	0	0	-0.01613	0	0	0	0	0.08734	0	0	2.2619	0.95744	6.26336	151.718	1.28203
SER_85	-4.67702	0.69539	5.14743	-0.03735	0.05567	0.05623	3.82622	6.44609	0	0	-0.43847	-0.25447	0	0	0	0	-0.17061	0	-0.02778	0.65276	0.15044	0.50232	0	-0.45096	0	4.04	-0.539	1.37937	16.3563	151.724	10.2761
GLU_86	-2.27804	0.48568	1.98135	-0.27742	0.54514	0.40764	0.56	2.55226	0	0	-0.05749	-0.33045	0	0	0	0	0	0	-0.11562	9.07402	4.03416	0	5.03986	-0.33518	0	0	-1.6358	0.15762	19.8077	103.469	119.531
THR_87	-3.71284	0.87189	3.9581	-0.1305	0.08898	0.0626	2.04775	4.66453	0.06137	0.21633	0.0437	0.16139	0	0	0	0	-0.17061	0	-0.1087	2.02665	1.87319	0.15346	0	-1.00932	0	5.03836	-0.9333	-0.84359	14.3594	116.252	57.7479
ALA_88	-5.38858	2.1559	3.51835	-0.01816	0	0	3.39347	6.5876	0	0	-1.23382	-0.35271	0	0	0	0	0	0	0.01629	0	0	0	0	-0.77637	0	0	2.2619	0.01047	10.1743	149.926	3.07406
LEU_89	-8.55316	2.89118	2.03984	-0.51366	1.483	0.10005	3.20963	6.14034	0	0	-2.30692	0.25565	0	0	0	0	0	0	0.02479	12.1343	10.0761	2.05822	0	0.08531	0	0	1.3223	0.28398	30.731	208.461	1.53938
ILE_90	-8.62517	4.11528	3.45467	-0.47702	1.12002	0.1055	3.19026	6.89451	0.0189	0.06938	-2.37094	-0.06014	0	0	0	0	0	0	-0.11968	2.19862	1.85831	0.34031	0	-0.94136	0	0	1.8006	-0.06591	12.5061	207	0
ILE_91	-6.51049	1.26353	2.6757	-0.47199	1.20522	0.08574	2.76861	5.51493	0	0	-2.1794	0.25064	0	0	0	0	0	0	-0.09219	2.60117	1.80067	0.8005	0	-1.1245	0	0	1.8006	-0.40253	9.98623	193.071	13.9291
SER_92	-4.45439	0.6783	4.10105	-0.03501	0.00251	0.02377	3.37734	5.70905	0.08282	0.56454	-1.97741	-0.62252	0	0	0	0	0	0	-0.06592	0.67311	0.01096	0.66215	0	0.89008	0	4.04	-0.539	-0.23426	12.8872	148.899	13.1007
ASN_93	-8.0842	10.2352	7.21788	-0.2617	0.05941	0.42029	4.65245	9.34658	0.06365	0.49874	-2.84714	-0.0718	0	0	0	0	-0.02113	0	0.02475	5.61634	0.1917	0	5.42464	1.01728	0	0	-0.3009	0.41522	33.5972	170.862	13.1378
ILE_94	-5.40129	1.46596	4.04621	-0.48799	1.70538	0.10273	2.90242	5.91499	0	0	-2.25905	0.06803	0	0	0	0	0	0	-0.10486	1.60468	1.18435	0.42033	0	-1.21756	0	0	1.8006	-0.17569	11.5693	131.279	75.7212
ASN_95	-7.84556	6.0018	7.45378	-0.28775	0.02969	0.46392	4.34746	9.99965	0.01157	0.26273	-3.63041	-0.2327	0	0	0	-0.46591	0	0	0.02721	5.31581	1.13954	0	4.17628	1.02964	0	0	-0.3009	-0.27192	27.2239	184	0
VAL_96	-5.25655	0.41493	3.99502	-0.27652	0.24992	0.0653	2.63447	6.39027	0	0	-2.71799	-0.45495	0	0	0	0	0	0	-0.04497	1.24475	0.94077	0.30398	0	-0.84139	0	0	2.7371	0.24881	9.63294	126.976	55.0241
ASP_97	-6.23846	1.07735	9.75832	-0.24086	0.10851	0.84891	5.68985	10.9117	0.05191	0.4086	-5.87132	-0.5082	0	0	0	-0.30093	-0.83659	0	-0.06413	2.159	0.00325	0	2.15575	-0.64454	0	0	-1.6204	0.16042	17.0081	168.322	16.6783
GLU_98	-1.82719	0.25334	2.33803	-0.21702	0.08779	0.30391	0.45074	2.71909	0	0	0.66096	-0.56123	0	0	0	0	0	0	-0.05547	4.46297	0.30346	0	4.15952	-0.51431	0	0	-1.6358	-0.09103	10.8378	72.9683	150.032
GLU_99	-2.26485	0.42526	3.28969	-0.48011	0.20262	0.97211	1.25447	3.6444	0	0	-0.06212	-0.5039	0	0	0	0	0	0	-0.07235	6.59646	1.50748	0	5.08898	-0.17197	0	0	-1.6358	-0.59938	17.191	83.2858	139.714
GLY_100	-2.30426	0.25839	2.94078	-6e-05	0	0	1.62709	3.94973	0	0	-1.5627	-0.37197	0	0	0	0	0	0	-0.30262	0	0	0	0	-2.48031	0	0	1.435	-1.37259	1.8165	118.685	45.3154
ASP_101	-3.19271	0.24682	5.2075	-0.107	0.03362	0.30099	2.44123	5.87052	0.05424	0.41545	-1.31713	-0.17536	0	0	0	-0.30093	0	0	0.06479	3.05381	0.0175	0	3.03631	0.22401	0	0	-1.6204	-1.14485	13.1084	109.86	75.14
LYS_102	-2.78611	0.51007	1.71173	-0.54167	0.85564	0.25902	0.63685	2.46477	0.02189	0.22595	-0.57364	0.25451	0	0	0	0	0	0	-0.05899	3.69993	0.23966	3.46027	0	0.28601	0	0	-0.8895	-0.42912	9.34728	98.3958	153.604
THR_103	-5.92876	0.57166	4.31895	-0.16941	0.20135	0.06046	3.40171	6.23435	0.01366	0.26178	-2.26564	-0.52159	0	0	0	0	0	0	0.01128	0.37393	0.02922	0.34471	0	-0.1069	0	5.03578	-0.9333	0.06801	11.0012	171.855	2.14518
ILE_104	-6.70191	4.55393	3.02309	-0.68923	1.75993	0.14546	2.81079	5.83969	0.0021	0.01491	-2.42188	0.20476	0	0	0	-0.80542	0	0	-0.07889	3.85112	1.07721	2.77392	0	-1.04958	0	0	1.8006	-0.14786	15.9627	178.044	28.9556
MET_105	-8.06375	3.69694	3.98142	-0.64608	6.86633	0.27441	3.65933	6.4029	0	0	-2.71255	-0.05858	0	0	0	0	0	0	0.10512	5.04906	2.49344	2.55562	0	-0.10874	0	0	1.4633	-0.29095	24.6672	250.188	11.8116
THR_106	-6.19908	1.26127	3.95771	-0.12743	0.07196	0.08819	3.81832	6.38807	0	0	-2.0166	-0.58194	0	0	0	0	0	0	0.06799	1.57465	1.20415	0.3705	0	-0.39054	0	5.04222	-0.9333	-0.26874	13.3274	171.227	2.77294
GLY_107	-3.7232	0.87841	3.2056	-0.00108	0	0	2.62056	4.70609	0.01033	0.03427	-2.31535	-0.35815	0	0	0	0	0	0	-0.01245	0	0	0	0	1.57684	0	0	1.435	1.99107	10.0479	154.965	9.03526
LEU_108	-8.66352	1.70276	3.65589	-0.58499	0.49822	0.14749	3.46054	7.14368	0	0	-3.68615	0.27332	0	0	0	0	0	0	-0.10211	0.97671	0.08862	0.88809	0	-0.52307	0	0	1.3223	2.2684	8.86618	206.669	3.33141
LEU_109	-8.23874	1.77088	3.01408	-0.49545	0.4557	0.11332	2.92627	6.39349	0.01033	0.03427	-1.81525	0.1001	0	0	0	0	0	0	0.06926	3.46274	2.60793	0.85481	0	-0.29216	0	0	1.3223	-0.3936	11.9003	206.414	3.5864
GLY_110	-3.815	0.52295	3.88515	-0.00113	0	0	2.83854	5.33951	0	0	-2.66472	-0.29344	0	0	0	0	0	0	-0.04934	0	0	0	0	-0.15461	0	0	1.435	0.40655	7.44947	155.29	8.70984
LYS_111	-4.55305	1.66145	5.72968	-0.61879	2.64168	0.44126	2.51519	6.14104	0.06994	0.23007	-2.7206	0.07302	0	0	0	-0.29104	0	0	-0.08679	3.04893	0.55952	2.48942	0	-0.16653	0	0	-0.8895	0.2847	16.5596	150.918	101.082
GLY_112	-1.83307	0.20951	1.70928	-0.00097	0	0	0.65819	2.37826	0.00014	0.00138	0.70069	-0.28697	0	0	0	0	0	0	-0.35947	0	0	0	0	-2.34614	0	0	1.435	1.41076	3.67659	137.386	26.6136
THR_113	-2.05012	0.10398	1.1272	-0.12997	0.14121	0.06772	0.72937	2.10175	0	0	0.05953	-0.11489	0	0	0	0	0	0	-0.00711	0.36947	0.14746	0.22201	0	-0.85033	0	5.04228	-0.9333	1.4209	7.44716	81.1061	92.8939
ASP_114	-1.404	0.06229	1.64527	-0.12605	0.1089	0.37654	0.51747	2.1588	0	0	0.20295	-0.23964	0	0	0	0	0	0	0.07604	17.4186	7.95845	0	9.46014	-1.32945	0	0	-1.6204	-0.69335	34.5725	34.1457	150.854
ILE_115	-4.30436	1.43347	0.71758	-0.66212	2.08798	0.12341	0.38105	2.79681	0.00564	0.01601	-0.34163	0.90267	0	0	0	0	0	0	-0.10788	7.13443	5.77996	1.35447	0	0.00188	0	0	1.8006	-0.50353	18.6164	151.131	55.8693
GLU_116	-3.76371	0.83164	4.21576	-0.35644	0.10472	0.56432	2.07665	4.83445	0.05003	0.37845	-1.17882	-0.98203	0	0	0	0	0	0	-0.13385	6.29285	1.28033	0	5.01252	0.42655	0	0	-1.6358	-0.29177	17.7258	129.836	93.164
ASP_117	-3.74433	0.85732	5.29658	-0.26969	0.01782	0.87464	2.62251	5.96219	0.00564	0.01601	0.06482	0.20378	0	0	0	0	0	0	-0.10202	4.28875	0.00262	0	4.28613	0.03688	0	0	-1.6204	0.318	19.1173	101.694	83.3056
GLN_118	-4.77567	0.46387	6.02179	-0.37663	0.04453	0.19374	2.37833	6.81116	0.09203	0.74728	-1.32229	-0.35896	0	0	0	0	-0.44267	0	0.00312	6.28208	0.96891	0	5.31318	-0.24094	0	0	-0.1077	0.56487	22.26	163.159	53.841
ASP_119	-6.50929	0.77051	7.78946	-0.10613	0.02564	0.32018	4.08356	9.2709	0.04423	0.2967	-0.75954	-0.25017	0	0	0	0	0	0	-0.0365	2.92987	0.00351	0	2.92636	0.06723	0	0	-1.6204	0.11101	19.3571	181.636	3.36383
LEU_120	-7.27673	0.74174	4.66331	-0.77284	0.71352	0.32483	3.18016	7.34742	0	0	-1.99466	0.12792	0	0	0	0	0	0	0.0152	30.1679	26.9423	3.22563	0	-0.48811	0	0	1.3223	-0.17868	68.0612	183.606	26.3939
GLU_121	-5.58747	0.76642	7.77336	-0.46881	0.27312	0.9838	3.35103	8.63941	0.0188	0.22257	-1.11798	-0.47996	0	0	0	0	0	0	0.15984	4.48743	0.2062	0	4.28123	-0.55326	0	0	-1.6358	-0.61695	20.703	155.148	67.8519
LYS_122	-7.62616	0.97578	9.34505	-0.64921	0.84714	0.64092	4.67501	10.389	0.02181	0.18319	-5.79248	0.34924	0	0	0	0	-0.31303	0	0.11368	4.84455	1.26903	3.57552	0	-0.07474	0	0	-0.8895	-0.7661	21.1187	222.145	29.8548
PHE_123	-11.3498	1.92879	5.22687	-0.94686	0.08494	0.36943	3.40233	9.40671	0	0	-1.59259	-0.03133	0	0	0	0	0	0	-0.0231	3.89232	1.01827	0	2.87405	-0.28931	0	0	1.9602	-0.08849	15.8425	237	0
LYS_124	-5.82621	0.39304	5.90159	-0.47392	0.91874	0.18396	2.86167	7.15124	0.00899	0.09852	-2.6214	0.07834	0	0	0	0	0	0	0.10309	4.48738	0.93137	3.55601	0	-0.04275	0	0	-0.8895	-0.1383	16.6819	168.691	83.3092
GLU_125	-5.89148	0.83154	8.24132	-0.21276	0.04516	0.37719	3.95072	9.33194	0.00981	0.12405	-2.623	-0.5782	0	0	0	0	0	0	0.0687	9.91952	4.92848	0	4.99104	-0.06745	0	0	-1.6358	-0.06522	31.7456	156.429	66.5707
VAL_126	-6.00269	0.311	4.67067	-0.30898	0.39409	0.07131	2.78087	7.14665	0.00376	0.04331	-1.50121	-0.16923	0	0	0	0	0	0	-0.10729	0.34726	0.05332	0.29395	0	-0.28073	0	0	2.7371	0.34376	10.8269	155.098	26.9016
THR_127	-7.77068	1.97306	6.29572	-0.19838	0.18504	0.06973	4.38966	8.96169	0	0	-1.79256	-0.84142	0	0	0	0	0	0	0.06611	0.11695	0.03848	0.07848	0	-0.02846	0	5.02814	-0.9333	0.80956	16.4478	173.488	0.512343
ARG_128	-5.99712	0.94778	7.51416	-1.11932	0.76215	0.83153	2.77639	8.67146	0.06632	0.49632	-2.6175	0.11295	0	0	0	0	0	0	-0.07625	4.6411	1.25967	3.38143	0	-0.15079	0	0	-0.1423	0.80643	22.1644	187.198	77.8017
GLU_129	-6.38927	1.11919	8.24423	-0.21316	0.08997	0.31536	2.94396	9.3143	0.07008	0.53963	-2.64527	-0.60675	0	0	0	-0.09641	0	0	0.01356	4.39444	0.28821	0	4.10623	-0.55257	0	0	-1.6358	-0.35397	18.946	192.329	30.6713
ASN_130	-4.6154	0.48309	3.99831	-0.21914	0.2109	0.38352	2.49751	5.46761	0.00054	0.0051	-0.56934	-0.71325	0	0	0	0	0	0	-0.15124	6.10041	0.85319	0	5.24722	-0.94336	0	0	-0.3009	-0.34687	17.3879	126.459	57.5407
GLY_131	-1.87546	0.36566	2.26678	-5e-05	0	0	1.2224	2.81853	0	0	-1.31915	-0.3865	0	0	0	0	0	0	-0.26491	0	0	0	0	-2.072	0	0	1.435	-0.64859	1.54171	96.6851	67.3149
ILE_132	-8.40665	2.7195	2.65421	-0.49024	0.99159	0.10828	1.98253	6.55069	0	0	-0.69766	0.15006	0.61137	0	0	0	0	0	-0.04877	0.65322	0.0778	0.57541	0	-1.02442	0	0	1.8006	1.09346	9.301	203.959	3.04075
PRO_133	-4.72066	2.18172	3.7974	-0.17457	0.00319	0.12043	2.00093	4.25683	0	0	-1.27751	0.16172	0.64146	0	0	0	0	0	0.23045	1.54235	0.84344	0.69892	0	-1.56483	0	0	-4.6787	1.22554	5.28811	136.487	62.5129
GLU_134	-3.22697	0.67826	3.46908	-0.79007	0.48523	1.74239	1.55477	4.14255	0.06543	0.40488	-0.15381	-0.45284	0	0	0	0	0	0	-0.15526	5.58691	0.12657	0	5.46034	-0.47027	0	0	-1.6358	-0.73526	16.0961	113.079	109.921
GLU_135	-3.40111	1.96984	3.8305	-0.33252	0.11835	0.46953	1.16653	4.22933	0	0	0.76352	-0.45906	0	0	0	0	0	0	-0.15319	5.75255	0.38919	0	5.36336	-0.3495	0	0	-1.6358	-0.12736	17.5942	90.1916	132.808
ASN_136	-7.04076	3.53824	5.49368	-0.23659	0.76038	0.35459	3.55875	7.5955	0.0126	0.03839	-1.6701	-1.19877	0	0	0	0	0	0	-0.10281	8.39458	0.07439	0	8.32019	-1.08654	0	0	-0.3009	-0.43401	26.0708	175.24	8.76037
ILE_137	-5.98657	0.8149	2.18068	-0.47098	1.15887	0.0946	1.67383	4.7426	0.06544	0.40495	-0.81361	0.26575	0	0	0	0	0	0	-0.11798	1.58701	0.83105	0.75596	0	-1.06935	0	0	1.8006	-0.96943	6.9483	171.205	35.7948
VAL_138	-5.98998	7.7163	3.17754	-0.29131	0.90836	0.06086	2.73266	5.79927	0.0126	0.03839	-2.20138	-0.04721	0	0	0	0	0	0	-0.12572	0.90234	0.24251	0.65983	0	-1.12696	0	0	2.7371	-0.86591	14.3393	165.348	16.6523
ASN_139	-6.97458	15.8137	6.00746	-0.37682	3.28101	0.78425	2.54305	7.87006	0.08062	0.52078	-0.34712	-0.03524	0	0	0	0	0	0	-0.03646	7.90095	0.00037	0	7.90059	-0.95411	0	0	-0.3009	-0.61101	43.0666	155.359	28.6412
ILE_140	-10.2296	4.08001	5.29628	-0.71698	2.22654	0.16924	3.33683	8.84931	0	0	-2.06209	0.18776	0	0	0	0	0	0	-0.04084	1.92458	0.42189	1.50269	0	-0.22276	0	0	1.8006	-0.295	16.2285	207	0
ILE_141	-6.69777	16.3884	3.76848	-0.48148	1.57887	0.07325	2.90762	6.21483	0.05575	0.30175	-0.12808	0.52485	0	0	0	0	0	0	-0.10925	122.905	121.603	1.30154	0	-0.13623	0	0	1.8006	0.53375	272.405	168.001	38.9988
GLU_142	-3.91445	1.78521	4.49517	-0.21925	0.03426	0.29865	1.11507	4.96124	0.05942	0.37341	0.3938	-0.56621	0	0	0	0	0	0	-0.13469	5.14724	1.09314	0	4.05411	-0.47715	0	0	-1.6358	0.07549	16.9387	81.4222	141.578
ARG_143	-6.32258	0.82744	6.74597	-0.4665	0.27946	0.27289	3.17441	8.02625	0.1406	0.54445	-2.37771	0.10529	0	0	0	0	-0.60455	0	-0.10343	4.09366	1.44056	2.65311	0	-0.1098	0	0	-0.1423	-0.7181	17.4591	181.276	83.724
ASP_144	-5.10389	0.35883	6.60262	-0.25089	0.17691	0.83249	4.07441	7.68824	0.0644	0.4425	-4.09504	-1.09061	0	0	0	-0.51796	-1.41407	0	0.76021	2.80098	0.32314	0	2.47784	-1.38256	0	0	-1.6204	-0.38991	10.7372	151.571	33.429
ASP_145	-2.29212	0.32428	4.30559	-0.28071	0.10788	0.99635	2.28414	4.58629	0.00443	0.02057	-2.83509	-1.82558	0	0	0	0	-0.49655	0	-0.08453	3.03076	0.01303	0	3.01774	-0.5295	0	0	-1.6204	-0.06782	8.65875	71.7975	113.202
CYS:disulfide_146	-5.30273	1.95798	3.79219	-0.03103	0	0.01175	1.71618	4.59213	0.08208	0.28591	-0.93603	-0.13295	0.13409	0	0	-0.51796	0	-0.57236	0.09012	0.4539	0.13908	0.31482	0	-0.08022	0	0	4.3148	2.90062	13.2124	140.569	15.4306
PRO_147	-3.48423	1.52059	2.25858	-0.12417	0.00225	0.08636	1.41797	2.54357	0	0	-1.03093	0.27957	0.17757	0	0	-0.68221	0	0	-0.20059	1.23652	1.0281	0.20842	0	-1.5621	0	0	-4.6787	2.24879	1.24538	121.814	77.1863
ALA_148	-1.41621	0.20005	1.95328	-0.03596	0	0	0.52369	2.05378	0	0	-0.64815	0.07451	0	0	0	0	0	0	0	0	0	0	0	0	0	0	2.2619	-0.58238	4.38451	14.2884	138.712
GLU_149	-0.72505	0.23778	1.76747	-0.48412	0.01553	0.78539	0.81069	1.67102	0.03968	0.41912	0.97325	0.47554	0	0	0	0	0	0	58.9757	19.2153	12.2655	0	6.94987	0	0	0	-1.6358	0	101.757	11.4745	211.525
SER_150	-3.13526	0.98644	3.36014	-0.03516	0.00325	0.02366	2.01597	3.82148	0.05827	0.51493	0.47528	-0.10102	0	0	0	0	0	0	-0.02019	3.1261	2.11919	1.00691	0	1.51679	0	4.04	-0.539	3.76193	22.9997	121.507	40.4928
GLY_151	-2.54497	0.21394	3.47312	-0.0014	0	0	2.24992	4.32823	0	0	-1.73693	-0.35697	0	0	0	0	0	0	-0.05856	0	0	0	0	-2.5265	0	0	1.435	4.51043	8.98531	135.236	28.764
LYS_152	-4.04049	1.13983	3.89019	-0.43258	0.27683	0.23339	1.836	4.65503	0	0	-1.82186	0.1679	0	0	0	-0.00043	0	0	-0.05693	3.3786	1.07829	2.30031	0	0.07294	0	0	-0.8895	0.52216	12.3097	108.502	143.498
TRP_153	-12.745	1.8885	6.88914	-0.78967	0.02592	0.27696	3.49266	11.4577	0.01858	0.09582	-1.15289	-0.22041	0	0	0	0	0	0	0.0453	2.99318	0.25303	0	2.74016	-0.02998	0	0	3.7077	0.29156	19.2383	259.971	10.0287
ILE_154	-7.04417	2.62382	4.63243	-0.6137	1.61849	0.11248	3.15999	7.29969	0	0	-2.35141	0.50736	0	0	0	0	0	0	0.00098	2.51283	0.59755	1.91528	0	-0.23045	0	0	1.8006	0.49855	17.0403	183.91	23.0902
THR_155	-6.84897	2.25234	3.78572	-0.16981	0.16629	0.06151	2.80943	6.28426	0.0796	0.33519	-0.33628	-0.57339	0	0	0	0	0	0	-0.00318	1.48044	1.39885	0.0816	0	0.02929	0	5.04115	-0.9333	-0.03401	14.9067	172.766	1.23394
SER_156	-6.52294	12.1103	5.09692	-0.0299	0.02185	0.03613	3.68614	6.97935	0.04658	0.29601	-3.09584	-0.01248	0	0	0	0	0	0	0.07389	2.55159	0.51143	2.04015	0	0.48225	0	4.04	-0.539	2.215	29.9874	160.463	1.53703
TYR_157	-9.21562	12.7503	3.207	-0.54907	0.32584	0.27619	3.02738	6.89352	0.02285	0.13225	-1.95251	-0.28206	0	0	0	0	0	0	0.03065	3.42087	0.18804	0	3.23283	-0.46855	0	0	1.7379	1.94302	24.7208	197.856	50.1435
ILE_158	-8.06217	2.50669	3.42431	-0.46553	1.44471	0.08637	3.75133	6.87348	0	0	-2.3067	0.15325	0	0	0	0	0	0	-0.06253	2.05346	1.3337	0.71976	0	-0.23839	0	0	1.8006	0.07238	13.0847	201.619	5.38078
GLY_159	-4.79545	1.44301	3.25955	-0.00111	0	0	3.08393	5.46165	0	0	-2.29908	-0.34774	0	0	0	0	0	0	-0.09728	0	0	0	0	1.48068	0	0	1.435	2.35312	10.9763	164	0
SER_160	-6.93031	2.75285	5.35139	-0.03483	0.02679	0.04829	3.15838	7.43481	0.00579	0.0598	-0.20129	0.09753	0	0	0	0	0	0	-0.0278	0.91321	0.03567	0.87754	0	-0.35189	0	4.04	-0.539	2.06868	18.7856	162	0
SER_161	-4.22444	1.99924	3.85909	-0.03828	0.00869	0.04252	2.4537	4.85769	0.04881	0.49317	-0.96837	-0.37853	0	0	0	-0.78257	0	0	-0.01207	0.64728	0.39749	0.24978	0	-0.188	0	4.04	-0.539	-0.43773	11.5284	124.511	37.4886
ASP_162	-5.22092	1.64775	7.20039	-0.2469	0.23773	0.85913	4.34513	7.92907	0.03176	0.11027	-1.57013	-1.06824	0	0	0	-0.42653	0	0	0.00036	2.79934	0.11454	0	2.68479	-0.83984	0	0	-1.6204	-0.48592	16.4814	134.985	50.0151
LEU_163	-4.71384	0.93158	2.95751	-0.73388	3.4502	0.29727	1.381	5.01391	0	0	-0.45178	0.15618	0	0	0	0	0	0	-0.25995	6.35879	4.15457	2.20422	0	-0.00157	0	0	1.3223	0.82158	22.8881	124.934	85.0657
GLU_164	-2.9066	1.12804	4.03548	-0.20584	0.0272	0.2497	2.30407	4.77061	0	0	-1.65242	-0.49112	0	0	0	-0.42653	0	0	-0.08436	7.39881	1.68816	0	5.71065	-0.51731	0	0	-1.6358	0.31983	19.7126	75.1727	147.827
LYS_165	-6.29773	0.67279	6.30239	-0.51361	0.30403	0.32722	3.52442	7.11764	0.00284	0.04429	-3.51346	0.13685	0	0	0	0	-0.53409	0	-0.16818	3.48956	0.43765	3.05191	0	-0.04041	0	0	-0.8895	-0.8246	12.63	217.874	34.1262
ILE_166	-7.94986	1.65063	2.49655	-0.58369	1.31297	0.17948	1.07569	5.99294	0.03176	0.11027	-0.64211	-0.00247	0	0	0	0	0	0	-0.10015	1.45801	0.63851	0.8195	0	0.20335	0	0	1.8006	-0.07978	8.41219	204.759	2.24099
GLY_167	-2.98357	0.55904	3.76716	-0.00026	0	0	2.15438	5.14867	0.03939	0.2027	-1.77546	-0.17427	0	0	0	0	0	0	-0.15308	0	0	0	0	-0.03276	0	0	1.435	0.47867	8.6656	140.432	23.5678
GLU_168	-4.0649	2.24501	5.27554	-0.33904	0.05017	0.50521	2.37618	5.84464	0.03433	0.14435	-0.60614	-0.3746	0	0	0	0	-0.28868	0	-0.15419	8.55875	3.51395	0	5.0448	-0.06335	0	0	-1.6358	-0.17821	25.888	121.957	101.043
ASN_169	-5.28225	4.10077	4.85404	-0.1867	0.06069	0.31021	2.24094	6.44743	0.01784	0.19989	-1.13324	-0.90557	0	0	0	-0.94096	0	0	-0.09695	2.23337	0.00919	0	2.22418	-0.68401	0	0	-0.3009	0.06698	13.235	127.158	56.8417
ALA_170	-4.30393	1.81345	3.67828	-0.02166	0	0	2.48242	6.37732	0.03939	0.2027	-0.78316	-0.21304	0.41265	0	0	0	0	0	0.13889	0	0	0	0	0.21924	0	0	2.2619	3.30465	15.6091	139.629	13.371
PRO_171	-4.04144	1.198	1.89407	-0.09023	0.00432	0.05528	1.52837	2.8866	0	0	-0.41056	0.75291	0.4441	0	0	-0.67052	0	0	-0.18646	2.88051	2.26149	0.61902	0	0.67929	0	0	-4.6787	2.80157	7.92762	147.596	51.4041
PHE_172	-8.70285	3.1737	2.18434	-0.64759	0.14256	0.33217	2.00527	5.67129	0	0	-1.52269	-0.09367	0	0	0	0	0	0	0.44279	3.12942	0.62146	0	2.50796	-0.34456	0	0	1.9602	-0.03151	10.8283	221.933	15.0674
GLN_173	-7.37003	1.03736	6.33941	-0.48525	1.05337	0.44697	2.62628	8.31906	0.15876	0.86513	0.405	-0.94679	0	0	0	0	0	0	0.04368	11.068	5.19365	0	5.87435	-0.05962	0	0	-0.1077	0.81786	35.2795	215.784	1.2163
VAL_174	-6.3935	1.79897	1.44041	-0.28177	0.54822	0.06602	1.94567	5.13772	0	0	-0.33203	-0.06577	0	0	0	0	0	0	0.00695	1.34387	1.12235	0.22152	0	-0.92837	0	0	2.7371	0.28263	8.65	168.679	13.3209
PHE_175	-10.825	1.75975	5.3879	-0.63124	0.09957	0.39096	2.85061	8.83794	0.02186	0.06663	-2.44344	0.0243	0	0	0	0	0	0	0.1023	3.9756	1.19027	0	2.78533	-0.5978	0	0	1.9602	0.41561	15.3714	237	0
MET_176	-9.95964	2.43409	5.73443	-0.59041	0.74757	0.14711	2.9406	7.5947	0.07795	0.29883	-1.74867	0.36114	0	0	0	-0.35313	0	0	-0.04469	4.90318	2.1021	2.80108	0	0.53171	0	0	1.4633	1.01986	20.4611	250.979	11.0213
ARG_177	-9.90714	1.03293	10.3214	-1.00301	1.22808	0.74578	6.17093	12.1702	0.04926	0.20021	-6.02749	0.0763	0	0	0	-1.2341	-1.39165	0	0.54776	4.10299	1.16191	2.94108	0	-0.31556	0	0	-0.1423	1.6638	22.3914	236.947	28.0534
SER_178	-4.86907	0.92376	4.96351	-0.04497	0.00805	0.06979	3.15597	6.10906	0.00117	0.01035	-1.34671	-0.62729	0	0	0	0	0	0	0.0822	0.29694	0.03583	0.2611	0	-0.75087	0	4.04	-0.539	1.96248	13.7423	127.254	34.7456
ILE_179	-7.37787	5.24719	1.91086	-0.47791	1.60497	0.09363	2.70733	5.02475	0	0	-2.84512	0.0726	0	0	0	0	0	0	-0.08719	1.42629	0.89498	0.53131	0	-0.30879	0	0	1.8006	0.79712	11.0147	204.484	2.51597
GLU_180	-6.07424	2.93736	7.26279	-0.32909	0.18748	0.42508	4.39922	8.32383	0.0775	0.3324	0.60187	-0.42578	0	0	0	0	0	0	-0.0649	6.75715	2.04342	0	4.71373	0.38629	0	0	-1.6358	0.76969	30.688	169.141	53.8588
PHE_181	-5.71459	0.44091	1.91418	-0.61146	0.06354	0.33996	1.50506	4.25391	0	0	-0.09708	0.08799	0	0	0	0	0	0	0.00095	3.39428	0.33782	0	3.05646	-0.30546	0	0	1.9602	0.29005	10.9167	202.641	34.3587
ASP_182	-5.92997	0.6799	8.7473	-0.25349	0.17516	0.90212	4.90022	9.52846	0.0198	0.15321	-4.29477	-0.72339	0	0	0	-0.15217	0	0	0.22508	2.73813	0.16657	0	2.57156	-0.96044	0	0	-1.6204	0.50911	17.382	167.451	17.5494
ASP_183	-2.58725	0.27942	4.46449	-0.11431	0.01341	0.34758	1.72075	5.13525	0.0035	0.02313	-1.03218	-0.40854	0	0	0	0	0	0	-0.08994	4.37915	0.88081	0	3.49833	-0.03174	0	0	-1.6204	0.52581	15.3873	94.186	90.814
LYS_184	-2.57019	0.44737	3.57631	-0.55516	0.17667	0.26557	1.42514	3.82331	0	0	-0.53789	-0.04802	0	0	0	0	0	0	-0.06252	4.61902	0.33965	4.27938	0	-0.02311	0	0	-0.8895	-0.29254	13.9735	63.8614	188.139
GLU_185	-4.5569	1.00115	5.9723	-0.4848	0.17085	0.99968	1.96099	6.15879	9e-05	0.00121	-1.78478	-0.31485	0	0	0	-0.15217	0	0	-0.1049	4.15312	0.30721	0	3.8459	0.07556	0	0	-1.6358	-0.54242	15.0702	142.009	80.9906
SER_186	-3.83319	0.84943	4.73035	-0.03736	0.06717	0.03048	2.85175	5.59206	0.07104	0.48219	-1.98953	-0.18571	0	0	0	0	0	0	-0.18014	0.81153	0.68818	0.12335	0	0.24626	0	4.04	-0.539	0.79065	14.6095	115.535	46.4654
LYS_187	-6.84157	0.68369	6.18538	-0.40803	0.34708	0.35411	3.52663	7.49753	9e-05	0.00121	-3.1839	0.18214	0	0	0	0	0	0	0.01787	4.08399	1.1931	2.89089	0	0.24701	0	0	-0.8895	1.2869	17.1746	182.641	69.3593
VAL_188	-7.95037	1.60538	1.63492	-0.37729	1.05977	0.08938	2.85317	6.12225	0.00423	0.01634	-2.0557	-0.22845	0	0	0	0	0	0	0.06459	1.07205	0.02354	1.04851	0	-0.9731	0	0	2.7371	0.01711	6.76342	182	0
TYR_189	-9.33399	3.99153	4.14604	-0.62884	0.07324	0.36358	3.92787	7.94317	0.00148	0.00646	-2.98096	-0.18363	0	0	0	0	0	0	-0.13473	3.16913	0.11931	0	3.04982	-0.01621	0	0	1.7379	-0.27979	14.9714	222.531	25.4688
LEU_190	-7.05114	5.70632	2.036	-0.64437	2.91413	0.14821	2.64445	5.26443	0.04259	0.40201	-2.09325	0.13319	0	0	0	0	0	0	-0.08784	4.45246	1.10299	3.34947	0	-0.17592	0	0	1.3223	-0.19391	19.2721	195.696	14.3042
ASN_191	-5.87479	0.94295	6.67285	-0.29492	0.06114	0.49392	4.64578	7.94055	0.04007	0.39208	-4.21264	-0.11358	0	0	0	0	-1.02456	0	-0.15587	5.50028	0.37788	0	5.1224	0.20329	0	0	-0.3009	-0.01364	20.4023	163.283	20.7172
PHE_192	-10.4154	3.09072	3.03735	-0.99013	0.30351	0.5906	2.63272	6.91237	0	0	-2.53201	-0.12987	0	0	0	0	0	0	-0.01127	2.01709	0.0119	0	2.00519	-0.80488	0	0	1.9602	0.75264	8.43077	231.707	5.2932
PHE_193	-10.9847	2.13026	4.28968	-0.52909	0.03747	0.21315	2.9944	7.47637	0	0	-3.10336	0.14283	0	0	0	0	0	0	0.02754	3.29585	0.75836	0	2.53748	-0.5703	0	0	1.9602	0.36887	11.045	229.453	7.5468
SER_194	-4.81812	0.45274	5.07003	-0.02956	0.00098	0.0303	3.09654	6.1647	0	0	-1.8619	-0.26692	0	0	0	0	0	0	0.14453	3.31742	0.06413	3.25329	0	-0.89847	0	4.04	-0.539	-0.58685	16.6339	159.247	2.75333
LYS_195	-7.99841	5.48216	8.16122	-0.32174	0.09085	0.16357	3.31509	8.79913	0.15402	0.88404	-4.69188	-0.15228	0	0	0	0	0	0	-0.00811	3.08316	0.19398	2.88918	0	0.02205	0	0	-0.8895	-0.53409	18.6424	235.138	16.8618
GLU_196	-6.27558	1.87325	9.26429	-0.19267	0.02713	0.21956	3.83254	9.67609	0.08202	0.6814	-2.88407	-0.65563	0	0	0	0	-0.31303	0	0.06523	8.66293	3.76045	0	4.90249	-0.10289	0	0	-1.6358	-0.04428	30.9434	188.647	34.3527
ASN_197	-2.54108	0.42088	2.80387	-0.19354	0.05079	0.32053	1.187	3.46674	0	0	-0.27432	-0.99448	0	0	0	0	-0.44267	0	0.09298	2.71469	0.00919	0	2.7055	-1.68617	0	0	-0.3009	0.86132	8.20033	62.6226	121.377
GLY_198	-2.06367	0.57026	2.42713	-5e-05	0	0	0.69995	3.04981	0.02438	0.1617	-0.61458	-0.3688	0	0	0	-0.94096	0	0	-0.17124	0	0	0	0	-2.31386	0	0	1.435	0.72505	2.62013	112.739	51.2609
ILE_199	-4.40765	1.02153	4.85749	-0.46998	2.92689	0.08454	3.18494	6.068	0	0	-2.23254	0.40248	0	0	0	0	0	0	-0.11428	1.17154	0.15543	1.01611	0	-0.44251	0	0	1.8006	0.14417	15.1668	132.694	74.3062
CYS:disulfide_200	-5.17223	2.09875	2.20819	-0.04143	0	0.01537	0.62815	3.22535	0.02324	0.20236	-0.51836	-0.21403	0	0	0	0	0	-0.50944	-0.02215	0.43798	0.01129	0.42669	0	0.28818	0	0	4.3148	-0.60108	6.80163	135.605	20.3947
GLU_201	-7.63673	1.75052	8.4114	-0.23582	0.21764	0.41685	4.05892	9.37708	0.00024	0.00083	-2.77131	-0.52615	0	0	0	0	0	0	-0.0081	7.06386	2.3396	0	4.72426	0.26962	0	0	-1.6358	-0.66468	25.1522	221.784	1.2163
GLU_202	-6.58406	1.55822	5.40015	-0.267	0.09973	0.30002	3.53036	7.24224	0	0	-3.13939	-0.16562	0	0	0	0	-1.02456	0	-0.01773	4.3026	0.24404	0	4.05855	0.20532	0	0	-1.6358	-0.17795	13.9291	193.773	29.2269
PHE_203	-8.76249	1.72548	3.57326	-0.55589	0.09238	0.27075	3.43545	6.75079	0	0	-3.45458	0.0407	0	0	0	0	0	0	-0.01494	2.68452	0.24973	0	2.4348	-0.43572	0	0	1.9602	-0.66656	9.32787	228.237	8.7633
SER_204	-3.75752	0.57779	3.67854	-0.03782	0.00556	0.0261	2.23255	4.83767	0.00596	0.03793	-1.39604	-0.46243	0	0	0	0	0	0	-0.09936	3.29304	1.4826	1.81044	0	0.06724	0	4.04	-0.539	0.40868	16.2119	151.275	10.725
LEU_205	-6.06416	1.13185	2.29615	-0.46423	0.22181	0.08931	2.58473	4.66268	0	0	-1.81123	0.2174	0	0	0	0	0	0	-0.00591	2.22243	1.58441	0.63801	0	-0.17518	0	0	1.3223	1.25956	9.70994	188.442	21.5579
ILE_206	-4.38613	1.05555	0.54689	-0.48229	1.57486	0.10112	0.62119	2.72492	0.00262	0.01733	-0.46073	-0.06579	0	0	0	0	0	0	-0.13976	0.85493	0.47172	0.38321	0	-0.55454	0	0	1.8006	0.7525	4.81821	159.904	47.0959
GLY_207	-4.26374	0.89526	3.13249	-0.00085	0	0	2.95691	5.1226	0	0	-2.461	-0.27965	0	0	0	0	0	0	0.01334	0	0	0	0	0.93745	0	0	1.435	1.44998	8.93781	163.488	0.512343
THR_208	-4.65887	0.24147	4.814	-0.14426	0.11798	0.10462	3.30105	6.24334	0.04433	0.37409	-1.98089	-0.88774	0	0	0	0	0	0	-0.08128	2.09949	0.00942	2.09008	0	-0.35932	0	5.04569	-0.9333	1.06164	16.5015	131.406	42.594
LYS_209	-6.56401	1.08571	5.94751	-0.31057	0.05399	0.12657	2.89489	6.77056	0.06908	0.47031	-1.78187	0.13299	0	0	0	0	0	0	-0.07693	4.93389	2.57279	2.3611	0	-0.01299	0	0	-0.8895	-0.41931	17.3642	198.976	53.0241
GLN_210	-4.55825	1.25315	5.56807	-0.52651	0.11704	0.65135	2.56479	6.46492	0	0	-0.4734	0.13983	0	0	0	0	0	0	-0.08149	14.6809	9.23012	0	5.45077	0.5419	0	0	-0.1077	1.13144	42.0469	151.06	65.94
GLU_211	-1.45024	0.23111	2.09139	-0.45969	0.63653	0.90135	0.36374	2.35801	0.08265	0.40682	-0.5273	-0.66891	0	0	0	0	0	0	0.18572	16.7518	10.9752	0	5.77658	-0.03573	0	0	-1.6358	1.33702	37.3203	66.4049	156.595
GLY_212	-1.42143	0.111	1.91451	-0.00077	0	0	0.96942	2.34629	0.06503	0.28297	0.52138	-0.35605	0	0	0	-0.01376	0	0	0.48382	0	0	0	0	-2.49356	0	0	1.435	1.09672	4.94057	100.047	63.9528
ASN_213	-2.7363	0.85346	2.93688	-0.27435	0.29521	0.45672	1.2738	3.70055	0.03781	0.20284	0.15671	-0.54354	0	0	0	-0.01376	0	0	-0.03472	12.7076	6.20244	0	6.50521	-1.19379	0	0	-0.3009	1.82007	32.052	87.4499	96.5501
THR_214	-5.52269	3.78505	3.94475	-0.16282	0.41768	0.05187	2.79762	6.33782	0.01762	0.12385	-2.3609	-0.31128	0	0	0	0	0	0	0.07475	2.67647	0.51686	2.15961	0	-0.28152	0	5.0418	-0.9333	0.38113	18.7544	147.875	26.1249
TYR_215	-10.0881	4.22534	3.8175	-0.54818	0.07236	0.27576	3.37445	7.65275	0.00242	0.01459	-2.16586	-0.20316	0	0	0	0	0	0	0.00673	2.43495	0.05421	0	2.38073	-0.43912	0	0	1.7379	-0.53767	12.0676	239.399	8.60118
ASP_216	-4.30134	1.61681	5.7905	-0.20815	0.0104	0.64004	3.42247	6.80913	0.04694	0.39142	-2.67279	-0.62941	0	0	0	0	0	0	-0.1057	4.7969	0.44437	0	4.35254	1.3679	0	0	-1.6204	-0.14017	20.0115	159.069	25.9311
VAL_217	-5.78862	0.54211	3.08256	-0.37542	1.37775	0.08934	2.43503	5.87043	0.00094	0.00348	-1.37114	-0.45012	0	0	0	0	0	0	0.03319	0.97035	0.38012	0.59023	0	0.38501	0	0	2.7371	1.2971	11.8094	170.469	11.5313
ASN_218	-4.03531	0.83515	2.97483	-0.17414	0.02372	0.24859	1.55944	4.2613	0.00022	0.00189	-0.6003	-0.43825	0	0	0	0	0	0	-0.09864	2.64927	0.02327	0	2.626	0.39718	0	0	-0.3009	0.99056	10.9439	131.283	52.7165
TYR_219	-8.12679	1.92126	3.57638	-0.83947	0.08717	0.21714	2.92167	7.2185	0.00122	0.00555	-2.07265	-0.46243	0	0	0	-0.67052	0	0	-0.01638	2.44523	0.23016	0	2.21507	-0.35886	0	0	1.7379	2.50036	12.5305	230.473	17.5269
ALA_220	-3.03872	0.46913	1.90401	-0.02781	0.01733	0	1.27323	3.48499	0	0	-0.79311	-0.64694	0	0	0	-0.58532	0	0	-0.11616	0	0	0	0	0.36394	0	0	2.2619	3.31132	7.8778	124.908	28.0924
GLY_221	-3.81088	0.90013	4.28999	-0.00089	0	0	2.1107	5.76337	0	0	-1.26	-0.30422	0	0	0	-0.09641	0	0	0.18513	0	0	0	0	-2.5283	0	0	1.435	1.90354	8.58716	163.325	0.675055
ASN_222	-3.96045	0.56874	4.67095	-0.185	0.00446	0.29463	2.82489	5.98048	0	0	-2.10165	-0.4854	0	0	0	0	0	0	-0.01221	3.02427	0.3826	0	2.64168	0.79654	0	0	-0.3009	1.23808	15.3817	126.49	57.5095
ASN_223	-7.74737	8.14743	7.50708	-0.18885	0.00052	0.29796	5.43651	9.97214	0.00095	0.00351	-1.78272	-0.47048	0	0	0	0	0	0	-0.01202	5.60139	1.37275	0	4.22865	1.07064	0	0	-0.3009	0.31581	33.453	179.382	4.61814
LYS_224	-4.01676	0.57907	4.0589	-0.38521	0.1365	0.27208	2.9697	5.11504	0	0	-2.47826	-0.00173	0	0	0	0	0	0	-0.05128	3.72173	0.50958	3.21215	0	0.42659	0	0	-0.8895	0.86297	14.0416	141.244	110.756
PHE_225	-8.36641	1.84701	2.87554	-0.95846	0.25342	0.51527	3.14439	6.51726	0	0	-2.79096	-0.07021	0	0	0	0	0	0	-0.01472	3.2401	0.42693	0	2.81318	-0.4807	0	0	1.9602	0.73909	11.6509	222.186	14.8136
VAL_226	-5.31345	1.94438	3.53978	-0.23885	0.25354	0.04546	2.6539	6.04395	0	0	-2.15163	-0.19494	0	0	0	0	0	0	-0.04801	1.54086	0.36769	1.17317	0	-0.54863	0	0	2.7371	-0.08831	11.716	129.984	52.0158
VAL_227	-4.6223	1.90454	0.76985	-0.2959	0.28832	0.07318	0.54823	3.48992	0.03781	0.20284	0.14998	-0.44476	0	0	0	0	0	0	0.30644	0.37078	0.20186	0.16891	0	0.20597	0	0	2.7371	0.65434	6.74713	148.607	33.3931
SER_228	-3.32426	0.16352	3.30645	-0.03435	0.00747	0.02147	1.70203	4.11332	0	0	-0.17648	-0.70897	0	0	0	0	0	0	-0.15737	1.84689	0.95624	0.89065	0	0.3548	0	4.04	-0.539	1.05102	13.5134	112.091	49.909
TYR_229	-6.26175	1.58245	4.29709	-0.7199	0.05283	0.07326	2.56631	6.33827	0.04712	0.4822	-1.9194	-0.49185	0	0	0	0	0	0	0.02352	2.78131	0.11535	0	2.66596	-0.30533	0	0	1.7379	0.71155	13.7769	170.854	77.1464
ALA_230	-2.74502	1.13345	0.64143	-0.0245	0.0006	0	0.54819	2.37383	0	0	-0.43232	-0.43184	0	0	0	0	0	0	-0.07667	0	0	0	0	-0.01903	0	0	2.2619	1.1842	4.41423	96.2619	56.7381
SER_231	-3.50488	0.29996	4.22789	-0.03274	0.04724	0.0498	3.03012	5.2734	0	0	-0.57026	-0.14854	0	0	0	0	0	0	-0.06987	0.7329	0.36066	0.37224	0	-0.83117	0	4.04	-0.539	1.92587	14.6636	120.863	41.1368
GLU_232	-1.52039	0.11901	1.37522	-0.21117	0.0426	0.29677	0.27273	1.8058	0	0	0.27905	-0.58334	0	0	0	0	0	0	-0.05994	4.03394	0.17819	0	3.85574	-0.30181	0	0	-1.6358	0.71359	8.6602	59.1689	163.831
THR_233	-3.19504	0.27808	3.64215	-0.12811	0.10454	0.06834	1.74526	4.41399	0.09203	0.39173	0.79038	-0.03412	0	0	0	0	0	0	-0.08372	0.20079	0.01483	0.18596	0	-1.04399	0	5.03403	-0.9333	-0.86681	10.677	105.711	68.2893
ALA_234	-5.00989	0.6289	3.36456	-0.01936	0	0	2.91482	6.0983	0	0	-0.84983	-0.34991	0	0	0	0	0	0	0.01114	0	0	0	0	-0.85781	0	0	2.2619	-0.47144	7.72139	151.463	1.53703
LEU_235	-7.94241	1.3803	2.23428	-0.45722	0.95864	0.09053	3.01254	5.88895	0.00968	0.03265	-1.91112	0.09067	0	0	0	0	0	0	-0.0286	23.5462	22.5366	1.00961	0	-0.26949	0	0	1.3223	0.39659	51.9007	201.543	8.45719
ILE_236	-8.55232	2.89807	3.69239	-0.48238	1.51835	0.09863	3.3488	7.06875	0.02245	0.09024	-2.81866	0.05772	0	0	0	0	0	0	-0.09472	1.40985	0.96429	0.44557	0	-1.2452	0	0	1.8006	0.0442	10.2666	207	0
ILE_237	-6.37344	1.80048	2.80037	-0.47234	0.85887	0.09449	2.8889	5.62375	0.00968	0.03265	-2.23868	0.15	0	0	0	0	0	0	-0.10106	1.02718	0.29248	0.7347	0	-1.10743	0	0	1.8006	-0.84121	6.98001	184.354	22.646
SER_238	-4.39226	0.7231	4.35847	-0.03565	0.00187	0.02375	3.3518	5.69893	0.04859	0.46194	-1.6994	-0.59354	0	0	0	0	0	0	-0.11562	0.90132	0.20571	0.6956	0	0.86969	0	4.04	-0.539	-0.124	13.8813	149.384	12.6161
ASN_239	-7.07734	2.97294	6.21104	-0.24262	0.00642	0.45478	4.01149	8.40108	0.03268	0.46682	-2.36762	-0.45815	0	0	0	0	0	0	-0.01427	4.41375	0.30562	0	4.10813	1.04448	0	0	-0.3009	0.4537	22.422	164.094	19.9059
ILE_240	-4.89121	0.46765	3.91431	-0.49691	1.66127	0.10788	2.64036	5.53555	0.00456	0.01752	-2.03971	-0.00409	0	0	0	0	0	0	0.00198	1.14209	0.74882	0.39327	0	-1.13121	0	0	1.8006	-0.12044	9.75229	135.761	71.2392
ASN_241	-7.93113	5.70953	7.38955	-0.32951	0.11263	0.54581	4.43486	10.0989	0.00835	0.13802	-3.22666	-0.24423	0	0	0	-0.58532	0	0	-0.06717	5.16553	1.32335	0	3.84219	1.06968	0	0	-0.3009	-0.24332	26.9101	183.392	0.60815
VAL_242	-5.26662	0.78951	3.7839	-0.28518	0.3159	0.06904	2.38974	6.2703	0.00456	0.01752	-2.47953	-0.49108	0	0	0	0	0	0	0.03415	0.61953	0.3174	0.30213	0	-0.77391	0	0	2.7371	0.24747	8.60195	144.241	37.7589
ASP_243	-6.31566	1.4062	10.8431	-0.24577	0.16792	0.90043	5.93395	11.7527	0	0	-3.81349	-0.37984	0	0	0	-0.38596	-0.53409	0	-0.06875	2.27736	0.00053	0	2.27683	-0.74456	0	0	-1.6204	0.59472	22.0452	161.964	23.0359
GLU_244	-3.3083	0.73333	4.80933	-0.33511	0.06844	0.37856	0.82896	4.91191	0	0	-0.25599	-0.56481	0	0	0	0	0	0	-0.15707	9.35897	4.44599	0	4.91298	-0.37235	0	0	-1.6358	0.69811	24.5171	115.329	107.671
GLU_245	-3.71284	0.543	6.13695	-0.4808	1.16492	1.51395	1.92035	6.28895	0	0	0.13935	-2.65048	0	0	0	0	0	0	-0.13702	5.51314	0.10057	0	5.41257	-0.16841	0	0	-1.6358	0.01876	19.9672	99.2146	123.785
GLY_246	-2.32376	0.34606	2.95092	-6e-05	0	0	1.46368	3.96201	0	0	-1.42274	-0.42113	0	0	0	0	0	0	-0.31682	0	0	0	0	-2.4113	0	0	1.435	-1.15899	2.10287	121.257	42.7426
ASP_247	-4.16551	1.66872	6.78693	-0.10725	0.02077	0.30292	3.04993	7.44345	0.01705	0.05314	-1.12535	-0.27154	0	0	0	-0.38596	0	0	-0.03789	3.37367	0.00243	0	3.37124	0.1117	0	0	-1.6204	-1.10258	17.3855	101.523	83.4769
LYS_248	-2.74044	0.30262	1.60229	-0.54706	1.53321	0.26777	0.55302	2.35195	0.04881	0.49317	-0.41513	0.21741	0	0	0	0	0	0	-0.09458	4.00508	0.58284	3.42224	0	0.33984	0	0	-0.8895	-0.32683	10.7067	101.31	150.69
THR_249	-5.98676	0.85317	4.26301	-0.17604	0.24858	0.06382	3.15187	6.06724	0.01886	0.09603	-2.04462	-0.53638	0	0	0	0	0	0	-0.05093	0.32078	0.05013	0.27065	0	-0.15423	0	5.03945	-0.9333	0.02235	10.5837	171.766	2.23402
ILE_250	-6.0888	2.92282	3.55354	-0.53622	1.10841	0.14939	2.9342	5.59545	0.00295	0.01551	-3.00863	0.07615	0	0	0	-0.78257	0	0	-0.12345	25.6863	24.7763	0.90997	0	-0.61262	0	0	1.8006	0.07996	58.4592	164.206	42.7936
MET_251	-8.66058	3.46067	4.06088	-0.37539	0.24474	0.13824	3.3544	6.6548	0	0	-2.27837	-0.34679	0	0	0	0	0	0	0.02606	2.51539	0.42243	2.09296	0	-0.03844	0	0	1.4633	0.12592	12.8602	256.362	5.63813
THR_252	-6.83412	2.84327	4.18472	-0.1189	0.06136	0.08044	4.22219	6.94643	0	0	-2.12503	-0.66485	0	0	0	0	0	0	0.12517	1.08935	0.76352	0.32584	0	-0.39071	0	5.03636	-0.9333	-0.19838	14.4134	171.835	2.16479
GLY_253	-3.65375	0.77532	3.21612	-0.001	0	0	2.59877	4.64991	0.01139	0.03731	-2.11705	-0.34782	0	0	0	0	0	0	-0.07299	0	0	0	0	1.50996	0	0	1.435	1.9165	9.95766	159.389	4.61109
LEU_254	-8.6447	3.31372	3.89404	-0.6199	0.63104	0.16873	3.68833	7.27573	0.02373	0.16376	-3.43475	0.26811	0	0	0	0	0	0	-0.10155	1.19663	0.25921	0.93743	0	-0.46432	0	0	1.3223	2.31961	12.1972	206.926	3.07406
LEU_255	-8.23873	1.91651	3.1475	-0.49023	0.51155	0.10744	2.98805	6.44961	0.01139	0.03731	-1.85541	0.12158	0	0	0	0	0	0	0.10834	2.31632	1.5275	0.78882	0	-0.36027	0	0	1.3223	-0.29278	10.1168	203.148	6.85208
GLY_256	-3.60373	0.61725	3.63654	-0.00132	0	0	2.51812	4.95965	0	0	-2.15872	-0.31237	0	0	0	0	0	0	-0.04183	0	0	0	0	-0.71118	0	0	1.435	0.46053	6.79793	150.351	13.6487
LYS_257	-3.78436	0.42063	4.65544	-0.61953	2.5805	0.43514	1.838	5.01035	0.09203	0.39173	-1.97771	0.02755	0	0	0	-0.00043	0	0	-0.11651	2.99107	0.57115	2.41992	0	-0.08983	0	0	-0.8895	0.48317	14.4388	133.301	118.699
GLY_258	-1.37482	0.24806	1.48732	-0.00066	0	0	0.3077	1.92201	0	0	0.5979	-0.29778	0	0	0	0	0	0	-0.16393	0	0	0	0	-2.52012	0	0	1.435	2.0658	3.70648	135.04	28.9602
THR_259	-1.09291	0.05417	1.31305	-0.18893	0.41365	0.06719	0.31923	1.55959	0	0	0.19444	-1.06901	0	0	0	0	0	0	-0.1049	15.4871	14.1665	1.32057	0	-0.085	0	5.03686	-0.9333	2.20117	38.6594	49.8778	124.122
ASP_260	-1.23982	0.06442	1.62744	-0.12649	0.09876	0.39022	0.28061	1.89919	0	0	0.02382	-0.48432	0	0	0	0	0	0	0.24865	5.41705	0.06322	0	5.35383	-1.12295	0	0	-1.6204	0.17935	11.0526	44.4409	140.559
ILE_261	-3.68057	9.00762	0.7698	-0.51546	0.71763	0.12332	0.56106	2.43088	0	0	-0.16295	0.38226	0	0	0	0	0	0	-0.09933	9.08151	8.43484	0.64667	0	-0.42231	0	0	1.8006	0.10284	29.1784	139.657	67.3427
GLU_262	-3.92239	0.56899	4.88633	-0.21355	0.03674	0.27932	2.18781	5.56043	0.08696	0.50117	-1.28449	-0.43132	0	0	0	0	0	0	0.06895	4.76625	0.40663	0	4.35962	-0.01524	0	0	-1.6358	-0.63057	15.5758	127.194	95.8064
ASP_263	-2.64375	0.26643	3.37168	-0.11009	0.00675	0.33575	1.70948	4.09456	0	0	-0.76705	-0.48976	0	0	0	0	0	0	-0.09985	4.94801	2.17507	0	2.77295	0.17871	0	0	-1.6204	0.31636	14.4448	55.7914	129.209
GLN_264	-2.98357	0.28866	3.62748	-0.33408	0.54373	0.25538	1.3265	4.38716	0	0	-0.85745	-0.07076	0	0	0	0	0	0	-0.01401	8.99306	2.4405	0	6.55256	-0.43524	0	0	-0.1077	0.53541	24.1476	68.5146	148.485
ASP_265	-6.04056	0.68101	7.25241	-0.10949	0.0633	0.3396	3.34566	8.82668	0.13351	0.97718	-0.88541	-0.05686	0	0	0	0	0	0	0.04774	3.03706	0.58897	0	2.44808	0.13061	0	0	-1.6204	-0.01993	19.1392	178.406	6.59385
LEU_266	-7.08065	1.17391	4.80352	-0.83095	4.21658	0.374	2.84104	7.38654	0	0	-2.00367	0.07567	0	0	0	0	0	0	-0.01216	30.4917	27.6854	2.80634	0	-0.46257	0	0	1.3223	0.17374	72.9607	172.335	37.6655
GLU_267	-5.71927	1.01617	7.38618	-0.67001	0.19862	1.23152	3.59465	8.43116	0.01903	0.14015	-1.60291	-0.51513	0	0	0	0	0	0	0.07479	5.00285	0.37486	0	4.62798	-0.07358	0	0	-1.6358	0.23942	22.1207	120.589	102.411
LYS_268	-6.39136	0.56718	6.41464	-0.85963	4.03619	0.87661	3.42033	8.03571	0.12299	0.61192	-2.27929	0.2339	0	0	0	0	0	0	-0.00611	7.66463	3.55301	4.11162	0	-0.07364	0	0	-0.8895	0.04308	29.1923	176.485	75.5146
PHE_269	-11.7322	2.84212	5.7185	-0.95856	0.09316	0.3525	3.73774	10.0777	0	0	-1.84107	-0.06638	0	0	0	0	0	0	0.03213	3.67007	0.85455	0	2.81552	-0.54108	0	0	1.9602	0.12575	17.1406	237	0
LYS_270	-7.25313	1.09115	7.92076	-0.3107	0.05613	0.14212	4.04529	9.19135	0.01846	0.13396	-3.00721	-0.00667	0	0	0	0	0	0	-0.00247	2.92108	0.65906	2.26202	0	-0.08446	0	0	-0.8895	-0.01405	16.8732	165.377	86.6227
GLU_271	-5.91502	0.91742	7.73657	-0.20647	0.05926	0.28071	3.86499	8.64755	0.12299	0.61192	-1.98254	-0.57307	0	0	0	0	0	0	0.09491	4.24871	0.09477	0	4.15395	-0.24702	0	0	-1.6358	-0.48066	19.7931	137.474	85.5259
VAL_272	-6.7535	0.50913	4.81434	-0.31261	0.43225	0.07235	3.35095	7.65782	0	0	-1.51665	-0.27346	0	0	0	0	0	0	-0.08457	0.8695	0.01253	0.85697	0	-0.06809	0	0	2.7371	-0.20467	12.0994	167.142	14.858
THR_273	-8.0646	2.75177	6.55737	-0.19977	0.20686	0.07103	4.3377	9.32988	0	0	-2.04388	-0.84371	0	0	0	0	0	0	0.06762	0.20479	0.1192	0.08559	0	-0.02762	0	5.0321	-0.9333	0.58746	17.2385	174	0
ARG_274	-3.84734	0.48451	4.8202	-0.85299	0.42935	0.55752	2.49181	6.103	0	0	-2.06415	0.03998	0	0	0	0	0	0	-0.02551	6.15546	2.65882	3.49664	0	-0.10701	0	0	-0.1423	0.68455	20.8825	73.2899	191.71
GLU_275	-3.06911	0.444	3.71019	-0.6742	0.55407	1.27885	1.77674	4.5662	0	0	-0.81785	-0.62401	0	0	0	0	0	0	-0.09927	5.34296	0.35578	0	4.98718	-0.5694	0	0	-1.6358	-0.32221	15.2041	74.6011	148.399
ASN_276	-5.35057	0.58865	4.24424	-0.21316	0.19465	0.36904	2.92729	6.08843	0	0	-0.44264	-0.66472	0	0	0	0	0	0	-0.10489	5.68149	0.47787	0	5.20362	-0.35444	0	0	-0.3009	-0.73864	17.6053	142.658	41.3417
GLY_277	-1.99618	0.32304	2.38653	-5e-05	0	0	1.22443	2.99219	0	0	-1.47221	-0.38521	0	0	0	0	0	0	-0.36216	0	0	0	0	-2.34348	0	0	1.435	-1.3515	0.45038	106.41	57.5901
ILE_278	-8.83025	3.93226	2.64363	-0.49249	1.28976	0.10013	1.89717	6.78176	0	0	-0.59189	0.29549	0.09517	0	0	0	0	0	-0.15678	1.26918	0.55808	0.7111	0	-0.97584	0	0	1.8006	1.08461	11.4117	203.238	3.76235
PRO_279	-4.75064	3.37223	3.79315	-0.13132	0.00293	0.09107	2.26127	4.50123	0	0	-1.7112	0.24122	0.13971	0	0	0	0	0	-0.12497	1.57962	1.16354	0.41608	0	-1.18147	0	0	-4.6787	1.40832	6.39205	133.156	65.8443
GLU_280	-3.63333	0.64374	4.35509	-0.36061	0.05938	0.64901	2.08026	4.91705	0.05509	0.48271	-0.90016	-0.48183	0	0	0	0	0	0	-0.23278	8.46026	3.6022	0	4.85806	-0.41213	0	0	-1.6358	-0.47047	22.0358	136.131	86.8685
GLU_281	-2.84422	1.30185	3.44941	-0.43254	0.14389	1.21168	1.51732	4.16762	0	0	0.13857	-1.76336	0	0	0	0	0	0	0.01371	5.27806	0.12228	0	5.15578	-0.19003	0	0	-1.6358	-0.3303	15.3039	74.317	148.683
ASN_282	-7.13002	2.14225	5.37093	-0.23975	0.81306	0.36141	3.60813	7.72442	0	0	-2.13504	-1.14725	0	0	0	0	0	0	-0.09131	8.41503	0.09547	0	8.31956	-1.22205	0	0	-0.3009	-0.47902	24.1049	163.715	20.2848
ILE_283	-6.24735	1.25309	2.19141	-0.47956	1.67857	0.09095	1.43912	4.97402	0.05509	0.48271	-0.31632	0.32371	0	0	0	0	0	0	-0.13352	2.47591	1.6059	0.87001	0	-0.93428	0	0	1.8006	-0.28223	10.8478	168.351	38.6495
VAL_284	-5.60347	1.12057	2.9007	-0.26881	0.47886	0.05539	2.46901	5.56236	0	0	-1.78269	-0.10291	0	0	0	0	0	0	-0.15195	0.88747	0.18788	0.69959	0	-1.18459	0	0	2.7371	-0.64606	7.35845	151	31.0003
ASN_285	-6.48326	19.1239	4.84197	-0.31947	0.2602	0.54709	1.99623	6.86385	0.0348	0.17717	-1.41063	-0.70298	0	0	0	-0.63431	0	0	-0.14039	2.53279	0.09358	0	2.43922	-0.75198	0	0	-0.3009	-0.50368	27.6632	137.271	46.7291
ILE_286	-9.60068	1.63846	4.69502	-0.71804	2.61544	0.16866	2.78265	8.11003	0	0	-2.35315	0.19744	0	0	0	0	0	0	-0.0623	1.93247	0.83741	1.09506	0	-0.68198	0	0	1.8006	-0.09121	12.3659	206.23	0.76969
ILE_287	-6.53255	23.1085	3.81715	-0.65436	2.09536	0.13074	3.26306	6.6901	0.0436	0.27184	-0.97842	0.12181	0	0	0	0	0	0	-0.18653	12.8707	7.34438	5.52632	0	0.05276	0	0	1.8006	0.40283	59.1879	157.206	49.7937
GLU_288	-4.39594	3.1635	4.85576	-0.40284	0.37881	0.59922	1.4625	5.2791	0.0348	0.17717	-0.96137	-0.41596	0	0	0	-0.55712	0	0	-0.12138	6.58598	1.73848	0	4.8475	-0.2492	0	0	-1.6358	1.25234	21.6355	89.0818	133.918
ARG_289	-6.24634	1.60477	7.15213	-0.61344	0.2073	0.35018	3.85204	7.98395	0.04158	0.22051	-3.95877	-0.1151	0	0	0	-0.07719	-0.28868	0	-0.11382	7.06748	4.62061	2.44688	0	-0.2123	0	0	-0.1423	0.99451	24.774	168.762	96.2383
ASP_290	-5.09917	1.1213	6.39174	-0.25554	0.1953	0.87773	3.69091	7.48671	0.04525	0.30819	-3.7531	-0.86157	0	0	0	-0.26103	-1.39165	0	0.66682	3.78377	1.27661	0	2.50716	-1.29528	0	0	-1.6204	0.32857	14.1423	141.121	43.8788
ASP_291	-2.47355	1.50884	4.7103	-0.28635	0.11673	1.0019	2.70939	4.97915	0	0	-2.92727	-2.13572	0	0	0	0	0	0	-0.11477	3.31777	0.05714	0	3.26063	-0.63153	0	0	-1.6204	0.05104	11.5233	64.0075	120.992
CYS:disulfide_292	-5.42778	2.25408	3.91307	-0.03298	0	0.01242	1.52686	4.71553	0.04926	0.20021	-0.74872	-0.13205	0.51164	0	0	-0.26103	0	-0.50944	0.10825	0.59984	0.28847	0.31137	0	0.0345	0	0	4.3148	2.56588	14.2941	139.83	16.1699
PRO_293	-4.22455	2.39458	2.56862	-0.11712	0.00093	0.08251	1.62917	2.79352	0	0	-1.32062	0.33185	0.54689	0	0	-0.88097	0	0	-0.17011	1.53102	1.43675	0.09427	0	-2.0786	0	0	-4.6787	3.17787	3.11732	143.339	55.6609
ALA_294	-1.45671	0.04632	1.94974	-0.03414	0.00571	0	0.55289	2.06527	0	0	-0.70923	0.07658	0	0	0	0	0	0	0	0	0	0	0	0	0	0	2.2619	0.41611	5.17445	15.049	137.951