label	fa_atr	fa_rep	fa_sol	fa_intra_atr_xover4	fa_intra_rep_xover4	fa_intra_sol_xover4	lk_ball	lk_ball_iso	lk_ball_bridge	lk_ball_bridge_uncpl	fa_elec	fa_intra_elec	pro_close	hbond_sr_bb	hbond_lr_bb	hbond_bb_sc	hbond_sc	dslf_fa13	omega	fa_dun	fa_dun_dev	fa_dun_rot	fa_dun_semi	p_aa_pp	yhh_planarity	hxl_tors	ref	rama_prepro	total	BSA	SASA
LEU_1	-3.8396	0.8633	-0.14763	-0.64042	0.51815	0.22635	0.18299	1.81937	0	0	-0.34659	0.91477	0	0	0	0	0	0	0.83507	7.70634	6.95726	0.74908	0	0	0	0	1.3223	0	17.1207	85.4999	124.5
ASN_2	-4.62846	0.71141	4.37831	-0.33132	0.17068	0.60886	2.7107	5.42089	0.00819	0.03013	-1.4655	-0.77564	0	0	0	-0.8611	0	0	1.29509	2.33279	0.01303	0	2.31977	-0.89233	0	0	-0.3009	0.0826	10.8272	99.2945	84.7055
VAL_3	-5.70408	1.85736	1.79423	-0.3573	0.34047	0.08667	2.04087	4.90323	0	0	-1.02063	-0.09116	0	0	0	0	0	0	-0.07715	0.96981	0.0101	0.95971	0	0.39406	0	0	2.7371	0.12015	8.96344	146.768	35.2324
GLU_4	-4.09438	0.92298	3.8149	-0.71678	0.9782	1.37511	1.43855	5.03717	0.00223	0.04308	-0.80105	-0.34773	0	0	0	0	0	0	-0.23413	5.32753	0.2771	0	5.05043	-0.48453	0	0	-1.6358	0.13171	16.0846	110.634	112.366
LYS_5	-5.59637	1.30189	4.53373	-0.40277	0.15052	0.2458	2.04739	5.4312	0.03092	0.14126	-1.00639	0.23722	0	0	0	0	0	0	1.08933	3.42787	0.23649	3.19138	0	0.06225	0	0	-0.8895	0.3146	14.5468	123.286	128.714
ILE_6	-8.08457	1.79717	1.88793	-0.57946	1.89136	0.17472	2.67323	6.11722	0.05389	0.2602	-1.9888	0.18505	0	0	0	-0.63161	0	0	-0.14171	3.48328	2.74222	0.74106	0	1.00532	0	0	1.8006	0.67921	14.0663	207	0
ASN_7	-5.4441	1.27869	5.61607	-0.22217	0.01445	0.39055	3.54671	7.37285	0.0003	0.00458	-3.1775	-0.24648	0	0	0	-1.76231	0	0	2.28615	5.52824	0.15718	0	5.37106	0.57891	0	0	-0.3009	0.72161	21.7139	113.952	70.0484
GLY_8	-3.45136	0.44039	4.43056	-0.00068	0	0	2.78166	5.62601	0	0	-2.31152	-0.30754	0	0	0	0	0	0	0.59256	0	0	0	0	-2.52777	0	0	1.435	1.47705	8.18437	145.811	18.1894
GLU_9	-4.35276	0.78896	4.71757	-0.29279	0.14609	0.33839	2.32125	5.50209	0.00045	0.00277	-2.16834	-0.23271	0	0	0	-0.49615	-0.8706	0	-0.06058	4.77637	0.58044	0	4.19593	0.01101	0	0	-1.6358	0.87783	14.1494	123.409	99.5908
TRP_10	-15.172	2.50864	7.16278	-0.76943	0.02903	0.27689	3.4327	12.7236	0	0	-2.6677	-0.17592	0	0	0	-1.31137	0	0	0.03067	3.66014	0.33315	0	3.32699	-0.49862	0	0	3.7077	0.14591	16.7432	270	0
PHE_11	-10.3393	1.5009	5.38004	-0.55774	0.14883	0.28442	3.2931	9.95073	0	0	-2.59334	-0.07693	0	0	0	0	0	0	0.29379	2.72818	0.01228	0	2.71591	-0.20567	0	0	1.9602	0.14002	14.6354	213.417	23.5829
SER_12	-5.41717	1.41993	4.13694	-0.03708	0.00137	0.02326	2.40614	5.73471	0.08744	0.6326	-1.51604	-0.56015	0	0	0	-0.51102	0	0	0.29006	1.24317	0.59288	0.65029	0	0.61114	0	4.04	-0.539	-0.31487	12.9746	159.539	2.46091
ILE_13	-10.051	1.80413	4.62602	-0.65227	0.90169	0.13787	3.31236	8.65649	0.01185	0.06055	-1.75419	0.31859	0	0	0	0	0	0	0.39544	2.71656	1.80195	0.9146	0	-0.73467	0	0	1.8006	1.20933	15.4759	207	0
LEU_14	-8.80549	3.20488	2.903	-0.46052	0.37604	0.08753	3.08401	6.1875	0.01185	0.06055	-1.43984	0.09162	0	0	0	0	0	0	0.24041	1.32093	0.41313	0.9078	0	-0.21128	0	0	1.3223	0.92878	10.2232	204.778	5.22159
LEU_15	-8.26625	3.78447	2.79754	-0.55974	0.43263	0.13113	3.51839	6.25041	0	0	-2.53274	0.21786	0	0	0	0	0	0	1.4632	1.30881	0.12315	1.18565	0	-0.16374	0	0	1.3223	-0.10786	10.9052	208.463	1.53703
ALA_16	-6.25269	3.12873	1.92718	-0.02378	4e-05	0	3.2946	5.89667	0	0	-2.52113	-0.41824	0	0	0	0	0	0	-0.01803	0	0	0	0	-0.42575	0	0	2.2619	0.15574	7.00524	153	0
SER_17	-6.39877	1.75871	5.2324	-0.03286	0.00783	0.04091	3.36238	7.33232	0	0	-1.60681	-0.05987	0	0	0	-0.4835	0	0	0.70902	1.87392	0.05557	1.81835	0	-0.74661	0	4.04	-0.539	-0.05903	16.305	162	0
ASP_18	-4.30199	0.29399	5.94909	-0.20917	0.05522	0.7243	2.90245	6.39653	0.01878	0.24905	-3.55751	-2.08606	0	0	0	-0.99447	-0.53979	0	1.27598	4.04302	1.18708	0	2.85594	-0.70518	0	0	-1.6204	-0.54648	11.3904	136.207	48.7932
LYS_19	-6.0233	1.07447	6.37001	-0.49638	0.17967	0.32233	3.12624	6.20516	0.0573	0.22891	-1.34138	0.24415	0	0	0	0	0	0	2.86666	3.99774	0.50133	3.49641	0	0.22526	0	0	-0.8895	1.01171	21.1568	165.179	86.821
ARG_20	-7.36718	1.30528	7.79124	-0.70864	0.23792	0.52054	4.11521	8.62278	0	0	-3.51254	-0.03217	0	0	0	-0.69911	-0.78754	0	-0.09294	6.60161	2.47472	4.12689	0	-0.29975	0	0	-0.1423	1.3325	23.4865	183.98	81.0198
GLU_21	-4.49505	0.7976	5.34146	-0.28102	0.11263	0.43312	1.81763	5.68074	0.01088	0.08846	-1.21822	-0.37465	0	0	0	0	0	0	-0.23413	8.80741	3.30825	0	5.49916	-0.50125	0	0	-1.6358	-0.27388	22.8834	126.045	96.9555
LYS_22	-8.16723	2.00504	7.90228	-0.79936	0.55362	0.51912	4.40868	8.38524	0.03686	0.38243	-4.40035	0.26381	0	0	0	0	-0.68829	0	-0.08298	3.94859	0.6955	3.25309	0	-0.06314	0	0	-0.8895	-0.57104	16.6924	220.27	31.7303
ILE_23	-9.72787	3.88232	3.71873	-0.56341	0.95325	0.15711	2.55764	7.59726	0.0573	0.22891	-2.46572	0.02614	0	0	0	-0.70349	0	0	1.13967	1.3679	0.34685	1.02104	0	-0.02954	0	0	1.8006	-0.25868	11.106	207	0
GLU_24	-6.50716	1.11642	8.16153	-0.19739	0.09303	0.29594	4.07075	9.12587	0.04232	0.26252	-2.36613	-0.31418	0	0	0	0	-0.78754	0	5.67427	4.29233	0.57275	0	3.71958	0.67756	0	0	-1.6358	1.33469	27.6314	174.01	48.9904
GLU_25	-3.49638	0.72139	3.48517	-0.31805	0.04099	0.355	0.76299	4.11174	0.00706	0.06316	0.34796	-0.64057	0	0	0	0	0	0	-0.16179	7.00214	1.73139	0	5.27075	-0.41259	0	0	-1.6358	1.48487	18.7194	119.456	103.544
HIS_26	-2.37861	0.83955	2.56586	-0.4709	0.1448	0.55193	0.94999	3.17232	0	0	-0.60921	-0.12408	0	0	0	0	0	0	0.03097	4.04467	0.90215	0	3.14252	-0.68842	0	0	0.8406	-0.07643	12.8377	100.401	140.599
GLY_27	-3.23549	0.47759	3.65626	-0.0003	0	0	2.12205	4.99841	0.0319	0.18405	-1.77398	-0.25019	0	0	0	0	0	0	0.56775	0	0	0	0	0.81876	0	0	1.435	-0.14664	8.88517	155.352	8.64763
SER_28	-3.97523	0.49804	4.60573	-0.03914	0.01811	0.04645	2.52676	5.16484	0.03686	0.38243	0.0855	-0.3336	0	0	0	-0.68504	0	0	0.01838	0.26946	0.00166	0.2678	0	-0.01356	0	4.04	-0.539	-0.13297	12.2435	132.469	29.5313
MET_29	-8.05936	0.87106	2.89295	-0.39653	0.22381	0.26742	2.38156	5.57285	0.06614	0.41819	-1.35858	-0.36297	0	0	0	0	0	0	-0.09351	3.48177	0.20422	3.27755	0	0.36407	0	0	1.4633	-0.74273	10.4712	254.081	7.91856
ARG_30	-9.21998	3.32931	7.24673	-0.7776	1.25153	0.46927	2.87082	9.8373	0.0643	0.61735	-1.99636	0.20602	0	0	0	-0.70349	0	0	-0.01339	9.10667	5.03443	4.07223	0	0.09069	0	0	-0.1423	0.65684	32.0004	245.516	19.4844
VAL_31	-6.17298	1.05127	1.88169	-0.3154	0.37449	0.06783	1.62955	4.93768	0.06614	0.41819	-0.67687	-0.51577	0	0	0	0	0	0	2.87585	0.43865	0.00063	0.43802	0	-0.5722	0	0	2.7371	0.5429	9.20676	170.724	11.2763
PHE_32	-10.6515	2.51033	4.38126	-0.71149	0.14091	0.5009	3.68128	8.52938	0	0	-1.58696	0.15727	0	0	0	0	0	0	0.08562	7.42622	3.2349	0	4.19131	-0.33909	0	0	1.9602	0.08244	23.593	234.693	2.30672
VAL_33	-8.16575	1.57894	2.43597	-0.34812	0.42365	0.08214	2.11966	6.66924	0.05888	0.2126	-1.34845	0.20804	0	0	0	-0.60289	0	0	1.65253	1.49674	0.0535	1.44325	0	0.5443	0	0	2.7371	0.54346	11.7948	182	0
GLU_34	-7.38275	1.63608	8.90637	-0.35482	0.15538	0.41271	4.27796	9.47198	0.07643	0.48209	-2.57814	-0.44934	0	0	0	0	0	0	0.53543	5.49234	0.27191	0	5.22043	-0.01182	0	0	-1.6358	1.16351	25.69	196.326	26.674
HIS_35	-8.45281	1.16908	6.85261	-0.71229	0.7046	0.94213	2.7708	9.20318	0.0688	0.40002	-1.33504	-0.37056	0	0	0	0	0	0	0.5568	5.57036	0.19844	0	5.37192	-0.50168	0	0	0.8406	1.07317	24.3501	202.217	38.7831
ILE_36	-8.55847	1.27885	2.48658	-0.48319	0.91881	0.10755	2.67789	6.60142	0.061	0.28056	-2.71028	-0.09848	0	0	0	0	0	0	0.75599	1.12802	0.79211	0.33591	0	-0.8978	0	0	1.8006	0.00493	6.482	207	0
HIS_37	-6.75608	1.71479	5.13735	-0.44536	0.28686	0.45237	2.95414	7.91766	0	0	-3.0665	-0.26358	0	0	0	0	0	0	0.018	4.55616	0.10629	0	4.44987	0.06392	0	0	0.8406	-0.09728	17.8692	154.107	86.8925
VAL_38	-6.29001	1.60614	1.0058	-0.28199	0.35087	0.0586	1.29771	4.69757	0.01723	0.08898	-0.98619	-0.04236	0	0	0	-0.91477	0	0	0.44482	0.14974	0.03773	0.11201	0	-0.67383	0	0	2.7371	-0.57859	2.83654	157.38	24.6199
LEU_39	-4.64507	1.2191	3.21339	-0.46618	1.09544	0.0914	2.10409	5.3366	0	0	-0.23516	0.1653	0	0	0	0	0	0	0.7074	2.1169	0.16542	1.95148	0	0.17142	0	0	1.3223	0.52584	14.8397	111.916	98.0844
GLU_40	-1.44183	0.20226	2.0336	-0.31318	0.09225	0.34198	0.96701	2.22879	0	0	-0.27982	-0.47988	0	0	0	0	0	0	0.4349	5.69955	0.54784	0	5.15171	-0.17778	0	0	-1.6358	1.0045	14.3761	37.5377	185.462
ASN_41	-4.07408	0.62642	4.19583	-0.45424	1.09184	1.16031	1.3616	4.86172	0.11709	0.77333	-0.67183	-0.56578	0	0	0	0	0	0	0.93883	9.15449	1.94965	0	7.20484	-0.91908	0	0	-0.3009	-0.1112	26.3388	109.782	74.218
SER_42	-5.65459	1.11527	5.00045	-0.03739	0.01463	0.05682	3.04124	6.63245	0	0	-1.44114	-0.48951	0	0	0	0	0	0	0.81611	0.29395	0.23996	0.05399	0	-0.92295	0	4.04	-0.539	-0.27404	11.9463	156.814	5.18593
LEU_43	-8.27248	1.46107	1.29248	-0.48515	0.92638	0.1065	2.99346	5.81363	0.01767	0.05559	-2.39933	-0.01547	0	0	0	0	0	0	-0.08569	1.33968	0.11298	1.2267	0	-0.21149	0	0	1.3223	-0.03556	5.16328	210	0
ALA_44	-4.69229	0.72921	2.95719	-0.02576	0.00068	0	3.12217	5.6924	0.0101	0.04315	-2.97965	-0.3833	0	0	0	0	0	0	0.0512	0	0	0	0	0.98546	0	0	2.2619	0.41428	8.18675	137.11	15.8897
PHE_45	-8.46536	1.41377	2.19851	-0.56888	0.17428	0.28263	3.0666	5.81431	0.01767	0.05559	-2.94635	0.04541	0	0	0	0	0	0	3.40863	2.81698	0.02226	0	2.79472	-0.41224	0	0	1.9602	-0.06338	11.6154	232.866	4.13352
LYS_46	-8.59128	0.82606	8.52987	-0.3981	0.15148	0.18873	4.36392	9.30936	0.04224	0.30162	-5.5118	0.08244	0	0	0	0	0	0	0.22415	2.84167	0.09683	2.74484	0	0.51758	0	0	-0.8895	-0.45069	14.3794	215.948	36.0523
PHE_47	-9.83679	2.10229	3.96907	-0.55297	0.0451	0.27499	3.3409	7.49112	0	0	-3.19862	0.13464	0	0	0	0	0	0	4.37826	2.59022	0.00229	0	2.58792	-0.48004	0	0	1.9602	-0.18676	14.6218	227.591	9.40907
HIS_48	-8.90603	1.75976	7.04501	-0.40138	0.00731	0.44882	3.5571	9.3646	0.02476	0.12748	-3.17711	0.06251	0	0	0	0	0	0	0.32387	3.46284	0.18949	0	3.27335	-0.16335	0	0	0.8406	0.03201	17.8716	238.462	2.53751
THR_49	-6.1489	1.18521	4.12889	-0.22291	0.18716	0.07943	3.02323	6.36459	0.01455	0.05106	-1.42429	-0.38731	0	0	0	0	0	0	-0.02128	1.29389	0.38215	0.91175	0	0.13406	0	5.00934	-0.9333	0.53106	14.1584	163.467	10.5334
VAL_50	-5.21872	1.46582	1.22662	-0.27369	0.2669	0.05574	0.62526	4.22594	0.03835	0.24887	0.20918	-0.12746	0	0	0	0	0	0	0.05211	0.67193	0.42686	0.24508	0	-1.00057	0	0	2.7371	-0.1611	5.71421	153.793	28.2074
ILE_51	-4.51507	1.15801	4.23717	-0.48467	1.35062	0.10782	2.35319	5.6453	0.01409	0.04107	-1.39753	-0.10336	0	0	0	0	0	0	0.39078	0.44586	0.08831	0.35755	0	-0.93756	0	0	1.8006	-0.47087	10.0813	125.257	81.7434
ASP_52	-1.84299	0.34186	1.99679	-0.13108	0.0775	0.43348	0.51794	2.57278	0	0	-0.0495	-0.88079	0	0	0	0	0	0	0.02315	3.44083	0.02907	0	3.41176	-0.91726	0	0	-1.6204	0.10199	7.50514	75.6594	109.341
GLY_53	-1.75947	0.59475	1.53029	-6e-05	0	0	0.38245	2.4165	0.00559	0.02131	0.0604	-0.39553	0	0	0	0	0	0	-0.13497	0	0	0	0	-2.38717	0	0	1.435	-0.80822	0.96088	107.735	56.265
GLU_54	-3.73612	0.35364	4.61424	-0.19614	0.03741	0.27979	2.91746	5.77516	0	0	-1.80686	-0.48009	0	0	0	0	0	0	0.12965	4.73733	0.13113	0	4.6062	0.44497	0	0	-1.6358	-0.9074	15.2646	103.511	119.489
CYS:disulfide_55	-3.49864	0.35738	1.77808	-0.04113	0	0.01494	0.75687	2.78033	0.00599	0.0252	-0.50674	-0.21975	0	0	0	0	0	-0.4876	0.70599	0.44857	0.11008	0.3385	0	0.43369	0	0	4.3148	-0.73722	6.57933	118.469	37.5312
SER_56	-3.9403	0.86066	4.02837	-0.03067	0.00076	0.03478	2.82259	5.13779	0	0	-1.68393	-0.17143	0	0	0	0	0	0	0.27694	2.23332	0.17343	2.05988	0	-0.69212	0	4.04	-0.539	-0.98623	13.6249	130.156	31.8439
GLU_57	-4.03492	0.55338	3.64708	-0.20829	0.06921	0.30556	0.89897	4.10418	0.02195	0.11377	-2.05446	-0.42918	0	0	0	0	0	0	0.16703	4.10735	0.0312	0	4.07615	0.04971	0	0	-1.6358	-0.48721	9.29566	144.598	78.4021
ILE_58	-5.97711	1.38418	2.5883	-0.47799	1.0148	0.10691	2.49594	5.06441	0	0	-2.04729	0.0059	0	0	0	0	0	0	0.56452	1.04207	0.62681	0.41527	0	-0.74156	0	0	1.8006	-0.11744	7.74832	181.638	25.3622
PHE_59	-4.68991	0.72566	1.7199	-0.58594	0.10987	0.30488	0.72484	3.18389	0	0	-0.67342	0.04581	0	0	0	0	0	0	-0.11933	2.82136	0.04767	0	2.77369	-0.08472	0	0	1.9602	-0.15807	8.10639	131.464	105.536
LEU_60	-5.63875	1.28034	1.89934	-0.45004	0.55596	0.08131	2.75728	4.64062	0	0	-2.26672	0.01428	0	0	0	0	0	0	0.74711	0.88146	0.0067	0.87476	0	0.27996	0	0	1.3223	-0.22586	6.76006	178.471	31.5291
VAL_61	-3.77578	0.64944	1.32454	-0.26708	0.311	0.05599	0.67763	3.51021	0.04773	0.2655	-0.04706	-0.21231	0	0	0	0	0	0	-0.16064	0.58244	0.26178	0.32067	0	-1.265	0	0	2.7371	-0.40673	4.60943	108.343	73.6571
ALA_62	-5.87173	2.00771	2.6862	-0.0259	0.0019	0	2.86743	6.04826	0	0	-2.89176	-0.36448	0	0	0	0	0	0	0.46909	0	0	0	0	0.94895	0	0	2.2619	-0.12673	8.01086	153	0
ASP_63	-4.87483	0.65065	5.62973	-0.11555	0.00093	0.3506	3.23839	7.15985	0.08235	0.50925	-2.96825	-0.45569	0	0	0	0	0	0	0.46964	5.31929	1.34687	0	3.97242	0.69951	0	0	-1.6204	0.49302	19.8878	130.247	54.7526
LYS_64	-5.5361	0.62421	4.92487	-0.32768	0.07188	0.15853	1.97027	5.85855	0.06115	0.48784	-2.62412	0.19251	0	0	0	0	0	0	0.2059	4.21232	1.48772	2.7246	0	0.08187	0	0	-0.8895	-0.09186	13.593	139.024	112.976
THR_65	-5.11961	0.75846	4.9499	-0.11503	0.15251	0.06346	2.80676	6.47914	0	0	-0.53796	-0.40602	0	0	0	0	0	0	0.2299	1.10007	0.55962	0.54046	0	-0.58572	0	5.03809	-0.9333	1.20962	16.1904	138.012	35.9881
GLU_66	-1.13143	0.08215	1.39086	-0.47883	0.30347	1.07237	0.00693	1.59542	0.00702	0.0195	0.1786	-0.4863	0	0	0	0	0	0	0.59489	8.30028	4.10604	0	4.19425	-0.17361	0	0	-1.6358	1.11384	19.0596	44.1538	178.846
LYS_67	-3.52575	1.65857	5.24424	-0.31576	0.07802	0.17102	2.50138	5.4129	0.05538	0.42517	-1.59288	-0.08999	0	0	0	0	0	0	0.12127	6.85707	3.69688	3.16019	0	0.42209	0	0	-0.8895	-0.43441	22.9559	103.087	148.913
ALA_68	-1.07026	0.32779	1.42389	-0.02532	0.00016	0	0.33902	1.79954	0.00702	0.0195	0.2502	-0.24515	0	0	0	0	0	0	0.72788	0	0	0	0	0.01968	0	0	2.2619	-0.01172	5.82413	33.2572	119.743
GLY_69	-1.65312	0.135	1.5971	-6e-05	0	0	0.67175	2.29302	0.09201	0.45223	-0.41463	-0.41745	0	0	0	0	0	0	-0.29485	0	0	0	0	-2.3953	0	0	1.435	-0.71176	0.78895	114.463	49.5367
GLU_70	-7.34521	2.3951	7.48845	-0.28157	0.08539	0.33227	3.69398	8.55308	0.05538	0.42517	-2.99434	-0.28061	0	0	0	0	0	0	0.0991	5.78196	0.29942	0	5.48254	0.14749	0	0	-1.6358	-0.95252	21.3493	200.011	22.9894
TYR_71	-10.9707	3.16111	4.02141	-0.54717	0.11494	0.27174	3.02443	8.50803	0	0	-2.71414	-0.23857	0	0	0	0	0	0	-0.01329	2.75349	0.13609	0	2.6174	-0.66234	0	0	1.7379	-0.49718	10.7032	237.822	10.1782
SER_72	-4.95939	1.66893	4.07841	-0.05128	0.02048	0.07528	3.01013	6.0025	0.07415	0.48926	-2.66626	-0.60927	0	0	0	0	0	0	0.18519	0.8409	0.11486	0.72604	0	-0.21	0	4.04	-0.539	-0.41493	11.876	151.053	10.9467
VAL_73	-6.06659	1.58809	2.82974	-0.34911	0.4564	0.08522	2.99381	5.96942	0	0	-2.44486	-0.4203	0	0	0	0	0	0	0.32279	0.60853	0.1635	0.44503	0	0.42604	0	0	2.7371	0.93768	10.2825	164.835	17.1647
MET_74	-2.95312	0.55198	1.11982	-0.21078	0.05811	0.0774	0.75204	2.23328	0	0	-0.32982	-0.33786	0	0	0	0	0	0	0.02336	3.40362	0.16811	3.2355	0	0.42742	0	0	1.4633	0.90784	10.5902	114.448	147.552
TYR_75	-6.74336	0.78238	3.93912	-0.83704	0.09464	0.21449	2.83497	6.52781	0	0	-2.03322	-0.50527	0	0	0	-1.74364	0	0	-0.06027	2.36499	0.13057	0	2.23442	-0.36185	0	0	1.7379	2.08913	10.6658	201.355	46.6449
ASP_76	-4.19176	0.32144	6.37436	-0.29369	0.12933	0.96945	3.5313	6.63121	0	0	-3.83634	-0.21553	0	0	0	-0.5931	-1.14652	0	0.71249	2.69385	0.07101	0	2.62284	-0.9676	0	0	-1.6204	2.57375	13.7661	148.748	36.2521
GLY_77	-3.52378	0.5387	3.96291	-0.00057	0	0	1.60534	5.19873	0.02286	0.07208	-1.37717	-0.26895	0	0	0	0	0	0	-0.0533	0	0	0	0	-2.52286	0	0	1.435	0.94395	6.03293	141.924	22.0765
PHE_78	-5.59238	0.44022	4.37979	-0.73647	0.10764	0.08199	2.8533	6.36158	0.00595	0.02499	-2.25748	-0.51161	0	0	0	0	0	0	0.10796	4.78569	1.18117	0	3.60453	-0.21921	0	0	1.9602	0.395	16.9729	167.622	69.3778
ASN_79	-8.34728	2.22877	7.04593	-0.20937	0.04132	0.34249	5.43816	10.24	0.02286	0.07208	-4.19773	-0.58868	0	0	0	-1.0586	-0.85995	0	1.24175	3.91668	0.75541	0	3.16128	1.07528	0	0	-0.3009	-0.06216	19.9574	183.325	0.675055
THR_80	-5.39982	1.30534	4.62053	-0.14008	0.12448	0.09956	3.1962	6.12946	0.03576	0.18854	-2.91927	-1.15805	0	0	0	0	0	0	-0.00292	1.05996	0.16469	0.89527	0	-0.35906	0	5.03699	-0.9333	0.04768	11.9919	147.998	26.0019
PHE_81	-8.6993	1.96152	2.98151	-0.97289	0.29931	0.58039	2.84349	6.33545	0	0	-2.26437	-0.15896	0	0	0	0	0	0	0.07133	2.63183	0.02887	0	2.60296	-0.8276	0	0	1.9602	-0.13147	9.24225	224.498	12.5022
THR_82	-4.84172	0.41069	4.09237	-0.11762	0.083	0.07824	2.74859	5.78962	0.00405	0.01616	-2.74801	-0.67755	0	0	0	0	0	0	0.42021	0.48381	0.33759	0.14622	0	-0.62272	0	5.03922	-0.9333	-0.59658	9.11226	127.853	46.1471
ILE_83	-5.85657	1.31573	-0.39533	-0.47971	0.63012	0.10778	0.54247	2.83851	0.09201	0.45223	0.24242	0.05975	0	0	0	0	0	0	-0.06655	0.6435	0.09208	0.55143	0	-0.96238	0	0	1.8006	-1.07755	0.53055	178.168	28.8324
LEU_84	-5.56278	1.45241	2.34464	-0.53535	1.68679	0.13288	0.95773	3.87456	0.003	0.0081	-0.81466	0.31533	0	0	0	0	0	0	0.09909	1.65902	1.02181	0.6372	0	-0.32819	0	0	1.3223	0.08755	8.36144	150.025	59.9745
LYS_85	-5.05374	0.46914	3.74102	-0.36243	0.06863	0.20942	2.03959	4.46644	0	0	-1.51825	-0.09685	0	0	0	0	0	0	0.59936	8.18319	4.67889	3.50431	0	-0.01594	0	0	-0.8895	1.36274	21.386	130.159	121.841
THR_86	-5.62616	0.89036	2.22396	-0.22752	0.32801	0.09374	2.08148	4.30911	0.03215	0.35747	-0.62645	-0.45786	0	0	0	0	0	0	1.54763	0.17561	0.00056	0.17505	0	0.23523	0	5.00031	-0.9333	1.68303	11.2624	143.38	30.6198
ASP_87	-5.82368	0.94925	8.63376	-0.27189	0.15332	0.94507	5.34248	9.84079	0.0308	0.33551	-2.54109	-2.09844	0	0	0	-1.19925	0	0	-0.03874	4.27364	0.69684	0	3.5768	-0.37737	0	0	-1.6204	0.477	21.2844	126.915	58.0852
TYR_88	-8.33102	1.05625	4.83778	-0.61011	0.06938	0.36565	4.05389	7.60162	0.04697	0.18876	-1.90217	-0.27386	0	0	0	-1.62371	0	0	0.66604	3.31797	0.50219	0	2.81578	-0.42596	0	0	1.7379	1.79113	15.8845	183.403	64.597
ASP_89	-3.70903	0.86702	5.68023	-0.24052	0.02927	0.83336	1.89762	6.23075	0	0	0.92354	-1.91636	0	0	0	0	0	0	0.09259	7.15583	2.39164	0	4.76419	-0.20725	0	0	-1.6204	1.73757	24.91	81.6051	103.395
ASN_90	-5.45973	1.06896	6.24608	-0.18241	0.01484	0.29862	3.19883	7.67288	0.0904	0.65783	-1.15874	-0.44713	0	0	0	-0.44614	0	0	0.13881	5.64519	0.44167	0	5.20352	0.1424	0	0	-0.3009	2.10745	24.9324	122.121	61.8787
TYR_91	-8.93061	0.98102	4.64215	-1.09917	0.33446	0.72181	3.02904	7.90277	0.07634	0.45254	-3.22352	-0.30676	0	0	0	-0.75311	0	0	1.49979	2.94568	0.15131	0	2.79437	-0.59195	0	0	1.7379	2.37594	14.74	194.083	53.9169
ILE_92	-9.5001	3.04146	2.32699	-0.5233	0.80853	0.10202	2.93984	6.23145	0	0	-2.23511	-0.1016	0	0	0	0	0	0	0.09555	2.07078	0.75864	1.31214	0	0.05317	0	0	1.8006	0.30941	9.49048	207	0
MET_93	-8.77041	1.48452	4.0937	-0.23302	0.10255	0.10917	3.35882	6.03469	0	0	-3.01455	-0.58895	0	0	0	0	0	0	0.00705	3.58366	0.29427	3.28939	0	0.45206	0	0	1.4633	1.03534	12.7016	253.283	8.71689
PHE_94	-8.22087	1.14222	2.17238	-0.53271	0.03283	0.21566	2.97672	5.43461	0	0	-2.55285	0.10756	0	0	0	0	0	0	0.62026	3.04627	0.51572	0	2.53055	-0.63626	0	0	1.9602	0.09486	8.90714	233.666	3.33376
HIS_95	-7.56905	1.76447	6.26067	-0.63868	0.06415	0.58784	3.57655	7.98309	0.00105	0.00806	-3.42528	-0.72531	0	0	0	0	-1.21873	0	0.25895	4.12373	0.02553	0	4.0982	-0.12026	0	0	0.8406	-0.58182	15.3138	217.904	23.0963
LEU_96	-8.32427	3.16641	4.77927	-0.61661	1.12619	0.19845	3.32292	7.68438	0	0	-2.60797	0.00935	0	0	0	0	0	0	0.43576	1.91275	0.07902	1.83373	0	0.09079	0	0	1.3223	-0.25519	14.1573	190.772	19.2282
ILE_97	-5.55718	1.38859	4.468	-0.47616	0.5862	0.11102	3.14435	6.46494	0.0311	0.16831	-2.54561	-0.06181	0	0	0	0	0	0	1.03465	1.32851	0.89054	0.43797	0	-1.24883	0	0	1.8006	-0.50126	11.4639	134.741	72.2592
ASN_98	-7.9941	2.71848	6.39218	-0.30001	0.04035	0.47796	4.33642	9.3784	0	0	-3.60792	-0.29496	0	0	0	-0.5931	-0.85995	0	0.78663	4.4385	0.31929	0	4.11921	0.72146	0	0	-0.3009	-0.35131	19.4266	183.392	0.60815
GLU_99	-5.78531	0.7471	6.85203	-0.74848	0.26407	1.53156	3.90796	8.21357	0.00128	0.00477	-4.51368	-0.27729	0	0	0	-0.814	0	0	0.44647	6.23994	0.51511	0	5.72483	0.40044	0	0	-1.6358	0.12076	21.1953	153.959	69.0413
LYS_100	-5.44413	0.6399	7.35457	-0.31995	0.06904	0.12423	3.71585	8.04533	0	0	-2.95409	-0.0013	0	0	0	0	-0.45823	0	-0.033	7.51555	5.00621	2.50934	0	-0.1646	0	0	-0.8895	1.23881	25.954	154.159	97.8407
ASP_101	-1.89051	0.38799	2.52661	-0.25012	0.21604	0.8266	0.87081	2.73572	0	0	0.06097	-0.33375	0	0	0	0	0	0	-0.13365	4.33144	1.1755	0	3.15594	-0.61224	0	0	-1.6204	1.60138	13.0484	60.0594	124.941
GLY_102	-1.95189	0.36709	2.46846	-5e-05	0	0	0.8959	2.95837	0	0	-1.19588	-0.41593	0	0	0	-0.814	0	0	0.21993	0	0	0	0	-2.07855	0	0	1.435	-0.16667	1.72177	106.58	57.4196
LYS_103	-3.85086	0.76298	4.87889	-0.56542	0.8902	0.3935	2.84934	5.73517	0	0	-1.73472	-0.01638	0	0	0	0	0	0	0.3219	2.69673	0.33054	2.36619	0	0.04683	0	0	-0.8895	-0.82589	13.3895	94.0952	157.905
THR_104	-2.99736	2.22034	1.28476	-0.11286	0.05404	0.07613	0.60365	2.46196	0	0	-0.80776	-0.72708	0	0	0	0	0	0	1.3711	0.17941	0.0004	0.17901	0	-0.6078	0	5.01851	-0.9333	-0.75423	6.50893	91.4778	82.5222
PHE_105	-8.32899	1.68004	4.03004	-0.94443	0.15415	0.53938	2.77104	5.96547	0	0	-3.23137	-0.17914	0	0	0	0	0	0	0.00687	2.20867	0.00226	0	2.2064	-0.78119	0	0	1.9602	-0.55617	7.50325	223.176	13.8243
GLN_106	-6.87004	0.96979	6.89889	-0.32802	0.0651	0.28276	4.81813	8.33536	0	0	-5.66997	-0.2584	0	0	0	-1.65779	-1.75852	0	0.57522	4.92817	0.08637	0	4.84179	0.08349	0	0	-0.1077	-0.40495	14.8297	192.3	24.7002
LEU_107	-8.11857	3.86215	3.94478	-0.50272	0.40206	0.10808	3.23183	6.59154	0	0	-2.8593	0.19132	0	0	0	0	0	0	1.55856	2.04811	0.77076	1.27735	0	-0.05796	0	0	1.3223	-0.40483	13.3655	205.897	4.10345
MET_108	-10.1317	2.52214	4.03561	-0.34522	0.59058	0.01367	3.22998	6.79802	0	0	-2.36276	-0.1815	0	0	0	0	0	0	0.29363	3.04083	1.02604	2.0148	0	-0.01543	0	0	1.4633	-0.2892	11.7028	262	0
GLU_109	-6.58038	1.58101	5.41056	-0.21717	0.10443	0.36304	3.2312	6.98198	0.02856	0.42	-2.51557	-0.44738	0	0	0	0	0	0	0.59532	5.70153	0.40675	0	5.29479	-0.0731	0	0	-1.6358	-0.12104	18.5287	211.314	11.6863
LEU_110	-9.90819	2.12301	3.05454	-0.6163	0.4584	0.18316	3.36474	6.74982	0	0	-3.1469	0.23151	0	0	0	0	0	0	0.6905	1.07578	0.08003	0.99575	0	-0.43014	0	0	1.3223	0.18799	6.416	210	0
TYR_111	-11.2182	3.62671	3.77572	-0.53785	0.29437	0.27614	3.71191	8.05963	0	0	-1.98577	-0.22692	0	0	0	0	0	0	0.0244	5.58389	0.66692	0	4.91698	-0.63015	0	0	1.7379	-0.25322	17.8224	246.213	1.78722
GLY_112	-5.2848	1.59725	4.31881	-0.00085	0	0	3.17185	6.50668	0	0	-2.29861	-0.32061	0	0	0	0	0	0	0.56522	0	0	0	0	1.23916	0	0	1.435	1.27548	12.2046	164	0
ARG_113	-9.52889	1.03761	9.14468	-0.68867	0.46811	0.3844	4.41985	11.2667	0	0	-4.8465	0.28564	0	0	0	-2.1063	0	0	1.47761	4.61351	0.96943	3.64408	0	-0.1699	0	0	-0.1423	1.19828	21.4273	194.521	70.479
LYS_114	-3.53041	0.69632	3.07887	-0.29879	0.09834	0.13035	1.54193	4.46165	0.03146	0.27474	0.1294	-0.10241	0	0	0	0	0	0	0.75895	4.50466	2.02175	2.4829	0	0.11114	0	0	-0.8895	0.19431	15.6957	79.3812	172.619
ALA_115	-3.65457	0.48113	1.59035	-0.02549	0.00346	0	1.60452	3.78567	0	0	-0.86429	-0.42962	0	0	0	-0.92539	0	0	0.78169	0	0	0	0	-0.14156	0	0	2.2619	0.4892	4.95701	113.173	39.8267
ASP_116	-3.85487	0.72105	5.08082	-0.10245	0.03122	0.28759	2.63722	6.12665	0.03536	0.2342	-2.89139	-1.08768	0	0	0	-0.50015	-0.35543	0	0.01607	4.49193	0.362	0	4.12993	0.83978	0	0	-1.6204	0.13157	14.713	109.98	75.0198
LEU_117	-6.88162	1.18915	2.31276	-0.41057	0.36193	0.05977	1.30871	4.74472	0	0	-0.45905	0.06736	0	0	0	-0.50015	0	0	0.26284	2.9685	2.08723	0.88127	0	0.30387	0	0	1.3223	0.36236	9.9814	186.25	23.75
ASN_118	-4.44542	0.34265	4.8573	-0.35667	0.16927	0.66661	2.72496	5.91104	0.00784	0.08409	-2.35046	-0.02879	0	0	0	-0.63127	0	0	0.54382	3.08665	0.00011	0	3.08654	0.36494	0	0	-0.3009	0.50395	14.2363	96.1471	87.8529
SER_119	-3.31265	0.37316	4.05937	-0.03807	0.01249	0.03942	1.87922	4.83432	0	0	0.10681	-0.44517	0	0	0	0	0	0	0.00984	0.73305	0.1799	0.55314	0	0.30261	0	4.04	-0.539	0.13616	12.9246	88.3186	73.6814
ASP_120	-4.58285	0.48701	6.84354	-0.23961	0.02401	0.82792	3.32861	7.55079	2e-05	0.00053	-3.92601	0.28744	0	0	0	0	-0.53714	0	0.0591	4.77106	0.01675	0	4.75431	0.514	0	0	-1.6204	0.65812	19.2172	106.068	78.9324
ILE_121	-7.27733	0.6037	3.81281	-0.4949	0.64314	0.10085	2.53008	6.6646	0	0	-1.40415	0.01135	0	0	0	-0.63127	0	0	0.00733	1.48068	0.57416	0.90652	0	-0.61351	0	0	1.8006	1.13807	9.85273	171.384	35.6161
LYS_122	-8.86285	1.45977	9.66232	-0.29554	0.04389	0.12315	5.74707	11.3721	0.00837	0.08535	-7.2548	-0.01005	0	0	0	0	-1.14878	0	-0.06557	2.7777	0.4435	2.3342	0	0.07002	0	0	-0.8895	0.27292	15.8732	225.836	26.164
GLU_123	-5.06962	0.59503	6.10808	-0.21368	0.07618	0.29757	3.09711	7.36043	2e-05	0.00053	-2.16908	-0.58062	0	0	0	0	0	0	0.6565	4.17752	0.15435	0	4.02317	-0.55733	0	0	-1.6358	-0.45379	15.8666	118.865	104.135
LYS_124	-5.32145	0.40768	7.3132	-0.37772	0.06666	0.22458	3.88791	8.28926	0	0	-5.35117	0.33642	0	0	0	0	-0.53714	0	0.51092	5.27652	2.20229	3.07423	0	-0.01028	0	0	-0.8895	-0.74642	18.356	115.923	136.077
PHE_125	-11.8782	2.43471	4.29671	-0.92048	0.08408	0.35972	3.4035	8.65692	0	0	-2.33999	0.05629	0	0	0	0	0	0	0.26785	2.83887	0.04877	0	2.7901	-0.11548	0	0	1.9602	-0.19597	11.7476	237	0
VAL_126	-7.41995	1.47263	5.17148	-0.30762	0.32297	0.06855	3.27795	8.24129	0	0	-1.85523	-0.04636	0	0	0	0	0	0	-0.05361	0.26125	0.10202	0.15923	0	-0.28678	0	0	2.7371	0.47658	12.3215	150.487	31.5126
LYS_127	-5.70954	1.51938	7.66121	-0.92673	1.8615	0.79367	3.93153	8.70428	0.03369	0.22696	-3.99514	0.33697	0	0	0	0	0	0	0.32755	7.04009	3.45818	3.58191	0	-0.06362	0	0	-0.8895	0.06427	27.9567	108.564	143.436
LEU_128	-7.76195	1.19822	5.2773	-0.66871	1.30503	0.2279	3.7537	7.74958	0	0	-0.87652	0.1667	0	0	0	0	0	0	1.47479	3.27306	1.73751	1.53555	0	-0.49063	0	0	1.3223	-0.47557	18.7483	182.003	27.9967
CYS_129	-9.60707	1.76539	5.75111	-0.03875	0	0.01575	3.9636	8.33545	0	0	-3.02659	-0.2552	0	0	0	0	0	0	0.06593	0.63009	0.10239	0.5277	0	0.4335	0	0	4.3148	0.86453	13.8426	156	0
GLU_130	-6.73499	1.8174	9.03456	-0.22331	0.18627	0.36497	4.29262	10.2694	0.03369	0.22696	-4.31579	-0.61968	0	0	0	0	0	0	0.2752	4.54097	0.61495	0	3.92603	-0.57273	0	0	-1.6358	0.5624	22.0431	170.236	52.7639
GLU_131	-3.62464	0.59828	4.3027	-0.34204	0.17857	0.44034	2.30299	5.2974	0	0	-0.89039	-0.67185	0	0	0	0	0	0	0.55429	6.13717	0.02267	0	6.1145	-0.42108	0	0	-1.6358	-0.74253	17.6206	88.9394	134.061
HIS_132	-6.91034	0.90402	6.03032	-0.42072	0.06146	0.49777	3.45932	7.74588	0.01878	0.24905	-1.02843	-0.13373	0	0	0	-0.66332	0	0	-0.11233	3.25212	0.16415	0	3.08797	-0.60947	0	0	0.8406	-0.83016	15.6029	181.437	59.5629
GLY_133	-2.05032	0.09866	2.50992	-5e-05	0	0	1.05226	3.30756	0	0	-1.30499	-0.40792	0	0	0	0	0	0	0.72133	0	0	0	0	-2.21978	0	0	1.435	-1.39819	1.74348	117.141	46.8593
ILE_134	-9.3887	2.59635	3.85588	-0.48812	0.99316	0.108	2.20336	7.51373	0	0	-0.66532	0.03701	0	0	0	0	0	0	0.36962	0.60935	0.12473	0.48462	0	-0.73058	0	0	1.8006	-1.11246	8.31122	207	0
ILE_135	-5.32051	0.44298	4.4632	-0.55415	1.38627	0.13664	2.3471	5.85449	0	0	-1.31032	0.4268	0	0	0	0	0	0	0.82145	1.83429	0.49053	1.34377	0	1.58374	0	0	1.8006	0.39895	16.1458	118.587	88.4133
LYS_136	-4.25771	1.34956	4.9128	-0.39416	0.12556	0.19165	1.71415	5.31053	0	0	-0.57828	0.21064	0	0	0	0	0	0	-0.03576	5.10094	2.12703	2.97391	0	-0.13105	0	0	-0.8895	0.38698	18.1173	90.0569	161.943
GLU_137	-4.51595	0.73734	5.50566	-0.42807	0.10753	1.25525	2.33834	5.8668	0	0	-2.04914	-2.27284	0	0	0	-0.69911	0	0	-0.00608	4.85696	0.07863	0	4.77833	-0.36492	0	0	-1.6358	-0.32694	13.226	124.533	98.4675
ASN_138	-7.42352	2.25918	6.36763	-0.18868	0.09913	0.35106	3.85757	8.39041	0	0	-2.69673	-0.27002	0	0	0	-0.4835	0	0	-0.00637	6.1349	0.71831	0	5.4166	-1.06146	0	0	-0.3009	-0.74195	20.4216	168.591	15.4093
ILE_139	-7.47659	1.64923	1.53346	-0.48054	0.83491	0.10842	1.46902	5.22866	0.03156	0.1092	-0.43968	-0.0666	0	0	0	0	0	0	0.03654	1.13589	0.71447	0.42142	0	-1.22178	0	0	1.8006	-1.03587	4.3523	183.246	23.7544
ILE_140	-6.6936	0.52065	3.61798	-0.4798	1.32763	0.09232	2.75388	6.35179	0	0	-2.10855	0.11788	0	0	0	0	0	0	0.1592	1.54294	0.88585	0.65709	0	-1.25073	0	0	1.8006	-0.96219	8.33293	185.994	21.0061
ASP_141	-5.91541	1.7768	7.84596	-0.2054	0.12084	0.64547	4.07642	8.91425	0.03405	0.15708	-5.18251	-1.3818	0	0	0	-0.63652	-0.79335	0	-0.13323	3.34964	0.75004	0	2.5996	-1.31264	0	0	-1.6204	-0.99307	12.0958	151.484	33.5164
LEU_142	-9.6366	2.74865	5.22904	-0.54429	1.03117	0.15285	3.09487	8.5704	0	0	-1.68677	0.21987	0	0	0	0	0	0	0.08365	0.52226	0.25518	0.26708	0	-0.12369	0	0	1.3223	-0.45959	11.0464	210	0
THR_143	-6.17479	2.1576	6.99092	-0.12898	0.10009	0.0588	3.89732	8.55866	0.00785	0.05731	-1.53036	-0.39713	0	0	0	-0.63652	-0.55868	0	0.11353	0.21262	0.03612	0.1765	0	0.2065	0	5.03374	-0.9333	0.17773	17.4255	145.829	28.1706
LYS_144	-3.94083	1.34405	5.65442	-0.60958	0.32671	0.78021	2.02958	5.83177	0.02891	0.15244	-1.96452	-0.18785	0	0	0	0	-0.55868	0	-0.07613	11.9227	2.29539	9.62732	0	0.42437	0	0	-0.8895	1.49421	33.685	92.7652	159.235
THR_145	-4.78586	0.6025	4.2608	-0.11557	0.1289	0.07531	2.39931	5.98829	0.03328	0.43735	-0.48259	-0.79703	0	0	0	0	0	0	0.39959	0.79955	0.58259	0.21696	0	-0.66814	0	4.97491	-0.9333	1.09315	14.21	134.244	39.7557
ASN_146	-3.40664	0.26413	2.60814	-0.29245	0.1497	0.52956	1.70022	3.89746	0.03706	0.3818	0.26555	-0.81666	0	0	0	-0.66076	0	0	0.46044	2.5956	0.07982	0	2.51577	-0.94747	0	0	-0.3009	-0.24815	8.81223	113.159	70.8415
ARG_147	-10.1594	2.66722	7.21533	-0.64136	0.21322	0.46156	3.21091	9.67884	0.00336	0.02217	-2.14643	0.22232	0	0	0	-1.29383	0	0	-0.13466	3.2947	0.3729	2.9218	0	-0.15794	0	0	-0.1423	-0.37737	15.231	243.643	21.3572
CYS:disulfide_148	-6.42438	1.43296	3.9155	-0.04919	0.07068	0.02434	2.33256	5.85378	0	0	-1.21295	-0.50033	0	0	0	-0.66076	0	-0.4876	-0.15695	0.19184	0.15038	0.04146	0	0.47208	0	0	4.3148	0.44409	9.75231	154.975	1.02469
LEU_149	-5.09336	1.17367	3.17533	-0.51444	0.76865	0.12564	1.40921	4.7327	0.09011	0.81526	0.25424	0.27914	0	0	0	0	0	0	-0.12859	1.24474	0.73088	0.51386	0	-0.39173	0	0	1.3223	1.0298	11.5374	132.385	77.6153
LYS_150	-2.29395	0.43468	2.69811	-0.48848	0.1593	0.30258	0.83689	3.27054	0.00787	0.06423	0.56816	0.55378	0	0	0	0	0	0	-0.14968	2.77422	0.23618	2.53804	0	-0.04234	0	0	-0.8895	0.16336	10.744	76.1068	175.893
ALA_151	-3.38224	0.57002	2.4593	-0.02653	0.00782	0	1.26403	4.04866	0.00763	0.08208	-0.83279	-0.43126	0	0	0	0	0	0	0.14077	0	0	0	0	0.26642	0	0	2.2619	-0.5586	5.87721	113.038	39.9621
ARG_152	-8.62538	1.24581	10.0645	-0.73956	0.34321	0.47172	4.7534	11.089	0.09059	0.74704	-3.03999	0.72727	0	0	0	-1.14006	-0.8706	0	0	4.49181	0.48021	4.0116	0	0	0	0	-0.1423	-0.45469	23.5037	175.489	89.5105