label	fa_atr	fa_rep	fa_sol	fa_intra_atr_xover4	fa_intra_rep_xover4	fa_intra_sol_xover4	lk_ball	lk_ball_iso	lk_ball_bridge	lk_ball_bridge_uncpl	fa_elec	fa_intra_elec	pro_close	hbond_sr_bb	hbond_lr_bb	hbond_bb_sc	hbond_sc	dslf_fa13	omega	fa_dun	fa_dun_dev	fa_dun_rot	fa_dun_semi	p_aa_pp	yhh_planarity	hxl_tors	ref	rama_prepro	total	BSA	SASA
LYS_1	-3.56145	1.94495	3.74526	-0.49373	0.21976	0.22195	1.98848	4.6175	0	0	-1.75539	1.20301	0	0	0	0	0	0	0.16562	20.5444	15.2327	5.3117	0	0	0	0	-0.8895	0	48.4952	101.757	150.243
CYS:disulfide_2	-6.44064	3.57227	3.74025	-0.03973	0.02272	0.02136	1.40499	4.75916	0.00842	0.10399	-0.31862	-0.44274	0	0	0	0	0	0.59026	1.15242	27.7211	27.4119	0.30912	0	-0.17015	0	0	4.3148	0.83954	68.5604	153.567	2.4326
SER_3	-3.00552	0.27788	3.49603	-0.03579	0.04202	0.05188	1.96176	4.35528	0.09233	0.4296	0.63749	0.13042	0	0	0	-0.03554	0	0	0.82147	3.27701	1.40632	1.87069	0	0.36033	0	4.04	-0.539	0.8566	20.4913	125.107	36.8927
LEU_4	-7.71437	2.04287	1.15688	-0.54681	0.54134	0.1591	1.90206	4.84849	0.07561	0.55731	-0.45789	0.03305	0	0	0	-0.60997	0	0	0.2956	5.27595	1.5316	3.74435	0	-0.28336	0	0	1.3223	-0.30304	13.5711	210	0
THR_5	-4.98949	0.7947	4.7675	-0.16969	0.13066	0.05877	2.8046	6.61101	0	0	-1.19481	-0.38295	0	0	0	-0.4502	0	0	-0.20801	0.07209	0.00011	0.07198	0	0.08657	0	5.06148	-0.9333	0.50725	12.6383	128.106	45.8945
GLY_6	-3.29731	0.22538	3.94527	-0.00082	0	0	2.77454	5.12459	0	0	-1.988	-0.27307	0	0	0	0	0	0	-0.06646	0	0	0	0	-2.52888	0	0	1.435	1.37249	6.72274	142.734	21.2658
LYS_7	-5.07079	1.08817	4.13381	-0.38419	0.09547	0.19875	2.39241	5.15922	0.03195	0.23967	-2.30016	0.18689	0	0	0	0	-0.14041	0	0.45331	6.43375	2.89767	3.53608	0	0.24594	0	0	-0.8895	0.33676	18.6448	155.081	96.9195
TRP_8	-13.8148	2.0598	6.08923	-0.78335	0.10317	0.38207	4.05917	10.8799	0	0	-3.83274	-0.24502	0	0	0	-0.60997	0	0	1.00871	2.04851	0.06988	0	1.97863	-0.27062	0	0	3.7077	-0.30296	12.5274	270	0
THR_9	-4.8363	1.41441	4.73833	-0.23168	0.36287	0.0922	3.50809	6.39099	0.00273	0.02176	-3.45239	-0.92059	0	0	0	0	0	0	-0.01274	2.42925	0	2.42925	0	-0.4539	0	2.44587	-0.9333	-0.40166	12.5932	129.128	44.8722
ASN_10	-8.51004	2.57771	7.54871	-0.32195	0.22608	0.56364	4.59817	10.1643	0.00438	0.02398	-2.85763	-0.54007	0	0	0	-0.23268	0	0	0.58888	2.77997	0.76559	0	2.01438	0.21077	0	0	-0.3009	0.21043	19.5138	172.155	11.8453
ASN_11	-4.67304	0.33935	4.44868	-0.29042	0.01813	0.55684	2.61818	5.85731	0.00821	0.04983	-0.67748	-1.18798	0	0	0	-0.59772	-0.85557	0	0.64858	4.53292	0.30339	0	4.22953	0.115	0	0	-0.3009	0.7323	15.8751	101.701	82.2987
LEU_12	-4.27436	0.59395	3.03455	-0.5231	0.5309	0.15036	1.96883	4.57185	0	0	-0.16536	0.14132	0	0	0	-0.23263	0	0	-0.12521	0.48552	0.33727	0.14825	0	-0.29595	0	0	1.3223	-0.26052	7.40796	115.706	94.2936
GLY_13	-2.46686	0.22623	2.82873	-6e-05	0	0	1.53971	3.93958	0.00273	0.02176	-1.19528	-0.37222	0	0	0	0	0	0	-0.25812	0	0	0	0	-2.48324	0	0	1.435	-1.36166	1.8563	114.514	49.4859
SER_14	-5.83923	1.60729	6.16841	-0.03378	0.00761	0.02181	3.96872	7.81092	0.01522	0.10692	-2.35272	-0.58596	0	0	0	-5e-05	0	0	0.01422	1.12142	0.20574	0.91568	0	-0.31356	0	4.04	-0.539	-1.43393	14.9057	159.247	2.75333
ILE_15	-4.88909	0.73769	4.20101	-0.47674	1.23344	0.09319	3.19427	5.70481	0	0	-2.54395	0.11059	0	0	0	0	0	0	2.37222	0.79451	0.16564	0.62887	0	-1.09723	0	0	1.8006	-0.8792	11.1506	160.88	46.1203
MET_16	-8.85542	1.66065	2.98732	-0.37967	0.24892	0.17106	3.10891	5.41526	0	0	-2.24676	-0.35109	0	0	0	0	0	0	0.27519	4.38255	0.94122	3.44133	0	-0.1494	0	0	1.4633	-0.39342	11.72	261.488	0.512343
THR_17	-5.21129	1.38981	5.23571	-0.16373	0.08902	0.0625	3.73798	6.5307	0.01491	0.08144	-2.98957	-0.68896	0	0	0	0	-0.14041	0	-0.13319	0.56898	0.30836	0.26062	0	0.03449	0	5.06082	-0.9333	0.24786	13.3627	145.396	28.6039
ILE_18	-8.82603	2.06215	2.82278	-0.47543	0.99898	0.08849	2.90246	6.56383	0.07561	0.55731	-2.72698	0.13669	0	0	0	0	0	0	-0.01592	1.25756	0.50939	0.74817	0	-1.17762	0	0	1.8006	-0.16675	7.13529	205.176	1.82445
ARG_19	-5.56087	2.58937	5.06053	-0.61812	0.30784	0.41374	2.68063	7.01289	0	0	-1.50368	0.34857	0	0	0	0	0	0	-0.1224	3.68238	1.24264	2.43974	0	1.30403	0	0	-0.1423	2.03732	21.1723	149.199	115.801
ALA_20	-1.90227	0.15179	1.60521	-0.02526	5e-05	0	0.56739	2.45291	0.03154	0.19924	-0.2095	-0.21708	0	0	0	0	0	0	0.30364	0	0	0	0	-0.00147	0	0	2.2619	1.76742	6.9855	88.3132	64.6868
VAL_21	-6.06326	2.45849	2.27464	-0.27847	0.27338	0.05732	1.52147	5.30344	0	0	-0.45901	-0.03483	0	0	0	0	0	0	-0.01688	0.1522	0.00066	0.15154	0	-0.79814	0	0	2.7371	-1.26159	6.01806	165.752	16.2478
ASN_22	-6.04595	0.86911	7.76934	-0.33093	0.27407	0.5786	5.15046	9.42823	0.00025	0.00066	-4.45977	-0.27805	0	0	0	-0.41235	-0.88434	0	0.70369	2.37388	0.61664	0	1.75724	-0.57858	0	0	-0.3009	-0.0816	16.1497	121.471	62.5288
SER_23	-2.32107	0.43713	2.60203	-0.04031	0.01192	0.04755	0.79418	3.02938	0	0	0.99046	-0.23706	0	0	0	0	0	0	1.87131	0.51608	0.23933	0.27675	0	-0.39831	0	4.04	-0.539	-0.13962	11.1807	60.2555	101.744
ARG_24	-3.47884	0.42116	3.43551	-0.698	0.44556	0.38821	1.5974	4.03138	0	0	0.58401	0.26579	0	0	0	0	0	0	0.07598	3.96748	0.57564	3.39183	0	-0.10992	0	0	-0.1423	-1.0242	13.7267	71.7929	193.207
GLY_25	-5.49714	1.3638	4.52709	-6e-05	0	0	3.08691	6.81375	0.0014	0.01016	-2.73957	-0.38557	0	0	0	0	0	0	-0.35186	0	0	0	0	-2.47354	0	0	1.435	-1.36371	4.42665	164	0
GLU_26	-6.73326	1.19376	5.95451	-0.23458	0.15716	0.38481	3.61509	7.54571	0	0	-2.68664	-0.39756	0	0	0	-0.41235	-0.88434	0	-0.01509	5.34158	0.80548	0	4.53609	-0.0722	0	0	-1.6358	-1.46391	14.9985	179.525	43.4749
PHE_27	-10.0826	1.62909	2.6976	-1.02612	0.2248	0.7023	2.99824	7.32926	0	0	-2.33418	-0.17161	0	0	0	0	0	0	0.41119	2.43906	0.27459	0	2.16448	-0.38732	0	0	1.9602	-0.50514	8.32379	233.669	3.33141
THR_28	-4.98102	1.7545	3.54109	-0.20566	0.14579	0.06729	2.44825	5.28939	0.03129	0.19858	-2.32763	-0.10718	0	0	0	0	0	0	0.19624	2.06517	0.1431	1.92207	0	-1.14472	0	5.01273	-0.9333	-0.16997	12.946	131.346	42.6542
GLY_29	-4.67478	1.78769	3.69636	-0.00179	0	0	2.31261	5.67164	0	0	-1.73673	-0.38077	0	0	0	0	0	0	0.37497	0	0	0	0	-2.45518	0	0	1.435	0.30744	6.33646	164	0
THR_30	-5.73779	1.28744	4.44799	-0.12318	0.09845	0.08394	3.26134	6.35665	0.01491	0.08144	-2.00663	-0.83787	0	0	0	0	0	0	1.00352	0.19202	0.00598	0.18604	0	-0.58028	0	5.03635	-0.9333	-0.00747	11.8295	157.51	16.4899
TYR_31	-10.0384	1.18413	3.39015	-0.62861	0.1341	0.08799	2.97411	6.91855	0	0	-1.39725	-0.47012	0	0	0	0	0	0	0.62351	5.85623	2.03709	0	3.81915	-0.34999	0	0	1.7379	0.20545	16.084	242.973	5.02694
LEU_32	-4.97938	0.25724	3.24255	-0.60255	1.12688	0.17656	2.49835	5.29262	0	0	-2.57638	0.22048	0	0	0	0	0	0	0.26299	1.75166	0.61431	1.13734	0	-0.21482	0	0	1.3223	1.28649	10.8166	133.963	76.0372
THR_33	-5.8814	0.8709	2.51122	-0.227	0.22703	0.09869	2.01239	5.12152	0	0	1.49353	-0.06936	0	0	0	0	0	0	0.03316	2.68789	0.03388	2.65401	0	0.17007	0	5.00202	-0.9333	0.43746	16.2427	159.82	14.1801
ALA_34	-3.18125	0.32736	1.38881	-0.02489	0.00149	0	1.15088	3.51467	0	0	0.38801	-0.39206	0	0	0	0	0	0	0.06714	0	0	0	0	-0.01966	0	0	2.2619	-0.55726	4.92515	110.097	42.9027
VAL_35	-3.2882	0.42431	1.53252	-0.30675	0.28591	0.06669	1.38206	3.36877	0.01084	0.08294	0.73633	-0.51717	0	0	0	0	0	0	0.02778	0.77459	0.12154	0.65305	0	-0.57162	0	0	2.7371	-0.819	6.70168	93.3744	88.6256
ALA_36	-3.58632	0.84547	0.85358	-0.01949	0	0	0.43281	2.78779	0	0	0.63038	-0.42875	0	0	0	0	0	0	0.08007	0	0	0	0	-0.65674	0	0	2.2619	0.06571	3.26642	110.767	42.2332
ASP_37	-1.87203	0.18546	1.72277	-0.20969	0.04706	0.68184	0.19424	2.06217	0.00454	0.02298	0.6167	0.05083	0	0	0	0	0	0	-0.00708	6.44474	1.41613	0	5.0286	0.26178	0	0	-1.6204	0.61677	15.6474	59.6626	125.337
ASN_38	-3.91061	0.98642	3.98032	-0.19364	0.02869	0.33406	1.58275	5.24574	0.06128	0.33864	-0.1322	-0.71457	0.98633	0	0	0	0	0	0.09587	3.18454	0.06562	0	3.11893	-0.87623	0	0	-0.3009	2.79355	16.6746	97.6628	86.3372
PRO_39	-4.13927	1.6785	2.31518	-0.08471	3e-05	0.05357	1.24816	3.25246	0.0145	0.18165	-0.39527	0.67245	1.04014	0	0	0	0	0	0.73419	0.88699	0.25734	0.62965	0	-0.20701	0	0	-4.6787	2.43793	5.89778	109.484	89.5165
GLY_40	-1.44012	0.2889	1.63735	-5e-05	0	0	0.57294	2.15451	0	0	0.29379	-0.42043	0	0	0	0	0	0	-0.31291	0	0	0	0	0.62469	0	0	1.435	0.49228	5.32597	78.3747	85.6253
ASN_41	-3.94867	0.90671	3.59153	-0.18421	0.05077	0.30817	2.19487	4.74426	0.05674	0.31566	-1.19596	-0.27591	0	0	0	0	0	0	0.71854	2.64136	0.01616	0	2.6252	-0.27556	0	0	-0.3009	0.12668	12.1154	104.18	79.8204
ILE_42	-7.13505	1.47787	1.34213	-0.48497	0.98742	0.09791	1.45773	5.15269	0.0145	0.18165	-0.7985	0.51307	0	0	0	0	0	0	2.40384	1.33895	0.54224	0.79671	0	-0.13752	0	0	1.8006	-0.67173	8.87955	177.128	29.8725
THR_43	-4.05982	0.67512	3.53027	-0.12152	0.07578	0.08404	2.30639	4.92161	0.00365	0.07472	0.15833	-0.83962	0	0	0	0	0	0	0.06962	0.35881	0.09451	0.2643	0	-0.45129	0	5.03368	-0.9333	-0.59537	10.6499	115.069	58.9312
LEU_44	-4.30334	0.93764	1.79855	-0.52877	0.78407	0.10707	0.84416	3.41858	0	0	-0.50559	0.37125	0	0	0	0	0	0	0.77022	0.95087	0.29597	0.65489	0	0.01052	0	0	1.3223	-0.30316	6.62524	132.354	77.6459
SER_45	-6.04059	1.06818	5.95621	-0.03256	0.00256	0.02105	4.35748	7.34432	0	0	-2.76049	-0.58759	0.05267	0	0	-0.66736	0	0	0.25205	0.85084	0.037	0.81384	0	-0.03934	0	4.04	-0.539	3.10938	17.2386	162	0
PRO_46	-4.72055	1.27243	3.03195	-0.19994	0.04454	0.14866	1.82149	3.74803	0	0	-1.58202	0.00029	0.07335	0	0	0	0	0	0.0509	0.60565	0.32472	0.28093	0	-0.58913	0	0	-4.6787	3.12643	2.75902	161.597	37.4034
LEU_47	-9.27852	1.98313	3.06446	-0.73685	1.55961	0.3118	2.52571	7.13174	0	0	-2.38717	-0.05144	0	0	0	0	0	0	0.20053	2.06982	0.56301	1.50681	0	0.26235	0	0	1.3223	0.29911	10.3464	209.392	0.60815
LEU_48	-7.26401	1.89774	3.29786	-0.53406	0.8529	0.11601	2.7638	6.10342	0.02701	0.30817	-2.23542	0.20277	0	0	0	0	0	0	0.20134	3.92285	2.96238	0.96047	0	-0.25904	0	0	1.3223	0.82245	15.469	196.932	13.0683
GLY_49	-5.07355	1.28912	3.48752	-0.00119	0	0	2.6508	5.81053	0	0	-2.75424	-0.31808	0	0	0	0	0	0	-0.0622	0	0	0	0	-0.8989	0	0	1.435	1.28623	6.85105	164	0
ILE_50	-8.99189	1.31727	3.79107	-0.45434	1.60381	0.09773	3.13433	7.49383	0	0	-2.25029	-0.06131	0	0	0	0	0	0	1.26849	5.66752	5.08211	0.58541	0	-0.34115	0	0	1.8006	0.92472	20.6679	204.759	2.24099
GLN_51	-8.60307	2.57548	5.83269	-0.46651	0.34162	0.32285	3.97029	8.1685	0	0	-0.48569	-0.29871	0	0	0	0	0	0	1.50997	7.73767	1.16763	0	6.57003	0.01782	0	0	-0.1077	0.28398	28.5369	213.351	3.6489
HIS_52	-8.81408	8.51889	8.47547	-0.38257	0.00218	0.42522	3.62434	10.7745	0	0	-0.2744	-0.33973	0	0	0	-0.20911	0	0	3.0474	4.30673	0.34268	0	3.96404	-0.10548	0	0	0.8406	-0.58113	33.6156	238.181	2.81906
LYS_53	-5.07732	0.74014	6.11624	-0.77338	0.37875	0.50861	1.76838	6.64825	0.0014	0.01016	-0.89736	0.04474	0	0	0	0	0	0	0.04604	11.0948	8.67261	2.42217	0	-0.21004	0	0	-0.8895	0.09741	30.7021	179.145	72.8555
ARG_54	-1.60794	0.05549	2.4335	-0.59095	0.12427	0.38232	0.84078	2.76468	0	0	0.16444	0.59548	0	0	0	0	0	0	0.56548	3.47949	0.41837	3.06112	0	-0.23538	0	0	-0.1423	0.42747	12.7363	61.5127	203.487
ALA_55	-3.42475	0.43312	2.68493	-0.0257	0.00023	0	1.04147	4.16319	0.06672	0.50664	0.61144	-0.24022	0	0	0	0	0	0	0.34682	0	0	0	0	0.13556	0	0	2.2619	-0.95489	7.60646	121.13	31.8705
SER_56	-3.80671	1.21066	2.90956	-0.03708	0.00414	0.03859	1.54757	3.68154	0	0	0.27711	-0.35954	0	0	0	0	0	0	0.02961	0.70919	0.21237	0.49682	0	0.27463	0	4.04	-0.539	-1.13239	9.55706	101.002	60.9984
GLN_57	-6.74761	1.01329	5.14144	-0.3168	0.08234	0.29417	3.03499	6.75241	0	0	-1.24289	-0.79845	1.19997	0	0	-1.41932	0	0	0.43542	5.36364	0.28444	0	5.0792	-0.08828	0	0	-0.1077	2.18275	20.143	178.985	38.0147
PRO_58	-7.19073	2.28727	4.68452	-0.1905	0.03559	0.14183	2.38576	5.18931	0	0	-2.16424	0.00848	1.20069	0	0	0	0	0	3.5126	1.06098	0.42368	0.63729	0	-1.16868	0	0	-4.6787	2.05041	8.22557	195.414	3.5864
THR_59	-7.3952	11.7833	5.57983	-0.23225	0.36169	0.07085	3.54187	7.70103	0.09716	0.48496	-2.27852	-0.51939	0	0	0	0	0	0	0.60127	2.69828	0.08223	2.61605	0	-0.40831	0	4.71726	-0.9333	-0.93791	27.6309	173.553	0.446804
PHE_60	-10.7173	2.08336	3.10253	-1.06896	0.38882	0.67717	2.94534	8.01051	0.0187	0.18947	-2.34312	-0.12104	0	0	0	0	0	0	0.714	2.23053	0.00982	0	2.22071	-0.76701	0	0	1.9602	-0.00147	9.53222	237	0
GLY_61	-4.78413	1.48569	3.26204	-0.0016	0	0	2.50963	5.50814	0	0	-2.70706	-0.37931	0	0	0	0	0	0	1.78376	0	0	0	0	0.86316	0	0	1.435	2.11252	11.0878	164	0
PHE_62	-9.86081	1.7243	2.3449	-0.87531	0.08117	0.51446	2.91376	6.31682	0	0	-2.49806	-0.1889	0	0	0	0	0	0	-0.01879	1.97574	0.05871	0	1.91703	-0.67146	0	0	1.9602	1.6705	7.36428	237	0
THR_63	-7.36493	1.51901	4.64526	-0.17001	0.14708	0.0611	3.74154	7.7102	0.03335	0.37063	-2.47914	-0.54929	0	0	0	0	0	0	1.03863	0.33708	0.05089	0.28619	0	-0.3371	0	5.04035	-0.9333	-0.00887	13.1387	174	0
VAL_64	-8.03056	1.05287	2.0607	-0.27864	0.27446	0.05891	2.4005	5.9799	0.03084	0.2659	-2.55569	-0.22545	0	0	0	0	0	0	1.66724	0.80304	0.5752	0.22784	0	-1.00865	0	0	2.7371	-0.41455	5.62097	182	0
HIS_65	-7.73791	3.36253	5.83482	-0.73405	4.87303	0.81631	2.42559	8.04147	0.00167	0.00555	-0.65053	-0.92858	0	0	0	0	0	0	0.13355	7.96371	3.36551	0	4.5982	-0.34646	0	0	0.8406	0.2824	32.1474	217.39	23.6095
TRP_66	-11.0721	2.22342	5.06887	-0.98494	0.17961	0.45679	2.94977	8.84164	0.01369	0.09114	0.23687	-0.08687	0	0	0	-0.00024	0	0	0.21255	3.5055	1.24837	0	2.25714	-0.05608	0	0	3.7077	0.19735	18.9902	248.971	21.0295
ASN_67	-4.53129	2.28228	4.23831	-0.18429	0.12998	0.3304	1.88207	5.15166	0.00365	0.07472	-0.43222	-0.36126	0	0	0	-0.66736	0	0	0.15436	5.58229	1.68106	0	3.90123	-0.41752	0	0	-0.3009	-1.17928	17.3379	101.928	82.0716
PHE_68	-7.67932	1.22726	2.07997	-0.98323	0.28398	0.54381	2.0283	4.93221	0	0	0.02088	-0.82926	0	0	0	0	0	0	0.05641	3.58051	0.09184	0	3.48867	-0.22449	0	0	1.9602	0.01518	10.5929	186.768	50.2317
SER_69	-3.90387	0.48685	4.43035	-0.03118	0.00501	0.03744	2.6313	5.25026	0	0	0.85827	-0.12072	0	0	0	-0.08108	0	0	0.52805	3.13532	0.14912	2.9862	0	-0.79679	0	4.04	-0.539	0.346	19.4115	117.403	44.5966
GLU_70	-3.71127	1.9009	3.7209	-0.49924	0.20418	1.0471	0.92727	4.67684	0.18213	0.98966	0.17374	-0.39546	0	0	0	0	0	0	-0.10439	4.19162	0.38658	0	3.80504	-0.14409	0	0	-1.6358	-0.71912	14.9966	141.83	81.1696
SER_71	-5.4626	7.01056	5.04375	-0.03717	0.00355	0.05434	2.47831	6.73913	0.04454	0.35704	-0.8442	-0.54676	0	0	0	0	0	0	-0.04292	0.38077	0.13376	0.24702	0	-0.71019	0	4.04	-0.539	-0.79109	17.5588	146.759	15.2415
THR_72	-7.63399	9.45208	5.40111	-0.16163	0.15448	0.05737	3.47451	8.51567	0	0	-2.51874	-0.47755	0	0	0	0	0	0	0.67815	1.03872	0.29479	0.74393	0	-0.00062	0	5.0508	-0.9333	-0.15823	22.9776	173.392	0.60815
THR_73	-7.56451	1.98546	4.22719	-0.15136	0.1108	0.05384	3.67338	7.31054	0	0	-2.9577	-0.58096	0	0	0	0	0	0	2.15734	0.70939	0.10385	0.60554	0	-0.32692	0	5.03742	-0.9333	0.30542	13.7654	170.222	3.77802
VAL_74	-8.49891	2.38466	2.64725	-0.31371	0.33776	0.07	3.47755	7.19305	0	0	-2.35435	-0.45868	0	0	0	0	0	0	0.0635	1.77523	0.05148	1.72376	0	-1.04884	0	0	2.7371	-0.22494	9.56191	182	0
PHE_75	-9.71115	1.8351	2.177	-0.54271	0.1309	0.25922	2.97728	6.26525	0.00046	0.01236	-2.9836	-0.05329	0	0	0	0	0	0	1.34007	2.87457	0.13513	0	2.73944	-0.29881	0	0	1.9602	-0.66613	8.45131	228.759	8.24144
THR_76	-6.73204	1.15792	4.35613	-0.22444	0.17249	0.08576	3.4958	6.72963	0.02887	0.29197	-3.15139	-0.31164	0	0	0	0	0	0	0.56789	1.78141	0.15607	1.62534	0	-0.26437	0	5.02054	-0.9333	-0.65351	13.1991	173.392	0.60815
GLY_77	-5.10392	1.76687	3.9581	-0.00156	0	0	2.41461	5.94617	0.01017	0.1025	-1.76011	-0.36391	0	0	0	0	0	0	-0.20027	0	0	0	0	-2.43088	0	0	1.435	0.36555	6.13834	164	0
GLN_78	-10.5042	5.73411	8.70629	-0.32543	0.19149	0.18145	5.30321	11.4915	0	1e-05	-2.00021	0.22637	0	0	0	0	0	0	0.1752	7.23205	0.32695	0	6.9051	-0.15017	0	0	-0.1077	0.54669	33.9328	217	0
CYS:disulfide_79	-7.31241	1.68699	3.62163	-0.06431	0.01426	0.04539	1.93668	5.62855	0.00139	0.00532	-1.12121	-0.4405	0	0	0	0	0	0.59026	0.6068	0.79266	0.36874	0.42392	0	0.03801	0	0	4.3148	-0.14454	10.9924	156	0
PHE_80	-11.1246	1.66319	4.70679	-0.58708	0.06429	0.29791	2.98533	8.52175	0	1e-05	-2.73467	0.22389	0	0	0	0	0	0	0.43254	2.98935	0.01294	0	2.97641	-0.44541	0	0	1.9602	-0.455	11.4879	229.474	7.52596
ILE_81	-6.41422	3.0349	3.02373	-0.5046	0.94934	0.12691	2.01865	5.40167	0.00139	0.00532	-1.02769	-0.00821	0	0	0	-1.16477	0	0	-0.09959	3.75164	3.28595	0.4657	0	-1.25619	0	0	1.8006	-0.91351	12.477	165.453	41.5472
ASP_82	-4.84517	0.79125	7.99478	-0.22911	0.165	0.79452	4.31959	8.89585	0	0	-4.95838	-0.79402	0	0	0	-0.60167	0	0	0.09646	2.79958	0.69141	0	2.10817	-0.73055	0	0	-1.6204	-0.62014	14.2572	113.646	71.3538
ARG_83	-1.96197	0.13845	2.29142	-0.84559	0.41126	0.6477	0.55562	2.6119	0.00208	0.00731	0.49663	0.64474	0	0	0	0	0	0	0.21809	21.3504	18.9472	2.40319	0	-0.17343	0	0	-0.1423	-0.11686	47.4859	32.446	232.554
ASN_84	-2.70698	0.46679	3.531	-0.21512	0.11787	0.36082	1.63101	4.07822	0.00208	0.00731	-0.92334	-0.70542	0	0	0	-0.1806	0	0	-0.10439	5.54719	0.87081	0	4.67638	-0.62073	0	0	-0.3009	-0.86171	14.6703	70.1255	113.875
GLY_85	-2.29071	0.3044	2.65237	-5e-05	0	0	1.20735	3.63003	0	0	-1.28597	-0.38989	0	0	0	0	0	0	0.21577	0	0	0	0	-2.36741	0	0	1.435	-1.82114	1.28974	117.977	46.0229
LYS_86	-4.16843	0.56046	5.85951	-0.54215	0.24567	0.28735	3.03904	6.65187	0.01024	0.03686	-2.37882	0.62977	0	0	0	-0.42107	0	0	0.10147	5.29402	1.44603	3.84799	0	-0.02982	0	0	-0.8895	-1.42854	18.1519	130.938	121.062
GLU_87	-6.42843	1.30785	6.06517	-0.22538	0.08779	0.34143	2.70868	6.81411	0.18346	0.88202	-1.92996	-0.51774	0	0	0	0	-0.31888	0	0.21373	4.09543	0.05695	0	4.03848	0.30188	0	0	-1.6358	-0.55969	15.4811	210.011	12.9891
VAL_88	-5.9631	0.86733	3.10453	-0.26048	0.24657	0.05392	3.08229	5.9605	0.01189	0.04127	-1.98675	-0.25883	0	0	0	0	0	0	2.56958	0.98178	0.48525	0.49653	0	-1.11105	0	0	2.7371	-0.34528	10.7131	161.247	20.7534
LEU_89	-9.38796	3.10679	1.62031	-0.51236	0.40364	0.13419	2.92117	5.85328	0.00237	0.00636	-2.15819	0.10912	0	0	0	0	0	0	1.85411	2.43989	0.98741	1.45249	0	-0.56517	0	0	1.3223	-0.3772	9.21255	210	0
LYS_90	-7.11703	2.04586	6.97391	-0.66002	1.41261	0.30004	3.6485	7.70257	0.00166	0.00441	-4.02072	0.16521	0	0	0	0	-0.47449	0	-0.12915	4.15286	0.36174	3.79112	0	0.46852	0	0	-0.8895	-0.17173	17.5664	204.387	47.6132
THR_91	-6.6765	0.93686	4.71638	-0.1265	0.13349	0.08728	3.47021	6.81775	0.00237	0.00636	-2.53138	-1.04672	0	0	0	0	0	0	2.2957	1.16616	0.96246	0.2037	0	-0.55027	0	5.00857	-0.9333	-0.5323	13.4103	168.441	5.55926
MET_92	-6.09972	1.05659	3.90204	-0.36594	0.47092	0.01593	3.03895	5.67803	0	0	-2.38224	-0.24593	0	0	0	0	0	0	1.7274	3.98978	2.00987	1.97992	0	-0.07556	0	0	1.4633	-0.39238	15.771	186.186	75.8138
TRP_93	-11.8491	2.70237	5.46938	-1.42705	0.52369	0.82556	3.40517	10.6178	0	0	-2.88728	-0.25211	0	0	0	-0.09458	0	0	0.84237	3.35563	0.3702	0	2.98542	-0.39727	0	0	3.7077	0.18585	18.0838	234.624	35.3761
LEU_94	-8.87608	2.66524	2.72805	-0.46569	0.53765	0.09781	3.50454	7.10287	0.01893	0.06139	-2.55332	-0.00292	0	0	0	0	0	0	-0.08166	1.25885	0.10554	1.15331	0	-0.16225	0	0	1.3223	0.03672	8.45128	207.436	2.56407
LEU_95	-7.59962	1.48357	5.04316	-0.61669	0.23296	0.18738	3.29998	7.58423	0.00293	0.00779	-2.24692	0.09849	0	0	0	0	0	0	-0.07213	3.02709	1.98737	1.03972	0	-0.41247	0	0	1.3223	0.11232	14.4815	179.76	30.24
ARG_96	-11.9858	4.35076	11.7681	-0.79207	1.2886	0.4049	6.18764	13.9946	0.08739	0.46744	-5.32279	0.61479	0	0	0	-0.07727	-1.00722	0	2.35884	5.22972	2.26135	2.96837	0	0.23572	0	0	-0.1423	0.12501	33.0158	260.95	4.05033
SER_97	-4.16056	0.1837	4.32331	-0.03329	0.0014	0.02122	2.33516	5.48476	0.03517	0.13513	-2.38529	-0.58467	0	0	0	-0.07727	0	0	0.49887	0.83967	0.00164	0.83803	0	-0.17818	0	4.04	-0.539	-0.42788	10.3519	133.273	28.7266
SER_98	-2.9163	0.2834	2.41498	-0.04123	0.02414	0.05993	0.38683	3.07302	0	0	0.02807	0.08739	0	0	0	0	0	0	0.9993	0.75541	0.02365	0.73176	0	0.70977	0	4.04	-0.539	-0.30303	9.81807	114.668	47.3323
VAL_99	-6.1756	2.95584	2.30012	-0.28858	0.19032	0.05224	2.10764	5.48309	0.03622	0.27871	0.32401	-0.12719	0	0	0	0	0	0	1.97032	0.41534	0.18367	0.23167	0	-0.49264	0	0	2.7371	0.22378	12.406	163.362	18.6379
ASN_100	-2.07431	0.11465	1.9721	-0.17053	0.02206	0.24753	0.80542	2.52519	0	0	-0.71401	-0.22851	0	0	0	-0.23426	0	0	-0.08882	2.54025	0.6526	0	1.88764	0.48336	0	0	-0.3009	0.32715	7.76661	64.6095	119.39
ASP_101	-5.31587	0.52737	6.35364	-0.22906	0.03201	0.8025	3.78221	7.92897	0.00349	0.0681	-2.83388	-0.54264	0	0	0	-0.60493	0	0	1.50692	4.07824	0.00057	0	4.07767	-0.06576	0	0	-1.6204	0.39534	18.3445	134.272	50.7279
ILE_102	-5.05866	1.14168	2.84726	-0.6147	0.89249	0.18771	1.42	4.18177	0.04212	0.27707	-0.7007	0.149	0	0	0	0	0	0	-0.01819	2.06619	0.11568	1.95052	0	0.55995	0	0	1.8006	0.29327	11.5331	118.953	88.047
SER_103	-2.96828	0.46342	3.73409	-0.04043	0.02741	0.05327	2.25116	4.58516	0	0	-1.03936	-0.17472	0	0	0	-0.60493	0	0	0.05807	1.0004	0.77921	0.22119	0	-0.30721	0	4.04	-0.539	-0.2341	11.3054	79.7952	82.2048
TYR_104	-7.11297	2.38773	5.47886	-0.61162	0.06792	0.33429	3.18276	7.58685	0.00349	0.0681	-1.75979	-0.21615	0	0	0	0	0	0	0.18962	2.72178	0.02726	0	2.69453	-0.29668	0	0	1.7379	-0.77431	15.7096	163.246	84.7536
ASP_105	-6.20092	0.78635	7.62815	-0.28288	0.0257	0.92694	4.03214	8.80944	0	0	-4.9183	0.15663	0	0	0	0	-1.00722	0	-0.10991	4.90487	0.33383	0	4.57104	0.03554	0	0	-1.6204	-0.04825	18.0228	163.681	21.3186
TRP_106	-4.49744	1.4074	3.55707	-1.39333	0.282	0.52085	0.96246	4.89586	0.04212	0.27707	0.24599	-0.43585	0	0	0	0	0	0	0.14788	2.2174	0.00861	0	2.20878	0.14409	0	0	3.7077	0.38512	14.6838	53.202	216.798
LYS_107	-4.83343	2.18658	3.39127	-0.47119	0.12359	0.31457	1.41401	4.39666	0	0	-0.32285	0.00291	0	0	0	0	0	0	2.36394	4.88844	1.69175	3.19669	0	0.00377	0	0	-0.8895	-0.24809	17.2091	142.907	109.093
ALA_108	-5.03534	0.85449	3.35137	-0.02742	0.02433	0	2.95408	6.1707	0.0189	0.07005	-2.64581	-0.41498	0	0	0	0	0	0	0.13307	0	0	0	0	0.40119	0	0	2.2619	-0.70339	7.41313	149.621	3.37912
THR_109	-4.14402	1.78702	2.34662	-0.1747	0.13336	0.0646	0.90151	3.57184	0	0	-0.56313	-0.64355	0	0	0	0	0	0	1.40813	0.87467	0.54516	0.32952	0	0.19419	0	5.07065	-0.9333	0.06731	10.8359	127.936	46.0635
ARG_110	-5.14749	0.80975	4.37452	-0.6468	0.17724	0.43008	2.97857	5.78682	0.0189	0.07005	-2.41978	0.64507	0	0	0	0	0	0	0.09058	4.95489	2.31133	2.64356	0	-0.10244	0	0	-0.1423	0.40585	17.2384	145.817	119.183
VAL_111	-3.579	0.87133	0.51641	-0.33545	0.25412	0.07814	0.68337	2.60725	0	0	-0.52589	0.00937	0	0	0	0	0	0	-0.06817	1.20103	0.00267	1.19836	0	-0.63576	0	0	2.7371	-0.48591	4.52894	76.1563	105.844
GLY_112	-4.10882	1.44371	2.98747	-0.00168	0	0	2.13497	5.0163	0	0	-1.66985	-0.3632	0	0	0	0	0	0	-0.169	0	0	0	0	-2.00175	0	0	1.435	0.01169	4.71484	146.58	17.4197
TYR_113	-4.84897	1.12506	3.06266	-0.99866	0.11753	0.52779	1.1442	4.86204	0.00598	0.03957	-0.61511	-0.2305	0	0	0	-0.09458	0	0	2.14418	3.64912	0.70364	0	2.94547	-0.62134	0	0	1.7379	0.41041	15.0664	92.3874	155.613
ASN_114	-8.03191	0.9763	6.91697	-0.17079	0.09177	0.21977	4.52271	9.26776	0.10952	0.46253	-1.90373	-0.46417	0	0	0	0	-0.85557	0	0.33576	6.34603	0.99141	0	5.35462	0.33276	0	0	-0.3009	0.84026	25.0411	182.176	1.82445
ASN_115	-5.32756	1.11273	5.2401	-0.18545	0.0089	0.30522	3.6254	6.76464	0.1073	0.45227	-2.41139	-0.4552	0	0	0	-0.59772	-0.47449	0	-0.08947	3.42703	0.66867	0	2.75836	0.97247	0	0	-0.3009	0.87146	16.4724	137.629	46.3711
PHE_116	-11.1774	4.48375	3.18733	-0.52982	0.14631	0.2608	3.58671	7.19128	0.00025	0.00136	-2.59507	-0.00657	0	0	0	0	0	0	1.32639	3.11405	0.00904	0	3.10501	-0.30352	0	0	1.9602	-0.34319	13.4169	237	0
THR_117	-4.42827	0.96916	3.66367	-0.11304	0.07247	0.07155	2.77024	5.58274	0	0	-2.51031	-0.53481	0	0	0	0	0	0	1.14497	0.86139	0.73292	0.12847	0	-0.79052	0	5.05184	-0.9333	-0.93124	10.8079	117.252	56.7479
ARG_118	-6.78654	0.50052	7.3503	-0.59966	0.25225	0.31046	3.23068	8.71931	0.12564	0.66352	-2.9269	0.40533	0	0	0	-0.48574	-0.31888	0	0.36777	5.2512	1.74361	3.50758	0	-0.17741	0	0	-0.1423	-1.05457	19.9362	194.355	70.6446
LEU_119	-2.94495	0.13046	2.6009	-0.71403	1.00577	0.28786	0.99047	3.16627	0	0	0.1224	0.1656	0	0	0	0	0	0	0.98516	1.28342	0.31265	0.97077	0	-0.2833	0	0	1.3223	0.36945	9.77121	111.418	98.5815
SER_120	-1.29435	0.08138	2.03709	-0.04012	0.00741	0.07326	0.00462	2.20034	0.01031	0.08394	0.34843	0.30305	0	0	0	0	0	0	0	3.96365	3.05243	0.91123	0	0	0	4.04	-0.539	0.89503	16.1387	26.9769	135.023
LYS_121	-3.7643	1.80987	3.72048	-0.34397	0.1721	0.12951	2.1575	4.63788	0.0011	0.00287	-2.03913	0.78694	0	0	0	0	0	0	0.24104	19.8526	16.9403	2.91229	0	0	0	0	-0.8895	0	46.3276	94.6879	157.312
CYS:disulfide_122	-6.96279	5.64644	3.98539	-0.04791	0.02363	0.0295	1.27829	5.2014	0.00774	0.09886	-1.65541	-0.4365	0	0	0	0	0	0.2601	0.16587	8.7033	8.25579	0.44751	0	0.05678	0	0	4.3148	-0.08808	29.2847	156	0
SER_123	-3.22444	0.58404	4.27516	-0.03449	0.0128	0.04444	2.31273	5.05296	0.00198	0.02605	0.15955	0.03208	0	0	0	-0.62669	0	0	0.08019	1.88728	0.06935	1.81792	0	0.32585	0	4.04	-0.539	-0.03658	16.2612	114.732	47.2684
LEU_124	-7.10881	2.51555	1.28909	-0.53091	0.33185	0.14952	1.64362	4.55946	0.02173	0.06943	-0.04081	0.106	0	0	0	-0.53212	0	0	1.78206	6.48049	2.92927	3.55122	0	-0.47163	0	0	1.3223	0.0673	18.1346	208.461	1.53938
THR_125	-4.61237	0.56454	4.11989	-0.16727	0.13856	0.05737	2.14928	5.91952	0	0	-1.09429	-0.39348	0	0	0	0	0	0	-0.13782	0.4562	0.3531	0.1031	0	0.11789	0	5.05685	-0.9333	0.58332	12.2811	125.786	48.2139
GLY_126	-3.37818	0.38406	3.82544	-0.00089	0	0	2.74546	5.03722	0	0	-2.18296	-0.30665	0	0	0	0	0	0	0.02647	0	0	0	0	-2.53052	0	0	1.435	1.53199	6.58643	147.088	16.912
LYS_127	-4.26317	0.41313	3.07166	-0.31437	0.07931	0.18429	1.59552	4.11173	0	0	-1.377	-0.27078	0	0	0	0	0	0	1.17914	6.79314	3.77961	3.01353	0	0.43968	0	0	-0.8895	0.8635	18.4094	125.361	126.639
TRP_128	-13.9465	3.33703	5.90459	-0.79577	0.07384	0.3697	4.57383	10.8343	0	0	-4.01026	-0.20812	0	0	0	-0.53212	0	0	0.71373	2.01427	0.04091	0	1.97336	-0.30704	0	0	3.7077	-0.16176	13.5818	270	0
THR_129	-5.74207	1.87943	4.64182	-0.23345	0.2505	0.09086	3.45057	6.7748	0	0	-3.35273	-0.25395	0	0	0	0	0	0	-0.00747	2.217	0.00653	2.21047	0	-0.43356	0	5.03906	-0.9333	-0.45132	15.1532	133.449	40.5508
ASN_130	-8.40676	2.31285	7.38603	-0.32409	0.22239	0.56976	4.40678	9.96865	0.00453	0.02652	-3.06599	-0.53328	0	0	0	-0.29636	0	0	0.77907	2.74195	0.6476	0	2.09434	0.28255	0	0	-0.3009	0.10029	18.6159	173.616	10.3845
ASN_131	-4.66755	0.33119	4.44307	-0.30805	0.02517	0.59579	2.59701	5.83941	0.01208	0.0529	-0.79724	-1.20033	0	0	0	-0.63793	-0.80735	0	0.80273	4.48024	0.24092	0	4.23932	0.13695	0	0	-0.3009	0.65655	15.734	99.9023	84.0977
LEU_132	-4.18425	0.53965	3.06272	-0.52599	0.69218	0.15155	1.96832	4.55111	0	0	-0.18698	0.13447	0	0	0	-0.29636	0	0	-0.10225	0.32562	0.16139	0.16423	0	-0.30938	0	0	1.3223	-0.32099	7.14734	118.771	91.2291
GLY_133	-2.35519	0.27287	2.59022	-6e-05	0	0	1.31466	3.78319	0	0	-1.06204	-0.37553	0	0	0	0	0	0	0.3007	0	0	0	0	-2.48055	0	0	1.435	-1.37548	2.0478	115.573	48.4267
SER_134	-5.89169	1.45482	6.05812	-0.03326	0.00668	0.02184	3.95053	7.86364	0.02407	0.17126	-2.51943	-0.58375	0	0	0	0	0	0	-0.00298	1.26076	0.22055	1.04021	0	-0.34282	0	4.04	-0.539	-1.52838	14.6712	160.784	1.2163
ILE_135	-5.579	1.27223	3.75195	-0.55158	1.09158	0.15495	3.07348	5.62691	0	0	-2.39452	-0.25793	0	0	0	0	0	0	0.18947	1.02336	0.15298	0.87037	0	-0.01199	0	0	1.8006	-0.82671	9.38616	141.909	65.0911
MET_136	-8.52105	1.29168	3.03204	-0.3841	0.18677	0.18897	2.92327	5.15277	0	0	-2.57332	-0.4599	0	0	0	0	0	0	0.55107	3.91801	0.50222	3.41579	0	-0.25857	0	0	1.4633	-0.09188	10.3371	261.488	0.512343
THR_137	-4.62094	0.97634	3.91103	-0.15809	0.13326	0.05407	2.74178	5.28028	0	0	-2.6027	-0.48542	0	0	0	0	0	0	-0.05035	0.91243	0.47407	0.43837	0	-0.33353	0	5.07541	-0.9333	0.14673	10.9594	122.063	51.9366
ILE_138	-8.53873	1.1511	2.83515	-0.47201	1.21809	0.08789	3.1872	6.46692	0.00168	0.01368	-2.61323	0.08206	0	0	0	0	0	0	0.02012	1.34965	0.80416	0.54549	0	-1.13733	0	0	1.8006	-0.30362	6.49888	206.392	0.60815
ARG_139	-5.04956	0.51419	5.47451	-0.58299	0.21387	0.35033	2.59147	6.64856	0.00322	0.03555	-1.65418	0.43099	0	0	0	0	-0.39406	0	-0.18027	3.39956	0.91586	2.4837	0	1.12284	0	0	-0.1423	1.8789	18.0602	138.075	126.925
ALA_140	-1.86408	0.15646	1.52363	-0.02497	1e-05	0	0.50793	2.37034	0.00275	0.02465	-0.16839	-0.22089	0	0	0	0	0	0	-0.12891	0	0	0	0	0.00931	0	0	2.2619	1.46857	5.9183	84.2115	68.7885
VAL_141	-5.71458	2.72977	2.26431	-0.28012	0.26273	0.05834	1.30233	5.09614	0	0	-0.53319	-0.06267	0	0	0	0	0	0	-0.14271	0.14183	0.00155	0.14028	0	-0.75959	0	0	2.7371	-1.24776	5.99375	155.92	26.0801
ASN_142	-6.03201	0.94038	7.71837	-0.32359	0.19841	0.55866	5.10985	9.36255	0	0	-4.35048	-0.24765	0	0	0	-0.51481	-0.89438	0	0.45356	1.94367	0.25867	0	1.685	-0.39995	0	0	-0.3009	-0.05617	15.1092	119.506	64.4936
SER_143	-2.27949	0.37142	2.63151	-0.038	0.00659	0.04311	0.82212	3.03201	0	0	0.9818	-0.35603	0	0	0	0	0	0	0.46768	0.3215	0.08059	0.24091	0	-0.15846	0	4.04	-0.539	-0.02439	9.64387	78.0771	83.9229
ARG_144	-3.76631	0.44961	3.91888	-0.60864	0.22944	0.39479	1.66171	4.4123	0	0	0.24425	0.01198	0	0	0	0	0	0	-0.16122	3.54512	0.95398	2.59115	0	-0.06393	0	0	-0.1423	-0.8176	12.8532	80.8903	184.11
GLY_145	-5.42395	1.33033	4.43831	-5e-05	0	0	3.00157	6.68664	0.00233	0.01676	-2.70488	-0.38957	0	0	0	0	0	0	0.04359	0	0	0	0	-2.41173	0	0	1.435	-1.36594	4.65841	164	0
GLU_146	-6.94997	1.1297	6.22538	-0.22333	0.20594	0.37216	3.45341	7.69849	0	0	-2.74402	-0.42595	0	0	0	-0.51481	-0.89438	0	0.02914	5.8488	1.54736	0	4.30144	-0.05354	0	0	-1.6358	-1.42392	15.9461	188.264	34.7359
PHE_147	-9.9323	1.51624	2.56166	-1.02438	0.22414	0.70979	2.87213	7.24475	0	0	-2.32615	-0.16427	0	0	0	0	0	0	0.54758	2.39999	0.18215	0	2.21784	-0.35661	0	0	1.9602	-0.37003	8.26274	236.488	0.512343
THR_148	-4.80535	0.49248	3.6298	-0.13034	0.16043	0.08239	2.34583	5.07872	0.00545	0.05579	-2.28106	-0.82952	0	0	0	0	-0.39406	0	-0.0072	0.35427	0.20008	0.15419	0	-1.06381	0	5.03666	-0.9333	-0.05177	7.09967	134.257	39.7426
GLY_149	-4.31969	1.23089	3.6239	-0.00174	0	0	2.0609	5.30584	0	0	-2.01564	-0.37342	0	0	0	0	0	0	-0.13782	0	0	0	0	-2.36744	0	0	1.435	0.24486	4.68563	162.975	1.02469
THR_150	-4.63238	0.66965	3.5775	-0.15642	0.10023	0.05685	2.67111	5.46411	0.027	0.11192	-2.06515	-0.59027	0	0	0	0	0	0	0.59888	0.46593	0.06259	0.40334	0	-0.08713	0	5.05518	-0.9333	0.61894	11.4186	135.319	38.6806
TYR_151	-9.81312	0.88192	3.22707	-0.61268	0.09973	0.07299	3.06832	6.77215	0	0	-1.84194	-0.4174	0	0	0	0	0	0	1.44795	7.39806	3.38088	0	4.01718	0.00457	0	0	1.7379	0.07431	19.4979	245.567	2.4328
LEU_152	-5.58539	1.01774	3.23277	-0.63683	1.26948	0.19926	2.63494	5.43323	0.02647	0.1075	-2.39517	0.23931	0	0	0	0	0	0	1.19568	1.26989	0.10021	1.16968	0	-0.2163	0	0	1.3223	0.28969	10.6745	135.939	74.0606
THR_153	-6.10828	1.08907	2.5802	-0.2265	0.19616	0.09714	2.24208	5.31467	0	0	1.45495	-0.07641	0	0	0	0	0	0	0.05331	2.65338	0.02273	2.63065	0	0.19324	0	5.01808	-0.9333	0.38218	16.5833	164.749	9.25137
ALA_154	-3.20775	0.40333	1.43157	-0.02565	0.00338	0	1.11479	3.57611	0	0	0.34158	-0.40491	0	0	0	0	0	0	-0.05756	0	0	0	0	0.06057	0	0	2.2619	-0.53637	4.961	105.807	47.1931
VAL_155	-3.32817	0.42831	1.61498	-0.30917	0.3324	0.06797	1.49918	3.46211	0.01954	0.14475	0.72023	-0.5667	0	0	0	0	0	0	0.02116	0.71779	0.00143	0.71636	0	-0.47177	0	0	2.7371	-0.71846	7.08903	94.586	87.414
ALA_156	-3.64771	0.92212	0.82167	-0.01879	0	0	0.45868	2.8019	0	0	0.67618	-0.42133	0	0	0	0	0	0	0.0867	0	0	0	0	-0.63662	0	0	2.2619	0.18774	3.49243	119.961	33.0391
ASP_157	-1.83048	0.17494	1.67852	-0.21456	0.047	0.689	0.15869	2.02249	0	0	0.53396	0.10439	0	0	0	0	0	0	0.08354	7.39047	1.82649	0	5.56398	0.31213	0	0	-1.6204	0.77222	17.6924	56.5815	128.419
ASN_158	-3.93344	0.93867	4.0061	-0.19481	0.02469	0.33345	1.56123	5.28752	0.02958	0.16221	-0.19525	-0.74183	1.55745	0	0	0	0	0	0.25288	2.99985	0.04932	0	2.95052	-0.86963	0	0	-0.3009	2.92921	16.8468	100.089	83.9111
PRO_159	-4.14241	1.50676	2.32526	-0.08237	0	0.05215	1.35263	3.29223	0.00882	0.12397	-0.40067	0.67357	1.6318	0	0	0	0	0	1.20421	1.22287	0.6099	0.61298	0	0.27253	0	0	-4.6787	2.51503	8.10057	98.2359	100.764
GLY_160	-1.44617	0.24936	1.67311	-4e-05	0	0	0.55575	2.19218	0	0	0.4045	-0.41799	0	0	0	0	0	0	-0.29615	0	0	0	0	0.75843	0	0	1.435	0.57007	5.67805	73.4192	90.5808
ASN_161	-3.93975	0.80623	3.61245	-0.18763	0.05601	0.31402	2.21181	4.75337	0.02958	0.16221	-1.2558	-0.26785	0	0	0	0	0	0	0.73107	2.61127	0.06318	0	2.54809	-0.22199	0	0	-0.3009	0.0112	11.7366	105.708	78.292
ILE_162	-7.15994	1.2635	1.46572	-0.48457	1.00487	0.097	1.52878	5.24908	0.00882	0.12397	-0.7797	0.48912	0	0	0	0	0	0	2.36893	1.21753	0.47179	0.74573	0	-0.15879	0	0	1.8006	-0.71263	8.53981	164.093	42.9065
THR_163	-4.10662	0.64717	3.52299	-0.1148	0.07057	0.07599	2.27341	4.8833	0.00062	0.01397	0.11904	-0.73282	0	0	0	0	0	0	-0.0076	0.27187	0.126	0.14588	0	-0.68293	0	5.02694	-0.9333	-0.6017	9.99799	106.357	67.6434
LEU_164	-3.52586	0.81603	1.21694	-0.47532	0.52284	0.08766	0.72801	2.70299	0	0	-0.60349	0.34821	0	0	0	0	0	0	1.29758	2.0432	1.18221	0.86099	0	-0.07102	0	0	1.3223	-0.88764	7.56563	114.711	95.2888
SER_165	-6.02079	1.1424	5.71801	-0.0339	0.00311	0.02251	4.20412	7.26363	0	0	-2.97544	-0.6005	0.25661	0	0	-0.26351	0	0	0.2423	0.83058	0.00012	0.83046	0	0.24242	0	4.04	-0.539	2.75203	17.1152	161.488	0.512343
PRO_166	-4.60357	0.9769	3.03835	-0.1955	0.0176	0.1436	1.83382	3.73876	0	0	-1.65262	0.02466	0.26574	0	0	0	0	0	0.07987	0.50896	0.07784	0.43112	0	-1.06073	0	0	-4.6787	2.77238	1.7185	161.337	37.6631
LEU_167	-9.13745	2.3344	2.80619	-0.73554	1.22867	0.30676	2.3719	6.90087	0	0	-1.80155	-0.04095	0	0	0	0	0	0	0.33405	2.08866	0.48287	1.6058	0	0.11373	0	0	1.3223	-0.31984	9.86087	210	0
LEU_168	-7.2836	1.98793	3.13901	-0.54444	0.53773	0.12643	2.70304	6.07838	0.03101	0.34667	-2.10746	0.2213	0	0	0	0	0	0	0.22786	1.38826	0.42733	0.96094	0	-0.2723	0	0	1.3223	0.67287	9.96324	202.058	7.9425
GLY_169	-4.9645	1.15339	3.44425	-0.0012	0	0	2.5907	5.69113	0	0	-2.71893	-0.32479	0	0	0	0	0	0	-0.07031	0	0	0	0	-0.92948	0	0	1.435	1.25204	6.55728	164	0
ILE_170	-8.87156	1.29076	3.74508	-0.45435	1.33265	0.09776	3.18307	7.39193	0	0	-2.27501	-0.06704	0	0	0	0	0	0	1.47216	5.3287	4.72732	0.60138	0	-0.38218	0	0	1.8006	0.86558	19.7868	205.88	1.12049
GLN_171	-8.21978	3.79239	5.10397	-0.47772	0.43489	0.33646	3.27825	7.32992	0.0278	0.15461	-0.79122	-0.34195	0	0	0	0	0	0	1.60572	7.91917	1.47407	0	6.4451	0.01126	0	0	-0.1077	0.22022	28.1954	208.981	8.0194
HIS_172	-8.70764	7.25618	8.37342	-0.39647	0.00212	0.44397	3.38832	10.6635	0	0	-0.2524	-0.35051	0	0	0	-0.08131	0	0	1.86372	4.57434	0.38172	0	4.19262	-0.13101	0	0	0.8406	-0.64434	31.4169	233.315	7.68515
LYS_173	-4.97324	0.89094	6.02443	-0.68583	0.40405	0.43094	2.00851	6.54005	0.00233	0.01676	-1.01777	0.03175	0	0	0	0	0	0	0.07931	7.42651	4.99404	2.43248	0	-0.15257	0	0	-0.8895	0.02264	23.5858	176.942	75.0582
ARG_174	-1.55288	0.06811	2.22937	-0.52799	0.08628	0.29978	0.83624	2.58565	0	0	0.19751	0.26175	0	0	0	0	0	0	0.35872	5.17491	1.69683	3.47808	0	-0.12178	0	0	-0.1423	0.63174	15.56	38.1646	226.835
ALA_175	-3.35801	0.35279	2.58905	-0.0251	1e-05	0	0.77303	3.96679	0.08585	0.49853	0.64341	-0.21914	0	0	0	0	0	0	0.03137	0	0	0	0	-0.02486	0	0	2.2619	-0.73612	6.83951	127.118	25.8816
SER_176	-3.79012	0.5315	3.03192	-0.03688	0.00623	0.03933	1.60353	3.83529	0	0	-0.53607	-0.35265	0	0	0	0	0	0	0.06551	0.70759	0.08206	0.62552	0	0.35351	0	4.04	-0.539	-1.06794	8.59933	101.198	60.8023
GLN_177	-7.02131	1.08175	5.29143	-0.32077	0.11599	0.31017	3.19791	6.90363	0	0	-1.24118	-0.73355	1.49392	0	0	-1.43143	0	0	0.5714	5.35575	0.13451	0	5.22124	-0.09591	0	0	-0.1077	2.30543	21.0313	184.194	32.8061
PRO_178	-6.843	1.91499	4.43232	-0.1901	0.02051	0.14008	2.24466	4.94932	0	0	-2.07683	0.02274	1.49582	0	0	0	0	0	2.95794	0.73565	0.16693	0.56871	0	-1.17001	0	0	-4.6787	2.12883	6.81988	196.438	2.56172
THR_179	-7.39601	10.9856	5.54992	-0.2333	0.34733	0.07139	3.51197	7.65316	0.09628	0.49113	-2.2378	-0.5327	0	0	0	0	0	0	0.60332	2.51627	0.03795	2.47831	0	-0.32777	0	4.67209	-0.9333	-0.88123	26.4726	173.553	0.446804
PHE_180	-10.5293	4.46572	2.8533	-1.08129	0.39354	0.68356	2.82395	7.82422	0	0	-1.7969	-0.12744	0	0	0	0	0	0	0.64304	2.15877	0.01283	0	2.14594	-0.77146	0	0	1.9602	0.00665	11.6654	237	0
GLY_181	-4.84132	1.39565	3.12194	-0.00161	0	0	2.49208	5.48724	0	0	-2.62001	-0.3795	0	0	0	0	0	0	1.75437	0	0	0	0	0.88214	0	0	1.435	2.1468	10.8728	164	0
PHE_182	-9.64042	1.43024	2.42257	-0.87247	0.08504	0.50747	2.88097	6.25566	0	0	-2.51763	-0.18189	0	0	0	0	0	0	-0.01574	2.16792	0.01633	0	2.15158	-0.57842	0	0	1.9602	1.74878	7.8202	237	0
THR_183	-7.35653	1.5579	4.60713	-0.17121	0.16167	0.06127	3.73051	7.67003	0.02749	0.32061	-2.48593	-0.52703	0	0	0	0	0	0	1.07405	0.44418	0.13756	0.30663	0	-0.3204	0	5.0396	-0.9333	0.04	13.3842	174	0
VAL_184	-8.0266	0.98686	2.04843	-0.27591	0.25176	0.05813	2.34377	5.95335	0.02629	0.23584	-2.56022	-0.24842	0	0	0	0	0	0	1.49218	0.70686	0.4802	0.22666	0	-1.0044	0	0	2.7371	-0.37735	5.05453	182	0
HIS_185	-7.8615	3.84735	5.92716	-0.73091	4.38009	0.80938	2.45418	8.17619	2e-05	8e-05	-0.60202	-0.92051	0	0	0	0	0	0	0.09953	7.99338	3.40835	0	4.58503	-0.34869	0	0	0.8406	0.32491	32.3826	219.845	21.1547
TRP_186	-11.0923	2.22438	5.22068	-0.99205	0.22672	0.44674	3.0935	8.96971	0.01797	0.11952	0.13737	-0.10614	0	0	0	-0.20911	0	0	0.18518	3.46386	1.02778	0	2.43608	-0.03754	0	0	3.7077	0.32496	19.165	242.213	27.787
ASN_187	-4.62784	2.6951	4.38411	-0.18332	0.12185	0.33278	1.92546	5.33535	0.00062	0.01397	-0.40897	-0.36148	0	0	0	-0.26351	0	0	-0.03363	5.97546	1.83065	0	4.14481	-0.44826	0	0	-0.3009	-1.08296	19.0493	115.463	68.5368
PHE_188	-7.59856	1.2089	2.09387	-0.99186	0.31163	0.55495	2.00651	4.90507	0	0	0.05698	-0.84376	0	0	0	0	0	0	-0.01187	3.62553	0.09789	0	3.52764	-0.2037	0	0	1.9602	0.04868	10.7481	200.43	36.5697
SER_189	-3.87543	0.42991	4.44703	-0.03084	0.00663	0.03824	2.65625	5.25888	0	0	0.89225	-0.08747	0	0	0	0	0	0	0.60333	3.29555	0.31831	2.97724	0	-0.80273	0	4.04	-0.539	0.38401	20.0122	118.448	43.5521
GLU_190	-3.66055	1.88441	3.86181	-0.52721	0.32819	1.10908	0.99488	4.7907	0.15546	0.88761	-0.03655	-0.43597	0	0	0	0	0	0	-0.14431	4.76597	0.94591	0	3.82005	-0.14586	0	0	-1.6358	-0.64436	16.3135	142.245	80.755
SER_191	-5.506	8.33082	5.07476	-0.03668	0.00327	0.05324	2.53057	6.77418	0.04426	0.35537	-0.90122	-0.51351	0	0	0	0	0	0	-0.04802	0.52273	0.28004	0.24269	0	-0.72335	0	4.04	-0.539	-0.67308	19.311	148.905	13.0951
THR_192	-7.41784	10.109	5.81322	-0.16052	0.14519	0.05684	3.5708	8.63323	0	0	-2.5523	-0.48144	0	0	0	0	0	0	0.56467	1.04801	0.23495	0.81306	0	-0.00929	0	5.04882	-0.9333	-0.1513	24.3319	173.392	0.60815
THR_193	-7.45444	1.93479	4.30163	-0.15362	0.12722	0.05411	3.69254	7.27614	0	0	-3.00821	-0.55533	0	0	0	0	0	0	1.97862	0.64615	0.00118	0.64497	0	-0.33644	0	5.05105	-0.9333	0.25653	13.5236	169.293	4.7069
VAL_194	-8.53114	2.6181	2.62823	-0.31113	0.30943	0.06951	3.35661	7.11332	0	0	-2.23625	-0.47089	0	0	0	0	0	0	0.11956	1.88941	0.08634	1.80307	0	-1.11228	0	0	2.7371	-0.27703	9.79195	182	0
PHE_195	-9.47614	1.56127	2.19789	-0.54536	0.1053	0.26024	3.02318	6.17963	0.00067	0.0184	-3.01384	-0.04465	0	0	0	0	0	0	1.77862	2.84561	0.1923	0	2.6533	-0.25693	0	0	1.9602	-0.68697	8.75273	227.542	9.45794
THR_196	-6.83066	4.62246	4.07698	-0.14887	0.0819	0.08755	3.45916	6.73775	0	0	-2.95364	-0.41426	0	0	0	0	0	0	0.35037	0.3853	0.04027	0.34502	0	-0.37589	0	4.70721	-0.9333	-0.77954	12.4578	172.945	1.05495
GLY_197	-5.15795	2.16745	3.81336	-0.0017	0	0	2.42419	5.87608	0	0	-1.93534	-0.37505	0	0	0	0	0	0	-0.14	0	0	0	0	-2.42769	0	0	1.435	0.10125	5.77961	164	0
GLN_198	-10.5408	4.6106	8.70125	-0.32839	0.19524	0.1813	5.27773	11.4804	0	0	-1.82742	0.2207	0	0	0	0	0	0	0.07033	7.21272	0.33743	0	6.87528	-0.1153	0	0	-0.1077	0.40813	32.6516	217	0
CYS:disulfide_199	-7.68844	1.75147	3.75457	-0.06246	0.01986	0.04305	1.91399	5.88398	0	0	-1.02494	-0.43409	0	0	0	0	0	0.2601	0.43116	1.11043	0.66061	0.44983	0	0.05879	0	0	4.3148	-0.24282	11.1999	156	0
PHE_200	-11.528	1.64282	4.55519	-0.56929	0.05358	0.28203	3.17036	8.65453	0	0	-2.53068	0.2225	0	0	0	0	0	0	0.22259	2.8774	0.00132	0	2.87608	-0.56743	0	0	1.9602	-0.57202	10.7512	228.659	8.34121
ILE_201	-6.41939	6.27488	2.86092	-0.50724	1.02461	0.13171	1.8383	5.331	0	0	-1.00403	-0.04283	0	0	0	-1.19717	0	0	-0.08993	6.25954	5.79617	0.46337	0	-1.27181	0	0	1.8006	-0.9041	20.3446	163.613	43.3873
ASP_202	-4.36137	0.50225	7.18476	-0.224	0.15542	0.76719	3.96149	8.03724	0	0	-4.02512	-0.95041	0	0	0	-0.31981	0	0	0.03914	2.3402	0.22464	0	2.11556	-1.02926	0	0	-1.6204	-0.24868	12.5489	104.96	80.0405
ARG_203	-1.52602	0.12796	1.97031	-0.76367	0.45758	0.42321	0.57683	2.36717	0	0	0.72291	0.24056	0	0	0	0	0	0	-0.10233	6.0106	1.99377	4.01682	0	-0.29307	0	0	-0.1423	-0.02193	16.0584	11.5201	253.48
ASN_204	-2.15532	0.27813	2.98584	-0.21573	0.10337	0.34677	1.44316	3.54581	0	0	-0.63049	-0.72788	0	0	0	0	0	0	0.01496	6.84884	1.98964	0	4.85921	-0.51873	0	0	-0.3009	-1.09986	16.7668	37.6755	146.325
GLY_205	-2.17327	0.34591	2.48139	-5e-05	0	0	1.11317	3.41707	0	0	-1.09745	-0.38329	0	0	0	0	0	0	-0.0584	0	0	0	0	-2.43522	0	0	1.435	-1.80884	0.83602	123.251	40.7494
LYS_206	-3.81118	0.35735	5.65326	-0.45245	0.13165	0.24275	3.06335	6.28271	0.08541	0.26338	-1.94828	0.76557	0	0	0	-0.31981	0	0	-0.03561	6.0552	3.15955	2.89565	0	0.02358	0	0	-0.8895	-1.30925	20.2133	113.279	138.721
GLU_207	-6.67539	1.14423	6.7807	-0.21596	0.07035	0.30111	3.24363	7.35073	0.17237	0.70461	-2.7155	-0.47973	0	0	0	-0.62669	-0.32126	0	0.79503	4.44324	0.44848	0	3.99476	0.06015	0	0	-1.6358	-0.58178	16.2573	206.423	16.5775
VAL_208	-6.114	0.90596	2.75195	-0.37865	0.85459	0.09166	2.92324	5.73803	0	0	-2.12076	-0.34957	0	0	0	0	0	0	2.29972	1.18333	0.01577	1.16756	0	-0.78103	0	0	2.7371	-0.18163	10.7433	149.201	32.7994
LEU_209	-9.24159	3.16114	1.7289	-0.51364	0.43757	0.13466	2.89772	5.92066	0	0	-2.08946	0.11937	0	0	0	0	0	0	2.20222	2.58539	1.08932	1.49607	0	-0.47923	0	0	1.3223	-0.02116	10.7502	210	0
LYS_210	-7.08371	1.32567	6.83878	-0.66575	1.31989	0.3083	3.68615	7.69451	0	0	-4.01758	0.17513	0	0	0	0	-0.52669	0	-0.10947	4.15589	0.39623	3.75965	0	0.41991	0	0	-0.8895	-0.07039	16.717	190.441	61.5587
THR_211	-6.80627	1.0584	4.66161	-0.12339	0.11944	0.08468	3.453	6.90613	0	0	-2.44482	-1.00803	0	0	0	0	0	0	1.25796	1.70959	1.46601	0.24359	0	-0.49866	0	5.00406	-0.9333	-0.45357	13.6964	168.934	5.06592
MET_212	-6.06312	2.5245	3.84479	-0.6559	0.98556	0.06827	3.05139	5.57545	0	0	-2.39726	-0.12858	0	0	0	0	0	0	0.25583	25.5985	20.9645	4.63402	0	-0.06525	0	0	1.4633	-0.49737	59.1586	198.252	63.7485
TRP_213	-11.7499	2.50496	5.49817	-1.43901	0.44381	0.84001	3.43127	10.6296	0	0	-3.00121	-0.24867	0	0	0	-0.15025	0	0	0.89152	3.19731	0.39243	0	2.80488	-0.36312	0	0	3.7077	-0.00354	17.386	236.933	33.067
LEU_214	-8.98764	2.27787	2.19987	-0.46896	0.55412	0.09693	3.33696	6.90758	0.01822	0.05951	-2.49963	0.01659	0	0	0	0	0	0	-0.10395	1.15977	0.0326	1.12716	0	-0.15378	0	0	1.3223	-0.03003	6.86551	207.693	2.30672
LEU_215	-7.61455	1.28379	4.97252	-0.61599	0.21722	0.18752	3.45386	7.53809	0.00548	0.01488	-2.31183	0.0926	0	0	0	0	0	0	-0.04266	3.20831	2.12233	1.08598	0	-0.36765	0	0	1.3223	0.14183	14.694	167.878	42.1221
ARG_216	-11.8288	4.15582	11.8979	-0.78775	1.20619	0.40379	6.25454	14.0626	0.1016	0.53301	-5.48276	0.61164	0	0	0	-0.049	-0.93852	0	1.61373	5.21363	2.27297	2.94066	0	0.19264	0	0	-0.1423	0.1559	32.3874	262.975	2.02516
SER_217	-4.14814	0.17056	4.37599	-0.03276	0.00156	0.02084	2.30856	5.51069	0.02718	0.09523	-2.39838	-0.58441	0	0	0	-0.049	0	0	0.39288	0.89173	0.02981	0.86192	0	-0.20698	0	4.04	-0.539	-0.36077	10.4075	133.975	28.025
SER_218	-2.84347	0.28523	2.36637	-0.04071	0.02103	0.05801	0.42153	3.01699	1e-05	7e-05	0.07787	0.06069	0	0	0	0	0	0	0.9876	0.78823	0.04606	0.74217	0	0.69112	0	4.04	-0.539	-0.21659	9.96321	112.654	49.3462
VAL_219	-6.24413	3.5939	2.34682	-0.28835	0.18278	0.05266	2.18313	5.55654	0.06169	0.39321	0.22977	-0.14604	0	0	0	0	0	0	4.00049	0.14627	0.03195	0.11432	0	-0.68882	0	0	2.7371	0.2557	14.519	165.393	16.6066
ASN_220	-2.23633	0.12656	1.83208	-0.18393	0.05966	0.28395	0.7296	2.44874	0.01888	0.2933	-0.48044	-0.24881	0	0	0	-0.25455	0	0	0.02557	1.99343	0.00202	0	1.99141	0.42743	0	0	-0.3009	0.36714	6.89483	68.6811	115.319
ASP_221	-5.48943	0.68294	6.50398	-0.23479	0.15129	0.83347	3.86817	8.17829	0	0	-2.82221	-0.82844	0	0	0	-0.50518	0	0	1.91268	3.6947	0.67402	0	3.02068	-0.13384	0	0	-1.6204	0.49223	18.3782	130.601	54.3989
ILE_222	-5.11545	1.16528	2.89366	-0.59316	0.79702	0.16933	1.38447	4.24668	0.01984	0.15332	-0.64306	0.21705	0	0	0	0	0	0	-0.12842	2.55272	0.691	1.86172	0	0.47864	0	0	1.8006	0.38282	12.334	131.986	75.014
SER_223	-2.95174	0.50082	3.72275	-0.04338	0.0365	0.06006	2.29284	4.58287	0	0	-1.2187	-0.10638	0	0	0	-0.50518	0	0	0.47305	1.39763	1.1833	0.21433	0	-0.57552	0	4.04	-0.539	-0.21591	12.3483	78.8875	83.1125
TYR_224	-7.14104	1.71708	5.37599	-0.61461	0.09761	0.33779	3.32302	7.49084	0.01888	0.2933	-1.77219	-0.22698	0	0	0	0	0	0	0.52012	2.81625	0.02319	0	2.79306	-0.35809	0	0	1.7379	-0.79314	15.639	152.002	95.9976
ASP_225	-5.94469	0.8023	7.57278	-0.26417	0.01343	0.86251	3.91794	8.67719	0	0	-5.09426	0.194	0	0	0	0	-0.93852	0	-0.01681	4.46641	0.01665	0	4.44976	0.03615	0	0	-1.6204	-0.27711	16.8532	159.487	25.5131
TRP_226	-4.23665	1.12486	3.29714	-1.38475	0.24379	0.52368	0.87168	4.53433	0.01984	0.15332	0.27153	-0.50423	0	0	0	0	0	0	0.05501	2.11552	0.01181	0	2.1037	0.14598	0	0	3.7077	0.2089	13.2631	53.6729	216.327
LYS_227	-4.78567	1.53482	3.27434	-0.48678	0.16955	0.31535	1.38024	4.26238	0	0	-0.32883	0.00375	0	0	0	0	0	0	2.62574	14.523	11.321	3.20209	0	0.01079	0	0	-0.8895	-0.20395	35.9283	125.017	126.983
ALA_228	-4.99332	0.92865	3.29894	-0.02743	0.02433	0	2.96961	6.08678	0.02236	0.0829	-2.59372	-0.42057	0	0	0	0	0	0	0.2612	0	0	0	0	0.45059	0	0	2.2619	-0.63849	7.71374	149.507	3.49257
THR_229	-3.9878	0.39236	2.0647	-0.17517	0.13493	0.06531	0.83053	3.42396	0	0	-0.38809	-0.64567	0	0	0	0	0	0	1.36802	0.82486	0.479	0.34587	0	0.23941	0	5.07075	-0.9333	0.19654	9.30621	126.178	47.8223
ARG_230	-5.16095	0.76199	4.43493	-0.68918	0.37624	0.46049	3.00539	5.82968	0.02236	0.0829	-2.57664	0.74639	0	0	0	0	0	0	0.13846	5.51428	2.84003	2.67425	0	-0.10229	0	0	-0.1423	0.47396	18.69	132.646	132.354
VAL_231	-3.46969	0.89815	0.6668	-0.33642	0.26404	0.07845	0.67964	2.60668	0	0	-0.59466	0.01367	0	0	0	0	0	0	0.01954	1.27998	0.0072	1.27278	0	-0.59522	0	0	2.7371	-0.53487	4.99317	75.75	106.25
GLY_232	-3.93148	1.44454	2.94518	-0.00179	0	0	2.15281	4.93189	0	0	-1.68642	-0.37268	0	0	0	0	0	0	-0.05572	0	0	0	0	-1.93882	0	0	1.435	-0.08294	4.83956	140.541	23.4587
TYR_233	-4.94389	0.73874	2.85645	-1.00923	0.10961	0.52108	1.16807	4.882	0.00091	0.00494	-0.71078	-0.17239	0	0	0	-0.15025	0	0	3.11462	4.38485	0.9357	0	3.44915	-0.54313	0	0	1.7379	0.44563	16.82	105.64	142.36
ASN_234	-8.10558	0.92193	6.91001	-0.17151	0.11393	0.21919	4.47708	9.30227	0.1171	0.47625	-1.69988	-0.45214	0	0	0	0	-0.80735	0	0.35649	6.95565	1.50882	0	5.44683	0.31398	0	0	-0.3009	0.87332	26.4555	180.351	3.6489
ASN_235	-5.41234	0.98376	5.19104	-0.18795	0.01471	0.30913	3.60477	6.79394	0.10592	0.4283	-2.38504	-0.48088	0	0	0	-0.63793	-0.52669	0	-0.09679	3.28074	0.40078	0	2.87996	0.74077	0	0	-0.3009	0.76453	15.4698	137.408	46.5918
PHE_236	-11.109	4.4613	3.16697	-0.5358	0.1463	0.26151	3.4851	7.15672	0	0	-2.66597	0.05037	0	0	0	0	0	0	0.73885	2.90143	0.0218	0	2.87963	-0.40309	0	0	1.9602	-0.38931	12.1271	237	0
THR_237	-4.58118	0.59935	4.2498	-0.119	0.07881	0.07717	3.29211	6.00006	0	0	-2.5554	-0.57026	0	0	0	0	0	0	0.28075	0.97414	0.81009	0.16405	0	-0.64261	0	5.06552	-0.9333	-0.90254	11.2875	120.486	53.5145
ARG_238	-5.9471	0.89384	5.73667	-0.58241	0.238	0.28446	2.22614	6.7793	0.08786	0.46454	-2.5057	0.37874	0	0	0	0	-0.32126	0	0.45206	8.03652	4.06874	3.96778	0	-0.21463	0	0	-0.1423	-1.00012	22.9011	166.454	98.5463
LEU_239	-4.30194	0.7273	2.30218	-0.52515	1.39934	0.10929	0.90168	3.91038	0	0	-0.58863	0.26136	0	0	0	0	0	0	1.11245	18.7364	14.8053	3.93107	0	-0.11374	0	0	1.3223	0.44556	44.4351	128.144	81.8558
SER_240	-0.81884	0.11889	1.4817	-0.02908	0.11632	0.07468	0.17966	1.61352	0	0	0.02496	0.07449	0	0	0	0	0	0	0	5.52119	4.23675	1.28444	0	0	0	4.04	-0.539	0.96324	18.3429	7.54978	154.45