label	fa_atr	fa_rep	fa_sol	fa_intra_atr_xover4	fa_intra_rep_xover4	fa_intra_sol_xover4	lk_ball	lk_ball_iso	lk_ball_bridge	lk_ball_bridge_uncpl	fa_elec	fa_intra_elec	pro_close	hbond_sr_bb	hbond_lr_bb	hbond_bb_sc	hbond_sc	dslf_fa13	omega	fa_dun	fa_dun_dev	fa_dun_rot	fa_dun_semi	p_aa_pp	yhh_planarity	hxl_tors	ref	rama_prepro	total	BSA	SASA
MET_1	-2.95201	12.0298	1.33071	-0.25293	0.02528	0.11043	0.5079	1.73619	0	0	-0.29344	0.71305	0	0	0	0	0	0	0.00347	17.3041	13.8157	3.48838	0	0	0	0	1.4633	0	49.03	72.8918	189.108
ASN_2	-5.00476	1.10722	5.57863	-0.2887	0.05589	0.45164	2.95124	6.41933	0.04758	0.46063	-2.62536	-0.29519	0	0	0	-1.01875	0	0	0.96952	3.6265	0.19335	0	3.43316	0.2685	0	0	-0.3009	-0.25949	15.77	114.552	69.4475
ALA_3	-2.95275	0.30085	3.35911	-0.02323	3e-05	0	1.58217	4.44733	0	0	-0.67098	-0.3507	0	0	0	0	0	0	0.45828	0	0	0	0	0.09101	0	0	2.2619	-0.49317	8.00984	78.369	74.631
ASP_4	-3.38519	0.44061	4.39469	-0.1006	0.02452	0.30013	2.17289	5.29536	0.00345	0.04	-1.32502	-0.35809	0	0	0	0	0	0	0.02588	3.39187	0	0	3.39187	0.43949	0	0	-1.6204	0.01203	13.1435	76.9166	108.083
GLU_5	-5.3827	0.71888	6.15392	-0.21438	0.0595	0.2951	2.71651	7.2238	0.04758	0.46063	-1.81907	-0.6222	0	0	0	-1.01875	0	0	0.09164	4.09791	0	0	4.09791	-0.10658	0	0	-1.6358	0.58034	15.7442	119.581	103.419
TRP_6	-7.50595	12.4295	5.05231	-1.34117	0.26383	0.52723	2.77469	7.18828	0	0	-2.68861	-0.26591	0	0	0	0	0	0	-0.02911	4.45019	2.05737	0	2.39282	-0.59551	0	0	3.7077	0.94617	29.3638	156.288	113.712
MET_7	-7.16988	37.1094	7.15443	-0.61604	0.25092	0.35648	2.90719	8.35281	0	0	-2.32647	-0.13231	0	0	0	0	0	0	0.05316	4.52539	2.08172	2.44367	0	0.15155	0	0	1.4633	1.51019	58.1155	188.329	73.6714
THR_8	-5.23275	1.2134	6.54777	-0.20817	0.28154	0.07596	3.18419	7.84323	0	0	-1.71897	-0.90109	0	0	0	0	0	0	0.10752	0.15036	0.00463	0.14573	0	0.09368	0	5.01781	-0.9333	1.4017	17.0733	117.039	56.9606
THR_9	-4.81917	0.25925	5.83361	-0.20069	0.22279	0.07426	2.95372	7.30255	0.00798	0.11611	-2.30053	-0.84896	0	0	0	0	0	0	0.5662	2.61445	2.41776	0.19669	0	0.05422	0	5.02448	-0.9333	0.89423	19.4357	106.638	67.3621
PHE_10	-8.03764	1.22143	3.86185	-0.76936	0.0904	0.19416	3.07634	7.02313	2e-05	0.00052	-2.42634	-0.1133	0	0	0	0	0	0	0.02428	3.36811	0.00269	0	3.36542	-0.62725	0	0	1.9602	0.88184	13.0965	204.472	32.528
ARG_11	-6.78227	36.8002	6.97513	-0.48132	0.26093	0.27264	2.89174	8.37909	0.00345	0.04	-2.17771	0.33526	0	0	0	0	0	0	-0.09717	11.0356	8.52169	2.51389	0	-0.20812	0	0	-0.1423	0.56408	68.7048	135.728	129.272
GLU_12	-5.11212	1.21534	5.89924	-0.21533	0.05814	0.29143	2.97467	7.53918	0.00798	0.11611	-1.82315	-0.59261	0	0	0	0	0	0	0.97882	4.16641	0.18088	0	3.98552	-0.47645	0	0	-1.6358	-0.33373	17.2246	110.94	112.06
ASN_13	-6.59916	0.52627	7.29885	-0.19696	0.18624	0.30719	3.92101	9.29761	0.0055	0.03526	-2.69473	-0.3212	0	0	0	0	-0.53081	0	2.2514	4.07307	1.92424	0	2.14883	0.60475	0	0	-0.3009	-0.08117	21.8553	141.018	42.9822
ILE_14	-7.20711	1.78189	4.24806	-0.51261	1.23606	0.09554	3.03849	7.06165	0	0	-1.95867	0.20216	0	0	0	0	0	0	-0.04861	3.44601	2.85963	0.58639	0	-0.73468	0	0	1.8006	1.14877	17.0436	161.9	45.1003
ALA_15	-4.42506	0.46089	4.49361	-0.02276	0	0	3.16288	6.54994	0	0	-2.50274	-0.34039	0	0	0	0	0	0	-0.10072	0	0	0	0	-0.46666	0	0	2.2619	0.32093	9.39183	118.702	34.2977
GLN_16	-6.89856	0.66631	7.3541	-0.38505	0.16282	0.26668	3.28924	8.80912	0	0	-2.21147	-0.62774	0	0	0	0	0	0	-0.03897	5.41423	0.00502	0	5.40922	-0.342	0	0	-0.1077	-0.827	19.9382	143.288	73.7115
THR_17	-8.26863	1.6385	6.04978	-0.19859	0.16083	0.07233	3.31502	8.47113	0	0	-0.73128	-1.04228	0	0	0	0	0	0	-0.06765	1.45326	0.16003	1.29323	0	0.15444	0	5.0534	-0.9333	-0.36825	16.212	174	0
TRP_18	-4.85311	0.58672	2.94437	-1.18895	0.06482	0.56506	1.46741	4.6509	0	0	-0.34957	-0.33714	0	0	0	0	0	0	0.3126	3.6092	0.00753	0	3.60167	0.1592	0	0	3.7077	0.67874	15.6272	112.032	157.968
GLN_19	-4.10105	0.64399	3.33905	-0.29145	0.10632	0.24122	1.37076	4.18544	0	0	-0.65666	-0.55928	0	0	0	0	0	0	-0.10181	4.2871	0.27797	0	4.00913	-0.21862	0	0	-0.1077	0.77144	13.1959	95.1054	121.895
GLN_20	-3.66092	0.47923	3.99059	-0.27707	0.07188	0.25805	1.89326	4.5774	0	0	-1.39968	-0.78245	2.24845	0	0	0	0	0	0.02631	3.64287	0.0377	0	3.60517	-0.04203	0	0	-0.1077	3.15298	17.7141	86.0045	130.995
PRO_21	-4.81351	1.55453	2.63799	-0.20357	0.07448	0.15429	0.59658	3.04974	0	0	-0.44727	-0.00266	2.31818	0	0	0	0	0	0.56536	1.03541	0.38992	0.64549	0	-1.69082	0	0	-4.6787	2.80514	3.99058	143.602	55.3976
GLU_22	-5.34593	1.42363	6.7359	-0.20177	0.04673	0.2888	3.40704	7.29081	0.05384	0.24081	-1.01055	-0.50546	0	0	0	-0.65757	0	0	-0.04832	3.90607	0.10173	0	3.80434	-0.14228	0	0	-1.6358	0.21919	17.9712	135.888	87.1124
HIS_23	-7.57411	1.14435	7.70735	-0.41902	0.00906	0.5131	3.78177	9.45902	0.05384	0.24081	-1.01585	0.00915	0	0	0	0	0	0	2.01451	3.49483	0.45918	0	3.03565	-0.55158	0	0	0.8406	0.8362	24.0388	188.811	52.1892
TYR_24	-7.61226	2.05788	3.71301	-0.57088	0.07872	0.30432	3.28935	6.54694	0	0	-3.45742	-0.02993	0	0	0	0	0	0	0.20764	3.635	0.14024	0	3.49476	-0.57813	0	0	1.7379	0.2122	13.1693	166.278	81.7219
ASP_25	-7.63119	1.48652	8.8284	-0.10795	0.00024	0.32195	4.29999	10.2704	0.07074	0.70759	-2.50214	-0.21337	0	0	0	0	-0.00657	0	1.62341	3.68468	0.01662	0	3.66806	1.65897	0	0	-1.6204	0.33472	24.8907	185	0
LEU_26	-5.99172	1.25165	3.92763	-0.63238	0.93311	0.16351	3.13368	5.99026	0.01298	0.04518	-2.90842	0.35273	0	0	0	0	0	0	-0.07339	1.04956	0.20566	0.8439	0	-0.58684	0	0	1.3223	0.27851	9.31792	124.155	85.8445
TYR_27	-10.2432	1.38877	4.71866	-0.54584	0.12148	0.26414	2.93805	7.65263	0.03435	0.29232	-2.15457	-0.26039	0	0	0	0	0	0	-0.04577	3.29803	0.06213	0	3.23589	-0.01598	0	0	1.7379	-0.36952	12.1091	244.996	3.00371
ILE_28	-5.56901	1.32205	3.83032	-0.61421	1.89694	0.11904	2.48664	5.49495	0.01298	0.04518	-2.27876	-0.01137	0.52001	0	0	0	0	0	1.39881	2.35461	0.81824	1.53637	0	-0.34689	0	0	1.8006	2.17518	16.9917	137.031	69.9689
PRO_29	-6.2165	2.15088	2.81491	-0.1228	0.01128	0.0893	0.44187	3.15049	0	0	0.04018	0.24623	0.59068	0	0	0	0	0	0.79277	0.2998	0.20408	0.09572	0	-1.65447	0	0	-4.6787	2.73579	0.99147	186.933	12.0672
ALA_30	-3.68976	0.19763	2.24334	-0.01931	0	0	1.61786	4.07939	0	0	-0.8754	-0.24885	0	0	0	0	0	0	0.68945	0	0	0	0	1.13975	0	0	2.2619	2.59479	9.99079	113.067	39.9333
ILE_31	-6.6749	1.03189	3.05398	-0.55058	2.33854	0.10239	2.65773	5.88327	0	0	-2.23642	-0.07302	0	0	0	0	0	0	1.34599	0.63861	0.19069	0.44792	0	0.85732	0	0	1.8006	3.91019	14.7242	153.19	53.8102
THR_32	-7.12901	17.2771	4.61473	-0.13011	0.02731	0.0975	3.2518	7.10305	3e-05	0.00026	-2.26345	-0.89098	0	0	0	0	0	0	0.09683	0.91921	0.52539	0.39382	0	-0.40405	0	4.96137	-0.9333	1.43085	28.9484	160.422	13.5783
TRP_33	-10.2114	61.2378	3.51336	-1.30429	0.256	1.06796	2.25672	7.5201	0	0	-2.51081	-0.50861	0	0	0	0	0	0	0.02737	2.37186	0.19236	0	2.17949	-0.52014	0	0	3.7077	-0.04409	69.2314	182.111	87.8887
HIS_34	-5.91088	2.16866	4.00381	-0.35708	0.00618	0.36727	2.12192	5.95338	0.06096	0.31702	-0.14288	-0.08607	0	0	0	0	0	0	0.38427	4.51174	0.82735	0	3.68439	-0.10988	0	0	0.8406	-0.03887	18.6019	180.631	60.3694
ALA_35	-3.37038	0.52121	1.68918	-0.02342	0	0	1.05161	3.42951	0	0	-0.42165	-0.37381	0	0	0	0	0	0	0.5577	0	0	0	0	-0.00162	0	0	2.2619	-0.69046	4.62976	106.482	46.5183
ARG_36	-2.62445	0.65174	2.64099	-1.1309	1.27931	0.68601	1.08291	3.14956	0.05356	0.36009	-0.0546	0.06689	0	0	0	0	0	0	4.86861	2.10568	0	2.10568	0	-0.41204	0	0	-0.1423	1.12186	15.8086	78.8194	186.181
PHE_37	-1.71486	0.4183	1.52142	-0.66521	0.06073	-0.01969	0.97742	2.34936	0.0107	0.04177	-0.61389	-0.23345	0	0	0	0	0	0	14.7445	3.74185	0	0	3.74185	0.71966	0	0	1.9602	2.67446	29.7151	48.1496	188.85
ALA_38	-1.09369	0.3626	0.56359	-0.02124	0	0	0.71195	1.30838	0	0	-0.02704	-0.35956	0	0	0	0	0	0	38.9607	0	0	0	0	-0.0592	0	0	2.2619	7.72321	50.3316	14.2746	138.725
TYR_39	-7.50744	79.1835	3.73836	-0.6903	0.45249	0.03069	3.10205	6.34016	0	0	-0.60658	-0.43571	0	0	0	0	0	0	3.18673	4.80591	0	0	4.80591	1.28247	0	0	1.7379	9.77986	109.206	131.569	116.431
ASN_40	-3.84559	2.74453	3.35144	-0.37878	0.27918	0.76615	2.06921	4.53425	0.00139	0.00498	-0.51441	-0.93067	0	0	0	0	0	0	1.58491	2.25033	0	0	2.25033	-1.19418	0	0	-0.3009	6.40497	19.0771	90.9111	93.0889
GLU_41	-4.6995	1.86302	5.13858	-0.21352	0.03875	0.15854	2.76852	5.7086	3e-05	0.00026	-1.55176	0.14537	0	0	0	0	0	0	2.88263	7.18806	0.83765	0	6.35041	0.4436	0	0	-1.6358	4.41888	29.8423	131.742	91.2577
ARG_42	-3.22906	1.8305	3.01941	-0.57528	1.06636	0.30616	1.37723	3.31457	0.00139	0.00498	-0.57266	-0.25006	0.4816	0	0	0	0	0	-0.0151	32.6146	30.0296	2.58502	0	-0.16354	0	0	-0.1423	4.13501	75.8185	72.8368	192.163
PRO_43	-4.51534	0.85627	2.7184	-0.13667	0.00032	0.09321	0.42156	2.69174	0.00028	0.00225	0.34413	0.25258	0.48238	0	0	0	0	0	0.05141	1.12252	0.49791	0.62461	0	-1.18288	0	0	-4.6787	2.40341	2.0494	178.253	20.747
TRP_44	-3.59077	0.95963	3.00032	-0.92476	0.05545	0.28763	1.70925	3.80346	0	0	-1.28769	-0.69106	0	0	0	0	0	0	0.09066	4.10093	0.02955	0	4.07138	-0.51247	0	0	3.7077	-1.13594	13.6733	72.1618	197.838
GLY_45	-2.81631	1.04286	1.77842	-0.00141	0	0	0.42487	2.71102	0.03463	0.29456	-0.41093	-0.37099	0	0	0	0	0	0	0.24883	0	0	0	0	-2.53024	0	0	1.435	0.101	1.94131	134.306	29.6936
GLY_46	-3.06261	0.6705	3.02291	-0.00177	0	0	2.29932	3.91277	0	0	-2.13645	-0.38032	0	0	0	0	0	0	-0.04304	0	0	0	0	-2.14707	0	0	1.435	1.27365	4.84292	135.718	28.2824
GLY_47	-3.71722	0.6244	3.20407	-0.00159	0	0	2.58528	4.58103	0	0	-2.29297	-0.35688	0	0	0	0	0	0	-0.08888	0	0	0	0	-0.99757	0	0	1.435	1.03269	6.00736	148.526	15.4739
PHE_48	-5.52788	1.12923	3.13522	-0.74381	0.19673	0.06783	2.96985	5.62969	0	0	-2.04291	-0.60517	0	0	0	0	0	0	-0.00071	7.22449	1.5251	0	5.69939	-0.43366	0	0	1.9602	0.23652	20.4201	142.33	94.6702
GLY_49	-4.49607	0.86728	3.67164	-0.00118	0	0	2.84907	5.66924	0	0	-2.20675	-0.3186	0	0	0	0	0	0	1.04269	0	0	0	0	-0.50351	0	0	1.435	0.3611	8.3699	162.463	1.53703
LEU_50	-6.20688	1.35138	3.14918	-0.48644	0.70787	0.09592	3.31628	5.44952	0	0	-2.46953	0.11711	0	0	0	0	0	0	0.04831	0.99867	0.26729	0.73138	0	-0.54754	0	0	1.3223	0.15174	7.99657	185.66	24.3398
SER_51	-5.57908	0.81134	6.21796	-0.03841	0.00546	0.05829	4.18464	7.5363	0	0	-2.71201	-0.50232	0	0	0	0	0	0	0.08367	0.36979	0.31758	0.0522	0	-0.92491	0	4.04	-0.539	-0.65122	12.7303	162	0
ARG_52	-11.4899	2.67504	11.0713	-0.7542	0.64596	0.53007	4.27631	12.5125	0.01383	0.16019	-3.84478	0.02113	0	0	0	0	-0.53081	0	1.71215	4.96125	1.8192	3.14205	0	-0.14529	0	0	-0.1423	-0.17814	26.4555	260.27	4.7302
TRP_53	-7.8624	1.63761	4.61297	-0.85836	0.0613	0.38286	2.71923	7.17914	0	0	-1.83961	-0.16788	0	0	0	-0.65757	-0.86902	0	1.05774	2.89306	0.52725	0	2.36581	0.1074	0	0	3.7077	0.18685	15.1841	212.62	57.38
ASP_54	-6.46989	0.6611	10.7672	-0.2324	0.139	0.80629	5.35183	11.5502	0.11293	0.84842	-6.90048	-0.68498	0	0	0	-0.55753	-0.88672	0	0.08864	2.33246	0.25982	0	2.07264	-0.81504	0	0	-1.6204	0.12108	16.9442	166.061	18.9389
GLU_55	-2.76705	0.65694	4.30092	-0.58768	0.4667	1.54973	1.12922	4.19655	0.00833	0.12493	-0.55025	-2.81648	0	0	0	0	0	0	0.32132	5.86606	0.81746	0	5.0486	-0.45363	0	0	-1.6358	-0.09349	15.5824	70.9783	152.022
LYS_56	-3.76538	0.80606	5.25652	-0.45508	0.21646	0.39473	2.18435	5.35349	0	0	-1.39022	0.27879	0	0	0	-0.03083	0	0	-0.09061	5.90112	2.92757	2.97356	0	-0.15169	0	0	-0.8895	-0.53226	18.9871	102.12	149.88
GLY_57	-3.64518	0.86064	4.51214	-5e-05	0	0	2.98271	5.868	0	0	-2.39856	-0.38842	0	0	0	-1.07415	0	0	1.05262	0	0	0	0	-2.43811	0	0	1.435	-1.34341	5.42321	141.056	22.9437
ASN_58	-7.87401	0.77451	8.38881	-0.16116	0.05569	0.23235	4.59175	10.3592	0.12192	0.69093	-3.75847	-0.14303	0	0	0	-1.10527	0	0	0.66317	2.59447	0.00272	0	2.59174	0.31239	0	0	-0.3009	-0.89705	17.1398	166.272	17.7281
TRP_59	-12.32	2.46672	7.50991	-1.07671	0.06928	0.21685	3.72117	11.9344	0.0033	0.04973	-2.73997	-0.61635	0	0	0	0	0	0	0.99739	4.64837	0.25617	0	4.39219	-0.42513	0	0	3.7077	-0.61719	22.1779	266.542	3.45768
HIS_60	-10.6084	1.95449	8.95752	-0.46825	0.11173	0.51519	4.56023	11.8826	0.00601	0.01773	-3.4933	-0.2836	0	0	0	0	-0.88672	0	-0.01177	3.29635	0.1429	0	3.15346	-0.20453	0	0	0.8406	-1.01944	18.4628	239.206	1.79438
GLY_61	-4.59339	1.304	3.49872	-0.0013	0	0	2.91498	5.65442	0	0	-2.6178	-0.37524	0	0	0	0	0	0	3.52317	0	0	0	0	1.09995	0	0	1.435	1.58467	13.4272	164	0
LEU_62	-7.0068	1.54997	2.77292	-0.46927	1.05641	0.09314	3.37815	5.85452	0	0	-2.62129	-0.01661	0	0	0	0	0	0	1.38488	2.01637	0.87722	1.13915	0	-0.17426	0	0	1.3223	1.92148	13.0783	183.613	26.3869
TYR_63	-8.60748	1.02423	4.34086	-1.17172	0.38648	0.78752	3.42852	8.06375	0	0	-2.86	-0.30109	0	0	0	0	-0.48498	0	0.64703	2.62605	0.03031	0	2.59575	-0.64167	0	0	1.7379	-0.11366	11.4878	223.277	24.7228
ALA_64	-3.11692	0.34249	2.51993	-0.02512	0.0026	0	2.57718	4.1723	0	0	-2.2581	-0.44652	0	0	0	0	0	0	0.21329	0	0	0	0	0.27885	0	0	2.2619	0.81086	7.33274	103.052	49.9484
MET_65	-7.32497	1.23667	3.52243	-0.35026	0.06769	0.0368	2.86228	5.32618	0	0	-2.80362	0.14492	0	0	0	0	0	0	1.0757	5.27487	2.23978	3.03509	0	-0.10809	0	0	1.4633	0.96811	16.6669	255.237	6.76294
ALA_66	-4.28149	0.88607	2.38919	-0.02349	0	0	2.49549	4.49904	0	0	-2.53459	-0.4349	0	0	0	0	0	0	0.12946	0	0	0	0	-0.2021	0	0	2.2619	0.24059	5.42517	114.207	38.793
PHE_67	-8.78859	1.15065	3.97152	-1.02312	0.20398	0.67353	3.20727	7.00716	0	0	-2.40885	-0.20201	0	0	0	0	0	0	0.13641	3.47643	0.9878	0	2.48864	-0.8103	0	0	1.9602	0.11329	12.144	209.618	27.3825
LYS_68	-8.31894	1.16315	7.51911	-0.64018	0.52582	0.3503	3.36729	8.59089	0	0	-3.07141	0.41528	0	0	0	-0.03656	-0.40965	0	0.00882	10.897	6.69573	4.20127	0	0.05345	0	0	-0.8895	-0.31914	30.1027	199.337	52.6629
ASP_69	-6.60518	0.60974	10.7721	-0.23026	0.1441	0.79334	5.93396	11.5744	0.00808	0.17976	-6.44092	-0.7919	0	0	0	-0.97372	-0.5917	0	0.13055	2.14633	0.01849	0	2.12784	-1.06996	0	0	-1.6204	0.05024	16.1649	164.682	20.3176
SER_70	-1.96183	0.2241	2.47963	-0.04304	0.03671	0.04628	1.00651	3.08767	0	0	0.8117	-0.14568	0	0	0	0	0	0	2.71083	1.57952	1.29082	0.28871	0	-0.47168	0	4.04	-0.539	0.81989	15.2611	76.2926	85.7074
TRP_71	-3.92271	0.78866	4.576	-0.92541	0.15916	0.43224	2.14907	5.51043	0.10673	0.45832	-1.07317	-0.31632	0	0	0	-0.44518	0	0	0.022	2.67811	0.09342	0	2.58469	0.08703	0	0	3.7077	0.54959	17.2203	97.4343	172.566
ASN_72	-4.18058	0.73235	5.59748	-0.37259	0.09323	0.75524	3.11619	6.40659	0.00808	0.17976	-3.11547	-0.7599	0	0	0	-0.03656	-0.40965	0	0.11351	2.3549	0.00508	0	2.34982	-1.66052	0	0	-0.3009	-0.52427	10.3518	73.9518	110.048
LYS_73	-6.03814	0.41651	8.33449	-0.52361	0.78431	0.27333	3.29961	8.69148	0.07348	0.26064	-3.35276	0.31273	0	0	0	-0.52853	0	0	-0.01759	5.62364	1.9019	3.72174	0	0.25287	0	0	-0.8895	-0.79697	21.7996	156.13	95.8701
TRP_74	-7.18646	1.55914	3.52698	-0.9165	0.12588	0.26512	1.27458	5.67004	0	0	0.238	-0.10772	0	0	0	0	0	0	-0.1784	2.67832	0.35195	0	2.32637	0.08591	0	0	3.7077	-0.56722	12.8537	158.319	111.681
GLU_75	-7.6922	1.60377	8.25413	-0.33661	0.20871	0.4134	4.42906	8.90593	0.00268	0.02555	-1.63799	-0.44626	0.89365	0	0	0	0	0	0.70833	4.78529	0.57337	0	4.21192	0.4416	0	0	-1.6358	2.84353	26.552	208.851	14.149
PRO_76	-4.53396	1.43042	2.82911	-0.22313	0.1277	0.16751	2.0895	3.60083	0.00268	0.02555	-2.29673	-0.18483	0.92846	0	0	0	0	0	0.29312	0.20894	0.00853	0.20041	0	0.01262	0	0	-4.6787	3.9717	3.97975	136.485	62.5153
ILE_77	-7.07499	1.22878	3.35595	-0.53352	1.08699	0.10941	3.16977	5.97754	0	0	-2.88105	-0.17459	0	0	0	0	0	0	0.83819	1.64862	0.50787	1.14075	0	0.18904	0	0	1.8006	1.48415	11.8735	185.846	21.1543
ALA_78	-3.6776	0.75657	2.34401	-0.02239	0	0	2.53945	4.39202	0	0	-2.58614	-0.38067	0	0	0	0	0	0	0.03675	0	0	0	0	-0.20236	0	0	2.2619	0.78712	6.24866	104.12	48.8795
GLY_79	-3.88577	0.4942	3.23657	-0.00144	0	0	2.74114	5.09817	0	0	-2.25449	-0.36836	0	0	0	0	0	0	0.07808	0	0	0	0	-2.36783	0	0	1.435	0.64724	4.85252	148.013	15.9867
TYR_80	-10.0433	2.12112	5.07654	-0.77278	0.05168	0.15325	4.43292	8.80432	0.03642	0.30076	-2.79235	-0.4528	0	0	0	0	0	0	0.65901	4.21117	0.34049	0	3.87068	-0.32192	0	0	1.7379	0.14025	17.5534	243.459	4.54074
GLY_81	-4.48983	0.60433	3.40001	-0.00099	0	0	2.60052	5.51085	0.03641	0.30024	-2.1941	-0.3509	0	0	0	0	0	0	0.18934	0	0	0	0	1.45347	0	0	1.435	1.68886	10.1832	162.975	1.02469
TRP_82	-9.69727	3.27763	5.9126	-1.2313	0.11599	0.31982	3.70201	9.45717	0.0768	0.56048	-2.90183	-0.89887	0	0	0	0	0	0	1.5125	3.96441	0.41472	0	3.54969	-0.0321	0	0	3.7077	2.19133	24.0015	204.688	65.3122
GLU_83	-10.0456	1.12916	10.7394	-0.20741	0.04012	0.31452	4.94766	12.6613	0	0	-4.15561	-0.61689	0	0	0	0	-0.46143	0	4.34223	4.86111	0.48412	0	4.37699	-0.03816	0	0	-1.6358	0.25406	26.9898	217.527	5.47335
SER_84	-5.15064	1.06717	4.69123	-0.03682	0.0132	0.04569	3.04378	6.46022	0.00637	0.05467	-2.41479	-0.04339	0	0	0	0	0	0	2.12043	1.639	1.00649	0.63252	0	0.53087	0	4.04	-0.539	0.50511	17.6721	136.849	25.1507
THR_85	-6.58993	1.75266	4.62374	-0.15363	0.13477	0.05335	2.37587	6.89008	0.00505	0.03463	-1.04242	-0.57243	0	0	0	-0.57857	0	0	0.3098	0.69909	0.28563	0.41346	0	-0.3746	0	4.99228	-0.9333	0.33936	12.6649	159.084	14.9163
TRP_86	-6.44534	1.00796	3.87898	-0.98112	0.21856	0.72605	2.75107	5.9604	0.00178	0.00795	-2.03836	-0.0622	0	0	0	0	0	0	0.39017	3.18936	0.13774	0	3.05162	-0.22637	0	0	3.7077	-0.19211	15.0838	139.695	130.305
ARG_87	-5.78278	1.2295	4.84303	-0.79937	0.38364	0.70984	2.51834	5.88292	0	0	-1.07225	-0.21066	0.56559	0	0	-1.07415	0	0	0.83615	5.10659	2.1321	2.97449	0	-0.29922	0	0	-0.1423	2.47159	20.273	171.835	93.165
PRO_88	-2.98338	0.89154	1.2805	-0.10684	0.0133	0.06673	0.04199	1.31412	0	0	0.3116	0.7219	0.63765	0	0	0	0	0	-0.00285	0.22776	0.01678	0.21099	0	0.85361	0	0	-4.6787	3.52743	2.34413	120.193	78.8068
LEU_89	-3.8121	0.85202	2.13013	-0.47357	0.39547	0.08857	0.69965	3.23019	0	0	0.76838	0.25696	0	0	0	0	0	0	0.19395	1.0099	0.51989	0.49001	0	-0.28897	0	0	1.3223	1.17754	8.56029	104.118	105.882
ALA_90	-1.00104	0.1028	1.34533	-0.02381	3e-05	0	0.2991	1.6877	0	0	0.85307	-0.38635	0	0	0	0	0	0	1.33605	0	0	0	0	-0.46966	0	0	2.2619	-0.12061	5.88449	37.1369	115.863
ASP_91	-4.73011	1.1255	6.65838	-0.20287	0.10651	0.63727	3.61901	7.61845	0.02266	0.14793	-1.65852	-1.33555	0	0	0	-0.7848	-0.24909	0	-0.00405	3.0411	0.08815	0	2.95294	-0.91895	0	0	-1.6204	-0.83404	13.6795	124.411	60.5891
GLU_92	-3.02563	0.22098	4.06482	-0.54706	0.2623	1.42937	1.3851	4.68247	0	0	0.08756	-2.75238	0	0	0	0	0	0	-0.1479	4.14821	0.06261	0	4.0856	-0.29481	0	0	-1.6358	0.08585	12.1113	97.9444	125.056
ASN_93	-5.65034	1.75627	5.41426	-0.1976	0.04478	0.29149	3.39411	7.12165	0	0	-3.45295	-0.39201	0	0	0	-0.7848	-0.24909	0	0.50102	3.08743	0.00836	0	3.07907	0.0277	0	0	-0.3009	0.31069	14.0091	127.872	56.128
PHE_94	-6.26943	1.24702	3.22207	-0.55158	0.03353	0.22889	2.15791	5.37458	0.02266	0.14793	-1.38951	0.10355	0	0	0	0	0	0	-0.08717	3.25104	0.08982	0	3.16122	0.03558	0	0	1.9602	-0.6403	12.098	169.579	67.4209
HIS_95	-8.24289	3.42245	6.79811	-0.75825	0.02033	1.06539	4.01743	9.56587	0	0	-3.51026	-0.11745	0	0	0	-1.0699	0	0	0.23245	4.89151	1.00488	0	3.88663	-0.40299	0	0	0.8406	-0.89965	20.7442	234.939	6.06054
LEU_96	-4.9885	1.54206	3.64382	-0.45629	0.52244	0.09052	3.01723	5.32619	0	0	-2.52614	-0.04933	0	0	0	0	0	0	0.01557	1.12747	0.16649	0.96098	0	0.08339	0	0	1.3223	-0.42253	9.37565	120.319	89.6812
GLY_97	-4.10769	1.14236	3.55286	-0.00108	0	0	2.71389	5.31254	0	0	-2.88906	-0.33168	0	0	0	0	0	0	-0.06666	0	0	0	0	0.70049	0	0	1.435	1.41599	8.87695	158.491	5.50863
LEU_98	-5.0128	0.95337	4.00531	-0.54903	0.46091	0.1216	2.94743	5.97512	0	0	-2.28607	0.19639	0	0	0	0	0	0	0.66412	1.15942	0.01603	1.14339	0	-0.12564	0	0	1.3223	2.00305	12.9949	105.88	104.12
GLY_99	-4.09152	1.87348	3.08943	-0.00102	0	0	2.36023	4.68467	0	0	-2.08846	-0.2978	0	0	0	0	0	0	0.07411	0	0	0	0	-2.42995	0	0	1.435	2.77558	7.38374	152.699	11.3007
PHE_100	-7.46016	0.75904	3.14231	-1.12062	0.21609	0.59651	2.77878	6.27113	0	0	-2.66299	-0.21354	0	0	0	0	0	0	0.52709	2.76786	0.58549	0	2.18237	-0.79906	0	0	1.9602	2.39003	11.9205	203.705	33.2947
THR_101	-6.59737	1.32409	4.7419	-0.23446	0.40262	0.09904	3.98997	7.19837	0	0	-3.56318	-0.20982	0	0	0	0	-0.48498	0	0.92196	1.96361	0.05565	1.90796	0	-0.33745	0	5.04624	-0.9333	0.10087	15.3917	166.058	7.9425
ALA_102	-3.66544	0.62564	2.4229	-0.02554	0.00181	0	2.70999	4.3987	0	0	-2.69821	-0.40645	0	0	0	0	0	0	-0.00234	0	0	0	0	0.94823	0	0	2.2619	0.39822	6.9694	134.761	18.2394
GLY_103	-3.36722	0.49569	2.91502	-0.00139	0	0	2.45791	4.4446	0	0	-2.41823	-0.34486	0	0	0	0	0	0	-0.19755	0	0	0	0	-2.27916	0	0	1.435	1.35651	4.49632	151.447	12.5527
VAL_104	-4.95005	1.17027	3.13262	-0.2545	0.25787	0.05039	2.77864	5.43728	0	0	-2.3099	-0.29339	0	0	0	0	0	0	0.02092	0.67132	0.01308	0.65824	0	-0.79775	0	0	2.7371	0.82169	9.14383	111.594	70.4062
THR_105	-6.7734	1.2142	5.07334	-0.19747	0.13909	0.06504	4.18336	6.92278	0.00348	0.01867	-2.70205	-0.20822	0	0	0	0	0	0	-0.02423	1.97489	0.17185	1.80304	0	-0.97552	0	4.96268	-0.9333	-0.32415	14.3941	158.835	15.1654
ALA_106	-5.18335	1.85341	2.4151	-0.02413	0.00018	0	1.69433	4.56409	0.00348	0.01867	-0.40515	-0.48367	0	0	0	0	0	0	-0.01177	0	0	0	0	-0.48729	0	0	2.2619	-0.13597	6.07984	139.67	13.3303
ARG_107	-8.77819	1.40134	8.56783	-0.69479	0.35928	0.40406	3.32077	10.0333	0.13194	0.68059	-3.21508	0.26468	0	0	0	0	-0.5917	0	0.03812	3.71559	0.58799	3.1276	0	-0.40594	0	0	-0.1423	-0.28039	18.5247	218.492	46.508
ASP_108	-4.73381	0.89835	5.40493	-0.28341	0.02288	0.92026	1.59091	6.28407	0.04605	0.24042	-1.86703	0.20451	0	0	0	0	0	0	-0.09751	4.58446	0.31714	0	4.26733	0.06702	0	0	-1.6204	-0.43346	15.8127	137.975	47.0248
ASN_109	-4.76473	0.97641	3.93801	-0.19471	0.00351	0.3115	1.37893	5.2665	0	0	0.26722	-1.11255	0	0	0	0	0	0	-0.16678	6.8361	1.11012	0	5.72598	0.52862	0	0	-0.3009	1.08899	20.8922	116.516	67.4845
TRP_110	-6.3894	1.98308	3.76372	-0.91829	0.10001	0.66269	2.45867	6.02517	0.00627	0.02205	-0.99668	-0.16211	0	0	0	0	0	0	0.77087	4.33533	0.57464	0	3.76069	0.27899	0	0	3.7077	2.51993	22.5033	163.798	106.202
ASN_111	-2.89307	0.70562	3.03914	-0.19722	0.02609	0.32427	1.48447	4.2591	0.01775	0.11604	-0.88551	-1.02223	0	0	0	0	0	0	0.44778	2.73199	0.39809	0	2.33389	-1.60957	0	0	-0.3009	1.13383	10.1096	74.1844	109.816
TYR_112	-7.58213	1.62759	4.29812	-0.61369	0.12458	0.31922	2.38259	7.48696	0.03457	0.14644	-0.96344	-0.45493	0	0	0	0	0	0	1.80565	3.2817	0.91771	0	2.364	0.30045	0	0	1.7379	0.45223	17.6655	171.052	76.9476
ILE_113	-4.51806	1.28819	3.64267	-0.61451	2.66996	0.18465	2.20323	5.09693	0.09869	0.48291	-1.1068	0.20669	0.15774	0	0	0	0	0	-0.16471	3.15302	0.35425	2.79878	0	-0.17565	0	0	1.8006	2.9634	20.522	121.928	85.0725
PRO_114	-3.06477	0.47593	0.878	-0.15922	0	0.1159	0.42694	1.64238	0	0	-0.52014	0.14729	0.39514	0	0	0	0	0	0.38516	6.26658	5.32659	0.93999	0	-1.19114	0	0	-4.6787	1.60726	8.99318	105.713	93.2865
LEU_115	-6.33905	1.01905	3.41649	-0.49395	0.32021	0.12479	3.27145	6.01198	0	0	-2.2139	-0.04153	0.68283	0	0	0	0	0	-0.04677	1.64377	0.5342	1.10957	0	-0.05706	0	0	1.3223	2.08849	12.3529	167.213	42.7865
PRO_116	-1.98876	0.24566	0.78295	-0.21996	0.0305	0.16228	0.26017	1.33573	0	0	-0.55647	-0.12592	0.92926	0	0	0	0	0	0.78544	1.37655	0.96993	0.40662	0	-0.55907	0	0	-4.6787	2.79056	1.9468	81.6056	117.394
VAL_117	-5.87289	1.32908	2.30263	-0.27371	0.46608	0.06125	2.47811	5.38969	0	0	-1.75434	-0.22329	0	0	0	0	0	0	1.93696	0.65663	0.32667	0.32995	0	-1.23481	0	0	2.7371	-0.29055	8.36456	165.797	16.2027
LEU_118	-3.07291	0.57554	0.88563	-0.60427	1.12095	0.17551	0.80147	2.45485	0	0	-0.35876	0.2772	0	0	0	0	0	0	-0.01896	1.78766	0.77553	1.01214	0	0.10084	0	0	1.3223	0.85923	8.09395	82.3877	127.612
LEU_119	-6.63768	1.7229	3.17177	-0.45136	0.49964	0.07906	3.35045	5.64463	0	0	-2.34524	0.02771	0.01203	0	0	0	0	0	0.06557	1.16576	0.17106	0.9947	0	0.73405	0	0	1.3223	3.77561	13.303	180.879	29.1215
PRO_120	-4.55352	0.90194	3.09629	-0.19696	0.02129	0.14466	2.08404	3.60927	0	0	-1.21008	0.08436	0.049	0	0	0	0	0	0.06789	0.57533	0.21252	0.36281	0	-1.05696	0	0	-4.6787	2.33573	1.8489	140.073	58.9265
LEU_121	-8.85368	1.45885	4.93018	-0.46601	0.53156	0.07824	3.14384	8.16676	0	0	-2.80774	0.14244	0	0	0	0	0	0	0.71718	2.89525	2.03633	0.85892	0	0.12833	0	0	1.3223	-0.2826	14.0002	202.921	7.07897
ALA_122	-4.69736	0.65184	3.74888	-0.02038	0	0	3.063	5.83305	0	0	-2.91121	-0.41546	0	0	0	0	0	0	0.02391	0	0	0	0	-0.65389	0	0	2.2619	-0.14102	6.74324	120.963	32.0367
SER_123	-5.36081	1.15186	5.51755	-0.04124	0.01517	0.06442	3.8792	6.96569	0	0	-1.97209	-0.5886	0	0	0	0	0	0	0.79738	0.79826	0.66514	0.13312	0	-0.79309	0	4.04	-0.539	-0.30581	14.4271	154.027	7.97286
VAL_124	-4.59784	1.29939	2.70163	-0.36449	0.47445	0.08867	2.74072	4.89535	0	0	-2.67561	-0.31702	0	0	0	0	0	0	0.32034	1.11487	0.03481	1.08006	0	-0.76792	0	0	2.7371	-0.21616	8.54835	104.426	77.5743
GLY_125	-4.24024	0.76213	3.64863	-0.00131	0	0	2.62395	5.55225	0	0	-2.13643	-0.34136	0	0	0	0	0	0	0.85948	0	0	0	0	-0.31712	0	0	1.435	0.65269	8.49766	154.006	9.99422
TYR_126	-7.08032	1.3709	4.50882	-0.79282	0.31067	0.19861	3.05042	6.91602	0	0	-1.65341	-0.54957	0	0	0	0	0	0	0.35165	3.68979	0.06365	0	3.62614	-0.24959	0	0	1.7379	1.52016	17.019	139.365	108.635
GLY_127	-2.93618	0.93	3.67789	-0.00021	0	0	2.10298	4.71339	0.00835	0.06026	-1.34585	-0.28518	2.13944	0	0	-1.0699	0	0	-0.34655	0	0	0	0	-2.22368	0	0	1.435	4.76615	11.6259	145.454	18.5461
PRO_128	-3.9977	1.26521	2.72494	-0.12167	0.02801	0.07594	2.27409	3.55365	0.02235	0.07129	-1.19789	0.63911	2.15688	0	0	0	0	0	0.09256	0.65535	0.34951	0.30584	0	0.02537	0	0	-4.6787	4.36467	8.60883	126.912	72.0883
VAL_129	-4.64145	0.69945	3.01192	-0.28429	0.37441	0.06466	2.60999	5.03077	0	0	-2.11718	-0.44671	0	0	0	0	0	0	-0.04415	0.32449	0.09117	0.23333	0	-1.11899	0	0	2.7371	0.08267	6.6072	112.359	69.6412
THR_130	-6.98326	3.67459	5.08965	-0.16288	0.21674	0.05729	3.18933	7.65633	0.03311	0.13854	-2.24255	-0.58093	0	0	0	0	0	0	1.84863	0.44588	0.06445	0.38143	0	-0.15273	0	5.06031	-0.9333	-0.21086	16.5898	174	0
PHE_131	-6.95306	1.76918	2.51291	-0.75095	0.06997	0.1543	2.90223	5.62971	0	0	-2.6073	-0.49614	0	0	0	0	0	0	0.20796	3.42942	0.02156	0	3.40786	-0.28258	0	0	1.9602	0.07926	11.0545	168.948	68.0524
GLN_132	-9.98208	2.5284	7.61899	-0.28875	0.05254	0.13968	5.09365	10.4424	0.00241	0.00698	-4.94486	-0.06225	0	0	0	0	-1.65376	0	2.05244	5.5604	0.33507	0	5.22533	0.00968	0	0	-0.1077	-0.41086	21.6177	216.23	0.76969
MET_133	-8.19626	1.36	3.50612	-0.77804	0.98183	0.37068	3.10162	6.69975	0	0	-2.47431	-0.13735	0	0	0	0	0	0	1.39992	5.62828	3.13999	2.48829	0	-0.01404	0	0	1.4633	-0.05575	18.484	234.941	27.0594
THR_134	-6.5413	1.09376	4.18357	-0.20738	0.11363	0.07019	3.79739	6.41049	0	0	-2.5428	-0.14742	0	0	0	0	0	0	0.18834	2.37776	0.18477	2.193	0	-1.03513	0	4.95089	-0.9333	-0.14868	14.0078	165.29	8.70984
TYR_135	-9.13198	4.1539	3.16873	-0.85805	0.08035	0.16649	2.00745	6.4508	0.04719	0.38437	-0.25008	-0.51755	0	0	0	0	0	0	-0.02754	3.30067	0.2303	0	3.07037	-0.11049	0	0	1.7379	-0.368	13.5348	185.287	62.7125
ILE_136	-6.50182	3.19997	2.95338	-0.70273	7.96722	0.16043	3.04686	6.22022	0.0047	0.07765	-2.53174	0.12601	0.00736	0	0	0	0	0	-0.01428	14.9656	13.7816	1.18394	0	-0.5559	0	0	1.8006	2.47951	47.6686	163.182	43.8183
PRO_137	-3.76453	1.81805	1.1087	-0.14151	0	0.09921	0.59135	1.83868	0	0	-0.1145	0.23298	0.08729	0	0	0	0	0	-0.07283	1.21278	0.7445	0.46828	0	-1.45664	0	0	-4.6787	1.75864	-0.26822	134.732	64.2684
GLY_138	-2.81899	1.85033	2.18625	-0.00184	0	0	0.80049	3.40787	0.05185	0.46167	-0.01796	-0.3314	0	0	0	0	0	0	0.6868	0	0	0	0	-2.42713	0	0	1.435	0.54963	5.83255	144.825	19.1749
THR_139	-1.80886	3.03491	2.25994	-0.15712	0.05953	0.13089	0.82426	2.80178	0	0	0.22072	-1.53866	0	0	0	0	0	0	0.20356	2.07367	0	2.07367	0	0.53037	0	2.44587	-0.9333	2.6797	14.9009	55.8238	118.176
TYR_140	-3.75643	5.60648	3.5888	-0.83533	0.09863	0.26993	1.83233	4.90973	0	0	-0.76855	-0.43294	0	0	0	0	0	0	1.94799	2.84509	0	0	2.84509	0.81242	0	0	1.7379	5.68131	26.3825	79.1738	168.826
ASN_141	-2.62804	0.31809	1.98261	-0.1713	0.01995	0.29458	0.2092	3.03064	0	0	0.07689	-0.73117	0	0	0	0	0	0	0.11119	3.27174	0	0	3.27174	-0.27849	0	0	-0.3009	7.67122	16.1479	39.2552	144.745
ASN_142	-3.6213	4.31559	4.00541	-0.19278	0.00454	0.24587	2.52853	5.25268	0	0	-0.41623	-0.36087	0	0	0	0	0	0	0.96671	8.33769	4.11429	0	4.2234	0.95913	0	0	-0.3009	4.23512	34.2969	86.4747	97.5253
GLY_143	-3.46151	0.5308	2.64973	-0.00051	0	0	0.54042	4.25553	0.05026	0.27525	0.19354	-0.23014	0	0	0	0	0	0	1.38207	0	0	0	0	-2.202	0	0	1.435	3.52239	8.94084	158.398	5.60247
ASN_144	-5.91471	1.77405	5.3419	-0.3586	0.0542	0.76777	3.86114	7.52641	0.05356	0.36009	-2.0414	-0.86783	0	0	0	0	0	0	-0.1578	3.59274	0.04435	0	3.54839	-1.70293	0	0	-0.3009	2.19994	17.7804	156.443	27.5568
VAL_145	-6.94482	1.50595	3.68616	-0.38173	0.92857	0.09024	2.60847	7.03329	0	0	-1.75476	-0.16056	0	0	0	0	0	0	0.68155	1.0416	0.04322	0.99839	0	-0.8315	0	0	2.7371	-0.68377	10.5974	156.638	25.3622
TYR_146	-8.79853	2.83289	3.0943	-0.61491	0.04708	0.3011	3.29542	6.72944	0	0	-2.97982	-0.10787	0	0	0	0	0	0	0.03611	2.69074	0.00122	0	2.68951	-0.40229	0	0	1.7379	-0.54287	10.0094	186.946	61.0539
PHE_147	-8.17279	1.62497	2.46687	-0.71914	0.2151	0.12686	3.05211	5.92315	0	0	-2.02305	-0.25396	0	0	0	0	0	0	-0.05149	5.12825	0.64612	0	4.48214	-0.19861	0	0	1.9602	-0.26808	13.9386	224.767	12.2329
ALA_148	-6.27481	1.43647	2.21175	-0.01954	0	0	3.1831	6.26524	0	0	-3.6991	-0.32877	0	0	0	0	0	0	0.06345	0	0	0	0	0.26246	0	0	2.2619	0.29069	5.65284	153	0
TRP_149	-12.4884	2.63384	5.11477	-1.38544	0.22506	1.29616	3.66935	9.97081	0	0	-2.95285	-0.45168	0	0	0	0	-0.86283	0	2.85541	3.53306	0.8248	0	2.70826	-0.33908	0	0	3.7077	0.18558	18.2445	261.087	8.9134
MET_150	-7.04799	0.79988	4.04867	-0.60002	0.98883	0.04486	2.78904	6.04926	0	0	-2.7609	0.15137	0	0	0	0	0	0	0.04739	2.66554	0.55306	2.11247	0	-0.06061	0	0	1.4633	-0.69999	10.5442	203.087	58.9127
ARG_151	-10.2076	1.38537	9.03495	-0.89572	0.57649	0.65809	3.51591	10.5054	0.05207	0.37138	-3.93223	0.42637	0	0	0	0	-0.33606	0	-0.0858	6.30159	3.26984	3.03175	0	0.13874	0	0	-0.1423	-0.50492	23.1634	260.371	4.62939
PHE_152	-6.75082	1.3053	3.6005	-0.59712	0.06482	0.34571	3.25821	5.90227	0	0	-3.1631	0.09033	0	0	0	0	0	0	0.22771	3.43015	0.2843	0	3.14585	-0.40728	0	0	1.9602	0.15967	12.8567	157.525	79.4751
GLN_153	-6.37534	1.03998	5.30965	-0.35593	0.06442	0.2201	2.76541	6.49067	0.08229	0.82147	-3.23907	-0.0094	0	0	0	0	-0.86902	0	0.0456	5.17859	0.6462	0	4.53239	0.02101	0	0	-0.1077	-0.42993	15.8314	177.144	39.8563
PHE_154	-6.8856	0.817	3.8009	-0.93773	0.18502	0.52057	2.56958	6.15893	0	0	-2.17287	-0.17798	0	0	0	0	0	0	0.82317	2.86006	0.07389	0	2.78617	-0.39302	0	0	1.9602	-0.55897	11.4293	149.247	87.7526
LEU_155	-3.18988	1.00425	3.1604	-0.56168	1.99488	0.27551	1.54068	3.68625	0.02453	0.24799	1.21132	0.55084	0	0	0	0	0	0	0	0.78473	0.65305	0.13168	0	0	0	0	1.3223	-0.15744	12.6794	39.1168	170.883