label	fa_atr	fa_rep	fa_sol	fa_intra_atr_xover4	fa_intra_rep_xover4	fa_intra_sol_xover4	lk_ball	lk_ball_iso	lk_ball_bridge	lk_ball_bridge_uncpl	fa_elec	fa_intra_elec	pro_close	hbond_sr_bb	hbond_lr_bb	hbond_bb_sc	hbond_sc	dslf_fa13	omega	fa_dun	fa_dun_dev	fa_dun_rot	fa_dun_semi	p_aa_pp	yhh_planarity	hxl_tors	ref	rama_prepro	total	BSA	SASA
PHE_1	-1.12187	0.15162	0.70143	-1.09079	0.29667	0.74696	0.03057	1.09435	0	0	-0.20798	0.67014	0	0	0	0	0	0	0.03477	5.10599	0.34239	0	4.7636	0	0	0	1.9602	0	13.478	0	263.877
GLN_2	-3.30409	0.44157	1.84257	-0.40799	0.67348	0.47669	0.52976	2.69434	0	0	0.3014	-0.30474	0	0	0	0	0	0	0.16079	13.3036	8.86624	0	4.43737	-0.01249	0	0	-0.1077	-0.14846	29.4423	116.352	100.648
SER_3	-3.42513	0.44025	4.19528	-0.05038	0.05532	0.07438	2.39856	5.25607	0.00703	0.10001	-1.01963	-0.90956	0	0	0	0	0	0	0.15907	1.75027	1.22542	0.52484	0	-0.37216	0	4.04	-0.539	-0.71221	13.1984	95.4078	66.5922
SER_4	-3.2924	0.40675	3.10189	-0.0346	0.03854	0.01909	1.72436	4.38748	0	0	-0.47607	-0.54711	0	0	0	0	0	0	-0.00383	6.26836	5.56116	0.7072	0	0.50607	0	4.04	-0.539	0.04286	21.9108	74.0629	87.9371
ALA_5	-4.85475	1.21638	3.19102	-0.01988	0	0	1.99355	5.78315	0	0	-1.27265	-0.34004	0	0	0	0	0	0	-0.00486	0	0	0	0	-0.05215	0	0	2.2619	1.13881	9.04048	142.695	10.3051
MET_6	-5.7135	0.4979	6.19435	-0.54105	0.60624	0.33677	2.76465	7.10623	0	0	-0.52521	-0.1691	0	0	0	0	0	0	0.33918	11.1561	8.71928	2.43682	0	0.10395	0	0	1.4633	0.93704	35.713	183.238	78.7615
VAL_7	-5.55472	0.56114	4.90843	-0.30507	0.34719	0.06723	2.63278	7.11415	0.00703	0.10001	-2.59785	-0.00746	0	0	0	0	0	0	0.09691	0.36796	0.24203	0.12592	0	-0.28643	0	0	2.7371	1.10627	11.6626	106.728	75.2722
LEU_8	-7.56807	0.89399	4.54646	-0.51607	1.3859	0.12363	3.26707	7.95603	0	0	-2.14233	0.26032	0	0	0	0	0	0	0.49629	0.93031	0.23835	0.69195	0	-0.36827	0	0	1.3223	0.86199	12.3798	150.294	59.7056
ARG_9	-8.69122	5.90669	8.92785	-0.69014	0.77036	0.39782	5.22037	11.2161	0.04445	0.41276	-1.9115	0.62272	0	0	0	0	-0.01797	0	0.37167	4.5395	1.2386	3.3009	0	-0.05117	0	0	-0.1423	1.04806	32.5136	235.648	29.3523
ASP_10	-4.82413	0.33324	6.40028	-0.11472	0.081	0.3584	2.95518	7.46185	0	0	-2.2492	-0.22327	0	0	0	0	0	0	-0.07333	4.34153	1.58869	0	2.75284	0.42244	0	0	-1.6204	1.47389	19.0643	120.442	64.5585
GLY_11	-4.11681	0.31702	5.18307	-5e-05	0	0	2.86554	6.74935	0	0	-2.33378	-0.40741	0	0	0	0	0	0	0.32142	0	0	0	0	0.91789	0	0	1.435	1.36483	12.2961	140.779	23.2205
ALA_12	-6.72571	0.78551	3.92533	-0.02055	0	0	3.42482	8.10846	0.0324	0.26213	-2.51115	-0.34301	0	0	0	0	0	0	0.19595	0	0	0	0	-0.17202	0	0	2.2619	1.04671	10.2708	153	0
LYS_13	-7.19644	4.2694	10.0095	-0.53596	0.16776	0.56079	6.6776	11.3177	0	0	-2.72252	0.22737	0	0	0	0	0	0	0.12564	9.37104	4.15115	5.21989	0	-0.01318	0	0	-0.8895	0.01569	40.756	194.358	57.6422
PHE_14	-4.39185	0.29573	4.66962	-0.86415	0.14076	0.34151	2.75781	6.36893	0	0	-2.0623	0.00554	0	0	0	0	0	0	-0.01586	3.27316	0.34373	0	2.92943	-0.27389	0	0	1.9602	-0.1216	15.3568	89.9754	147.025
GLU_15	-8.04844	0.38353	9.09336	-0.21884	0.08046	0.37407	4.28052	11.1584	0.0324	0.26213	-2.06355	-0.63731	0	0	0	0	0	0	0.06857	7.12717	2.92675	0	4.20043	-0.3151	0	0	-1.6358	-0.14786	26.9209	172.443	50.5575
ALA_16	-5.33102	0.48441	3.39131	-0.02049	0	0	2.21147	6.62907	0	0	-1.78352	-0.34226	0	0	0	0	0	0	-0.02633	0	0	0	0	-0.07132	0	0	2.2619	0.029	7.43219	139.872	13.1275
GLN_17	-3.55209	0.41729	3.87276	-0.82474	0.7549	1.16387	2.14454	5.22146	0	0	-0.58872	-0.53811	0	0	0	0	0	0	-0.0681	16.8193	9.74889	0	7.07046	-0.36496	0	0	-0.1077	-0.00335	41.1658	107.372	109.628
ALA_18	-2.50644	0.2905	2.2998	-0.02734	0.01327	0	1.81965	3.86366	0	0	-0.85325	-0.43905	0	0	0	0	0	0	-0.14111	0	0	0	0	0.00326	0	0	2.2619	-0.53562	6.04925	75.8541	77.1459
GLY_19	-1.89651	0.53497	2.10089	-6e-05	0	0	0.90095	2.67121	0	0	-0.78253	-0.36301	0	0	0	0	0	0	-0.06758	0	0	0	0	-2.49343	0	0	1.435	-0.57077	1.46913	107.055	56.9454
ASP_20	-4.9497	0.68252	6.45545	-0.25337	0.12957	0.86346	3.19832	7.50735	6e-05	0.00017	-3.64916	-0.45524	0.49558	0	0	-0.21844	0	0	0.23991	4.51896	1.34764	0	3.17131	-0.4444	0	0	-1.6204	2.84673	19.8663	119.198	65.8025
PRO_21	-6.08451	1.61922	3.42244	-0.08835	0.00064	0.05507	2.00853	4.87381	0	0	-0.99705	0.7285	0.52881	0	0	0	0	0	0.21591	0.70566	0.1499	0.55576	0	0.36662	0	0	-4.6787	3.08007	6.46234	179.529	19.4714
THR_22	-3.38404	0.43559	3.94323	-0.20717	0.3039	0.07504	1.70499	4.88371	0.06453	0.47032	-0.88875	-0.8772	0	0	0	0	0	0	0.56035	0.15604	0.03459	0.12145	0	-0.01299	0	5.05132	-0.9333	0.41332	11.9149	74.9284	99.0716
GLN_23	-5.76217	0.61366	6.96015	-0.86713	0.28384	0.9297	2.83048	7.76678	0	0	-2.36657	-0.81425	0	0	0	-0.21844	0	0	0.12904	4.12901	0.25456	0	3.87444	-0.27358	0	0	-0.1077	0.46787	17.8297	124.634	92.3663
ALA_24	-7.42438	1.21257	4.33602	-0.02152	0	0	3.90266	8.68775	0	0	-2.04802	-0.35365	0	0	0	0	0	0	0.06579	0	0	0	0	-0.41388	0	0	2.2619	-0.03334	10.1719	153	0
LEU_25	-8.40976	1.36977	4.54909	-0.49482	0.69032	0.12856	3.21091	7.76357	0	0	-1.88466	0.18543	0	0	0	0	0	0	1.11612	1.48983	1.1107	0.37913	0	-0.51667	0	0	1.3223	-0.12337	11.8865	189.502	20.4984
GLU_26	-6.48755	0.81741	9.10418	-0.49508	0.2388	1.0417	5.23621	10.0639	0.06446	0.47015	-4.32961	-0.46375	0	0	0	0	-0.55607	0	0.42518	5.3183	0.5439	0	4.77441	-0.37416	0	0	-1.6358	-0.50359	23.253	160.939	62.061
THR_27	-7.06825	0.65155	6.73442	-0.21156	0.30863	0.07824	4.43373	9.39249	0	0	-1.95007	-1.00659	0	0	0	0	0	0	0.50171	0.94902	0.03196	0.91705	0	0.27735	0	5.03725	-0.9333	-0.21102	17.9326	157.996	16.0036
TYR_28	-10.5875	1.73707	5.4098	-0.58891	0.23599	0.24249	4.81868	10.1401	0.00173	0.01857	-1.9174	-0.28886	0	0	0	0	0	0	1.41125	4.13592	0.85627	0	3.27966	0.29207	0	0	1.7379	0.01728	20.9521	244.426	3.57443
LYS_29	-10.127	1.52253	10.1329	-0.30474	0.07181	0.14539	4.56885	10.6909	0	0	-3.77136	0.05112	0	0	0	0	-0.04896	0	0.67346	2.91973	0.61663	2.3031	0	0.04746	0	0	-0.8895	-0.11558	18.4868	230.517	21.4828
ASP_30	-5.92729	0.72797	6.88779	-0.11046	0.01436	0.33339	3.63441	8.60402	0	0	-3.48602	-0.35606	0	0	0	0	-0.38388	0	-0.07293	3.9762	0.71197	0	3.26423	0.29303	0	0	-1.6204	0.0012	16.4915	127.108	57.8924
ALA_31	-6.09898	0.73249	3.97212	-0.02311	0	0	3.40161	7.58721	0	0	-2.14258	-0.37336	0	0	0	0	0	0	0.24036	0	0	0	0	-0.33491	0	0	2.2619	-0.58263	8.64011	153	0
MET_32	-10.6174	1.64116	5.54538	-0.21526	0.03603	0.06457	4.16905	8.88105	0	0	-3.05429	-0.24214	0	0	0	0	0	0	0.32702	3.92102	1.03467	2.88635	0	-0.04638	0	0	1.4633	-0.39709	15.397	262	0
VAL_33	-5.88098	1.15994	4.11472	-0.29448	0.31121	0.06303	2.55231	7.2064	0	0	-1.13157	-0.02502	0	0	0	0	0	0	0.11662	0.41344	0.37804	0.0354	0	-0.64981	0	0	2.7371	0.7419	11.8483	119.257	62.7431
ALA_34	-3.60401	0.33776	1.7528	-0.02367	0	0	1.38223	4.26315	0	0	-0.49622	-0.38251	0	0	0	0	0	0	-0.04885	0	0	0	0	-0.19211	0	0	2.2619	-0.06173	5.18875	100.651	52.3492
SER_35	-5.1535	1.42952	4.51102	-0.04324	0.03216	0.05756	2.99734	6.08181	0.00372	0.03377	-0.95541	-0.06712	0	0	0	0	0	0	-0.06986	0.69559	0.26715	0.42844	0	-0.4584	0	4.04	-0.539	-1.18689	12.1047	152.461	9.53879
GLY_36	-2.71686	0.46813	3.54291	-5e-05	0	0	1.25709	4.57213	0	0	-1.48617	-0.3861	0	0	0	0	0	0	0.89429	0	0	0	0	-2.39794	0	0	1.435	-1.55183	3.6306	116.627	47.3728
VAL_37	-6.91173	2.67626	2.7241	-0.31276	0.40153	0.07195	2.02115	5.4147	0.06797	0.49834	-0.00285	-0.22874	0	0	0	0	0	0	-0.09997	0.89259	0.00906	0.88353	0	0.06524	0	0	2.7371	-0.99701	9.91044	168.621	13.3793
THR_38	-5.4798	1.46301	3.22472	-0.22251	0.26649	0.08899	2.31869	5.73615	0	0	0.86553	-0.33683	0	0	0	0	0	0	0.02164	1.60321	0.76248	0.84073	0	0.05971	0	5.04022	-0.9333	0.24842	15.5676	147.246	26.7542
THR_39	-1.47709	0.25704	1.03354	-0.20989	0.88968	0.08139	0.21814	1.66176	0	0	0.51116	-1.2756	0	0	0	0	0	0	-0.07719	5.14094	3.36761	1.77333	0	-0.58809	0	5.05562	-0.9333	-0.20882	15.2202	34.1692	139.831
THR_40	-2.86536	0.36936	2.20111	-0.16828	0.19399	0.05702	1.68352	3.32244	0	0	0.30822	-0.46397	0	0	0	0	0	0	0.26275	0.7387	0.28971	0.449	0	-0.34738	0	5.03162	-0.9333	-0.46745	9.6617	57.2943	116.706
ARG_41	-6.9813	1.27782	7.25932	-0.69219	0.34541	0.41363	3.27383	7.91775	0	0	-3.4422	0.50071	0.00544	0	0	0	-0.89099	0	0.06582	3.61728	0.62904	2.98824	0	0.02524	0	0	-0.1423	2.41298	18.5835	185.513	79.4866
PRO_42	-6.50789	2.61127	3.26504	-0.14312	0.00389	0.10464	1.32839	3.23152	0	0	-0.25803	0.14242	0.03849	0	0	0	0	0	-0.12085	4.08781	3.68988	0.39793	0	-0.94839	0	0	-4.6787	1.92017	8.16446	194.901	4.09875
GLN_43	-2.48104	0.27793	2.89018	-0.58578	0.18748	0.58987	0.81617	3.23178	0	0	-0.11316	-0.62368	0	0	0	0	0	0	0.99781	4.89326	1.22927	0	3.66398	0.13928	0	0	-0.1077	-0.01767	14.988	73.0047	143.995
ASP_44	-4.35398	0.62305	7.52132	-0.27794	0.01361	0.96725	4.11555	8.08515	0	0	-3.73471	-0.15519	0	0	0	-0.37795	0	0	1.05867	4.406	0.04724	0	4.35876	1.09364	0	0	-1.6204	0.91499	22.6851	105.534	79.4656
ASN_45	-4.52858	0.69717	4.7223	-0.1807	0.0869	0.27429	2.89648	6.15889	0.07045	0.386	-1.94794	-0.30903	0	0	0	0	0	0	0.48061	2.1155	0.18188	0	1.93362	0.20041	0	0	-0.3009	0.41809	13.3555	121.859	62.1414
ASP_46	-4.95765	0.45022	7.18852	-0.11078	0.03092	0.3481	3.19991	7.84726	0.03886	0.48544	-1.76896	-0.0702	0	0	0	0	0	0	0.6334	3.14247	0.16286	0	2.97961	0.40689	0	0	-1.6204	0.12552	18.512	131.064	53.9361
THR_47	-5.50433	1.08954	6.47842	-0.20422	0.26182	0.07305	3.51958	7.65475	0	0	-1.86901	-0.84839	0	0	0	-0.37795	0	0	-0.01747	0.20157	0.09709	0.10449	0	-0.02435	0	5.02769	-0.9333	0.72082	15.4498	110.532	63.4682
PHE_48	-10.4536	2.08065	4.49231	-0.85406	0.384	0.31373	3.06099	7.80418	0	0	-1.20548	-0.09135	0	0	0	0	0	0	0.01471	4.61718	0.00186	0	4.61531	-0.67572	0	0	1.9602	1.13776	17.2027	236.23	0.76969
THR_49	-8.44389	1.30819	6.71824	-0.12454	0.09185	0.05353	4.21741	9.77299	0.03943	0.50757	-3.43591	-0.38206	0	0	0	-0.71597	0	0	0.96101	0.68176	0.01784	0.66392	0	0.16558	0	5.03035	-0.9333	0.624	16.818	173.392	0.60815
ARG_50	-7.51605	0.85566	8.80445	-0.79567	0.6002	0.49811	3.2635	10.0355	0.04972	0.50202	-2.33033	0.27083	0	0	0	0	-0.1332	0	0.17516	5.81443	1.83446	3.97997	0	-0.28556	0	0	-0.1423	-0.05109	25.4298	135.753	129.247
LEU_51	-7.17553	1.69474	3.92539	-0.51729	0.63981	0.15378	2.88925	6.40675	0	0	-1.91528	0.145	0	0	0	-0.45077	0	0	0.11032	1.14453	0.89736	0.24717	0	-0.04124	0	0	1.3223	0.03748	9.51378	172.077	37.9228
THR_52	-6.86148	2.48853	4.29669	-0.13377	0.10101	0.07778	3.03344	7.09285	0.02672	0.15749	-1.15278	-0.15408	0	0	0	0	0	0	0.07613	0.76357	0.6558	0.10777	0	-0.33603	0	4.98386	-0.9333	-0.25032	14.0399	169.743	4.25705
ARG_53	-9.01309	0.93086	11.3376	-0.45001	0.1071	0.23265	4.87496	12.2776	0.03384	0.36846	-4.82353	0.56863	0	0	0	-0.74144	-0.52708	0	0.03789	3.04943	0.0794	2.97002	0	0.06976	0	0	-0.1423	-0.49299	20.7477	212.138	52.8621
ASN_54	-4.08005	0.82313	5.44266	-0.41818	0.14467	0.86606	2.61711	6.21466	0.05424	0.54342	-2.2972	0.11907	0	0	0	-1.04325	-0.18969	0	-0.08582	5.27188	0.09763	0	5.17425	0.52981	0	0	-0.3009	-0.01178	19.4717	145.835	38.1651
ASP_55	-5.14611	5.2733	8.12263	-0.17138	0.06609	0.539	2.76743	8.11912	0.03867	0.33433	-2.61322	-1.47109	0	0	0	-0.43104	0	0	0.13091	3.9809	0.81152	0	3.16938	-0.29214	0	0	-1.6204	0.28686	21.8947	137.933	47.0669
GLU_56	-2.02436	0.30379	2.68136	-0.26854	0.35091	0.38534	0.94104	3.07561	0	0	0.26851	-0.26008	0	0	0	0	0	0	0.63104	15.1384	9.54957	0	5.58886	-0.37756	0	0	-1.6358	-0.18166	34.1665	80.8573	142.143
LYS_57	-4.60474	5.93111	8.63801	-1.00107	3.89646	1.23595	3.67434	8.26376	0	0	-1.18828	0.0854	0	0	0	-0.43104	-0.09391	0	-0.1328	10.3883	4.55717	5.83115	0	0.01557	0	0	-0.8895	-0.27263	43.9033	117.544	134.456
ASP_58	-6.71245	1.34163	10.6344	-0.10376	0.05282	0.27903	4.81622	10.6284	0.03867	0.33433	-6.74712	-0.29755	0	0	0	0	-1.50687	0	4.58062	3.52772	0.94146	0	2.58626	0.08704	0	0	-1.6204	-0.30463	22.5558	168.068	16.9324
ASP_59	-3.83544	0.32567	6.16397	-0.24972	0.029	0.86591	2.90155	6.65815	0	0	-3.63248	-1.08298	0	0	0	0	0	0	1.38049	5.38135	0.20904	0	5.1723	-0.50625	0	0	-1.6204	-0.45345	17.7067	97.9324	87.0676
TRP_60	-3.88267	0.53215	3.25368	-1.37253	0.59166	0.47051	1.26354	4.62207	0	0	-0.12883	-0.57435	0	0	0	0	0	0	-0.01718	3.14659	0.08638	0	3.0602	0.21623	0	0	3.7077	-0.25793	14.7172	103.296	166.704
LEU_61	-6.59518	1.36176	4.30858	-0.70624	0.63902	0.27879	2.42583	6.84466	0	0	-1.24543	0.16283	0	0	0	0	0	0	0.02007	4.63363	3.66819	0.96544	0	-0.29693	0	0	1.3223	0.47012	18.2575	166.694	43.3059
LYS_62	-8.66454	2.3191	10.5008	-0.3772	0.25515	0.13464	3.77001	11.2763	0.00372	0.03377	-1.05244	-0.03168	0	0	0	0	0	0	-0.05499	9.49548	5.94317	3.55231	0	-0.03972	0	0	-0.8895	0.39042	36.5648	205.392	46.6077
ARG_63	-4.84458	0.47283	5.71796	-0.69119	0.39528	0.41693	2.36093	6.69093	0	0	-2.33651	0.22304	0	0	0	0	0	0	-0.09282	7.49733	3.28096	4.21637	0	-0.20835	0	0	-0.1423	-0.4403	22.5165	133.475	131.525
GLY_64	-4.04588	0.44644	5.22004	-5e-05	0	0	2.79342	6.73991	0	0	-1.96307	-0.38587	0	0	0	0	0	0	0.82969	0	0	0	0	1.36118	0	0	1.435	1.00157	13.4324	151.184	12.8156
VAL_65	-7.15786	1.25089	4.1138	-0.3082	0.37275	0.06884	2.82296	7.34894	0	0	-1.84831	-0.04187	0	0	0	0	0	0	-0.03593	0.2106	0.12438	0.08622	0	-0.35574	0	0	2.7371	1.7624	11.151	182	0
ARG_66	-10.5014	1.86803	10.7781	-0.52416	0.5193	0.26882	6.13426	13.099	0.06797	0.49834	-5.47009	0.38619	0	0	0	-0.45077	-1.41296	0	0.18607	9.29925	5.894	3.40525	0	-0.04667	0	0	-0.1423	1.06139	34.9176	249.495	15.5045
SER_67	-4.22515	0.25472	5.6586	-0.04318	0.01742	0.06943	2.89969	7.1205	0	0	-1.50334	-0.89812	0	0	0	0	0	0	0.24884	2.07983	0.31884	1.76099	0	0.52738	0	4.04	-0.539	0.63439	18.4219	120.729	41.2714
ASP_68	-5.79055	0.53854	7.94441	-0.10688	0.02187	0.32753	4.19322	9.2552	0.04272	0.3942	-4.32947	-0.13956	0	0	0	0	-0.01797	0	0.39188	2.33253	0.00027	0	2.33226	0.48471	0	0	-1.6204	0.54139	16.7959	149.779	35.2205
ALA_69	-5.64936	0.44155	3.06232	-0.0213	0	0	2.61673	6.58315	0	0	-2.25359	-0.3481	0	0	0	0	0	0	-0.03008	0	0	0	0	-0.24221	0	0	2.2619	0.48414	6.90515	153	0
ALA_70	-5.51569	2.37181	4.44477	-0.02119	0	0	3.08462	7.21499	0	0	-2.38174	-0.34535	0	0	0	0	0	0	-0.03323	0	0	0	0	-0.11769	0	0	2.2619	0.40324	11.3664	142.744	10.2563
ASP_71	-4.31874	0.29338	6.06219	-0.10777	0.01542	0.33107	2.86439	7.27061	0	0	-2.00124	-0.20865	0	0	0	0	0	0	-0.05025	2.41997	0.12913	0	2.29083	0.48775	0	0	-1.6204	0.67935	14.537	112.899	72.101
LEU_72	-7.98833	1.03996	4.019	-0.71932	1.31576	0.30566	3.12974	7.25083	0.01179	0.14313	-1.78086	0.1418	0	0	0	0	0	0	0.03436	1.2495	0.08637	1.16313	0	-0.3925	0	0	1.3223	0.55159	10.8839	191.388	18.6118
TYR_73	-9.42123	1.61302	5.07451	-0.81892	0.35269	0.35087	3.69451	8.81172	0.00057	0.02213	-2.67116	-0.31104	0	0	0	-0.3642	0	0	0.13035	3.92699	0.61595	0	3.31104	-0.50078	0	0	1.7379	0.68178	16.2367	241.557	6.44279
ARG_74	-7.04206	0.5905	8.38481	-0.65924	0.34403	0.37147	4.46504	9.98437	0.04969	0.25646	-3.58906	0.26242	0	0	0	0	-0.23154	0	-0.10552	5.64513	2.36197	3.28316	0	-0.19471	0	0	-0.1423	0.4944	24.529	202.529	62.4713
GLN_75	-8.55858	1.51148	8.79457	-0.80823	0.31293	0.85153	4.96781	10.7859	0.08161	0.27687	-3.1391	-0.98104	0	0	0	-0.49995	-0.86124	0	-0.0761	7.81123	1.98045	0	5.83078	-0.4204	0	0	-0.1077	-0.281	27.4719	192.921	24.0793
GLN_76	-7.22152	1.45963	6.1698	-0.69074	0.20173	0.72736	2.59791	7.18091	0.08916	0.62152	-2.04682	-0.45669	0	0	0	0	-0.86124	0	0.48913	4.29833	1.29747	0	3.00087	-0.28027	0	0	-0.1077	-0.79164	15.6772	175.91	41.0901
ASP_77	-5.91052	0.34446	9.51866	-0.12651	0.01894	0.37981	5.11612	10.7935	0.0569	0.30885	-4.7685	-1.12328	0	0	0	-1.6307	0	0	0.43463	5.64572	0.31888	0	5.32684	0.32975	0	0	-1.6204	-0.75035	22.6628	170.875	14.1254
LEU_78	-4.94866	0.81808	3.45572	-0.60115	0.39142	0.14961	2.62761	5.87402	0.02705	0.33656	-1.47747	0.2866	0	0	0	0	0	0	0.03653	2.47416	1.74644	0.72771	0	-0.53403	0	0	1.3223	-0.39186	12.3206	124.425	85.5752
ASN_79	-6.07029	1.18376	6.11749	-0.14909	0.03164	0.21363	3.55432	7.85585	0.08366	0.79539	-1.84918	-0.17228	0	0	0	0	0	0	0.79009	4.18111	0.39815	0	3.78296	0.99314	0	0	-0.3009	-0.04566	21.3938	148.178	35.8219
VAL_80	-4.95582	1.56284	2.91147	-0.25666	0.23934	0.05203	2.9588	5.22833	0	0	-2.8583	-0.30013	0	0	0	0	0	0	0.43579	0.51287	0.13024	0.38263	0	-1.17339	0	0	2.7371	-0.10414	7.50302	124.061	57.939
THR_81	-6.86561	1.28618	4.395	-0.14817	0.08051	0.05431	3.93439	6.85665	0.00444	0.07098	-2.81676	-0.65984	0	0	0	0	-0.3651	0	0.26819	0.85838	0.55792	0.30046	0	-0.28175	0	5.04519	-0.9333	-0.21695	11.4251	174	0
LEU_82	-4.96676	0.85681	2.9639	-0.59261	0.40149	0.1516	3.21669	5.34834	0	0	-2.59201	0.25537	0	0	0	0	0	0	0.32452	1.28072	0.26644	1.01428	0	-0.23751	0	0	1.3223	0.00261	9.01621	130.405	79.5947
GLU_83	-9.5585	2.23837	9.45628	-0.2656	0.08758	0.2636	5.41953	10.678	0	0	-3.12691	-0.28463	0	0	0	-0.33254	0	0	0.47024	5.5209	0.1359	0	5.385	-0.15224	0	0	-1.6358	-0.02871	24.2704	222.488	0.512343
HIS_84	-6.41122	1.61469	6.74456	-0.52684	0.02509	0.32491	4.12401	8.51019	0	0	-2.94742	-0.83461	0	0	0	0	-0.98583	0	-0.04074	3.62525	0.40634	0	3.21891	0.06846	0	0	0.8406	-0.27227	17.4841	174.77	66.2296
ASP_85	-7.63724	1.29003	9.62741	-0.18991	0.05397	0.61361	5.22933	10.9527	0	0	-2.00472	-1.33641	0	0	0	0	0	0	1.47918	4.41988	0.40409	0	4.01579	0.42452	0	0	-1.6204	-0.08373	25.6381	185	0
TYR_86	-6.74068	0.77803	5.76757	-0.74984	0.26271	0.13176	3.71441	7.75947	0	0	-2.35157	-0.34563	0	0	0	0	0	0	1.38842	4.40115	0.11437	0	4.28678	-0.01376	0	0	1.7379	0.03121	20.1723	163.118	84.8817
TRP_87	-11.2964	1.87423	5.9629	-1.09617	0.18461	0.61525	4.06648	10.1649	0	0	-2.68684	-0.34476	0	0	0	0	0	0	0.1524	3.07552	0.28728	0	2.78824	-0.71041	0	0	3.7077	0.21241	16.9574	253.422	16.5785
GLY_88	-3.45095	0.28212	2.6526	-0.00149	0	0	1.70487	3.88409	0.00934	0.14142	-1.94789	-0.36285	0	0	0	0	0	0	2.1741	0	0	0	0	-2.52952	0	0	1.435	1.09568	5.08653	150.229	13.7712
SER_89	-2.95926	0.19738	3.84027	-0.04504	0.01737	0.0675	2.46838	4.42544	0.08028	0.84479	-1.09321	-0.66077	0	0	0	0	0	0	0.6429	2.45306	2.11412	0.33894	0	-0.73709	0	4.04	-0.539	1.80065	17.2967	120.953	41.0468
SER_90	-1.09046	0.02798	1.18313	-0.06091	0.13034	0.0855	0.35512	1.56233	0.00058	0.01629	-0.17527	-1.04834	0	0	0	0	0	0	0.10604	3.7501	2.70244	1.04766	0	-0.06806	0	4.04	-0.539	0.52488	12.5504	51.9105	110.089
GLY_91	-2.56222	0.84969	2.33611	-0.00123	0	0	0.56385	3.36282	0.01091	0.03503	0.18185	-0.32242	0	0	0	0	0	0	0.41188	0	0	0	0	-2.45312	0	0	1.435	0.81022	4.65837	129.085	34.9147
THR_92	-4.79807	0.59875	4.90414	-0.17353	0.16415	0.06031	3.29187	6.50067	0.00158	0.01193	-2.89279	-0.54854	0	0	0	0	0	0	-0.08124	0.25704	0.03631	0.22073	0	-0.2354	0	5.02262	-0.9333	1.36002	12.7673	119.976	54.0236
GLY_93	-3.66987	0.49256	2.8031	-0.00017	0	0	0.97972	4.58098	0.09759	0.55315	-0.42105	-0.26116	0	0	0	0	0	0	-0.23923	0	0	0	0	1.66071	0	0	1.435	1.02477	9.03609	144.785	19.2146
GLY_94	-5.38847	0.69777	3.93801	-8e-05	0	0	2.05392	6.41293	0.01241	0.06339	-1.53463	-0.36965	0	0	0	-0.52269	0	0	-0.24656	0	0	0	0	-2.49783	0	0	1.435	1.01671	5.07024	164	0
TYR_95	-9.15787	2.16818	3.36082	-0.75896	0.13139	0.32829	1.85448	6.46979	0.05546	0.4648	-0.65158	-0.40074	0	0	0	0	0	0	0.06252	2.81032	0.26427	0	2.54606	-0.73474	0	0	1.7379	2.35289	12.9033	225.076	22.9235
SER_96	-5.18442	1.26098	5.27563	-0.04315	0.03136	0.0578	2.8468	6.90547	0.06588	0.80279	-0.74365	0.31817	0	0	0	0	0	0	1.36353	0.42996	0.03475	0.39521	0	-0.38899	0	4.04	-0.539	3.56464	20.4937	143.907	18.0927
ASP_97	-5.48891	0.60497	6.67602	-0.23231	0.06403	0.76471	1.99892	8.23949	0.05702	0.54655	-1.09619	-0.72993	0	0	0	0	0	0	3.47334	2.69127	0.04725	0	2.64402	-1.15852	0	0	-1.6204	1.14898	18.6303	142.649	42.3512
LEU_98	-7.76388	0.94305	3.45187	-0.61876	0.94303	0.16536	2.69096	7.05794	0	0	-2.26817	0.33595	0	0	0	0	0	0	3.76741	0.95024	0.21462	0.73562	0	-0.51538	0	0	1.3223	-0.21007	11.2021	208.271	1.72864
LYS_99	-4.28534	0.2272	4.66099	-0.3913	0.16315	0.31617	3.02317	5.75834	0	0	-3.6725	0.02619	0	0	0	0	0	0	2.12279	4.02882	0.59629	3.43254	0	0.39795	0	0	-0.8895	0.0562	15.5712	136.536	115.464
ALA_100	-6.19033	1.45382	2.89525	-0.02175	0	0	3.32438	6.65594	0	0	-2.28923	-0.37664	0	0	0	0	0	0	0.01689	0	0	0	0	-0.19905	0	0	2.2619	0.32127	7.85246	153	0
HIS_101	-6.5075	1.46089	5.81425	-0.40569	0.02049	0.42354	4.09548	7.97359	0	0	-3.01895	-0.27706	0	0	0	0	-0.98583	0	0.71441	3.08131	0.18531	0	2.896	-0.30141	0	0	0.8406	-0.10722	15.9022	161.258	79.7419
THR_102	-7.0573	1.73723	5.22687	-0.17487	0.18216	0.0625	3.96891	7.64534	0	0	-2.88124	-0.54781	0	0	0	0	0	0	0.89076	0.23703	0.01166	0.22538	0	-0.2054	0	5.0549	-0.9333	-0.14992	13.2929	171.663	2.33679
THR_103	-5.41844	0.73807	4.59605	-0.15562	0.11069	0.05509	3.88849	6.53538	0	0	-3.14254	-0.61112	0	0	0	0	0	0	3.40073	0.63307	0.35052	0.28255	0	-0.33345	0	5.05019	-0.9333	0.04454	15.0909	138.746	35.2541
MET_104	-10.5886	2.13525	5.77772	-0.42176	0.17154	0.1851	3.39923	7.52874	0	0	-2.34468	-0.30587	0	0	0	0	0	0	0.77045	4.96644	2.84057	2.12587	0	0.21394	0	0	1.4633	0.13926	18.0565	262	0
LEU_105	-4.83657	0.72297	3.82701	-0.56142	0.43679	0.13009	3.22568	5.65728	0.02661	0.11889	-2.62847	0.24844	0	0	0	0	0	0	0.01541	1.07489	0.02922	1.04568	0	-0.18425	0	0	1.3223	0.18237	9.85291	125.506	84.4944
GLN_106	-8.13569	1.07113	6.87797	-0.33044	0.09582	0.16802	4.63313	8.59653	0	0	-5.4407	-0.13005	0	0	0	0	-1.44249	0	0.28991	4.67257	0.46002	0	4.21255	-0.04549	0	0	-0.1077	0.18499	15.6301	199.118	17.8819
VAL_107	-5.38406	1.83878	3.17969	-0.26847	0.29013	0.0553	2.99994	5.61223	0	0	-2.6278	-0.17571	0	0	0	0	0	0	-0.10212	0.65909	0.21765	0.44144	0	-1.29181	0	0	2.7371	-0.34831	7.83307	131.264	50.7361
ASP_108	-5.92884	1.31916	7.10455	-0.10809	0.0041	0.32791	4.69618	8.4007	0.00288	0.03361	-4.67272	-0.28378	0	0	0	0	-0.48562	0	0.50051	3.69517	0.23366	0	3.4615	1.69023	0	0	-1.6204	-0.13744	18.2333	168.219	16.7811
ALA_109	-4.17612	0.68733	3.92021	-0.02096	0	0	2.46396	5.69905	0	0	-2.34092	-0.4264	0.00016	0	0	0	0	0	0.06618	0	0	0	0	-0.90182	0	0	2.2619	2.91707	10.1497	133.267	19.7334
PRO_110	-5.32142	1.60852	2.91992	-0.18568	0.01284	0.13605	1.18697	3.46854	0	0	-0.85193	0.06795	0.01441	0	0	0	0	0	2.24672	1.29986	0.56032	0.73954	0	-1.51147	0	0	-4.6787	1.9186	3.631	149.747	49.2527
TYR_111	-4.72528	0.53203	5.06949	-0.73648	0.21228	0.09386	3.1253	6.26062	0.10382	0.57608	-2.4047	-0.45403	0	0	0	0	0	0	1.17468	3.16241	0.017	0	3.1454	-0.517	0	0	1.7379	0.70297	17.0763	103.283	144.717
SER_112	-2.48572	0.41738	3.1817	-0.01954	0.00523	0.02751	1.3553	3.77813	0.07514	0.44436	-0.48547	-0.04511	0	0	0	-0.25529	0	0	0.12083	1.57389	1.25456	0.31934	0	0.31675	0	4.04	-0.539	3.61031	16.6903	62.8858	99.1142
ASP_113	-3.08409	0.29384	3.73457	-0.25274	0.09703	0.8801	1.37564	4.3859	0.02223	0.29943	-1.15502	-2.08178	0	0	0	0	-0.72551	0	-0.14449	2.94737	0.02581	0	2.92156	-0.78538	0	0	-1.6204	1.79683	8.93089	112.446	72.5544
GLY_114	-4.96946	0.69505	5.1966	-0.00053	0	0	3.3876	6.95224	0.019	0.06033	-2.61779	-0.20078	0	0	0	0	0	0	0.11442	0	0	0	0	-1.34113	0	0	1.435	0.02444	8.75498	159.901	4.09875
ARG_115	-9.73047	1.92789	10.7869	-0.81776	1.37314	0.44698	5.65349	12.9197	0	0	-4.3899	-0.13172	0	0	0	-0.86006	0	0	0.68584	7.96124	3.95417	4.00707	0	-0.20835	0	0	-0.1423	0.40038	33.8362	221.098	43.9025
MET_116	-7.33723	6.18588	4.24442	-0.19551	0.03545	0.04899	3.17692	6.06257	0	0	-2.83047	0.11071	0	0	0	0	0	0	0.09786	14.4173	10.9831	3.4342	0	-0.06801	0	0	1.4633	-0.60321	39.2262	209.517	52.4826
PHE_117	-10.0224	3.06238	4.12057	-1.12957	0.44191	0.67232	2.97701	8.51848	0	0	-2.43522	-0.0035	0	0	0	0	0	0	0.05261	3.94007	0.86903	0	3.07103	-0.4988	0	0	1.9602	-0.89669	14.6994	218.362	18.6383
PHE_118	-6.48558	3.6508	3.1353	-0.63981	0.29428	0.40542	2.84168	5.54834	0	0	-2.58644	0.01644	0	0	0	0	0	0	2.90818	3.51479	0.56382	0	2.95098	-0.31145	0	0	1.9602	-0.05643	17.7105	120.435	116.565
ARG_119	-11.2553	1.77733	10.7461	-0.9332	0.80921	0.50704	6.41767	12.1689	0.02351	0.08457	-5.9491	0.61283	0	0	0	-0.99543	-1.75307	0	2.8638	6.88078	2.26595	4.61484	0	-0.31272	0	0	-0.1423	0.02308	28.4544	255.031	9.96932
SER_120	-4.73543	0.95681	4.77081	-0.0579	0.01718	0.08279	3.57421	6.00389	0.02661	0.11889	-2.46687	-0.79543	0	0	0	0	0	0	0.3125	1.77199	0.22985	1.54214	0	0.51892	0	4.04	-0.539	-0.24019	15.1318	137.299	24.7012
ASP_121	-7.06535	1.296	8.55969	-0.10865	0.00069	0.3225	5.73115	9.9942	0.02056	0.09753	-7.54031	0.23769	0	0	0	-0.92543	-0.7962	0	1.55816	6.73847	0.19495	0	6.54352	1.49718	0	0	-1.6204	0.38083	25.1168	184.23	0.76969
PHE_122	-5.76148	1.16553	3.69398	-0.66181	0.22634	0.41902	3.32872	6.19325	0.04244	0.16552	-3.21631	0.15039	0	0	0	0	0	0	0.72456	4.40768	1.56776	0	2.83992	-0.24881	0	0	1.9602	0.16881	17.1657	133.177	103.823
VAL_123	-6.48578	1.32427	2.8534	-0.25986	0.27355	0.0514	3.03608	5.60171	0	0	-2.5292	-0.21981	0	0	0	0	0	0	1.8213	1.70495	1.22517	0.47979	0	-1.31373	0	0	2.7371	-0.63798	9.66235	171.582	10.4182
ASN_124	-4.75635	0.57549	4.6926	-0.28608	0.07156	0.53558	3.12806	6.24325	0.04297	0.17608	-2.44954	-0.50315	0	0	0	0	0	0	0.00076	4.98556	0.00074	0	4.98483	0.76135	0	0	-0.3009	-0.36528	17.5375	117.237	66.763
MET_125	-8.94496	1.65437	3.01485	-0.27329	0.07384	0.05305	2.79118	6.11587	0	0	-2.60567	-0.36323	0	0	0	0	0	0	0.10375	2.95508	0.9062	2.04888	0	0.45732	0	0	1.4633	0.54871	9.99926	262	0
ASN_126	-4.95559	0.42029	5.04725	-0.25265	0.05223	0.39064	3.80099	6.73668	0.00059	0.01181	-2.44627	-0.76823	0	0	0	-0.45539	0	0	-0.13996	3.79864	0.40149	0	3.39715	0.64019	0	0	-0.3009	0.47683	15.8558	116.298	67.702
VAL_127	-8.528	1.78055	4.31797	-0.31074	0.31433	0.06992	2.71607	8.51336	0.03321	0.19182	-2.82306	-0.40743	0	0	0	0	0	0	0.39929	0.35557	0.21989	0.13567	0	0.23328	0	0	2.7371	0.4482	10.397	182	0
GLY_128	-3.27971	0.09856	3.86739	-0.00028	0	0	2.75094	5.16867	0.03321	0.19182	-1.31202	-0.19942	0	0	0	-0.45539	0	0	-0.10729	0	0	0	0	-2.48315	0	0	1.435	0.37127	6.07959	138.448	25.5519
SER_129	-4.08664	1.06308	3.44947	-0.03252	0.00158	0.02137	0.77586	4.72864	0.02377	0.28205	-0.66379	-0.63151	0	0	0	0	0	0	0.23173	0.65273	0.05647	0.59627	0	0.251	0	4.04	-0.539	-0.05013	10.1704	115.058	46.9416
PHE_130	-10.6717	2.30897	3.7734	-0.58202	0.04306	0.26426	2.38249	7.65304	0	0	-3.31389	0.18953	0	0	0	-0.52623	0	0	1.7797	3.29267	0.02647	0	3.26621	0.19017	0	0	1.9602	-0.50082	11.5355	237	0
SER_131	-1.85175	0.44533	2.12173	-0.03566	0.00271	0.02161	0.69219	2.70368	0.10834	0.61202	0.0092	-0.4991	0	0	0	0	0	0	0.63533	2.74327	2.14275	0.60052	0	0.37809	0	4.04	-0.539	-0.74069	13.5906	70.8252	91.1748
THR_132	-4.8842	7.80375	2.61358	-0.12294	0.07347	0.08038	0.74647	4.37656	0	0	-0.28003	-0.5705	0	0	0	0	0	0	0.27818	0.65652	0.42848	0.22804	0	-0.45534	0	5.03978	-0.9333	-0.49534	14.5836	127.669	46.3307
ASN_133	-5.34308	0.5776	6.47989	-0.34376	0.16555	0.61622	3.87707	8.09963	0.00614	0.05144	-2.4816	-0.22648	0	0	0	-0.55588	0	0	0.24445	2.82093	0.07996	0	2.74096	-0.74659	0	0	-0.3009	0.65777	16.4193	104.961	79.0393
ALA_134	-1.45849	0.61026	1.68803	-0.02158	0	0	0.50611	2.31112	0	0	1.05906	-0.35709	0	0	0	0	0	0	0.21183	0	0	0	0	-0.40841	0	0	2.2619	0.7028	7.10553	30.2785	122.722
ASP_135	-3.21148	4.97917	3.67627	-0.15035	0.17315	0.48381	1.4336	4.1165	0	0	-0.11554	-0.25708	0	0	0	0	0	0	1.13286	12.0567	9.44626	0	2.61047	-0.04532	0	0	-1.6204	0.29357	35.0022	96.0397	88.9603
GLY_136	-3.18016	0.94836	3.12074	-5e-05	0	0	1.52745	4.25956	0.0181	0.11151	-0.92304	-0.39135	0	0	0	0	0	0	-0.20739	0	0	0	0	-2.39119	0	0	1.435	-0.39421	3.9333	129.094	34.9057
LYS_137	-7.39653	5.52073	6.81235	-0.34386	0.11468	0.17702	3.37192	7.75451	0	0	-3.1293	0.02699	0	0	0	-0.55588	0	0	-0.01573	11.695	8.75773	2.93729	0	0.01844	0	0	-0.8895	-0.47544	34.3804	179.136	72.8636
TRP_138	-13.0907	9.17429	5.86196	-1.25658	0.16048	1.09665	4.3805	10.2079	0.0128	0.06537	-2.52544	-0.48851	0	0	0	0	0	0	0.76357	2.76878	0.40381	0	2.36497	-0.4511	0	0	3.7077	0.55174	23.7081	261.683	8.3166
ASP_139	-2.95128	0.29465	3.04424	-0.25857	0.09935	0.91447	0.61093	3.83425	0.00569	0.05899	-0.82601	-1.93132	0	0	0	0	0	0	-0.12772	3.77326	0.75823	0	3.01503	-0.72188	0	0	-1.6204	0.86496	8.83687	99.8767	85.1233
ASP_140	-4.73956	1.02388	5.53075	-0.11494	0.00346	0.34603	2.87884	6.47555	0.07917	0.60599	-1.87926	-1.43084	0	0	0	0	0	0	0.48846	7.81031	0.87708	0	6.93324	0.03722	0	0	-1.6204	1.38113	24.6861	160.595	24.405
ASN_141	-3.88771	0.42584	3.48777	-0.3374	0.10476	0.65468	1.22324	4.58005	0.0251	0.17736	-0.22002	-0.67125	0	0	0	0	-0.71321	0	0.12985	2.55379	0.00323	0	2.55056	-0.83108	0	0	-0.3009	1.68041	10.6351	128.596	55.4043
TRP_142	-12.7794	5.35483	5.60058	-1.21911	0.49725	0.23568	3.87221	10.2091	0.04568	0.44723	-2.63857	-0.90901	0	0	0	0	-0.60074	0	0.21351	2.82534	0.32189	0	2.50346	-0.17019	0	0	3.7077	1.72267	19.2401	269.553	0.446804
GLY_143	-5.09018	0.91369	4.09849	-0.00019	0	0	2.42113	6.26325	0	0	-2.54965	-0.26752	0	0	0	0	0	0	1.2429	0	0	0	0	-2.20143	0	0	1.435	1.08599	7.35149	164	0
THR_144	-7.59908	1.1017	5.95503	-0.1376	0.12136	0.08991	4.65329	8.27859	0.00292	0.04893	-2.96433	0.1585	0	0	0	-0.65696	0	0	0.59477	0.05599	0.0017	0.05429	0	-0.41262	0	5.04181	-0.9333	1.13426	14.5891	174	0
CYS:disulfide_145	-7.39367	1.711	5.93958	-0.04511	0.00128	0.0184	3.34937	8.16836	0.0128	0.06537	-0.90472	-0.38636	0	0	0	0	0	-0.47001	2.24324	1.47662	0.6973	0.77933	0	0.29409	0	0	4.3148	0.64201	20.5137	156	0
THR_146	-5.31876	0.75265	4.46368	-0.13628	0.15456	0.08077	2.02187	6.25995	0.00038	0.00187	-0.52476	-0.11569	0	0	0	-0.47497	0	0	0.5042	1.04275	0.96925	0.07351	0	-0.21518	0	5.0118	-0.9333	-0.32915	13.2891	147.716	26.2837
LEU_147	-7.71619	1.45003	1.30809	-0.50098	0.50271	0.13125	1.64273	4.66408	0.00267	0.0125	-0.51935	0.09837	0	0	0	0	0	0	1.30576	1.61919	1.30818	0.31101	0	-0.34602	0	0	1.3223	-0.27194	6.32438	191.243	18.7569
GLN_148	-5.52621	0.69826	5.54906	-0.41492	0.21103	0.26845	2.79447	7.06302	0	0	0.41695	-0.17224	0	0	0	-0.8702	0	0	0.11062	6.54802	2.75289	0	3.79513	-0.01498	0	0	-0.1077	1.61152	24.7132	147.822	69.1775
ASP_149	-3.6011	0.57154	3.54933	-0.11184	0.01062	0.33906	0.86873	4.0077	0.01183	0.11043	-0.33882	-0.38481	0	0	0	0	0	0	1.54217	3.21018	0.49564	0	2.71455	-0.07749	0	0	-1.6204	1.60781	12.9051	129.018	55.9823
CYS:disulfide_150	-7.54882	1.32601	5.44025	-0.03721	0	0.01456	3.1637	7.23483	0.0181	0.11151	-2.12471	-0.1904	0	0	0	0	0	-0.47001	0.31242	0.96956	0.71481	0.25475	0	-0.12757	0	0	4.3148	-0.5484	12.8282	156	0
SER_151	-3.8077	0.36004	3.52576	-0.04029	0.0064	0.06019	2.04568	4.22222	0	0	-1.2033	-0.54357	0	0	0	-0.85574	0	0	0.94128	1.10435	0.99938	0.10498	0	-0.81979	0	4.04	-0.539	-0.73809	8.8628	132.67	29.33
GLY_152	-1.56397	0.20542	1.19086	-9e-05	0	0	0.3583	1.65508	0	0	0.27959	-0.33157	0	0	0	0	0	0	0.19577	0	0	0	0	-2.45858	0	0	1.435	1.19988	2.16569	105.362	58.6377
ASN_153	-5.67655	1.26317	5.18142	-0.43091	0.15777	0.8844	2.56472	6.76271	0.01387	0.19322	-0.59006	-1.47867	0	0	0	-0.63232	0	0	3.44036	4.61577	0.64545	0	3.97032	-1.00467	0	0	-0.3009	2.32216	21.9013	141.597	42.4027
ARG_154	-6.45936	1.15857	5.2644	-0.56761	0.37134	0.37564	2.75956	6.64933	0	0	-2.04309	0.18002	0	0	0	-0.52623	0	0	-0.08566	4.23206	0.61304	3.61902	0	-0.15675	0	0	-0.1423	0.71976	15.9617	137.608	127.392
SER_155	-2.63842	0.37128	2.62976	-0.04201	0.14527	0.06476	0.38029	3.37273	0.04797	0.18458	-0.18538	0.28733	0	0	0	0	0	0	1.84053	3.25502	2.22516	1.02986	0	0.74701	0	4.04	-0.539	-0.0469	17.1699	76.9511	85.0489
GLN_156	-6.87578	1.51346	6.29881	-0.54846	0.13164	0.47957	4.12601	8.12293	0.04223	0.50349	-3.39539	-0.76371	0	0	0	-0.63232	-0.71744	0	0.08387	4.3157	0.36994	0	3.94576	0.41491	0	0	-0.1077	0.2452	17.5527	194.85	22.1495
SER_157	-2.74525	0.58959	2.11458	-0.04693	0.03863	0.07051	0.77025	2.92166	0.04797	0.18458	-0.38685	-0.70124	0	0	0	0	0	0	0.23971	0.26387	0.18641	0.07746	0	-0.81475	0	4.04	-0.539	0.5708	6.882	108.501	53.4994
ASP_158	-4.69399	0.26353	6.03234	-0.10346	0.04249	0.28916	3.84743	7.22194	0	0	-2.50791	-1.15575	0	0	0	-0.64106	0	0	0.4244	5.76445	1.50927	0	4.25518	0.39769	0	0	-1.6204	0.90758	20.2329	159.24	25.7604
SER_159	-3.442	0.99553	3.11245	-0.04649	0.02387	0.07001	1.69568	4.29946	0	0	-1.43782	-0.63602	0	0	0	-0.64106	0	0	0.18801	0.50642	0.32017	0.18625	0	-0.74327	0	4.04	-0.539	0.25068	8.2029	103.689	58.3115
GLY_160	-3.83109	0.96006	3.25262	-0.00187	0	0	2.48482	4.79544	0	0	-2.42627	-0.38474	0	0	0	0	0	0	-0.21729	0	0	0	0	-1.35055	0	0	1.435	0.24008	4.95622	150.652	13.348
ALA_161	-4.11504	1.19715	3.08418	-0.02418	0.00015	0	2.656	4.95043	0.03484	0.32371	-2.60528	-0.38817	0	0	0	0	0	0	0.31563	0	0	0	0	0.87155	0	0	2.2619	0.90561	9.4685	115.552	37.4476
SER_162	-5.49667	1.83394	5.07394	-0.03993	0.01115	0.05979	3.0474	6.31331	0.01791	0.08202	-2.23073	-0.42956	0	0	0	0	0	0	-0.01308	0.76095	0.02645	0.73449	0	-0.20505	0	4.04	-0.539	0.43157	13.4789	158.399	3.601
VAL_163	-3.77666	0.59229	2.7759	-0.31288	0.39129	0.06736	2.35198	4.46575	0	0	-1.49631	-0.51431	0	0	0	0	0	0	0.05933	0.35709	0.0064	0.35068	0	-0.41871	0	0	2.7371	-0.3868	7.2495	102.308	79.6917
ALA_164	-4.96069	1.02659	1.89821	-0.02166	0	0	2.60179	4.81202	0	0	-2.41531	-0.43119	0	0	0	0	0	0	-0.01604	0	0	0	0	-0.8642	0	0	2.2619	-0.36921	3.52222	150.037	2.96258
VAL_165	-6.2576	2.18763	1.94903	-0.33936	0.29607	0.07932	3.21877	5.41226	0	0	-2.98365	-0.07111	0	0	0	0	0	0	-0.08665	1.19092	0.05799	1.13294	0	-0.28362	0	0	2.7371	-0.01175	8.22829	141.52	40.4798
GLY_166	-5.27125	3.4612	3.20263	-0.00183	0	0	2.64923	5.72722	0	0	-2.31231	-0.37818	0	0	0	0	0	0	0.53615	0	0	0	0	-2.23802	0	0	1.435	0.28406	7.0939	164	0
TRP_167	-12.49	3.38521	7.48837	-1.15383	0.19694	0.1677	3.97629	11.9599	0.01905	0.06168	-3.27487	-0.81012	0	0	0	0	0	0	0.07242	2.97205	0.28291	0	2.68914	-0.28042	0	0	3.7077	0.96232	19.9324	244.61	25.3903
ARG_168	-5.18404	0.90596	4.24568	-0.88318	1.30788	0.62562	2.89095	5.75679	6e-05	0.00158	-2.72894	0.41668	0	0	0	0	0	0	1.69346	11.8532	7.96233	3.89086	0	-0.27196	0	0	-0.1423	0.95016	33.2908	119.808	145.192
ASN_169	-6.71103	0.89233	6.47618	-0.29999	0.19325	0.50988	3.59885	8.38849	0	0	-2.74834	-0.74599	0	0	0	-0.97768	-0.72551	0	-0.1004	4.54584	1.42705	0	3.11879	-0.75671	0	0	-0.3009	1.61449	17.3986	149.932	34.0677
ASP_170	-1.61729	0.12647	1.72425	-0.11993	0.02106	0.37017	0.18726	2.27144	0	0	0.35171	-0.30313	0	0	0	0	0	0	0.08333	3.4548	0.39701	0	3.05779	-0.20143	0	0	-1.6204	1.04824	9.23137	40.7909	144.209
VAL_171	-4.62949	0.59203	3.30175	-0.29452	0.33615	0.0659	2.66789	5.16325	0.00147	0.00831	-1.59225	-0.34706	0	0	0	-0.38783	0	0	0.10651	0.9901	0.60331	0.38679	0	-0.71186	0	0	2.7371	-0.01236	8.9852	111.647	70.3534
TRP_172	-7.34611	2.08649	3.95779	-1.058	0.17423	0.55245	2.80539	6.68964	0.00147	0.00831	-1.68783	-0.34957	0	0	0	-0.58985	0	0	0.79206	3.18866	0.1516	0	3.03706	-0.7491	0	0	3.7077	0.73297	16.1053	165.298	104.702
SER_173	-5.07125	1.19042	4.87842	-0.05572	0.03728	0.0804	3.31916	6.1348	0.00913	0.0483	-1.81147	-0.80099	0	0	0	0	0	0	0.21144	0.24044	0.02627	0.21417	0	-0.72432	0	4.04	-0.539	0.30058	11.7281	150.379	11.6215
TRP_174	-8.4445	6.5026	3.87163	-1.45767	0.25185	0.81288	2.86768	7.2791	0	0	-3.02158	-0.24422	0	0	0	0	0	0	1.22918	2.25902	0.1647	0	2.09432	-0.39923	0	0	3.7077	0.00025	17.4737	198.444	71.5565
ASP_175	-7.047	1.62393	7.89879	-0.27812	0.02266	0.97274	4.70696	9.74867	0	0	-5.78788	-0.08609	0	0	0	0	-1.62026	0	0.41252	4.35491	0.04782	0	4.30709	0.71094	0	0	-1.6204	0.81093	19.1782	171.3	13.7
ILE_176	-4.89436	5.08296	3.4712	-0.52373	0.61255	0.09968	3.26131	5.60335	0	0	-2.32897	-0.01087	0	0	0	0	0	0	0.59369	1.90637	0.38655	1.51982	0	-0.23233	0	0	1.8006	0.86485	17.2127	116.966	90.0344
GLY_177	-4.41645	0.65434	3.3124	-0.00168	0	0	2.86755	5.50505	0	0	-2.14887	-0.35939	0	0	0	0	0	0	-0.17678	0	0	0	0	-2.13889	0	0	1.435	0.87745	5.40972	155.962	8.0383
THR_178	-5.59826	0.961	4.39669	-0.11866	0.1442	0.07589	2.88422	6.23174	0.03484	0.32371	-1.23145	-0.7733	0	0	0	0	0	0	3.94402	0.3309	0.20999	0.12091	0	-0.9452	0	5.02463	-0.9333	0.1739	15.2565	133.661	40.3394
THR_179	-6.48135	1.15557	4.77702	-0.12402	0.16473	0.07206	2.78851	6.58725	0.00605	0.07966	-0.65309	-0.71275	0.01161	0	0	0	0	0	3.20784	0.1223	0.07912	0.04319	0	-0.77013	0	5.03342	-0.9333	1.96067	16.4144	171.951	2.04937
PRO_180	-7.50954	2.58523	3.01154	-0.11533	0.01008	0.083	1.00148	4.21057	0	0	-0.82096	0.25779	0.04448	0	0	0	0	0	0.61093	0.82485	0.48156	0.34329	0	-0.55322	0	0	-4.6787	2.56913	2.35619	196.951	2.04937
MET_181	-4.19955	0.61256	3.99594	-0.47534	1.81954	0.0426	3.15705	5.26733	0	0	-2.15484	0.28026	0	0	0	0	0	0	3.0998	12.9602	10.7539	2.20629	0	0.23113	0	0	1.4633	-0.19631	38.8638	156.089	105.911
GLY_182	-2.08459	0.10059	2.23014	-9e-05	0	0	1.07971	3.11525	0.05425	0.18739	0.59532	-0.35294	0	0	0	0	0	0	1.695	0	0	0	0	-2.5101	0	0	1.435	0.18979	5.73472	112.892	51.1085
PHE_183	-9.61854	1.85562	3.40297	-0.52755	2.54403	0.20233	1.67753	6.93337	0.05425	0.18739	-1.3155	0.14163	0	0	0	0	0	0	0.04332	5.2391	0.45545	0	4.78365	0.65819	0	0	1.9602	1.4387	20.1162	226.661	10.3386
ASN_184	-5.45573	1.51185	5.57689	-0.18779	0.03044	0.27062	2.71129	6.67499	0.06822	0.41323	-2.23477	-0.35037	0	0	0	-0.68437	0	0	-0.07829	3.54726	0.32182	0	3.22544	0.43521	0	0	-0.3009	1.06033	16.5554	146.19	37.8104
VAL_185	-5.97608	0.73858	3.54126	-0.26867	0.22852	0.05698	1.8736	6.20497	0.00362	0.02122	-0.84848	-0.3715	0	0	0	0	0	0	0.37854	0.31153	0.06113	0.25039	0	-1.15174	0	0	2.7371	-0.15178	7.63921	162.784	19.2164
VAL_186	-4.22756	0.43601	1.79064	-0.25403	0.24722	0.05042	0.60813	4.02237	0	0	0.45633	-0.28317	0	0	0	0	0	0	1.00015	1.05999	0.56294	0.49705	0	-1.29968	0	0	2.7371	-0.73665	6.66724	108.304	73.6961
ASP_187	-5.71377	0.6854	7.08621	-0.08793	0.00262	0.24583	3.78145	8.1189	0.05404	0.2809	-3.0728	-0.22455	0	0	0	0	-0.42048	0	1.37697	3.98629	0.2524	0	3.73389	1.35977	0	0	-1.6204	-0.06704	19.7577	163.71	21.2905
VAL_188	-3.46065	0.98032	2.27481	-0.36223	1.00633	0.08408	1.40385	3.68596	0.02979	0.14469	-1.61523	0.15997	0	0	0	-0.33718	0	0	0.57663	22.3967	19.862	2.53471	0	-0.70113	0	0	2.7371	-0.02999	51.3705	78.4714	103.529
VAL_189	-7.82152	1.71708	3.23588	-0.2843	0.28018	0.05008	2.77061	6.87274	0	0	-1.98643	-0.22487	0	0	0	0	0	0	-0.03957	1.90938	1.87711	0.03228	0	-0.64606	0	0	2.7371	0.10641	10.5861	179.02	2.98022
GLY_190	-4.11951	0.7762	4.30228	-0.00146	0	0	2.74286	5.83319	0	0	-3.13552	-0.35321	0	0	0	0	0	0	-0.1112	0	0	0	0	-2.5222	0	0	1.435	0.91824	5.76465	154.307	9.69272
GLY_191	-3.44933	0.95386	4.20051	-0.00164	0	0	2.64503	5.44744	0	0	-2.17578	-0.37525	0	0	0	0	0	0	0.65131	0	0	0	0	-0.66999	0	0	1.435	1.17977	9.84094	151.237	12.7629
ILE_192	-4.68062	1.08316	3.33928	-0.53083	0.6081	0.10872	3.29031	5.11909	0	0	-2.52895	-0.18265	0	0	0	0	0	0	0.06695	4.42343	3.10469	1.31874	0	0.03566	0	0	1.8006	1.29125	17.6669	114.177	92.8234
SER_193	-4.58241	1.03056	4.42208	-0.0495	0.1033	0.07467	3.17267	5.67653	0.00913	0.0483	-1.73793	-0.6234	0	0	0	0	0	0	0.14458	4.13044	3.82473	0.3057	0	-0.62592	0	4.04	-0.539	0.25957	19.0841	139.075	22.9248
TYR_194	-6.11515	0.6994	4.08002	-0.77394	0.0607	0.11473	3.12014	6.55958	0.02056	0.20015	-2.91667	-0.49066	0	0	0	0	0	0	0.04253	3.07026	0.07677	0	2.99349	-0.30738	0	0	1.7379	-0.0916	12.0808	146.156	101.844
SER_195	-4.18146	0.63035	3.94128	-0.03239	0.00442	0.0223	2.60626	5.37539	0.0201	0.19748	-1.24922	-0.68739	0	0	0	0	0	0	-0.01048	1.01547	0.34644	0.66903	0	0.2548	0	4.04	-0.539	0.15614	12.5795	125.362	36.6377
ASP_196	-4.50754	0.77831	5.39599	-0.11019	0.05745	0.32198	2.60189	6.53324	0.02832	0.31303	-2.67817	-1.22041	0	0	0	-0.03928	0	0	0.3077	4.05968	0.12453	0	3.93515	0.10409	0	0	-1.6204	0.13689	14.5223	124.189	60.8114
ASP_197	-3.06461	0.65277	3.75431	-0.11481	0.00445	0.34227	1.28071	4.6926	0.01314	0.21118	-2.0942	-0.24788	0	0	0	-0.03928	0	0	0.41626	6.75207	0.08062	0	6.67145	-0.8988	0	0	-1.6204	0.27887	17.0707	75.3671	109.633
ILE_198	-3.30011	2.73735	1.49225	-0.63103	1.0287	0.23906	0.78338	2.70378	0	0	-0.18208	-0.11889	0	0	0	0	0	0	0.0354	6.3783	4.09165	2.28666	0	2.07969	0	0	1.8006	2.51887	23.9436	110.648	96.3521
GLY_199	-1.54533	0.79499	1.96589	-0.00042	0	0	0.73776	2.58177	0	0	0.21592	-0.33719	1.1604	0	0	0	0	0	-0.11514	0	0	0	0	-2.49665	0	0	1.435	7.30924	11.7062	105.182	58.8176
PRO_200	-2.81953	7.33356	1.23502	-0.10063	0.00432	0.06304	0.46475	1.73172	0.04298	0.22158	0.3934	0.77953	1.19129	0	0	0	0	0	0.14024	1.16944	0.84406	0.32538	0	0.9994	0	0	-4.6787	5.72338	15.0642	100.173	98.8268
LEU_201	-5.89021	1.41372	3.20098	-0.83381	0.98187	0.39642	1.82437	5.13105	0	0	-0.62769	0.02307	0	0	0	0	0	0	0.15904	9.42715	1.1705	8.25665	0	-0.50936	0	0	1.3223	0.46665	25.9127	171.404	38.5963
GLY_202	-3.67005	0.59144	3.98772	-0.00044	0	0	3.29179	5.33789	0.00129	0.00471	-2.91002	-0.24319	0	0	0	0	0	0	0.42633	0	0	0	0	0.46391	0	0	1.435	0.09427	8.81065	146.523	17.477
TYR_203	-7.71199	5.00592	3.7521	-1.05159	0.23362	0.63316	3.35416	6.85728	0.01473	0.09918	-2.69798	-0.3172	0	0	0	0	0	0	0.13472	2.67977	0.39649	0	2.28328	-0.29952	0	0	1.7379	0.38519	15.4892	219.284	28.7157
THR_204	-5.4978	0.77023	4.34966	-0.1712	0.16768	0.06078	3.30144	6.53706	0	0	-2.37486	-0.535	0	0	0	0	0	0	0.91309	0.34097	0.04707	0.2939	0	-0.00151	0	5.04669	-0.9333	0.31629	12.6312	127.581	46.4188
VAL_205	-5.14236	2.71334	2.75988	-0.31774	0.35899	0.07049	3.05942	5.24874	0	0	-2.89595	-0.37866	0	0	0	0	0	0	-0.13169	1.61652	0.04084	1.57568	0	-0.77677	0	0	2.7371	0.22617	10.764	122.563	59.4365
ASN_206	-5.46262	1.51093	5.14779	-0.43255	0.08995	0.84675	3.4564	6.9875	0	0	-1.52595	-0.6461	0	0	0	0	0	0	0.47648	6.12902	2.8727	0	3.25632	0.5657	0	0	-0.3009	0.14107	23.1125	136.415	47.5847
ALA_207	-3.86001	0.48409	2.85667	-0.0234	0	0	2.88632	4.9712	0	0	-2.57908	-0.40303	0	0	0	0	0	0	1.23472	0	0	0	0	0.34289	0	0	2.2619	0.47054	8.64281	107.895	45.1046
HIS_208	-7.17719	1.36164	7.01908	-0.88595	0.29058	1.24416	4.13864	9.07432	0	0	-2.81365	0.01784	0	0	0	0	-0.80282	0	2.35191	3.72689	0.41288	0	3.314	-0.50778	0	0	0.8406	0.21273	21.8179	198.959	42.0414
ARG_209	-8.36328	2.66939	8.86863	-0.52864	0.39806	0.29738	4.47675	9.65923	0.07616	0.35988	-5.41076	0.37552	0	0	0	-0.33718	-0.38423	0	0.03809	5.22923	2.47699	2.75224	0	-0.01104	0	0	-0.1423	0.36981	22.8699	195.692	69.308
ARG_210	-9.1677	0.90356	10.2906	-0.62648	0.51125	0.31682	4.46594	11.5883	0.0695	0.34303	-6.09936	0.22768	0	0	0	0	-1.62026	0	0.16312	3.65115	0.82709	2.82407	0	-0.39969	0	0	-0.1423	2.90561	21.0319	235.752	29.248
PRO_211	-5.82662	1.57428	2.15265	-0.20368	0.01088	0.14495	1.07677	2.76495	0	0	0.12408	0.08176	0.0869	0	0	0	0	0	0.81251	0.54922	0.14387	0.40535	0	-1.19768	0	0	-4.6787	2.31185	0.33335	189.65	9.34953
ILE_212	-6.02439	1.00327	2.53818	-0.50052	1.37582	0.09947	2.14257	5.05128	0.09083	0.53243	-0.0582	0.1692	0	0	0	0	0	0	1.15587	8.42199	7.9141	0.50789	0	-0.97282	0	0	1.8006	-0.73097	24.5166	182.405	24.5948
SER_213	-4.19137	1.1103	2.92185	-0.04604	0.03816	0.05941	1.5608	4.31172	0.00429	0.02532	0.93844	0.14487	0	0	0	0	0	0	2.10642	0.85937	0.18467	0.6747	0	-0.13438	0	4.04	-0.539	-0.79991	13.2696	143.401	18.5994
SER_214	-2.32338	0.09549	1.9724	-0.0419	0.02474	0.04654	0.81997	2.71299	0.02522	0.26913	0.28509	-0.22628	0	0	0	0	0	0	1.15307	1.37946	1.09166	0.2878	0	-0.51323	0	4.04	-0.539	-0.83459	9.72517	133.629	28.3711
SER_215	-5.24925	0.57399	5.41044	-0.04152	0.01343	0.06333	3.44393	7.31214	0.00094	0.00569	0.0316	-0.56185	0	0	0	0	0	0	0.03195	0.2341	0.05652	0.17758	0	-0.75435	0	4.04	-0.539	-0.84119	13.4085	156.619	5.38078
LEU_216	-7.62928	0.45151	3.57683	-0.71408	0.83711	0.30238	2.36338	6.62251	0	0	-1.59621	0.10602	0	0	0	0	0	0	-0.02841	1.77014	0.5844	1.18573	0	-0.36007	0	0	1.3223	0.0757	8.86995	207.951	2.04937
LEU_217	-10.0944	1.97838	4.49521	-0.71161	0.78816	0.28022	3.37989	9.32386	0.02366	0.14904	-1.37189	0.15031	0	0	0	0	0	0	-0.02209	1.22117	0.13632	1.08486	0	-0.30025	0	0	1.3223	1.18287	13.016	210	0
ALA_218	-6.51379	0.54293	4.96499	-0.02158	0	0	3.99368	8.58582	0.0058	0.03515	-1.04867	-0.34948	0	0	0	0	0	0	0.03282	0	0	0	0	-0.05532	0	0	2.2619	0.70933	13.1436	153	0
PHE_219	-9.98006	2.32193	4.31084	-0.73681	2.06626	0.26423	3.32406	7.70087	0.00256	0.01568	-1.95653	-0.31853	0	0	0	-0.93202	0	0	0.28318	7.56974	1.50282	0	6.06691	-0.36072	0	0	1.9602	1.29391	24.3985	233.426	3.57443
GLY_220	-4.6383	1.17197	4.24498	-6e-05	0	0	3.03638	6.2646	0.00078	0.00447	-2.52745	-0.33407	0	0	0	0	0	0	-0.17634	0	0	0	0	1.42999	0	0	1.435	3.02451	12.9365	164	0
GLY_221	-4.7804	0.87481	4.05081	-0.00025	0	0	2.41196	6.06813	0.06822	0.41323	-1.53394	-0.17445	0	0	0	-0.5111	0	0	0.63233	0	0	0	0	-2.45916	0	0	1.435	2.02226	8.51744	163.392	0.60815
GLN_222	-8.3518	0.58768	6.41097	-0.2187	0.02348	0.15715	4.39884	8.47731	0	0	-3.3899	-0.4551	0	0	0	-0.52269	-1.31818	0	0.32272	4.15198	0.41014	0	3.74184	0.40289	0	0	-0.1077	1.415	16.1359	212.389	4.61109
LYS_223	-5.30365	13.8313	4.20211	-0.31433	0.0719	0.14122	1.00951	4.80221	0.01847	0.22165	-0.86861	-0.19415	0	0	0	0	0	0	1.14417	8.45667	5.34248	3.11419	0	0.5319	0	0	-0.8895	1.04365	36.3611	135.263	116.737
ASP_224	-7.83642	1.17477	9.86963	-0.11983	0.02915	0.35155	5.33678	11.2971	0.10441	0.99469	-5.02388	-1.02895	0	0	0	-0.80769	0	0	0.58239	5.90499	0.40293	0	5.50206	0.0316	0	0	-1.6204	1.12356	26.2685	183.176	1.82445
SER_225	-6.60481	1.3415	6.92304	-0.03436	0.00721	0.02177	3.61412	8.26469	0.01387	0.19343	-1.87681	-0.53033	0.0209	0	0	0	0	0	-0.10345	1.00985	0.43631	0.57355	0	-0.08846	0	4.04	-0.539	3.44035	20.1234	162	0
PRO_226	-3.4983	0.74787	2.31928	-0.08935	0.00053	0.05616	0.87908	2.60511	0	0	1.02107	0.70665	0.02905	0	0	0	0	0	2.37589	0.62525	0.02319	0.60206	0	-0.22257	0	0	-4.6787	2.11865	5.62093	99.9406	99.0594
SER_227	-3.83326	0.50411	4.40426	-0.03819	0.00789	0.04149	2.59096	5.09623	0	0	-0.35223	-0.42411	0	0	0	-0.85574	0	0	0.35364	0.66039	0.43068	0.22971	0	-0.19775	0	4.04	-0.539	-0.54276	11.5763	118.073	43.9274
ASN_228	-7.8142	1.03922	7.08036	-0.13883	0.00538	0.22041	3.57042	9.06218	0.0546	0.45945	-0.72204	0.21739	0	0	0	-0.8702	0	0	-0.17986	6.01156	0.00083	0	6.01072	0.3293	0	0	-0.3009	2.97499	27.0108	161.69	22.3099
THR_229	-5.07453	0.81181	4.18889	-0.12628	0.1362	0.06456	2.73896	5.11936	0.00292	0.04893	-0.11596	-0.18033	0	0	0	-0.15073	0	0	0.19265	1.72689	1.26147	0.46542	0	-0.17349	0	4.99589	-0.9333	3.26773	18.2671	145.221	28.7788
GLY_230	-3.08473	0.57598	3.24236	-5e-05	0	0	1.22528	4.21105	0	0	-0.59822	-0.40773	0	0	0	0	0	0	0.21216	0	0	0	0	-1.78626	0	0	1.435	0.35617	5.381	130.794	33.2058
LYS_231	-5.65806	0.69939	5.10513	-0.38117	0.19197	0.20347	2.62667	5.74942	0.01654	0.1514	-1.34288	0.52796	0	0	0	0	0	0	0.71644	3.7639	0.28179	3.48211	0	-0.08949	0	0	-0.8895	-0.09727	15.0578	153.501	98.4989
LYS_232	-5.919	14.7646	5.79927	-0.47063	0.14915	0.19168	2.72114	5.96956	0	0	-2.00036	0.20762	0	0	0	-0.71201	0	0	0.54192	7.58674	3.64123	3.9455	0	-0.0732	0	0	-0.8895	-0.98415	34.4696	180.282	71.7181
TRP_233	-13.9639	4.80648	5.48101	-1.44541	0.27357	0.9723	5.10291	11.6498	0.02354	0.14699	-3.91119	-0.44432	0	0	0	-0.00456	0	0	0.17752	8.31532	4.6897	0	3.62562	-0.55352	0	0	3.7077	-0.17384	28.4757	270	0
GLY_234	-4.85858	0.79533	3.39964	-0.00079	0	0	2.69889	5.81606	0	0	-2.33685	-0.31156	0	0	0	0	0	0	0.04615	0	0	0	0	-2.52864	0	0	1.435	1.81019	5.96484	164	0
GLY_235	-5.0397	0.66691	4.60406	-5e-05	0	0	2.13277	6.86116	0.03091	0.15307	-1.05023	-0.38833	0	0	0	0	0	0	0.05893	0	0	0	0	-0.40738	0	0	1.435	2.79246	11.8496	162.784	1.2163
VAL_236	-8.07537	1.73225	3.41178	-0.26395	0.26944	0.04951	2.69773	7.30399	0.04213	0.32995	-2.64424	0.21383	0	0	0	0	0	0	-0.1078	0.244	0.05275	0.19125	0	-0.48104	0	0	2.7371	0.81202	8.51532	182	0
ARG_237	-11.6743	2.09883	12.0443	-0.88378	1.20447	0.70927	6.55598	14.1462	0.06027	0.31915	-5.27491	0.0493	0	0	0	-0.93202	-0.42048	0	0.06548	7.55174	4.70971	2.84203	0	-0.18487	0	0	-0.1423	-0.78304	32.061	263.975	1.02469
ALA_238	-5.01851	1.9016	3.82446	-0.02685	0.00462	0	3.02259	6.24782	0	0	-2.98895	-0.40381	0	0	0	0	0	0	1.08381	0	0	0	0	0.98078	0	0	2.2619	0.16793	11.0574	149.926	3.07406
ASP_239	-4.94196	0.48	6.56261	-0.11263	0.00132	0.31926	3.5408	7.39898	0.00371	0.00995	-4.07381	-0.39054	0	0	0	0	-0.38423	0	-0.16482	7.49364	0.82324	0	6.6704	-0.3276	0	0	-1.6204	0.36225	21.6502	136.486	48.5137
GLY_240	-4.11168	1.31375	4.24571	-0.00139	0	0	2.88523	6.08119	0	0	-2.54487	-0.33971	0	0	0	0	0	0	0.43617	0	0	0	0	-1.77153	0	0	1.435	0.35638	7.98425	153.937	10.0635
VAL_241	-3.85664	0.59363	3.11074	-0.30637	0.31795	0.06578	2.63398	4.96182	0	0	-2.178	-0.55378	0	0	0	0	0	0	-0.03203	0.70214	0.33299	0.36915	0	-0.34805	0	0	2.7371	0.13215	8.68255	93.0814	88.9186
GLY_242	-3.2618	0.52778	3.33954	-0.00131	0	0	2.4468	4.6049	0	0	-2.03085	-0.36315	0	0	0	0	0	0	0.35591	0	0	0	0	0.79037	0	0	1.435	1.38132	9.22452	157.754	6.2459
LEU_243	-5.03332	2.44611	3.11695	-0.59378	0.48555	0.14442	2.77126	5.31491	0.00068	0.00371	-2.82676	0.25532	0	0	0	0	0	0	0.67997	1.46275	0.39651	1.06624	0	-0.1997	0	0	1.3223	1.82572	12.6388	142.418	67.5824
SER_244	-4.2878	1.22056	4.33123	-0.03304	0.00323	0.02276	3.20558	5.61695	0	0	-2.66393	-0.67618	0	0	0	0	0	0	0.09172	0.79535	0.22845	0.56689	0	0.59545	0	4.04	-0.539	0.15148	12.6697	111.685	50.3154
LEU_245	-5.02345	1.61081	2.91739	-0.45634	0.49031	0.08422	3.1482	4.87863	0	0	-2.54105	0.02642	0	0	0	0	0	0	0.06149	1.2199	0.32278	0.89712	0	-0.09546	0	0	1.3223	-0.15015	8.7131	156.187	53.8125
SER_246	-3.77654	0.767	4.2143	-0.07923	0.02466	0.11048	3.42765	5.39914	0	0	-2.39239	-1.07575	0	0	0	0	0	0	1.19128	3.46564	0.13252	3.33312	0	-0.07934	0	4.04	-0.539	0.42768	18.5912	118.775	43.2249
TYR_247	-5.38813	7.07468	3.21084	-0.86677	1.31914	0.41075	1.88306	4.75041	0.0217	0.28284	-1.6027	-0.17384	0	0	0	0	0	0	0.59311	6.10799	0.00099	0	6.10699	-0.67031	0	0	1.7379	2.38263	27.1813	155.416	92.5838
ASP_248	-3.65002	1.53038	5.40198	-0.18251	0.06806	0.58422	2.67354	6.31283	0.27813	1.31937	0.69446	-1.15676	0	0	0	0	0	0	1.33682	4.09604	1.29961	0	2.79643	-1.46042	0	0	-1.6204	2.27258	22.5943	116.845	68.1548
LYS_249	-4.67459	0.4586	5.67427	-0.4682	0.55098	0.34845	2.22934	6.23799	0	0	0.79626	0.08656	0	0	0	0	0	0	3.3825	21.3081	19.5041	1.80405	0	0.47662	0	0	-0.8895	2.99858	59.8241	157.058	94.9421
GLY_250	-2.74807	1.44773	4.5749	-0.00027	0	0	2.25452	5.3147	0	0	-0.40391	-0.22093	0	0	0	0	0	0	5.77923	0	0	0	0	-2.44315	0	0	1.435	2.67537	17.6651	125.652	38.3476
GLU_251	-2.66293	0.41945	4.26653	-0.24324	0.7256	0.56704	1.4678	4.6168	0	0	0.35857	-0.15068	0	0	0	0	0	0	1.69528	12.9856	9.36816	0	3.61744	1.18055	0	0	-1.6358	2.55528	39.1314	74.8547	148.145
ALA_252	-3.72581	0.58735	2.91505	-0.02509	0.00559	0	1.94294	4.52804	0.0001	0.00039	-1.15414	-0.37681	0	0	0	0	0	0	4e-05	0	0	0	0	0.81263	0	0	2.2619	2.55959	10.3318	117.544	35.4559
ASN_253	-4.64935	0.34337	4.50228	-0.20337	0.10383	0.28794	2.56111	5.89706	0.06619	0.41041	0.22909	-0.40135	0	0	0	0	-0.3433	0	0.59909	5.01182	0.44582	0	4.566	0.58387	0	0	-0.3009	0.45666	20.1662	137.042	46.9577
GLY_254	-4.54973	2.85422	3.6519	-0.00163	0	0	2.73954	5.79759	0	0	-1.57337	-0.3668	0	0	0	0	0	0	-0.16178	0	0	0	0	-0.52736	0	0	1.435	1.88634	11.1839	164	0
VAL_255	-4.99194	1.52751	3.08154	-0.31791	0.44446	0.07017	2.47015	5.34538	0	0	-1.74621	-0.64595	0	0	0	0	0	0	0.02752	1.13436	0.33558	0.79878	0	-0.39172	0	0	2.7371	1.44005	11.3189	134.504	47.4958
TRP_256	-8.10888	1.66841	4.36828	-1.5342	0.41562	0.92128	2.79211	7.73848	0.03769	0.39226	-2.5262	-0.18414	0	0	0	0	0	0	-0.01253	2.18449	0.10198	0	2.08251	-0.44271	0	0	3.7077	0.00563	13.6078	169.311	100.689
ALA_257	-4.26665	1.34933	2.52976	-0.02033	0	0	2.92667	4.83916	0	0	-2.56372	-0.38148	0	0	0	0	0	0	0.0332	0	0	0	0	-0.5911	0	0	2.2619	0.22031	6.33704	133.408	19.5919
SER_258	-4.34571	0.72557	4.57104	-0.03842	0.07269	0.05817	3.24054	5.79403	0.00083	0.00714	-2.76033	0.19307	0	0	0	0	0	0	0.3565	2.97531	2.55778	0.41753	0	-0.30896	0	4.04	-0.539	0.41012	17.4279	137.264	24.7357
LEU_259	-4.37925	0.7546	3.01865	-0.56816	0.46747	0.13479	2.68836	4.7978	0	0	-2.74547	0.26954	0	0	0	0	0	0	-0.07614	1.2499	0.16639	1.0835	0	-0.15596	0	0	1.3223	0.41587	8.44421	133.125	76.875
SER_260	-3.93619	0.54661	4.32324	-0.04061	0.00887	0.06185	3.26317	5.60897	0.09639	0.94727	-2.65595	-0.52058	0	0	0	0	0	0	0.00371	0.17471	0.00035	0.17435	0	-0.75812	0	4.04	-0.539	-0.30772	10.4913	142.109	19.891
GLY_261	-2.96349	0.90347	3.23338	-0.00165	0	0	2.29316	4.44346	0	0	-2.02247	-0.3976	0	0	0	0	0	0	0.3004	0	0	0	0	1.04812	0	0	1.435	1.66259	9.93438	146.462	17.5378
ASP_262	-7.33774	1.51579	8.92224	-0.10422	0.00057	0.3101	4.9511	10.3287	0.10371	0.81007	-5.64028	-0.22438	0	0	0	0	-1.54397	0	6.35111	3.61206	0.04003	0	3.57202	1.22515	0	0	-1.6204	2.51761	27.7893	180.849	4.15078
GLN_263	-4.80238	0.46582	4.48798	-0.61253	0.52821	0.63269	3.06181	5.94543	2e-05	9e-05	-2.91705	0.26788	0	0	0	0	0	0	0.31628	7.14499	1.14667	0	5.99833	-0.01611	0	0	-0.1077	0.06624	21.6067	107.794	109.206
LEU_264	-9.12965	3.38796	3.19848	-0.49307	0.62699	0.12652	2.55393	7.0415	0.0346	0.30902	-1.37532	-0.14783	0	0	0	0	0	0	0.0898	3.91841	2.48164	1.43677	0	-0.2343	0	0	1.3223	-0.08506	15.0627	210	0
THR_265	-3.62777	0.5522	3.67445	-0.12909	0.11407	0.0918	2.65017	5.13919	0.00289	0.03268	-2.34454	-1.0297	0	0	0	0	0	0	0.29401	0.48237	0.07156	0.41081	0	-0.34989	0	5.04105	-0.9333	0.02047	10.1634	120.841	53.1595
GLY_266	-2.90301	0.0955	1.97031	-0.00174	0	0	0.64045	3.26989	0.00717	0.03835	-1.21435	-0.36804	0	0	0	0	0	0	-0.02861	0	0	0	0	-0.40467	0	0	1.435	0.2808	2.81705	140.128	23.8722
LYS_267	-5.88113	1.39065	6.23292	-0.68425	0.70549	0.3355	3.08995	7.42794	0	0	-2.03816	0.78288	0	0	0	0	0	0	-0.08997	4.74563	1.12374	3.62188	0	0.33611	0	0	-0.8895	0.95059	21.1603	149.351	102.649
ASN_268	-5.88321	1.23808	3.70675	-0.18678	0.09979	0.31272	1.69055	5.63737	0	0	-1.34303	-0.97649	0	0	0	-0.53875	0	0	0.63621	2.54401	0.08746	0	2.45655	-1.6665	0	0	-0.3009	-0.22679	7.28704	142.273	41.7271
VAL_269	-7.27406	1.54718	2.35849	-0.24573	0.21507	0.0474	1.36782	6.71367	0.00704	0.03604	-0.21249	-0.1717	0	0	0	0	0	0	0.07744	0.85182	0.12408	0.72775	0	-1.19993	0	0	2.7371	-0.91347	6.79352	169.867	12.1331
GLU_270	-6.1278	1.15875	5.85733	-0.49205	0.51437	0.6783	3.06632	6.64991	0.00082	0.01145	-1.94733	-1.10162	0	0	0	0	0	0	0.02277	8.4621	1.163	0	7.29909	-0.07682	0	0	-1.6358	-0.73392	22.7689	191.661	31.3387
ASP_271	-2.99843	0.63195	4.26302	-0.10097	0.02446	0.27067	2.00933	4.83481	0.03472	0.31134	-1.90631	-0.3038	0	0	0	0	0	0	0.21668	3.02913	0.47126	0	2.55788	0.03849	0	0	-1.6204	-0.37097	11.3929	97.4039	87.5961
ASN_272	-8.24215	2.50982	7.20347	-0.15325	0.06156	0.20772	4.92907	9.24779	0	0	-3.28036	-0.78991	0	0	0	-1.59654	-0.7562	0	0.52671	4.39903	0.00204	0	4.397	0.20377	0	0	-0.3009	-0.00896	18.5597	182.433	1.5673
TRP_273	-7.73217	1.67301	5.04032	-1.30227	0.18004	0.6568	2.72155	7.40311	0.00202	0.01778	-2.27894	-0.32341	0	0	0	-0.31084	0	0	0.24595	2.2542	0.10603	0	2.14818	-0.67342	0	0	3.7077	0.22677	13.7624	168.923	101.077
ARG_274	-10.5377	2.59802	7.81803	-0.59386	0.3322	0.39822	4.21068	9.71784	0	0	-3.7574	0.17843	0	0	0	0	-1.29545	0	0.65937	3.5369	0.37457	3.16232	0	-0.24368	0	0	-0.1423	0.0749	16.4911	232.631	32.3687
VAL_275	-4.64477	0.838	3.06024	-0.25435	0.26113	0.05081	2.78949	4.99286	0	0	-2.26194	-0.18927	0	0	0	0	0	0	0.89094	1.11584	0.56889	0.54694	0	-1.13753	0	0	2.7371	-0.43349	8.93089	129.283	52.7174
ARG_276	-8.19703	1.11057	6.68775	-0.60185	0.15185	0.39899	3.14969	8.07225	0.18475	1.36732	-2.26498	0.13845	0	0	0	0	0	0	0.09615	3.52337	0.37079	3.15258	0	-0.27774	0	0	-0.1423	-0.40087	16.5198	204.375	60.6254
TRP_277	-7.24689	2.29387	4.44331	-1.0352	0.10119	0.34528	3.21199	7.1586	0.04131	0.28474	-2.94904	-0.69213	0	0	0	0	0	0	-0.07137	4.91244	0.71145	0	4.20099	0.0758	0	0	3.7077	-0.10076	19.3933	189.256	80.7439
MET_278	-7.5989	2.06417	4.88164	-0.21202	0.20478	0.10463	3.33306	6.81975	0	0	-2.41411	-0.67363	0	0	0	0	0	0	0.17116	6.35621	3.21176	3.14445	0	-0.22461	0	0	1.4633	0.29906	20.9307	212.112	49.8882
THR_279	-5.80467	2.04375	4.00476	-0.11123	0.04399	0.07271	3.26233	6.65211	0.04131	0.28474	-2.61363	-0.63273	0	0	0	0	0	0	0.09564	1.09541	0.90207	0.19334	0	-0.52286	0	5.01332	-0.9333	-0.26978	12.8173	139.28	34.7196
GLY_280	-4.22767	1.96805	3.67387	-0.00151	0	0	2.6989	5.4798	0	0	-2.44059	-0.37914	0	0	0	0	0	0	1.18361	0	0	0	0	0.65985	0	0	1.435	1.27843	11.3286	162.67	1.32975
TYR_281	-6.79387	1.41958	4.38092	-0.8658	0.13094	0.18139	3.5274	6.97755	0.0403	0.25905	-2.60983	-0.52082	0	0	0	0	-0.3433	0	0.01024	5.99955	2.03924	0	3.96031	-0.33988	0	0	1.7379	1.45235	20.6432	177.902	70.0977
TYR_282	-7.54499	4.54046	5.08945	-1.05125	0.26307	0.68888	2.62719	8.13687	0.0553	0.38208	-1.41787	-0.31816	0	0	0	0	0	0	0.27422	3.20068	0.28542	0	2.91526	-0.4016	0	0	1.7379	-0.66902	18.7939	190.226	57.7739
TYR_283	-6.64975	0.79539	4.17801	-0.79193	0.04282	0.17292	3.131	6.89509	0.00537	0.0891	-2.45279	-0.47513	0	0	0	0	0	0	-0.06037	4.32096	1.18847	0	3.13249	-0.2032	0	0	1.7379	-0.16165	14.8947	160.263	87.7375
LYS_284	-6.91295	2.3377	6.04832	-0.37751	0.15586	0.24646	2.77905	7.73262	0.36238	1.47965	-2.97405	-0.20788	0	0	0	0	0	0	0.21193	8.74463	5.79819	2.94644	0	0.51452	0	0	-0.8895	0.65042	28.6463	197.628	54.3723
VAL_285	-4.56971	2.22834	2.03498	-0.34818	0.85383	0.0796	1.15889	4.13872	0.00537	0.0891	-0.19093	0.37111	0	0	0	0	0	0	0.9216	6.79754	5.55393	1.24361	0	-0.23839	0	0	2.7371	0.41811	23.2846	110.395	71.6048
ILE_286	-6.62892	1.4529	3.34084	-0.47205	1.41856	0.09042	2.37487	5.73586	0.00188	0.01963	-1.15954	0.04556	0	0	0	0	0	0	0.39107	0.81566	0.38695	0.42872	0	-1.07995	0	0	1.8006	-0.35798	8.60508	150.378	56.6222
ASN_287	-3.19271	0.35475	2.59593	-0.29936	0.08512	0.59707	0.48324	3.09264	0.14972	0.91584	0.0676	-0.76445	0	0	0	0	0	0	0.39919	2.83535	0.13518	0	2.70016	-1.12276	0	0	-0.3009	0.21357	8.94517	95.0679	88.9321
GLN_288	-4.87289	0.54016	5.19976	-0.26088	0.15139	0.25122	2.69226	6.40041	0.04654	0.4858	-1.60782	-0.60493	0	0	0	-0.37405	0	0	0.20622	5.18396	1.35114	0	3.83282	0.1816	0	0	-0.1077	1.08137	19.7764	102.748	114.252
ASN_289	-4.57719	0.63153	4.8486	-0.16489	0.08299	0.25636	2.49943	6.05086	0	0	-0.71199	-0.29712	0	0	0	-0.30705	-0.00245	0	0.21192	3.74381	1.18023	0	2.56357	0.76335	0	0	-0.3009	1.20693	17.678	147.736	36.264
ASN_290	-5.28881	1.22146	4.86455	-0.19209	0.05679	0.32295	2.83136	6.13161	0	0	-1.81469	-0.32569	0	0	0	0	-0.68474	0	-0.11433	3.55731	0.3121	0	3.2452	-0.7511	0	0	-0.3009	0.27902	13.35	110.292	73.708
ARG_291	-7.99033	1.47184	7.39417	-0.64493	0.19375	0.3979	3.81226	8.54806	0.06021	0.50105	-3.82845	0.44302	0	0	0	0	-0.79799	0	-0.11105	3.72672	0.53512	3.1916	0	-0.11393	0	0	-0.1423	0.70546	17.3522	171.69	93.3101
ARG_292	-7.63507	1.93316	7.2702	-0.69393	1.00341	0.44101	4.53116	9.02188	0.02455	0.23418	-4.03107	-0.24285	0	0	0	-0.67635	0	0	0.09103	12.758	8.41149	4.34656	0	-0.12503	0	0	-0.1423	1.27172	37.7918	187.814	77.1863
VAL_293	-7.45138	2.70641	3.14282	-0.25212	0.23705	0.04941	3.65739	6.78398	0	0	-2.67828	-0.29965	0	0	0	0	0	0	0.05686	0.87929	0.48406	0.39523	0	-1.30355	0	0	2.7371	-0.2354	8.90922	167.65	14.3503
THR_294	-5.32042	1.10951	3.81101	-0.124	0.08742	0.08539	3.10945	5.82881	0.00042	0.00192	-2.14808	-0.88256	0	0	0	0	0	0	0.90904	0.32452	0.00688	0.31764	0	-0.44291	0	5.02462	-0.9333	-0.8546	9.91076	152.253	21.7472
ILE_295	-4.78017	1.10268	2.76786	-0.52872	0.62367	0.10433	2.70515	4.52483	0	0	-2.44841	-0.04079	0	0	0	0	0	0	0.71192	2.16709	0.59427	1.57283	0	-0.33725	0	0	1.8006	-0.20937	10.3305	137.399	69.6013
GLY_296	-4.0257	1.63219	2.8393	-0.00115	0	0	2.0747	4.30792	0	0	-1.51472	-0.31048	0	0	0	0	0	0	0.5717	0	0	0	0	-0.57887	0	0	1.435	0.88008	7.30998	161.276	2.72443
LEU_297	-4.66324	1.55248	3.40614	-0.49133	0.36914	0.13157	3.11794	5.18033	0	0	-2.49585	-0.15065	0	0	0	0	0	0	-0.06218	5.4162	4.06075	1.35545	0	-0.23417	0	0	1.3223	0.89662	18.7115	114.552	95.4476
ASN_298	-5.48224	2.50197	5.09575	-0.16136	0.01261	0.25612	3.3913	6.89063	0.07798	0.65132	-2.65875	-0.18319	0	0	0	0	0	0	0.23038	3.65363	0.10063	0	3.553	1.10085	0	0	-0.3009	0.36515	19.0949	138.626	45.3738
ASN_299	-5.14332	1.59589	4.80138	-0.18173	0.00405	0.33484	3.35119	6.35545	0.01498	0.17544	-2.70545	-0.18066	0	0	0	0	0	0	0.08706	6.7399	3.2957	0	3.4442	1.05423	0	0	-0.3009	0.38858	23.1308	136.291	47.7093
MET_300	-7.19653	2.09386	4.81759	-0.35998	0.44699	0.07816	3.58226	6.04371	0.00658	0.02544	-2.29965	-0.27192	0	0	0	0	0	0	0.60703	2.86844	0.73285	2.13559	0	-0.19256	0	0	1.4633	0.17183	14.753	205.009	56.9912
ILE_301	-5.19007	2.19924	3.65068	-0.45693	0.84463	0.0968	3.05887	5.48362	0	0	-3.05768	-0.0879	0	0	0	0	0	0	0.02643	0.70778	0.28808	0.4197	0	-0.54954	0	0	1.8006	0.27037	9.50468	127.718	79.2822
TRP_302	-10.5076	2.71764	3.56902	-0.71247	0.20429	0.40464	3.03381	6.60436	0.00191	0.02889	-1.52283	-0.34023	0	0	0	0	0	0	1.17293	5.68422	1.53233	0	4.15188	-0.36032	0	0	3.7077	0.3188	19.689	248.075	21.9246
HIS_303	-6.03885	1.27674	5.70744	-0.6833	0.03894	0.60451	3.36885	7.74477	0.04673	0.44933	-1.66158	-0.90109	0	0	0	0	0	0	3.07447	4.32667	1.51661	0	2.81006	-0.75846	0	0	0.8406	0.33381	22.0962	178.604	62.3959
TYR_304	-12.1155	2.55498	6.24832	-0.557	0.47333	0.25986	3.94994	9.79614	0.04436	0.38737	-1.90048	-0.23532	0	0	0	-0.52983	-0.5543	0	0.24526	3.85432	0.1193	0	3.73502	-0.45578	0	0	1.7379	-0.04667	17.0113	240.131	7.86872
ASP_305	-5.34147	1.13771	6.04681	-0.23936	0.00614	0.77699	2.04445	6.67168	0.08924	0.54876	-1.81378	0.1165	0	0	0	0	0	0	0.28557	4.48674	0.01446	0	4.47228	0.4509	0	0	-1.6204	-0.14512	17.9881	152.16	32.8401
LYS_306	-8.07702	0.98591	8.76212	-0.31094	0.1128	0.16975	4.6208	9.29368	0.04645	0.1461	-3.5557	-0.22949	0	0	0	-1.2857	0	0	0.05264	8.00134	5.17472	2.82662	0	0.00708	0	0	-0.8895	-0.03372	25.8179	198.259	53.7412
ASP_307	-6.41807	1.62171	7.43702	-0.23677	0.09934	0.7777	3.9766	8.12225	0	0	-1.09695	-1.12748	0	0	0	-0.39888	0	0	0.458	3.4276	0.31376	0	3.11384	-1.28041	0	0	-1.6204	-0.65858	16.5103	167.041	17.9594
LEU_308	-9.33395	1.06801	5.02661	-0.53805	1.88608	0.16125	3.72352	8.3667	0	0	-2.59043	0.0398	0	0	0	-0.54038	0	0	-0.08689	0.60967	0.07396	0.5357	0	0.1365	0	0	1.3223	0.2334	10.0938	210	0
SER_309	-4.14107	0.74091	5.13901	-0.04194	0.01655	0.05208	2.54539	6.31656	0.00206	0.07422	-1.26204	-0.24036	0	0	0	-0.39888	0	0	-0.01875	0.26664	0.01158	0.25506	0	-0.58559	0	4.04	-0.539	0.32933	12.5618	124.645	37.3551
GLY_310	-3.71961	0.44168	3.97767	-0.00026	0	0	2.24587	5.51595	0.01663	0.14942	-1.35799	-0.19644	0	0	0	-0.15191	0	0	-0.08391	0	0	0	0	0.10694	0	0	1.435	-0.25056	8.12849	152.024	11.9757
TYR_311	-8.92186	4.10718	3.30677	-0.58358	0.20132	0.31269	2.36479	6.66473	0.03405	0.22352	-1.23845	-0.31943	0	0	0	0	0	0	0.85275	3.76889	0.32644	0	3.44245	-0.45042	0	0	1.7379	-0.30009	15.5297	213.608	34.3919
SER_312	-6.35582	0.63848	6.22779	-0.04202	0.00941	0.06044	3.05185	7.88711	0.04916	0.55794	-0.98401	-0.73339	0	0	0	0	0	0	0.0322	1.18357	0.82475	0.35882	0	-0.49935	0	4.04	-0.539	-0.92822	14.8397	162	0
LEU_313	-8.35147	1.36738	2.29332	-0.58563	0.32217	0.15324	1.9614	5.80472	0	0	-1.30373	0.30663	0	0	0	0	0	0	0.27171	1.09723	0.64838	0.44886	0	-0.26567	0	0	1.3223	-0.15347	5.33738	210	0
GLY_314	-4.55269	0.30027	3.42564	-8e-05	0	0	2.14324	5.12543	0.02916	0.09365	-1.52581	-0.36596	0	0	0	0	0	0	2.07139	0	0	0	0	-2.50297	0	0	1.435	0.36994	6.0462	164	0
GLN_315	-9.40614	0.6506	7.8823	-0.24405	0.15052	0.1564	4.68876	10.3507	0.03384	0.18511	-3.32773	-0.48005	0	0	0	-0.39059	0	0	4.06834	9.71484	6.16254	0	3.55231	0.13867	0	0	-0.1077	0.66633	34.445	217	0
GLY_316	-4.3066	0.57745	2.91576	-7e-05	0	0	1.75961	5.04265	0	0	-0.47771	-0.30956	0	0	0	0	0	0	0.35157	0	0	0	0	1.25511	0	0	1.435	2.4033	10.6465	164	0
GLY_317	-4.37154	0.45085	3.35291	-4e-05	0	0	2.11607	5.3767	0.0058	0.03515	-0.93634	-0.40042	0	0	0	0	0	0	0.3525	0	0	0	0	-1.01879	0	0	1.435	1.43595	7.83381	160.732	3.26764
TYR_318	-9.0566	2.35153	3.45377	-1.00187	0.13142	0.66652	2.48669	7.14167	0.01482	0.14363	-0.65133	-0.3059	0	0	0	0	-0.7562	0	0.0419	3.92928	0.01396	0	3.91532	-0.37312	0	0	1.7379	-0.59074	13.2927	240.605	7.3947
TYR_319	-7.10311	1.16164	1.72488	-0.66329	0.55936	0.074	1.20791	3.61512	0	0	0.15872	-0.25104	0	0	0	0	0	0	1.00789	4.17305	0.33305	0	3.84	0.0839	0	0	1.7379	-0.47546	11.1845	212.083	35.9167
SER_320	-6.40704	1.52001	5.67461	-0.04995	0.09559	0.07169	3.27733	7.3066	0	0	-0.62613	0.11091	0.60145	0	0	-0.54172	0	0	-0.05102	3.45234	1.87855	1.57379	0	-0.04203	0	4.04	-0.539	3.46588	24.8118	161.553	0.446804
PRO_321	-7.81821	2.70942	3.71083	-0.19224	0.00966	0.1392	1.53964	4.79497	0	0	-1.43307	0.04148	0.64036	0	0	0	0	0	0.04374	0.55004	0.14301	0.40704	0	-1.01826	0	0	-4.6787	3.33595	2.92485	199	0
GLN_322	-9.24884	3.90511	8.71016	-0.78523	0.64237	1.2536	5.34752	10.7677	0.01779	0.18612	-2.50594	-0.67698	0	0	0	-1.49738	0	0	2.98142	8.18461	2.38008	0	5.80453	-0.25823	0	0	-0.1077	-0.52202	34.5787	207.518	9.48188
GLU_323	-5.70508	1.18406	7.00827	-0.22008	0.12673	0.36442	3.74249	7.5893	0.00038	0.00146	-4.30436	-0.56741	0	0	0	0	-1.17533	0	0.44732	5.40629	1.26207	0	4.14422	0.19922	0	0	-1.6358	-0.19881	17.6694	151.115	71.8849
TYR_324	-9.92093	3.48756	3.99185	-0.77874	0.0824	0.11837	3.38373	7.21653	0.00019	0.00074	-1.4778	-0.47941	0	0	0	0	0	0	-0.02551	2.62229	0.00553	0	2.61677	-0.44392	0	0	1.7379	0.69067	12.8282	241.546	6.45384
LEU_325	-6.45076	4.78434	3.29099	-0.53111	0.73282	0.11219	3.11436	5.81314	0	0	-2.15837	0.20435	0	0	0	0	0	0	0.41642	5.00975	3.88584	1.12391	0	-0.24306	0	0	1.3223	0.89383	21.3209	157.467	52.5328
SER_326	-5.59123	1.15252	4.71853	-0.05519	0.04793	0.08008	3.28527	6.39944	0.00639	0.02471	-2.12339	-0.7469	0	0	0	0	0	0	-0.01981	2.61025	1.624	0.98625	0	-0.11246	0	4.04	-0.539	0.27029	16.0577	156.844	5.15586
PHE_327	-5.79844	3.8734	3.00869	-0.59355	0.08198	0.30687	2.88866	5.36779	0	0	-2.56038	-0.02664	0	0	0	0	0	0	0.50974	3.17522	0.35482	0	2.8204	-0.14034	0	0	1.9602	-0.01488	15.2135	149.399	87.6015
ALA_328	-4.64171	1.26902	3.16542	-0.02133	0	0	3.07714	5.23383	0.01498	0.17544	-2.9079	-0.35816	0	0	0	0	0	0	0.01799	0	0	0	0	-0.33591	0	0	2.2619	0.0671	7.0178	133.258	19.7417
ILE_329	-4.50524	0.84707	2.85184	-0.52558	2.38401	0.13748	2.12886	4.79854	0.00677	0.02646	-1.86398	-0.40736	1.24509	0	0	0	0	0	0.26986	0.67059	0.2	0.47059	0	-0.01339	0	0	1.8006	2.51062	13.0328	126.934	80.0655
PRO_330	-6.22758	3.28044	3.86662	-0.18986	0.00634	0.13737	1.73643	4.74344	0	0	-1.96857	0.00659	1.2646	0	0	0	0	0	0.64494	0.75357	0.30384	0.44972	0	0.42326	0	0	-4.6787	3.22742	7.77987	161.699	37.3013
VAL_331	-4.66978	1.05835	2.88352	-0.3142	0.35721	0.06882	3.07831	5.06068	0	0	-2.33532	-0.46946	0	0	0	0	0	0	1.16228	0.91478	0.02776	0.88702	0	-0.73878	0	0	2.7371	0.5265	10.2348	123.49	58.51
MET_332	-6.64179	1.40149	5.42632	-0.49814	2.25715	0.04525	3.22525	6.33906	0.00042	0.00192	-2.15681	0.12675	0	0	0	0	0	0	-0.01381	7.91724	5.68866	2.22858	0	-0.13119	0	0	1.4633	0.46898	27.1486	226.648	35.352
TRP_333	-7.5246	1.21418	5.18641	-0.83105	0.84737	0.39272	3.96938	7.56835	0.0361	0.2712	-3.86709	-0.61982	0	0	0	0	-0.64901	0	0.24277	4.23921	0.00082	0	4.23839	-0.14361	0	0	3.7077	1.73739	20.0168	187.496	82.5037
ARG_334	-9.38966	1.91714	7.81027	-0.44139	0.13612	0.2378	4.0744	8.39275	0	0	-4.15356	0.13181	0	0	0	0	-0.45412	0	0.2216	3.90119	0.64625	3.25494	0	0.13439	0	0	-0.1423	0.80559	17.0832	202.562	62.4382
GLU_335	-8.29645	2.70241	8.32145	-0.24638	0.16646	0.26414	5.19597	9.85212	3e-05	0.00013	-5.9833	-0.13518	0	0	0	0	-1.44699	0	0.13406	7.85211	3.6184	0	4.23371	-0.22369	0	0	-1.6358	0.35147	24.7247	201.841	21.1594
ARG_336	-10.3231	1.79354	8.76199	-0.63642	0.34115	0.44559	4.20495	10.1938	0.01561	0.12176	-3.02305	0.19528	0	0	0	-0.33192	-0.68474	0	0.38533	4.95535	1.56819	3.38716	0	-0.39271	0	0	-0.1423	0.14043	20.976	227.841	37.159
THR_337	-3.75465	0.46095	4.1364	-0.1085	0.14658	0.05813	2.59158	5.11602	0.00029	0.00102	-0.74685	-0.37272	0	0	0	0	0	0	-0.05482	0.46051	0.02573	0.43477	0	-1.17171	0	5.04434	-0.9333	1.12987	12.4636	105.775	68.2252
GLU_338	-3.85164	4.32513	5.34	-0.35026	0.16609	0.39728	2.74909	5.58798	0	0	-2.59063	-0.55934	0	0	0	-0.2685	-0.66028	0	0.27655	8.9849	4.30219	0	4.68271	-0.15344	0	0	-1.6358	1.87287	28.6149	125.198	97.8023
ASN_339	-6.2777	4.66431	5.32239	-0.19772	0.05839	0.32999	2.54379	6.64089	0.02657	0.49547	-1.2361	-0.5836	0	0	0	0	-0.7706	0	0.1851	3.57105	0.25881	0	3.31224	-1.00559	0	0	-0.3009	0.72081	17.7576	125.35	58.6498
TRP_340	-8.1821	15.9821	4.44195	-0.75254	0.16364	0.32585	2.92992	6.73703	0	0	-1.21474	-0.28065	0	0	0	0	0	0	0.34631	2.62035	0.12899	0	2.49136	-0.26993	0	0	3.7077	0.27008	29.4453	159.365	110.635
SER_341	-6.46021	0.95432	5.55674	-0.033	0.00993	0.04372	3.66048	6.90353	3e-05	0.00013	-2.28861	-0.03225	0	0	0	0	0	0	0.12012	1.09854	0.4032	0.69534	0	-0.23591	0	4.04	-0.539	0.05575	13.9529	162	0
TRP_342	-8.58326	2.69492	4.84342	-1.28114	0.13816	1.08015	3.22144	7.56854	0	0	-2.76314	-0.46951	0	0	0	0	0	0	0.14223	2.13084	0.00477	0	2.12607	-0.62161	0	0	3.7077	0.39905	14.3386	196.187	73.8127
GLU_343	-8.07865	1.60009	8.50255	-0.29315	0.17293	0.30791	5.15388	8.80892	0	0	-5.6999	-0.3541	0	0	0	0	-0.79256	0	0.56286	5.38513	0.53596	0	4.84917	-0.08263	0	0	-1.6358	0.50514	19.4478	220.567	2.4326
LEU_344	-4.03405	0.44621	3.54854	-0.55728	0.34983	0.12307	3.08391	5.00164	0	0	-2.63808	0.21519	0	0	0	0	0	0	0.13177	1.7732	0.65021	1.12299	0	-0.12701	0	0	1.3223	0.28604	10.6985	101.271	108.729
GLY_345	-3.53136	0.37066	3.10959	-0.0014	0	0	2.54954	4.52263	0	0	-2.24684	-0.36392	0	0	0	0	0	0	1.04345	0	0	0	0	0.67348	0	0	1.435	1.48432	9.04515	161.951	2.04937
ALA_346	-3.49365	0.96942	2.47364	-0.01894	0	0	3.08802	4.53478	0	0	-2.1465	-0.40435	0	0	0	0	0	0	0.15169	0	0	0	0	-0.64776	0	0	2.2619	1.6937	8.46193	112.647	40.3532
SER_347	-4.56216	1.13113	4.44697	-0.03995	0.01532	0.06087	3.07145	5.63681	0.00903	0.03993	-1.98331	0.12457	0	0	0	0	0	0	0.74035	0.11673	0.0499	0.06683	0	-0.22032	0	4.04	-0.539	1.96485	14.17	142.397	19.6034
GLY_348	-2.47661	0.27845	2.71298	-0.00044	0	0	1.88409	3.69026	0.00226	0.01347	-2.5113	-0.27906	0	0	0	0	0	0	0.81706	0	0	0	0	0.95255	0	0	1.435	2.57006	9.08877	118.11	45.8898
SER_349	-4.3187	1.25018	4.23412	-0.04396	0.01162	0.06581	3.11557	5.80307	0.05399	0.52223	-2.2221	-0.52006	0	0	0	0	0	0	0.89377	0.30456	0.12481	0.17974	0	-0.74986	0	4.04	-0.539	0.49007	12.6959	150.786	11.214
TRP_350	-8.03744	1.5098	4.43177	-1.21607	0.57659	0.23165	2.60701	7.28127	0	0	-2.44315	-0.85615	0	0	0	0	0	0	0.06645	4.11794	0.00541	0	4.11253	-0.04848	0	0	3.7077	-0.46468	15.5821	190.202	79.7984
SER_351	-4.96365	1.54831	4.48483	-0.04054	0.01035	0.06267	2.91118	6.09525	0.01386	0.10848	-1.73059	-0.55245	0	0	0	0	0	0	0.05158	0.56188	0.29959	0.26228	0	-0.66776	0	4.04	-0.539	-0.42162	11.5346	154.285	7.71453
HIS_352	-8.41757	1.40948	7.82599	-0.68911	0.06606	0.57964	4.43102	9.83792	0.00038	0.00146	-3.08184	-0.95691	0	0	0	0	-1.72324	0	-0.02905	5.97685	2.43403	0	3.54282	-0.08174	0	0	0.8406	-0.67093	21.2959	223.095	17.9048
SER_353	-4.58449	1.1004	5.05491	-0.04937	0.0063	0.0728	3.17109	6.34303	0.02642	0.12013	-2.46395	-0.574	0	0	0	0	0	0	-0.0048	1.02589	0.127	0.89889	0	-0.1246	0	4.04	-0.539	-0.40303	13.2436	143.626	18.3736
ARG_354	-7.63842	1.19317	8.55157	-0.82621	0.5064	0.50726	4.26132	9.30129	0.00895	0.08048	-4.4415	0.50663	0	0	0	0	-0.3903	0	-0.03153	6.56165	3.32483	3.23682	0	-0.36045	0	0	-0.1423	-0.06834	24.1413	167.504	97.4958
THR_355	-5.5461	1.59116	4.65587	-0.12169	0.04911	0.08384	3.19236	6.2298	0.02722	0.37483	-2.03925	-0.42604	0	0	0	0	0	0	0.00643	2.26852	1.46202	0.8065	0	-0.35479	0	5.03286	-0.9333	-0.16958	16.1898	145.918	28.0816
LYS_356	-5.16558	2.18563	4.89498	-0.71819	1.39275	0.40847	1.45876	4.85612	0.01779	0.18612	-0.59118	0.35432	0	0	0	-0.96621	0	0	0.38235	9.6472	4.1324	5.5148	0	-0.11177	0	0	-0.8895	-0.24817	26.7411	149.985	102.015
THR_357	-4.22419	1.02377	3.03778	-0.17441	0.17423	0.05998	1.32027	4.31286	0	0	-1.16726	-0.49926	0	0	0	0	0	0	-0.08067	0.37718	0.26094	0.11624	0	0.0718	0	5.02199	-0.9333	-0.23147	8.46648	101.872	72.128
MET_358	-8.05026	3.72215	5.75801	-0.59254	29.2464	-0.01947	3.60252	6.51729	0	0	-2.4547	-0.05965	0.00174	0	0	0	0	0	1.71219	7.25085	5.15033	2.10052	0	-0.14099	0	0	1.4633	2.41945	57.6271	250.08	11.92
PRO_359	-4.33091	2.60629	2.44938	-0.19395	0.02924	0.14616	1.19278	2.96759	0	0	-0.64227	-0.05241	0.00292	0	0	-0.23412	0	0	-0.16218	1.7913	0.30351	1.48779	0	-1.25559	0	0	-4.6787	1.97729	3.40413	134.015	64.9847
ARG_360	-10.2395	0.7202	8.37587	-0.79295	0.3225	0.53555	3.39358	9.61338	0.00038	0.00187	-2.26374	0.26731	0	0	0	0	-0.80467	0	-0.10962	4.91247	0.44499	4.46748	0	-0.28845	0	0	-0.1423	-0.86314	17.5512	216.867	48.1333
TYR_361	-9.58214	1.93964	3.07003	-0.63092	0.0693	0.36564	2.14573	6.29535	0.02569	0.27516	-0.51118	-0.24487	0.50475	0	0	0	0	0	0.02485	2.63383	0.00735	0	2.62648	-0.77076	0	0	1.7379	2.03084	12.0127	235.773	12.2266
PRO_362	-5.27385	0.6832	2.90013	-0.09408	0.00286	0.05942	0.3393	2.65887	0	0	0.11299	0.68929	0.54076	0	0	0	0	0	0.14823	0.48976	0.01434	0.47542	0	-0.11679	0	0	-4.6787	2.32359	1.27473	180.626	18.3736
LEU_363	-5.93357	0.97672	3.08179	-0.48279	0.75286	0.12231	1.90366	5.1386	0	0	-0.41818	-0.01683	0	0	0	0	0	0	0.10331	1.86347	0.48745	1.37601	0	-0.09509	0	0	1.3223	0.94243	11.1245	154.456	55.5437
MET_364	-4.26199	0.54881	4.07493	-0.33037	0.17791	0.11626	2.11063	4.95725	0	0	-0.65749	0.01496	0	0	0	0	0	0	-0.066	3.72551	0.33693	3.38858	0	-0.31435	0	0	1.4633	0.87715	16.162	140.49	121.51
ASN_365	-2.88806	0.56987	2.65736	-0.2155	0.2915	0.36052	0.75063	3.477	0	0	0.71871	-0.6191	0	0	0	0	0	0	2.82013	5.38138	0.11652	0	5.26486	-0.13004	0	0	-0.3009	-0.24857	18.0063	47.7801	136.22
LEU_366	-7.08616	1.57645	2.09227	-0.5214	0.40748	0.14772	1.94146	4.63198	0	0	-1.05653	0.15251	0	0	0	0	0	0	1.10347	0.83086	0.66946	0.1614	0	-0.20553	0	0	1.3223	-0.4197	5.74804	192.43	17.5702
ILE_367	-7.98168	1.67423	2.66344	-0.63626	1.47825	0.12607	2.69781	5.80977	0	0	-0.91337	0.39852	0.05074	0	0	-0.31394	0	0	0.35182	1.77074	0.53756	1.23318	0	-1.23741	0	0	1.8006	1.9367	11.4468	200.787	6.21259
PRO_368	-5.70523	2.10464	3.79128	-0.12733	0.00212	0.09467	2.16825	4.6782	0	0	-2.02679	0.21361	0.10237	0	0	0	0	0	0.43069	4.63168	4.49255	0.13913	0	-1.76672	0	0	-4.6787	1.86735	10.4118	145.384	53.6162
THR_369	-3.21669	0.6337	3.29029	-0.12661	0.06964	0.05031	1.46905	4.32096	0.15343	1.0649	-0.23164	-0.51648	0	0	0	0	0	0	0.12846	1.19199	0.40392	0.78807	0	0.46232	0	5.03883	-0.9333	-0.0157	14.0254	61.9463	112.054
ASP_370	-2.57374	0.5152	3.4907	-0.20948	0.04302	0.68997	0.8817	4.07906	0.03706	0.34306	-0.19909	-2.68879	0	0	0	0	0	0	1.35023	5.94055	0.82494	0	5.11561	-0.50202	0	0	-1.6204	0.25742	15.775	78.8689	106.131
TRP_371	-10.2214	1.9604	5.00767	-0.69241	0.21254	0.37735	3.07167	8.09585	0	0	-2.42514	-0.41918	0	0	0	0	0	0	1.95157	3.4615	0.00082	0	3.46068	-0.09394	0	0	3.7077	0.32665	17.7823	233.888	36.1116
GLN_372	-7.35658	0.92486	6.4577	-0.26419	0.04984	0.19838	3.59982	8.69173	0.03348	0.286	-2.21448	-0.56246	0	0	0	-0.31394	0	0	0.31398	5.65281	1.94255	0	3.71026	-0.32368	0	0	-0.1077	0.09027	20.8086	181.115	35.8852
GLU_373	-3.24632	0.27351	4.29201	-0.28795	0.01303	0.29871	1.81763	5.32187	0.08288	0.43584	-0.81921	-0.45687	0	0	0	0	-0.69146	0	0.21941	11.035	5.15843	0	5.87654	-0.25536	0	0	-1.6358	-0.46351	26.9683	104.014	118.986
GLU_374	-5.96243	1.35466	6.90571	-0.74102	0.28257	1.46679	3.08887	8.03879	0	0	-2.68831	-0.31623	0	0	0	0	-1.37155	0	0.36478	5.14909	0.74084	0	4.40825	-0.48041	0	0	-1.6358	-0.59667	18.0079	169.395	53.6051
ALA_375	-5.76973	1.21149	3.02071	-0.02175	0	0	2.57174	6.41868	0	0	-1.43258	-0.35717	0	0	0	0	0	0	-0.00576	0	0	0	0	-0.46486	0	0	2.2619	-0.61074	6.82193	147.266	5.73393
ALA_376	-2.46052	0.3157	2.6803	-0.0243	0.00063	0	1.76309	4.05744	0	0	-1.02186	-0.38983	0	0	0	0	0	0	0.31042	0	0	0	0	-0.04376	0	0	2.2619	-0.81477	6.63445	61.1839	91.8161
ARG_377	-4.70789	0.74125	6.20137	-0.96651	1.24726	0.74059	2.47731	6.74864	0.01512	0.04521	-3.1038	0.48777	0	0	0	0	-1.00531	0	0.24256	8.67425	4.33898	4.33527	0	-0.09998	0	0	-0.1423	-0.87686	25.3929	119.446	145.554
GLN_378	-7.45158	1.11465	7.40141	-0.25258	0.0658	0.1732	4.2279	8.56979	0.02302	0.26267	-3.89581	-0.62245	0	0	0	-0.47497	-1.29819	0	-0.05389	5.28126	0.73068	0	4.55059	0.42045	0	0	-0.1077	-0.44725	18.217	197.385	19.6146
SER_379	-3.46144	0.33376	2.9988	-0.04092	0.01	0.05839	0.93771	4.08393	0.0161	0.04845	-0.0395	-0.31597	0	0	0	0	0	0	1.06524	1.78597	1.23479	0.55118	0	-0.39122	0	4.04	-0.539	-0.33071	12.0456	114.961	47.0391
ASN_380	-5.23906	0.33949	6.16013	-0.1687	0.04267	0.25977	4.07182	7.55406	0.037	0.42538	-2.93069	-0.39688	0	0	0	0	-1.27738	0	-0.14282	3.96239	0.17298	0	3.7894	-0.41822	0	0	-0.3009	-0.38985	15.5506	151.396	32.6038
ASP_381	-2.00566	0.09468	2.35694	-0.10884	0.0341	0.30179	0.62137	3.04501	0.02796	0.37677	-0.01143	-0.21652	0	0	0	0	0	0	0.55511	4.49154	0.77955	0	3.71199	0.06894	0	0	-1.6204	-0.61066	11.8922	66.8613	118.139
GLY_382	-2.63666	0.69364	2.44122	-0.00024	0	0	1.1217	3.43889	0	0	-0.94011	-0.1931	0	0	0	0	0	0	-0.15792	0	0	0	0	0.19731	0	0	1.435	-0.06338	5.33636	137.281	26.719
GLY_383	-2.23013	0.22824	3.41843	-0.00171	0	0	2.8583	4.03894	0	0	-1.55771	-0.36669	0	0	0	0	0	0	0.71207	0	0	0	0	-0.58779	0	0	1.435	0.84131	8.78827	124.01	39.9902
SER_384	-2.82001	0.91894	2.31895	-0.04501	0.00565	0.06824	0.84402	2.73985	0.0595	0.53244	-0.72451	-0.67813	0	0	0	0	0	0	0.01102	0.42187	0.22861	0.19326	0	-0.76824	0	4.04	-0.539	0.66017	7.46764	113.468	48.5318
SER_385	-3.07484	0.52093	4.16947	-0.04232	0.01354	0.06451	2.62802	5.14862	0.02642	0.12013	-2.04913	-0.62691	0	0	0	0	0	0	0.21367	0.16263	0.09887	0.06375	0	-0.85156	0	4.04	-0.539	0.16828	10.2551	95.974	66.026
GLN_386	-4.43419	1.4662	3.19263	-0.67245	0.24787	1.10981	1.39644	4.16388	0.05055	0.45196	-1.04321	-0.74644	0	0	0	0	-0.9382	0	0.01077	4.6345	0.4201	0	4.2144	-0.1429	0	0	-0.1077	-0.035	13.239	127.331	89.6685
GLY_387	-2.67845	0.15211	2.91849	-0.00162	0	0	2.03026	3.91752	0.01386	0.10848	-1.47537	-0.36719	0	0	0	0	0	0	-0.18698	0	0	0	0	-2.36769	0	0	1.435	0.20913	3.70754	146.736	17.264
PHE_388	-3.65922	1.28989	2.25193	-0.57733	0.05789	0.28339	1.40142	3.46469	0	0	-1.91125	0.26072	0	0	0	0	0	0	0.07309	2.62291	0.05273	0	2.57017	-0.5516	0	0	1.9602	0.02235	9.61198	85.8888	151.111
GLY_389	-3.29165	0.36069	3.03404	-0.00195	0	0	2.69001	4.39015	0.02323	0.10892	-2.04159	-0.37249	0	0	0	0	0	0	-0.12985	0	0	0	0	-0.6933	0	0	1.435	0.38953	5.90075	155.178	8.8224
TYR_390	-6.43117	1.30744	3.98086	-1.11043	0.22349	0.61653	2.60032	6.59587	0	0	-2.08672	-0.35891	0	0	0	0	0	0	2.38223	2.33065	0.2911	0	2.03955	-0.62755	0	0	1.7379	0.80577	14.2969	146.723	101.277
THR_391	-5.38703	0.796	3.84932	-0.11955	0.09508	0.07989	3.13082	6.17029	0	0	-2.0645	-0.84926	0	0	0	0	0	0	0.05693	0.27533	0.10709	0.16824	0	-0.63434	0	5.01392	-0.9333	-0.35295	9.40199	136.665	37.335
ALA_392	-4.201	0.87972	2.87899	-0.02124	0	0	2.84347	4.99956	0	0	-2.31245	-0.42702	0	0	0	0	0	0	0.68775	0	0	0	0	-0.79366	0	0	2.2619	-0.63938	6.15663	133.012	19.9884
ARG_393	-5.71762	0.90367	5.04877	-1.19843	1.11613	0.91619	3.5987	6.6096	0	0	-3.92661	-0.0517	0	0	0	0	-0.33844	0	0.02404	9.02768	2.13844	6.88925	0	-0.33258	0	0	-0.1423	0.27341	24.8382	184.504	80.4956
ALA_394	-4.01593	2.72433	2.54785	-0.0241	0.00033	0	3.25892	4.96807	0	0	-2.55749	-0.44672	0	0	0	0	0	0	-0.00965	0	0	0	0	0.38779	0	0	2.2619	0.95712	10.0524	116.564	36.4358
LEU_395	-7.32046	1.99632	3.5529	-0.48306	0.89576	0.12221	3.05844	6.13727	0	0	-2.53038	-0.02487	0	0	0	0	0	0	0.11231	2.64045	0.17237	2.46808	0	-0.03595	0	0	1.3223	0.50828	12.592	201.192	8.80799
LEU_396	-5.33905	14.4837	3.26135	-0.54312	0.99136	0.11232	2.94171	5.20918	0	0	-2.55174	0.24191	0	0	0	0	0	0	0.01459	3.25097	2.13922	1.11174	0	-0.25735	0	0	1.3223	0.35241	26.7415	142.609	67.3908
GLU_397	-7.31147	1.2633	6.88541	-0.25054	0.07722	0.23597	4.1503	8.15495	0.0449	0.33716	-3.14324	-0.28509	0	0	0	0	0	0	0.02067	5.20376	0.05037	0	5.15339	-0.12566	0	0	-1.6358	0.4638	19.2894	218.743	4.25705
ARG_398	-7.72774	4.03303	4.53768	-0.88445	0.82362	0.64796	3.03781	6.8273	0	0	-2.70484	0.17107	0	0	0	0	0	0	0.49421	5.59761	1.85179	3.74582	0	-0.34877	0	0	-0.1423	-0.32425	19.6356	177.694	87.3055
ARG_399	-11.5338	1.47546	10.0954	-0.82922	0.62476	0.5917	5.0548	12.0275	0	0	-5.21584	0.56048	0	0	0	-1.30978	-0.7706	0	0.80802	7.37608	4.32651	3.04957	0	0.09554	0	0	-0.1423	-0.29398	25.9903	251.653	13.3473
VAL_400	-4.23174	1.16188	2.05013	-0.28968	0.28223	0.06221	1.05398	3.96427	0.01468	0.04976	-0.42299	-0.14433	0	0	0	0	0	0	1.69951	0.32462	0.19399	0.13063	0	-0.72966	0	0	2.7371	0.61247	8.51908	102.163	79.8371
THR_401	-4.89928	1.64363	5.26362	-0.11055	0.11502	0.07012	3.15386	6.56851	0.07084	0.65514	0.86589	-0.67119	0	0	0	0	0	0	0.26867	0.68786	0.2487	0.43916	0	-0.98085	0	4.99408	-0.9333	1.01736	18.4673	110.362	63.6381
SER_402	-5.09458	3.5778	5.29357	-0.03392	0.0035	0.02246	2.98268	6.42006	0	0	-0.57705	-0.70403	0	0	0	0	0	0	0.34897	1.2036	0.12663	1.07697	0	0.19136	0	4.04	-0.539	1.07919	19.4182	145.459	16.5413
ASN_403	-6.75506	1.47167	5.90383	-0.19873	0.01166	0.33218	3.595	8.15001	0.07314	0.41397	-2.44443	-0.76691	0	0	0	-0.59576	0	0	0.4213	5.30105	0.71914	0	4.58191	-0.14567	0	0	-0.3009	0.59193	20.3593	137.693	46.307
TRP_404	-7.69239	0.81169	4.46748	-0.86147	0.08243	0.29594	3.52043	7.26774	0	0	-1.65553	-0.183	0	0	0	0	0	0	0.14687	3.00343	0.05558	0	2.94785	0.13114	0	0	3.7077	0.54761	16.5935	159.074	110.926
PHE_405	-9.14105	1.47856	4.70168	-0.61729	0.42166	0.35449	3.73293	7.84521	0.05782	0.22686	-3.01129	0.01095	0	0	0	0	0	0	0.01904	2.88046	0.11833	0	2.76213	-0.2586	0	0	1.9602	0.12435	13.6664	223.146	13.8544
VAL_406	-5.83694	1.71035	3.27064	-0.32131	0.56446	0.07144	3.01442	5.82837	0	0	-2.44141	-0.71261	0	0	0	0	0	0	0.2285	1.4906	0.05336	1.43724	0	-0.74907	0	0	2.7371	-0.56686	9.77826	150.738	31.2623
GLY_407	-4.28137	1.67254	3.42266	-0.00124	0	0	2.72913	5.38795	0	0	-2.7793	-0.34646	0	0	0	0	0	0	0.02625	0	0	0	0	0.49784	0	0	1.435	0.88654	8.64953	158.426	5.57436
THR_408	-5.22314	8.71686	3.44726	-0.16236	0.22806	0.0554	3.42379	5.72215	0	0	-3.01863	-0.46298	0	0	0	0	0	0	0.12298	1.33717	0.09677	1.2404	0	0.14059	0	5.02926	-0.9333	1.38341	21.1437	136.288	37.7118
ALA_409	-5.05164	2.73853	2.54773	-0.02332	0	0	3.14484	5.36591	0	0	-2.66048	-0.41656	0	0	0	0	0	0	0.26186	0	0	0	0	-0.28662	0	0	2.2619	0.42177	8.30391	147.877	5.12343
ILE_410	-5.08681	2.33737	3.16798	-0.62345	3.03058	0.14578	3.25197	5.16824	0	0	-2.6472	0.03726	0	0	0	0	0	0	-0.07117	6.35937	4.188	2.17137	0	-1.08251	0	0	1.8006	-0.20361	21.9438	144.132	62.8684
ASP_411	-5.17693	0.59875	6.61811	-0.21446	0.06548	0.70183	3.7958	7.4911	0	0	-3.74542	-1.19717	0	0	0	0	-0.63466	0	-0.07021	3.20693	0.18705	0	3.01988	-0.82329	0	0	-1.6204	-0.31903	11.8834	156.953	28.0471
ILE_412	-5.96653	1.10299	3.95506	-0.49224	0.94778	0.11646	3.05835	6.13914	0.00396	0.01065	-2.05683	-0.02879	0	0	0	0	0	0	-0.09605	1.27573	0.76729	0.50844	0	-0.9192	0	0	1.8006	-0.46038	9.66644	153.702	53.2978
GLN_413	-5.99393	0.67573	5.06936	-0.53971	0.20996	0.48331	2.11824	6.42202	0.12855	1.13629	-0.58648	-0.81577	0	0	0	0	-0.63466	0	-0.05646	4.80299	0.67854	0	4.12445	0.30804	0	0	-0.1077	-0.11162	17.3112	172.929	44.0709
GLN_414	-4.90021	1.07833	4.23713	-0.60027	0.3194	0.63804	2.4904	5.71605	0.03963	0.12985	-1.12003	-0.36351	0	0	0	0	0	0	0.48039	5.96781	0.08532	0	5.88249	-0.04856	0	0	-0.1077	1.57059	21.4952	134.632	82.3682
ALA_415	-3.40885	0.96161	2.5527	-0.02912	0.03439	0	1.07751	4.36251	0.08002	0.73381	0.83307	-0.46132	0	0	0	0	0	0	1.58962	0	0	0	0	0.81173	0	0	2.2619	1.37088	12.7705	137.494	15.5058
LYS_416	-3.20768	0.88941	3.97156	-0.46128	0.2592	0.46519	1.71367	4.5458	0.0346	0.10733	-0.81537	-0.00045	0	0	0	0	0	0	0.09827	7.70396	5.21679	2.48716	0	0.20707	0	0	-0.8895	0.95349	23.2792	136.576	115.424
ASP_417	-4.17281	0.8133	3.96631	-0.24921	0.12708	0.86363	1.6134	5.43404	0.12697	1.13502	-0.57308	-2.62831	0	0	0	0	0	0	0.06562	3.84017	0.74418	0	3.09598	-0.63431	0	0	-1.6204	0.26732	12.2149	153.502	31.4979
TYR_418	-3.24285	0.6625	1.45569	-0.6594	0.15472	0.38613	0.73909	2.60254	0	0	-0.09372	-0.46559	0	0	0	0	0	0	0.00151	2.61859	0.02566	0	2.59294	0.33727	0	0	1.7379	0.21169	9.06467	94.0511	153.949
ALA_419	-2.6388	0.56994	2.3889	-0.02406	0	0	0.82532	3.4356	0.05816	0.38796	-0.34682	-0.22998	0.01686	0	0	0	0	0	-0.03513	0	0	0	0	0.05473	0	0	2.2619	3.23451	9.95908	113.763	39.2366
PRO_420	-4.86738	0.9029	2.74616	-0.18767	0.0025	0.13164	0.96016	3.3993	0	0	-0.46564	0.11986	0.03153	0	0	0	0	0	0.28173	0.544	0.09368	0.45033	0	-1.349	0	0	-4.6787	2.05899	0.17439	181.73	17.2699
SER_421	-4.58699	0.65838	5.07623	-0.03145	0.00234	0.02038	3.41479	6.24008	0	0	-2.53303	-0.60074	0	0	0	0	0	0	0.73663	0.93143	7e-05	0.93136	0	-0.26724	0	4.04	-0.539	-0.66176	12.8315	132.647	29.3533
HIS_422	-7.12116	1.4776	6.84292	-0.41585	0.06387	0.44053	4.08863	8.29061	0	0	-2.58311	-0.23666	0	0	0	0	0	0	0.2137	3.21922	0.00057	0	3.21865	-0.35844	0	0	0.8406	-0.68792	17.2938	207.069	33.9311
PHE_423	-6.3062	1.66558	4.06015	-0.98996	0.25766	0.24409	3.44656	6.38784	0	0	-2.6363	-0.61506	0	0	0	0	0	0	-0.10735	4.65123	1.57664	0	3.07459	-0.40261	0	0	1.9602	0.23466	16.5017	176.911	60.0886
LEU_424	-8.65503	2.97576	4.72321	-0.82898	7.19226	0.39128	3.60989	8.18386	0	0	-2.8441	-0.07137	0	0	0	0	0	0	0.15934	1.32765	0.01997	1.30769	0	0.68035	0	0	1.3223	1.24135	20.7354	194.363	15.637
LEU_425	-5.98397	9.18029	3.37144	-0.4741	0.43886	0.11021	3.19874	5.68915	0	0	-2.41475	-0.13906	0	0	0	0	0	0	-0.00952	3.39988	2.26578	1.1341	0	-0.02393	0	0	1.3223	0.7227	21.7881	123.623	86.3772
TYR_426	-10.0268	2.90015	5.57523	-1.03599	0.18966	0.64085	3.89959	8.93571	0.05971	0.54212	-2.12687	-0.30489	0	0	0	0	0	0	0.46954	2.37485	0.18088	0	2.19397	-0.51973	0	0	1.7379	0.04244	15.7283	239.899	8.10081
VAL_427	-5.28359	0.94614	2.6912	-0.37439	0.61462	0.09184	3.17054	5.25811	0	0	-2.55908	-0.2052	0	0	0	0	0	0	-0.03103	1.90296	0.76406	1.1389	0	-1.22925	0	0	2.7371	-0.4617	9.17127	129.287	52.7127
ARG_428	-7.95978	0.8611	6.97221	-0.86746	0.80011	0.56009	4.80366	8.72304	0.05965	0.4443	-4.21872	0.53041	0	0	0	-0.4266	-0.3651	0	-0.04565	5.1798	2.13713	3.04267	0	0.02366	0	0	-0.1423	-0.46678	19.6454	232.069	32.9306
TYR_429	-7.55083	1.88155	4.22679	-0.76607	0.05732	0.12503	3.35676	7.20462	0.02785	0.2667	-2.89129	-0.4296	0	0	0	0	0	0	1.1463	3.17742	0.00171	0	3.17571	-0.04891	0	0	1.7379	-0.37602	14.323	173.99	74.0097
SER_430	-6.0587	0.23908	6.50077	-0.04621	0.07568	0.07136	4.24111	8.38414	0.10547	0.91017	-2.5182	0.19596	0	0	0	-0.59576	0	0	-0.06412	1.70774	1.03001	0.67773	0	0.86287	0	4.04	-0.539	-0.0269	19.1932	157.389	4.61109
ALA_431	-3.44934	0.51378	2.83297	-0.02039	0	0	1.92388	4.65017	0.05778	0.49351	-1.05767	-0.33633	0	0	0	0	0	0	-0.00575	0	0	0	0	0.1413	0	0	2.2619	0.8652	8.87101	108.574	44.4264
ALA_432	-2.86618	0.2679	2.65895	-0.02447	0.00121	0	1.40358	4.15753	0.07045	0.386	-1.28576	-0.37946	0	0	0	-1.0153	0	0	0.03452	0	0	0	0	-0.03254	0	0	2.2619	0.16907	5.8074	104.898	48.1022
GLY_433	-3.84346	0.74434	3.76138	-0.00021	0	0	2.36453	5.28344	0.00304	0.01322	-1.26131	-0.17245	0	0	0	-0.3642	0	0	-0.07302	0	0	0	0	-2.43824	0	0	1.435	0.32151	5.77357	160.83	3.16987
TRP_434	-11.2023	1.98653	6.53988	-1.06568	0.10127	0.33286	4.42335	10.3297	0.04084	0.41827	-2.10793	-0.69828	0	0	0	-0.68104	0	0	0.71416	3.22274	0.24556	0	2.97719	-0.49857	0	0	3.7077	1.8441	20.6304	260.652	9.34834
GLN_435	-8.55961	3.6517	8.57269	-0.63415	0.26703	0.62366	3.43291	9.90192	0.04217	0.62801	-3.03864	-0.62234	0	0	0	-1.45741	0	0	0.45581	6.39525	2.71916	0	3.67609	0.00819	0	0	-0.1077	1.45761	27.4124	188.076	28.9238
GLY_436	-5.13627	0.91467	4.99421	-0.00023	0	0	2.40401	6.86094	0	0	-1.4399	-0.17058	0	0	0	-0.79819	0	0	-0.08413	0	0	0	0	-1.65056	0	0	1.435	0.73447	8.06344	164	0
ASP_437	-5.33117	0.5779	8.1079	-0.1035	0.01591	0.28608	3.24944	8.64102	0.06535	0.57915	-4.99698	-0.51057	0	0	0	-1.4812	-0.18724	0	0.63044	3.66946	0.02667	0	3.64279	0.04917	0	0	-1.6204	0.11138	15.4216	153.084	31.9164
MET_438	-8.86684	0.50338	5.8338	-0.46421	2.48619	0.03578	1.76638	7.14329	0	0	-1.78627	0.37523	0	0	0	-0.32716	0	0	0.48218	6.35804	4.22318	2.13486	0	0.25714	0	0	1.4633	-0.63097	20.9873	260.367	1.63284
ASP_439	-3.96923	0.24608	5.06209	-0.1129	0.02867	0.31916	2.29302	5.53348	0.03555	0.4053	-1.54322	-0.44097	0	0	0	0	-0.23154	0	-0.17625	3.08565	0.00483	0	3.08081	-0.15594	0	0	-1.6204	-0.66404	11.1801	148.15	36.8496
LEU_440	-6.70139	1.81259	2.60646	-0.56056	0.17536	0.18231	0.62206	4.7221	0.00044	0.00433	0.78546	0.10232	0.402	0	0	0	0	0	0.00093	2.66292	1.51709	1.14583	0	0.05945	0	0	1.3223	2.95114	13.8132	174.32	35.6801
PRO_441	-5.55276	1.23788	4.26797	-0.2048	0.02061	0.14793	1.36514	4.2485	0	0	-0.82447	0.11398	0.57327	0	0	0	0	0	1.0152	0.58515	0.18224	0.40291	0	-1.30693	0	0	-4.6787	5.84528	7.43841	178.247	20.7534
PRO_442	-6.79046	1.05894	3.5901	-0.12927	0	0.09269	0.51863	3.47407	0	0	-0.35314	0.25503	0.1534	0	0	0	0	0	0.51895	0.48634	0.34294	0.1434	0	-2.06799	0	0	-4.6787	2.84829	-0.53677	198.392	0.60815
GLN_443	-3.18401	0.60852	3.7534	-0.4943	0.42497	0.48221	1.68451	4.14174	0.09123	0.55596	-1.54479	-0.88418	0.03257	0	0	-0.4266	0	0	1.46099	6.32301	2.60877	0	3.71424	-0.10424	0	0	-0.1077	2.7711	21.9074	109.992	107.008
PRO_444	-4.67292	0.89305	1.92779	-0.17616	0.00031	0.12466	0.70212	2.6296	0	0	-1.00628	0.1711	0.05121	0	0	0	0	0	0.6321	1.16336	0.2229	0.94046	0	-1.83266	0	0	-4.6787	2.40263	-0.50544	181.453	17.547
LEU_445	-7.75743	0.94526	4.02541	-0.49068	0.44641	0.09952	1.93665	6.0412	0	0	0.04688	0.3883	0	0	0	-0.33254	0	0	0.32861	2.20352	1.50031	0.70321	0	-0.15111	0	0	1.3223	-0.66059	10.5952	198.983	11.0166
ILE_446	-4.91703	0.7836	3.70071	-0.63965	1.54371	0.12612	2.3583	5.31131	0	0	-1.80061	0.5067	0.00096	0	0	-1.49964	0	0	0.61885	1.7442	0.53383	1.21038	0	-1.09128	0	0	1.8006	1.57728	11.8683	118.547	88.4528
PRO_447	-6.22172	1.31902	4.30558	-0.12111	0.0044	0.0889	2.64313	5.14121	0	0	-2.43222	0.233	0.01104	0	0	0	0	0	0.65088	1.98643	1.87406	0.11237	0	-1.56411	0	0	-4.6787	2.17011	5.52228	192.337	6.66281
TYR_448	-9.42431	2.03739	6.00052	-0.91205	0.25156	0.43184	3.95066	9.42439	0	0	-1.99823	-0.26359	0	0	0	-0.92543	0	0	-0.12881	4.47753	2e-05	0	4.47751	0.55169	0	0	1.7379	0.18308	19.8717	244.315	3.68456
ALA_449	-3.818	1.48289	2.5028	-0.02485	0.00087	0	1.1805	4.08303	0.03139	0.26429	0.70567	-0.39693	0	0	0	0	0	0	0.27517	0	0	0	0	-0.21169	0	0	2.2619	-0.32213	8.01491	141.794	11.206
ASP_450	-3.54159	0.47832	4.47414	-0.12576	0.04337	0.39453	2.21027	5.2274	0.00429	0.02532	-1.04368	-0.07117	0	0	0	0	0	0	-0.11816	3.43691	0.20441	0	3.2325	-0.71112	0	0	-1.6204	-0.9179	11.5817	132.481	52.519
TRP_451	-8.58834	1.95849	5.26819	-0.71661	0.4744	0.42126	2.05377	7.62761	0.05225	0.33334	-1.77465	-0.12748	0	0	0	-0.50421	0	0	0	4.41521	0.32867	0	4.08653	0	0	0	3.7077	-0.49479	18.5214	166.348	103.652