label	fa_atr	fa_rep	fa_sol	fa_intra_atr_xover4	fa_intra_rep_xover4	fa_intra_sol_xover4	lk_ball	lk_ball_iso	lk_ball_bridge	lk_ball_bridge_uncpl	fa_elec	fa_intra_elec	pro_close	hbond_sr_bb	hbond_lr_bb	hbond_bb_sc	hbond_sc	dslf_fa13	omega	fa_dun	fa_dun_dev	fa_dun_rot	fa_dun_semi	p_aa_pp	yhh_planarity	hxl_tors	ref	rama_prepro	total	BSA	SASA
GLY_1	-0.64364	0.05157	0.70899	-0.00023	0	0	0.45916	1.02128	0.02653	0.10524	0.95219	0.42233	0	0	0	0	0	0	0.08977	0	0	0	0	0	0	0	1.435	0	4.62821	38.9903	125.01
GLY_2	-2.41115	0.47995	1.99531	-6e-05	0	0	1.3802	2.95025	0.00011	0.00029	-0.73425	-0.35513	0	0	0	0	0	0	0.27012	0	0	0	0	1.23113	0	0	1.435	0.82687	7.06865	148.343	15.6571
VAL_3	-3.84071	0.63844	1.28693	-0.37379	0.57719	0.09333	0.54173	2.88239	0.02653	0.10524	0.8732	0.11994	0	0	0	0	0	0	0.26552	4.50381	2.57122	1.93259	0	-0.87739	0	0	2.7371	0.30353	14.3668	104.745	77.2553
VAL_4	-5.76645	1.35132	0.61198	-0.28672	0.40219	0.06559	1.05719	3.5271	0.13589	0.441	-0.02066	-0.35679	0	0	0	-0.94828	0	0	0.00337	0.28308	0.05002	0.23307	0	-0.63824	0	0	2.7371	1.1381	4.01985	164.201	17.7988
VAL_5	-5.86372	0.53439	0.76082	-0.27911	0.18843	0.05865	1.35515	3.82788	1e-05	2e-05	-0.75482	-0.16962	0	0	0	-0.39242	0	0	0.01559	1.19811	1.00032	0.19779	0	-0.80845	0	0	2.7371	2.21952	5.82564	170.22	11.7798
ASP_6	-5.95342	3.21495	7.31136	-0.15998	0.03566	0.49566	3.45672	7.82062	0.13578	0.44068	-3.38306	-1.33542	0.2226	0	0	-1.68356	0	0	0.05057	3.78135	0.00161	0	3.77974	-0.27905	0	0	-1.6204	4.38271	20.7151	149.88	35.12
PRO_7	-3.64975	1.25726	2.48896	-0.08449	0.00022	0.05302	1.67498	2.9969	0	0	-0.17251	0.64493	0.27655	0	0	0	0	0	0.01138	1.03924	0.14118	0.89806	0	-1.05071	0	0	-4.6787	4.09278	5.93932	94.6265	104.374
LYS_8	-4.31015	1.28293	4.56823	-0.51883	0.27624	0.32806	1.48332	4.75601	0	0	-2.2362	0.15235	0	0	0	-0.96435	0	0	-0.06811	9.30815	5.37979	3.92836	0	-0.02204	0	0	-0.8895	0.32725	22.7815	85.6565	166.344
TYR_9	-10.0409	2.60305	3.99637	-0.66736	0.14798	0.37942	3.52579	7.51249	0.02537	0.315	-2.54897	-0.21818	0	0	0	0	0	0	-0.08111	2.83059	0.00663	0	2.82395	-0.31536	0	0	1.7379	0.61247	12.6451	228.811	19.1893
CYS_10	-5.81856	0.6036	3.23018	-0.04805	0.01338	0.02124	1.37683	4.57958	0	0	-0.26685	-0.40329	0	0	0	0	0	0	0.12397	0.99284	0.00826	0.98458	0	-0.29855	0	0	4.3148	1.50335	10.9173	120.806	35.1945
ALA_11	-3.51872	0.89514	2.11789	-0.02246	0	0	1.8106	4.1136	0.05322	0.47569	-1.50978	-0.19249	0.03887	0	0	0	0	0	0.28563	0	0	0	0	0.06488	0	0	2.2619	3.58051	10.4545	138.496	14.5035
PRO_12	-3.11601	1.37707	0.65015	-0.10621	0.01871	0.06783	0.14985	1.12662	0	0	0.31341	0.63761	0.04447	0	0	0	0	0	0.59546	1.14466	0.73266	0.412	0	-0.08306	0	0	-4.6787	2.90531	2.19182	84.0618	114.938
TYR_13	-5.35882	1.2749	1.79752	-1.10411	0.25777	0.79009	1.09346	3.50308	0	0	0.23368	-0.38165	1.18921	0	0	0	0	0	0.89796	8.69209	5.64137	0	3.05072	-0.66512	0	0	1.7379	2.86189	25.512	109.842	138.158
PRO_14	-4.11104	3.11794	1.42512	-0.12796	0.00061	0.0889	0.46504	1.77791	0	0	-0.70292	0.25936	1.21223	0	0	0	0	0	-0.13167	0.83909	0.52802	0.31107	0	-1.60133	0	0	-4.6787	1.89596	0.56764	115.385	83.6145
ILE_15	-5.71551	0.49291	3.04694	-0.49143	1.81012	0.10501	2.96887	5.25575	0.0035	0.01134	-2.20265	0.08211	0	0	0	0	0	0	0.03472	3.03791	2.44991	0.588	0	-1.03274	0	0	1.8006	-0.96501	11.2803	185.737	21.2634
ASP_16	-4.91161	3.88385	4.87661	-0.11204	0.03738	0.31763	2.20091	6.18301	0.03936	0.33268	-1.5193	0.0607	0	0	0	0	0	0	-0.04451	6.07021	1.3859	0	4.68431	0.79847	0	0	-1.6204	-0.12353	22.5396	135.057	49.9428
MET_17	-8.16062	1.63815	3.21354	-0.44146	1.65275	0.04861	3.21291	5.8881	0.0035	0.01134	-2.99344	-0.01463	0	0	0	0	0	0	0.14222	5.95607	3.97688	1.97919	0	-0.00656	0	0	1.4633	0.26171	17.8316	262	0
ALA_18	-3.56316	0.47471	3.40422	-0.02126	0	0	2.86427	5.03033	0.02605	0.09043	-2.31303	-0.4106	0	0	0	0	0	0	0.02298	0	0	0	0	-0.74505	0	0	2.2619	0.11345	7.23524	134.852	18.1483
ILE_19	-7.50833	1.79203	2.04306	-0.46272	1.25331	0.08624	1.80715	5.13594	0	0	-1.61356	0.29761	0	0	0	0	0	0	1.30839	2.4482	1.68816	0.76004	0	-1.05187	0	0	1.8006	-0.53185	9.25241	206.488	0.512343
VAL_20	-5.04873	0.63494	3.20903	-0.26289	0.26437	0.05432	2.61564	5.18506	0.02455	0.07946	-3.07814	-0.18176	0	0	0	0	0	0	-0.03288	0.39298	0.00049	0.39249	0	-1.31044	0	0	2.7371	-1.03665	4.63894	133.119	48.8807
ARG_21	-5.82736	0.94134	5.78655	-0.61638	0.24959	0.36571	3.76018	6.9198	0.0361	0.17924	-5.90989	0.13309	0	0	0	0	-1.66412	0	0.40363	5.06193	2.14684	2.91509	0	-0.20789	0	0	-0.1423	-0.67819	13.853	204.172	60.8278
LYS_22	-0.60676	0.04198	0.58368	-0.31406	0.04725	0.15259	0.04151	0.65446	0	0	-0.20899	0.06929	0	0	0	0	0	0	17.266	13.3239	10.664	2.65999	0	-0.13019	0	0	-0.8895	0.31845	43.6736	3.64598	248.354
ASP_23	-2.36861	0.37633	3.799	-0.18604	0.00311	0.57416	1.66108	4.40628	0.03672	0.18178	-0.3314	-0.57347	0	0	0	-0.1932	0	0	0.77901	4.93325	0.04142	0	4.89183	1.03988	0	0	-1.6204	4.07588	21.5266	58.6052	126.395
GLY_24	-4.01089	0.94566	4.10649	-5e-05	0	0	1.41228	5.50298	0.02718	0.08464	-1.04158	-0.40559	0	0	0	-0.41629	0	0	0.04895	0	0	0	0	0.26842	0	0	1.435	4.83125	12.7885	164	0
ASN_25	-4.64946	1.66406	4.84817	-0.16269	0.01031	0.26498	2.71953	6.15465	0.03478	0.35549	-2.91845	-0.0573	0	0	0	-0.9817	0	0	-0.07692	4.58403	0.08974	0	4.49428	0.67494	0	0	-0.3009	1.27343	18.021	115.432	68.5681
PHE_26	-9.15057	0.99865	3.07501	-0.82096	0.13086	0.43392	2.76309	6.74325	0.02718	0.08464	-2.72768	-0.16776	0	0	0	0	0	0	0.08874	2.17402	0.14332	0	2.0307	-0.43439	0	0	1.9602	1.27391	8.62611	232.035	4.96542
VAL_27	-6.72237	5.03788	3.2064	-0.2524	0.38397	0.04779	3.32623	6.25512	0	0	-2.47734	0.01022	0	0	0	0	0	0	0.07051	1.61408	0.24977	1.36432	0	-0.67782	0	0	2.7371	1.04153	15.215	154.839	27.1612
ILE_28	-8.45425	1.76206	2.89334	-0.46777	0.69201	0.10338	3.76904	6.63925	0.02629	0.16251	-3.66431	0.01911	0	0	0	0	0	0	0.28862	1.98313	1.41649	0.56665	0	-1.28677	0	0	1.8006	-0.7883	7.46107	207	0
THR_29	-7.25708	1.12514	5.2808	-0.11527	0.06128	0.07631	3.67789	8.18948	0.00281	0.04912	-2.56819	-0.74944	0	0	0	0	0	0	3.32812	0.1201	0.0016	0.1185	0	-0.90397	0	5.0009	-0.9333	-0.97438	13.5304	165.162	8.83807
ASP_30	-6.57998	0.93187	9.33364	-0.23991	0.22094	0.86831	5.16856	10.8019	0.00132	0.03815	-5.51401	-0.55542	0	0	0	-0.47582	-0.94465	0	-0.07854	2.31096	0.18549	0	2.12547	-0.72747	0	0	-1.6204	-0.08508	15.1653	158.685	26.3152
VAL_31	-3.08542	3.42613	2.52909	-0.24785	0.10703	0.04441	0.83645	3.75559	0.00496	0.05245	0.21524	0.27999	0	0	0	0	0	0	0.29739	7.37157	6.27785	1.09372	0	0.49639	0	0	2.7371	0.666	26.8581	79.7457	102.254
ASN_32	-3.02965	0.52095	3.41895	-0.21399	0.22502	0.35243	1.56374	4.37478	0	0	-0.76248	-0.65445	0	0	0	0	0	0	-0.02375	5.11414	0.1541	0	4.96004	-0.7116	0	0	-0.3009	-0.46209	14.5253	58.8631	125.137
GLY_33	-2.52373	0.32005	3.01839	-5e-05	0	0	1.18302	3.95217	0	0	-1.44392	-0.37401	0	0	0	0	0	0	-0.05515	0	0	0	0	-2.42511	0	0	1.435	-1.81547	1.2712	121.944	42.0563
ASN_34	-4.45876	0.77415	6.469	-0.19416	0.01158	0.29015	3.20533	7.44363	0.02629	0.16251	-3.07565	-0.39427	0	0	0	-0.47582	-0.94465	0	-0.11242	3.57122	0.32822	0	3.24299	-0.00711	0	0	-0.3009	-1.19356	14.3678	94.2623	89.7377
LEU_35	-5.69536	5.93529	1.49754	-0.66971	2.06549	0.25874	0.42134	4.20172	0	0	0.16856	0.15827	0	0	0	0	0	0	2.04338	2.49841	0.1367	2.3617	0	-0.27124	0	0	1.3223	-0.40748	16.0257	151.747	58.2526
LEU_36	-7.33732	0.97889	2.83307	-0.48276	0.75438	0.10827	1.86211	5.78443	0	0	-0.67293	0.16242	0	0	0	0	0	0	0.45942	1.17287	0.27419	0.89868	0	-0.35041	0	0	1.3223	1.01853	8.78615	170.438	39.5618
PHE_37	-10.3569	1.94662	2.48586	-0.6363	0.09641	0.38995	3.19712	6.99217	0	0	-2.45524	0.27379	0	0	0	0	0	0	3.21338	3.70722	0.10576	0	3.60147	-0.22581	0	0	1.9602	1.17139	15.4671	236.23	0.76969
LYS_38	-5.66189	8.74656	4.06294	-0.30246	0.11741	0.13345	2.9113	5.66488	0.00805	0.02685	-2.45677	-0.02314	0	0	0	0	0	0	-0.0758	13.8531	10.8157	3.03737	0	0.19134	0	0	-0.8895	-0.28061	39.8788	158.249	93.7512
VAL_39	-7.86307	2.21047	2.33866	-0.28439	0.3895	0.06141	3.3784	6.12637	0	0	-2.16046	-0.25386	0	0	0	0	0	0	0.01721	0.30061	0.00019	0.30042	0	-1.17817	0	0	2.7371	-0.70221	5.41818	181.392	0.60815
LYS_40	-7.64491	4.31318	6.35793	-0.59201	0.51077	0.61268	4.0294	7.95858	0.00805	0.02685	-1.98696	0.20695	0	0	0	0	0	0	1.04848	7.03324	3.46102	3.57222	0	0.22387	0	0	-0.8895	-0.30331	27.9465	182.197	69.8029
GLU_41	-5.75838	0.87866	6.91605	-0.20436	0.02797	0.30257	2.73743	7.37565	0.03415	0.35296	-0.37399	-0.49071	0.19034	0	0	-0.7885	0	0	0.80821	5.85411	1.29077	0	4.56334	0.24737	0	0	-1.6358	2.86322	25.1911	197.838	25.1623
PRO_42	-4.54905	1.4198	2.50335	-0.08737	0.00098	0.05434	0.99217	2.56432	1e-05	2e-05	0.62528	0.72355	0.25663	0	0	0	0	0	-0.10808	0.47735	0.01429	0.46305	0	0.51631	0	0	-4.6787	2.78133	3.96957	150.17	48.8297
VAL_43	-3.74873	1.92157	2.15892	-0.25879	0.25195	0.05307	1.31709	3.44393	0	0	-0.07549	-0.19017	0	0	0	0	0	0	-0.15342	0.40577	0.00056	0.40521	0	-1.26958	0	0	2.7371	-0.30731	6.69168	110.955	71.0448
PHE_44	-1.89378	0.59776	1.77308	-0.70454	0.38523	0.05688	0.62051	2.56261	1e-05	2e-05	0.32938	-0.27425	0	0	0	0	0	0	-0.12845	4.43829	0.45138	0	3.98691	0.18518	0	0	1.9602	-0.88727	13.4592	35.272	201.728
GLY_45	-1.83469	0.60419	1.45573	-4e-05	0	0	0.40871	2.35086	0	0	-0.16384	-0.38448	0	0	0	0	0	0	2.0728	0	0	0	0	-1.86993	0	0	1.435	-0.57844	3.49586	114.838	49.1623
LEU_46	-4.15478	2.19671	3.73582	-0.4632	0.32007	0.10616	2.10707	5.0347	0	0	0.36812	-0.02338	0	0	0	0	0	0	1.14674	1.75221	0.64257	1.10964	0	-0.16354	0	0	1.3223	-0.17844	14.8588	116.108	93.8922
HIS_47	-2.98642	0.25826	3.89202	-0.42797	0.03654	0.53544	1.38259	4.67291	0	0	1.43486	0.00693	0	0	0	0	0	0	0.69228	1.96767	0.00767	0	1.96	-0.71336	0	0	0.8406	-0.11132	13.4487	111.294	129.706
ASP_48	-3.78126	0.32127	5.41823	-0.22349	0.01296	0.74837	2.91989	5.73145	0	0	-3.10651	-2.40834	0	0	0	0	0	0	1.68399	5.01824	0.03158	0	4.98665	-0.34622	0	0	-1.6204	-0.6442	14.7422	141.586	43.4144
LYS_49	-5.62518	6.63895	5.18052	-0.35059	0.09116	0.15716	1.70643	5.31385	0	0	-1.37947	0.12024	0	0	0	0	0	0	1.04497	5.82804	2.74391	3.08413	0	-0.02262	0	0	-0.8895	-0.65334	22.9887	206.116	45.8843
ARG_50	-10.0652	2.62775	8.29196	-1.1156	2.08075	0.68682	4.61628	10.2927	0.08153	0.63853	-3.50589	0.55975	0	0	0	-0.41629	0	0	0.48496	6.36056	1.68978	4.67078	0	-0.38839	0	0	-0.1423	-0.45555	26.9929	250.824	14.1761
VAL_51	-7.6852	2.00177	3.66411	-0.34729	0.39488	0.08241	3.85621	6.95989	0.00483	0.0151	-2.20941	0.10222	0	0	0	0	0	0	1.02432	1.10708	0.13203	0.97505	0	-0.96365	0	0	2.7371	-0.67012	11.1813	178.414	3.5864
LEU_52	-8.62085	3.06137	1.62376	-0.56326	2.33277	0.13976	3.26091	6.12445	8e-05	0.00042	-3.33423	0.02745	0	0	0	0	0	0	-0.02697	3.80601	0.77804	3.02797	0	-0.57921	0	0	1.3223	-0.356	12.0248	210	0
LEU_53	-8.48391	4.0312	4.33143	-0.50118	0.64469	0.11261	3.04793	7.44707	0.00483	0.0151	-2.45357	0.13962	0	0	0	0	0	0	0.81588	1.56896	0.77032	0.79864	0	-0.56372	0	0	1.3223	-0.49109	12.5571	200.518	9.48188
ASP_54	-5.68222	0.6007	8.34342	-0.22619	0.17324	0.77741	4.76298	9.73644	0.02537	0.315	-5.37308	-0.84717	0	0	0	-0.4957	-0.18068	0	-0.07618	2.18361	0.11137	0	2.07224	-0.77448	0	0	-1.6204	-0.1788	13.6469	138.349	46.6512
GLY_55	-1.47636	0.59284	1.73926	-4e-05	0	0	0.65172	2.3977	0	0	0.54793	-0.38915	0	0	0	0	0	0	-0.17484	0	0	0	0	0.70412	0	0	1.435	0.85447	6.88265	97.6179	66.3821
SER_56	-2.28796	0.39218	3.94351	-0.04471	0.04562	0.0607	2.47921	4.33939	0	0	-0.78692	0.00254	0	0	0	-0.20219	-0.18068	0	-0.02456	1.07006	0.48087	0.58919	0	-0.37332	0	4.04	-0.539	0.1344	13.1383	65.1901	96.8099
GLY_57	-2.67509	0.21849	2.5961	-6e-05	0	0	1.34198	3.55226	0	0	-1.27677	-0.38758	0	0	0	0	0	0	-0.23044	0	0	0	0	-2.46032	0	0	1.435	-1.4147	0.69886	129.08	34.9201
THR_58	-4.52844	0.86453	5.70108	-0.16522	0.14973	0.06119	3.20062	6.77953	8e-05	0.00042	-1.61963	-0.54671	0.55685	0	0	-0.29352	0	0	0.25166	0.60526	0.50378	0.10148	0	-0.02101	0	5.04582	-0.9333	1.62578	17.34	99.8524	74.1476
PRO_59	-5.09314	2.35054	1.2626	-0.12726	0.01869	0.09009	0.59026	2.86002	0	0	-0.46161	0.21592	0.62955	0	0	0	0	0	-0.13258	0.61025	0.31283	0.29742	0	-1.01132	0	0	-4.6787	2.09295	-0.17349	153.562	45.4376
VAL_60	-6.51252	1.05345	2.31643	-0.28254	0.28547	0.06016	2.74415	5.93307	0.07082	0.31702	-2.37174	-0.26253	0	0	0	0	0	0	1.99143	0.42461	0.24296	0.18165	0	-0.86024	0	0	2.7371	0.23194	8.30068	165.159	16.8407
VAL_61	-7.57415	1.26204	2.45284	-0.29462	0.25998	0.06341	3.43453	6.53274	0.07082	0.31702	-1.93986	-0.48353	0	0	0	0	0	0	0.23295	0.52772	0.15511	0.37261	0	-0.06484	0	0	2.7371	0.53701	8.59888	182	0
THR_62	-7.02216	0.89031	5.56284	-0.16912	0.18123	0.05965	4.07124	8.06426	0	0	-2.56677	-0.48786	0	0	0	0	0	0	0.15976	0.57006	0.33325	0.23681	0	-0.30321	0	5.08954	-0.9333	-0.14905	13.5875	171.247	2.75333
LEU_63	-7.68055	4.43791	2.25249	-0.54581	2.27361	0.14554	3.22145	5.75596	0	0	-2.4023	0.01769	0	0	0	0	0	0	-0.03777	3.12174	0.53468	2.58707	0	-0.53453	0	0	1.3223	-0.2603	14.2092	208.975	1.02469
ARG_64	-6.30679	0.71349	5.61945	-0.67938	0.18283	0.45881	3.23	6.48432	0.01619	0.05971	-2.92498	0.49008	0	0	0	0	0	0	1.29006	4.22327	1.07612	3.14715	0	-0.04265	0	0	-0.1423	-0.35381	16.5416	197.828	67.1718
GLU_65	-4.24359	3.2004	5.07893	-0.24539	0.09177	0.34664	2.97666	5.4939	0	0	-0.1172	-0.48228	0	0	0	0	0	0	61.3085	5.37582	1.23106	0	4.14476	0.52156	0	0	-1.6358	0.99363	84.0394	131.036	91.9644
ASP_66	-2.92699	0.31729	2.41283	-0.23685	0.02912	0.82771	1.46048	3.12401	0.03322	0.257	-1.17303	-0.19522	0	0	0	0	0	0	0.09972	5.3739	1.92653	0	3.44737	-0.35795	0	0	-1.6204	8.82886	21.6276	65.5636	119.436
ARG_67	-4.47988	0.54881	3.52888	-0.74868	0.40953	0.43234	1.14642	4.75087	0	0	-0.46383	0.16535	0	0	0	0	0	0	-0.10147	7.62925	3.75093	3.87832	0	-0.21832	0	0	-0.1423	8.55401	28.6402	149.603	115.397
TRP_68	-11.2891	4.30968	4.84674	-0.97026	0.47125	0.71034	4.21264	8.99044	0	0	-4.12625	-0.17781	0	0	0	0	-0.5606	0	2.16847	2.9956	0.02043	0	2.97516	-0.09911	0	0	3.7077	0.70836	18.8936	265.799	4.20062
GLN_69	-7.05294	1.16052	4.85625	-0.24584	0.05269	0.16532	3.82097	7.08739	0.01462	0.13661	-3.74815	-0.54338	0	0	0	0	-1.22403	0	1.16514	4.37609	0.65652	0	3.71958	0.06031	0	0	-0.1077	-0.38993	13.96	190.977	26.0232
VAL_70	-8.29796	4.27396	2.58896	-0.25874	0.20832	0.05283	3.55332	6.86515	0.02543	0.1549	-3.15112	-0.3401	0	0	0	0	0	0	1.1315	0.41253	0.03127	0.38126	0	-1.20389	0	0	2.7371	-0.57159	8.59313	182	0
PHE_71	-12.7292	1.56998	5.50195	-0.61645	0.14503	0.34927	3.58327	10.4763	0	0	-3.06005	0.20888	0	0	0	0	0	0	0.5538	2.52742	0.09744	0	2.42998	-0.56502	0	0	1.9602	-0.7528	11.68	237	0
ARG_72	-5.8452	1.4833	5.02476	-0.67219	0.49237	0.41939	2.5138	6.09868	0.01965	0.32987	-2.68078	0.53174	0	0	0	0	0	0	1.53946	5.22215	1.60615	3.616	0	0.00889	0	0	-0.1423	-0.77086	18.7949	137.029	127.971
GLY_73	-3.85021	0.44887	4.30803	-0.0002	0	0	2.30703	5.87065	0	0	-0.83114	-0.24923	0	0	0	0	0	0	-0.25754	0	0	0	0	-2.30937	0	0	1.435	-0.04172	6.83017	139.396	24.6044
GLY_74	-1.59768	0.27213	1.6939	-8e-05	0	0	0.34309	2.08739	0	0	-0.11479	-0.39414	0	0	0	0	0	0	0.34623	0	0	0	0	0.6287	0	0	1.435	1.74196	6.4417	110.969	53.0305
SER_75	-4.32649	0.89903	5.36243	-0.03313	0.00488	0.03841	3.31942	6.06905	0.0309	0.21618	0.4332	-0.03835	0	0	0	0	0	0	4.00897	3.05829	0.32082	2.73747	0	-0.15779	0	4.04	-0.539	1.39316	26.8374	133.63	28.3705
THR_76	-4.58777	6.28821	2.27629	-0.12166	0.06763	0.07463	0.81371	3.81377	0	0	-0.62498	0.12745	0	0	0	0	0	0	-0.03606	0.34184	0.26342	0.07842	0	-0.66442	0	5.03441	-0.9333	0.53439	12.746	148.123	25.8774
ASP_77	-4.24148	0.55429	5.6303	-0.10622	0.00784	0.30868	2.58745	6.467	0.12309	0.91233	-1.29175	-0.12998	0	0	0	0	0	0	0.54461	3.11605	0.32093	0	2.79512	0.29978	0	0	-1.6204	0.33301	16.6106	113.471	71.5291
GLN_78	-3.50029	0.69077	3.41044	-0.65968	0.14176	0.6781	1.7976	4.48523	0.03698	0.27761	-0.54285	-0.27654	0	0	0	0	-0.81947	0	-0.09516	5.38593	1.45328	0	3.93264	-0.39346	0	0	-0.1077	-0.22736	15.6678	110.3	106.7
ARG_79	-2.50436	0.49459	3.18125	-0.57491	0.21604	0.33911	0.68377	3.42994	0.04338	0.59464	0.12381	0.57576	0	0	0	0	0	0	-0.17725	3.36367	0.47923	2.88444	0	-0.21352	0	0	-0.1423	-0.11558	12.6817	38.4992	226.501
ASP_80	-6.70178	1.32998	7.73328	-0.12763	0.07581	0.40195	4.20346	8.34507	0.10493	0.69652	-2.57011	-0.22259	0	0	0	0	0	0	-0.09705	3.30958	0.01617	0	3.29341	-0.70389	0	0	-1.6204	-0.82459	16.6421	156.987	28.0129
LEU_81	-7.18997	0.94371	3.1942	-0.58321	0.57117	0.14422	1.71756	6.33901	0.00617	0.08129	-1.0508	0.37469	0	0	0	0	0	0	-0.015	0.59617	0.06285	0.53332	0	-0.28884	0	0	1.3223	-0.75122	6.0076	167.31	42.6904
LEU_82	-8.16251	2.33063	3.45378	-0.50418	1.28089	0.12478	2.76746	6.79157	0.03881	0.22593	-2.00243	0.18583	0	0	0	0	0	0	0.31854	2.47721	1.73561	0.7416	0	-0.41259	0	0	1.3223	0.7192	13.4324	195.236	14.7636
TYR_83	-10.7921	4.12114	2.98645	-0.88271	0.17575	0.57001	3.44607	7.53084	0.03881	0.22593	-1.50208	-0.32649	0	0	0	0	0	0	0.02769	4.33681	1.98771	0	2.3491	-0.4559	0	0	1.7379	1.5516	17.1265	248	0
THR_84	-6.38173	1.07151	4.72586	-0.16027	0.17233	0.05567	3.66408	7.03679	0	0	-3.23906	-0.51671	0	0	0	0	-0.40456	0	0.31967	0.74157	0.00292	0.73865	0	-0.33399	0	5.02091	-0.9333	0.75122	12.3316	164.428	9.5721
VAL_85	-7.5467	1.8894	1.5195	-0.26518	0.28946	0.05405	2.88651	5.71827	0	0	-2.59235	-0.26519	0	0	0	0	0	0	-0.16449	0.45128	0.03817	0.41311	0	-1.3096	0	0	2.7371	-0.47454	3.37881	182	0
LYS_86	-6.33352	40.0672	6.23609	-0.30621	0.05368	0.16314	4.36926	7.11685	0	0	-1.18799	-0.19963	0	0	0	0	0	0	-0.03328	3.5553	0.6512	2.90411	0	0.26756	0	0	-0.8895	-0.65439	55.7799	203.381	48.6189
ARG_87	-4.74851	1.17542	2.33641	-0.49071	0.24067	0.25609	1.37688	3.60002	0.03322	0.257	-0.96779	0.65171	0	0	0	0	0	0	108.254	8.69716	6.21768	2.47947	0	0.13521	0	0	-0.1423	0.23224	129.594	107.16	157.84
THR_88	-2.16312	0.3747	2.25806	-0.11392	0.15747	0.04743	0.94405	2.47407	0.03768	0.34661	0.6235	-0.17565	0	0	0	0	0	0	-0.00697	8.07693	5.05734	3.01959	0	-0.03855	0	4.98827	-0.9333	3.01072	27.9849	46.67	127.33
LYS_89	-5.07804	5.98734	4.07956	-0.46643	0.08722	0.31799	2.61382	4.62549	0	0	-0.45946	0.27737	0	0	0	0	0	0	0.05698	6.22484	2.66042	3.56443	0	-0.12761	0	0	-0.8895	3.59264	27.0671	205.021	46.9787
LEU_90	-7.63098	1.63812	2.2447	-0.43422	0.2571	0.085	2.86744	5.67391	0	0	-1.46586	0.00715	0	0	0	0	0	0	0.55851	1.5277	0.46857	1.05914	0	0.07454	0	0	1.3223	1.14815	9.40128	210	0
ASP_91	-5.38431	0.69297	4.82045	-0.11194	0.04077	0.33059	3.10719	6.19405	0.01405	0.05323	-3.07042	-0.11841	0	0	0	0	0	0	-0.0389	3.27809	0.03267	0	3.24542	1.66547	0	0	-1.6204	0.47078	13.6014	139.512	45.4877
VAL_92	-8.17297	1.76398	2.88777	-0.28139	0.4329	0.05995	3.42396	6.9801	0	0	-3.70806	-0.2464	0	0	0	0	0	0	-0.09135	0.63236	0.0994	0.53296	0	-1.27232	0	0	2.7371	-0.12942	5.64857	182	0
PHE_93	-10.2312	2.6504	5.23006	-0.66652	0.24255	0.40701	3.69716	8.32574	0.01405	0.05323	-3.30439	0.11071	0	0	0	0	0	0	0.04406	3.27559	0.3674	0	2.90819	-0.2326	0	0	1.9602	-0.3797	14.4719	230.153	6.84746
LEU_94	-6.847	1.78999	4.85143	-0.45546	0.48841	0.07293	2.74762	6.88095	0.11562	0.62293	-2.80203	0.44327	0	0	0	-0.75977	0	0	1.06151	0.98239	0.61992	0.36247	0	0.26564	0	0	1.3223	0.48704	12.2502	168.29	41.7102
GLY_95	-2.40696	0.21468	2.47426	-4e-05	0	0	1.19921	3.48874	0	0	-0.46492	-0.40808	0	0	0	0	0	0	-0.25643	0	0	0	0	0.55846	0	0	1.435	1.58013	7.41405	128.857	35.1428
HIS_96	-2.82419	0.6273	2.82656	-0.80369	0.39994	0.97209	0.52606	3.63786	0	0	-0.49939	-1.31837	0	0	0	0	0	0	-0.15601	4.84977	0.02401	0	4.82576	-0.21594	0	0	0.8406	0.71298	14.4253	88.4787	152.521
ASN_97	-5.54209	0.63962	6.63271	-0.32118	0.15067	0.58846	3.70344	7.97556	0.09933	0.51044	-2.1445	-0.77489	0	0	0	-0.81823	-0.68337	0	-0.05935	2.29526	0.01443	0	2.28083	-0.9908	0	0	-0.3009	-0.62351	12.632	151.01	32.9897
LYS_98	-1.78824	0.13908	2.61298	-0.38888	0.21408	0.21926	0.46798	2.76407	0	0	-0.29093	0.48968	0	0	0	0	0	0	0.11838	9.81077	6.63701	3.17376	0	-0.07123	0	0	-0.8895	-0.38155	22.8367	51.3146	200.685
ASP_99	-2.65986	0.77984	3.55614	-0.07995	0.0025	0.23984	1.30528	3.94565	0	0	-0.46251	0.16517	0	0	0	-0.42459	0	0	0.68954	5.89127	0.37985	0	5.51143	-0.43954	0	0	-1.6204	1.96554	18.7452	90.1968	94.8032
LYS_100	-3.10336	40.9115	2.98676	-0.57045	0.92703	0.40477	1.79193	3.05472	0	0	1.11684	-0.28775	0	0	0	0	0	0	7.96949	28.918	24.7645	4.15349	0	0.5281	0	0	-0.8895	4.23586	116.912	100.88	151.12
ARG_101	-4.08831	1.62906	4.50828	-0.97705	1.6416	0.64557	1.38819	5.39978	0.06304	0.30137	-1.08329	0.35924	0	0	0	-0.39364	0	0	0.96956	31.5452	28.4723	3.0729	0	-0.02847	0	0	-0.1423	1.82302	75.1061	116.119	148.881
CYS_102	-6.30726	1.33346	3.67834	-0.07206	0.01032	0.05949	0.94898	4.82437	0.06236	0.29001	-1.76968	-0.11528	0	0	0	0	0	0	0.01066	3.17266	1.69336	1.4793	0	0.29936	0	0	4.3148	-0.66358	13.2496	143.176	12.8243
ASP_103	-6.01891	0.6121	7.15648	-0.11824	0.00255	0.36033	4.33301	8.41505	0.08913	0.52782	-5.4412	-0.49824	0	0	0	-0.75977	-0.68337	0	2.17039	2.98939	0.07136	0	2.91803	-0.55444	0	0	-1.6204	-0.75517	13.1959	159.295	25.7047
PHE_104	-9.20924	1.65085	2.91247	-0.55877	0.10244	0.30976	3.31971	6.89404	0	0	-2.31832	-0.00166	0	0	0	0	0	0	0.19504	3.04803	0.01493	0	3.0331	-0.64486	0	0	1.9602	-0.4737	10.234	228.409	8.59051
ARG_105	-8.11158	3.89107	8.59874	-0.87378	0.43274	0.65053	4.92829	9.9199	0.00631	0.0405	-4.87685	0.09737	0	0	0	-0.6522	0	0	0.31114	10.374	5.75408	4.61995	0	-0.39797	0	0	-0.1423	-0.54115	34.0288	228.601	36.3991
VAL_106	-7.15823	1.31998	2.75663	-0.25755	0.21843	0.05184	3.4414	6.10875	0.03752	0.34379	-3.60901	-0.19903	0	0	0	0	0	0	0.02058	1.19065	0.77292	0.41772	0	-1.28829	0	0	2.7371	-0.9013	6.0039	182	0
LYS_107	-6.36448	2.54421	5.82196	-0.29386	0.10609	0.13533	3.34031	6.55275	0	0	-1.83498	-0.11368	0	0	0	0	0	0	0.03471	4.85479	2.37101	2.48378	0	0.28735	0	0	-0.8895	0.41179	19.4476	172.312	79.6876
GLY_108	-2.08937	0.14133	1.57419	-0.00043	0	0	0.45736	2.21501	0.0499	0.21076	-0.43227	-0.18003	0	0	0	0	0	0	0.4509	0	0	0	0	-2.50027	0	0	1.435	0.93625	2.26834	127.075	36.9247
SER_109	-5.05762	0.99028	6.07003	-0.04268	0.08666	0.06571	3.54683	7.18789	0	0	-1.45829	0.26804	0	0	0	0	0	0	0.33804	1.8473	1.0601	0.7872	0	0.65762	0	4.04	-0.539	0.25955	20.1077	133.247	28.753
TRP_110	-10.5615	3.44383	4.86997	-1.10133	0.04724	0.49558	2.8732	8.2573	0.04974	0.20794	-0.89961	-0.34555	0	0	0	0	0	0	0.08505	2.62543	0.07249	0	2.55293	-0.52948	0	0	3.7077	0.62993	16.4809	262.327	7.67318
LEU_111	-3.2496	0.35384	2.60105	-0.48632	0.50484	0.127	0.79258	3.5676	0	0	0.65548	0.19854	0	0	0	0	0	0	1.23261	0.64532	0.23074	0.41458	0	-0.48802	0	0	1.3223	0.18076	8.60331	80.3946	129.605
GLU_112	-3.62811	1.03931	4.10847	-0.21041	0.04973	0.307	1.36506	4.55411	0	0	-0.05641	-0.52726	0	0	0	0	0	0	-0.10762	5.57308	0.77421	0	4.79887	-0.16727	0	0	-1.6358	-0.68764	15.5493	84.8392	138.161
ARG_113	-10.6217	3.82531	9.37103	-0.79406	0.6925	0.53283	4.10184	10.4866	0.09489	0.47302	-2.39704	0.22928	0	0	0	0	-0.67111	0	0.45141	6.3672	3.1563	3.21091	0	-0.13964	0	0	-0.1423	0.21408	28.4414	235.493	29.5073
SER_114	-4.37697	0.64194	4.90119	-0.04648	0.04825	0.06338	2.39924	6.10744	0.00119	0.00511	-1.19775	0.31731	0	0	0	0	0	0	-0.07504	0.60091	0.03413	0.56677	0	-0.05939	0	4.04	-0.539	1.06099	14.4932	113.222	48.7784
CYS_115	-7.315	1.39383	4.22344	-0.04526	0.00017	0.01611	1.95384	6.09602	0	0	-2.43834	-0.14958	0	0	0	0	0	0	-0.14551	0.68447	0.04467	0.6398	0	0.37205	0	0	4.3148	0.30513	9.95062	153.085	2.91487
VAL_116	-7.30557	3.34725	3.1349	-0.25777	0.29406	0.05159	3.57941	6.90706	0.00906	0.0307	-2.30013	-0.27306	0	0	0	0	0	0	0.09584	0.55357	0.06089	0.49268	0	-1.10182	0	0	2.7371	-0.28604	9.76974	163.806	18.1941
VAL_117	-7.65325	1.22415	1.85918	-0.25719	0.20049	0.05119	3.22159	6.51579	0	0	-3.34004	-0.12257	0	0	0	0	0	0	-0.1086	2.19834	1.80261	0.39573	0	-1.09662	0	0	2.7371	-0.65781	6.97009	174.822	7.17751
TYR_118	-10.1801	2.36986	5.01266	-0.63001	0.12742	0.34466	3.76385	8.43006	0.00906	0.0307	-2.89261	-0.13289	0	0	0	0	0	0	0.8358	2.50089	0.07124	0	2.42965	-0.58154	0	0	1.7379	-0.90032	12.3462	202.535	45.4651
ALA_119	-5.34606	1.16983	4.37982	-0.02394	5e-05	0	3.47582	7.5147	0.00631	0.0405	-3.27031	-0.26509	0	0	0	0	0	0	1.63205	0	0	0	0	0.40728	0	0	2.2619	-0.84736	11.1355	140.184	12.8156
GLY_120	-3.96428	0.52519	4.75031	-5e-05	0	0	2.4441	6.32103	0	0	-2.32951	-0.38829	0	0	0	-0.6522	0	0	3.17121	0	0	0	0	0.85494	0	0	1.435	0.85726	13.0247	159.135	4.8652
GLU_121	-3.56434	1.36617	5.21046	-0.86113	0.88575	2.25871	1.52357	5.91387	0.07217	0.40397	-0.10205	-3.37635	0	0	0	0	0	0	-0.00584	17.2472	9.35381	0	7.89342	-0.04265	0	0	-1.6358	1.32478	43.8658	117.035	105.965
SER_122	-3.08962	0.65447	4.10867	-0.03779	0.01124	0.04611	1.91514	5.00513	0	0	0.5784	0.27654	0	0	0	0	0	0	0.22089	0.40815	0.11798	0.29017	0	-0.60213	0	4.04	-0.539	2.29481	15.6992	78.3552	83.6448
ASP_123	-4.17518	3.48615	5.8414	-0.16562	0.29567	0.5245	3.14508	6.89708	0	0	-2.39418	-0.57481	0	0	0	0	0	0	-0.10957	13.6463	10.181	0	3.46529	-0.80102	0	0	-1.6204	2.5181	40.1597	108.442	76.5585
ALA_124	-3.60416	0.4797	3.36465	-0.02554	0.00228	0	2.64345	5.41148	0	0	-1.48089	-0.25274	0	0	0	0	0	0	0.25372	0	0	0	0	0.26428	0	0	2.2619	-0.21446	9.10366	96.8831	56.1169
ILE_125	-5.0809	0.68395	0.81246	-0.50487	1.53756	0.10715	0.81963	3.45301	0	0	-0.01868	0.37632	0	0	0	0	0	0	0.31437	1.58668	1.07629	0.51039	0	-0.72082	0	0	1.8006	-1.00592	5.74721	104.827	102.173
VAL_126	-6.94048	1.71152	1.18904	-0.27858	0.23509	0.05102	2.31308	5.53321	0.03586	0.18192	-1.99411	0.02868	0	0	0	0	0	0	0.33763	0.38403	1e-05	0.38402	0	0.03185	0	0	2.7371	-0.17685	5.76403	165.855	16.1447
ALA_127	-5.87793	0.97755	1.88353	-0.02238	0	0	2.85473	5.66566	0.03586	0.18192	-2.01256	-0.40902	0	0	0	0	0	0	0.59279	0	0	0	0	-0.83872	0	0	2.2619	0.36615	5.65949	153	0
GLN_128	-6.8871	2.11419	5.61781	-0.6206	0.57199	0.42034	3.59732	7.8764	0.00119	0.00511	-3.63269	-0.32517	0	0	0	-0.70982	0	0	0.49647	7.01657	2.82117	0	4.1954	-0.11823	0	0	-0.1077	0.70874	23.0414	172.606	44.3939
MET_129	-10.5206	2.06065	4.98282	-0.34736	0.35649	0.0833	2.457	7.02726	0	0	-2.51221	0.28839	0	0	0	-0.70982	0	0	-0.03834	3.22147	1.35478	1.86669	0	-0.09059	0	0	1.4633	-0.07471	10.8686	253.644	8.3558
HIS_130	-6.35359	51.486	7.55712	-0.47229	0.01894	0.65536	3.92025	9.01279	0.00332	0.0274	-2.58481	0.08058	0	0	0	0	0	0	-0.01192	5.80072	2.08501	0	3.71571	-0.30659	0	0	0.8406	-1.09259	74.382	161.072	79.9276
ARG_131	-4.27602	0.81182	3.40368	-0.76005	0.29032	0.45046	0.92741	3.5835	0.01758	0.15271	-1.03314	0.56658	0	0	0	0	0	0	0.68963	4.69725	1.30427	3.39298	0	-0.20099	0	0	-0.1423	-0.83415	13.0415	92.3256	172.674
LYS_132	-4.36333	0.37003	5.26807	-0.79187	0.79822	0.68227	2.49198	5.75601	0.04806	0.28404	-1.85002	0.31662	0	0	0	0	0	0	38.7284	11.0749	0.42618	10.6487	0	0.56149	0	0	-0.8895	2.16238	71.7225	99.2983	152.702
GLY_133	-2.04064	0.31181	2.21699	-5e-05	0	0	1.78399	2.98119	0.01468	0.0449	-1.98196	-0.44569	0	0	0	0	0	0	0.67277	0	0	0	0	-0.56437	0	0	1.435	8.10824	12.5369	86.5683	77.4317
LYS_134	-1.92947	0.24384	1.59473	-0.39191	0.16358	0.16881	0.69432	2.12713	0.00496	0.05245	-0.8284	-0.10578	0	0	0	0	0	0	0.55609	5.51486	1.08022	4.43463	0	0.34883	0	0	-0.8895	5.35469	18.1941	80.7772	171.223
ASP_135	-4.59666	0.9484	5.9287	-0.09379	0.03228	0.25703	3.47338	6.48562	0.01468	0.0449	-4.13761	0.01437	0	0	0	0	-1.28311	0	0.90831	3.92363	0.68249	0	3.24114	0.0738	0	0	-1.6204	-0.30322	13.9939	158.109	26.891
ASN_136	-4.86352	0.48517	4.69795	-0.45006	0.21749	0.95261	2.80728	5.6676	0.14346	0.75779	-2.38971	-1.03347	0	0	0	0	-0.67111	0	0.27784	3.816	0.78644	0	3.02956	-1.13463	0	0	-0.3009	1.30476	14.1005	123.258	60.7417
PHE_137	-9.91711	3.19139	3.28645	-1.03814	0.31467	0.61857	2.06765	6.30967	0	0	-0.74132	-0.14599	0	0	0	0	0	0	2.1911	2.3212	0.39172	0	1.92948	-0.86683	0	0	1.9602	1.63687	13.5096	235.945	1.05495
SER_138	-5.29745	0.73196	5.8226	-0.04188	0.01375	0.06157	3.90086	7.19435	0.00914	0.13608	-2.39311	-0.41969	0	0	0	0	0	0	-0.00828	0.56944	0.07541	0.49403	0	-0.36793	0	4.04	-0.539	0.05847	14.0403	158.573	3.42721
VAL_139	-7.19145	1.27976	2.97192	-0.27376	0.25406	0.06111	3.01048	6.72335	0.00092	0.00507	-2.21409	-0.29815	0	0	0	0	0	0	1.21487	0.35738	0.11681	0.24057	0	-1.17942	0	0	2.7371	-0.45856	7.35797	178.156	3.84375
THR_140	-6.78501	51.9574	5.51974	-0.17855	0.21	0.06535	3.91126	8.16987	0.00315	0.09948	-3.71495	-0.58062	0	0	0	0	0	0	1.70648	0.18303	0.11147	0.07156	0	0.22121	0	5.04502	-0.9333	-0.18514	64.8974	159.332	14.6678
VAL_141	-7.62805	1.46048	2.41897	-0.28298	0.36575	0.06059	3.19779	5.944	0.02404	0.18482	-2.82605	-0.15891	0	0	0	0	0	0	0.45901	0.42482	0.17609	0.24872	0	-0.98871	0	0	2.7371	-0.32054	5.49696	179.436	2.56407
TYR_142	-7.50023	1.73507	3.42401	-0.60949	0.09366	0.28405	2.02654	6.21964	0.05322	0.47569	-1.42338	0.07042	1.04044	0	0	0	0	0	0.70206	3.00519	0.0945	0	2.91069	0.41436	0	0	1.7379	2.3623	17.1167	169.06	78.9403
PRO_143	-5.06398	3.66291	2.44004	-0.12258	0.00236	0.08545	0.65598	2.95033	0	0	-0.24886	0.29164	1.05566	0	0	0	0	0	-0.16258	1.10139	0.88529	0.2161	0	-1.44546	0	0	-4.6787	2.29331	3.91829	128.673	70.3269
ASN_144	-3.86315	0.68909	3.35491	-0.21621	0.1119	0.36194	1.5086	4.67562	0	0	-2.00287	-0.59987	0	0	0	0	0	0	0.48341	4.43506	0.12876	0	4.3063	-0.91842	0	0	-0.3009	-0.2364	11.9178	91.1791	92.8209
VAL_145	-7.11132	1.69266	2.58749	-0.26667	0.24493	0.05233	2.32296	6.15593	0	0	-1.00684	0.05521	0	0	0	0	0	0	0.55994	0.63418	0.22992	0.40426	0	-0.39816	0	0	2.7371	0.20479	9.0987	162.936	19.0643
ASP_146	-9.1714	2.20862	11.0436	-0.22638	0.12206	0.71191	6.89454	12.7836	0	0	-10.1679	-1.07646	0	0	0	-2.68374	0	0	0.01108	3.33405	0.0591	0	3.27494	-1.3298	0	0	-1.6204	-0.0415	14.126	185	0
TYR_147	-8.97946	1.31841	3.66414	-0.79477	0.21767	0.33579	3.43338	7.20019	0	0	-1.76961	-0.52355	0	0	0	0	0	0	1.15643	3.91014	0.17066	0	3.73948	0.09365	0	0	1.7379	-0.03791	14.8725	209.127	38.8726
ALA_148	-5.99645	0.77827	2.88897	-0.02077	0	0	2.78577	6.62996	0	0	-1.39983	-0.35686	0	0	0	0	0	0	0.86138	0	0	0	0	0.13363	0	0	2.2619	-0.01365	8.55232	153	0
PHE_149	-10.8512	2.902	3.43827	-0.87949	0.14536	0.27607	3.46258	8.05497	0	0	-2.21452	-0.14616	0	0	0	-0.62383	0	0	0.11634	4.21923	0.34354	0	3.87569	-0.73286	0	0	1.9602	0.71765	14.0638	237	0
ILE_150	-8.97917	1.17354	2.91341	-0.69434	1.6002	0.16093	2.90699	7.26992	0	0	-2.04727	0.37782	0	0	0	0	0	0	-0.06911	2.22622	1.32856	0.89766	0	-0.27595	0	0	1.8006	0.86286	11.4529	206.488	0.512343
ALA_151	-6.44103	1.44253	3.20373	-0.0216	0	0	3.29963	7.26506	0	0	-2.20971	-0.36144	0	0	0	0	0	0	0.11595	0	0	0	0	-0.42248	0	0	2.2619	-0.02042	8.11212	153	0
SER_152	-6.65678	0.60761	5.98845	-0.03581	0.03126	0.04441	4.19705	8.29473	0	0	-2.4925	-0.2063	0	0	0	0	0	0	0.32828	1.45832	0.84562	0.6127	0	0.33629	0	4.04	-0.539	-0.52218	16.3321	162	0
LEU_153	-8.18111	0.99022	3.3761	-0.51234	1.21538	0.12771	3.30075	7.34729	0	0	-2.04904	0.27728	0	0	0	0	0	0	0.39304	1.50203	0.97406	0.52797	0	-0.43775	0	0	1.3223	-0.24222	9.93166	208.975	1.02469
VAL_154	-6.84304	0.78481	3.49811	-0.30486	0.36005	0.06889	3.16456	6.9503	0	0	-2.485	-0.06409	0	0	0	0	0	0	0.35613	0.36007	0.0898	0.27027	0	-0.17704	0	0	2.7371	0.30377	9.06983	176.362	5.63813
VAL_155	-7.71314	2.46017	3.17192	-0.30408	0.35559	0.06868	2.83267	7.07327	0.04651	0.41461	-1.89892	-0.08686	0	0	0	0	0	0	0.22067	0.18765	0.14241	0.04523	0	-0.44318	0	0	2.7371	0.94025	10.2506	180.975	1.02469
ILE_156	-9.09739	1.82725	3.31351	-0.50804	0.93542	0.10237	3.27932	7.45841	0	0	-2.12604	0.0434	0	0	0	0	0	0	0.21881	0.87168	0.03987	0.83181	0	-0.59759	0	0	1.8006	1.01008	9.40347	206.488	0.512343
LEU_157	-8.74949	6.57923	4.06456	-0.53653	1.42739	0.13218	2.7688	7.40067	0	0	-1.80183	0.26693	0	0	0	0	0	0	0.24783	0.99159	0.33269	0.65889	0	-0.38024	0	0	1.3223	0.6635	15.3885	203.077	6.92251
ASP_158	-6.96725	1.0086	8.63021	-0.25405	0.01104	0.83666	4.51343	10.1144	0.0608	0.45806	-4.97909	-0.14645	0	0	0	0	-0.381	0	-0.11019	4.94742	0.47897	0	4.46845	0.30391	0	0	-1.6204	0.47563	21.8492	183.176	1.82445
ASP_159	-6.02033	1.2437	8.63909	-0.219	0.02842	0.70745	4.10328	9.62804	0	0	-0.15269	0.0165	0	0	0	0	-0.5606	0	-0.07522	5.02641	0.33331	0	4.69311	0.42916	0	0	-1.6204	0.36343	26.5637	166.044	18.9564
VAL_160	-5.44164	1.17629	3.9292	-0.31468	0.61926	0.07315	2.42092	6.28181	4e-05	0.00015	-0.07334	-0.17995	0	0	0	0	0	0	-0.13718	0.53435	0.27127	0.26309	0	-0.33196	0	0	2.7371	0.27138	12.0993	154.689	27.3107
ASN_161	-4.09212	0.71283	3.7994	-0.40908	0.07468	0.80992	1.83088	5.0072	0.01278	0.14723	-1.15983	-0.12229	0	0	0	0	0	0	0.13155	4.03326	9e-05	0	4.03317	0.17614	0	0	-0.3009	0.07999	14.7649	116.825	67.1749
ARG_162	-6.03574	1.42842	8.20917	-1.00405	1.01927	1.08414	3.3129	9.02585	0.00147	0.00848	-0.57614	-0.11932	0	0	0	0	0	0	0	10.3598	5.32577	5.03403	0	0	0	0	-0.1423	-0.01315	36.9186	155.014	109.986