label	fa_atr	fa_rep	fa_sol	fa_intra_atr_xover4	fa_intra_rep_xover4	fa_intra_sol_xover4	lk_ball	lk_ball_iso	lk_ball_bridge	lk_ball_bridge_uncpl	fa_elec	fa_intra_elec	pro_close	hbond_sr_bb	hbond_lr_bb	hbond_bb_sc	hbond_sc	dslf_fa13	omega	fa_dun	fa_dun_dev	fa_dun_rot	fa_dun_semi	p_aa_pp	yhh_planarity	hxl_tors	ref	rama_prepro	total	BSA	SASA
GLU_1	-2.66176	0.98571	3.20947	-0.40387	0.14102	0.79282	1.62477	4.15357	0.1087	0.44598	-0.84934	-0.28472	0	0	0	0	0	0	-0.00504	3.78391	0	0	3.78391	0	0	0	-1.6358	0	13.1893	71.655	151.345
LYS_2	-4.42205	1.71473	3.13524	-0.39157	0.14866	0.26577	1.79133	4.31117	0.03805	0.16001	-0.93042	-0.0114	0	0	0	0	0	0	-0.09464	2.50257	0	2.50257	0	-0.00846	0	0	-0.8895	0.55807	10.3801	143.038	108.962
GLY_3	-2.33328	0.46671	1.91586	-5e-05	0	0	0.29523	3.05916	0	0	-0.06352	-0.41726	0	0	0	0	0	0	-0.25763	0	0	0	0	-2.18221	0	0	1.435	-0.03386	1.88415	116.641	47.359
PHE_4	-8.97482	1.92777	3.57606	-0.55478	0.05549	0.26613	2.31412	7.48741	0	0	-1.21727	0.37994	0	0	0	0	0	0	-0.04282	2.36252	0.0381	0	2.32442	0.3476	0	0	1.9602	0.99341	13.2435	225.702	11.2977
GLU_5	-5.82537	1.96554	8.8617	-0.35471	0.1388	0.45433	4.60606	9.32172	0.06325	0.34588	-4.89801	-0.49659	0	0	0	-0.64682	-0.63803	0	-0.12095	6.3197	0.62571	0	5.694	-0.02684	0	0	-1.6358	1.19881	24.9524	205.927	17.0727
ALA_6	-1.26138	0.36574	1.51629	-0.02517	0.00061	0	0.35832	1.80736	5e-05	0.00053	-0.0151	-0.26847	0	0	0	0	0	0	-0.08008	0	0	0	0	0.32134	0	0	2.2619	-0.9448	4.03715	73.9032	79.0968
GLY_7	-1.77216	0.14845	2.04479	-0.00106	0	0	0.74535	2.61229	0.06053	0.40792	0.09234	-0.26787	0	0	0	0	0	0	-0.08208	0	0	0	0	-2.50757	0	0	1.435	0.36615	3.28209	121.281	42.7195
ASP_8	-2.35907	0.23828	2.54716	-0.1915	0.11082	0.66216	0.68844	2.94024	0.00371	0.08143	-0.24992	-2.44292	0	0	0	0	0	0	-0.11513	15.2313	10.7587	0	4.47253	-0.38275	0	0	-1.6204	1.09713	31.4702	76.331	108.669
ASN_9	-5.13932	0.46275	6.19765	-0.25732	0.1217	0.43736	4.24765	7.87937	0.00371	0.08143	-1.37872	-0.79904	0	0	0	-2.23117	0	0	-0.0441	2.84139	0.14106	0	2.70033	-0.70212	0	0	-0.3009	0.99882	15.2605	127.658	56.3425
LYS_10	-2.44786	0.09898	2.55492	-0.50203	0.53015	0.29874	0.80413	3.06038	0	0	0.57915	0.03613	0	0	0	0	0	0	-0.06311	4.72642	0.85016	3.87627	0	-0.25044	0	0	-0.8895	0.38521	13.6477	61.9371	190.063
LEU_11	-3.45529	0.19131	2.78221	-0.50976	0.66124	0.13212	1.21437	3.78211	0	0	-0.90093	0.19599	0	0	0	-0.36474	0	0	-0.00344	1.11518	0.68229	0.43288	0	-0.45583	0	0	1.3223	-0.56787	6.25416	82.2209	127.779
GLY_12	-3.80762	0.23843	3.8621	-0.00112	0	0	1.57468	5.4135	0.14243	0.8985	-0.27708	-0.30846	0	0	0	0	0	0	-0.31921	0	0	0	0	-2.42513	0	0	1.435	1.50715	7.93315	156.315	7.68515
GLY_13	-3.27509	0.41479	4.30321	-0.00033	0	0	1.7287	5.61317	0.00351	0.01969	-1.20831	-0.1697	0	0	0	0	0	0	-0.13062	0	0	0	0	-2.48155	0	0	1.435	1.68843	7.94089	154.074	9.92614
ALA_14	-4.38072	1.48932	3.13195	-0.02175	0	0	1.34513	5.10446	0.08805	0.53681	0.02435	-0.16686	0	0	0	0	0	0	0.10903	0	0	0	0	-0.31749	0	0	2.2619	-0.29346	8.91071	146.856	6.14448
LEU_15	-6.61744	1.47059	1.44784	-0.57867	3.26702	0.12523	1.73362	4.55442	0.02622	0.09941	-1.01138	0.43937	0	0	0	0	0	0	-0.00755	2.15391	1.65121	0.5027	0	0.03762	0	0	1.3223	0.63073	11.2471	205.263	4.73736
ASN_16	-8.7869	1.1117	8.90164	-0.35655	0.2579	0.72623	5.00209	11.6148	0.05421	0.34676	-2.59751	-0.43441	0	0	0	-0.58638	0	0	0.21517	3.03256	0.07648	0	2.95608	0.68706	0	0	-0.3009	1.19311	23.1131	180.36	3.63997
ALA_17	-4.48811	0.87271	3.12246	-0.02269	0	0	1.8077	5.07379	0.09653	0.49953	-0.1883	-0.3578	0	0	0	0	0	0	-0.07461	0	0	0	0	-0.66066	0	0	2.2619	0.23858	8.18104	141.981	11.0189
LYS_18	-4.25041	0.51033	4.02827	-0.55181	0.86417	0.34595	1.49599	4.74391	0.04411	0.42457	-0.82231	0.18938	0	0	0	0	0	0	-0.05415	2.95019	0	2.95019	0	-0.09417	0	0	-0.8895	-0.42953	11.4552	140.623	111.377
HIS_19	-8.76389	1.45217	8.04542	-0.4453	0.19215	0.43583	4.74433	11.0552	0.01917	0.07911	-3.08494	-0.55003	0	0	0	-0.23344	0	0	-0.0969	3.63125	0.24277	0	3.38848	0.18129	0	0	0.8406	-0.5588	20.5745	216.172	24.8283
VAL_20	-7.39068	2.31896	1.64753	-0.31983	0.46906	0.07362	2.12439	5.51394	0.06909	0.46818	-0.71211	-0.32292	0	0	0	0	0	0	-0.10778	0.54443	0.41274	0.13169	0	0.23342	0	0	2.7371	0.24554	8.13636	180.271	1.72864
GLU_21	-2.88658	0.25962	3.87892	-0.33533	0.10331	0.39655	1.63665	4.54105	0.04356	0.41235	-0.29728	-0.7041	0	0	0	0	0	0	-0.13126	5.59316	0	0	5.59316	-0.59528	0	0	-1.6358	-0.10197	15.7707	109.914	113.086
LYS_22	-3.69946	0.68365	2.98587	-0.60367	0.27056	0.31123	1.08658	3.62574	0.03772	0.20987	0.03307	0.21767	0	0	0	0	0	0	-0.11547	4.3023	0.75298	3.54932	0	-0.02732	0	0	-0.8895	-0.48223	12.2489	89.867	162.133
TYR_23	-9.27578	2.52404	4.04882	-0.62985	0.11539	0.38292	3.24143	7.01068	0.03189	0.17217	-3.2286	-0.23253	0	0	0	0	-0.74371	0	-0.03639	3.0157	0.2341	0	2.78161	-0.2397	0	0	1.7379	1.6908	12.6009	240.217	7.783
GLY_24	-1.67152	0.41727	2.59219	-0.00015	0	0	1.02885	3.28016	0.08964	0.64594	0.59072	-0.24584	0	0	0	0	0	0	-0.05738	0	0	0	0	-2.07589	0	0	1.435	3.49725	9.52624	112.126	51.8744
ASP_25	-1.66858	0.25812	2.4417	-0.28265	0.07702	1.01357	0.65179	2.91777	0	0	0.47155	0.86729	0	0	0	0	0	0	-0.12281	6.86869	0.14144	0	6.72725	-0.86225	0	0	-1.6204	1.61406	19.4935	65.0472	119.953
ASN_26	-7.15082	0.89454	5.62662	-0.17443	0.04358	0.29056	3.69956	7.89531	0.13725	0.72481	-2.87127	-0.26879	0	0	0	0	-0.72022	0	-0.10967	3.71933	0.1731	0	3.54623	0.05429	0	0	-0.3009	-0.11928	15.0898	168.511	15.4892
PHE_27	-9.67044	3.67252	0.75697	-0.58085	0.26499	0.30181	1.0099	4.8209	0.01971	0.17558	-0.38737	-0.03227	0	0	0	0	0	0	-0.12475	3.1024	0.01587	0	3.08652	-0.18041	0	0	1.9602	-0.11425	8.09702	230.918	6.0815
LYS_28	-6.61801	3.01754	8.69593	-1.34027	12.5491	2.01091	4.62824	9.4759	0.03747	0.12389	-1.14724	-0.62917	0	0	0	0	0	0	0.13125	7.29696	1.88354	5.41342	0	0.03042	0	0	-0.8895	1.11109	45.7815	201.082	50.9185
ASN_29	-3.20994	0.44538	2.84838	-0.25194	0.78975	0.35723	0.85988	3.68549	0	0	0.40196	-0.44823	0	0	0	0	0	0	-0.08325	7.23235	0.11519	0	7.11716	-1.60029	0	0	-0.3009	1.26893	19.2272	66.4642	117.536
GLY_30	-3.9851	0.61117	3.43144	-5e-05	0	0	1.88963	5.2205	0	0	-1.96269	-0.40091	0	0	0	0	0	0	-0.40209	0	0	0	0	-2.34688	0	0	1.435	-0.89571	2.5943	154.17	9.83033
MET_31	-7.35529	2.63818	6.98401	-0.36491	0.29782	0.10006	4.35292	8.26482	0.0004	0.00129	-2.51861	-0.06618	0	0	0	0	0	0	0.00937	4.61437	2.58283	2.03154	0	-0.01101	0	0	1.4633	-1.07853	21.9464	222.62	39.3796
HIS_32	-10.0224	8.7594	5.98001	-0.62718	0.20096	0.54165	3.74571	8.78339	0.06217	0.38153	-1.11448	-0.39605	0	0	0	0	0	0	-0.0003	3.10437	0.04683	0	3.05754	-0.4212	0	0	0.8406	-0.05283	22.8697	239.109	1.89136
LYS_33	-3.25165	1.68574	4.25453	-0.44604	0.20385	0.31727	1.88504	4.74919	0.0004	0.00129	-0.74394	-0.23865	0.36191	0	0	0	0	0	0.29909	2.73032	0	2.73032	0	0.23687	0	0	-0.8895	3.00896	16.895	113.813	138.187
PRO_34	-5.7641	1.1892	2.06452	-0.21232	0.05787	0.157	0.25978	2.47519	0.00998	0.03093	-0.20799	0.05254	0.36723	0	0	0	0	0	0.49601	0.88978	0.74354	0.14623	0	0.31269	0	0	-4.6787	4.03366	2.42305	187.828	11.1716
GLU_35	-1.80562	0.11749	1.35497	-0.22708	0.06674	0.37647	0.2785	1.92881	0.03762	0.21939	-0.01634	-0.52533	0	0	0	0	0	0	0.03109	4.21763	0	0	4.21763	0.49482	0	0	-1.6358	1.57584	10.7068	74.9863	148.014
PHE_36	-6.41976	2.61769	0.60638	-0.60241	0.07992	0.32556	0.58738	2.97975	0.00998	0.03093	0.01064	0.19561	0	0	0	0	0	0	-0.08622	3.48494	0.32718	0	3.15776	-0.34857	0	0	1.9602	0.05199	8.96893	208.458	28.5419
HIS_37	-6.62508	4.02739	7.73273	-0.5489	0.28793	0.43064	3.45186	8.7547	0	0	-1.5116	-1.13052	0	0	0	-1.06143	0	0	-0.03626	2.92564	0	0	2.92564	-0.24973	0	0	0.8406	2.20365	22.4173	160.923	80.0766
GLU_38	-2.48145	0.22095	3.54392	-0.45343	0.40607	1.40946	1.46783	4.1459	0.08688	0.49577	0.51668	-2.8114	0	0	0	0	0	0	-0.16073	5.14607	0	0	5.14607	-0.19057	0	0	-1.6358	3.88091	18.7331	68.8923	154.108
ASP_39	-4.23457	3.56494	5.11785	-0.11034	0.02147	0.34547	2.13618	5.51303	0.13336	0.7587	-1.07065	-0.07062	0	0	0	-1.06143	0	0	0.04342	2.66231	0	0	2.66231	0.3653	0	0	-1.6204	2.83869	17.995	116.32	68.6799
GLY_40	-3.66384	2.43977	3.94365	-0.00184	0	0	1.96129	5.28933	0.00059	0.00217	0.07778	-0.3767	0	0	0	0	0	0	-0.21144	0	0	0	0	-2.43981	0	0	1.435	1.80091	10.2568	155.707	8.2933
LEU_41	-7.64409	2.12296	1.55101	-0.56633	1.25666	0.15724	2.08494	5.08966	0.00113	0.01263	-1.09805	-0.05286	0	0	0	0	0	0	-0.03216	4.48662	0.62692	3.8597	0	-0.13011	0	0	1.3223	0.20313	13.2513	204.36	5.64048
HIS_42	-9.21422	7.48569	6.6843	-0.66388	3.75553	0.67257	1.71301	9.44056	1e-05	0.0001	1.17641	-0.6261	0	0	0	0	0	0	-0.05509	8.36067	0.64284	0	7.71783	-0.09678	0	0	0.8406	-0.28913	37.5449	211.313	29.6867
LYS_43	-7.24113	6.54257	7.01664	-0.53043	0.62475	0.31331	2.60433	7.4134	0.00059	0.00217	-0.89631	0.2442	0.19432	0	0	0	0	0	0.12422	2.56364	0	2.56364	0	-0.06759	0	0	-0.8895	2.28727	22.8701	170.919	81.0815
PRO_44	-4.17928	2.2371	2.47429	-0.16857	0.00535	0.1147	1.03943	2.86964	0	0	-0.81128	0.28015	0.23227	0	0	0	0	0	0.04327	1.85001	0.91384	0.93617	0	-1.82456	0	0	-4.6787	2.99809	4.33193	145.051	53.949
MET_45	-7.86559	7.46363	4.15313	-0.47064	0.45827	0.08075	2.98741	5.8944	0	0	-2.13045	-0.19418	0	0	0	0	0	0	0.16263	5.95663	3.63205	2.32458	0	0.19721	0	0	1.4633	1.05293	25.1661	246.163	15.8369
GLU_46	-4.75102	1.44969	3.6364	-0.28953	0.12097	0.33251	0.88469	4.48042	0	0	-0.19906	-0.25265	0	0	0	0	0	0	0.00057	4.30296	0.25475	0	4.04821	0.06675	0	0	-1.6358	0.7293	13.1792	126.053	96.947
VAL_47	-6.59177	8.62594	2.60083	-0.27857	0.31741	0.06058	2.64456	5.85652	0	0	-0.85018	-0.33256	0	0	0	0	0	0	-0.04427	1.14143	0.88481	0.25662	0	-1.14032	0	0	2.7371	-0.10827	15.7799	173.099	8.90145
GLY_48	-1.36615	0.34411	1.54463	-4e-05	0	0	0.61008	2.10518	0.00583	0.0377	0.6156	-0.40627	0	0	0	0	0	0	0.12944	0	0	0	0	1.15112	0	0	1.435	2.49334	8.69956	99.1125	64.8875
GLY_49	-1.81496	0.26441	2.48913	-9e-05	0	0	0.64585	2.99482	0	0	0.22291	-0.36827	0	0	0	0	0	0	-0.03833	0	0	0	0	-2.03766	0	0	1.435	4.51567	8.30848	93.0472	70.9528
LYS_50	-5.21993	0.96867	6.45052	-0.37727	0.09361	0.17625	4.194	7.32702	0	0	-4.75667	0.11679	0	0	0	0	-0.26888	0	-0.04125	2.33045	0	2.33045	0	0.09228	0	0	-0.8895	1.56111	14.0876	126.253	125.747
LYS_51	-4.32236	1.07777	3.35219	-0.32903	0.06649	0.12651	0.59771	3.8486	0	0	-0.09247	0.15632	0	0	0	0	0	0	0.01803	2.77473	0	2.77473	0	0.09768	0	0	-0.8895	-0.46254	8.79484	88.1797	163.82
PHE_52	-10.1127	2.65838	5.03056	-0.57164	0.16373	0.2793	3.41918	7.83465	0	0	-1.75763	-0.02896	0	0	0	0	0	0	-0.06954	3.09424	0.15798	0	2.93626	-0.13987	0	0	1.9602	-0.623	14.2311	223.239	13.7615
GLU_53	-3.46355	0.8318	3.46833	-0.2955	0.03331	0.33439	0.47962	3.93053	1e-05	0.0001	-0.25211	-0.52673	0	0	0	0	0	0	-0.03066	6.39057	1.52485	0	4.86573	-0.33187	0	0	-1.6358	0.00346	15.3265	72.8263	150.174
SER_54	-7.01802	2.92314	7.16378	-0.04128	0.03618	0.06357	4.07325	8.90622	0	0	-1.03106	-0.51114	0	0	0	0	0	0	-0.01312	0.33583	0.28813	0.0477	0	-0.9248	0	4.04	-0.539	0.1087	17.9081	154.217	7.78331
GLY_55	-5.18142	0.88001	4.62604	-5e-05	0	0	3.27967	6.35992	0	0	-2.59972	-0.44178	0	0	0	0	0	0	0.00936	0	0	0	0	0.90598	0	0	1.435	0.2591	9.53212	164	0
PHE_56	-10.3249	1.67298	3.17582	-0.56746	0.1049	0.25531	2.88183	7.60547	0	0	-1.66205	-0.0622	0	0	0	0	0	0	0.04358	3.34749	4e-05	0	3.34745	0.28652	0	0	1.9602	0.47546	12.5404	231.25	5.75008
HIS_57	-8.60104	1.51704	7.96013	-0.42116	0.00073	0.48749	3.32361	10.2408	0	0	-0.80794	-0.83432	0	0	0	0	0	0	0.00691	4.01813	0.01884	0	3.99929	0.16658	0	0	0.8406	-0.13338	21.7823	182.227	58.7732
TYR_58	-11.8289	9.6145	5.03582	-0.8768	0.06069	0.33076	4.67298	8.86073	0	0	-2.2825	-0.29378	0	0	0	0	-0.72022	0	0.07755	3.22285	0.33825	0	2.8846	-0.07696	0	0	1.7379	0.28077	21.0383	248	0
LEU_59	-8.4089	2.65714	4.32652	-0.52504	1.51623	0.12592	3.51146	7.94301	0	0	-1.68619	0.33023	0	0	0	0	0	0	-0.00403	2.41626	1.92646	0.4898	0	-0.41886	0	0	1.3223	0.53609	16.0584	206.156	3.84375
LEU_60	-7.61696	3.35416	3.87409	-0.57675	5.12454	0.15218	2.67851	6.85269	0	0	-1.46726	0.29364	0	0	0	0	0	0	-0.01109	6.9256	6.29106	0.63454	0	-0.38006	0	0	1.3223	0.43977	27.891	167.868	42.1318
GLU_61	-5.39959	1.24659	7.62736	-0.33522	0.11523	0.37516	4.73779	8.58753	0	0	-5.35483	-0.54968	0	0	0	0	-1.01259	0	0.01505	6.84371	0.07389	0	6.76981	-0.56454	0	0	-1.6358	-0.2073	21.3326	169.447	53.5534
CYS_62	-7.64788	1.43548	4.32557	-0.04489	0.00345	0.02093	2.8717	6.76727	0.04774	0.24296	-1.32296	-0.32756	0	0	0	0	0	0	-0.0409	1.14629	0.35666	0.78963	0	0.39943	0	0	4.3148	-0.6099	12.7278	156	0
HIS_63	-9.08104	2.102	7.04806	-0.43055	0.05723	0.45898	3.56495	9.90685	0.07424	0.47384	-1.93789	-0.21523	0	0	0	0	-0.9998	0	-0.06139	7.40514	4.30875	0	3.09639	0.07001	0	0	0.8406	-0.2404	26.4408	237.475	3.52537
GLU_64	-3.72999	0.34519	5.61685	-0.45435	0.13498	0.92254	2.84978	6.18897	0.00338	0.00916	-3.71168	-0.41127	0	0	0	0	-0.24841	0	-0.14073	3.97586	0	0	3.97586	-0.13148	0	0	-1.6358	0.27455	13.8334	130.984	92.016
LEU_65	-6.04394	1.11665	1.82531	-0.45602	0.25593	0.08885	1.9987	4.79012	0.04774	0.24296	-0.33009	0.18118	0	0	0	0	0	0	0.3099	1.85281	0.7297	1.12311	0	-0.57174	0	0	1.3223	0.14714	8.63061	181.297	28.703
GLY_66	-3.55246	0.20642	2.83103	-5e-05	0	0	1.73136	4.43174	0.02957	0.10767	-1.01737	-0.32537	0	0	0	-0.61334	0	0	-0.30975	0	0	0	0	-2.32421	0	0	1.435	-0.6693	1.96093	157.194	6.8064
GLY_67	-3.91198	0.93069	2.98097	-6e-05	0	0	1.31764	4.59693	0.02819	0.27456	-0.17464	-0.33228	0	0	0	0	0	0	-0.2843	0	0	0	0	0.92204	0	0	1.435	-0.01812	7.76464	161.472	2.52781
LYS_68	-8.1573	2.1091	8.97001	-0.42221	0.13763	0.32217	5.04782	10.4526	0.00352	0.01976	-4.30103	0.48918	0	0	0	0	0	0	-0.02219	9.12812	6.06147	3.06665	0	-0.11277	0	0	-0.8895	0.11865	32.0217	208.973	43.0273
ASN_69	-6.97077	0.78499	8.80477	-0.35488	0.18979	0.62559	4.74449	11.1987	0.04019	0.26897	-4.11782	-0.08548	0	0	0	-1.88919	-0.00576	0	0.05903	3.29121	0.98527	0	2.30594	-0.28902	0	0	-0.3009	0.99133	20.2764	151.673	32.3268
ALA_70	-2.5868	0.33909	2.70859	-0.02438	0.00201	0	1.5769	3.85442	0.06312	0.41341	-0.18608	-0.36565	0	0	0	-1.10252	0	0	-0.15599	0	0	0	0	-0.09965	0	0	2.2619	0.72379	7.42216	99.148	53.852
SER_71	-2.34371	0.3224	2.34059	-0.04775	0.02874	0.06397	1.26772	3.23642	0.07836	0.50081	-0.1901	0.20869	0	0	0	-0.31439	-0.00576	0	-0.13001	0.62825	0.00237	0.62588	0	0.16628	0	4.04	-0.539	-0.19836	9.74141	72.2216	89.7784
GLY_72	-3.19586	0.99991	3.07624	-5e-05	0	0	0.9137	4.088	0	0	-0.81356	-0.35207	0	0	0	0	0	0	-0.29375	0	0	0	0	-2.42622	0	0	1.435	-0.65164	2.77969	128.539	35.4608
GLY_73	-3.57435	0.72551	4.45315	-0.00051	0	0	2.4674	5.75384	0.1123	0.80993	-1.23426	-0.18894	0	0	0	-0.84502	0	0	-0.27057	0	0	0	0	-0.67203	0	0	1.435	-0.89449	8.07697	127.541	36.4586
TYR_74	-7.79418	1.40635	4.95895	-0.61249	0.08451	0.28324	3.23011	7.15219	3e-05	0.00062	-0.66251	-0.24209	0	0	0	-0.57779	-0.24841	0	0.22722	5.69516	3.04439	0	2.65077	-0.4044	0	0	1.7379	0.20484	20.1344	209.805	38.1945
GLY_75	-3.60811	0.3209	2.85995	-0.00023	0	0	1.53087	4.15782	0.00916	0.08635	-1.91913	-0.18409	0	0	0	-0.95427	0	0	-0.15289	0	0	0	0	0.05252	0	0	1.435	0.24469	3.87854	151.879	12.1212
GLY_76	-4.51739	1.20456	5.48719	-0.00202	0	0	2.78538	7.06748	0	0	-1.01455	-0.37342	0.80531	0	0	0	0	0	-0.05717	0	0	0	0	-0.1427	0	0	1.435	3.85032	16.528	158.364	5.63578
PRO_77	-3.01768	0.36837	2.09875	-0.08532	0.00034	0.05263	0.89171	2.29158	0.02354	0.16281	0.60731	0.7073	0.93398	0	0	0	0	0	-0.31213	1.46767	0.4191	1.04858	0	-0.29881	0	0	-4.6787	3.8834	6.56442	88.0762	110.924
LEU_78	-5.74151	0.96393	3.19516	-0.51564	0.51195	0.13981	1.39439	5.23648	0.00125	0.01442	-0.7431	0.14913	0	0	0	0	0	0	0.0036	0.48792	0.26893	0.21899	0	-0.30972	0	0	1.3223	-0.22436	6.37392	142.62	67.3796
CYS_79	-7.63145	1.68048	3.88721	-0.07075	0.022	0.06535	3.12911	5.86259	0.0016	0.00418	-1.74019	-0.50024	0	0	0	0	0	0	-0.11938	0.23273	0.21184	0.02089	0	-0.85946	0	0	4.3148	1.29882	9.81014	151.107	4.89307
GLU_80	-3.68503	0.2949	3.64334	-0.4055	0.18644	0.81472	0.61799	4.35293	0.02446	0.17037	0.25456	-0.50938	0	0	0	0	0	0	-0.08523	6.30414	1.28598	0	5.01816	-0.27724	0	0	-1.6358	1.17542	17.5452	83.7874	139.213
ASP_81	-3.42946	0.8299	3.99117	-0.26675	0.11848	0.88533	1.28361	4.91808	0.05771	0.25836	-1.63907	-0.36274	0.30726	0	0	0	0	0	0.18751	3.19788	0.29992	0	2.89796	-0.48188	0	0	-1.6204	2.50041	13.9333	92.4021	92.5979
PRO_82	-7.03282	1.40624	2.1107	-0.08508	0.00118	0.05202	1.14397	3.27129	0	0	0.24235	0.72835	0.3089	0	0	0	0	0	-0.23911	1.94265	1.17284	0.76981	0	0.17578	0	0	-4.6787	3.00217	4.29254	192.756	6.24393
TYR_83	-4.53163	0.51404	2.03932	-0.62936	0.70301	0.36351	1.12921	3.60825	0.14347	1.08067	-1.06456	-0.25589	0	0	0	-0.07046	0	0	-0.13724	4.40949	0.39119	0	4.0183	-0.323	0	0	1.7379	-0.26416	12.8621	136.763	111.237
GLY_84	-3.59243	0.90305	4.82804	-0.00022	0	0	2.2683	5.96586	0.00176	0.01496	-2.34961	-0.1902	0	0	0	0	0	0	0.03435	0	0	0	0	0.17756	0	0	1.435	-0.20813	9.28829	150.679	13.3209
SER_85	-2.86237	0.39516	3.35765	-0.03688	0.00876	0.03371	1.47942	4.32506	0.00923	0.06723	-0.45136	-0.46513	0	0	0	0	0	0	-0.12438	1.63213	1.07615	0.55599	0	0.26598	0	4.04	-0.539	-0.07669	12.6907	75.2032	86.7968
GLU_86	-3.08855	0.51489	3.44961	-0.38655	0.04488	0.72734	1.61222	4.44983	0	0	-0.38557	-0.51236	0	0	0	0	0	0	0.05989	19.8331	12.4318	0	7.40129	0.10803	0	0	-1.6358	0.78348	45.4075	81.954	141.046
VAL_87	-7.1025	0.83679	3.55754	-0.31462	0.3867	0.07242	2.85222	6.59056	0.00037	0.0051	-1.58875	-0.19152	0	0	0	0	0	0	-0.04934	1.2155	0.81383	0.40167	0	-0.18755	0	0	2.7371	0.96471	11.0002	181.488	0.512343
GLN_88	-5.76222	1.05371	6.62087	-0.26864	0.02667	0.19501	3.6179	8.33463	0	0	-2.6563	-0.29439	0	0	0	-0.07046	0	0	-0.01125	4.72966	0.29201	0	4.43765	0.20159	0	0	-0.1077	0.93662	21.2754	106.322	110.678
ALA_89	-3.62437	0.39008	4.23688	-0.02198	0	0	2.5511	5.79083	0	0	-1.87266	-0.34919	0	0	0	0	0	0	0.04389	0	0	0	0	-0.36418	0	0	2.2619	0.59058	9.63288	86.6089	66.3911
MET_90	-7.89601	23.0333	4.8899	-0.22208	0.0893	0.04837	2.88257	7.11883	0	0	-2.05082	-0.16003	0	0	0	0	0	0	-0.08658	9.72142	8.20202	1.5194	0	0.01146	0	0	1.4633	-0.077	48.4874	221.952	40.0484
THR_91	-6.87549	1.25552	6.07533	-0.20285	0.19864	0.07316	3.82981	8.2256	0	0	-2.33549	-0.91231	0	0	0	0	0	0	0.12782	0.25117	0.04074	0.21043	0	0.02397	0	5.04027	-0.9333	0.58506	14.6781	167.592	6.40782
GLU_92	-4.74085	0.32893	5.90107	-0.32345	0.10039	0.37368	2.94036	6.88287	0	0	-2.56896	-0.57951	0	0	0	0	0	0	-0.03129	4.15709	0	0	4.15709	-0.24447	0	0	-1.6358	0.2507	14.9679	117.867	105.133
LYS_93	-5.28859	1.00738	7.30813	-0.51689	0.14532	0.41047	3.92321	8.10794	0	0	-3.79441	0.3041	0	0	0	0	-0.14227	0	0.11268	4.96264	1.33276	3.62989	0	0.00402	0	0	-0.8895	-0.29876	20.3181	106.979	145.021
LEU_94	-8.05999	1.77007	4.12484	-0.49489	0.77218	0.11583	2.97878	7.61058	0.00606	0.07851	-2.1305	0.26632	0	0	0	0	0	0	-0.04883	0.42496	0.0293	0.39566	0	-0.47344	0	0	1.3223	-0.19651	8.49126	196.927	13.073
LEU_95	-5.90118	1.18439	4.92735	-0.61339	1.96359	0.16977	3.05282	7.1655	0	0	-1.24257	0.2149	0	0	0	0	0	0	0.03895	17.2571	16.2571	0.99995	0	-0.32397	0	0	1.3223	0.61963	47.0923	129.445	80.5549
LYS_96	-4.3167	0.41459	5.56483	-0.30445	0.05081	0.13594	2.43713	6.41799	0.00178	0.00645	-1.93437	-0.02491	0	0	0	0	0	0	0.04808	2.30515	0	2.30515	0	-0.03513	0	0	-0.8895	0.35219	12.535	104.315	147.685
GLU_97	-5.28303	1.03673	7.51012	-0.21828	0.05459	0.30359	3.807	8.45043	0.00606	0.07851	-3.81715	-0.60721	0	0	0	0	-0.14227	0	-0.08145	4.03704	0.0401	0	3.99695	-0.5721	0	0	-1.6358	-0.8143	16.1495	151.495	71.5046
ALA_98	-5.16734	1.46239	3.223	-0.02337	0	0	2.87524	6.34591	0	0	-1.43685	-0.36665	0	0	0	0	0	0	-0.12492	0	0	0	0	-0.50756	0	0	2.2619	-1.02656	7.51518	151.88	1.12049
ASP_99	-2.56623	0.24609	4.02843	-0.12145	0.01378	0.37517	1.74333	4.81371	0	0	-0.70919	-0.55279	0	0	0	0	0	0	-0.09003	4.61996	0.3427	0	4.27727	-0.19072	0	0	-1.6204	-0.74872	13.8609	80.4183	104.582
SER_100	-2.73394	0.28924	3.55759	-0.03832	0.03433	0.02598	1.49586	4.3569	0.00178	0.00645	-0.76147	-0.85428	0	0	0	0	0	0	-0.10374	3.30249	2.56753	0.73496	0	-0.16637	0	4.04	-0.539	-0.50094	14.715	82.8903	79.1097
ASP_101	-5.19509	0.27024	8.46319	-0.18658	0.09506	0.58283	4.8501	9.15436	0.09366	0.54829	-4.48009	-1.40738	0	0	0	-0.6217	-0.96315	0	-0.09737	4.25495	1.18318	0	3.07177	-1.07843	0	0	-1.6204	-0.23428	16.6832	149.773	35.227
ARG_102	-4.20441	0.43139	4.74364	-0.80738	1.30914	0.57479	2.02822	5.92159	0.01804	0.08576	-0.67937	0.04906	0	0	0	-0.5635	0	0	-0.13464	4.84091	1.47518	3.36573	0	-0.1984	0	0	-0.1423	0.07157	18.185	89.6331	175.367
THR_103	-3.44133	0.20209	5.49926	-0.14087	0.11065	0.09571	3.3438	6.21837	0.01623	0.09698	-2.95928	0.06077	0	0	0	-0.6217	-0.45949	0	-0.13101	0.63412	0.59738	0.03674	0	-0.41679	0	5.03237	-0.9333	-0.01892	12.8218	89.382	84.618
LEU_104	-7.44454	1.83093	4.80877	-0.4952	1.39921	0.07474	2.5237	7.47649	0	0	-2.05347	0.41102	0	0	0	0	0	0	0.12972	1.23349	0.78414	0.44935	0	-0.00071	0	0	1.3223	-0.19341	12.2565	199.592	10.4075
CYS_105	-7.14309	2.18893	4.60482	-0.07205	0.00045	0.05922	2.91352	6.04406	0.00512	0.03463	-1.78202	-0.03559	0	0	0	-0.41462	0	0	-0.01987	1.7971	0.97425	0.82285	0	0.59609	0	0	4.3148	0.75836	15.647	151.389	4.61109
PHE_106	-11.3293	3.17484	5.44934	-0.57618	0.12386	0.30062	3.4675	8.76098	0.00059	0.00456	-2.46178	-0.42937	0	0	0	0	0	0	-0.07243	3.1781	0.69155	0	2.48655	0.24156	0	0	1.9602	1.52935	16.5005	233.36	3.63997
ASN_107	-4.5751	1.70854	6.19097	-0.18818	0.0906	0.31368	2.76353	7.34246	0	0	-2.46123	-1.00075	0	0	0	0	-0.77268	0	-0.10411	3.13446	0.38525	0	2.74921	-1.697	0	0	-0.3009	0.54477	14.1235	88.4613	95.5387
ASN_108	-6.80771	2.71726	6.41785	-0.19851	0.07973	0.33628	3.44189	8.59069	0	0	-1.89245	-1.02745	0	0	0	-0.5635	0	0	-0.19764	2.81152	0.04147	0	2.77006	-1.60422	0	0	-0.3009	-0.37178	14.2426	151.58	32.4195
PHE_109	-10.5382	2.69143	4.55717	-0.59455	0.09469	0.35845	2.42782	8.06931	0	0	-0.88508	-0.23513	0	0	0	-0.29019	0	0	-0.05875	2.44792	0.01595	0	2.43197	0.02577	0	0	1.9602	0.55273	13.0315	223.587	13.4126
GLN_110	-3.96706	0.67061	4.8611	-0.31745	0.08819	0.26874	2.5935	5.52899	0	0	-1.69205	-0.32262	0	0	0	0	0	0	0.24411	5.17613	0.31211	0	4.86402	-0.25811	0	0	-0.1077	0.27084	18.2134	73.746	143.254
ASP_111	-6.01871	1.92234	8.40928	-0.103	0.07511	0.28089	3.77968	9.22126	0.01108	0.06322	-3.16523	-0.37537	1.50119	0	0	-0.48238	-0.77268	0	-0.04421	3.26864	0.54218	0	2.72646	0.06405	0	0	-1.6204	2.08822	21.3716	167.139	17.8613
PRO_112	-3.25691	0.94295	2.02205	-0.14799	0.0165	0.10193	0.96361	2.50966	0	0	-0.31152	0.1442	1.60995	0	0	-0.3081	0	0	-0.10095	0.989	0.72089	0.26811	0	-0.7083	0	0	-4.6787	3.0041	3.78046	130.596	68.4037
CYS_113	-4.1554	1.41179	2.69933	-0.06216	0.00245	0.04223	0.90614	3.04103	0	0	0.19725	-0.33827	0.75131	0	0	0	0	0	-0.1095	1.25495	0.54931	0.70564	0	0.18606	0	0	4.3148	2.99661	14.3936	99.4495	56.5505
PRO_114	-6.41233	3.05988	2.57674	-0.19422	0.04283	0.14534	0.58773	2.46292	0.10148	0.70104	0.2965	0.10037	0.78182	0	0	0	0	0	0.16441	2.00302	1.39829	0.60473	0	-1.65649	0	0	-4.6787	2.3281	4.41346	190.515	8.48491
GLN_115	-4.29839	0.44777	3.62932	-0.58486	0.61184	0.35527	1.49188	4.98769	0.00715	0.06503	-1.6157	-0.52281	0	0	0	-0.5222	0	0	-0.0219	8.76709	3.58201	0	5.18508	-0.20915	0	0	-0.1077	0.52205	21.7695	109.612	107.388
LEU_116	-7.85548	1.82843	1.92853	-0.48986	1.26798	0.09223	1.91203	5.00147	0.01491	0.21464	-2.20499	0.35221	0	0	0	-0.5222	0	0	0.08568	1.18843	0.60003	0.5884	0	-0.47881	0	0	1.3223	0.33219	5.17812	206.543	3.45729
THR_117	-4.72082	0.73764	5.56018	-0.12733	0.19369	0.07734	3.53138	6.58806	0	0	-1.91553	-0.78358	0	0	0	-1.06657	0	0	-0.04207	0.66317	0.59759	0.06559	0	-0.66337	0	5.04249	-0.9333	-0.60317	12.2014	102.162	71.838
LYS_118	-3.2282	0.13304	4.06857	-0.43616	0.19411	0.24882	1.5456	4.7425	0.00035	0.00238	-1.18166	-0.13057	0	0	0	0	0	0	-0.12251	3.97917	0.94208	3.03709	0	-0.08129	0	0	-0.8895	-0.39398	12.4298	67.3107	184.689
GLU_119	-5.20144	4.31626	5.64105	-0.50448	0.42533	1.53721	2.55035	6.92812	0.00035	0.00238	-1.82964	-1.54736	0	0	0	0	0	0	-0.00826	9.60536	3.96111	0	5.64425	-0.36118	0	0	-1.6358	-0.5258	28.9978	135.711	87.2894
GLN_120	-8.79651	1.41713	6.59359	-0.25151	0.03882	0.17927	3.8631	8.5611	0.00715	0.06503	-1.54668	-0.38563	0	0	0	-1.06657	0	0	-0.02348	3.85925	0.29164	0	3.56761	-0.08856	0	0	-0.1077	0.04349	16.2205	184.485	32.5154
VAL_121	-6.9402	0.75806	4.84308	-0.30633	0.3788	0.06885	3.05234	8.0247	0	0	-1.52853	-0.1197	0	0	0	0	0	0	-0.14376	0.18148	0.02333	0.15815	0	-0.51853	0	0	2.7371	0.43863	11.1075	163.808	18.1917
ALA_122	-3.86097	0.60044	3.75281	-0.02144	0	0	2.28156	5.56846	0.06602	0.40182	-0.82502	-0.34955	0	0	0	0	0	0	-0.01261	0	0	0	0	-0.40406	0	0	2.2619	0.16911	9.62846	92.4619	60.5381
MET_123	-6.18513	4.40368	4.43082	-0.23276	0.14267	0.09942	1.79903	5.6501	0	0	-1.24011	-0.13814	0	0	0	0	0	0	-0.157	5.87452	2.90844	2.96607	0	-0.13144	0	0	1.4633	0.17104	21.8245	164.831	97.1692
CYS_124	-6.81844	1.19406	4.19815	-0.04683	0.0059	0.02004	2.84546	5.34017	5e-05	0.00072	-2.25918	-0.31678	0	0	0	0	0	0	-0.03466	0.86377	0.16059	0.70318	0	0.33909	0	0	4.3148	-0.01159	10.4985	153.741	2.25863
LYS_125	-4.03073	0.66	4.42448	-0.63049	0.38886	0.36735	2.0284	5.02449	0.06602	0.40182	-0.31911	0.59211	0	0	0	0	0	0	-0.19463	7.7787	1.42083	6.35787	0	0.05093	0	0	-0.8895	-0.12874	23.3686	117.983	134.017
GLY_126	-0.96402	0.06443	1.40384	-5e-05	0	0	0.45327	1.73857	0	0	0.08716	-0.37664	0	0	0	0	0	0	-0.33377	0	0	0	0	-2.35521	0	0	1.435	-0.85944	0.29315	70.8262	93.1738
PHE_127	-8.46324	1.94071	2.49279	-0.65492	0.05597	0.00189	1.92663	5.76347	0	0	-1.46304	-0.21938	0	0	0	0	0	0	-0.05738	4.15734	0.21658	0	3.94076	0.38765	0	0	1.9602	-0.91437	11.0717	211.373	25.6265
ASP_128	-4.76671	0.58571	6.39387	-0.25399	0.15551	0.85164	3.66513	7.66312	0.02997	0.20674	-3.67374	-0.95861	0	0	0	0	-1.252	0	0.13423	2.47329	0.04304	0	2.43025	-1.33183	0	0	-1.6204	-0.20329	10.5719	121.63	63.3699
TYR_129	-8.70318	1.85448	3.63799	-0.63807	0.05127	0.32204	2.91782	6.60765	9e-05	0.00153	-0.9552	-0.24804	0	0	0	-0.50049	0	0	-0.11068	3.42821	0.00121	0	3.427	0.22821	0	0	1.7379	-0.03403	13.0257	232.12	15.8803
GLY_130	-4.32068	0.97365	5.13188	-5e-05	0	0	2.58953	6.60915	0	0	-2.64321	-0.38316	0	0	0	0	0	0	-0.22129	0	0	0	0	0.48541	0	0	1.435	0.33437	9.99061	150.363	13.6367
ASP_131	-6.89738	1.70446	9.86321	-0.21655	0.08932	0.68823	4.00789	10.7834	0.07159	0.40663	-2.62553	-1.11786	0	0	0	-0.49305	0	0	-0.09773	3.17149	0.49402	0	2.67748	-1.17316	0	0	-1.6204	-0.23834	19.4778	165.378	19.6223
LYS_132	-9.48007	1.39273	12.8009	-0.59103	1.07511	0.3049	5.51305	12.7733	0.16625	0.85053	-5.66841	0.38998	0	0	0	0	-0.31046	0	-0.16319	5.12445	1.20782	3.91663	0	-0.04354	0	0	-0.8895	-0.62259	27.7469	243.104	8.89645
THR_133	-3.76049	0.88946	3.67876	-0.13525	0.2045	0.07803	2.08048	4.82567	0.06952	0.35609	-1.58445	-0.1313	0	0	0	-0.49305	0	0	-0.15084	0.93155	0.86973	0.06182	0	-0.2225	0	5.05341	-0.9333	-0.4076	11.2802	117.966	56.0344
LEU_134	-6.00534	1.83509	4.59471	-0.48559	0.66573	0.09365	2.15257	6.26935	0.04338	0.24215	-1.00026	0.22692	0	0	0	0	0	0	-0.025	0.88406	0.08325	0.80081	0	-0.60552	0	0	1.3223	-0.57196	10.5203	143.634	66.3661
LYS_135	-5.63242	0.90224	2.95569	-0.33978	0.09232	0.17441	0.93235	4.26821	0	0	-0.67139	0.0681	0	0	0	0	0	0	0.02985	2.98705	0.30672	2.68033	0	-0.03425	0	0	-0.8895	-0.76897	7.06095	155.302	96.6984
LEU_136	-8.50461	2.3712	2.01804	-0.48554	1.02732	0.08587	2.2477	5.35678	0.02305	0.16618	-1.51258	0.3059	0.01964	0	0	0	0	0	-0.09881	1.57279	0.84955	0.72324	0	-0.17747	0	0	1.3223	1.58383	8.89437	207.567	2.4326
PRO_137	-5.12359	2.1574	2.06875	-0.07434	0.00188	0.0452	0.72056	1.95749	0	0	0.41885	0.60882	0.14235	0	0	0	0	0	-0.29432	2.09205	1.65809	0.43396	0	0.15281	0	0	-4.6787	2.1434	4.43066	143.834	55.1657
CYS_138	-5.5035	1.00764	2.02752	-0.07449	0.03311	0.04771	1.15218	2.61938	0.00517	0.04522	-0.25305	-0.48838	0	0	0	0	0	0	-0.14875	1.97991	0.76362	1.21629	0	0.51834	0	0	4.3148	0.63099	9.8937	145.018	10.982
GLY_139	-2.59218	0.48252	2.64132	-0.00037	0	0	1.50663	3.71082	0.02014	0.11302	-0.38263	-0.1607	6.74333	0	0	0	0	0	-0.08666	0	0	0	0	-2.48385	0	0	1.435	3.51459	14.461	147.762	16.2381
PRO_140	-4.55735	0.7371	1.71395	-0.15573	0.0173	0.10523	0.51536	2.37152	0.00517	0.04522	-0.08	0.13174	6.8144	0	0	0	0	0	-0.00574	2.79145	2.6079	0.18355	0	-1.22202	0	0	-4.6787	2.85448	10.1948	158.782	40.2184
LEU_141	-7.56513	2.287	1.37406	-0.42719	0.50672	0.06447	1.80697	4.36997	0	0	-0.98869	0.33786	4.09055	0	0	0	0	0	0.00218	1.52364	0.91193	0.61171	0	-0.19198	0	0	1.3223	1.58739	11.6238	210	0
PRO_142	-4.84075	1.76759	2.27088	-0.1398	0.00593	0.09772	1.25027	2.70613	0	0	-1.22501	0.20163	4.09941	0	0	-0.19236	0	0	0.17958	2.78314	2.10744	0.6757	0	-0.42236	0	0	-4.6787	1.77655	8.423	177.224	21.7758
TRP_143	-11.7585	4.67159	3.05794	-0.76528	0.02663	0.26863	3.06144	7.68602	0.0256	0.11764	-2.22015	-0.10007	1.45176	0	0	0	0	0	0.0661	2.3593	0.29523	0	2.06407	-0.58967	0	0	3.7077	2.6358	16.0618	270	0
PRO_144	-6.90178	1.36563	2.65998	-0.18736	0.11081	0.14107	1.23795	2.87245	0	0	-1.18273	-0.11911	1.46293	0	0	0	0	0	0.12993	2.29168	1.39229	0.89939	0	0.7958	0	0	-4.6787	3.76226	6.05249	199	0
ALA_145	-4.42245	0.81675	2.9704	-0.02513	0.00034	0	2.15518	4.82807	1e-05	4e-05	-0.39189	-0.2168	0	0	0	-0.83315	0	0	-0.22146	0	0	0	0	-0.10484	0	0	2.2619	1.86291	8.67989	150.951	2.04937
GLY_146	-2.07359	0.24929	1.65873	-6e-05	0	0	0.5119	2.33178	0.01107	0.06318	-0.45103	-0.37711	0	0	0	0	0	0	-0.21196	0	0	0	0	-2.4647	0	0	1.435	-0.20346	0.47905	118.312	45.6881
LEU_147	-7.44355	4.86654	1.41584	-0.56662	0.64101	0.13433	1.62545	4.12943	0	0	-0.86496	0.3711	0.05743	0	0	0	0	0	-0.09921	0.91013	0.26539	0.64474	0	-0.33826	0	0	1.3223	1.19134	8.26243	200.878	9.12225
PRO_148	-4.90851	4.07731	2.29627	-0.18205	0.00933	0.13198	1.35582	2.55688	0	0	-0.03953	0.10173	0.09979	0	0	0	0	0	-0.00633	2.03342	1.03857	0.99485	0	-1.70855	0	0	-4.6787	1.50003	4.67231	157.24	41.7595
GLU_149	-3.83274	0.8618	2.96553	-0.20652	0.09263	0.28903	0.65205	3.15591	3e-05	0.00015	-0.86661	-0.36479	0.21119	0	0	0	0	0	0.16752	3.98868	0.00473	0	3.98395	-0.00517	0	0	-1.6358	1.90114	11.3627	147.87	75.1296
PRO_150	-3.72148	2.12776	1.57935	-0.1923	0.01707	0.1346	0.46523	1.63948	0	0	0.46402	0.2021	0.21458	0	0	0	0	0	0.28369	0.76153	0.46492	0.29662	0	-0.73716	0	0	-4.6787	3.02583	2.34713	160.946	38.0543
GLY_151	-0.96846	0.12588	1.18569	-0.00014	0	0	0.43147	1.53849	0.10691	0.55764	-0.12327	-0.29927	0	0	0	0	0	0	-0.08835	0	0	0	0	-2.43313	0	0	1.435	2.94322	4.41169	105.139	58.8607
TYR_152	-7.69952	1.75174	4.62835	-0.77866	0.09222	0.07406	1.94715	7.22486	0.12437	0.57248	-0.87166	-0.32353	0	0	0	0	-0.55176	0	-0.1059	2.79464	0.02593	0	2.76871	0.11603	0	0	1.7379	1.87919	15.4066	175.132	72.8678
VAL_153	-5.02545	0.90001	3.54425	-0.27994	0.27697	0.06351	2.29342	5.60047	0.06208	0.47996	-0.6686	-0.43597	0.27037	0	0	-0.26046	0	0	0.13833	0.67461	0.37477	0.29985	0	-0.86875	0	0	2.7371	1.82792	12.0044	126.529	55.4711
PRO_154	-7.2791	1.73852	3.90591	-0.11545	0.00365	0.08222	1.23823	4.5574	0	0	-1.29873	0.31449	0.28596	0	0	0	0	0	-0.17745	4.3051	4.19003	0.11507	0	-1.72078	0	0	-4.6787	2.28985	7.75621	194.839	4.16125
LYS_155	-3.78018	0.45256	5.69598	-0.71806	0.5785	0.81237	3.56341	6.16812	0.03258	0.17768	-2.45306	0.39184	0	0	0	-1.22736	0	0	-0.06697	4.20374	1.58734	2.61641	0	-0.2859	0	0	-0.8895	-0.20255	16.657	106.413	145.587
THR_156	-3.48096	1.11983	3.79343	-0.13779	0.17545	0.08268	1.87145	4.20661	0.01323	0.12089	-1.17389	-0.02254	0	0	0	-0.84236	0	0	-0.10854	0.55503	0.5358	0.01924	0	-0.66829	0	5.04503	-0.9333	-0.51535	9.65564	81.8935	92.1065
ASN_157	-5.93703	2.18739	5.54069	-0.19843	0.03692	0.34213	2.66936	7.11725	0.11249	0.90548	-1.22531	-1.0535	1.25654	0	0	-0.85575	0	0	0.0368	2.9831	0.25358	0	2.72952	-1.67951	0	0	-0.3009	2.34603	17.2668	133.909	50.0914
PRO_158	-5.74304	1.72098	3.69464	-0.0986	0.00842	0.06073	1.79849	3.8269	0	0	-0.50361	0.74326	1.26229	0	0	0	0	0	-0.20408	2.88924	2.25965	0.6296	0	-0.39621	0	0	-4.6787	2.57431	9.84427	171.998	27.0021
LEU_159	-7.39567	2.21259	3.05122	-0.53136	0.72145	0.13597	2.09305	5.47427	0.08845	0.49912	-1.87515	0.2644	0	0	0	-1.0449	0	0	-0.07114	3.55036	3.30243	0.24794	0	-0.34215	0	0	1.3223	-0.56025	11.1429	208.463	1.53703
HIS_160	-7.80379	2.27798	7.90974	-0.48671	0.01977	0.31333	4.6632	9.77135	0.08859	0.68906	-3.22791	-0.76818	0	0	0	-1.11118	0	0	-0.07585	3.6889	0.68735	0	3.00155	-0.00952	0	0	0.8406	0.22344	20.6917	188.678	52.3222
GLY_161	-5.70197	0.76535	4.95334	-0.00123	0	0	2.92174	6.97051	0.00298	0.01105	-2.49693	-0.33253	0	0	0	0	0	0	-0.0212	0	0	0	0	-2.53031	0	0	1.435	1.1516	7.12741	164	0
ARG_162	-10.905	1.6685	10.2947	-0.88842	0.34216	0.56295	4.91282	12.7105	0.06247	0.63411	-4.66327	0.37981	0	0	0	-0.80229	0	0	0.04434	4.45469	0.93329	3.5214	0	0.2913	0	0	-0.1423	0.45168	23.8634	263.213	1.78722
TRP_163	-13.2978	2.32999	5.60313	-0.81477	0.18684	0.42945	3.8184	10.017	0.03401	0.12037	-3.60859	-0.23	0	0	0	-0.49462	0	0	-0.06118	2.78155	0.54748	0	2.23407	0.07601	0	0	3.7077	-0.12345	13.2556	270	0
ILE_164	-9.15351	1.55917	3.8364	-0.64839	3.29956	0.11752	4.30846	7.61406	0	0	-2.80677	0.36793	0	0	0	0	0	0	-0.12165	3.20728	1.89796	1.30932	0	-1.29073	0	0	1.8006	-0.57206	14.7252	207	0
THR_165	-7.09116	0.77413	4.05236	-0.1802	0.21969	0.06465	2.9792	7.20464	0.14845	1.01527	-0.59163	-0.488	0	0	0	0	0	0	-0.13162	0.3617	0.309	0.0527	0	0.11605	0	5.0319	-0.9333	-0.45526	12.4586	172.88	1.12049
VAL_166	-6.11196	1.09543	1.20921	-0.27018	0.1676	0.05055	1.76729	4.66382	0.03449	0.18537	-0.68499	-0.22336	0	0	0	0	0	0	0.22898	1.20373	0.94622	0.25751	0	-0.26983	0	0	2.7371	0.5276	7.51458	152.063	29.9365
SER_167	-4.45295	2.67414	3.80272	-0.03522	0.02595	0.04853	3.06072	5.37019	0.03449	0.18537	-0.52846	0.06696	0	0	0	0	0	0	-0.03431	0.38118	0.02783	0.35335	0	-0.58795	0	4.04	-0.539	1.38747	15.281	137.894	24.1063
GLY_168	-2.71205	0.17236	2.06131	-5e-05	0	0	1.50756	3.38375	0.02081	0.20075	-1.17196	-0.38888	0	0	0	0	0	0	-0.30343	0	0	0	0	-2.38946	0	0	1.435	0.05763	1.87334	140.721	23.2792
GLY_169	-3.59544	0.43327	2.71111	-0.00024	0	0	1.66324	4.41701	9e-05	0.00024	-0.90119	-0.25894	0	0	0	0	0	0	-0.13932	0	0	0	0	1.03463	0	0	1.435	-0.7586	6.04085	158.41	5.5899
GLN_170	-8.79872	2.44024	8.32776	-0.43813	0.95298	0.31163	4.76335	9.87368	0	0	-3.87038	-0.81647	0	0	0	0	-1.81584	0	-0.1256	5.95823	0.68613	0	5.2721	-0.42759	0	0	-0.1077	-0.0825	22.1032	207.826	9.17403
ALA_171	-5.39768	0.75807	3.69547	-0.0217	0	0	2.19228	6.02667	0	0	-1.39832	-0.36028	0	0	0	0	0	0	0.04825	0	0	0	0	-0.61421	0	0	2.2619	-0.50981	6.68065	141.207	11.7933
ALA_172	-3.50231	0.35664	3.51201	-0.02121	0	0	1.78725	5.01232	0	0	-0.71138	-0.36445	0	0	0	0	0	0	-0.00155	0	0	0	0	-0.47449	0	0	2.2619	-0.44291	7.41182	100.162	52.8379
PHE_173	-5.89458	0.85622	3.86665	-0.6227	0.05968	0.2986	2.76433	6.3391	9e-05	0.00024	-1.76158	0.07883	0	0	0	0	0	0	0.18262	3.12162	4e-05	0	3.12159	0.08649	0	0	1.9602	-0.26592	14.1915	144.262	92.738
ILE_174	-9.48194	3.33852	4.21073	-0.51572	1.67027	0.0984	3.72604	8.24242	0	0	-2.34696	0.12651	0	0	0	0	0	0	-0.11289	2.54489	1.77058	0.77431	0	-0.72345	0	0	1.8006	0.22295	15.3453	207	0
LYS_175	-6.27671	1.42449	5.65282	-0.30618	0.05038	0.13915	2.85388	7.16878	0	0	-2.31375	-0.01024	0	0	0	0	0	0	0.14064	2.26455	0	2.26455	0	-0.12649	0	0	-0.8895	0.02611	12.0625	133.777	118.223
GLU_176	-4.4159	0.75201	5.47368	-0.52688	0.25325	1.00742	2.92062	6.60774	0	0	-1.24371	-0.4911	0	0	0	0	0	0	0.10575	7.66687	2.54851	0	5.11836	-0.19305	0	0	-1.6358	-0.31882	23.629	116.606	106.394
ALA_177	-5.04431	6.3155	3.44499	-0.02148	0	0	2.86543	6.37277	0	0	-0.93945	-0.34805	0	0	0	0	0	0	0.04286	0	0	0	0	-0.18775	0	0	2.2619	0.1463	14.9087	146.177	6.82317
ILE_178	-6.70163	3.00029	4.25825	-0.54133	3.06103	0.10685	2.34432	6.72933	0.00565	0.03198	-1.44521	0.08299	0	0	0	0	0	0	-0.14834	6.57525	5.35717	1.21809	0	-0.29969	0	0	1.8006	0.38963	25.8252	156.167	50.8334
LYS_179	-3.52687	2.19088	4.08832	-0.31381	0.05458	0.15418	2.1011	4.88204	0	0	-0.96754	-0.08883	0	0	0	0	0	0	-0.10934	2.51285	0	2.51285	0	-0.0523	0	0	-0.8895	-0.08224	12.4664	62.0149	189.985
SER_180	-3.18865	2.20341	4.17061	-0.03727	0.03002	0.02856	2.39088	5.17458	0	0	-1.5653	-0.09367	0	0	0	0	0	0	-0.08982	1.40124	0	1.40124	0	-0.02645	0	1.75383	-0.539	1.63211	14.6463	97.1971	64.8029
GLY_181	-1.61168	1.25773	2.53012	-0.00012	0	0	1.44271	3.0859	0.00565	0.03198	-0.21578	-0.31415	0	0	0	0	0	0	-0.15114	0	0	0	0	-1.95857	0	0	1.435	4.2437	9.78135	99.6889	64.3111
MET_182	-1.50251	0.05561	1.77639	-0.63048	0.69462	0.22829	0.54982	2.10102	0	0	0.62532	-0.20465	0	0	0	0	0	0	0.36455	1.99226	0	1.99226	0	0.21814	0	0	1.4633	3.4618	13.1857	74.8145	187.185
LEU_183	-5.77132	1.95279	1.95162	-0.4903	2.53228	0.06983	1.22973	4.09365	0	0	-0.12044	0.32544	0	0	0	0	0	0	-0.04362	8.49092	7.67901	0.8119	0	-0.60553	0	0	1.3223	0.77824	24.2065	181.911	28.0893
GLY_184	-3.68252	0.33012	4.32717	-0.00049	0	0	2.12592	5.65316	0	0	-1.60296	-0.20489	0	0	0	0	0	0	-0.14599	0	0	0	0	-0.06421	0	0	1.435	-0.15821	8.0121	133.116	30.8838
ALA_185	-4.15114	1.91193	3.96489	-0.01986	0	0	2.02109	6.13678	0	0	-0.77381	-0.33086	0	0	0	0	0	0	0.06646	0	0	0	0	0.16075	0	0	2.2619	1.09488	12.343	110.194	42.8061
ALA_186	-2.95527	0.38482	3.21924	-0.02015	0	0	1.49604	4.48623	0	0	-0.54626	-0.35724	0	0	0	0	0	0	-0.04419	0	0	0	0	-0.03655	0	0	2.2619	1.5195	9.40806	77.5805	75.4195
GLU_187	-5.45951	1.22065	5.59042	-0.20893	0.09776	0.30106	3.08766	7.2651	0	0	-1.27975	-0.55488	0	0	0	0	0	0	0.02217	5.1773	0.35013	0	4.82716	-0.16549	0	0	-1.6358	0.64905	19.2841	134.883	88.1166
ALA_188	-6.75782	2.16008	4.2764	-0.01921	0	0	3.73458	8.06589	0.00447	0.03938	-2.0656	-0.34759	0	0	0	0	0	0	0.06937	0	0	0	0	0.13431	0	0	2.2619	0.6589	12.2151	153	0
ASN_189	-4.90925	0.54386	5.43298	-0.22799	0.56516	0.32683	3.20082	7.47304	0.04761	0.27556	-2.58963	-0.64031	0	0	0	0	0	0	-0.10821	5.94308	0.0079	0	5.93518	0.60556	0	0	-0.3009	1.49739	23.0787	123.09	60.9104
LYS_190	-5.02079	0.66643	7.35024	-0.5352	0.35085	0.44629	4.11819	8.47191	0	0	-5.15727	-0.00876	0	0	0	0	-0.33063	0	0.00081	5.34088	1.26132	4.07956	0	-0.15992	0	0	-0.8895	0.53759	20.522	113.224	138.776
ILE_191	-7.02933	4.49042	3.92876	-0.51245	1.09454	0.10068	3.44915	7.15485	0	0	-1.56956	0.06157	0	0	0	0	0	0	-0.07482	0.80432	0.04287	0.76145	0	-0.71926	0	0	1.8006	0.02943	13.8132	170.876	36.1237
VAL_192	-5.63796	0.86613	4.11923	-0.30183	0.43539	0.06613	2.50494	6.71383	0	0	-1.5047	0.06773	0	0	0	0	0	0	-0.05192	0.05526	0.01652	0.03873	0	-0.40092	0	0	2.7371	1.24597	10.9696	157.918	24.0825
ALA_193	-3.76493	0.24592	4.04715	-0.0221	0	0	2.39364	5.862	0.01719	0.23815	-1.45892	-0.33343	0	0	0	-0.35891	0	0	-0.07294	0	0	0	0	-0.24409	0	0	2.2619	0.91914	9.72977	107.544	45.4558
ASP_194	-4.58019	0.53006	6.80872	-0.11676	0.03136	0.36982	3.41827	7.79269	0	0	-4.36621	-0.05874	0	0	0	0	-0.33063	0	0.02063	2.55688	0.05598	0	2.5009	-0.17669	0	0	-1.6204	-0.25653	12.5792	133.053	51.9474
THR_195	-6.4473	0.74825	5.91687	-0.13617	0.12886	0.07888	3.42537	7.98788	0	0	-2.67294	-0.03571	0	0	0	0	-0.81605	0	0.00052	0.05125	0.03927	0.01198	0	-0.56152	0	5.04664	-0.9333	-0.6959	11.1369	164.905	9.09541
ASP_196	-6.77396	1.23349	9.79876	-0.11195	0.07772	0.31974	4.89942	11.1935	0.09542	0.86156	-2.76184	-1.06923	0	0	0	-0.40807	0	0	0.02444	7.87668	2.34277	0	5.53391	0.04697	0	0	-1.6204	-0.40578	31.1531	171.717	13.2835
HIS_197	-9.35536	2.76221	8.25421	-0.50609	0.02265	0.5714	5.04776	10.9993	0	0	-3.9213	-0.52928	0	0	0	-0.87841	-0.47535	0	0.38687	4.95354	0.70573	0	4.24781	0.07474	0	0	0.8406	2.89291	26.094	241	0
HIS_198	-6.67735	1.41288	5.12893	-0.46253	0.09091	0.59362	2.37365	7.28512	0.05101	0.46633	-0.94806	-0.05987	0	0	0	-0.56356	0	0	0.02257	3.21364	0.20072	0	3.01292	-0.13751	0	0	0.8406	3.7539	19.5979	234.332	6.66789
GLN_199	-7.31076	1.27219	7.17402	-0.34261	0.15047	0.31393	3.428	9.20423	0.07764	0.98225	-2.6485	-0.10442	0	0	0	-0.35891	0	0	0.6182	8.27742	2.43414	0	5.84328	-0.30987	0	0	-0.1077	0.49264	29.0856	193.919	23.0805
THR_200	-7.06891	2.18795	6.28166	-0.11417	0.06004	0.07406	3.49323	8.41751	0.15577	0.37765	-0.59197	-0.71881	0	0	0	0	0	0	0.04158	0.87829	0.7236	0.15468	0	-0.67547	0	5.03878	-0.9333	-0.80217	16.98	170.156	3.84375
GLY_201	-4.01544	0.53284	4.12914	-0.00044	0	0	2.18312	5.53668	0.00989	0.06451	-2.80463	-0.23726	0	0	0	0	0	0	0.21149	0	0	0	0	0.54401	0	0	1.435	0.24832	7.83723	161.951	2.04937
GLY_202	-3.18355	1.32112	2.97178	-0.00051	0	0	1.19929	3.77084	0.0219	0.27111	0.55184	-0.14387	0	0	0	0	0	0	-0.15252	0	0	0	0	-1.49525	0	0	1.435	0.91028	7.47746	161.319	2.68083
MET_203	-5.32063	0.2667	3.66835	-0.49361	0.16309	0.18493	1.91457	4.59271	0.19485	1.45897	-1.08349	-0.20871	0	0	0	0	0	0	-0.09809	9.45326	8.16124	1.29202	0	0.25352	0	0	1.4633	-0.21042	25.6526	218.694	43.3059
TYR_204	-9.1177	2.07326	4.3747	-1.18078	0.41136	0.65799	2.19988	8.04127	0.02532	0.15894	-0.21535	-0.32949	0	0	0	0	0	0	0.4403	2.74204	0.53497	0	2.20707	-0.57144	0	0	1.7379	0.5898	14.78	245.406	2.59433
LEU_205	-7.46052	0.93732	3.15758	-0.42078	0.40291	0.07143	3.25897	6.20065	0	0	-2.22366	0.05047	0	0	0	0	0	0	0.03352	2.01893	0.75972	1.25921	0	0.05452	0	0	1.3223	1.78892	11.2115	203.595	6.40547
ARG_206	-12.332	9.11797	11.7588	-0.53612	0.23666	0.31254	6.3665	13.7826	0.01045	0.04412	-5.25843	-0.08157	0	0	0	-1.09004	0	0	-0.06171	3.81778	0.19333	3.62445	0	0.17825	0	0	-0.1423	0.74184	30.6831	265	0
ILE_207	-8.94992	1.8726	4.29835	-0.47709	1.38622	0.09682	2.98563	7.69792	0.08845	0.49912	-2.44357	0.06296	0	0	0	0	0	0	0.10904	0.54989	0.00898	0.54091	0	-1.06573	0	0	1.8006	-0.29298	8.76819	207	0
ASN_208	-7.52447	3.32422	6.49765	-0.19014	0.00216	0.27069	4.04315	8.13654	0.01044	0.04405	-3.24365	-0.83383	0	0	0	-0.50151	0	0	-0.07872	7.69395	3.9888	0	3.70515	0.53077	0	0	-0.3009	-0.28645	25.2879	171.066	12.9336
GLN_209	-9.8527	2.10593	6.72351	-0.37043	0.23813	0.21175	3.5961	8.45225	0.0008	0.00414	-3.88539	-0.15767	0	0	0	-2.0886	0	0	0.067	5.41572	1.58046	0	3.83526	0.33986	0	0	-0.1077	0.09008	16.1985	208.97	8.03007
PHE_210	-3.13929	0.1613	3.6044	-0.77387	0.1944	0.28669	2.0351	4.56096	0.00083	0.00464	-1.84884	-0.66129	0	0	0	0	0	0	0.09464	3.98838	0.09551	0	3.89287	-0.53275	0	0	1.9602	1.18794	15.1118	79.8138	157.186
GLY_211	-3.98885	1.04017	3.32297	-0.0002	0	0	1.93056	4.7705	0.04581	0.42182	-1.45731	-0.31315	0	0	0	-1.28289	0	0	-0.67192	0	0	0	0	-2.21451	0	0	1.435	1.97756	5.01556	156.242	7.75793
ASP_212	-5.54883	1.43836	5.24798	-0.23051	0.08968	0.79941	2.27062	6.428	0.05111	0.1646	-2.50321	-2.5878	0	0	0	0	0	0	-0.10098	3.48658	0.48324	0	3.00335	-0.69089	0	0	-1.6204	0.18385	10.3642	162.498	22.5016
VAL_213	-5.74155	0.64537	3.50958	-0.26749	0.33835	0.05711	2.87841	6.13204	0	0	-2.21925	-0.16484	0	0	0	0	0	0	-0.15831	1.35222	0.89408	0.45814	0	-1.32395	0	0	2.7371	-1.18007	7.94693	145.78	36.2195
CYS_214	-7.03848	1.95702	3.34983	-0.0396	0	0.01652	3.01977	5.57467	0	0	-2.31775	-0.25326	0	0	0	0	0	0	0.2529	0.80234	0.24598	0.55636	0	0.37102	0	0	4.3148	-0.62028	10.1918	153.996	2.00363
THR_215	-7.43185	3.03599	5.65087	-0.1775	0.24305	0.06309	4.61536	8.04548	0.00304	0.01317	-2.65484	-0.48891	0	0	0	-0.31245	0	0	0.04213	2.24288	2.00141	0.24148	0	-0.31586	0	5.05526	-0.9333	-0.15409	18.7844	172.717	1.2832
VAL_216	-7.1732	2.03748	4.06904	-0.26767	0.3021	0.05591	3.70531	7.19939	0.00284	0.00763	-3.20743	-0.25866	0	0	0	0	0	0	0.03059	0.35931	0.01754	0.34177	0	-1.24362	0	0	2.7371	-0.40552	8.3099	180.463	1.53703
ASP_217	-6.6922	26.3487	8.91854	-0.11729	0.0044	0.35376	5.74071	9.80938	0.02843	0.1742	-5.01167	-0.58897	0	0	0	0	-0.51611	0	-0.1216	5.60989	0.3151	0	5.29478	0.26605	0	0	-1.6204	-0.36054	47.8352	181.126	3.87382
ALA_218	-3.77519	0.14862	2.09369	-0.02023	0	0	1.54639	4.40892	0.00303	0.00967	-0.91111	-0.28652	0	0	0	0	0	0	0.29321	0	0	0	0	0.54128	0	0	2.2619	0.77188	7.08554	150.342	2.65752
SER_219	-4.987	1.41087	4.59585	-0.04043	0.03807	0.05869	3.30437	6.1512	0.00208	0.01946	-1.40046	0.16548	0	0	0	0	0	0	-0.00653	0.76444	0.06901	0.69543	0	0.37764	0	4.04	-0.539	0.91641	15.6356	161.041	0.959148
VAL_220	-6.30496	2.81547	2.12262	-0.2824	0.34583	0.05189	2.3049	5.3743	0	0	0.72573	0.17347	0	0	0	0	0	0	0.12251	4.16791	3.74482	0.42309	0	1.18463	0	0	2.7371	0.83326	20.5402	182	0
ALA_221	-5.31537	1.62556	2.09931	-0.0248	0	0	1.46888	5.16596	0	0	0.50171	-0.42492	0	0	0	0	0	0	-0.09138	0	0	0	0	-0.07953	0	0	2.2619	0.16052	7.34784	151.176	1.82445
LYS_222	-9.57139	1.84264	10.9552	-0.5729	0.69054	0.29699	5.09898	12.1838	0.19189	0.73622	-3.89983	0.3321	0	0	0	0	0	0	0.05718	5.68201	2.01742	3.6646	0	-0.21997	0	0	-0.8895	0.66425	29.2603	246.846	5.1537
PHE_223	-8.85943	1.85777	4.47342	-0.62841	0.07237	0.36462	2.60346	7.82072	0	0	-0.68317	0.23375	0	0	0	0	0	0	-0.03571	3.29015	0.5893	0	2.70084	-0.32889	0	0	1.9602	0.82532	16.2563	232.532	4.46804
ALA_224	-5.03205	0.91234	3.21526	-0.02312	0	0	2.63429	5.90336	0.00245	0.00661	-2.15914	-0.37592	0	0	0	0	0	0	0.03533	0	0	0	0	-0.09316	0	0	2.2619	-0.94125	6.3469	144.702	8.298
ARG_225	-7.42153	1.45823	8.65215	-0.75797	0.62991	0.50683	4.44443	9.41468	0.09377	0.61934	-4.68174	0.69952	0	0	0	-0.52334	-0.18097	0	-0.09849	11.4492	8.37085	3.07838	0	0.19279	0	0	-0.1423	-0.66642	35.1373	229.014	35.9858
ALA_226	-4.11757	0.82684	2.88381	-0.02162	0	0	2.47356	4.88041	0.00229	0.00605	-1.41532	-0.34244	0	0	0	0	0	0	-0.09352	0	0	0	0	-0.12382	0	0	2.2619	-0.2313	6.98927	150.438	2.56172
LYS_227	-7.28239	20.2301	9.27138	-0.57399	2.1728	0.29196	5.1207	10.0903	0	0	-7.18184	0.13508	0	0	0	-0.42258	-0.93085	0	-0.01123	5.58748	1.33745	4.25003	0	0.19782	0	0	-0.8895	-0.21887	41.1738	230.901	21.0992
ARG_228	-9.54564	1.98903	10.2143	-1.8786	2.28982	2.17618	6.12586	12.195	0.00017	0.0017	-5.90253	0.44011	0	0	0	-0.26531	-1.34386	0	0.01085	6.62936	2.69759	3.93177	0	-0.38718	0	0	-0.1423	-0.4353	28.801	256.127	8.87255
THR_229	-6.67425	3.64973	4.39802	-0.17177	0.21413	0.06007	2.8307	6.58442	0.00052	0.00264	-0.98916	-0.48292	0	0	0	-0.47605	0	0	-0.06437	0.91982	0.56148	0.35834	0	-0.36978	0	5.04352	-0.9333	-0.37452	14.0873	171.569	2.43064
TRP_230	-10.668	2.17957	3.60081	-1.46207	0.98194	0.84325	2.96226	7.4489	0	0	-1.40283	-0.33653	0	0	0	0	0	0	-0.03144	5.53485	2.43048	0	3.10437	-0.7099	0	0	3.7077	0.7042	18.8875	269.553	0.446804
LYS_231	-7.0204	1.33146	4.91957	-0.34763	0.10695	0.14076	2.25851	6.22573	0.08439	0.42086	-2.54303	0.07455	0	0	0	0	0	0	0.00355	4.07539	1.13886	2.93653	0	0.09631	0	0	-0.8895	0.5184	13.5313	187.272	64.7277
SER_232	-5.51569	1.48501	4.59009	-0.03714	0.00705	0.04978	2.97212	5.79681	0.02047	0.20296	-1.39025	0.00928	0	0	0	-0.30673	0	0	-0.06869	0.71409	0.15706	0.55703	0	0.2208	0	4.04	-0.539	1.35425	14.3193	160.367	1.63284
GLY_233	-4.01826	0.22679	3.01811	-5e-05	0	0	2.18709	4.82656	0	0	-0.15503	-0.37626	0	0	0	0	0	0	-0.3753	0	0	0	0	-2.39126	0	0	1.435	0.60514	4.98251	164	0
HIS_234	-7.84765	1.59021	6.38458	-0.41747	0.02199	0.44533	3.32898	8.73293	0.17559	1.19726	-0.84509	-0.24283	0	0	0	0	0	0	0.16452	2.73685	0.03975	0	2.6971	0.05377	0	0	0.8406	-1.22707	17.8293	213.641	27.3589
TYR_235	-11.5078	3.32372	3.93113	-0.51	0.02041	0.12768	2.96987	8.80874	0	0	-3.44642	-0.05387	0	0	0	-0.8255	0	0	0.13773	6.36903	3.48992	0	2.87911	0.3293	0	0	1.7379	-0.41777	17.3632	248	0
PHE_236	-8.91942	1.0271	4.11884	-0.86901	0.1401	0.47848	2.98878	7.06345	0.02873	0.097	-1.67366	-0.33117	0	0	0	0	0	0	0.65639	2.5263	0.05852	0	2.46778	-0.75912	0	0	1.9602	-0.17955	10.8797	231.624	5.37597
TYR_237	-10.2015	3.17393	4.71972	-0.8096	0.15999	0.17367	2.44486	7.21434	0.07436	0.41697	-1.11851	-0.31419	0	0	0	-0.25804	0	0	-0.02686	5.34424	0.89134	0	4.4529	-0.03519	0	0	1.7379	-0.3125	17.7279	229.929	18.0708
GLU_238	-7.06057	2.67525	7.10446	-0.37144	0.16079	0.62183	3.98535	8.19898	0.08681	0.74995	-4.21191	-1.12013	7.52328	0	0	0	-1.34386	0	0.56679	7.20866	1.25147	0	5.95719	0.3254	0	0	-1.6358	2.84768	33.5202	218.743	4.25705
PRO_239	-5.96888	2.04525	2.56214	-0.18903	0.0326	0.14363	1.48912	3.61826	0.04792	0.18397	-2.11205	-0.0347	7.59888	0	0	0	0	0	0.26348	2.29115	1.77607	0.51508	0	-0.25886	0	0	-4.6787	3.34945	12.6748	183.62	15.3797
LEU_240	-8.96889	1.84167	4.41142	-0.4938	0.49291	0.10465	3.25494	8.03897	0	0	-1.5397	0.15957	0	0	0	0	0	0	0.03361	1.67481	0.92718	0.74763	0	-0.51554	0	0	1.3223	-0.14886	11.3429	203.31	6.68965
VAL_241	-5.85569	0.85686	2.3757	-0.32606	1.12764	0.07545	1.47201	5.4626	0	0	-0.7771	-0.45211	0	0	0	0	0	0	-0.20703	1.97379	0.26539	1.70841	0	0.56485	0	0	2.7371	-0.2418	10.76	166.217	15.7827
SER_242	-3.0921	0.89289	3.40514	-0.04291	0.04267	0.05733	1.91309	4.08952	0.05013	0.40363	1.41801	-0.1432	0	0	0	0	0	0	-0.09403	0.50038	0.22909	0.27129	0	-0.52868	0	4.04	-0.539	-0.34082	12.5324	114.838	47.162
GLY_243	-1.92023	0.43298	2.71241	-8e-05	0	0	1.51762	3.42437	0.00882	0.04154	-0.67878	-0.40175	0	0	0	0	0	0	-0.37461	0	0	0	0	-2.50891	0	0	1.435	-1.12142	2.56696	106.286	57.7139
GLY_244	-3.57925	0.89737	3.99581	-0.00026	0	0	2.08482	5.27344	0.02137	0.16581	-1.41342	-0.18877	0	0	0	0	0	0	-0.15521	0	0	0	0	0.30289	0	0	1.435	-0.54302	8.2966	152.045	11.9548
ASN_245	-6.53231	0.75492	6.00903	-0.17796	0.00543	0.2861	3.75064	7.63347	5e-05	0.00081	-2.79758	-0.73347	0	0	0	-0.89787	-0.58543	0	-0.04487	2.99598	0.00196	0	2.99402	0.49666	0	0	-0.3009	0.29341	13.1521	154.363	29.6374
LEU_246	-8.82148	5.71947	3.39674	-0.46938	0.21354	0.10192	3.19716	6.6361	0	0	-2.45112	0.06327	0	0	0	0	0	0	0.1656	2.19198	1.27633	0.91564	0	-0.1714	0	0	1.3223	-0.02524	13.2614	210	0
LEU_247	-7.72575	0.80397	1.80313	-0.47027	2.14396	0.09606	2.4978	5.20228	0	0	-2.12118	0.03296	0	0	0	0	0	0	-0.16554	3.9889	2.59076	1.39814	0	-0.20948	0	0	1.3223	0.13902	11.327	210	0
GLY_248	-4.84013	1.46298	3.09549	-0.00106	0	0	2.41675	5.57518	0	1e-05	-2.43401	-0.29137	0	0	0	0	0	0	-0.03085	0	0	0	0	-0.08615	0	0	1.435	1.06944	7.37128	164	0
VAL_249	-8.12544	3.71154	1.80463	-0.2669	0.57613	0.05793	2.1083	6.7235	0	0	-1.84233	-0.16236	0	0	0	0	0	0	0.16301	1.95247	1.06606	0.88641	0	-0.14319	0	0	2.7371	1.10545	12.3523	182	0
TRP_250	-12.3933	3.13971	4.11713	-0.81626	0.19247	0.16999	2.07131	8.6468	0.14254	0.91183	-2.46527	-0.27133	0	0	0	0	0	0	0.05832	5.00033	1.45278	0	3.54755	-0.03088	0	0	3.7077	0.25662	17.438	264.192	5.80846
VAL_251	-8.71017	2.49046	3.23975	-0.2356	0.18515	0.04469	3.5736	6.82247	0	0	-1.56581	-0.15666	0	0	0	0	0	0	-0.12338	1.19816	0.29298	0.90518	0	-1.0198	0	0	2.7371	-0.40941	9.26872	182	0
LEU_252	-7.848	3.66102	2.63229	-0.53697	0.63659	0.15825	2.172	5.21989	0	0	0.01714	0.00358	1.97854	0	0	-0.30673	0	0	0.09112	2.75267	1.37988	1.37279	0	0.1129	0	0	1.3223	2.38526	17.2045	208.463	1.53703
PRO_253	-5.58778	2.5934	2.59495	-0.12728	0.07123	0.07515	0.38468	2.48767	0	0	0.07148	0.84944	1.99962	0	0	0	0	0	-0.07167	3.85416	3.55366	0.30049	0	0.40081	0	0	-4.6787	3.10131	11.8726	172.555	26.4452
GLU_254	-5.49592	1.72779	5.99931	-0.21283	0.11984	0.36524	2.77277	6.65698	0.00061	0.00192	-2.12396	-0.43134	0	0	0	0	-0.85413	0	0.11748	5.97357	1.16861	0	4.80497	0.30525	0	0	-1.6358	1.1434	20.4038	152.835	70.1651
GLU_255	-6.89666	1.68168	7.65615	-0.62648	0.75596	1.14504	4.83458	8.26864	0.06208	0.47996	-5.9564	-0.5853	0	0	0	-1.80925	-0.55176	0	-0.05426	5.08418	0.71245	0	4.37172	-0.47243	0	0	-1.6358	0.26608	16.7302	196.567	26.4326
TYR_256	-4.98051	0.89374	2.90799	-0.64979	0.12621	0.39686	1.82012	4.08082	0.01323	0.12089	-1.2095	-0.19752	0	0	0	0	0	0	-0.12276	2.72	0.12074	0	2.59926	-0.39061	0	0	1.7379	-0.572	9.41504	115.941	132.059
ARG_257	-8.85171	1.29324	9.76108	-0.64532	0.38294	0.3995	4.33906	10.0824	0.00061	0.00192	-4.18691	0.68597	0	0	0	0	-1.3599	0	0.06997	4.73456	1.23597	3.49859	0	-0.36827	0	0	-0.1423	-0.27858	20.6528	220.601	44.3987
LYS_258	-9.89446	3.65816	7.99255	-0.54939	1.86172	0.28429	5.3207	9.03475	0	0	-0.87055	0.03796	0	0	0	0	0	0	-0.01301	4.24804	0.36672	3.88131	0	0.17415	0	0	-0.8895	-0.36974	24.2737	250.206	1.79438
ILE_259	-8.38794	1.30345	3.60206	-0.46758	1.25833	0.09122	3.02187	5.89501	0	0	-2.03033	0.04423	0	0	0	0	0	0	-0.01202	0.68288	0.17026	0.51262	0	-0.89387	0	0	1.8006	-0.37311	6.21768	203.154	3.8461
GLY_260	-4.60421	0.62176	2.91804	-0.00118	0	0	2.79829	5.2449	0	0	-2.96404	-0.3097	0	0	0	0	0	0	-0.23492	0	0	0	0	-1.4908	0	0	1.435	0.6835	4.09664	164	0
PHE_261	-10.3831	3.62944	2.58819	-1.18168	0.37272	0.76286	2.87822	6.44861	0	0	-2.14533	-0.18474	0	0	0	0	0	0	0.07442	2.08948	0.00211	0	2.08737	-0.62156	0	0	1.9602	1.06951	9.44674	237	0
PHE_262	-9.05934	1.81339	3.31938	-0.59342	0.08549	0.30132	2.96733	7.14233	0	0	-2.22079	-0.09635	0	0	0	0	0	0	0.04099	3.71682	0.56464	0	3.15218	-0.41587	0	0	1.9602	0.81302	13.4913	235.975	1.02469
TRP_263	-13.7691	5.38614	5.11002	-0.82082	0.03474	0.22457	3.65923	9.42403	0	0	-3.09479	-0.31431	0	0	0	-0.19236	0	0	0.10738	3.47724	1.19907	0	2.27817	-0.10915	0	0	3.7077	0.57266	16.8804	270	0
GLU_264	-7.17699	1.91288	8.67402	-0.33202	0.05784	0.44788	5.46099	9.88807	0.03259	0.44134	-5.56861	-0.32952	0	0	0	0	-1.18553	0	-0.11455	4.93963	0.05566	0	4.88397	0.41225	0	0	-1.6358	0.4505	21.3146	205.792	17.208
MET_265	-8.16815	1.00581	4.20225	-0.8528	0.91693	0.21191	2.17064	5.77266	0	0	-1.36144	0.26687	0	0	0	0	0	0	-0.15288	4.06155	2.71592	1.34563	0	-0.08978	0	0	1.4633	0.69373	14.2021	262	0
GLU_266	-4.67966	0.45472	6.35673	-0.52271	0.61882	1.4707	2.53565	7.06086	0	0	-3.01685	-1.3616	0	0	0	-0.89787	-0.58543	0	-0.06633	7.04683	1.0793	0	5.96753	-0.24758	0	0	-1.6358	-0.17849	19.3988	157.217	65.7826
SER_267	-4.23716	0.53514	5.15407	-0.04074	0.02599	0.05245	3.39989	5.88552	0.03895	0.36773	-0.04031	0.2182	0	0	0	0	-0.49459	0	0.05357	1.15173	0.54233	0.6094	0	0.00369	0	4.04	-0.539	-0.12031	16.6065	110.188	51.8121
GLY_268	-4.60844	0.86651	3.94919	-5e-05	0	0	2.39017	5.82522	0.02877	0.32317	-2.0014	-0.41997	0	0	0	0	0	0	-0.33235	0	0	0	0	-2.16925	0	0	1.435	-0.49949	4.78707	164	0
ARG_269	-7.1235	0.74735	6.7476	-0.65467	0.22708	0.43496	3.88466	8.26913	0.07703	0.82571	-3.27762	0.56936	0	0	0	0	-1.20478	0	-0.0458	2.90207	0.17151	2.73056	0	-0.10705	0	0	-0.1423	-1.16108	13.8702	186.049	78.9508
CYS_270	-6.99195	1.07804	2.39464	-0.07048	0.02097	0.05203	0.81265	3.50448	0.11059	0.84872	-0.06986	-0.47244	0	0	0	0	0	0	0.34055	0.3998	0.01028	0.38952	0	0.02416	0	0	4.3148	0.18874	6.88524	153.766	2.23402
PHE_271	-9.47071	2.80578	4.47674	-0.55392	0.15929	0.24543	3.04406	7.80189	0.00197	0.00526	-3.26611	0.13195	0	0	0	0	0	0	-0.05748	3.61609	0.06776	0	3.54832	-0.2201	0	0	1.9602	0.09009	14.3865	234.759	2.24118
ARG_272	-11.3775	1.97402	8.96483	-0.67472	0.24478	0.46817	5.15547	10.855	0.03866	0.47788	-5.3156	0.3481	0	0	0	-0.77257	-0.55186	0	1.59151	3.69027	0.61697	3.07329	0	-0.05287	0	0	-0.1423	-0.66947	17.9421	258.944	6.0561
ILE_273	-9.58298	2.63315	3.60883	-0.57346	3.22345	0.11108	3.07251	7.47135	0	0	-2.54254	0.11979	0	0	0	0	0	0	-0.04265	3.99474	3.06664	0.9281	0	0.66422	0	0	1.8006	0.94237	18.8952	207	0
GLU_274	-9.12812	2.8112	9.87938	-0.38775	0.38687	0.52655	6.2573	10.8332	0.04278	0.36591	-7.58107	-0.55467	0	0	0	-0.41462	-1.35759	0	0.14124	9.39588	4.19877	0	5.19711	-0.09609	0	0	-1.6358	1.05861	29.9391	223	0
ARG_275	-10.322	2.55251	8.52127	-0.41643	0.08714	0.21101	5.07788	9.75843	0	0	-1.755	0.05758	0	0	0	0	-0.82523	0	-0.01199	5.59396	2.27798	3.31598	0	-0.18006	0	0	-0.1423	-0.16389	23.6368	260.751	4.24949
ARG_276	-9.20671	2.11949	10.5692	-0.72981	0.42217	0.52217	6.05871	11.5924	0.08074	0.49717	-4.92671	0.23019	0	0	0	0	-1.28728	0	0.01186	5.05369	0.52854	4.52515	0	-0.33305	0	0	-0.1423	-0.4094	25.1763	229.516	35.4837
ALA_277	-3.85189	0.86068	1.09487	-0.02488	0.00078	0	1.62835	3.28232	0	0	-1.62481	-0.347	0	0	0	0	0	0	-0.03092	0	0	0	0	0.67708	0	0	2.2619	-0.11137	3.81513	149.846	3.1542
PHE_278	-6.88891	1.21449	2.76554	-1.07928	0.26866	0.76739	2.3168	5.40619	0	0	-1.98035	-0.12838	0.26251	0	0	0	0	0	0.24509	2.52595	0.51064	0	2.01531	-0.49738	0	0	1.9602	3.15113	12.8356	202.137	34.8629
PRO_279	-2.64282	1.00036	1.026	-0.19913	0.06149	0.14838	0.46774	1.76782	0	0	-0.66878	0.02025	0.2626	0	0	0	0	0	0.06596	1.77622	1.58521	0.19101	0	0.22767	0	0	-4.6787	3.84072	4.25201	98.9896	100.01
VAL_280	-5.87004	21.5851	1.95097	-0.26294	0.21748	0.05631	2.3526	4.62753	0	0	-1.89787	-0.48611	0	0	0	0	0	0	0.06312	0.72602	0.40208	0.32395	0	0.36461	0	0	2.7371	2.3584	29.2483	149.711	32.2894
GLY_281	-1.64927	1.77415	1.44146	-0.00022	0	0	0.47152	2.24879	0	0	0.60237	-0.25447	0.5594	0	0	0	0	0	-0.29926	0	0	0	0	-2.25094	0	0	1.435	5.27059	9.34912	99.468	64.532
PRO_282	-2.74118	1.15386	0.86897	-0.14917	0.11056	0.08774	0.37296	1.20851	0.00125	0.01442	0.26855	0.73393	0.56035	0	0	0	0	0	-0.02734	3.27975	3.09361	0.18614	0	0.30862	0	0	-4.6787	4.44119	9.09403	70.1617	128.838
TYR_283	-7.66766	1.46698	2.96329	-0.58982	0.14966	0.32716	3.16578	5.30099	0	0	-2.09594	0.01914	0	0	0	0	0	0	0.07809	4.48923	0.39473	0	4.0945	-0.36485	0	0	1.7379	1.26305	14.7322	202.025	45.9749
THR_284	-5.04106	0.70104	2.51323	-0.1704	0.1548	0.06044	1.72129	4.49211	0.00767	0.09631	-1.40539	-0.53459	0	0	0	0	0	0	-0.11757	0.45117	0.22441	0.22675	0	-0.28277	0	5.04829	-0.9333	0.64794	7.86034	130.314	43.6864
PHE_285	-10.1785	1.67373	2.3149	-0.50909	0.13591	0.19899	3.57613	6.86543	0	0	-2.66387	-0.01655	0	0	0	0	0	0	-0.00264	4.75917	1.54579	0	3.21338	-0.46061	0	0	1.9602	-0.08947	12.3229	237	0
MET_286	-8.75251	2.64868	3.85312	-0.38158	0.2957	0.10609	2.93558	6.0765	0.01995	0.06711	-2.46341	5e-05	0	0	0	0	0	0	0.04409	3.77326	1.95619	1.81707	0	0.24408	0	0	1.4633	0.28471	13.988	262	0
ARG_287	-9.34338	1.75739	7.75798	-0.76005	0.35911	0.55877	4.60606	9.29213	0.02749	0.27212	-3.88586	0.49786	0	0	0	0	-0.98718	0	-0.03516	3.65305	0.65572	2.99733	0	0.32075	0	0	-0.1423	0.29964	17.9015	249.952	15.0478
GLN_288	-8.7802	5.42482	6.99617	-0.35362	0.07247	0.22177	4.75734	8.76562	0.05769	0.27812	-4.01802	-0.21534	0	0	0	-0.09323	-0.82523	0	-0.08196	4.42977	0.16964	0	4.26013	0.49391	0	0	-0.1077	-0.23106	21.2211	216.553	0.446804
ALA_289	-5.1628	1.0483	2.65349	-0.02636	0.00493	0	2.81998	5.27288	0.00093	0.00319	-2.34218	-0.45639	0	0	0	0	0	0	-0.11481	0	0	0	0	0.82248	0	0	2.2619	0.95011	7.73565	153	0
THR_290	-6.5166	0.86425	4.73689	-0.16168	0.14707	0.05994	3.46759	6.81304	0.02793	0.17422	-2.49666	-0.6636	0	0	0	0	0	0	0.0145	1.69125	1.4052	0.28605	0	-0.34986	0	5.0427	-0.9333	1.11974	14.7287	171.247	2.75333
GLU_291	-8.58498	2.89308	8.7948	-0.64427	0.55991	1.41273	4.22198	10.1712	0.00036	0.00337	-5.53652	-0.43967	0	0	0	-0.30814	-0.55186	0	0.0445	6.47666	0.16178	0	6.31488	-0.02	0	0	-1.6358	-0.02588	23.3081	215.78	7.21964
VAL_292	-5.59781	1.2333	3.47042	-0.34427	0.69011	0.08271	2.08011	5.74835	0	0	-0.90861	-0.39351	0	0	0	0	0	0	0.01155	3.04156	2.63692	0.40464	0	0.69589	0	0	2.7371	1.3335	16.922	160.189	21.8105
GLY_293	-1.19923	0.24629	1.51194	-4e-05	0	0	0.41548	1.97474	0	0	0.58992	-0.39272	0	0	0	0	0	0	-0.14173	0	0	0	0	-0.06814	0	0	1.435	2.4331	6.80461	87.3097	76.6903
GLY_294	-1.53247	0.37581	2.27364	-5e-05	0	0	0.88312	2.69835	0.02134	0.06433	-1.13888	-0.38715	0	0	0	-0.30814	0	0	-0.39493	0	0	0	0	-2.38932	0	0	1.435	0.09758	1.69821	90.0079	73.9921
LYS_295	-3.51312	0.76286	4.58328	-0.40843	0.17028	0.23235	2.59024	5.33817	0.01812	0.05411	-1.43673	-0.01509	0	0	0	0	0	0	-0.1417	3.32699	0.70669	2.62031	0	0.58856	0	0	-0.8895	-0.81022	13.7772	111.893	140.107
ILE_296	-5.53351	1.6584	0.61002	-0.49707	1.35356	0.10558	0.34063	2.99307	0.02182	0.06621	-0.50787	0.19727	0	0	0	0	0	0	0.04745	0.91237	0.27756	0.63481	0	-1.18646	0	0	1.8006	-0.46393	2.83051	143.3	63.6999
SER_297	-3.60403	0.29553	3.9366	-0.03551	0.00628	0.02498	2.83491	4.99313	0.01812	0.05411	-2.40904	-0.62263	0	0	0	0	0	0	-0.12219	0.73059	0.04759	0.683	0	0.87811	0	4.04	-0.539	-0.41126	10.7993	131.037	30.9631
PHE_298	-6.59437	1.72742	0.16952	-0.58271	0.04694	0.30149	0.79051	3.64832	0.00048	0.00188	-0.8345	0.24598	0	0	0	0	0	0	0.01523	2.81336	0.19451	0	2.61885	-0.49756	0	0	1.9602	-0.16488	5.86066	208.014	28.9856
VAL_299	-8.02053	4.81888	3.37855	-0.25099	0.19018	0.05041	3.38196	7.41634	0	0	-2.58961	-0.27793	0	0	0	0	0	0	-0.12181	0.43135	0.01225	0.4191	0	-1.23473	0	0	2.7371	-0.73729	9.60322	181.488	0.512343
PHE_300	-10.3245	3.56683	3.42448	-0.54566	0.08127	0.24435	3.65347	7.4437	0	0	-3.50117	-0.03233	0	0	0	0	0	0	-0.05482	3.101	0.41957	0	2.68143	-0.23288	0	0	1.9602	-0.72543	11.1595	237	0
TYR_301	-11.4731	2.05034	4.59383	-0.57508	0.10747	0.33683	3.7546	8.67489	0.0219	0.27111	-2.27487	-0.21562	0	0	0	0	0	0	-0.00542	3.77078	1.34255	0	2.42824	-0.53281	0	0	1.7379	-0.78614	13.2274	246.051	1.94856
VAL_302	-8.03103	0.71639	1.90187	-0.36506	0.55778	0.08719	2.91146	5.99743	0	0	-2.89994	0.00013	0	0	0	0	0	0	-0.02524	1.00994	0.00849	1.00145	0	-1.14328	0	0	2.7371	-0.72886	3.7358	182	0
LYS_303	-9.5609	1.45055	7.92845	-0.36598	0.08882	0.17393	4.14042	9.57362	0.00873	0.10631	-4.58376	0.08315	0	0	0	0	0	0	-0.14139	6.82649	4.5967	2.22979	0	0.32723	0	0	-0.8895	-0.06423	21.9284	238.533	13.4671
VAL_304	-9.63415	2.5309	4.21287	-0.27128	0.22896	0.04755	3.09348	8.19177	0.0016	0.00418	-2.37762	0.11903	0	0	0	0	0	0	-0.13115	0.44049	0.05985	0.38063	0	0.20202	0	0	2.7371	0.44096	10.2772	182	0
SER_305	-6.02295	1.15728	5.50702	-0.0341	0.01607	0.04511	3.54246	6.89444	0	0	-0.39625	0.01375	0	0	0	0	0	0	-0.02801	1.209	0.11526	1.09374	0	-0.71661	0	4.04	-0.539	0.77868	16.6759	152.526	9.47364
ASN_306	-4.14975	1.17773	3.46813	-0.17935	0.09061	0.28391	1.39941	4.78243	0.02227	0.21353	-0.54357	-0.38527	0	0	0	0	0	0	-0.1171	2.49921	0.2978	0	2.20141	-0.06232	0	0	-0.3009	0.17317	10.8714	102.563	81.4369
ASP_307	-4.70629	1.37707	5.99922	-0.19015	0.08588	0.60965	2.41137	6.6071	0	0	-0.95688	-1.41425	0.01431	0	0	-0.45709	0	0	-0.06124	3.30158	0.06033	0	3.24124	0.0052	0	0	-1.6204	2.3789	16.6856	113.693	71.3068
PRO_308	-8.32314	1.77616	6.05732	-0.10407	0.02191	0.06278	2.20737	6.41274	0	0	-0.77278	0.82624	0.02662	0	0	-0.4767	0	0	-0.07645	3.27461	2.80619	0.46842	0	-0.00788	0	0	-4.6787	2.79485	12.2955	194.387	4.61344
GLU_309	-3.72047	0.932	4.86188	-0.21606	0.07096	0.29187	1.70959	5.1682	0.11934	0.96427	-2.03799	-0.62652	0	0	0	-0.45709	0	0	-0.09186	5.52605	1.20098	0	4.32507	-0.04422	0	0	-1.6358	0.53844	16.8786	138.225	84.7747
SER_310	-5.05027	0.59115	6.32594	-0.03219	0.00103	0.03458	2.50168	6.74325	0	0	-1.19484	-0.23402	0	0	0	-0.50151	-0.22329	0	0.33364	1.78105	0.92115	0.85991	0	-0.67768	0	4.04	-0.539	1.14178	16.8223	154.114	7.88634
ASP_311	-3.33426	1.59836	5.56823	-0.10837	0.01447	0.31496	3.14249	5.95474	0.02997	0.16658	-2.3067	-0.05506	0.86007	0	0	-1.0694	0	0	0.02739	3.08013	0.16022	0	2.91991	0.4614	0	0	-1.6204	3.88249	19.6872	94.1628	90.8372
PRO_312	-3.67891	2.1963	1.76386	-0.13306	0	0.09511	0.51958	2.00457	0	0	-0.8272	0.29366	0.86339	0	0	0	0	0	0.0407	1.42678	0.66709	0.75969	0	-1.68553	0	0	-4.6787	3.18472	2.81204	121.535	77.4649
ILE_313	-5.05635	2.87759	3.09661	-0.52811	0.77706	0.13707	1.87827	4.34812	0	0	-0.0288	-0.2091	0.00202	0	0	-0.31245	0	0	0.1608	2.82158	2.24393	0.57764	0	-0.13105	0	0	1.8006	2.18495	16.6404	142.344	64.6562
PRO_314	-1.97429	0.64777	1.69529	-0.10697	0.00091	0.07621	0.44149	1.86919	0.00052	0.00264	0.03418	0.37011	0.0127	0	0	0	0	0	-0.17096	2.07331	1.98959	0.08372	0	-2.08837	0	0	-4.6787	2.85865	3.137	77.7819	121.218
LEU_315	-5.03334	2.27869	0.64778	-0.5376	0.37776	0.09623	0.9089	2.99852	0	0	0.08266	0.42201	0	0	0	0	0	0	0.05286	2.18784	0.50152	1.68632	0	-0.23869	0	0	1.3223	0.1297	7.88347	153.811	56.1889
GLN_316	-6.20857	1.3162	5.99691	-1.05962	0.67659	1.37883	2.14021	7.28568	0.08456	0.55256	-0.7951	-0.87075	0	0	0	-0.47605	0	0	0.03549	4.67921	0.22864	0	4.45057	0.44144	0	0	-0.1077	0.7258	20.4749	184.317	32.6829
SER_317	-7.00105	2.23759	8.41217	-0.03676	0.03864	0.05722	3.72026	9.40012	0.14446	0.67381	-0.9194	-0.45553	0	0	0	0	0	0	0.17395	1.07482	1.03142	0.0434	0	-0.91197	0	4.04	-0.539	0.9445	22.1287	162	0
ARG_318	-11.199	1.82678	12.6033	-1.34762	1.32842	0.89581	6.00186	13.8722	0.03086	0.32927	-6.10678	-0.01015	0	0	0	-0.50049	-1.23233	0	-0.11563	3.83271	0.65182	3.18089	0	-0.36197	0	0	-0.1423	0.48875	24.0265	265	0
ASP_319	-8.48628	0.81049	10.6513	-0.11207	0.00462	0.3351	5.58491	12.5771	0.04808	0.29266	-2.78374	-0.72167	0	0	0	-0.8255	0	0	-0.06286	5.88286	0.97393	0	4.90893	0.03978	0	0	-1.6204	0.71086	28.2081	185	0
TYR_320	-8.61322	0.88312	7.38354	-0.94932	0.09897	0.33216	3.3794	10.3871	0.03536	0.28816	-3.7139	-0.26767	0	0	0	-0.59608	0	0	0.08124	2.39728	0.00961	0	2.38766	-0.45218	0	0	1.7379	1.0351	15.8442	181.116	66.8843
THR_321	-7.04128	0.879	6.20464	-0.19627	0.25991	0.06739	3.69379	8.98666	0.06409	0.37356	-2.54562	-0.75581	0	0	0	0	-0.49219	0	0.02064	0.16627	0.07589	0.09038	0	0.06985	0	5.03132	-0.9333	2.56832	16.5873	174	0
ALA_322	-5.90446	0.80407	2.07118	-0.02285	0	0	2.56182	5.63121	0.02014	0.11302	-1.58507	-0.34502	0	0	0	0	0	0	-0.02011	0	0	0	0	-0.5728	0	0	2.2619	1.34347	6.3565	153	0
LEU_323	-9.30353	1.97951	4.12395	-0.51302	0.6354	0.14672	3.48438	8.34147	0	0	-1.9553	0.10221	0	0	0	0	0	0	-0.14316	0.78029	0.57925	0.20105	0	-0.14487	0	0	1.3223	-0.48263	9.15401	210	0
ALA_324	-5.60077	1.27416	3.44441	-0.02813	0.03507	0	2.10855	6.05718	0.0141	0.05798	-0.62196	-0.61262	0	0	0	0	0	0	-0.09634	0	0	0	0	0.35305	0	0	2.2619	0.56834	9.21491	143.94	9.05976
GLY_325	-3.24123	0.90044	2.68472	-5e-05	0	0	1.01869	4.22817	0.04807	0.2926	-0.90771	-0.39359	0	0	0	0	0	0	-0.21424	0	0	0	0	-2.01621	0	0	1.435	0.53867	4.37334	141.256	22.7441
ARG_326	-6.10139	1.21483	5.26858	-0.54841	0.25187	0.36392	2.32977	6.60091	0	0	-1.22163	0.35861	0	0	0	0	0	0	0.28327	3.01965	0.34981	2.66984	0	0.34145	0	0	-0.1423	-0.14366	14.8951	147.408	117.592
ASP_327	-4.60217	0.47832	4.55748	-0.10686	0.01894	0.29962	1.7056	5.9789	0	0	-2.07059	-0.28263	0	0	0	-0.77342	0	0	-0.08775	2.3769	0.00063	0	2.37628	0.06572	0	0	-1.6204	-0.02635	8.28821	127.129	57.8707
ASN_328	-4.88744	1.72035	4.15423	-0.19728	0.0205	0.33558	2.23575	5.68767	0	0	-1.33146	-1.05672	0	0	0	0	0	0	-0.08965	3.52903	0.79215	0	2.73687	-1.71927	0	0	-0.3009	-0.3583	11.2711	128.742	55.2576
ALA_329	-4.94252	0.89457	3.3403	-0.0218	0	0	2.09405	5.67112	0.0794	0.40652	-0.94011	-0.16508	0.12474	0	0	0	0	0	0.13137	0	0	0	0	-0.31125	0	0	2.2619	2.00145	10.6247	153	0
PRO_330	-5.5668	1.46895	3.26349	-0.18622	0.02834	0.1307	1.61103	4.28005	0	0	-1.22988	0.20833	0.12584	0	0	0	0	0	0.15267	2.24801	2.01018	0.23783	0	-0.32102	0	0	-4.6787	2.82245	6.60526	173.38	25.6195
THR_331	-7.39375	3.94854	6.29297	-0.12913	0.11963	0.07875	4.00161	8.44795	0	0	-2.07716	-0.74158	0	0	0	0	0	0	-0.04463	0.18399	0.00885	0.17514	0	-0.82856	0	5.02802	-0.9333	1.0543	17.1916	166.187	7.81338
ASN_332	-5.678	1.32581	4.65493	-0.30198	0.06877	0.578	2.50388	6.01161	0	0	-0.60372	-1.67656	0	0	0	-1.14125	0	0	-0.04435	5.90001	2.10922	0	3.79079	-0.37662	0	0	-0.3009	0.72002	17.5397	134.295	49.7051
LEU_333	-3.35726	1.02148	2.35647	-0.52771	1.83558	0.15555	1.18886	3.301	0.0281	0.10266	0.61426	0.09475	0	0	0	0	0	0	-0.10552	1.80534	1.36708	0.43826	0	0.12742	0	0	1.3223	0.16168	11.9303	93.2511	116.749
GLY_334	-2.20284	0.25709	2.21457	-5e-05	0	0	1.04259	2.80549	0	0	-0.44749	-0.37363	0	0	0	0	0	0	-0.31871	0	0	0	0	-2.24644	0	0	1.435	-1.03355	1.13204	113.264	50.7361
LYS_335	-4.08514	2.83834	4.59812	-0.38065	0.10185	0.18442	2.61761	5.37286	0.0819	0.39153	-1.34976	0.10373	0.02025	0	0	0	0	0	-0.11374	2.94188	0.48235	2.45953	0	0.17664	0	0	-0.8895	1.91913	17.4713	116.253	135.747
PRO_336	-3.56267	2.07133	1.64333	-0.1371	0.00751	0.09498	0.8142	2.00941	3e-05	0.00015	-0.63124	0.21355	0.06897	0	0	0	0	0	-0.03886	1.51283	1.16418	0.34865	0	-1.01849	0	0	-4.6787	2.25944	2.14151	125.153	73.847
TYR_337	-10.8152	4.25449	4.46603	-0.70668	0.08193	0.09531	4.10511	7.69926	0.00877	0.03748	-1.85518	-0.48281	1.8019	0	0	0	0	0	-0.09471	3.96052	0.72919	0	3.23132	-0.02291	0	0	1.7379	2.28755	20.5193	245.7	2.29956
PRO_338	-3.79361	1.0156	1.88471	-0.17342	0.15744	0.12309	0.32756	1.73946	0	0	-0.96288	0.0184	1.80447	0	0	0	0	0	0.23413	2.64687	2.38797	0.2589	0	-1.59116	0	0	-4.6787	4.5589	5.95772	137.272	61.7282
THR_339	-5.44558	0.35414	3.92329	-0.18006	0.24721	0.06553	2.93601	5.98823	0.00877	0.03748	-1.7321	-0.42429	0	0	0	0	0	0	-0.04476	3.85185	3.53095	0.32089	0	0.08038	0	5.03948	-0.9333	2.2286	19.8527	167.375	6.62519
LEU_340	-4.00377	0.43889	2.73506	-0.49284	0.86453	0.0987	1.36205	4.1961	0	0	-0.51903	0.33571	0	0	0	0	0	0	0.14572	1.41262	0.69895	0.71366	0	-0.38154	0	0	1.3223	-0.08112	8.84601	113.86	96.1404
ALA_341	-5.61526	1.16826	2.42322	-0.03055	0.02351	0	1.47219	5.87705	0	0	-1.34087	-0.50024	0	0	0	-0.77342	0	0	0.02357	0	0	0	0	-0.13405	0	0	2.2619	0.65802	5.51331	148.231	4.7694
LYS_342	-3.83096	0.39711	4.04879	-0.34945	0.07812	0.14905	1.2248	4.62001	2e-05	6e-05	-0.26447	0.00531	0	0	0	0	0	0	0.02198	2.83626	0	2.83626	0	0.05708	0	0	-0.8895	1.30138	12.2419	129.272	122.728
ASP_343	-7.18395	1.47677	10.4621	-0.11135	0.01119	0.32613	5.19718	11.144	0.05423	0.44555	-5.23643	-0.10455	0	0	0	-0.59608	0	0	-0.07717	3.30375	0.03473	0	3.26902	0.10253	0	0	-1.6204	-0.2141	20.6831	180.869	4.13117
LEU_344	-5.83061	1.80333	3.17344	-0.51879	1.10903	0.13346	1.59704	4.76868	0	0	0.09801	0.28337	0	0	0	0	0	0	-0.2826	0.6405	0.23359	0.40691	0	-0.12247	0	0	1.3223	0.34146	9.15664	156.657	53.3427
ASP_345	-5.62079	1.78382	8.99596	-0.22098	0.04873	0.75769	4.23709	9.17802	0.04662	0.19414	-5.7009	-2.53569	0	0	0	0	-0.31046	0	-0.03329	4.48995	0.15494	0	4.33501	-0.52125	0	0	-1.6204	0.04697	17.7052	154.965	30.0349
TYR_346	-4.65335	0.84202	3.14945	-0.7762	0.18798	0.137	1.39322	3.95634	0.01249	0.1445	-0.19917	-0.35931	0.69608	0	0	0	0	0	0.00809	3.44194	0.18966	0	3.25228	0.29911	0	0	1.7379	1.89833	15.3583	122.69	125.31
PRO_347	-3.44224	0.85684	1.82833	-0.1636	0.14417	0.10173	1.02656	2.35838	0	0	-0.05315	0.45263	0.72881	0	0	0	0	0	0.12538	2.27155	2.20118	0.07036	0	0.17094	0	0	-4.6787	3.89078	7.88996	117.486	81.5138
LYS_348	-4.65167	1.40482	5.1433	-0.33909	0.07297	0.13713	2.03389	5.07811	0.00111	0.00306	-1.86655	0.22424	0	0	0	0	0	0	0.57623	2.17296	0	2.17296	0	0.21332	0	0	-0.8895	1.78453	13.2718	109.594	142.406
LYS_349	-4.67162	0.67417	4.46605	-0.56207	0.63076	0.40958	2.12275	5.10424	0.0439	0.17964	-0.51372	0.01495	0	0	0	0	0	0	-0.03408	2.52987	0.24406	2.28581	0	-0.29455	0	0	-0.8895	0.32712	12.0674	135.279	116.721
ARG_350	-5.92611	1.21753	7.3146	-0.92801	0.45064	0.41724	2.4632	7.94626	0.00111	0.00306	-3.21931	0.52212	0	0	0	0	-1.252	0	-0.0002	4.37355	1.08258	3.29096	0	-0.21374	0	0	-0.1423	-0.35177	17.0494	126.457	138.543
ASP_351	-5.15795	1.3509	7.87883	-0.2972	0.10732	1.20916	4.20569	7.712	0.04563	0.20069	-5.78787	1.05608	0	0	0	0	-0.92111	0	0	4.1399	0.0519	0	4.088	0	0	0	-1.6204	-0.29075	17.9708	144.757	40.2425