label	fa_atr	fa_rep	fa_sol	fa_intra_atr_xover4	fa_intra_rep_xover4	fa_intra_sol_xover4	lk_ball	lk_ball_iso	lk_ball_bridge	lk_ball_bridge_uncpl	fa_elec	fa_intra_elec	pro_close	hbond_sr_bb	hbond_lr_bb	hbond_bb_sc	hbond_sc	dslf_fa13	omega	fa_dun	fa_dun_dev	fa_dun_rot	fa_dun_semi	p_aa_pp	yhh_planarity	hxl_tors	ref	rama_prepro	total	BSA	SASA
GLU_1	-0.77095	0.02729	0.91166	-0.49648	0.442	1.76199	0.55081	1.26209	0.05	0.28477	0.51133	-2.15161	0	0	0	0	0	0	0.1105	5.50451	0	0	5.50451	0	0	0	-1.6358	0	11.8666	28.0397	194.96
GLY_2	-1.03959	0.03868	1.00249	-0.00029	0	0	0.49998	1.46804	0.05	0.28477	0.71898	-0.23773	0	0	0	0	0	0	0.69658	0	0	0	0	-0.20356	0	0	1.435	3.98555	8.69889	109.623	54.3766
ALA_3	-2.21409	0.05698	0.09429	-0.02267	0	0	0.23383	1.5201	0	0	-0.50061	-0.16842	0	0	0	0	0	0	1.62308	0	0	0	0	-0.14043	0	0	2.2619	3.37128	6.11524	94.3745	58.6255
SER_4	-3.05235	0.51267	3.80556	-0.03107	0.0119	0.04933	2.79426	4.76442	0	0	-1.2963	-0.32697	0	0	0	0	0	0	0.28454	0.66575	0.59968	0.06607	0	-0.93339	0	4.04	-0.539	-0.64421	10.7709	104.778	57.2221
GLY_5	-2.22604	0.22104	2.18163	-4e-05	0	0	0.80256	2.8428	0	0	-0.46502	-0.40045	0	0	0	0	0	0	6.44379	0	0	0	0	0.11098	0	0	1.435	1.80859	12.7548	130.041	33.9592
PHE_6	-5.64639	1.10639	3.46138	-0.55319	0.0518	0.2449	1.85487	5.63535	0	0	0.21923	0.12521	0	0	0	0	0	0	0.38328	3.9928	0.00215	0	3.99066	0.26212	0	0	1.9602	4.24114	21.3319	131.543	105.457
TYR_7	-10.6816	2.20335	5.37945	-1.01231	0.53886	0.57644	3.83096	9.25917	0.00048	0.02128	-2.15247	-0.25647	0	0	0	0	-0.13908	0	0.45409	3.37149	1.00339	0	2.3681	-0.60355	0	0	1.7379	2.808	18.7076	244.872	3.12763
VAL_8	-4.93784	2.27616	2.83936	-0.33327	1.03378	0.07357	2.6543	5.14841	0	0	-2.22883	-0.55532	0	0	0	0	0	0	0.37727	0.82264	0.02854	0.7941	0	-0.70086	0	0	2.7371	0.05414	10.0832	106.47	75.5296
GLN_9	-7.67189	1.46019	8.09519	-0.30977	0.09941	0.15265	5.20466	9.23622	0	0	-5.8717	-0.06882	0	0	0	0	-1.15413	0	0.25057	4.65107	0.48313	0	4.16794	-0.23008	0	0	-0.1077	-0.09913	18.2878	204.017	12.9825
ALA_10	-3.05623	0.31895	3.30588	-0.02521	0.00094	0	2.29616	4.46319	0	0	-2.32947	-0.41637	0	0	0	0	0	0	-0.02692	0	0	0	0	0.88995	0	0	2.2619	0.75923	8.44199	97.0556	55.9444
ASP_11	-6.05423	1.31431	7.99744	-0.10693	8e-05	0.33143	4.37103	8.72751	0.02851	0.2823	-4.6745	-0.16285	0	0	0	0	-0.70963	0	0.8437	5.17839	1.26182	0	3.91657	1.69733	0	0	-1.6204	0.92391	23.5458	173.516	11.4839
ALA_12	-2.48854	0.453	2.67274	-0.02328	0	0	2.24628	3.66498	0	0	-2.09979	-0.36118	0	0	0	0	0	0	0.76971	0	0	0	0	0.4366	0	0	2.2619	0.61101	8.14343	85.3897	67.6103
ALA_13	-4.62494	1.47112	2.50764	-0.02444	0.00011	0	2.16085	5.07309	0	0	-1.49636	-0.40315	0	0	0	0	0	0	3.89425	0	0	0	0	-0.0441	0	0	2.2619	0.56501	11.341	147.937	5.06339
HIS_14	-4.74944	0.63066	4.84133	-0.58452	0.72567	0.40832	3.09987	6.31982	0	0	-2.21552	-0.66979	0	0	0	0	0	0	1.33962	5.75216	0.02948	0	5.72267	0.20045	0	0	0.8406	0.15505	21.8464	158.41	82.59
ALA_15	-5.27252	1.69388	3.44767	-0.02216	0	0	2.87632	6.25756	0.00972	0.13789	-2.62033	-0.34143	0	0	0	0	0	0	0.38727	0	0	0	0	0.00768	0	0	2.2619	-0.01398	8.80948	151.463	1.53703
LYS_16	-4.86793	1.1041	4.8118	-0.39292	0.11267	0.20683	2.96651	5.49482	0.00269	0.00926	-2.65669	0.00742	0	0	0	0	0	0	0.47881	5.65039	2.92241	2.72798	0	0.34903	0	0	-0.8895	0.4651	18.5028	161.365	90.6348
ALA_17	-3.97746	0.58201	2.84266	-0.02524	0.00104	0	2.94102	4.93902	0.07094	0.48087	-2.33601	-0.34982	0	0	0	0	0	0	0.23553	0	0	0	0	0.68103	0	0	2.2619	0.48884	8.83633	145.073	7.92683
SER_18	-5.15782	1.77816	5.49088	-0.02914	0.0685	0.02109	3.3043	6.64632	0.00746	0.09274	-2.53214	-0.9225	0	0	0	0	0	0	0.02945	2.66292	1.51471	1.14821	0	-0.41092	0	4.04	-0.539	0.14464	17.3579	148.031	13.969
SER_19	-5.27788	1.12254	5.22704	-0.0338	0.01327	0.04971	2.99087	6.72812	0.00187	0.04469	-0.66716	-0.35413	0	0	0	0	0	0	0.40412	0.50775	0.29432	0.21343	0	-0.762	0	4.04	-0.539	0.99915	15.0029	144.295	17.7053
SER_20	-2.49573	0.06397	3.03596	-0.04007	0.02172	0.03938	1.07721	3.52224	0.00187	0.04469	-0.18263	-0.34693	0	0	0	0	0	0	-0.0956	2.41042	2.19711	0.21332	0	-0.52299	0	4.04	-0.539	0.72537	13.1703	87.134	74.866
LEU_21	-2.65123	5.75578	1.47517	-0.47945	0.229	0.11509	0.82362	2.30235	0.00246	0.01492	0.42515	0.18045	0	0	0	0	0	0	0.20281	1.20443	0.87647	0.32796	0	-0.46182	0	0	1.3223	-0.47539	11.1901	60.2697	149.73
GLY_22	-1.97546	0.22646	2.97126	-0.00153	0	0	2.05957	3.67423	0.00246	0.01492	-0.33561	-0.35559	0	0	0	0	0	0	0.23055	0	0	0	0	-2.5259	0	0	1.435	0.33542	5.75579	118.361	45.6389
SER_23	-2.36871	0.5717	1.85667	-0.03924	0.00747	0.05784	0.58757	2.18524	0	0	-0.65332	-0.34621	0	0	0	0	0	0	0.67814	0.5293	0.02435	0.50495	0	-0.36883	0	4.04	-0.539	0.36	7.0879	87.5779	74.4221
ALA_24	-3.40045	0.34473	2.94243	-0.02119	0	0	2.62963	4.4731	0.00477	0.08349	-1.93342	-0.40771	0	0	0	0	0	0	0.9678	0	0	0	0	-0.77151	0	0	2.2619	-0.16062	7.01294	125.331	27.6689
LYS_25	-4.30539	0.29562	3.06544	-0.29659	0.03876	0.1346	1.7238	3.99355	0.03037	0.23232	-1.12276	-0.17275	0	0	0	0	0	0	0.07802	8.60693	5.72744	2.87949	0	0.20126	0	0	-0.8895	-0.26437	19.9562	123.041	128.959
GLY_26	-5.17149	1.55637	3.56325	-0.00114	0	0	2.97305	6.21813	0	0	-2.23683	-0.31343	0	0	0	0	0	0	0.01864	0	0	0	0	-2.3021	0	0	1.435	1.00242	6.74187	164	0
PHE_27	-7.14825	1.33736	4.14094	-0.94906	0.32669	0.59941	2.99139	6.45418	0.04928	0.41111	-2.1647	-0.24533	0	0	0	0	0	0	5.33416	4.29393	0.27561	0	4.01832	-0.48168	0	0	1.9602	0.73763	21.9412	172.186	64.8139
SER_28	-5.11268	1.02234	4.43319	-0.03947	0.32284	0.03591	2.44967	6.15276	0.01682	0.20777	-0.83155	-0.2147	0.09774	0	0	0	0	0	0.95537	7.90793	6.68999	1.21794	0	0.01131	0	4.04	-0.539	2.79119	31.6153	160.176	1.82445
PRO_29	-4.06624	0.98743	3.14942	-0.17415	0.00023	0.12094	1.90832	3.6031	0	0	-1.5386	0.12517	0.34618	0	0	0	0	0	1.94867	1.6932	0.14996	1.54324	0	-1.76995	0	0	-4.6787	2.67308	6.02129	142.525	56.475
ARG_30	-8.47691	1.20007	9.26581	-0.78032	0.51336	0.52975	3.58484	9.69583	0.03111	0.30554	-2.76396	0.65039	0	0	0	0	0	0	0.9766	6.95644	3.71877	3.23767	0	-0.367	0	0	-0.1423	-0.81953	27.3162	237.209	27.7911
ILE_31	-4.20085	0.79718	3.59853	-0.56175	0.6591	0.12253	2.9919	4.96008	0	0	-2.87288	-0.00114	0	0	0	0	0	0	0.0708	3.61319	1.71704	1.89615	0	-0.93018	0	0	1.8006	-0.43476	13.2256	94.9532	112.047
SER_32	-4.81815	3.30044	4.60904	-0.03959	0.03024	0.05491	3.13711	5.81213	0.00048	0.02128	-2.78265	-0.27251	0	0	0	0	0	0	0.12838	1.91129	1.67221	0.23908	0	-0.67244	0	4.04	-0.539	-0.45744	15.3748	151.706	10.2937
ALA_33	-3.18857	0.56769	2.42286	-0.0224	0	0	2.61751	4.17452	0	0	-2.44433	-0.40362	0	0	0	0	0	0	1.00991	0	0	0	0	-0.02253	0	0	2.2619	-0.15322	6.81973	91.9662	61.0338
GLY_34	-4.23114	1.11225	2.79038	-0.00129	0	0	2.48901	4.99832	0	0	-2.62528	-0.31551	0	0	0	0	0	0	2.15774	0	0	0	0	-1.37129	0	0	1.435	0.58625	7.02445	156.442	7.55838
TYR_35	-7.44806	9.62558	3.49408	-1.0563	0.43808	0.64739	2.7002	6.19634	0.00343	0.01422	-2.799	-0.30393	0	0	0	0	0	0	0.16839	2.55909	0.61738	0	1.94171	-0.62637	0	0	1.7379	1.60191	19.512	174	73.9998
ARG_36	-7.5569	1.27156	8.34501	-0.73693	0.26946	0.41749	4.34569	9.96101	0.03792	0.34949	-3.53601	0.2181	0	0	0	-0.00122	-0.4367	0	5.21596	11.4056	8.10243	3.3032	0	0.21645	0	0	-0.1423	0.95191	42.0013	216.106	48.8941
ILE_37	-5.78867	9.48058	4.11629	-0.44942	2.51415	0.08601	3.24984	6.37865	0.00343	0.01422	-1.91975	0.03346	0	0	0	0	0	0	2.02449	14.6999	12.7943	1.90552	0	0.04438	0	0	1.8006	-0.37253	50.6155	167.538	39.4622
ASN_38	-2.21801	1.7861	2.69376	-0.11626	0.05223	0.14996	0.99843	3.13994	0	0	0.09381	-0.51799	0	0	0	0	0	0	0.80075	31.2586	29.3291	0	1.92943	0.54738	0	0	-0.3009	2.00318	71.6295	59.8676	124.132
ASP_39	-3.32838	1.81535	3.66293	-0.13773	0.06005	0.46666	1.60462	4.63956	0.07628	0.59194	-0.48145	0.25477	0	0	0	-0.00122	0	0	-0.08255	4.40044	0.81342	0	3.58702	-0.68638	0	0	-1.6204	2.39072	18.0257	108.805	76.1951
LEU_40	-6.24562	0.99618	4.82237	-0.48381	0.72266	0.09826	3.26776	6.96469	0.00268	0.00971	-2.26585	0.09235	0	0	0	0	0	0	1.7601	1.04507	0.01767	1.02741	0	-0.40625	0	0	1.3223	-0.07623	12.6715	153.628	56.3719
ARG_41	-9.46456	1.1489	9.36211	-0.7444	1.02749	0.50502	4.97616	10.9769	0.08574	0.61123	-4.53598	0.47812	0	0	0	0	-1.75625	0	0.91981	10.3231	7.32734	2.99574	0	0.05156	0	0	-0.1423	-0.46276	33.6829	253.524	11.4759
PHE_42	-6.52058	0.95287	2.91477	-0.62848	0.10938	0.374	2.93583	5.70376	0.00268	0.00971	-2.55566	0.23486	0	0	0	0	0	0	0.5748	3.04089	0.48793	0	2.55296	-0.25357	0	0	1.9602	-0.58613	11.3102	170.566	66.434
ALA_43	-4.02502	0.74399	2.79286	-0.02272	0	0	2.95247	5.07951	0	0	-2.26509	-0.41318	0	0	0	0	0	0	1.87583	0	0	0	0	-0.5937	0	0	2.2619	-0.33346	8.05337	144.444	8.55553
VAL_44	-3.8221	1.58241	3.03857	-0.27073	0.32298	0.05317	2.92642	4.96392	0	0	-3.08458	-0.0503	0	0	0	0	0	0	0.12424	0.56232	0.16566	0.39667	0	-0.99173	0	0	2.7371	-0.34156	8.31246	91.1025	90.8975
ASP_45	-6.59016	3.30938	9.00496	-0.26581	0.0083	0.91851	5.31246	10.1046	0.03363	0.4426	-5.92344	-0.45038	0	0	0	0	-1.78321	0	1.83124	5.37315	0.42567	0	4.94748	1.68813	0	0	-1.6204	0.015	26.7818	180.18	4.82034
TYR_46	-5.72879	0.56704	4.34058	-0.8198	0.07472	0.17959	3.30277	6.29692	0	0	-2.51245	-0.41207	0	0	0	0	0	0	-0.10321	3.71177	0.31228	0	3.39948	-0.01461	0	0	1.7379	0.29974	14.6319	135.323	112.677
THR_47	-6.02299	0.94738	6.21409	-0.15967	0.13035	0.05564	4.27806	7.90411	0.02283	0.22734	-2.76958	-0.48578	0	0	0	0	-0.54474	0	0.07681	0.6545	0.03352	0.62098	0	-0.366	0	5.05504	-0.9333	-0.13015	14.8084	166.57	7.43015
ARG_48	-7.06265	1.42254	5.81158	-1.73037	1.25548	1.82232	2.28886	6.25305	0.06478	0.46174	-1.23697	-0.69924	0	0	0	0	0	0	-0.06767	8.79441	1.20121	7.5932	0	-0.11149	0	0	-0.1423	0.41878	26.3373	205.231	59.7691
TYR_49	-10.8723	2.62453	5.90702	-0.82852	0.52567	0.21765	4.04185	10.2354	0.07095	0.48097	-2.73354	-0.48622	0	0	0	0	-0.34317	0	1.34347	4.7067	0.67307	0	4.03363	-0.26818	0	0	1.7379	0.067	21.1339	241.337	6.66281
LYS_50	-6.82957	1.47869	5.92711	-0.45244	0.20859	0.19353	2.80613	7.08744	0.01506	0.04784	-1.7594	0.27244	0	0	0	0	0	0	0.96796	7.3914	3.25588	4.13552	0	0.04218	0	0	-0.8895	-0.56864	23.3302	174.008	77.9919
ASN_51	-6.43835	0.54653	5.01435	-0.19327	0.02487	0.27732	2.37276	7.01065	2e-05	0.00041	-1.80966	-0.31218	0	0	0	0	-0.82462	0	0.38372	2.9	0.03586	0	2.86414	0.36789	0	0	-0.3009	-0.43798	11.4816	165.434	18.5662
TYR_52	-6.05175	1.21249	3.31446	-0.5897	0.1705	0.27388	1.20298	5.3398	0.00972	0.13789	-0.00957	-0.27327	0	0	0	0	0	0	0.0126	3.79623	0.01352	0	3.78271	-0.05732	0	0	1.7379	-0.00544	14.0176	143.68	104.32
LYS_53	-2.55323	0.66721	2.4438	-0.49586	0.39664	0.28817	0.43642	2.76075	0.03037	0.23232	-0.08303	-0.16453	0	0	0	0	0	0	2.35937	2.43162	0	2.43162	0	0.25539	0	0	-0.8895	0.21503	10.7626	69.6204	182.38
ALA_54	-2.01141	1.02171	1.42507	-0.02759	0.0052	0	0.20417	2.23555	0	0	-0.14648	-0.33379	0.18765	0	0	0	0	0	1.91645	0	0	0	0	0.73839	0	0	2.2619	2.83107	10.3079	81.4007	71.5993
PRO_55	-4.39647	1.64937	3.55138	-0.13922	0	0.10394	0.81106	3.89469	0	0	0.11007	0.27974	0.71635	0	0	0	0	0	0.3537	14.0712	13.6093	0.4619	0	-1.51617	0	0	-4.6787	3.5863	32.4685	140.86	58.1399
SER_56	-0.92814	0.12973	1.26479	-0.04386	0.00384	0.07054	0.16646	1.47232	0	0	0.26536	-0.87417	0	0	0	0	0	0	4.24298	2.85509	0.85247	2.00263	0	0.34986	0	4.04	-0.539	0.98432	16.3152	19.842	142.158
THR_57	-2.76165	0.4309	2.17791	-0.1935	0.23313	0.0839	0.55373	3.14854	0.01614	0.20905	-0.04939	-0.76848	0	0	0	0	0	0	2.63469	0.43165	0.15437	0.27728	0	0.55987	0	5.06334	-0.9333	1.99595	13.2641	79.1893	94.8107
ASP_58	-4.41153	1.15882	4.50173	-0.11168	0.04816	0.31552	1.94761	5.78994	0.02426	0.25001	-2.28735	-1.05263	0	0	0	-0.24281	-0.48145	0	-0.01314	8.12501	2.47947	0	5.64554	0.07478	0	0	-1.6204	1.5721	21.712	123.452	61.5478
PHE_59	-6.16792	1.27259	2.76832	-1.12395	0.42061	0.7578	2.27988	5.12943	0	0	-1.25731	-0.1196	0	0	0	-0.24281	0	0	1.79879	2.12023	0.10174	0	2.01848	-0.71899	0	0	1.9602	-0.10479	10.8927	187.163	49.8372
LYS_60	-7.33086	1.32681	6.84987	-0.38918	0.19424	0.21476	4.82377	7.76651	0	0	-3.29786	0.01946	0	0	0	0	0	0	0.08437	14.4872	11.4293	3.05793	0	0.01489	0	0	-0.8895	-0.16105	38.2007	197.583	54.4166
LEU_61	-6.46219	2.84781	2.50445	-0.50684	1.15058	0.10339	3.0958	5.50007	0	0	-2.53011	0.26286	0	0	0	0	0	0	0.00045	8.85682	6.59175	2.26507	0	-0.1459	0	0	1.3223	-0.39525	24.4611	187.457	22.5431
TYR_62	-8.29574	14.5562	4.58268	-0.65349	0.4672	0.39191	3.66898	6.88494	0	0	-2.7887	-0.26921	0	0	0	0	0	0	1.78059	4.18039	1.20881	0	2.97158	-0.27014	0	0	1.7379	-0.43101	29.7229	214.519	33.4813
SER_63	-4.86817	1.2741	5.3436	-0.04119	0.00773	0.06024	3.469	6.38299	0.04415	0.57037	-2.78417	-0.32317	0	0	0	0	-0.51059	0	2.34431	1.16698	0.63027	0.53671	0	-0.41056	0	4.04	-0.539	-0.4322	15.9614	149.126	12.8737
ILE_64	-4.22791	0.82485	3.39544	-0.48469	0.85893	0.10814	2.66846	4.73073	0	0	-2.67584	-0.03508	0	0	0	0	0	0	1.1886	1.28552	0.7968	0.48873	0	-1.2844	0	0	1.8006	-0.69589	8.743	107.351	99.6494
GLY_65	-4.23037	1.38771	4.08146	-0.00085	0	0	2.96288	5.80868	0	0	-2.42567	-0.29664	0	0	0	0	0	0	0.23825	0	0	0	0	1.11651	0	0	1.435	0.87856	10.9555	160.924	3.07603
ALA_66	-3.17488	0.40046	3.39831	-0.02627	0.0036	0	2.79308	4.74896	0.00085	0.00381	-2.45942	-0.43199	0	0	0	0	0	0	0.85177	0	0	0	0	0.95471	0	0	2.2619	2.22063	11.5455	99.0257	53.9743
SER_67	-4.52459	0.76355	4.09473	-0.03383	0.00131	0.0222	3.28393	5.42252	0	0	-2.20189	-0.60402	0	0	0	0	0	0	1.66919	0.57871	0.00158	0.57713	0	0.51434	0	4.04	-0.539	0.83706	13.9029	152.471	9.52871
ALA_68	-3.21178	0.65018	2.35001	-0.02542	0.00151	0	2.34296	3.94556	0.00085	0.00381	-2.25413	-0.40936	0	0	0	0	0	0	3.00368	0	0	0	0	1.05196	0	0	2.2619	0.63334	10.345	113.697	39.3025
ILE_69	-7.54432	1.56626	3.69949	-0.49151	1.52252	0.10307	2.31643	6.53575	0.03706	0.17835	-1.9039	0.08087	0	0	0	0	0	0	1.33159	1.52974	0.92305	0.60668	0	-0.73184	0	0	1.8006	0.59788	12.1578	193.72	13.2799
TYR_70	-6.46917	1.16571	3.61031	-0.8213	0.09229	0.16438	2.69221	6.4338	0.00991	0.02816	-2.32386	-0.44043	0	0	0	0	0	0	0.74387	3.15487	0.02181	0	3.13306	-0.01586	0	0	1.7379	-0.22062	12.6971	162.88	85.1201
ASP_71	-5.14067	0.18228	6.38354	-0.11183	0.00431	0.32912	3.13311	7.48206	0.08704	0.75183	-4.35538	-0.50457	0	0	0	0	-2.05387	0	0.24132	5.12177	0.76934	0	4.35243	0.09917	0	0	-1.6204	-0.26121	14.8894	163.761	21.2386
PHE_72	-5.77465	0.7819	3.04646	-0.60221	0.16912	0.31046	1.68756	4.86532	0.103	0.48865	-1.72696	0.26384	0	0	0	0	0	0	1.37695	3.54487	0.28798	0	3.25689	-0.11187	0	0	1.9602	-0.42696	13.5005	146.469	90.5307
ASP_73	-1.90624	0.08887	3.52478	-0.15738	0.04295	0.48586	0.97132	3.86081	0.00337	0.04379	0.50902	-0.97963	0	0	0	0	0	0	3.38111	5.053	0.08061	0	4.97239	0.09606	0	0	-1.6204	-0.59234	17.858	81.7749	103.225
THR_74	-3.17985	0.75319	4.41788	-0.09073	0.1325	0.0333	1.90941	5.0199	0.14665	0.49685	1.54961	-0.82667	0	0	0	0	0	0	0.2192	30.1822	23.1501	7.03209	0	-1.07062	0	5.07432	-0.9333	1.608	75.624	103.759	70.2414
GLN_75	-1.43556	0.47785	1.36704	-0.648	0.68616	0.91558	0.29265	1.69763	0	0	0.74526	-0.17404	0	0	0	0	0	0	8.59306	9.32556	3.16842	0	6.15714	0.07759	0	0	-0.1077	3.79481	34.9334	50.5478	166.452
SER_76	-2.85626	1.57738	3.68328	-0.0442	0.01297	0.06787	1.62877	4.01775	0.00093	0.00617	0.07915	-0.58818	0.03342	0	0	0	0	0	0.43491	0.05817	0.0123	0.04587	0	-0.88993	0	4.04	-0.539	4.88786	15.6692	124.912	37.0878
PRO_77	-4.22399	1.89253	2.35029	-0.0886	0.00974	0.05874	1.83699	3.42221	0.011	0.03294	-0.82186	0.54532	0.21522	0	0	0	0	0	1.02935	39.7041	39.2631	0.44098	0	-0.28002	0	0	-4.6787	3.40915	84.1284	144.934	54.0663
VAL_78	-4.38896	1.0572	2.34448	-0.29566	1.093	0.07437	1.75403	3.80455	0	0	0.2159	-0.25482	0	0	0	0	0	0	0.40198	3.92672	3.78679	0.13993	0	-0.67201	0	0	2.7371	0.1399	15.8645	124.346	57.6539
LYS_79	-5.18029	0.49298	6.07913	-0.38339	0.12222	0.24344	3.34302	7.13035	0.24754	0.94328	-2.99929	0.07876	1.12456	0	0	0	0	0	3.07423	3.74064	0	3.74064	0	0.41299	0	0	-0.8895	2.85114	24.1724	192.23	59.7699
PRO_80	-4.90943	1.05846	2.66117	-0.11261	0	0.08432	2.05652	3.6823	0	1e-05	-2.14922	0.29825	1.37379	0	0	0	0	0	0.31158	2.86841	2.71044	0.15797	0	-2.04958	0	0	-4.6787	3.32047	6.68415	148.521	50.4787
TYR_81	-10.2044	1.17595	6.66577	-1.01396	0.33576	0.64184	4.50058	10.5696	0.00213	0.03596	-3.67664	-0.2955	0	0	0	0	-0.64496	0	0.66657	2.46345	0.00451	0	2.45894	-0.57447	0	0	1.7379	0.08571	14.9347	233.091	14.909
LEU_82	-4.52892	0.31808	3.34005	-0.5649	0.36586	0.13117	2.83133	5.08328	0	0	-2.30214	0.22208	0	0	0	0	0	0	0.36409	1.38125	0.24751	1.13374	0	-0.15281	0	0	1.3223	0.51504	9.70702	113.787	96.2126
GLY_83	-3.84525	0.36571	3.16534	-0.00116	0	0	2.71479	4.75152	0	0	-2.18722	-0.32089	0	0	0	0	0	0	-0.06668	0	0	0	0	-0.62219	0	0	1.435	1.11577	6.50476	158.364	5.63578
ALA_84	-3.06568	0.41798	2.90913	-0.02193	0	0	2.61068	4.30252	0	0	-2.19931	-0.3803	0	0	0	0	0	0	0.64505	0	0	0	0	-0.02615	0	0	2.2619	0.72669	8.18059	106.683	46.3166
ARG_85	-10.0127	1.21574	10.5642	-0.71755	0.42168	0.45653	4.94225	12.0549	0.00828	0.1667	-4.66701	0.30314	0	0	0	0	-2.08074	0	1.49208	3.70702	0.28714	3.41988	0	-0.25095	0	0	-0.1423	0.31904	21.4873	259.801	5.19934
LEU_86	-3.95882	0.47194	3.2139	-0.50214	0.70367	0.09792	2.84385	4.87683	0	0	-2.86727	0.282	0	0	0	0	0	0	0.61715	2.85197	1.87894	0.97303	0	-0.58959	0	0	1.3223	-0.09335	12.1223	112.74	97.2605
SER_87	-5.78391	1.15056	5.89032	-0.04731	0.01123	0.0695	3.63931	7.48709	0	0	-2.35341	-0.44292	0	0	0	0	0	0	1.26402	0.4988	0.03521	0.4636	0	-0.47801	0	4.04	-0.539	-0.45318	14.4519	161.488	0.512343
LEU_88	-4.17972	0.44738	3.83615	-0.5008	1.23321	0.11742	2.57522	5.19514	0	0	-2.33415	0.08517	0	0	0	0	0	0	0.67815	1.50698	0.10487	1.4021	0	-0.55758	0	0	1.3223	-0.27436	10.6575	112.821	97.1786
ASN_89	-7.12486	1.55073	6.83056	-0.19906	0.071	0.30198	4.22002	8.86051	0.01699	0.20928	-3.32459	-0.55921	0	0	0	0	0	0	0.17452	4.17988	0.47709	0	3.70278	1.04238	0	0	-0.3009	0.08834	20.2174	180.639	3.36148
ARG_90	-5.81933	0.2484	5.53622	-0.5852	0.24078	0.32602	3.2999	6.40821	0	0	-2.80966	0.06441	0	0	0	0	0	0	1.33676	4.95324	1.60924	3.344	0	-0.38074	0	0	-0.1423	-0.21642	17.4135	150.255	114.745
ALA_91	-4.23416	1.07759	2.41142	-0.02019	0	0	2.53758	4.54492	0.00388	0.04272	-2.16593	-0.25006	0	0	0	-0.93375	0	0	1.22371	0	0	0	0	0.5187	0	0	2.2619	0.13667	7.15499	135.874	17.1256
SER_92	-5.61889	13.6843	5.19096	-0.03314	0.00144	0.04049	3.53658	6.43601	0.03672	0.25434	-1.22054	-0.14666	0	0	0	0	0	0	0.39456	1.85106	0.01875	1.83231	0	-0.17159	0	4.04	-0.539	0.42816	30.0159	159.16	2.83984
VAL_93	-4.78438	0.74965	3.27208	-0.28641	0.20774	0.06831	3.07963	5.49337	0.02914	0.27661	-1.69651	-0.30178	0	0	0	0	0	0	1.1029	34.486	33.5265	0.95949	0	-0.44642	0	0	2.7371	0.1324	78.6055	136.904	45.0956
ASP_94	-3.7073	0.32235	4.7848	-0.16016	0.05973	0.49943	1.98829	5.97871	0.00376	0.02996	-1.2391	-1.34519	0	0	0	-0.25634	0	0	1.75787	5.59796	0.64365	0	4.95431	0.54684	0	0	-1.6204	0.25352	19.0927	102.132	82.8679
LEU_95	-3.90994	1.21394	4.06845	-0.46489	0.83824	0.10977	2.49512	5.428	0	0	-0.52331	0.05512	0	0	0	0	0	0	-0.10048	3.55526	1.89259	1.66267	0	0.36935	0	0	1.3223	1.84219	19.8544	85.6388	124.361
GLY_96	-0.79758	0.07262	1.36025	-5e-05	0	0	0.55325	1.66251	0	0	0.31095	-0.40714	0	0	0	0	0	0	-0.18524	0	0	0	0	-0.79009	0	0	1.435	1.83056	5.04505	57.8716	106.128
GLY_97	-1.51569	0.22529	2.40155	-7e-05	0	0	1.00637	2.9103	0	0	-1.0077	-0.34557	0	0	0	-0.25634	0	0	0.36803	0	0	0	0	-2.49967	0	0	1.435	-0.07437	2.64713	93.1219	70.8781
SER_98	-2.90989	0.1669	4.59963	-0.03276	0.00853	0.02271	2.21671	5.46681	0	0	-1.01152	-0.69593	0	0	0	0	0	0	0.45367	1.49804	0.91696	0.58107	0	0.29248	0	4.04	-0.539	-0.10483	14.9696	81.5635	80.4365
ASP_99	-3.64438	0.25207	4.3809	-0.1086	0.02119	0.31707	1.73085	4.87658	0.00376	0.02996	-2.41193	-0.08622	0	0	0	0	0	0	3.5293	2.85562	0.12704	0	2.72858	0.13699	0	0	-1.6204	-0.43339	12.685	132.774	52.2263
SER_100	-3.22876	0.78265	3.69441	-0.05851	0.01379	0.08457	2.62404	4.75746	0.05771	0.48959	-1.43748	-0.81048	0	0	0	0	0	0	2.74133	2.62195	0.61224	2.00971	0	0.697	0	4.04	-0.539	-0.26924	18.883	106.18	55.8197
PHE_101	-4.85144	0.65055	1.57578	-0.59905	0.61332	0.31981	0.87671	3.09497	0	0	-0.4939	0.28148	0	0	0	0	0	0	-0.01394	3.41396	0.13006	0	3.28389	-0.53455	0	0	1.9602	0.12064	9.8285	141.152	95.848
SER_102	-4.02438	0.31083	4.53445	-0.0438	0.04393	0.06579	2.80553	5.29382	0	0	-1.7293	-0.67626	0	0	0	-0.93375	0	0	3.00436	0.42745	0.17307	0.25438	0	-0.72936	0	4.04	-0.539	0.00659	12.2844	138.775	23.2249
GLN_103	-2.03958	0.09105	2.50647	-0.22467	0.06461	0.08564	0.92466	2.94765	0.00388	0.04272	0.01056	-0.1099	0	0	0	0	0	0	0.07353	10.8329	7.03672	0	3.7962	0.46976	0	0	-0.1077	0.66058	27.0651	65.534	151.466
THR_104	-2.57369	0.29575	2.53433	-0.24646	0.63877	0.09793	0.5575	3.01652	0.00871	0.04258	-0.41179	-0.28959	0	0	0	0	0	0	0.04088	2.99896	0.13971	2.85925	0	0.02908	0	5.07722	-0.9333	0.49562	14.378	104.579	69.4206
SER_105	-3.9761	0.05585	4.80806	-0.03765	0.00162	0.02424	3.73451	5.94449	0.03298	0.22735	-1.99558	-0.42372	0	0	0	0	0	0	0.47029	2.79957	2.16894	0.63063	0	0.71938	0	4.04	-0.539	0.0072	18.6931	143.005	18.9955
ILE_106	-2.82884	0.66899	1.50611	-0.48227	0.6155	0.1018	0.97686	2.81265	0	0	-0.14033	0.41157	0	0	0	0	0	0	-0.14044	4.31846	3.6622	0.65626	0	-0.61971	0	0	1.8006	-0.38151	12.9379	93.908	113.092
GLY_107	-3.88224	0.73969	3.73048	-0.00096	0	0	3.14698	5.36606	0	0	-1.93122	-0.30396	0	0	0	0	0	0	-0.13434	0	0	0	0	1.24746	0	0	1.435	1.1073	10.5203	162.766	1.23394
LEU_108	-3.40881	0.2144	3.13677	-0.5956	0.38905	0.15675	2.38701	4.58459	0	0	-2.3138	0.2363	0	0	0	0	0	0	-0.0405	1.27945	0.22032	1.05913	0	-0.25202	0	0	1.3223	1.85531	10.2307	92.8689	117.131
GLY_109	-3.65452	0.77946	3.20278	-0.00082	0	0	2.8235	4.86519	0	0	-2.74657	-0.28812	0	0	0	0	0	0	0.18648	0	0	0	0	0.77726	0	0	1.435	1.33609	8.71573	158.683	5.31702
VAL_110	-4.15302	0.54706	2.75547	-0.32358	0.14884	0.07204	2.78378	4.8034	0	0	-2.32107	0.16735	0	0	0	0	0	0	-0.02423	1.0433	0.01135	1.03195	0	-0.73504	0	0	2.7371	0.96476	9.50947	111.54	70.4601
LEU_111	-7.69401	5.43104	3.34689	-0.53522	0.4794	0.15366	2.73775	6.09713	0	0	-2.19535	-0.04669	0	0	0	0	0	0	0.11914	16.0547	15.1954	0.8593	0	0.2036	0	0	1.3223	-0.15978	41.3692	196.167	13.8333
THR_112	-4.54986	0.62303	3.48026	-0.21424	0.15752	0.08223	2.9329	5.2683	0.00213	0.03602	-2.61386	-0.30434	0	0	0	0	0	0	0.31872	0.98108	0.12935	0.85173	0	0.2687	0	5.04556	-0.9333	0.53182	12.0938	121.383	52.6166
GLY_113	-3.9375	1.17534	2.87866	-0.0018	0	0	2.26231	4.85946	1e-05	6e-05	-1.60465	-0.37989	0	0	0	0	0	0	0.12596	0	0	0	0	-2.52379	0	0	1.435	1.38192	5.67109	152.441	11.559
VAL_114	-5.24362	1.11038	3.21183	-0.2664	0.3602	0.05441	2.53965	5.85244	0	0	-2.005	-0.35767	0	0	0	0	0	0	1.0526	0.76928	0.14713	0.62215	0	0.12624	0	0	2.7371	1.7103	12.421	124.919	57.0805
SER_115	-4.98534	1.0981	5.20377	-0.03243	0.00173	0.02099	3.68437	6.50432	0	0	-2.93039	-0.63068	0	0	0	0	-0.04015	0	0.2547	0.73202	0.09022	0.6418	0	-0.03207	0	4.04	-0.539	0.86438	13.9464	159.951	2.04937
TYR_116	-6.84027	1.54002	4.58411	-0.79409	0.2362	0.13698	3.09616	7.0233	0	0	-2.29964	-0.49494	0	0	0	0	0	0	-0.06123	4.20477	0.49219	0	3.71258	-0.09379	0	0	1.7379	-0.02863	16.1516	140.938	107.062
ALA_117	-4.10449	0.58993	2.89792	-0.02855	0.01093	0	2.03752	5.0399	0	0	-1.56405	-0.40033	0	0	0	0	0	0	1.89513	0	0	0	0	0.7256	0	0	2.2619	0.44409	9.80551	135.925	17.075
VAL_118	-4.16761	0.82028	1.73485	-0.29347	0.27535	0.06549	1.09515	3.66002	0	0	-0.3527	-0.14986	0	0	0	0	0	0	0.6943	0.68347	0.49765	0.18581	0	-0.65656	0	0	2.7371	0.675	7.50428	108.693	73.3066
THR_119	-4.19875	1.59272	4.248	-0.11286	0.11408	0.07105	2.68938	5.54578	0.00294	0.09569	0.71895	-0.73224	0.4645	0	0	0	0	0	0.04496	0.33969	0.07479	0.2649	0	-0.56034	0	5.04213	-0.9333	2.94876	17.7208	109.137	64.8635
PRO_120	-1.94716	1.06409	1.66514	-0.07414	0	0.04701	0.5686	1.8047	0	0	0.10281	0.56178	0.50313	0	0	0	0	0	-0.03527	1.44774	0.90745	0.54029	0	-1.02417	0	0	-4.6787	2.96016	4.41346	86.4051	112.595
ASN_121	-4.55497	1.64038	4.46664	-0.20303	0.03754	0.35064	2.82248	5.69142	0.00589	0.10781	-1.66649	-0.68933	0	0	0	-0.32203	0	0	-0.0459	4.79626	0.17238	0	4.62389	-0.32834	0	0	-0.3009	0.12297	16.7273	98.3786	85.6214
VAL_122	-5.66647	0.60084	4.10325	-0.27646	0.31688	0.06002	3.4174	6.446	0	0	-1.48572	-0.37771	0	0	0	0	0	0	0.40314	0.32686	0.01864	0.30822	0	-1.09592	0	0	2.7371	-0.27986	9.5562	135.62	46.38
ASP_123	-6.51881	1.07273	8.04969	-0.08997	0.00415	0.24565	5.18408	9.35376	0.00295	0.01212	-6.5385	-0.16759	0	0	0	0	-1.02697	0	3.62695	3.25362	0.10405	0	3.14957	1.30114	0	0	-1.6204	0.13331	19.5315	181.636	3.36383
LEU_124	-4.78668	1.00403	3.46757	-0.51151	0.81476	0.10508	3.05203	5.29521	0	0	-2.96338	0.19296	0	0	0	0	0	0	1.54561	1.24745	0.71841	0.52904	0	-0.59555	0	0	1.3223	-0.00836	10.429	117.144	92.8558
ASP_125	-5.54166	1.18471	8.20059	-0.1902	0.06691	0.5963	4.89332	9.42444	0.09278	0.77806	-4.19401	-1.23827	0	0	0	0	-0.66514	0	0.11347	3.5853	0.00039	0	3.58491	-0.34185	0	0	-1.6204	0.2043	18.9339	176.496	8.50421
ALA_126	-2.99151	0.42498	3.55898	-0.02724	0.0126	0	3.11904	4.91261	0	0	-2.22588	-0.47007	0	0	0	0	0	0	-0.0338	0	0	0	0	1.07823	0	0	2.2619	1.19186	10.8117	101.351	51.6493
GLY_127	-3.30835	0.62396	3.73657	-0.00059	0	0	3.51904	5.09375	0	0	-2.31155	-0.278	0	0	0	0	0	0	3.45756	0	0	0	0	0.983	0	0	1.435	2.0014	14.9518	156.037	7.96328
TYR_128	-6.19586	1.33807	3.96196	-0.79076	0.05518	0.1547	3.052	6.43293	0.02786	0.26958	-2.4371	-0.43233	0	0	0	0	0	0	3.42279	3.22457	0.08666	0	3.13792	-0.00168	0	0	1.7379	1.14816	18.1926	179.111	68.8888
ARG_129	-10.9012	5.45237	11.9844	-0.57529	0.20287	0.34121	5.42175	13.2384	0.03213	0.2858	-5.30895	0.38835	0	0	0	0	-1.81785	0	1.50499	5.58897	2.4821	3.10687	0	-0.02045	0	0	-0.1423	-0.42252	30.8417	259.204	5.79622
TYR_130	-6.31614	1.04265	4.49025	-0.79219	0.10415	0.16793	3.11177	6.69791	0	0	-1.99987	-0.52286	0	0	0	0	0	0	-0.10181	3.17978	0.0032	0	3.17658	-0.0467	0	0	1.7379	-0.31678	13.6158	176.292	71.7076
ASN_131	-6.40136	0.64061	6.48442	-0.18789	0.01218	0.29264	3.52151	8.2941	0.02813	0.15239	-2.63468	-0.6922	0	0	0	0	-0.1577	0	3.24528	3.17668	0.16025	0	3.01644	0.63399	0	0	-0.3009	0.0514	19.3353	178.286	5.71363
TYR_132	-5.81225	1.35691	4.58691	-0.92941	0.67757	0.30387	3.06564	6.70134	0	0	-1.75926	-0.59067	0	0	0	0	0	0	-0.11094	3.39148	0.00051	0	3.39097	0.29124	0	0	1.7379	0.64264	16.9445	185.711	62.2886
ILE_133	-6.82899	0.62769	2.96769	-0.52487	1.88769	0.11277	1.36702	5.4888	0.03298	0.22735	-0.29967	-0.49982	0	0	0	0	0	0	0.39141	4.078	1.33051	2.74749	0	0.613	0	0	1.8006	0.69012	16.2098	195.537	11.4632
GLY_134	-4.56518	2.40089	4.16025	-0.00018	0	0	2.65169	6.08292	0.0101	0.02828	-1.62756	-0.27331	0	0	0	0	0	0	1.65697	0	0	0	0	-2.32605	0	0	1.435	0.71523	10.3491	159.389	4.61109
LYS_135	-5.08913	2.45653	4.18651	-0.6402	1.18381	0.52914	1.54723	4.63486	0.0081	0.02321	0.70959	0.17265	0	0	0	0	0	0	-0.1662	6.57092	0.60203	5.96888	0	0.66392	0	0	-0.8895	0.67481	23.1472	144.763	107.237
VAL_136	-4.56668	0.59733	2.54066	-0.28495	0.31196	0.07074	1.80279	4.68904	0.0101	0.02828	-0.39192	-0.49247	0	0	0	0	0	0	0.25191	0.21696	0.0341	0.18286	0	-0.46045	0	0	2.7371	0.55084	7.82821	169.929	12.0713
ASN_137	-2.12279	3.72749	2.3226	-0.47052	1.15615	1.20505	0.76013	2.77561	0.0081	0.02321	0.50918	-0.7694	0	0	0	0	0	0	0.06261	21.0496	14.3487	0	6.70086	-1.36205	0	0	-0.3009	3.16419	52.7879	70.8927	113.107
THR_138	-2.03807	3.38582	2.12888	-0.20515	0.23176	0.07647	0.65673	2.7654	0	0	-0.04061	-0.35699	0	0	0	0	0	0	0.46895	6.38645	6.2773	0.10914	0	0.99463	0	5.05731	-0.9333	7.45087	32.4156	49.3191	124.681
VAL_139	-5.00499	6.23265	2.56511	-0.26728	0.26425	0.05127	2.27629	4.69131	0.0012	0.01616	-1.67842	0.28385	0	0	0	0	0	0	0.67771	0.24846	0.07621	0.17225	0	-0.44331	0	0	2.7371	4.23087	17.1307	132.537	49.4635
LYS_140	-5.40546	1.53659	4.54005	-0.38771	0.07807	0.26348	1.81965	5.43909	1e-05	0.00023	-1.02165	-0.00519	0	0	0	0	0	0	0.30795	9.46845	5.72988	3.73858	0	-0.12535	0	0	-0.8895	-0.64544	24.4417	131.269	120.731
ASN_141	-5.15048	0.41928	4.94796	-0.20101	0.01891	0.34822	2.24528	6.16104	0	0	-0.61971	-1.04808	0	0	0	-0.33533	0	0	-0.13978	4.59602	1.54774	0	3.04828	-1.70698	0	0	-0.3009	-0.68073	13.1497	131.014	52.9858
VAL_142	-7.57869	2.35823	4.48657	-0.27294	0.33479	0.05215	3.75999	7.89622	0.0012	0.01616	-3.51508	0.29848	0	0	0	0	0	0	0.56646	0.4192	0.26051	0.15869	0	-0.46921	0	0	2.7371	-1.00428	10.5055	171.238	10.7616
ARG_143	-7.46871	0.85196	7.18816	-0.85084	0.57182	0.73241	4.256	8.79198	1e-05	0.00023	-3.07429	0.19776	0	0	0	-0.33533	0	0	0.2636	10.3863	6.71032	3.67595	0	-0.16209	0	0	-0.1423	-0.19913	31.3938	185.157	79.8428
SER_144	-4.15373	0.99812	4.26727	-0.04396	0.00598	0.0663	3.29755	5.47564	0.02813	0.15239	-2.0789	-0.51	0	0	0	0	0	0	1.13153	0.64016	0.00973	0.63043	0	-0.33524	0	4.04	-0.539	0.16696	13.2494	150.886	11.1138
GLY_145	-3.13342	0.86287	3.00533	-0.00086	0	0	2.73507	4.25418	0	0	-2.6676	-0.34779	0	0	0	0	0	0	0.27065	0	0	0	0	2.13557	0	0	1.435	2.29191	10.8409	146.95	17.0498
GLU_146	-6.86247	1.67003	7.88378	-0.21261	0.04772	0.36994	5.37676	9.10792	0.0018	0.02473	-5.00415	-0.44343	0	0	0	0	-0.90236	0	1.11074	6.62317	1.42765	0	5.19552	0.08653	0	0	-1.6358	2.7588	26.6243	212.644	10.3564
LEU_147	-4.03315	0.79565	3.50167	-0.49478	1.36123	0.09533	2.97244	5.08278	0	0	-2.53498	0.11646	0	0	0	0	0	0	0.50155	11.1376	9.7575	1.38012	0	-0.48649	0	0	1.3223	0.20032	30.6756	73.5297	136.47
SER_148	-4.48656	0.9881	4.60893	-0.04734	0.03643	0.06993	3.27902	6.10974	0.0085	0.04205	-2.46257	-0.42619	0	0	0	0	0	0	0.43289	0.27723	0.01156	0.26568	0	-0.6538	0	4.04	-0.539	-0.1899	11.3647	148.513	13.4867
ALA_149	-2.80099	0.88165	2.85528	-0.02622	0.00819	0	2.42332	4.14312	0	0	-2.03466	-0.51519	0	0	0	0	0	0	0.18106	0	0	0	0	-0.04608	0	0	2.2619	0.71617	8.04755	87.1788	65.8212
GLY_150	-3.47172	0.63773	3.34268	-0.0014	0	0	2.94213	4.76952	0	0	-2.53596	-0.32988	0	0	0	0	0	0	0.04211	0	0	0	0	-0.48155	0	0	1.435	1.40243	7.75107	151.713	12.2866
VAL_151	-4.11676	1.02283	2.74365	-0.25916	0.37937	0.0519	2.66398	4.82084	0	0	-2.332	-0.26238	0	0	0	0	0	0	0.19261	6.08556	5.37733	0.70823	0	-1.15771	0	0	2.7371	0.30567	18.9611	104.332	77.6677
ARG_152	-9.69569	1.7845	9.4963	-0.90889	0.35072	0.63558	5.11345	10.6031	0	0	-4.98333	0.46893	0	0	0	0	-0.89701	0	0.0892	6.10354	3.00892	3.09462	0	-0.06223	0	0	-0.1423	-0.47088	23.5885	261.863	3.13733
VAL_153	-4.76324	0.37316	2.98502	-0.28767	0.36095	0.07254	2.90977	5.24229	0	0	-2.60952	-0.52309	0	0	0	0	0	0	1.221	2.67257	2.37404	0.29853	0	-0.75377	0	0	2.7371	0.03101	12.3407	109.991	72.0089
LYS_154	-5.91318	1.6573	5.99566	-0.49377	0.28419	0.32327	3.67298	6.73368	0	0	-5.1296	-0.05441	0	0	0	-0.32203	-0.63479	0	2.01857	12.4435	3.47607	8.96743	0	0.50083	0	0	-0.8895	0.85347	33.4897	202.35	49.6498
PHE_155	-4.07103	1.55271	2.71195	-1.05589	0.38527	1.15484	1.15467	4.34494	0	0	0.18968	0.08882	0	0	0	0	0	0	0	10.5876	0.00917	0	10.5784	0	0	0	1.9602	0.68449	30.2757	66.3066	170.693