label	fa_atr	fa_rep	fa_sol	fa_intra_atr_xover4	fa_intra_rep_xover4	fa_intra_sol_xover4	lk_ball	lk_ball_iso	lk_ball_bridge	lk_ball_bridge_uncpl	fa_elec	fa_intra_elec	pro_close	hbond_sr_bb	hbond_lr_bb	hbond_bb_sc	hbond_sc	dslf_fa13	omega	fa_dun	fa_dun_dev	fa_dun_rot	fa_dun_semi	p_aa_pp	yhh_planarity	hxl_tors	ref	rama_prepro	total	BSA	SASA
GLU_1	-6.32206	2.71354	7.22598	-0.37514	0.62425	0.43848	4.24726	9.09747	0	0	1.86095	0.36719	0	0	0	0	0	0	0.95004	10.6502	5.61376	0	5.03646	0	0	0	-1.6358	0	40.4926	145.963	77.0366
ALA_2	-2.39153	1.26026	3.10184	-0.01875	0	0	1.41683	3.78962	0	0	0.54667	-0.43195	0	0	0	0	0	0	4.12564	0	0	0	0	0.0369	0	0	2.2619	-0.28386	13.4136	61.8837	91.1163
GLY_3	-3.39064	1.37453	3.91751	-5e-05	0	0	2.07008	5.29268	0	0	-0.5364	-0.41321	0	0	0	-0.45821	0	0	0.86051	0	0	0	0	-0.5036	0	0	1.435	2.94814	12.5964	144.176	19.8236
ILE_4	-8.10493	0.56995	2.50839	-0.50958	0.92978	0.10469	2.55067	6.54438	0.03894	0.26048	0.36214	-0.07564	0	0	0	-0.38623	0	0	-0.00372	2.13035	0.31897	1.81137	0	-0.2965	0	0	1.8006	3.20318	13.7573	207	0
THR_5	-5.89517	0.94709	5.96766	-0.18991	0.50692	0.07319	4.01091	7.96153	0.05312	0.30865	-1.54215	-0.48552	0	0	0	0	0	0	-0.13073	1.26271	1.211	0.05171	0	0.1037	0	5.0779	-0.9333	0.11453	18.4738	127.076	46.9239
GLY_6	-3.43456	0.27075	3.76537	-0.00125	0	0	2.92674	5.1894	0	0	-1.26088	-0.34223	0	0	0	0	0	0	0.2803	0	0	0	0	-2.52959	0	0	1.435	0.80978	7.10884	149.955	14.0449
THR_7	-5.18207	1.11825	2.78505	-0.15848	0.08894	0.05517	2.02652	5.08675	0.02777	0.12947	-1.60217	-0.57299	0	0	0	0	0	0	0.3622	0.33158	2e-05	0.33156	0	-0.29854	0	5.04692	-0.9333	0.70018	9.34283	130.467	43.5333
TRP_8	-15.3662	5.13205	5.50665	-0.79814	0.26154	0.40023	4.1859	11.5379	0	0	-3.80164	-0.2752	0	0	0	-0.38623	0	0	0.11563	2.41504	0.2229	0	2.19214	-0.25464	0	0	3.7077	-0.09874	14.6969	270	0
TYR_9	-6.35163	3.8957	3.12463	-0.49542	0.04503	0.25301	3.22578	5.93052	0.00171	0.0615	-2.97526	-0.17498	0	0	0	0	0	0	0.00524	4.90773	0.27216	0	4.63556	-0.3995	0	0	1.7379	-0.51912	17.1805	148.558	99.4418
ASN_10	-8.37875	2.46278	7.82391	-0.33186	0.23581	0.58209	4.36093	10.0812	0.01113	0.06715	-3.80373	-0.43786	0	0	0	-0.29018	0	0	0.4655	2.25595	0.45326	0	1.80269	-0.27758	0	0	-0.3009	0.15654	16.9381	170.736	13.2639
GLN_11	-4.94067	0.86976	4.97396	-0.83737	0.34627	1.14475	2.67897	6.14852	0.01681	0.11788	-1.49532	-1.7947	0	0	0	-0.52904	-0.69571	0	0.89921	7.0666	1.75542	0	5.31118	-0.18847	0	0	-0.1077	0.28231	21.0227	112.655	104.345
LEU_12	-4.78212	0.92777	2.76743	-0.54922	1.0735	0.15789	1.94483	4.5403	0	0	0.09032	0.14346	0	0	0	0	0	0	0.07734	1.26725	1.08556	0.18169	0	-0.27235	0	0	1.3223	-0.67216	9.30379	135.696	74.3037
GLY_13	-2.22051	0.30376	2.51105	-6e-05	0	0	1.23377	3.60343	0	0	-0.9756	-0.37739	0	0	0	0	0	0	0.17723	0	0	0	0	-2.48484	0	0	1.435	-1.23465	1.97119	108.67	55.3298
SER_14	-5.87191	1.73245	6.01505	-0.0318	0.00363	0.01998	4.25161	7.75052	0.02212	0.15059	-2.32479	-0.58083	0	0	0	-0.29018	0	0	0.30555	0.95383	0.06302	0.89081	0	-0.23074	0	4.04	-0.539	-1.44993	14.88	159.342	2.65752
THR_15	-5.3414	2.0492	3.71616	-0.18766	0.49333	0.08055	3.30818	5.69779	0.00171	0.0615	-2.59202	-0.58172	0	0	0	0	0	0	-0.09284	0.49562	0.30113	0.19449	0	-0.23973	0	4.99058	-0.9333	-0.65574	10.7658	143.201	30.7995
PHE_16	-10.3189	3.41775	1.4982	-0.64464	0.07593	0.1287	2.86135	6.13669	0	0	-2.40887	-0.27769	0	0	0	0	0	0	0.42587	5.29252	1.22508	0	4.06743	-0.20121	0	0	1.9602	0.0623	13.3007	237	0
ILE_17	-5.82128	2.02223	4.03016	-0.49913	1.49104	0.11237	3.07348	6.22436	0	0	-2.39945	0.03174	0	0	0	0	0	0	2.21804	0.65489	0.22193	0.43296	0	-1.24061	0	0	1.8006	-0.33758	12.0158	151.133	55.8666
VAL_18	-7.43538	1.08847	1.99109	-0.33305	0.3426	0.07837	3.19025	6.35991	0.03894	0.26048	-2.20473	-0.13821	0	0	0	0	0	0	1.21823	1.08799	0.06406	1.02393	0	-0.30573	0	0	2.7371	-0.36693	8.69739	180.784	1.2163
THR_19	-4.3921	0.87465	3.51215	-0.1663	0.12786	0.0605	2.85334	5.37689	0.02143	0.12213	-1.52253	-0.61282	0	0	0	0	0	0	-0.08166	0.25376	0.00444	0.24932	0	-0.2942	0	5.03938	-0.9333	0.0678	10.5607	93.7629	80.2371
ALA_20	-5.23685	1.28317	1.45259	-0.02683	0.00374	0	1.67609	4.66105	0	0	-0.10706	-0.41975	0	0	0	0	0	0	-0.05648	0	0	0	0	0.98662	0	0	2.2619	0.46255	6.94074	148.135	4.8652
GLY_21	-3.5497	0.45756	4.75741	-0.00032	0	0	2.92528	6.26479	0.00533	0.01456	-1.34207	-0.23849	0	0	0	0	0	0	-0.03339	0	0	0	0	0.4828	0	0	1.435	0.72878	11.9075	133.148	30.8521
ALA_22	-1.71756	0.31743	2.65509	-0.02504	0.00191	0	1.26428	3.22529	0.0013	0.00795	0.70893	-0.4045	0	0	0	0	0	0	-0.23568	0	0	0	0	-0.42442	0	0	2.2619	-0.07776	7.55912	65.6565	87.3435
ASP_23	-2.94132	0.42814	4.51944	-0.22648	0.08036	0.79136	2.70777	5.53981	0	0	-1.95416	-2.26761	0	0	0	-0.35636	0	0	-0.07421	3.32118	0.10784	0	3.21334	-0.70314	0	0	-1.6204	-0.83144	9.73411	79.3927	105.607
GLY_24	-4.89352	1.59469	4.91825	-6e-05	0	0	2.74062	7.00441	0.06411	0.40136	-2.71522	-0.38169	0	0	0	0	0	0	-0.36017	0	0	0	0	-2.47346	0	0	1.435	-1.38677	5.94755	163.488	0.512343
ALA_25	-4.89641	0.44965	4.5086	-0.02429	0	0	3.21257	7.04799	0	0	-2.62546	-0.21277	0	0	0	-0.30299	0	0	2.1273	0	0	0	0	-0.00388	0	0	2.2619	-1.57019	9.97201	123.268	29.7324
LEU_26	-9.27812	1.60054	2.83135	-0.49874	0.99131	0.11221	2.58719	7.48118	0.0256	0.14307	-2.17941	0.04742	0	0	0	0	0	0	0.02234	1.19671	0.02677	1.16994	0	-0.26018	0	0	1.3223	-0.76838	6.57308	210	0
THR_27	-3.877	0.46102	3.47243	-0.14122	0.139	0.10279	2.60275	5.16378	0.0161	0.10756	-2.32366	-1.19708	0	0	0	0	0	0	-0.0252	1.18297	0.14268	1.0403	0	-0.11042	0	5.05024	-0.9333	-0.0223	10.8514	102.816	71.1845
GLY_28	-3.55865	2.19835	2.94006	-0.00133	0	0	2.1164	4.56076	0	0	-2.14985	-0.34648	0	0	0	0	0	0	-0.13689	0	0	0	0	-2.51734	0	0	1.435	1.3047	5.84472	139.402	24.5978
THR_29	-5.67926	1.80361	4.93076	-0.12523	0.08829	0.08792	3.13849	6.4388	0	0	-2.33148	-0.94895	0	0	0	0	0	0	0.33963	0.55226	0.01419	0.53808	0	-0.22842	0	5.05569	-0.9333	1.01974	13.7608	131.217	42.7826
TYR_30	-10.2615	1.63376	4.18769	-0.64317	0.11216	0.05644	3.96699	7.98806	0	0	-2.2771	-0.42675	0	0	0	0	0	0	0.10045	6.69502	2.56881	0	4.12621	-0.17895	0	0	1.7379	-0.47666	18.9093	244.512	3.48775
GLU_31	-5.5805	1.22914	6.27988	-0.292	0.10999	0.32265	3.14188	7.2538	0.01878	0.06134	-3.44993	-0.30858	0	0	0	0	0	0	-0.04603	6.8425	2.8943	0	3.9482	0.44486	0	0	-1.6358	0.20921	21.4437	159.506	63.4937
SER_32	-4.00832	0.7879	3.06617	-0.0369	0.02661	0.0509	1.74201	4.27581	0	0	1.46652	0.07887	0	0	0	0	0	0	0.06261	1.08161	0.00769	1.07392	0	0.62478	0	4.04	-0.539	0.52654	14.3277	142.254	19.7463
ALA_33	-2.98436	0.56853	1.42248	-0.02656	0.00648	0	1.16553	3.36752	0.00175	0.00479	0.03739	-0.39583	0	0	0	0	0	0	0.11137	0	0	0	0	-0.12476	0	0	2.2619	-0.43018	4.98605	86.5731	66.4269
VAL_34	-3.11556	0.50051	1.66648	-0.30113	0.30218	0.06068	1.45311	3.48868	0.01099	0.08344	0.74011	-0.40929	0	0	0	0	0	0	0.11242	0.12787	0.00721	0.12066	0	-0.50533	0	0	2.7371	-0.58424	6.49589	101.448	80.5521
GLY_35	-1.20222	0.21586	1.3026	-0.00029	0	0	0.66066	1.9331	0.00195	0.04017	-0.17272	-0.22639	0	0	0	0	0	0	0.14685	0	0	0	0	-2.49295	0	0	1.435	-0.13385	1.50777	95.8877	68.1123
ASN_36	-3.46672	0.55558	2.60048	-0.3298	0.09405	0.62216	1.42726	4.0291	0.08605	0.62463	-0.41658	-0.74368	0	0	0	0	-0.95288	0	1.26769	2.46141	0.00025	0	2.46116	-0.94279	0	0	-0.3009	0.12423	9.20073	109.657	74.3427
ALA_37	-4.03247	0.91798	2.20902	-0.02355	1e-05	0	0.98714	4.29656	0	0	-0.29089	-0.45682	0	0	0	0	0	0	0.91535	0	0	0	0	-0.52786	0	0	2.2619	0.40836	6.66473	135.396	17.6041
GLU_38	-4.60567	1.06401	5.43593	-0.37658	0.14335	0.5069	2.60674	5.53926	0	0	-1.99106	-0.50287	0	0	0	-1.22068	-0.6084	0	-0.02815	5.57393	0.37015	0	5.20379	-0.14139	0	0	-1.6358	0.53591	15.8694	138.598	84.4019
SER_39	-3.52845	1.40442	3.63106	-0.0209	0.00054	0.02457	0.9083	4.12598	0.05965	0.38268	-0.77768	-0.11518	0	0	0	0	0	0	0.58604	0.35922	0.11951	0.23971	0	1.41785	0	4.04	-0.539	3.24479	15.5631	109.434	52.5658
ARG_40	-4.83056	0.6561	3.77781	-0.44152	0.08979	0.22655	1.31848	4.67859	0.04263	0.32613	-0.83132	0.27073	0	0	0	-0.48884	0	0	0.0003	3.18292	0.07408	3.10884	0	-0.05398	0	0	-0.1423	2.71259	13.677	120.067	144.933
TYR_41	-11.457	2.80852	5.76661	-0.60224	0.26843	0.32534	4.74512	10.4738	0	0	-3.3663	-0.20666	0	0	0	-0.8293	0	0	0.00211	2.6906	0.01235	0	2.67825	-0.52116	0	0	1.7379	-0.72839	13.798	245.275	2.72523
VAL_42	-4.05642	0.40684	2.37531	-0.27961	0.32252	0.05596	0.90603	3.97982	0.03718	0.37905	-0.78134	0.33606	0	0	0	0	0	0	5.26246	0.4187	0.08637	0.33234	0	0.01949	0	0	2.7371	-0.68941	11.8484	102.187	79.813
LEU_43	-9.50562	3.30332	3.17431	-0.7403	0.88184	0.34201	2.14865	7.49163	0.0256	0.14307	-1.55833	-0.05321	0	0	0	0	0	0	0.39767	2.7271	1.03775	1.68936	0	0.0374	0	0	1.3223	-0.29358	12.571	208.784	1.2163
THR_44	-5.97097	0.94286	4.35375	-0.23311	0.2838	0.09249	2.9854	6.48611	0.03363	0.40773	-2.08024	-0.35379	0	0	0	0	0	0	0.05298	1.28889	0.01956	1.26933	0	-0.13586	0	5.02732	-0.9333	-0.15654	13.38	150.111	23.8891
GLY_45	-4.79806	1.28605	4.04652	-0.00153	0	0	2.61001	5.64229	0	0	-1.77838	-0.35123	0	0	0	0	0	0	-0.15849	0	0	0	0	-2.05764	0	0	1.435	0.67536	6.54991	164	0
ARG_46	-10.7552	1.69497	8.77851	-0.89233	0.56064	0.42032	4.47351	11.5795	0.01826	0.23037	-3.39046	0.18066	0	0	0	-0.05337	0	0	0.06128	4.06964	0.28117	3.78848	0	-0.27129	0	0	-0.1423	0.53597	21.1684	248.126	16.874
TYR_47	-11.2336	2.88082	4.2485	-1.08059	0.15445	0.57343	3.20869	9.21849	0.06412	0.40171	-1.09749	-0.31635	0	0	0	0	0	0	0.38828	3.98447	0.91211	0	3.07237	-0.46633	0	0	1.7379	-0.4314	16.2196	244.872	3.12763
ASP_48	-7.06777	1.40259	8.16709	-0.2322	0.11698	0.75536	4.50198	9.6176	0.03894	0.42592	-2.81343	-1.18148	0	0	0	-0.47667	-0.86169	0	-0.11017	3.17142	0.24834	0	2.92308	-1.4352	0	0	-1.6204	0.23915	15.8095	183.88	1.12049
SER_49	-3.75983	0.38261	3.18953	-0.04339	0.04919	0.05099	1.01176	3.85451	0.00643	0.13188	0.27487	-0.04672	0	0	0	0	0	0	2.07696	1.29782	0.82525	0.47257	0	-0.33251	0	4.04	-0.539	0.37279	13.3157	126.436	35.5643
ALA_50	-3.26315	1.08293	3.73555	-0.02927	0.04059	0	1.97231	4.74852	0.06181	0.25306	-1.10039	-0.50102	2.03988	0	0	-0.47667	0	0	0.49882	0	0	0	0	-0.12287	0	0	2.2619	2.65649	13.8585	107.105	45.8954
PRO_51	-4.74176	1.10549	3.239	-0.18425	0.0162	0.12883	0.82043	3.66934	0	0	-1.21125	0.26294	2.0747	0	0	0	0	0	0.2593	0.96729	0.40391	0.56338	0	-1.6265	0	0	-4.6787	2.92017	3.98853	150.35	48.6502
ALA_52	-3.09054	0.26873	2.57876	-0.02101	0	0	0.89673	3.9439	0.0286	0.14438	0.11102	-0.18258	0	0	0	0	0	0	0.55153	0	0	0	0	-0.23187	0	0	2.2619	-0.4576	6.80195	128.82	24.1798
THR_53	-1.32831	0.09253	1.50298	-0.14868	0.57227	0.08737	0.53571	2.01009	0	0	0.64741	0.20376	0	0	0	0	0	0	1.64222	4.58287	4.52806	0.05481	0	-0.33945	0	5.05153	-0.9333	-0.11156	18.6503	35.2972	138.703
ASP_54	-2.45319	0.16717	3.99541	-0.28045	0.24534	0.96987	2.20495	4.67645	0.00172	0.0175	-0.22111	-2.89552	0	0	0	0	0	0	0.03647	3.08898	0.00857	0	3.08041	-0.64434	0	0	-1.6204	0.1529	10.5307	82.8946	102.105
GLY_55	-1.5563	0.12656	2.28421	-7e-05	0	0	0.93864	2.89934	0.09122	0.52399	-0.04794	-0.3752	0	0	0	0	0	0	-0.24094	0	0	0	0	-2.51584	0	0	1.435	-0.7886	2.77406	108.716	55.2844
SER_56	-3.82277	0.47955	4.53583	-0.03408	0.03382	0.02279	1.79622	5.64023	0.04087	0.23157	-0.19092	-0.73314	0	0	0	0	0	0	0.59943	3.14871	2.37015	0.77856	0	-0.11458	0	4.04	-0.539	-0.79425	17.489	132.049	29.9508
GLY_57	-3.31965	0.45221	2.97369	-0.00022	0	0	1.71726	4.30383	0.00913	0.02578	-1.94692	-0.20418	0	0	0	0	0	0	0.15842	0	0	0	0	0.09002	0	0	1.435	0.02002	5.71437	162.65	1.35011
THR_58	-5.99878	1.36676	4.26828	-0.18748	0.25747	0.07596	3.61073	6.13746	0	0	-2.43975	-0.64825	0	0	0	0	0	0	-0.13994	0.39646	0.25642	0.14004	0	0.31104	0	5.04007	-0.9333	0.64588	12.1591	160.309	13.6911
ALA_59	-5.38665	0.56511	2.05448	-0.02546	6e-05	0	1.83252	5.4725	0.03718	0.30171	-2.23204	-0.20923	0	0	0	0	0	0	-0.08847	0	0	0	0	0.0329	0	0	2.2619	-0.5913	4.02521	153	0
LEU_60	-8.2348	2.24399	2.28217	-0.7989	1.24527	0.3063	2.8325	6.64011	0	2e-05	-2.23974	0.03091	0	0	0	0	0	0	0.68748	2.1427	0.6384	1.50429	0	1.20244	0	0	1.3223	0.89937	12.7048	210	0
GLY_61	-4.52474	1.42081	3.00158	-0.00196	0	0	2.47579	5.24048	0	0	-2.66647	-0.38353	0	0	0	0	0	0	0.45629	0	0	0	0	-0.00107	0	0	1.435	2.8204	9.27259	163.488	0.512343
TRP_62	-12.7856	2.25867	2.86238	-1.29464	0.14413	1.05338	3.54343	8.30584	0	0	-2.57978	-0.44854	0	0	0	0	0	0	0.06901	1.98633	0.15819	0	1.82814	-0.712	0	0	3.7077	1.35987	9.45655	270	0
THR_63	-7.81628	1.94632	5.03713	-0.15907	0.17512	0.05653	3.69231	8.15338	0.03597	0.46664	-2.27365	-0.5219	0	0	0	0	0	0	2.24209	0.83902	0.09435	0.74467	0	-0.35605	0	5.05271	-0.9333	0.19465	16.6706	174	0
VAL_64	-8.25214	2.11549	2.27455	-0.28007	0.3804	0.06645	2.7861	6.32018	0	0	-2.42288	-0.33311	0	0	0	0	0	0	5.23332	1.24121	0.9594	0.28181	0	-1.23404	0	0	2.7371	-0.49132	11.3824	182	0
ALA_65	-4.80888	0.96833	1.92607	-0.02478	0.00071	0	2.0494	4.85029	0.04619	0.48339	-0.42584	-0.33079	0	0	0	0	0	0	2.42626	0	0	0	0	0.73048	0	0	2.2619	-0.27425	9.87848	152.041	0.959148
TRP_66	-11.0998	2.5363	3.96856	-0.95167	0.10239	0.40993	3.42905	8.58163	0.01565	0.16773	-2.77393	-0.31328	0	0	0	0	0	0	1.05304	2.37146	0.04311	0	2.32835	0.01159	0	0	3.7077	1.69561	15.2834	255.519	14.4814
LYS_67	-6.46584	2.04626	5.3856	-0.48165	0.20915	0.30532	2.19336	6.41771	0.019	0.23042	-1.7109	0.46168	0	0	0	0	0	0	1.59669	3.89924	0.44126	3.45798	0	0.43754	0	0	-0.8895	1.60996	19.1633	183.427	68.5733
ASN_68	-7.39618	1.34236	7.33015	-0.31245	0.18591	0.53571	4.54782	9.55672	0	0	-2.82466	-0.80602	0	0	0	-1.61724	0	0	0.11503	2.33088	0.01088	0	2.32	-0.61756	0	0	-0.3009	0.95317	15.3536	163.477	20.5229
ASN_69	-2.30809	0.27451	1.47433	-0.21698	0.16556	0.36671	0.17067	2.41729	0	0	0.31832	-0.71987	0	0	0	0	0	0	-0.15586	5.81453	0.1955	0	5.61903	-0.65206	0	0	-0.3009	1.04452	13.5072	39.3474	144.653
TYR_70	-4.16603	0.71229	2.82262	-0.71826	0.18302	0.44595	1.05355	3.88038	0.08203	0.46812	-0.15945	-0.09437	0	0	0	-0.64063	0	0	0.01757	3.06087	0.44954	0	2.61133	-0.48336	0	0	1.7379	0.75676	12.0198	71.9304	176.07
ARG_71	-8.0844	1.06501	9.09569	-0.49301	0.27959	0.25692	4.64223	10.1161	0.08203	0.46812	-2.8495	0.36769	0	0	0	-0.09639	-1.56128	0	0.07495	7.25638	4.1748	3.08159	0	-0.16596	0	0	-0.1423	1.06722	28.6355	162.252	102.748
ASN_72	-6.24549	0.97609	5.90609	-0.24646	0.10668	0.42962	2.39508	7.32875	0.0776	0.31759	-1.07619	-0.88469	0	0	0	-0.6408	-0.86919	0	0.06211	3.43374	0.49913	0	2.93461	-0.61215	0	0	-0.3009	0.65612	14.2473	138.211	45.7894
ALA_73	-3.96544	0.86915	2.6656	-0.02793	0.01767	0	1.66988	4.73204	0.07475	0.47392	-1.02537	-0.41601	0	0	0	0	0	0	-0.09509	0	0	0	0	0.47443	0	0	2.2619	-0.19111	7.51838	135.809	17.1906
HIS_74	-6.77693	3.6214	6.69048	-0.43525	0.03999	0.55198	3.41158	9.10677	0.01214	0.07474	-1.61648	-0.52211	0	0	0	-0.6408	0	0	0.25306	3.12614	0.00606	0	3.12008	-0.66415	0	0	0.8406	0.44731	20.6466	181.162	59.8379
SER_75	-5.723	1.59148	4.13176	-0.04175	0.02349	0.06306	2.21461	6.39231	0.0063	0.05718	-1.43283	-0.5535	0	0	0	0	0	0	0.0756	0.05186	0.00554	0.04632	0	-0.89204	0	4.04	-0.539	0.63748	10.1549	152.264	9.73599
ALA_76	-5.80754	0.77922	3.1404	-0.02418	0.00022	0	3.02878	6.93587	0	0	-1.99265	-0.42968	0	0	0	0	0	0	0.17392	0	0	0	0	-0.41118	0	0	2.2619	-0.03308	7.622	153	0
THR_77	-8.11048	2.49402	4.71327	-0.15442	0.09635	0.05612	4.12642	7.93588	0	0	-3.30723	-0.66437	0	0	0	0	0	0	3.06687	0.69928	0.17938	0.5199	0	-0.33172	0	5.03114	-0.9333	0.21969	15.6368	169.805	4.19455
THR_78	-7.91568	4.70799	5.21569	-0.14634	0.08258	0.1071	3.98067	8.18456	0.02377	0.12095	-2.1865	-1.08545	0	0	0	0	0	0	0.37987	1.83115	0.10131	1.72984	0	-0.36586	0	4.99314	-0.9333	0.07749	18.903	174	0
TRP_79	-13.5133	3.92906	4.47505	-0.89726	0.23125	0.62292	4.00945	9.54133	0.00427	0.08493	-3.86047	-0.18319	0	0	0	0	-0.65268	0	-0.02751	3.57143	0.07353	0	3.4979	0.20639	0	0	3.7077	-0.07764	14.7432	262.006	7.99361
SER_80	-5.56618	0.85653	5.6816	-0.03618	0.00798	0.0477	3.42154	6.93102	0.00041	0.0109	-2.79341	-0.02692	0	0	0	0	0	0	-0.10589	1.17967	0.27539	0.90427	0	0.73199	0	4.04	-0.539	0.10272	15.1241	162	0
GLY_81	-4.13957	2.95178	3.37034	-0.0013	0	0	2.50417	5.28063	0.00041	0.01088	-2.29729	-0.3371	0	0	0	0	0	0	-0.19216	0	0	0	0	-2.44494	0	0	1.435	1.7089	7.84975	161.788	2.21208
GLN_82	-8.30766	1.55955	6.45238	-0.38571	0.06652	0.29691	4.34245	9.51657	0.00179	0.00475	-3.80919	-0.74039	0	0	0	-1.23723	0	0	0.10168	6.17535	1.37804	0	4.79731	-0.19744	0	0	-0.1077	1.77182	21.6798	212.362	4.63791
TYR_83	-10.0126	2.00042	4.55693	-0.84472	0.1074	0.24122	3.16575	8.45827	0.00136	0.02289	-2.92665	-0.46439	0	0	0	0	0	0	0.38064	4.81959	1.52719	0	3.2924	-0.11741	0	0	1.7379	-0.14972	15.7964	225.796	22.2043
VAL_84	-4.49298	0.34324	3.52216	-0.27895	0.26889	0.05953	2.68474	5.53058	0.0513	0.32728	-2.13118	-0.40232	0	0	0	0	0	0	-0.06429	2.19919	1.9342	0.26499	0	-0.79421	0	0	2.7371	-0.44105	11.3182	139.721	42.2789
GLY_85	-2.12722	0.26189	1.42736	-0.00017	0	0	0.32623	2.56762	0.01661	0.14204	0.22428	-0.1602	0	0	0	0	0	0	-0.01175	0	0	0	0	-1.53815	0	0	1.435	0.62762	3.19116	132.312	31.6883
GLY_86	-1.38815	0.44747	1.94166	-0.0003	0	0	0.80734	2.64988	0.0034	0.05639	0.55265	-0.18658	0	0	0	0	0	0	-0.04875	0	0	0	0	-2.48459	0	0	1.435	0.71498	4.50039	104.127	59.8728
ALA_87	-0.86833	0.15707	0.93418	-0.02313	0	0	0.25511	1.23865	0	0	0.13341	-0.38437	0	0	0	0	0	0	-0.12327	0	0	0	0	-0.33811	0	0	2.2619	1.24515	4.48826	33.1773	119.823
GLU_88	-2.08021	0.43688	2.57598	-0.23061	0.0851	0.36773	0.60583	3.17897	0.06282	0.41159	0.3235	-0.47558	0	0	0	0	0	0	0.7271	8.16368	4.2099	0	3.95378	0.32412	0	0	-1.6358	3.30935	24.3141	87.889	135.111
ALA_89	-4.64843	0.72155	2.86547	-0.02441	0	0	2.04723	5.29153	0.00257	0.0489	-2.36097	-0.23562	0	0	0	0	0	0	-0.00976	0	0	0	0	0.16112	0	0	2.2619	1.38469	7.50577	143.141	9.85852
ARG_90	-7.95849	2.28494	7.42962	-0.99206	0.84792	0.71048	4.13536	9.34403	0.03855	0.36936	-3.52939	0.0321	0	0	0	0	0	0	2.77287	6.22122	3.71054	2.51068	0	-0.37446	0	0	-0.1423	-1.16536	26.2456	186.024	78.9763
ILE_91	-9.17802	2.33503	2.47011	-0.46563	0.74717	0.10333	2.82693	6.50423	0.00235	0.00719	-2.25309	-0.0881	0	0	0	0	0	0	-0.05415	0.88061	0.49224	0.38836	0	-1.11685	0	0	1.8006	-0.66764	4.73466	207	0
ASN_92	-4.40672	2.85648	3.79414	-0.19745	0.02224	0.32495	2.67217	5.52573	0	0	-2.64911	-0.52256	0	0	0	0	0	0	1.61428	3.11405	0.21264	0	2.90141	0.52622	0	0	-0.3009	-0.24638	15.2412	130.825	53.175
THR_93	-6.97427	1.75464	4.50657	-0.12591	0.09487	0.08907	3.18921	6.83919	0.00235	0.00719	-2.03144	-1.00773	0	0	0	0	0	0	4.48635	0.47942	0.24096	0.23846	0	-0.46406	0	5.01594	-0.9333	-0.49447	14.913	173.392	0.60815
GLN_94	-5.32106	0.8825	4.25061	-0.28276	0.16245	0.24539	3.12995	5.75116	0.01011	0.20688	-2.53418	-0.58958	0	0	0	0	0	0	0.69503	4.54822	0.13264	0	4.41558	0.03251	0	0	-0.1077	-0.75498	14.8728	151.071	65.9291
TRP_95	-12.0441	2.79434	6.4451	-1.42198	0.73568	0.80565	3.50774	11.3354	0	0	-3.04635	-0.2539	0	0	0	0	-0.18829	0	0.00311	3.40179	0.48904	0	2.91275	-0.42508	0	0	3.7077	-0.12486	18.6337	225.159	44.8406
LEU_96	-8.60318	2.46103	3.54784	-0.46934	0.58868	0.10949	3.30026	7.31017	0.03112	0.14351	-2.19764	-0.02154	0	0	0	0	0	0	-0.12083	1.42008	0.08528	1.3348	0	-0.24031	0	0	1.3223	0.35549	10.3572	207.181	2.81906
LEU_97	-7.7312	2.39984	4.89057	-0.65995	0.37342	0.21816	3.52266	7.74021	0.02222	0.0669	-2.45465	0.03645	0	0	0	0	0	0	0.32464	5.72761	4.57891	1.14871	0	-0.28566	0	0	1.3223	0.55941	21.8006	165.927	44.0733
THR_98	-7.3241	1.30177	5.78835	-0.17621	0.22273	0.06276	3.86485	8.5934	0.01144	0.13741	-2.62426	-0.58213	0	0	0	0	0	0	2.16072	0.2746	0.12639	0.14821	0	-0.07488	0	5.0665	-0.9333	0.32038	16.3646	173.488	0.512343
SER_99	-4.30922	0.91352	3.63465	-0.03438	0.00121	0.02207	2.15133	5.20908	0.02222	0.0669	-1.77327	-0.60689	0	0	0	0	0	0	0.98089	0.56317	0.00182	0.56135	0	0.22245	0	4.04	-0.539	-0.04138	11.0865	118.481	43.5194
GLY_100	-3.17177	0.41927	2.33311	-0.00024	0	0	0.95451	3.70773	0.02589	0.17322	-0.93116	-0.32484	0	0	0	0	0	0	0.43055	0	0	0	0	1.78767	0	0	1.435	0.85951	7.69846	145.929	18.0705
THR_101	-6.49041	1.83303	5.68327	-0.12909	0.23135	0.08562	3.10152	7.8832	0.04762	0.24775	-0.65853	-1.01294	0	0	0	0	0	0	1.89615	2.20816	2.03943	0.16873	0	-0.63135	0	5.03219	-0.9333	0.3559	20.9583	154.435	19.5649
THR_102	-4.9325	0.36539	5.26093	-0.13084	0.19704	0.08154	2.47075	6.78976	0.06011	0.40169	-0.07692	-0.92793	0	0	0	0	0	0	-0.06669	0.36695	0.31223	0.05472	0	-0.21623	0	5.04933	-0.9333	-0.39425	13.7318	120.672	53.3279
GLU_103	-2.46953	0.53148	2.48521	-0.21554	0.10752	0.31697	1.37247	3.53441	0.02474	0.22385	-0.32677	-0.59731	0	0	0	0	0	0	-0.11336	4.24297	0.11008	0	4.13289	-0.41557	0	0	-1.6358	-0.19966	11.1091	98.3804	124.62
ALA_104	-2.08815	0.31133	2.2081	-0.02395	8e-05	0	0.91008	3.13154	0	0	0.08281	-0.40187	0	0	0	0	0	0	-0.03395	0	0	0	0	-0.23603	0	0	2.2619	-0.91278	5.20911	58.2043	94.7957
ASN_105	-6.18911	1.16395	6.20849	-0.1878	0.08156	0.30914	3.02978	7.73048	0.09479	0.7705	-0.82375	-0.40558	0	0	0	0	0	0	-0.04937	2.75142	0.07736	0	2.67406	-0.69433	0	0	-0.3009	-1.32442	14.9163	128.062	55.9382
ALA_106	-4.031	0.92852	4.20245	-0.02298	0	0	2.73251	6.08079	0.01083	0.19783	-1.34305	-0.39262	0	0	0	0	0	0	-0.19331	0	0	0	0	-0.34605	0	0	2.2619	-1.26974	8.81609	112.678	40.3221
TRP_107	-4.5372	1.15178	3.43847	-1.43397	0.29963	0.56945	0.92541	4.62115	0.0568	0.53968	0.03467	-0.51188	0	0	0	0	0	0	-0.19682	2.09819	0.01862	0	2.07958	-0.01271	0	0	3.7077	-0.71492	12.1336	84.9447	185.055
LYS_108	-5.36251	1.39987	4.253	-0.47734	0.14253	0.35688	1.51702	5.19054	0	0	-0.56384	-0.01479	0	0	0	0	0	0	-0.07243	5.21107	2.04767	3.1634	0	0.35729	0	0	-0.8895	0.66642	16.9253	111.785	140.215
SER_109	-4.95291	0.78218	5.10564	-0.04204	0.02469	0.05104	3.66515	6.51098	0.0707	0.36171	-2.20389	-0.21177	0	0	0	0	0	0	2.58438	0.44089	0.04146	0.39942	0	-0.30671	0	4.04	-0.539	0.3063	16.1282	151.084	10.9164
THR_110	-4.75369	1.17787	2.78538	-0.1668	0.09953	0.06223	1.63386	4.64221	0.00109	0.02919	-0.24795	-0.63291	0	0	0	0	0	0	1.26986	1.28362	1.03972	0.24391	0	-0.0731	0	5.02747	-0.9333	-0.33309	12.1551	144.499	29.5007
LEU_111	-4.33336	0.63961	3.21988	-0.43776	0.35487	0.07163	2.79719	4.67024	0.06562	0.2374	-2.59073	0.19789	0	0	0	0	0	0	-0.01097	2.33565	1.73243	0.60322	0	-0.6159	0	0	1.3223	-0.20002	10.0592	94.6922	115.308
VAL_112	-3.21476	0.78148	0.76901	-0.35245	0.42287	0.08506	0.65563	2.55243	0	0	-0.61616	-0.08906	0	0	0	0	0	0	0.02083	0.9998	0.00019	0.99961	0	-1.08835	0	0	2.7371	-0.72224	3.94101	93.1107	88.8893
GLY_113	-4.04047	1.22744	3.06282	-0.00129	0	0	2.21411	5.00547	0	0	-1.80238	-0.31909	0	0	0	0	0	0	-0.24116	0	0	0	0	-1.50552	0	0	1.435	0.36046	5.39539	153.238	10.7616
HIS_114	-3.48528	0.58013	2.92262	-0.90379	0.13841	1.34633	1.103	3.98175	0	0	0.13232	0.16059	0	0	0	0	0	0	-0.03934	5.55763	1.07879	0	4.47884	-0.51384	0	0	0.8406	0.57885	17.9576	111.775	129.225
ASP_115	-7.07287	0.63102	8.7629	-0.10341	0.01014	0.29941	5.31917	9.96937	0	0	-4.76238	0.03566	0	0	0	0	-1.53668	0	0.56572	3.4973	0.06928	0	3.42803	1.73182	0	0	-1.6204	0.34318	19.5673	179.527	5.47335
THR_116	-4.17551	3.02168	3.20953	-0.15336	0.08238	0.05871	2.17816	4.83539	0.03888	0.19483	-1.55498	-0.69162	0	0	0	-0.52904	0	0	-0.08369	1.81927	1.6667	0.15257	0	-0.08705	0	5.07979	-0.9333	0.46204	14.5914	122.492	51.5082
PHE_117	-11.4801	3.11824	3.99223	-0.59462	0.10477	0.31026	3.71953	7.93393	0.03855	0.36936	-3.13025	0.14787	0	0	0	0	0	0	-0.05839	2.68848	0.0082	0	2.68028	-0.27438	0	0	1.9602	-0.33045	11.2038	237	0
THR_118	-5.25336	1.62485	4.83831	-0.17361	0.14876	0.06054	3.03183	6.65955	0.02207	0.07695	-2.52342	-0.52307	0	0	0	0	0	0	-0.05489	0.61163	0.37363	0.238	0	-0.30284	0	5.05109	-0.9333	-0.38637	12.5864	117.727	56.2734
LYS_119	-8.28998	2.56041	7.89973	-0.37267	0.12028	0.15414	3.65724	9.41619	0.00384	0.06839	-5.48082	0.2006	0	0	0	-0.45821	0	0	-0.04934	3.43908	0.91917	2.51991	0	-0.0063	0	0	-0.8895	-0.43924	14.9729	218.562	33.4377
VAL_120	-4.76402	5.44988	2.89931	-0.27986	0.19049	0.04943	1.94777	4.93166	0	0	-0.7409	-0.34043	0	0	0	0	0	0	6.13367	3.75508	0.66471	3.09037	0	-1.0024	0	0	2.7371	-0.89678	23.8251	125.318	56.6816
LYS_121	-1.85777	2.53516	3.52821	-1.0922	4.60147	2.15451	1.18129	3.42997	0.08088	0.43811	0.47631	-1.78455	0	0	0	0	0	0	0	14.5078	0.6925	13.8153	0	0	0	0	-0.8895	-0.4827	41.3348	38.1354	213.865
GLY_122	-2.10907	0.12397	2.63119	-0.00149	0	0	1.62506	3.42467	0.01135	0.09543	-0.55235	0.06882	0	0	0	0	0	0	0.06223	0	0	0	0	0	0	0	1.435	0	6.81482	89.0771	74.9229
ILE_123	-6.4169	0.64062	0.49666	-0.50067	0.90045	0.10335	1.54081	3.90647	0.04939	0.2954	-0.67414	-0.10337	0	0	0	-0.54334	0	0	-0.10505	2.32561	0.4193	1.90631	0	-0.21539	0	0	1.8006	-0.04101	5.78509	189.855	17.1454
THR_124	-4.24991	0.78668	3.54876	-0.18106	0.23287	0.06535	2.22447	5.30331	0.01135	0.09543	-1.07774	-0.48228	0	0	0	0	0	0	-0.11958	0.66573	0.59762	0.06811	0	0.06494	0	5.04434	-0.9333	0.06364	11.7287	101.88	72.1203
GLY_125	-3.31983	0.20129	3.66372	-0.00178	0	0	2.8653	5.05303	0.01257	0.04319	-1.37451	-0.36468	0	0	0	0	0	0	-0.08676	0	0	0	0	-2.52691	0	0	1.435	0.54543	6.14508	138.538	25.4623
THR_126	-4.47346	0.61955	1.89358	-0.17297	0.09162	0.06181	1.19199	3.78961	0.01178	0.05855	-0.09953	-0.63593	0	0	0	0	0	0	0.03855	0.37206	0.23115	0.14091	0	0.04126	0	5.01654	-0.9333	0.54246	7.78621	118.636	55.3638
TRP_127	-14.9364	4.67256	5.6991	-0.75737	0.06297	0.35385	4.21178	11.3364	0.01257	0.04319	-4.37116	-0.1738	0	0	0	-0.54334	0	0	0.15836	1.90795	0.00319	0	1.90476	-0.42111	0	0	3.7077	0.21118	13.0823	270	0
TYR_128	-9.83259	2.89797	4.73518	-0.63797	0.10041	0.37986	3.80992	8.31294	0.00906	0.07413	-2.85397	-0.2538	0	0	0	0	0	0	-0.01616	2.75139	0.27759	0	2.4738	-0.29312	0	0	1.7379	-0.02075	13.6518	221.094	26.9058
ASN_129	-8.44228	3.64267	7.79871	-0.37749	0.91299	0.71722	4.06912	10.1234	0.00939	0.09014	-0.84418	-0.26199	0	0	0	0	0	0	0.0214	8.01744	0.11396	0	7.90347	-0.57095	0	0	-0.3009	0.92582	33.5479	176.97	7.02999
GLN_130	-4.94023	0.74727	4.9582	-0.83761	0.3958	1.17826	2.62841	6.20213	0.00323	0.02017	-1.43685	-2.07807	0	0	0	-0.36776	-0.66278	0	0.6255	7.02469	1.70927	0	5.31542	-0.19748	0	0	-0.1077	0.66982	20.8497	115.056	101.944
LEU_131	-4.69928	1.21755	2.81422	-0.55609	1.42775	0.15525	1.71973	4.52581	0	0	0.66945	0.19373	0	0	0	0	0	0	-0.07843	1.05741	0.87994	0.17747	0	-0.30261	0	0	1.3223	-0.8378	9.68638	143.396	66.6036
GLY_132	-2.52842	0.22465	2.6654	-5e-05	0	0	1.3428	3.77687	0	0	-0.36525	-0.37621	0	0	0	0	0	0	1.64126	0	0	0	0	-2.42001	0	0	1.435	-1.3106	4.08543	135.502	28.4981
SER_133	-5.82759	2.28938	6.04144	-0.03353	0.00587	0.02176	4.1633	7.76883	0.05493	0.29286	-1.36683	-0.61143	0	0	0	0	0	0	0.39907	0.77559	0.08546	0.69013	0	-0.10768	0	4.04	-0.539	-1.46106	16.6815	159.663	2.33679
THR_134	-5.22996	0.64731	3.773	-0.18405	0.24892	0.07028	3.27067	5.69114	0.01789	0.06212	-2.52318	-0.6225	0	0	0	0	0	0	0.20656	0.38966	0.2171	0.17256	0	-0.12021	0	5.0756	-0.9333	-0.56787	9.66174	154.886	19.1141
PHE_135	-10.39	2.23986	1.84469	-0.80359	0.17741	0.23512	3.03474	6.43736	0.02959	0.10829	-2.61218	-0.1626	0	0	0	0	0	0	-0.13535	5.48274	1.40651	0	4.07623	-0.36582	0	0	1.9602	0.33169	12.8949	235.784	1.21649
ILE_136	-6.11653	1.79898	4.19029	-0.46942	1.32703	0.09811	2.99668	6.43472	0.01788	0.06201	-2.1769	0.10892	0	0	0	0	0	0	1.3636	1.68327	1.25134	0.43193	0	-1.19882	0	0	1.8006	-0.19731	13.4064	142.679	64.3214
VAL_137	-7.39749	1.34968	2.11003	-0.35154	0.69435	0.08342	3.23734	6.43207	0.05103	0.30063	-2.15158	-0.13651	0	0	0	0	0	0	1.0548	1.21968	0.13271	1.08697	0	-0.2166	0	0	2.7371	-0.44523	9.79085	180.176	1.82445
THR_138	-4.27964	0.9892	3.21054	-0.1788	0.2952	0.06401	2.62083	5.0801	0	0	-1.69598	-0.51446	0	0	0	0	0	0	-0.0151	0.32108	0.1057	0.21538	0	-0.2485	0	5.07901	-0.9333	0.04128	10.1565	92.8253	81.1747
ALA_139	-4.09324	1.07129	0.91113	-0.02716	0.00581	0	1.33	3.61692	0	0	-0.2803	-0.42315	0	0	0	0	0	0	0.2754	0	0	0	0	0.93524	0	0	2.2619	0.52368	6.10752	124.953	28.0471
GLY_140	-2.90771	0.43529	3.68516	-0.00034	0	0	2.33146	5.09438	0	0	-1.08835	-0.1931	0	0	0	0	0	0	1.23492	0	0	0	0	0.62109	0	0	1.435	0.54524	11.193	136.005	27.9951
ALA_141	-1.43548	0.17818	1.87792	-0.02412	0.00039	0	0.69941	2.35941	0.06136	0.5026	0.73542	-0.37415	0	0	0	0	0	0	-0.06759	0	0	0	0	-0.29598	0	0	2.2619	-0.53352	5.94575	51.8282	101.172
ASP_142	-1.92773	0.40353	2.44959	-0.16718	0.47863	0.5341	0.75758	3.09745	0.02896	0.31615	0.07119	-0.21217	0	0	0	0	0	0	0.91955	8.41912	4.84142	0	3.57769	-0.6174	0	0	-1.6204	-1.17496	20.1751	60.4111	124.589
GLY_143	-4.66778	1.33602	4.51611	-7e-05	0	0	2.45754	6.51394	0.00577	0.04474	-2.0586	-0.32579	0	0	0	0	0	0	-0.33397	0	0	0	0	-2.52436	0	0	1.435	-0.20436	6.1942	163.488	0.512343
ALA_144	-4.31701	0.40776	3.7284	-0.02399	0	0	2.27012	5.92921	0.00582	0.04497	-1.37434	-0.21951	0	0	0	0	0	0	1.0526	0	0	0	0	0.02971	0	0	2.2619	-0.10857	9.68708	112.125	40.8752
LEU_145	-9.0359	1.30126	2.97432	-0.4669	0.86614	0.09422	2.77049	7.40225	0.02461	0.14961	-2.21715	0.06663	0	0	0	0	0	0	-0.11032	1.68958	0.50162	1.18796	0	-0.26471	0	0	1.3223	-0.60067	7.65534	210	0
THR_146	-3.7959	0.18206	3.30482	-0.14196	0.05463	0.0549	2.6115	4.90173	0	0	-2.22325	-0.63194	0	0	0	0	0	0	-0.04144	0.90272	0.40366	0.49907	0	0.22161	0	5.00948	-0.9333	0.54252	10.9209	96.9839	77.0161
GLY_147	-3.72942	2.05846	2.94596	-0.00128	0	0	2.21147	4.69233	0	0	-2.20423	-0.34991	0	0	0	0	0	0	-0.02412	0	0	0	0	-2.491	0	0	1.435	1.7876	6.33086	144.66	19.3399
THR_148	-5.61812	1.66152	4.83392	-0.12024	0.05612	0.08398	2.99355	6.32025	0	0	-2.31629	-0.84172	0	0	0	0	0	0	0.23935	0.27914	0.02696	0.25218	0	-0.47551	0	4.99323	-0.9333	0.70201	12.137	132.868	41.1322
TYR_149	-10.2959	1.697	4.11642	-0.62953	0.08743	0.05146	3.9493	7.92484	0.00012	0.00043	-1.90046	-0.46286	0	0	0	0	0	0	0.2125	5.72189	1.86938	0	3.85251	-0.24822	0	0	1.7379	-0.45614	17.2281	247.392	0.60815
GLU_150	-5.34118	0.6651	5.67614	-0.30674	0.09372	0.37329	2.77191	6.62991	0.11338	0.69557	-3.35732	-0.34221	0	0	0	0	0	0	-0.12232	4.21067	0.09725	0	4.11342	0.50623	0	0	-1.6358	0.56939	15.4104	165.53	57.4703
SER_151	-4.05723	0.76371	3.07424	-0.03696	0.01985	0.0497	1.75562	4.31984	0	0	1.48782	0.02418	0	0	0	0	0	0	0.00556	1.23606	0.06097	1.17509	0	0.47466	0	4.04	-0.539	0.52592	14.38	146.92	15.0804
ALA_152	-2.832	0.3723	1.46244	-0.02538	0.00179	0	1.12185	3.28199	0.00028	0.00072	0.32134	-0.40985	0	0	0	0	0	0	-0.0181	0	0	0	0	-0.07863	0	0	2.2619	-0.5058	4.95484	93.988	59.012
VAL_153	-3.05109	0.54406	1.78597	-0.29731	0.23998	0.05974	1.43122	3.47573	0.01992	0.15942	0.78247	-0.37434	0	0	0	0	0	0	0.20042	0.17305	0.00817	0.16488	0	-0.60731	0	0	2.7371	-0.81898	6.6331	101.121	80.8794
GLY_154	-1.19332	0.20668	1.29331	-0.00031	0	0	0.58203	1.91356	0.00254	0.05097	-0.08996	-0.1997	0	0	0	0	0	0	-0.04023	0	0	0	0	-2.4968	0	0	1.435	-0.34897	1.11479	104.68	59.3199
ASN_155	-2.73521	0.23563	2.00057	-0.33414	0.09955	0.63032	1.01026	3.16639	0.04497	0.4752	0.15192	-0.7593	0	0	0	0	-0.53533	0	1.25308	2.42109	0.00416	0	2.41692	-0.91986	0	0	-0.3009	0.1594	8.48472	99.7442	84.2558
ALA_156	-3.89351	0.83833	2.09317	-0.02421	0.00048	0	1.14358	4.14205	1e-05	6e-05	-0.35365	-0.45567	0	0	0	0	0	0	1.01248	0	0	0	0	-0.47593	0	0	2.2619	0.57759	6.86668	137.059	15.941
GLU_157	-5.46899	1.64631	6.4092	-0.37251	0.13785	0.48847	2.81439	6.44978	0	0	-2.39437	-0.59098	0	0	0	-1.31055	-0.52052	0	0.05843	6.79081	0.97985	0	5.81096	-0.26148	0	0	-1.6358	0.77842	19.8093	166.974	56.0261
SER_158	-3.51149	0.51186	3.37383	-0.02182	0.00437	0.02656	0.71802	3.94921	0.08983	0.49051	-0.81235	-0.10254	0	0	0	0	0	0	0.38999	0.78475	0.56394	0.22081	0	0.87576	0	4.04	-0.539	3.0487	14.1009	120.821	41.1787
ARG_159	-4.8415	0.63603	3.53947	-0.37985	0.04346	0.18147	1.14599	4.47434	0.06	0.59693	-0.93214	0.23326	0	0	0	-0.54117	0	0	-0.04663	4.30858	1.28439	3.0242	0	-0.14444	0	0	-0.1423	2.37947	14.8796	119.085	145.915
TYR_160	-11.2966	2.56513	5.80296	-0.61969	0.33616	0.32988	4.79357	10.5241	0	0	-3.0552	-0.24283	0	0	0	-0.85284	0	0	0.06428	2.76844	0	0	2.76843	-0.49944	0	0	1.7379	-0.76553	14.3588	244.926	3.07406
VAL_161	-4.08047	0.49629	2.27093	-0.27527	0.34448	0.05412	0.87597	3.9579	0.04042	0.37016	-0.83782	0.37866	0	0	0	0	0	0	2.12318	0.29989	0.00173	0.29816	0	-0.08353	0	0	2.7371	-0.74302	8.2289	105.7	76.2997
LEU_162	-9.72418	3.65225	3.3474	-0.74743	0.86499	0.32768	2.45354	7.87744	0.02461	0.14961	-1.59042	-0.07418	0	0	0	0	0	0	0.79113	2.66783	1.128	1.53983	0	0.28991	0	0	1.3223	-0.15541	14.1449	209.392	0.60815
THR_163	-5.756	0.77452	4.56207	-0.11555	0.03817	0.08122	3.1133	6.45772	0.0307	0.36512	-1.78538	-0.92763	0	0	0	0	0	0	0.02191	0.7626	0.1291	0.63351	0	-0.10897	0	4.96108	-0.9333	0.06775	12.3719	146.579	27.4209
GLY_164	-5.00105	1.67034	3.78962	-0.00135	0	0	2.49454	5.74845	0	0	-2.48798	-0.32791	0	0	0	0	0	0	-0.13506	0	0	0	0	-1.93468	0	0	1.435	0.67275	5.92268	163.392	0.60815
ARG_165	-10.6688	1.99725	7.98369	-0.94074	0.46306	0.4586	3.87957	10.9447	0.01657	0.21486	-2.65593	0.1586	0	0	0	0	0	0	0.22314	4.28995	0.5542	3.73575	0	-0.30334	0	0	-0.1423	0.43226	20.6411	239.712	25.2881
TYR_166	-10.6935	2.3401	3.65486	-1.09531	0.18175	0.58485	2.79863	8.67608	0.00034	0.00623	-1.20892	-0.31629	0	0	0	0	0	0	-0.00383	3.67507	0.56337	0	3.1117	-0.63957	0	0	1.7379	-0.32331	13.0501	221.688	26.312
ASP_167	-7.20617	1.74335	8.3503	-0.23035	0.14917	0.74716	4.55357	9.88421	0.03189	0.34948	-2.75567	-1.31227	0	0	0	-0.5265	-0.86919	0	-0.16044	2.89558	0.08686	0	2.80872	-1.39621	0	0	-1.6204	0.11104	15.6341	183.975	1.02469
SER_168	-4.31795	0.3773	3.82386	-0.04198	0.0356	0.04505	1.36495	4.61146	0.08059	0.75738	0.36576	0.08477	0	0	0	0	0	0	0.77531	2.44395	1.94402	0.49993	0	-0.18744	0	4.04	-0.539	0.44636	16.6099	132.775	29.2245
ALA_169	-3.46057	3.49335	4.03388	-0.02829	0.01197	0	2.01285	5.13557	0.07803	0.31925	-1.24931	-0.4707	1.25384	0	0	-0.5265	0	0	0.0672	0	0	0	0	-0.30337	0	0	2.2619	3.0831	15.7122	100.278	52.7221
PRO_170	-4.5107	0.94223	3.15252	-0.16333	0.00067	0.11346	0.75861	3.55629	0	0	-0.891	0.26776	1.33427	0	0	0	0	0	-0.05277	0.99704	0.03166	0.96538	0	-1.84041	0	0	-4.6787	3.02233	3.0053	142.988	56.0122
ALA_171	-3.08856	0.43917	2.61506	-0.02054	0	0	0.81066	4.0697	0.04443	0.2472	0.33391	-0.16206	0	0	0	0	0	0	0.69159	0	0	0	0	-0.24595	0	0	2.2619	-0.04117	7.95532	123.439	29.5605
THR_172	-1.2894	0.31038	1.42798	-0.1321	0.17423	0.08059	0.50089	1.96781	0	0	0.7495	0.30704	0	0	0	0	0	0	0.07415	5.01646	4.95828	0.05818	0	-0.25907	0	5.04279	-0.9333	0.84656	18.901	21.3175	152.683
ASP_173	-2.66373	0.45208	4.22392	-0.27656	0.19922	0.95952	2.25816	5.00593	0.00171	0.00525	-0.49717	-2.65949	0	0	0	-0.39941	0	0	-0.13291	3.1631	0.07237	0	3.09073	-0.63649	0	0	-1.6204	0.65798	11.2038	84.0014	100.999
GLY_174	-1.53592	0.25015	2.17521	-7e-05	0	0	0.6785	2.7934	0.09198	0.49257	-0.08297	-0.38222	0	0	0	0	0	0	-0.35071	0	0	0	0	-2.50353	0	0	1.435	-1.21324	1.84816	99.8868	64.1132
SER_175	-4.24657	0.98602	5.00433	-0.03197	0.00403	0.01958	1.99898	6.19268	0.01546	0.10374	-0.54395	-0.62905	0	0	0	-0.39941	0	0	0.10177	1.13797	0.21472	0.92325	0	-0.24441	0	4.04	-0.539	-1.34186	12.7663	143.432	18.5676
GLY_176	-3.13841	0.39501	2.99478	-0.00022	0	0	1.66237	4.22805	0.00968	0.02713	-1.24153	-0.17974	0	0	0	0	0	0	0.27136	0	0	0	0	-0.76273	0	0	1.435	-0.2334	5.46736	154.329	9.67114
THR_177	-6.24305	1.79917	4.40596	-0.18479	0.18199	0.07305	3.52079	6.25714	0	0	-2.30078	-0.66124	0	0	0	0	0	0	-0.02222	0.33037	0.14745	0.18292	0	0.4422	0	5.05389	-0.9333	0.85899	12.9085	160.814	13.1857
ALA_178	-5.46221	0.61791	2.30509	-0.02468	0	0	1.98263	5.60581	0.03855	0.30628	-2.29077	-0.22052	0	0	0	0	0	0	-0.04899	0	0	0	0	-0.17077	0	0	2.2619	-0.33979	4.56044	152.553	0.446804
LEU_179	-8.45289	2.8183	2.39889	-0.73028	1.2076	0.31123	2.80645	6.59523	0	0.00011	-2.20599	-0.3463	0	0	0	0	0	0	0.49469	1.39172	0.46819	0.92353	0	1.2722	0	0	1.3223	1.03735	11.3123	210	0
GLY_180	-4.65286	1.75277	3.0051	-0.00201	0	0	2.61011	5.41057	0	0	-2.67622	-0.38996	0	0	0	0	0	0	0.78839	0	0	0	0	-0.28076	0	0	1.435	2.98065	9.9808	164	0
TRP_181	-12.9432	3.97006	2.82419	-1.26881	0.12384	1.03965	3.55978	8.40551	0	0	-2.5474	-0.42558	0	0	0	0	0	0	0.07618	2.0207	0.2349	0	1.7858	-0.7847	0	0	3.7077	1.46619	11.2448	270	0
THR_182	-7.68834	1.83247	5.04038	-0.16046	0.15349	0.05875	3.54048	8.1044	0.03795	0.49337	-2.14821	-0.57261	0	0	0	0	0	0	2.03409	0.7716	0.08063	0.69097	0	-0.3314	0	5.01866	-0.9333	0.28491	16.3079	174	0
VAL_183	-8.247	2.16022	2.26869	-0.27732	0.32961	0.06493	2.82141	6.31606	0	0	-2.46205	-0.30116	0	0	0	0	0	0	5.65834	1.21844	0.89982	0.31862	0	-1.26481	0	0	2.7371	-0.50996	11.7309	182	0
ALA_184	-4.72032	0.66449	1.82325	-0.02446	0.00013	0	1.89725	4.71898	0.05684	0.56698	-0.53572	-0.33548	0	0	0	0	0	0	2.77752	0	0	0	0	0.73474	0	0	2.2619	-0.27568	9.61042	151.975	1.02469
TRP_185	-11.0076	2.66659	3.96336	-0.96421	0.09834	0.41998	3.30692	8.54239	0.03876	0.36784	-2.67774	-0.28903	0	0	0	0	0	0	0.32104	2.53585	0.12797	0	2.40788	-0.01802	0	0	3.7077	1.45351	15.0016	263.167	6.83258
LYS_186	-6.26831	1.39699	5.1335	-0.52601	0.35293	0.44803	2.22245	6.12904	0.00183	0.03355	-1.65109	0.52732	0	0	0	0	0	0	1.03523	4.9567	1.49134	3.46537	0	0.40244	0	0	-0.8895	1.32021	19.582	180.381	71.6191
ASN_187	-7.20018	1.07259	7.26332	-0.29985	0.18324	0.51109	4.45553	9.45662	0	0	-2.96636	-0.83743	0	0	0	-1.77743	0	0	-0.10924	2.50929	0.11482	0	2.39446	-0.74627	0	0	-0.3009	1.07595	14.7992	152.371	31.6287
ASN_188	-2.07985	0.20466	1.39508	-0.17985	0.04077	0.28499	0.15888	2.16592	0	0	0.5086	-0.38716	0	0	0	0	0	0	0.03181	2.11246	0.00011	0	2.11234	0.05712	0	0	-0.3009	0.95371	7.07868	32.0262	151.974
TYR_189	-5.09029	1.32282	3.39263	-0.74783	0.19494	0.43974	1.02254	4.33868	0.04962	0.27238	-0.38382	-0.10059	0	0	0	-0.56233	0	0	0.63744	2.92474	0.19826	0	2.72648	-0.31292	0	0	1.7379	0.22586	12.2863	118.936	129.064
ARG_190	-7.54201	1.45471	9.07549	-0.49774	0.25045	0.2716	4.44646	9.73535	0.04962	0.27238	-2.91903	0.07704	0	0	0	-0.21623	-1.05584	0	0.64647	4.48077	1.04433	3.43644	0	-0.15586	0	0	-0.1423	0.54134	23.2535	178.31	86.6902
ASN_191	-6.08832	1.12498	5.80936	-0.27445	0.2086	0.48349	2.32314	7.27067	0.05607	0.22734	-1.0151	-0.95014	0	0	0	-0.59714	-0.86169	0	-0.12332	3.13499	0.2837	0	2.85128	-0.63707	0	0	-0.3009	0.35686	13.2823	148.452	35.5479
ALA_192	-3.77164	0.6394	2.61327	-0.02584	0.0056	0	1.62016	4.56461	0.03038	0.27967	-1.02536	-0.41722	0	0	0	0	0	0	-0.117	0	0	0	0	0.32893	0	0	2.2619	-0.33767	6.64919	136.001	16.999
HIS_193	-6.72154	1.78888	6.61854	-0.42037	0.03272	0.5341	3.39782	9.01417	0.0258	0.18109	-1.46049	-0.53999	0	0	0	-0.59714	0	0	0.51334	2.92612	0.00098	0	2.92514	-0.66359	0	0	0.8406	0.32958	18.7257	189.017	51.983
SER_194	-5.71205	2.05169	4.12294	-0.04487	0.04084	0.06725	2.24194	6.39579	0.02662	0.22172	-1.44629	-0.57957	0	0	0	0	0	0	0.11384	0.05794	0.00849	0.04946	0	-0.88554	0	4.04	-0.539	0.58362	10.8148	159.567	2.4326
ALA_195	-5.80155	1.03506	3.20203	-0.02313	0	0	3.10044	6.96193	0	0	-2.23139	-0.44097	0	0	0	0	0	0	0.10711	0	0	0	0	-0.38639	0	0	2.2619	-0.01317	7.77189	153	0
THR_196	-8.05785	2.03704	4.74458	-0.16517	0.16586	0.05903	4.09375	7.90008	0	0	-3.27509	-0.58447	0	0	0	0	0	0	2.31847	0.72853	0.25689	0.47163	0	-0.33936	0	5.04273	-0.9333	0.25122	14.7146	171.855	2.14518
THR_197	-7.95549	5.12242	5.29906	-0.14084	0.07744	0.10178	4.08941	8.25614	0.01243	0.0634	-2.43014	-1.00592	0	0	0	0	0	0	0.13375	1.58504	0.05792	1.52712	0	-0.35055	0	4.99985	-0.9333	0.09402	18.6035	174	0
TRP_198	-13.5711	4.13162	4.51918	-0.90604	0.24444	0.60919	3.98171	9.61392	0.00764	0.16198	-4.12337	-0.21956	0	0	0	0	-0.60072	0	-0.08391	3.31513	0.05084	0	3.26429	0.21553	0	0	3.7077	0.07173	14.3902	266.426	3.57443
SER_199	-5.70816	0.71642	5.79902	-0.03526	0.0069	0.04469	3.61564	7.1323	0.00125	0.03307	-3.02082	-0.10493	0	0	0	0	0	0	0.03732	1.49176	0.61416	0.87761	0	0.7202	0	4.04	-0.539	0.24134	15.9635	162	0
GLY_200	-4.29059	1.17039	3.5169	-0.00128	0	0	2.57947	5.35439	0.00125	0.03307	-2.25893	-0.32847	0	0	0	0	0	0	0.58418	0	0	0	0	-2.36622	0	0	1.435	1.46545	6.89461	161.438	2.56172
GLN_201	-8.12415	1.23809	6.38783	-0.45744	0.30697	0.36026	4.23762	9.21321	0.01183	0.20741	-1.31587	-0.46116	0	0	0	0	0	0	0.29255	6.58493	0.24306	0	6.34188	-0.18487	0	0	-0.1077	1.63159	26.406	213.83	3.16987
TYR_202	-9.88582	1.71142	4.65364	-0.83953	0.11096	0.20997	3.13621	8.34045	0	0	-3.03114	-0.44098	0	0	0	0	0	0	-0.08617	4.42007	1.00466	0	3.41541	-0.19358	0	0	1.7379	-0.07441	14.1891	210.74	37.2603
VAL_203	-4.86769	0.46409	3.72275	-0.27327	0.20477	0.05961	2.98356	5.91058	0.06034	0.38871	-2.24115	-0.42332	0	0	0	0	0	0	0.02678	0.55019	0.24329	0.30691	0	-0.81195	0	0	2.7371	-0.28689	8.7544	155.608	26.3916
GLY_204	-2.10401	0.17362	1.26291	-0.00033	0	0	0.37105	2.39502	0.00269	0.05536	0.02854	-0.15686	0	0	0	0	0	0	0.10072	0	0	0	0	-1.5589	0	0	1.435	0.3824	2.38721	120.056	43.9441
GLY_205	-1.18409	0.29931	1.51818	-0.00072	0	0	0.34154	2.13975	0	0	0.52913	-0.24536	0	0	0	0	0	0	0.79811	0	0	0	0	-2.52551	0	0	1.435	0.81944	3.92477	84.4415	79.5585
ALA_206	-0.70032	0.08074	0.83639	-0.02467	0.00207	0	0.14601	1.0926	0	0	0.15551	-0.38327	0	0	0	0	0	0	-0.05906	0	0	0	0	-0.02016	0	0	2.2619	0.02067	3.40841	22.793	130.207
GLU_207	-2.29829	0.3117	3.27122	-0.74575	1.57344	1.92012	1.24865	3.71806	0.06034	0.38871	-0.56608	1.06472	0	0	0	0	-0.26433	0	0.02151	17.5683	9.22491	0	8.34342	0.35843	0	0	-1.6358	1.18016	44.7435	114.724	108.276
ALA_208	-3.79676	0.61219	1.98364	-0.02362	0	0	1.03878	4.14046	0.09773	0.46247	-0.9142	-0.20019	0	0	0	0	0	0	0.49063	0	0	0	0	-0.26214	0	0	2.2619	1.30207	7.19295	136.654	16.3465
ARG_209	-8.06053	2.70071	6.65049	-0.58467	0.22188	0.31643	4.46848	8.52658	3e-05	0.00044	-3.64572	0.36129	0	0	0	0	-0.26433	0	2.36257	9.80765	6.42315	3.3845	0	-0.36219	0	0	-0.1423	-0.7212	31.4433	179.424	85.5758
ILE_210	-9.41622	2.27823	2.58294	-0.48922	1.68373	0.10525	2.96744	6.65866	0.00477	0.01485	-2.39461	-0.01707	0	0	0	0	0	0	-0.07245	0.50203	0.11175	0.39029	0	-1.12127	0	0	1.8006	-0.55289	5.03679	207	0
ASN_211	-5.00683	5.23518	4.30371	-0.18557	0.02995	0.29784	2.99403	6.00981	6e-05	0.00059	-2.71871	-0.52062	0	0	0	0	0	0	0.6753	2.83075	0	0	2.83075	0.55816	0	0	-0.3009	-0.28787	16.7456	135.083	48.9174
THR_212	-7.14685	1.73245	4.59664	-0.12819	0.13504	0.08823	3.31468	7.0752	0.02875	0.30425	-2.18577	-1.01044	0	0	0	0	0	0	3.84385	0.41921	0.23513	0.18408	0	-0.5758	0	5.03491	-0.9333	-0.5338	14.4783	168.906	5.09365
GLN_213	-5.37391	0.86163	4.29433	-0.26021	0.10849	0.21521	3.24704	5.83494	0.00109	0.02919	-2.59147	-0.61759	0	0	0	0	0	0	0.91851	4.31723	0.07084	0	4.24638	0.07778	0	0	-0.1077	-0.81888	14.4529	147.751	69.2493
TRP_214	-12.0382	3.1352	6.57684	-1.45457	0.64807	0.82236	3.60809	11.4331	0	0	-3.0639	-0.26982	0	0	0	0	-0.17741	0	0.01092	3.59102	0.19914	0	3.39188	-0.35887	0	0	3.7077	-0.21825	19.5433	236.212	33.7878
LEU_215	-8.64398	2.45272	3.62921	-0.47305	0.54448	0.10924	3.39953	7.40859	0.02092	0.08936	-2.43026	-0.03597	0	0	0	0	0	0	-0.10296	1.36627	0.04226	1.32402	0	-0.24068	0	0	1.3223	0.28045	10.0625	208.718	1.28203
LEU_216	-7.69347	2.21088	4.84897	-0.68173	0.69986	0.2346	3.43288	7.69278	0.02587	0.07964	-2.42948	0.02794	0	0	0	0	0	0	0.30879	7.56479	6.42736	1.13743	0	-0.29281	0	0	1.3223	0.55848	25.4751	170.276	39.7242
THR_217	-7.15198	2.33181	5.805	-0.16891	0.12544	0.06059	3.79369	8.58757	0.01047	0.08704	-2.77121	-0.63947	0	0	0	0	0	0	1.7215	0.18943	0.04351	0.14591	0	-0.04274	0	5.09969	-0.9333	0.31989	16.6139	174	0
SER_218	-4.20309	0.96798	3.58873	-0.03458	0.00165	0.02198	2.19608	5.15136	0.02594	0.08113	-1.82169	-0.57946	0	0	0	0	0	0	0.95472	0.69067	0.14259	0.54808	0	0.25287	0	4.04	-0.539	-7e-05	11.4859	130.175	31.8251
GLY_219	-3.20233	0.61009	2.27727	-0.00023	0	0	0.98455	3.71127	0.02657	0.18835	-1.38458	-0.29814	0	0	0	0	0	0	-0.21057	0	0	0	0	1.76936	0	0	1.435	0.79552	6.70212	152.445	11.5549
THR_220	-6.4892	1.50276	5.99245	-0.12405	0.12628	0.08305	3.43306	8.12403	0.02781	0.13556	-1.39174	-0.91744	0	0	0	-1.23723	0	0	2.01825	0.16876	0	0.16876	0	-0.5019	0	5.05971	-0.9333	0.36032	15.6059	151.364	22.6361
THR_221	-5.05042	0.55212	5.7656	-0.13005	0.1222	0.08282	2.82995	7.152	0.05247	0.36971	-0.82788	-0.95055	0	0	0	0	0	0	-0.01048	0.20231	0.10451	0.09781	0	0.04909	0	5.03957	-0.9333	-0.42264	14.0948	131.669	42.3313
GLU_222	-2.91249	2.017	3.27006	-0.49592	0.66285	1.44577	1.55277	4.25447	0.07754	0.50677	-0.73131	-2.76556	0	0	0	0	0	0	0.27416	6.46216	0.01944	0	6.44272	-0.42946	0	0	-1.6358	-0.04802	17.9672	84.9449	138.055
ALA_223	-2.64765	2.58858	2.73694	-0.02433	0.00029	0	1.34389	3.86867	0	0	-0.05118	-0.38701	0	0	0	0	0	0	-0.09796	0	0	0	0	-0.03726	0	0	2.2619	-0.56598	8.98891	82.289	70.711
ASN_224	-6.16591	1.03809	6.35477	-0.20026	0.20183	0.32584	3.03566	7.85717	0.05528	0.39012	-0.72577	-0.46849	0	0	0	0	0	0	-0.12744	2.71577	0.15186	0	2.56391	-0.76645	0	0	-0.3009	-1.39323	14.5419	134.344	49.6564
ALA_225	-4.27494	1.37223	4.43944	-0.02428	0.00036	0	2.90699	6.53794	0	0	-1.25775	-0.3984	0	0	0	0	0	0	-0.19703	0	0	0	0	-0.43708	0	0	2.2619	-1.29982	9.62955	99.9213	53.0787
TRP_226	-4.62909	1.19718	3.60693	-1.42035	0.28712	0.57076	1.02321	4.82018	0.02627	0.18917	0.06064	-0.53491	0	0	0	0	0	0	-0.25082	2.10385	0.06632	0	2.03754	-0.02295	0	0	3.7077	-0.50785	12.3309	75.1406	194.859
LYS_227	-5.33604	1.03585	4.29745	-0.49559	0.18404	0.37662	1.56034	5.21363	0	0	-0.54445	-0.05576	0	0	0	0	0	0	-0.10044	5.31626	2.13436	3.1819	0	0.34851	0	0	-0.8895	0.66916	16.8963	120.629	131.371
SER_228	-4.94715	0.85265	5.27794	-0.04018	0.01237	0.0484	3.62935	6.65061	0.06545	0.29231	-2.15288	-0.16647	0	0	0	0	0	0	2.34924	0.50984	0.04044	0.4694	0	-0.19375	0	4.04	-0.539	0.30596	16.5045	151.585	10.4148
THR_229	-4.62206	0.88869	2.76709	-0.18165	0.17292	0.07139	1.50167	4.56267	0.01011	0.20688	-0.19536	-0.68659	0	0	0	0	0	0	1.62032	1.04945	0.73134	0.31811	0	0.18157	0	5.03049	-0.9333	0.09103	12.5848	142.393	31.6075
LEU_230	-4.38844	0.69552	3.24936	-0.44403	0.40496	0.07301	2.77601	4.72756	0.06346	0.23123	-2.65516	0.22591	0	0	0	0	0	0	-0.03732	2.52439	1.9638	0.56059	0	-0.56631	0	0	1.3223	0.09516	10.822	107.503	102.497
VAL_231	-3.29974	0.89485	0.84785	-0.36863	0.66586	0.08794	0.67269	2.65747	0	0	-0.62423	-0.13743	0	0	0	0	0	0	-0.10777	0.99423	0.01654	0.97769	0	-0.98075	0	0	2.7371	-0.72195	4.31172	88.8076	93.1924
GLY_232	-4.06995	1.19034	3.13197	-0.00167	0	0	2.21676	5.076	0	0	-1.80632	-0.34745	0	0	0	0	0	0	-0.22689	0	0	0	0	-1.58738	0	0	1.435	0.35058	5.361	155.545	8.45484
HIS_233	-3.48491	0.53153	2.96907	-0.90559	0.15103	1.32156	1.15061	4.02642	0	0	0.22411	0.11224	0	0	0	0	0	0	-0.05594	5.54287	0.69407	0	4.84879	-0.59062	0	0	0.8406	0.70608	18.0819	103.265	137.735
ASP_234	-7.23531	0.82801	8.76748	-0.10223	0.00487	0.29647	5.33387	10.054	0	0	-4.01437	0.08964	0	0	0	0	-1.44091	0	1.33698	3.92615	0.09212	0	3.83403	1.56155	0	0	-1.6204	0.46788	22.1798	182.567	2.4326
THR_235	-5.35552	6.54061	3.55717	-0.166	0.18523	0.05668	2.51873	5.65546	0.03536	0.34303	-1.36024	-0.5499	0	0	0	-0.36776	0	0	0.18494	0.70894	0.47601	0.23293	0	-0.30588	0	5.09758	-0.9333	0.36914	16.9232	137.639	36.3615
PHE_236	-11.9355	4.69571	3.75264	-0.582	0.12777	0.30832	3.60224	8.03575	0	0	-2.94253	0.11246	0	0	0	0	0	0	2.11422	2.73575	0.04265	0	2.6931	-0.33445	0	0	1.9602	-0.43544	13.9509	237	0
THR_237	-5.813	1.01299	4.57875	-0.11927	0.16202	0.0736	3.47591	6.72223	0.01718	0.10734	-2.06526	-0.78746	0	0	0	0	0	0	0.17957	0.18724	0.01604	0.1712	0	-0.92927	0	5.10183	-0.9333	-0.75063	10.4077	156.521	17.4791
LYS_238	-5.83742	1.57077	5.34725	-0.31603	0.05967	0.16842	2.36884	6.34985	0.1095	0.52102	-1.76289	-0.19091	0	0	0	0	0	0	0.50036	3.08147	0.80112	2.28035	0	-0.05165	0	0	-0.8895	-0.47882	13.6314	150.58	101.42
VAL_239	-3.14402	0.28175	2.30231	-0.29003	0.47452	0.06316	1.08596	3.29185	0	0	-0.12597	0.13947	0	0	0	0	0	0	0.36497	1.83981	1.81851	0.02129	0	-0.41343	0	0	2.7371	0.03904	10.4863	68.1667	113.833
LYS_240	-3.04112	1.63971	1.92297	-0.50456	0.14268	0.25571	0.90822	2.57454	0	0	0.61358	0.149	0.02758	0	0	0	0	0	-0.06506	8.38008	4.944	3.43608	0	0.16518	0	0	-0.8895	2.6713	23.3304	81.9521	170.048
PRO_241	-2.40163	1.54436	1.45222	-0.1185	0.0007	0.12175	0.79214	1.23849	0	0	0.71427	-0.11502	0.14764	0	0	0	0	0	0	0.30842	0.16313	0.14529	0	0	0	0	-4.6787	2.4986	1.81315	77.4552	121.545