label	fa_atr	fa_rep	fa_sol	fa_intra_atr_xover4	fa_intra_rep_xover4	fa_intra_sol_xover4	lk_ball	lk_ball_iso	lk_ball_bridge	lk_ball_bridge_uncpl	fa_elec	fa_intra_elec	pro_close	hbond_sr_bb	hbond_lr_bb	hbond_bb_sc	hbond_sc	dslf_fa13	omega	fa_dun	fa_dun_dev	fa_dun_rot	fa_dun_semi	p_aa_pp	yhh_planarity	hxl_tors	ref	rama_prepro	total	BSA	SASA
PRO_1	-3.23103	0.80899	2.27758	-0.17746	0.00882	0.12368	0.65993	2.25729	0	0.4847	-0.18453	0.54183	2.43531	0	0	0	0	0	0.04412	2.0945	1.8911	0.2034	0	0	0	0	-4.6787	0	5.55952	90.5171	108.483
LEU_2	-5.37682	1.43197	1.46662	-0.47101	1.36025	0.07222	0.81706	2.97098	0	0	-0.53774	0.45343	0.00686	0	0	0	0	0	0.10841	0.7383	0.35909	0.37921	0	0.0603	0	0	1.3223	1.93483	7.09625	151.606	58.3942
PRO_3	-7.61179	4.26992	2.66468	-0.18549	0.02362	0.13419	0.99426	2.91861	0.04619	0.27532	-0.28672	0.12448	0.01401	0	0	0	0	0	0.15208	2.00026	1.51347	0.48678	0	-1.42227	0	0	-4.6787	1.47539	2.9083	197.176	1.82445
ALA_4	-3.70541	0.97839	3.18312	-0.02038	0	0	2.58241	4.85164	0.09085	0.39984	-1.71142	-0.30338	0	0	0	0	0	0	0.36666	0	0	0	0	0.66106	0	0	2.2619	1.89123	11.5265	99.4101	53.5899
THR_5	-5.52874	1.66827	5.06878	-0.11808	0.0875	0.07932	3.3605	6.83996	0.0957	0.43523	-1.53718	-0.81167	0	0	0	0	0	0	0.11466	0.26494	0.08552	0.17942	0	-0.47074	0	5.03091	-0.9333	1.85001	15.761	115.838	58.1621
HIS_6	-11.5008	2.63757	8.91362	-0.79646	0.02333	1.07766	4.84834	12.6518	0	0	-3.83402	0.14936	0	0	0	0	-0.58011	0	-0.01208	2.85661	0.45017	0	2.40645	-0.49829	0	0	0.8406	-0.36459	19.2692	237.959	3.04075
ASP_7	-6.30809	23.2019	9.05315	-0.27612	0.07372	1.00848	5.68805	10.315	0.00451	0.03613	-6.13195	-0.48657	0	0	0	0	-1.10503	0	0.42651	4.73607	0.04799	0	4.68808	1.6711	0	0	-1.6204	0.54043	45.5629	157.812	27.1881
ILE_8	-8.88003	4.51526	2.57184	-0.56194	1.47713	0.10979	3.06403	6.6699	0	0	-1.6699	0.12294	0	0	0	0	0	0	-0.05721	1.83011	0.289	1.54111	0	-0.18773	0	0	1.8006	0.49476	13.1297	205.784	1.2163
HIS_9	-7.00904	1.09199	6.53485	-0.6387	0.20453	0.5543	3.82179	8.69782	0	0	-3.5091	-0.38016	0	0	0	0	-0.99889	0	0.1481	3.66639	0.27339	0	3.393	-0.74506	0	0	0.8406	0.66764	16.6135	172.795	68.2046
LEU_10	-9.30933	1.91387	3.41792	-0.48428	0.29869	0.13827	3.05156	6.65162	0	0	-2.52771	0.01503	0	0	0	0	0	0	-0.0064	6.03106	3.62979	2.40127	0	-0.46853	0	0	1.3223	0.30486	16.38	210	0
HIS_11	-7.67899	1.01832	7.06822	-0.84417	0.08704	1.12282	3.66485	9.32045	0	0	-4.61063	-0.43016	0	0	0	0	-0.8253	0	0.22276	3.2327	0.64237	0	2.59033	-0.49361	0	0	0.8406	-0.05338	14.8742	202.613	38.3869
GLY_12	-4.03121	1.16745	3.89002	-0.00161	0	0	2.17882	5.41007	0	0	-1.57319	-0.39386	0	0	0	0	0	0	0.09481	0	0	0	0	-2.53101	0	0	1.435	1.66158	7.30686	156.38	7.61961
SER_13	-6.07881	2.08108	5.57893	-0.04924	0.00956	0.07353	3.27595	7.30168	0.0061	0.12269	-2.36203	-0.62716	0	0	0	0	0	0	-0.00698	0.39689	0.00312	0.39377	0	-0.56415	0	4.04	-0.539	1.27567	14.3316	159.567	2.4326
ILE_14	-7.88786	1.41583	2.4481	-0.64036	2.0546	0.12214	2.56191	6.19617	0	0	-1.38993	0.20919	0	0	0	0	0	0	-0.15141	2.04825	0.28776	1.76049	0	-0.99804	0	0	1.8006	-0.22372	9.61371	207	0
ASN_15	-5.49021	0.65344	4.81875	-0.18264	0.21327	0.34233	3.16598	6.43704	0	0	-1.85772	-0.83924	0	0	0	-2.02372	0	0	-0.21577	8.05887	2.86645	0	5.19242	-1.64736	0	0	-0.3009	-0.64068	18.5503	155.814	28.1856
GLY_16	-1.73963	0.30898	1.95486	-5e-05	0	0	0.1649	2.64301	0.03682	0.12252	-0.02163	-0.38288	0	0	0	0	0	0	-0.34931	0	0	0	0	-2.31094	0	0	1.435	-1.39844	0.46322	100.637	63.3625
HIS_17	-4.72237	0.5798	5.15364	-0.42009	0.01738	0.50812	2.58464	6.32436	0	0	-2.01183	-0.11765	0	0	0	0	0	0	-0.13369	3.68764	0.05813	0	3.62951	-0.0578	0	0	0.8406	-0.9452	14.9752	147.972	93.0283
GLU_18	-3.48097	1.54058	3.81149	-0.36473	0.10152	0.60943	0.70807	4.28846	0.0931	0.43129	-0.92283	-0.30557	0	0	0	0	0	0	-0.07166	4.8401	0.06606	0	4.77403	0.00187	0	0	-1.6358	-0.60568	13.8788	122.628	100.372
PHE_19	-9.41952	1.13151	3.10538	-1.13013	0.28909	0.63205	2.04461	6.82503	0.0001	0.00071	-1.1462	-0.11283	0	0	0	0	0	0	0.15346	3.49796	1.34767	0	2.15029	-0.68484	0	0	1.9602	-0.58625	10.0583	234.085	2.91487
ASP_20	-5.93591	1.18519	7.28786	-0.18336	0.01173	0.56276	3.79299	8.17659	0.0001	0.00071	-2.84811	-0.82834	0	0	0	0	-0.99889	0	-0.1202	3.6495	0.02869	0	3.62081	-0.23099	0	0	-1.6204	1.00591	16.5566	161.269	23.7314
MET_21	-10.1517	2.42819	4.78391	-0.30131	0.15249	0.04311	2.84001	8.14333	0	0	-2.79708	-0.35632	0	0	0	0	0	0	0.06847	3.06612	0.97154	2.09458	0	-0.16845	0	0	1.4633	1.03569	13.3159	262	0
VAL_22	-4.82581	0.57084	2.82229	-0.32436	0.65231	0.07223	2.86164	5.41503	0	0	-2.68579	-0.67609	0	0	0	0	0	0	-0.01203	0.85812	0.00924	0.84888	0	-0.49687	0	0	2.7371	-0.31177	7.51496	104.999	77.0009
GLY_23	-3.01153	1.47163	2.7976	-0.00151	0	0	2.35063	4.25793	0	0	-2.32153	-0.36356	0	0	0	0	0	0	-0.05004	0	0	0	0	-2.51645	0	0	1.435	1.25877	5.30696	130.047	33.9533
GLY_24	-3.54309	0.89717	2.88124	-0.00183	0	0	2.25436	4.5087	0	0	-1.98118	-0.38172	0	0	0	0	0	0	-0.12692	0	0	0	0	-2.47086	0	0	1.435	1.99286	5.46373	141.929	22.0709
GLY_25	-3.84787	0.79955	3.778	-0.00139	0	0	2.5148	5.34293	0	0	-2.27652	-0.34525	0	0	0	0	0	0	-0.04874	0	0	0	0	-2.48321	0	0	1.435	1.93636	6.80365	138.976	25.0243
LYS_26	-5.38303	2.24877	4.33416	-0.43832	0.16376	0.23371	3.12846	6.17648	0	0	-2.46054	-0.11805	0	0	0	0	0	0	-0.00352	2.27203	0.17036	2.10167	0	0.71284	0	0	-0.8895	2.74983	14.9991	103.563	148.437
GLY_27	-3.66885	0.914	2.34572	-0.00153	0	0	1.30479	3.78954	0.04619	0.27532	-0.70665	-0.35837	0	0	0	0	0	0	-0.20492	0	0	0	0	-0.95178	0	0	1.435	1.73989	5.95836	138.728	25.2725
ASP_28	-5.34637	1.27821	7.0157	-0.23363	0.1575	0.75712	5.02201	8.46016	0.00612	0.02978	-4.32329	-1.21783	0.58534	0	0	-0.61702	0	0	0.0978	2.70887	0.01079	0	2.69808	-0.76446	0	0	-1.6204	3.12471	17.8292	118.586	66.4142
PRO_29	-7.30739	2.07096	4.00743	-0.10769	0.01376	0.06641	2.45106	4.65204	0.00094	0.00324	-0.62213	0.69605	0.58983	0	0	-0.9372	0	0	-0.07337	2.16092	1.51941	0.64151	0	-0.72309	0	0	-4.6787	3.08461	7.5086	176.192	22.8075
ASN_30	-2.99279	0.59202	3.36509	-0.21672	1.1027	0.34325	1.59914	4.05286	0.00094	0.00324	-1.14819	-0.58694	0	0	0	-0.61702	0	0	-0.03159	6.31179	0.37306	0	5.93873	0.00929	0	0	-0.3009	0.45985	18.2578	54.667	129.333
ALA_31	-3.08031	0.40926	3.02319	-0.02444	0.00298	0	1.90238	4.34254	0	0	0.15146	-0.36933	0	0	0	0	0	0	0.0461	0	0	0	0	0.97069	0	0	2.2619	0.54084	10.1773	87.928	65.072
GLY_32	-4.20605	2.78854	4.3448	-5e-05	0	0	2.60224	5.75001	0.00175	0.03807	-0.66005	-0.40251	0	0	0	0	0	0	-0.38835	0	0	0	0	-2.31317	0	0	1.435	-0.48531	8.50492	164	0
SER_33	-4.44692	0.81019	4.38774	-0.04888	0.01155	0.06986	2.93698	5.81023	0.0063	0.03431	-1.48575	-0.58215	0	0	0	0	0	0	0.01414	0.85948	0.05862	0.80086	0	-0.15478	0	4.04	-0.539	-1.03336	11.5494	132.797	29.2033
LEU_34	-7.65953	1.34219	3.85555	-0.69684	0.9407	0.25384	3.18547	6.75111	0.01699	0.18706	-2.43783	-0.04818	0	0	0	0	0	0	0.05863	2.64527	1.19698	1.44829	0	1.36268	0	0	1.3223	1.66923	15.3939	205.129	4.87079
VAL_35	-5.22518	2.26528	3.96594	-0.32855	0.70624	0.07315	3.64422	6.30062	0	0	-2.69528	-0.72947	0	0	0	0	0	0	-0.07964	1.64366	0.0085	1.63516	0	-0.957	0	0	2.7371	1.50225	14.467	114.867	67.1334
THR_36	-6.99045	1.11327	4.57727	-0.16869	0.21139	0.06013	4.09204	7.26978	0	0	-2.58736	-0.51371	0	0	0	0	0	0	-0.04617	0.59006	0.00854	0.58152	0	0.3318	0	5.03435	-0.9333	0.4649	13.0954	173.325	0.675055
THR_37	-4.92239	1.82039	3.86878	-0.17488	0.22142	0.06151	3.11284	5.87667	0	0	-1.94662	-0.50142	0	0	0	0	0	0	-0.09665	0.59563	0.3338	0.26183	0	-0.32052	0	5.041	-0.9333	0.7142	13.0123	120.177	53.8228
ALA_38	-5.42435	0.95333	2.04794	-0.02414	0.00018	0	2.48813	5.35103	0.00034	0.00731	-2.46043	-0.41008	0	0	0	0	0	0	0.03966	0	0	0	0	0.54614	0	0	2.2619	0.32295	5.6999	153	0
LYS_39	-5.66453	0.90083	5.42989	-0.36555	0.10042	0.15809	3.98186	6.75634	2e-05	0.0002	-3.43987	0.08272	0	0	0	0	0	0	-0.03507	3.01084	0.12098	2.88986	0	0.32891	0	0	-0.8895	0.18625	13.5527	126.582	125.418
SER_40	-5.31373	1.05879	5.06968	-0.0345	0.02365	0.04466	3.26938	6.26003	0.00021	0.00904	-0.72375	0.09764	0	0	0	0	0	0	-0.02986	1.73784	0.00016	1.73768	0	-0.14829	0	4.04	-0.539	-0.72992	15.8297	150.445	11.5549
THR_41	-3.77038	0.86515	3.45473	-0.12998	0.09772	0.07736	2.16138	4.56386	0.00021	0.00904	0.21269	0.07181	0	0	0	0	0	0	-0.1073	0.11223	0.00036	0.11186	0	-0.9263	0	5.03516	-0.9333	-0.91528	9.99101	94.1927	79.8073
LYS_42	-3.63252	0.38021	3.64678	-0.70386	1.21573	0.5781	0.97838	3.68401	0.15382	0.76948	0.31245	0.10917	0	0	0	0	0	0	-0.11259	4.31707	0.94203	3.37505	0	0.39793	0	0	-0.8895	0.75335	16.2751	141.762	110.238
GLY_43	-1.84313	0.12447	2.56211	-0.00027	0	0	1.30446	3.233	0.09557	0.40848	0.55292	-0.19264	0	0	0	0	0	0	-0.03669	0	0	0	0	-2.47498	0	0	1.435	1.11953	6.28782	118.234	45.7663
ALA_44	-2.52349	0.36507	1.28312	-0.02534	0	0	0.4479	2.6823	0.06508	0.39765	-0.22105	-0.21598	0	0	0	0	0	0	-0.16608	0	0	0	0	-0.01883	0	0	2.2619	-0.50219	3.83005	100.214	52.7862
LEU_45	-6.27902	0.50923	2.26887	-0.47175	0.79304	0.08264	2.29894	4.44664	0.00929	0.04534	-0.77372	0.367	0	0	0	0	0	0	0.10818	0.71695	0.05606	0.66088	0	-0.19179	0	0	1.3223	-1.09228	4.8768	201.132	8.86814
LYS_46	-2.50347	0.13895	2.10766	-0.42607	0.19891	0.39114	0.84436	2.57625	0.06024	0.326	-0.03537	0.24722	0	0	0	0	0	0	-0.13395	3.53904	0.64547	2.89357	0	-0.12126	0	0	-0.8895	-0.92324	8.93594	123.87	128.13
PHE_47	-8.87319	5.1503	1.07737	-1.06772	0.39813	0.69307	1.43467	4.1916	0	0	-0.62748	-0.1616	0	0	0	0	0	0	0.0606	4.07529	1.14028	0	2.93501	-0.52332	0	0	1.9602	0.24799	12.1112	235.509	1.49129
SER_48	-6.07636	4.24969	5.9376	-0.04216	0.06953	0.06189	3.9075	7.22641	0	0	-1.98814	0.23723	0.7382	0	0	0	0	0	-0.21517	0.87651	0.22427	0.65224	0	0.32217	0	4.04	-0.539	3.43369	23.1161	162	0
PRO_49	-6.17252	2.37857	3.18389	-0.0765	0.00075	0.04629	2.49632	4.27868	0	0	-0.30664	0.63572	0.78162	0	0	0	0	0	-0.20753	2.04632	1.3448	0.70152	0	-0.42737	0	0	-4.6787	2.6414	8.6666	188.751	10.2492
TYR_50	-9.33263	2.32646	4.19244	-0.60332	0.08023	0.29361	3.23019	7.71088	0	0	0.52608	-0.25819	0	0	0	0	0	0	-0.07333	3.95401	0.25015	0	3.70386	0.40948	0	0	1.7379	0.19171	18.3395	215.681	32.3188
LEU_51	-7.30045	1.82253	1.86169	-0.69102	1.75128	0.28738	2.36783	5.47646	0	0	-0.94906	-0.04138	0	0	0	0	0	0	-0.06509	3.13063	0.53615	2.59448	0	-0.14376	0	0	1.3223	0.41009	12.3701	210	0
MET_52	-8.76695	5.89351	3.43044	-0.79199	2.30525	0.3656	2.62558	5.82065	0	0	-1.83229	-0.24237	0	0	0	0	0	0	-0.05128	3.61144	0.26416	3.34727	0	0.14899	0	0	1.4633	-0.00051	17.5908	262	0
ILE_53	-9.04143	4.57763	2.35572	-0.63142	1.53039	0.12204	2.62083	6.20487	0.07096	0.4577	0.37607	0.43365	0.12426	0	0	0	0	0	0.00396	1.37285	0.07733	1.29552	0	-0.94	0	0	1.8006	2.41318	15.2247	207	0
PRO_54	-5.01105	1.48086	1.15701	-0.14025	0.06809	0.0851	0.46923	2.11723	0.02985	0.19745	0.41757	0.58807	0.1289	0	0	0	0	0	-0.01496	1.55234	1.43331	0.11903	0	0.18591	0	0	-4.6787	3.36789	3.55289	173.031	25.9686
HIS_55	-8.26395	2.64344	3.75614	-0.54994	0.08821	0.68907	2.62659	6.74047	0	0	-0.85939	-0.40797	0	0	0	0	0	0	-0.16597	8.09382	4.49957	0	3.59426	0.31336	0	0	0.8406	1.36323	25.0015	237.931	3.06906
LEU_56	-8.10817	1.49819	0.74247	-0.53484	0.84541	0.14294	1.77533	4.72688	8e-05	0.00162	-0.00448	0.25242	0	0	0	0	0	0	52.2881	3.17107	2.93369	0.23738	0	0.41833	0	0	1.3223	3.57578	65.2845	207.835	2.16479
TYR_57	-9.30019	3.8476	2.4513	-0.59175	0.14784	0.35971	2.95622	6.3017	0.0644	0.47944	-0.31914	-0.25637	0	0	0	0	0	0	-0.00404	4.04103	0.30766	0	3.73337	1.75187	0	0	1.7379	10.8037	28.5122	232.532	15.4681
TYR_58	-8.47977	2.73694	5.4359	-0.60901	2.25547	0.30262	3.47708	8.08905	0.03221	0.441	-0.70379	-0.38752	0	0	0	0	0	0	0.01309	4.55779	0.02047	0	4.53732	0.27507	0	0	1.7379	8.52735	32.2592	232.832	15.1677
GLN_59	-9.40299	3.02616	5.89092	-0.59022	0.18478	0.95272	3.25567	7.93254	0.06614	0.74331	-1.31446	-2.10351	0	0	0	-0.58125	-0.8151	0	-0.0689	5.58302	0.36384	0	5.21918	-0.1416	0	0	-0.1077	0.77677	18.8693	217	0
TYR_60	-12.8027	5.40548	6.24938	-0.57851	0.07889	0.28782	3.67339	10.3602	0.04608	0.38685	-1.97775	-0.26128	0	0	0	0	-0.58011	0	-0.08801	2.97641	0.22649	0	2.74992	-0.14526	0	0	1.7379	-0.39488	17.3504	248	0
LEU_61	-8.65907	1.61791	4.72004	-0.64969	0.60482	0.21116	2.73344	7.7913	0	0	-1.07682	0.2475	1.89481	0	0	0	0	0	0.16317	1.43193	0.65144	0.78049	0	-0.45508	0	0	1.3223	2.30761	15.6373	209.488	0.512343
PRO_62	-5.9644	1.21668	2.96301	-0.20878	0.0622	0.15745	1.23997	3.84059	0	0	-1.04986	0.0569	1.89634	0	0	0	0	0	0.36801	0.86071	0.69147	0.16924	0	0.07677	0	0	-4.6787	3.58184	5.27943	170.459	28.5414
TYR_63	-9.2054	3.36812	3.51313	-0.50022	2.63478	0.14346	2.74726	6.31667	0.00893	0.1864	-1.62187	-0.08178	0.00677	0	0	0	0	0	0.00809	11.6552	6.10755	0	5.54764	-0.06614	0	0	1.7379	4.31042	36.8169	230.726	17.2745
PRO_64	-4.88242	2.71522	1.96629	-0.07698	0.00072	0.04636	0.52614	2.18999	0	0	0.59455	0.60248	0.04736	0	0	0	0	0	-0.34951	1.34495	0.76974	0.57521	0	-0.64954	0	0	-4.6787	3.39745	4.13934	132.691	66.3087
ASP_65	-2.4995	0.3591	3.44558	-0.25171	0.08369	0.8882	1.30752	3.67591	0.03392	0.33971	-1.80286	-2.12782	0	0	0	0	-0.56477	0	-0.10335	3.56843	0.07209	0	3.49634	-0.67332	0	0	-1.6204	0.42129	8.04805	76.1913	108.809
GLY_66	-2.29083	0.45171	3.30583	-0.00162	0	0	2.03185	4.03537	0.03017	0.32655	-1.15445	-0.34918	0.91091	0	0	0	0	0	-0.23933	0	0	0	0	-2.52763	0	0	1.435	4.06661	10.031	123.895	40.1045
PRO_67	-3.45826	0.57931	1.25026	-0.18397	0.0267	0.13562	0.60855	2.01252	0	0	-0.13401	0.04927	0.9329	0	0	0	0	0	-0.11005	2.9249	1.59361	1.33129	0	-1.64312	0	0	-4.6787	2.99432	4.23113	111.439	87.5608
SER_68	-7.57232	2.44245	7.02253	-0.04478	0.02755	0.06649	4.85503	8.6394	0	0	-1.34767	-0.77775	0.95515	0	0	-0.13536	0	0	-0.00491	0.20481	0.00253	0.20227	0	-0.75942	0	4.04	-0.539	1.80387	19.0809	162	0
PRO_69	-5.84717	1.27064	2.63711	-0.07313	0.00068	0.04474	1.54649	3.70363	0	0	-0.95205	0.64235	0.977	0	0	0	0	0	-0.07582	1.90051	1.19197	0.70854	0	0.82271	0	0	-4.6787	2.47347	6.29296	169.954	29.0456
PHE_70	-10.7789	1.68394	2.45898	-0.6593	0.08823	0.40103	2.04331	6.01389	0.00233	0.02314	-0.95766	-0.1005	0	0	0	0	0	0	0.00969	5.83932	2.62575	0	3.21356	0.1982	0	0	1.9602	-0.09128	13.9739	237	0
GLN_71	-10.9332	2.99453	9.34445	-0.25075	0.04472	0.17431	5.14892	12.1224	0	0	-3.17706	-0.40172	0	0	0	-1.65381	0	0	0.12999	4.49693	0.77117	0	3.72576	0.01833	0	0	-0.1077	0.23879	22.6861	213.731	3.2692
VAL_72	-6.2148	2.72016	5.43438	-0.30876	0.46105	0.0704	2.94366	7.54802	0	0	-1.97379	-0.07738	0	0	0	0	0	0	-0.05821	0.14983	0.00045	0.14938	0	-0.30359	0	0	2.7371	0.72481	14.0027	122.818	59.1815
SER_73	-6.22396	0.6746	6.94861	-0.03521	0.01134	0.05811	3.4427	8.7228	0.01875	0.18895	-2.05115	-0.75928	0	0	0	0	0	0	0.01108	0.75923	0.02803	0.7312	0	0.63157	0	4.04	-0.539	2.07545	18.7338	158.414	3.5864
MET_74	-9.0873	0.96837	4.88056	-0.37012	0.15107	0.16123	2.36856	6.86874	0.01689	0.20526	-1.42233	-0.36157	0	0	0	0	0	0	-0.02604	4.15614	0.2027	3.95345	0	0.06747	0	0	1.4633	2.09447	16.2909	255.34	6.65958
LEU_75	-5.59765	1.28125	3.89033	-0.50365	0.73129	0.12602	1.81925	5.38196	0	0.4847	-0.7771	0.24596	0	0	0	0	0	0	-0.11864	0.88884	0.47569	0.41315	0	-0.44344	0	0	1.3223	0.51052	10.1308	125.62	84.3801
GLU_76	-4.02551	2.58989	5.32997	-0.23018	0.0969	0.34286	2.63151	5.96662	0	0	-2.50841	-0.53239	0	0	0	0	-0.00126	0	-0.15387	6.19308	1.62682	0	4.56626	-0.09066	0	0	-1.6358	0.28862	20.4545	119.056	103.944
GLY_77	-1.54497	0.30415	2.26516	-5e-05	0	0	1.04674	2.87062	0	0	-1.08662	-0.39423	0	0	0	0	0	0	-0.26837	0	0	0	0	-2.15682	0	0	1.435	-0.69166	1.77896	93.6144	70.3856
SER_78	-3.58509	0.35155	4.17945	-0.02374	0.00105	0.02638	2.15375	4.81114	0.08579	0.67507	-1.56838	-0.13048	0	0	0	0	0	0	0.06194	0.89975	0.00044	0.89931	0	-0.07687	0	4.04	-0.539	1.24005	13.5021	140.801	21.1988
GLY_79	-3.04041	0.14808	3.53018	-0.00149	0	0	1.87122	4.44413	0.00028	0.00153	-1.36782	-0.3499	0	0	0	0	0	0	-0.17534	0	0	0	0	-1.28072	0	0	1.435	2.49708	7.71183	151.704	12.2962
TYR_80	-8.67077	1.34272	2.39915	-1.01581	0.17469	0.61084	1.52965	5.46276	0	0	-0.48422	-0.33413	0	0	0	0	0	0	0.05777	1.98188	0.01373	0	1.96815	-0.5001	0	0	1.7379	0.46183	6.73604	241.178	6.8223
ALA_81	-4.17424	0.32771	2.708	-0.02229	0	0	2.66868	4.78393	0.00309	0.01292	-2.31006	-0.32006	0	0	0	0	0	0	0.17148	0	0	0	0	0.31113	0	0	2.2619	0.30061	6.72281	140.189	12.8109
VAL_82	-7.20615	3.58382	2.39743	-0.2704	0.35623	0.05533	2.88963	5.86476	0	0	-2.26005	-0.21038	0	0	0	0	0	0	-0.14492	1.23002	0.78112	0.4489	0	-1.32401	0	0	2.7371	-0.29834	8.63008	178.414	3.5864
TYR_83	-6.52979	3.38846	3.77384	-0.61628	0.05667	0.3524	3.25904	6.13895	0.00309	0.01292	-2.82082	-0.19314	0	0	0	0	0	0	-0.06376	3.49263	0.01567	0	3.47696	-0.13817	0	0	1.7379	-0.39979	14.9468	201.908	46.092
ARG_84	-8.57144	1.98312	6.77145	-0.55117	0.31334	0.29426	4.69541	8.60455	0.01501	0.1858	-2.87656	0.06678	0	0	0	0	-0.9829	0	0.01546	6.65743	3.49226	3.16517	0	-0.40345	0	0	-0.1423	-0.32113	22.4111	243.253	21.747
VAL_85	-4.22367	0.48124	3.22212	-0.27234	0.35991	0.06143	2.56659	5.10478	0.02154	0.06847	-1.68023	-0.32051	0	0	0	0	0	0	-0.08163	1.34693	1.05051	0.29642	0	-0.95555	0	0	2.7371	-0.40526	9.37784	112.719	69.281
PHE_86	-9.38402	4.65802	1.91913	-0.54275	0.40471	0.24336	2.93851	5.74772	0.00127	0.0051	-2.20938	-0.18303	0	0	0	0	0	0	-0.00341	4.5119	0.54249	0	3.96941	-0.27008	0	0	1.9602	-0.14942	14.1597	237	0
ASP_87	-4.46644	0.62566	5.30547	-0.24825	0.0625	0.81979	2.95096	6.46334	0.02154	0.06847	-2.95033	-0.91336	0	0	0	0	0	0	0.02247	4.97682	1.28154	0	3.69528	-0.95582	0	0	-1.6204	-0.25051	14.8887	123.229	61.7709
PHE_88	-9.76011	3.72892	3.29967	-0.56936	0.0468	0.24849	2.74294	7.61146	1e-05	1e-05	-1.98352	0.29515	0	0	0	0	0	0	0.43131	2.76169	0.01977	0	2.74192	-0.21158	0	0	1.9602	-0.57331	12.7905	230.406	6.59405
GLU_89	-4.40829	0.35041	6.00647	-0.32477	0.12083	0.44409	3.59335	6.28741	0	0	-3.26616	-0.33712	0	0	0	-1.04929	-0.58226	0	-0.23443	5.95478	0.29125	0	5.66354	-0.48646	0	0	-1.6358	-0.53852	15.849	122.237	100.763
ASP_90	-4.00494	0.96029	5.59555	-0.26662	0.08014	0.93104	2.22139	5.81107	0.07315	0.48179	-1.25803	-1.97175	0	0	0	0	0	0	-0.08577	3.28116	0.1562	0	3.12495	-0.77308	0	0	-1.6204	-0.36133	12.3748	141.927	43.0727
GLY_91	-2.27425	0.19448	3.43275	-6e-05	0	0	1.76339	4.19785	0	0	-1.44841	-0.36426	0	0	0	0	0	0	-0.32117	0	0	0	0	-2.48912	0	0	1.435	-0.96689	3.15931	134.794	29.2062
GLY_92	-4.64072	0.77601	4.20208	-0.00024	0	0	2.17835	6.05598	0.00136	0.00766	-2.37709	-0.23154	0	0	0	0	0	0	-0.20093	0	0	0	0	0.9879	0	0	1.435	-0.45481	7.73901	164	0
LYS_93	-5.25786	1.30044	6.4395	-0.55953	0.25946	0.47149	3.9803	7.56031	0	0	-3.84302	0.09182	0	0	0	0	0	0	-0.01915	3.29858	0.3582	2.94038	0	0.12893	0	0	-0.8895	0.06841	16.3288	158.462	93.5384
LEU_94	-7.95496	4.46409	2.84825	-0.5974	0.94295	0.15327	3.23657	6.50692	0	0	-2.31979	0.3052	0	0	0	0	0	0	0.04873	1.22529	0.21326	1.01203	0	-0.25574	0	0	1.3223	0.37134	11.5223	210	0
SER_95	-3.70029	0.43086	3.76369	-0.03479	0.00127	0.02301	2.88781	5.14899	0	0	-2.68298	-0.60341	0	0	0	0	0	0	-0.04167	0.66966	0.0506	0.61905	0	0.84317	0	4.04	-0.539	0.67348	11.5495	119.893	42.1068
THR_96	-6.49279	6.68542	3.88728	-0.12846	0.15509	0.08823	3.37035	6.21439	0	0	-2.11565	-0.97381	0	0	0	0	0	0	0.05921	0.70234	0.31381	0.38853	0	-0.40712	0	5.0389	-0.9333	-0.17214	15.6803	173.392	0.60815
GLU_97	-5.39761	3.29348	5.5198	-0.23169	0.09569	0.38676	3.32231	6.41354	0	0	-3.85307	-0.54728	0	0	0	0	0	0	0.11209	5.26814	0.28989	0	4.97825	0.20228	0	0	-1.6358	0.51099	18.7278	175.104	47.8959
PHE_98	-9.21009	2.95263	3.20489	-0.56556	0.93011	0.30201	3.46848	6.18823	0	0	-2.1381	-0.13622	0	0	0	0	0	0	-0.00096	5.45648	0.46962	0	4.98686	-0.10013	0	0	1.9602	0.52663	18.2951	224.065	12.9346
LYS_99	-3.59628	0.23097	3.37862	-0.27952	0.05876	0.11145	2.5732	4.50809	0	0	-2.47702	-0.20281	0	0	0	0	0	0	0.47224	4.61812	1.74229	2.87582	0	0.00703	0	0	-0.8895	-0.57897	12.5525	137.097	114.903
TYR_100	-7.27132	1.23489	1.21857	-0.58625	0.05845	0.34252	1.71688	4.36695	0.02025	0.36099	-0.71231	-0.12104	0	0	0	0	0	0	0.0207	3.33747	0.78562	0	2.55185	-0.64775	0	0	1.7379	-0.3993	8.01507	218.8	29.1999
SER_101	-3.2038	2.03926	3.56001	-0.05276	0.01373	0.07613	2.55033	4.4591	0.02633	0.15152	-1.71199	-0.76543	0	0	0	0	0	0	0.28122	0.69506	0.00809	0.68697	0	-0.28936	0	4.04	-0.539	-0.24719	11.7782	104.385	57.6146
TYR_102	-6.66901	1.57847	1.81404	-0.58689	0.06805	0.34902	1.57503	3.79743	0	0	-0.87723	-0.09978	0	0	0	0	-0.8151	0	-0.01676	4.72873	0.94065	0	3.78808	-0.51727	0	0	1.7379	-0.57515	10.2202	197.911	50.089
GLU_103	-2.45654	0.12973	3.45418	-0.52753	1.03283	0.85303	2.18366	4.03527	0.00094	0.0281	-1.81488	-1.3971	0	0	0	0	0	0	0.00221	5.62783	0.04954	0	5.57829	0.38668	0	0	-1.6358	1.3481	16.8785	102.546	120.454
GLY_104	-1.93146	0.24307	2.29112	-0.00024	0	0	0.6266	2.81179	0	0	0.54877	-0.30256	0	0	0	0	0	0	-0.52818	0	0	0	0	-2.25801	0	0	1.435	2.0395	4.9754	120.209	43.7909
SER_105	-4.15826	0.25253	3.61323	-0.04754	0.02581	0.0632	2.55764	5.02037	0.02485	0.12487	-2.40587	0.04259	0	0	0	0	0	0	-0.16027	0.59676	0.02945	0.5673	0	-0.01701	0	4.04	-0.539	0.58623	10.2169	109.378	52.622
HIS_106	-7.78824	0.86391	8.56622	-0.55542	0.02192	0.38155	4.71891	10.6713	0.05076	0.14958	-2.4737	-0.8379	0	0	0	0	-0.80212	0	-0.07946	3.07317	0.04626	0	3.02692	0.15754	0	0	0.8406	0.14859	20.1803	180.945	60.0549
ILE_107	-9.61405	5.22459	3.57379	-0.48292	1.33734	0.09654	2.91798	7.12061	0.01906	0.06137	-1.93754	0.22709	0	0	0	0	0	0	0.01446	1.13774	0.36465	0.77309	0	-1.14534	0	0	1.8006	-0.64986	10.8392	207	0
LYS_108	-5.90366	25.1376	7.50497	-0.39315	0.27225	0.22203	5.03636	8.34533	0.10655	0.41655	-4.98685	0.25574	0	0	0	0	-0.30291	0	-0.13194	5.00095	1.16867	3.83228	0	0.58159	0	0	-0.8895	-0.35295	44.9199	135.953	116.047
ALA_109	-4.87153	0.90362	2.45583	-0.02484	6e-05	0	2.70869	5.11624	0.00451	0.03613	-2.00178	-0.34618	0	0	0	0	0	0	-0.00099	0	0	0	0	0.93905	0	0	2.2619	0.46917	7.64987	149.011	3.98924
ASP_110	-4.05207	0.3367	5.71002	-0.21465	0.00687	0.65878	3.95765	6.62678	0.05255	0.20346	-3.22339	-0.54395	0	0	0	0	-0.8253	0	-0.15162	5.24977	0.45571	0	4.79405	0.22555	0	0	-1.6204	0.46085	18.1074	127.416	57.5837
MET_111	-9.94899	2.9162	4.49312	-0.2261	0.10492	0.10204	3.33416	7.02068	0.02206	0.07102	-2.21977	-0.55386	0	0	0	0	0	0	-0.116	4.94394	1.65623	3.28771	0	0.45998	0	0	1.4633	0.4817	17.2923	260.975	1.02469
LYS_112	-5.68631	2.07446	6.22249	-0.57473	0.73833	0.29486	3.38065	7.03736	0.02311	0.08802	-4.11709	0.12047	0	0	0	0	0	0	-0.10815	4.83839	1.15484	3.68355	0	0.55596	0	0	-0.8895	0.43117	19.2679	170.132	81.868
LEU_113	-8.38652	7.75759	2.32416	-0.50551	0.48856	0.13205	2.62834	5.83802	0.02816	0.19371	-2.17712	-0.00039	0	0	0	0	0	0	-0.07219	4.93161	3.75051	1.1811	0	-0.21271	0	0	1.3223	0.00383	19.2255	210	0
MET_114	-5.39287	1.06188	4.65278	-0.42401	0.26105	0.08959	3.52498	5.84947	0	0	-2.57713	-0.36051	0	0	0	0	0	0	-0.07671	4.35075	1.6416	2.70915	0	0.30197	0	0	1.4633	1.10194	18.1772	184.809	77.1905
GLY_115	-4.08164	1.63827	3.13387	-0.00081	0	0	2.5894	5.14369	0	0	-2.96603	-0.32524	0	0	0	0	0	0	-0.10895	0	0	0	0	1.45435	0	0	1.435	3.09021	11.0021	163.392	0.60815
SER_116	-3.49929	0.22818	3.8315	-0.04025	0.00942	0.06042	2.83604	5.12951	0	0	-1.12543	-0.49634	0	0	0	0	0	0	-0.00501	0.58486	0.53721	0.04764	0	-0.90043	0	4.04	-0.539	1.64726	12.3463	101.036	60.9637
GLY_117	-2.32915	0.23883	2.00713	-5e-05	0	0	0.53408	2.86472	0.05049	0.27109	0.09999	-0.37827	0	0	0	0	0	0	-0.20992	0	0	0	0	-2.223	0	0	1.435	-1.24564	1.11531	116.207	47.7931
PHE_118	-9.12728	1.62685	2.26853	-0.59287	0.04891	0.29224	2.00034	6.00829	0	0	-0.90876	0.12679	0.01755	0	0	-2.02372	0	0	-0.08837	3.10354	0.00362	0	3.09992	-0.13019	0	0	1.9602	1.77971	9.46528	233.959	3.04075
PRO_119	-4.51884	1.41555	4.56439	-0.12574	0.00528	0.08885	2.09569	4.81427	0.09429	0.47971	-2.05795	0.25517	0.03971	0	0	0	0	0	-0.22503	1.71936	1.52495	0.19441	0	-1.38875	0	0	-4.6787	2.22464	6.52127	156.12	42.88
ASP_120	-2.58741	0.28457	3.51057	-0.18212	0.0623	0.61145	1.59896	4.10042	0	0	0.31244	-1.71389	0	0	0	0	0	0	-0.20842	7.54655	0.73152	0	6.81502	-0.02339	0	0	-1.6204	-0.16347	19.0747	80.712	104.288
ASP_121	-2.80167	0.75413	3.67145	-0.25437	0.05112	0.885	1.63446	4.44064	0	0	0.00593	-2.38205	0	0	0	0	0	0	-0.11368	4.50431	0.23213	0	4.27218	-0.4434	0	0	-1.6204	-0.2595	12.5763	87.9838	97.0162
GLY_122	-3.80433	0.40552	5.15224	-0.00028	0	0	2.63196	6.43359	0.00571	0.03367	-1.71757	-0.17972	0.2474	0	0	0	0	0	-0.14327	0	0	0	0	-0.20663	0	0	1.435	2.30475	12.598	156.315	7.68515
PRO_123	-6.71725	1.85398	3.51468	-0.08763	0.00191	0.05371	1.8642	4.58146	3e-05	0.0001	-1.62231	0.72792	0.2984	0	0	0	0	0	-0.20911	2.13024	1.38475	0.74549	0	-0.01977	0	0	-4.6787	2.82874	6.65087	185.932	13.0683
VAL_124	-7.12774	1.25182	2.07992	-0.30076	0.44516	0.06592	2.2386	5.22474	0	0	-1.46218	-0.01905	0	0	0	0	0	0	0.03754	0.38462	0.35281	0.03181	0	-0.70742	0	0	2.7371	0.70723	5.94014	181.488	0.512343
MET_125	-6.72253	0.37981	3.95379	-0.72856	0.40302	0.23016	1.26462	5.02308	0.09059	0.45436	-0.0527	0.11169	0	0	0	0	0	0	0.02969	2.52349	1.37337	1.15012	0	-0.19543	0	0	1.4633	0.5645	11.3164	231.103	30.8971
THR_126	-4.43105	0.69991	4.64257	-0.13582	0.11136	0.0862	2.59491	6.18814	0.03306	0.20917	-0.93849	0.03379	0	0	0	0	-0.41195	0	-0.09396	0.14921	0.10527	0.04395	0	-0.50084	0	5.03695	-0.9333	-0.22273	12.2663	102.384	71.6163
SER_127	-3.45372	1.48307	4.28438	-0.03812	0.03835	0.02992	1.74613	5.13487	0	0	-0.19291	-0.07716	0	0	0	0	0	0	0.01877	0.31516	0.06059	0.25457	0	0.14392	0	4.04	-0.539	1.72641	14.9752	117.337	44.6634
GLN_128	-6.79065	1.64193	5.652	-0.29092	0.0513	0.25429	3.24658	7.09439	0.03316	0.20969	-3.27744	-0.60655	0	0	0	0	-0.41195	0	-0.07289	4.45264	0.64428	0	3.80836	-0.22743	0	0	-0.1077	1.31665	16.6197	171.042	45.9576
ILE_129	-8.44511	2.02438	1.12336	-0.49057	1.11698	0.09764	1.60551	4.96618	3e-05	0.0001	0.28291	0.51522	0	0	0	0	0	0	-0.20235	1.40543	0.74345	0.66198	0	-0.58747	0	0	1.8006	-0.95997	5.65831	200.918	6.0815
VAL_130	-5.42196	1.02612	2.17437	-0.2971	0.354	0.05796	1.44199	5.16632	0	0	-0.43745	-0.1312	0	0	0	0	0	0	-0.10093	0.38491	0.1666	0.21831	0	-0.25766	0	0	2.7371	0.27535	7.35673	114.137	67.8633
ASP_131	-5.77282	2.17738	6.35327	-0.1016	0.01208	0.2895	3.92197	8.11724	0.01947	0.10148	-1.95863	-1.20946	0	0	0	-0.6878	0	0	0.06256	3.13467	0.09755	0	3.03712	0.04032	0	0	-1.6204	2.45126	18.4652	125.541	59.4586
GLN_132	-8.21096	1.71058	6.45422	-0.86182	0.48177	1.39968	3.74689	8.46581	0	0	-3.78314	-0.70139	0	0	0	-1.58769	0	0	0.00658	6.77214	0.31828	0	6.45386	-0.23183	0	0	-0.1077	2.1655	22.4908	217	0
ASP_133	-5.51567	0.82821	8.78329	-0.10369	0.01225	0.28977	4.29498	8.82444	0.13639	0.82837	-2.59647	-0.48786	0	0	0	0	-0.83956	0	0.04418	4.05536	0.10708	0	3.94829	0.09306	0	0	-1.6204	0.27612	21.3581	175.653	9.34718
GLY_134	-3.04579	0.50659	2.38973	-0.00034	0	0	0.8631	3.29288	0.01698	0.02808	-1.06811	-0.21331	0	0	0	0	0	0	0.72536	0	0	0	0	0.57276	0	0	1.435	0.45043	5.95336	159.525	4.4752
CYS_135	-5.41562	0.59852	3.641	-0.05695	0	0.03919	2.73634	5.27251	0.02196	0.07866	-1.6661	-0.43664	0	0	0	0	0	0	-0.04946	0.88261	0.32741	0.5552	0	-0.22541	0	0	4.3148	0.83341	11.4514	151.568	4.43233
VAL_136	-6.23515	1.50147	0.07378	-0.27725	0.44222	0.06239	0.82691	3.58828	0.02749	0.20877	-0.10606	-0.19062	0	0	0	0	0	0	-0.05978	0.3831	0.0923	0.2908	0	-1.21743	0	0	2.7371	-0.32318	1.82515	172.014	9.98559
SER_137	-5.18784	1.49191	5.36869	-0.03314	0.00222	0.02164	3.48391	6.46488	0.04878	0.21655	-1.92648	-0.62262	0	0	0	0	0	0	0.10933	0.60409	0.05403	0.55006	0	0.19463	0	4.04	-0.539	-0.43112	13.9105	160.784	1.2163
LYS_138	-6.73941	2.09203	7.3832	-0.46162	0.2471	0.29515	4.43238	8.04152	0.11963	0.75371	-3.83645	-0.02035	0	0	0	-0.01682	-0.70585	0	-0.13654	3.71688	1.13795	2.57893	0	0.62771	0	0	-0.8895	0.28886	18.9085	233.115	18.8849
LYS_139	-8.78618	3.56785	8.37649	-0.40329	0.14771	0.34032	6.01373	9.48378	0.02998	0.11191	-1.65593	0.22251	0	0	0	0	0	0	-0.03264	3.94319	0.60304	3.34016	0	0.39129	0	0	-0.8895	0.08612	24.8905	247.965	4.03536
THR_140	-5.29854	0.3732	3.77904	-0.10888	0.04722	0.06961	2.84543	5.54003	0.02221	0.09005	-3.09194	-0.59433	0	0	0	0	0	0	0.20336	1.52137	1.3663	0.15506	0	-0.56082	0	5.02763	-0.9333	-0.68422	9.76849	165.564	8.43594
TYR_141	-5.35768	1.17416	1.90983	-0.59657	0.04748	0.30494	1.39856	3.65354	0.0585	0.67077	-1.45568	-0.05941	0	0	0	-0.82115	0	0	-0.0269	2.77478	0.03822	0	2.73656	-0.49628	0	0	1.7379	-0.88403	6.80755	179.604	68.3958
LEU_142	-4.55945	0.82351	4.0069	-0.54984	0.72628	0.1127	2.52739	5.37964	0.06731	0.4765	-1.8414	0.2866	0	0	0	0	0	0	0.03919	1.44686	0.07431	1.37255	0	-0.02406	0	0	1.3223	-0.22871	11.4586	132.005	77.9955
ASN_143	-2.8491	0.86338	2.54997	-0.1483	0.01818	0.22529	0.79046	3.21214	0.03521	0.4757	0.26092	-0.51251	0	0	0	0	0	0	0.10959	2.34295	0.11774	0	2.22521	1.45974	0	0	-0.3009	2.83323	13.7089	66.847	117.153
ASN_144	-4.09091	10.3311	3.49551	-0.30889	0.02179	0.61067	1.87134	4.47207	0.06845	0.47639	-0.58387	-1.32847	0	0	0	0	0	0	-0.09278	4.73053	0.04723	0	4.6833	-0.25698	0	0	-0.3009	2.39885	26.2444	105.278	78.7216
ASN_145	-6.28906	0.47037	5.44211	-0.45144	2.14845	0.84344	2.98857	7.38904	0.07295	0.54953	-1.81362	-0.00642	0	0	0	0	0	0	-0.14675	9.33981	0.01147	0	9.32834	-1.17011	0	0	-0.3009	0.80056	29.2063	152.401	31.599
THR_146	-6.89037	1.56307	5.07237	-0.16884	0.29205	0.05689	3.29232	7.52863	0.03621	0.48077	-2.29616	-0.44993	0	0	0	0	0	0	0.04499	0.71072	0.01337	0.69735	0	-0.32548	0	5.02807	-0.9333	1.03776	14.7905	166.252	7.74765
ILE_147	-8.783	3.02496	2.51643	-0.47173	1.4893	0.08821	3.03202	6.1295	0	0	-2.40959	0.175	0	0	0	0	0	0	-0.14757	2.30257	1.66702	0.63555	0	-1.1981	0	0	1.8006	-0.50032	9.35085	206.488	0.512343
VAL_148	-6.33539	4.81242	3.57616	-0.25575	0.34336	0.04934	3.34456	6.53988	0	0	-2.95031	-0.03659	0	0	0	0	0	0	0.0784	0.99251	0.00183	0.99068	0	-0.95375	0	0	2.7371	-0.6721	12.2624	161.759	20.2411
ASP_149	-7.27447	4.80043	9.30799	-0.23452	0.41563	0.92908	5.27184	10.3653	0.07228	0.80213	-5.75328	-0.80337	0	0	0	0	-0.52012	0	-0.03233	5.7933	2.3154	0	3.4779	0.76745	0	0	-1.6204	-0.01206	28.0682	182.438	2.56172
SER_150	-4.232	0.55845	5.18977	-0.05187	0.01369	0.07493	3.01737	6.08465	0.07738	0.60351	-1.41206	-0.64942	0	0	0	0	0	0	0.00237	0.64749	0.15437	0.49312	0	-0.45751	0	4.04	-0.539	0.05128	13.6665	145.447	16.5533
PHE_151	-8.62087	2.26726	3.88359	-0.84476	0.06732	0.51608	2.87217	6.59365	0.00039	0.00154	-2.21216	-0.21664	0	0	0	0	0	0	0.11707	2.18594	0.0154	0	2.17054	-0.22787	0	0	1.9602	0.50689	11.0357	221.101	15.8991
ASP_152	-4.41555	0.94813	7.59422	-0.11862	0.02087	0.35557	4.31348	7.89149	0.02471	0.19244	-5.08167	-0.45513	0	0	0	-0.13406	-1.07758	0	0.03973	5.30896	0.04543	0	5.26353	-1.02343	0	0	-1.6204	0.56299	18.6351	158.379	26.621
TRP_153	-10.0877	1.58393	4.53547	-0.98074	0.08945	0.27537	3.37444	7.56236	0	0	-2.08041	-0.58774	0	0	0	0	0	0	-0.04133	3.91329	0.01053	0	3.90276	-0.59174	0	0	3.7077	-0.86318	13.7225	260.345	9.65456
SER_154	-5.14151	0.40653	6.03893	-0.05218	0.00511	0.07687	3.05981	6.88989	0.02004	0.28778	-1.80038	-0.35883	0	0	0	0	-0.70573	0	0.14707	3.64763	0.62397	3.02366	0	-0.22146	0	4.04	-0.539	0.02243	19.4706	160.529	1.47149
TYR_155	-10.9785	3.15571	5.09941	-0.50176	0.05227	0.19869	5.10184	9.02826	0.07096	0.4577	-2.10617	-0.0615	0	0	0	0	0	0	-0.01923	3.14294	0.19598	0	2.94696	-0.24462	0	0	1.7379	0.61056	17.8874	245.605	2.39537
ASN_156	-7.22633	2.55456	7.51286	-0.19511	0.00909	0.31407	4.40835	9.88336	0.0001	0.00052	-2.65686	-0.5348	0	0	0	0	0	0	0.02024	3.17489	0.27341	0	2.90148	0.78824	0	0	-0.3009	-0.06511	20.8621	148.974	35.0264
LEU_157	-9.23247	1.30124	4.48826	-0.48663	0.74178	0.09045	2.51239	7.87204	0	0	-2.14713	0.27564	0	0	0	0	0	0	0.07081	1.47522	0.94193	0.53328	0	-0.49368	0	0	1.3223	-0.02856	9.23688	201.612	8.38842
GLN_158	-3.09749	0.56281	2.59084	-0.74598	0.08731	0.66784	1.3667	3.77971	0	0	-0.30183	-0.2587	0	0	0	0	0	0	-0.13731	7.42946	0.49675	0	6.93271	-0.25349	0	0	-0.1077	0.21645	19.2281	77.2371	139.763
ASN_159	-3.8274	0.6751	3.76246	-0.35529	0.24227	0.64824	1.52696	4.57278	0	0	-0.46649	-0.87089	0	0	0	-0.74414	0	0	-0.14326	2.81784	0.03444	0	2.7834	-0.62181	0	0	-0.3009	0.31876	10.0521	100.289	83.711
GLY_160	-1.84134	0.29854	2.58438	-6e-05	0	0	1.25204	3.23625	0.03036	0.20018	-1.27702	-0.37613	0	0	0	0	0	0	-0.31293	0	0	0	0	-2.4682	0	0	1.435	-0.72713	2.03394	93.983	70.017
LYS_161	-4.35893	0.45022	4.78431	-0.30543	0.08608	0.14241	2.38405	5.45463	0	0	-1.74164	0.19165	0	0	0	-0.74414	0	0	-0.04015	2.21187	0.15632	2.05555	0	0.61225	0	0	-0.8895	0.51221	10.9618	116.699	135.301
ARG_162	-7.15966	1.04466	7.39206	-0.67734	0.99986	0.42653	2.70723	8.05561	0.14426	0.9617	-2.37625	0.01071	0	0	0	0	-0.83956	0	0.07702	6.42318	3.34521	3.07797	0	-0.18103	0	0	-0.1423	1.0836	24.3735	223.481	41.5188
TYR_163	-9.83816	2.78522	5.24429	-0.74261	0.20158	0.17706	3.4998	7.73057	0.02256	0.20814	-1.82667	-0.42119	0	0	0	0	0	0	0.03033	3.87776	0.11371	0	3.76404	-0.25599	0	0	1.7379	0.84098	17.1493	244.103	3.89732
ARG_164	-6.30131	0.5919	7.0085	-0.868	1.6011	0.77685	3.79713	7.83995	0.0953	0.51018	-4.55347	0.40261	0	0	0	-1.04929	-0.58226	0	-0.01822	8.6114	5.43364	3.17776	0	-0.08838	0	0	-0.1423	0.91747	27.1605	180.389	84.6109
ALA_165	-5.34358	2.68298	2.11242	-0.02358	3e-05	0	2.37291	5.42383	0	0	-1.69307	-0.43303	0	0	0	0	0	0	-0.03714	0	0	0	0	-0.19274	0	0	2.2619	0.21039	7.34132	151.158	1.84209
ARG_166	-7.18434	2.24698	9.89523	-0.80607	0.49807	0.37765	5.29032	10.8325	0.05252	0.36169	-6.39112	0.61082	0	0	0	0	-1.09609	0	-0.08316	4.53739	1.63412	2.90328	0	0.09559	0	0	-0.1423	0.1712	23.8042	196.935	68.0652
VAL_167	-8.27687	2.66532	2.2378	-0.24876	0.36105	0.0466	2.86779	6.53422	0.01152	0.13678	-2.26688	-0.09613	0	0	0	0	0	0	-0.14323	2.98026	2.09562	0.88464	0	-1.05458	0	0	2.7371	-0.38061	11.0916	182	0
SER_168	-3.54491	1.30901	3.89635	-0.0347	0.00643	0.0448	2.87346	5.01969	0.01803	0.10454	-2.7386	-0.06976	0	0	0	0	0	0	-0.06271	1.24389	0.0118	1.23208	0	0.56734	0	4.04	-0.539	-0.18641	13.1913	126.038	35.9619
SER_169	-6.70746	5.15915	6.95399	-0.03296	0.00907	0.02434	4.55207	8.47203	0	0	-2.5612	-0.7263	0	0	0	0	-0.32043	0	-0.02369	1.61633	0.93652	0.67981	0	0.3207	0	4.04	-0.539	0.10885	21.9618	162	0
HIS_170	-5.88062	6.40309	4.23957	-0.42769	0.20083	0.44363	3.1202	6.53256	0.00478	0.0132	-2.63937	-0.21456	0	0	0	0	0	0	-0.05609	5.32799	0.21157	0	5.11641	-0.47475	0	0	0.8406	0.02744	22.7888	165.916	75.0835
TYR_171	-10.963	4.67301	4.87185	-0.67889	0.14826	0.42132	4.28168	8.7198	0.01157	0.0623	-4.62553	-0.22206	0	0	0	0	-1.18259	0	-0.09069	4.08174	1.10012	0	2.98162	-0.18115	0	0	1.7379	0.43042	15.5777	247.553	0.446804
ILE_172	-5.54097	1.31822	3.70429	-0.50369	1.68016	0.10832	2.67695	5.65919	0.00478	0.0132	-2.27423	0.1067	0	0	0	0	0	0	-0.0698	2.25439	1.78704	0.46735	0	-1.06926	0	0	1.8006	-0.09932	12.0239	148.799	58.201
PHE_173	-10.0545	1.93557	2.7059	-0.57975	0.58337	0.28581	2.54259	6.52773	0.00536	0.05911	-1.53529	0.24073	0	0	0	0	0	0	0.16016	3.5024	0.02069	0	3.48172	-0.4632	0	0	1.9602	-0.80573	10.5729	228.192	8.80769
ASP_174	-2.65817	0.15878	3.98147	-0.11511	0.00977	0.34979	1.4325	4.35055	0.01557	0.10373	-1.27792	-0.42178	0	0	0	0	0	0	-0.01274	4.55542	0.8922	0	3.66322	-0.22856	0	0	-1.6204	-0.56162	12.6167	83.5383	101.462
LYS_175	-3.60172	2.62929	4.62298	-0.61795	0.4587	0.64497	1.87728	4.62435	0.10508	0.67512	-1.81202	0.23279	0.03407	0	0	0	-0.00126	0	0.13694	4.49408	0.43382	4.06027	0	0.00573	0	0	-0.8895	2.22567	20.3387	160.902	91.0982
PRO_176	-3.34707	12.3438	1.89286	-0.12079	0.00094	0.08479	0.92785	2.16215	0	0	-0.65392	0.31654	0.07792	0	0	0	0	0	-0.09168	1.80931	1.56322	0.24609	0	-1.89042	0	0	-4.6787	2.05418	12.6971	114.875	84.1254
PHE_177	-4.77317	0.91309	0.52834	-0.60612	0.1627	0.33149	0.92562	2.74781	0	0	-0.8465	-0.06762	0	0	0	0	0	0	4.31619	3.43983	0.10901	0	3.33081	1.56237	0	0	1.9602	3.48155	17.5156	113.775	123.225
LYS_178	-2.81956	0.71498	1.39317	-0.38421	0.10641	0.25499	0.37774	1.76838	0.05332	0.49753	-0.72541	0.35886	0	0	0	0	0	0	0.21213	4.74205	0.71117	4.03088	0	0.95868	0	0	-0.8895	9.37385	20.7355	82.5779	169.422
GLN_179	-5.42163	2.84845	3.61548	-0.44315	0.26569	0.3527	1.18931	4.71559	0.02892	0.16243	-0.79434	-0.93238	0.15406	0	0	-0.82115	0	0	0	4.14992	0.13949	0	4.01043	0.13014	0	0	-0.1077	8.59101	21.8332	154.845	62.1548
PRO_180	-5.88836	2.9597	3.12654	-0.13359	0.00045	0.09204	0.85556	3.51074	0	0	-0.27355	0.30964	0.23796	0	0	0	0	0	-0.03945	1.79486	1.05745	0.7374	0	-1.69141	0	0	-4.6787	2.81356	4.79083	187.247	11.7529
VAL_181	-6.96198	3.21423	2.3793	-0.2667	0.23186	0.05484	2.87194	5.76669	0	0	-2.52725	-0.30198	0	0	0	0	0	0	-0.12628	0.42248	0.1243	0.29818	0	-1.24914	0	0	2.7371	-0.8077	5.85989	180.206	1.79438
PHE_182	-10.3528	2.5496	2.76798	-0.61313	0.06195	0.33626	3.39514	7.43161	0	0	-3.55365	0.25914	0	0	0	0	0	0	-0.00929	2.87192	0.24424	0	2.62768	-0.59343	0	0	1.9602	-0.83918	8.54423	237	0
VAL_183	-8.64769	2.43232	3.77153	-0.2706	0.30025	0.05782	3.34067	8.29931	0.00043	0.00113	-1.4085	-0.39844	0	0	0	0	0	0	0.20744	1.74795	1.46626	0.28169	0	-0.55129	0	0	2.7371	0.13841	13.5058	182	0
TYR_184	-10.5122	1.22787	5.38965	-0.85731	0.16516	0.16559	4.09966	9.15793	0.01143	0.09619	-2.76993	-0.44115	0	0	0	0	0	0	-0.08724	3.60723	0.39996	0	3.20726	-0.16609	0	0	1.7379	0.06002	14.4919	234.037	13.9628
ARG_185	-10.1107	3.88387	9.90217	-0.60738	0.26751	0.39097	5.69358	11.8082	0.01213	0.09823	-2.82101	-0.12477	0	0	0	0	-0.76617	0	-0.00322	3.93044	0.71256	3.21788	0	-0.38629	0	0	-0.1423	-0.81449	24.1412	249.859	15.1408
LYS_186	-6.39764	0.36809	7.41128	-0.60661	0.63511	0.23642	3.82237	8.1558	0.1183	0.41595	-3.39584	0.33158	0	0	0	-0.48543	0	0	-0.02805	3.51092	0.49927	3.01166	0	0.11554	0	0	-0.8895	-0.19599	16.6332	201.345	50.6549
CYS_187	-5.9085	0.87305	2.34341	-0.04393	0.00119	0.01768	0.89542	3.70901	0.09232	0.39394	-0.44493	-0.29033	0	0	0	-0.41445	0	0	0.02441	0.91838	0.08089	0.8375	0	0.16119	0	0	4.3148	0.08007	7.6411	150.34	5.65952
HIS_188	-5.67769	4.56072	5.22358	-0.43259	0.02115	0.50861	2.82595	6.63043	0.03568	0.11708	-2.18545	-0.25648	0	0	0	0	0	0	-0.04406	3.20583	0.01576	0	3.19007	-0.26298	0	0	0.8406	-0.09458	18.2216	145.104	95.8961
VAL_189	-6.07627	3.87894	0.22109	-0.2643	0.46248	0.05181	0.98489	3.64627	0.00677	0.01964	-0.54461	-0.07578	0	0	0	0	0	0	-0.1266	0.95258	0.00434	0.94824	0	-1.02367	0	0	2.7371	-0.28022	5.52271	155.087	26.9132
LYS_190	-2.9331	0.67723	2.93756	-0.31534	0.07468	0.17762	2.33018	3.79414	0.00044	0.00204	-1.93317	-0.34865	0	0	0	0	0	0	-0.13107	3.37395	0.03678	3.33717	0	0.38081	0	0	-0.8895	0.01433	10.5861	67.7964	184.204
ALA_191	-3.23931	1.17761	-0.07173	-0.01976	0	0	0.60521	2.29802	0	0	-0.53622	-0.32408	0	0	0	0	0	0	-0.00147	0	0	0	0	-0.60979	0	0	2.2619	0.31608	1.85645	118.81	34.19
THR_192	-3.96794	0.74226	4.79442	-0.1228	0.18527	0.07848	3.54979	5.82206	0	0	-0.79059	-0.76279	0	0	0	0	0	0	-0.00583	0.43109	0.14306	0.28803	0	-0.93042	0	5.02871	-0.9333	0.04175	13.5912	83.792	90.208
LYS_193	-4.06002	0.58113	3.66521	-0.42732	0.30341	0.29214	1.9413	4.59463	0.01417	0.07307	-1.43423	0.35561	0	0	0	0	0	0	-0.11807	4.96254	1.57262	3.38993	0	0.05265	0	0	-0.8895	0.24964	15.1189	148.576	103.424
THR_194	-4.54639	0.92203	3.71449	-0.12447	0.06893	0.06208	2.43124	5.23629	0.00082	0.00527	-1.56705	0.05202	0	0	0	0	0	0	-0.00175	0.77747	0.6325	0.14497	0	-1.16108	0	5.02946	-0.9333	0.38331	11.1268	121.462	52.5379
GLU_195	-5.73661	0.83032	5.5117	-0.26106	0.0732	0.25855	3.4953	6.82211	0.0455	0.38801	-1.238	-0.27332	0	0	0	0	0	0	0.00406	4.90002	0.10176	0	4.79826	-0.2764	0	0	-1.6358	0.61722	18.4248	150.1	72.8999
VAL_196	-7.13706	1.92785	2.17011	-0.26421	0.33655	0.05375	3.12166	6.12412	0	0	-2.56153	-0.25086	0	0	0	0	0	0	-0.14457	0.52018	0.0498	0.47037	0	-1.13531	0	0	2.7371	0.21918	6.23712	181.23	0.76969
THR_197	-5.3906	1.31926	4.42217	-0.17736	0.25846	0.06177	3.70393	6.41376	0.04727	0.39982	-2.21439	-0.47267	0	0	0	0	0	0	-0.08624	0.69712	0.43241	0.26471	0	-0.32571	0	5.04163	-0.9333	-0.24546	13.2166	134.034	39.9657
LEU_198	-8.74904	3.01287	3.05284	-0.61751	0.54773	0.16124	3.29543	6.89258	0	0	-2.72591	0.31306	0	0	0	0	0	0	0.09782	1.89256	0.73923	1.15333	0	-0.1795	0	0	1.3223	-0.1325	10.0765	209.488	0.512343
ASP_199	-5.75364	4.847	6.70316	-0.21447	0.11278	0.68699	4.60889	8.15634	0.03072	0.24017	-4.27964	-1.38647	0	0	0	0	-1.43167	0	-0.1262	2.928	0.29635	0	2.63165	-0.59672	0	0	-1.6204	-0.18707	15.6458	144.946	40.0542
GLU_200	-7.2798	1.24203	7.28806	-0.28245	0.11709	0.29724	3.90369	8.13848	0.0316	0.23551	-2.27109	-0.21681	0	0	0	0	0	0	-0.06897	4.87108	0.00197	0	4.86911	0.39034	0	0	-1.6358	-0.10785	19.5234	216.31	6.68965
ARG_201	-5.54831	1.08351	6.30407	-0.89094	1.46826	0.55646	3.60386	6.84687	0.01147	0.04313	-4.20639	-0.01139	0	0	0	0	-1.43167	0	0.03977	5.28107	1.30463	3.97644	0	-0.03258	0	0	-0.1423	-0.30148	17.9545	134.826	130.174
GLU_202	-7.16535	1.28866	7.19923	-0.21456	0.11771	0.3376	3.71762	7.8085	0.0646	0.47884	-0.45865	-0.42439	0	0	0	0	-0.76617	0	-0.01119	7.1071	1.88735	0	5.21974	-0.14424	0	0	-1.6358	-0.3147	24.0919	211.189	11.8114
LYS_203	-4.48256	0.14602	4.38657	-0.62107	1.38726	0.26055	2.68112	5.21249	0	0	-2.18574	0.29234	0	0	0	0	0	0	-0.02506	3.11196	0.64043	2.47154	0	0.33173	0	0	-0.8895	1.73402	14.4521	131.121	120.879
ALA_204	-4.69537	1.9523	0.68856	-0.02184	0	0	0.94517	3.32115	0	0	-0.67039	-0.1902	0	0	0	0	0	0	-0.01038	0	0	0	0	0.11194	0	0	2.2619	1.61568	5.30851	143.784	9.2155
PHE_205	-9.78781	2.38428	1.75026	-0.98911	0.15135	0.65193	2.37941	6.07857	0	0	-1.65508	-0.13033	0	0	0	0	0	0	-0.01772	2.35638	0.03095	0	2.32543	-0.17638	0	0	1.9602	0.53301	7.84534	223.932	13.0683
TYR_206	-7.50461	3.33071	2.92464	-0.55004	0.13046	0.27148	1.32774	4.41692	0.03009	0.14924	-0.94881	-0.21125	0	0	0	0	-0.56477	0	0.03069	3.28644	0.0062	0	3.28024	-0.13213	0	0	1.7379	1.16291	12.174	201.157	46.8428
GLU_207	-3.82314	0.33656	2.30695	-0.37097	0.26349	0.54988	0.86221	3.27076	0.03009	0.14924	0.93846	-0.46663	0	0	0	0	0	0	0.11451	5.27001	0.71515	0	4.55486	0.05693	0	0	-1.6358	1.30657	14.4291	104.987	118.013
LEU_208	-5.50361	1.02381	0.42454	-0.51298	0.80613	0.1487	1.02989	2.43576	0	0	-0.05097	0.05616	0	0	0	0	0	0	-0.06562	0.64487	0.03048	0.61439	0	0.67089	0	0	1.3223	1.8425	4.91723	141.23	68.7695
ALA_209	-3.36511	0.56771	2.39082	-0.03332	0.00709	0	1.35786	3.52401	0.06847	0.5748	-0.78021	-0.40445	0	0	0	0	0	0	0	0	0	0	0	0	0	0	2.2619	0.98445	7.15402	97.5202	55.4798
PRO_210	-3.18118	0.67128	2.13177	-0.17487	0.00569	0.12196	0.6229	2.2196	0	0.3674	-0.19902	0.52633	2.42712	0	0	0	0	0	0.07342	2.94362	2.74325	0.20037	0	0	0	0	-4.6787	0	6.82095	93.8823	105.118
LEU_211	-5.49643	1.72313	1.38083	-0.46547	1.41534	0.06952	0.74089	2.95767	0	0	-0.53779	0.41917	0.70278	0	0	0	0	0	0.15051	1.14019	0.74968	0.39052	0	-0.07335	0	0	1.3223	1.88879	8.47828	147.968	62.0318
PRO_212	-7.58415	4.62499	2.63351	-0.19038	0.05696	0.14201	0.88026	2.91168	0.02047	0.12369	-0.24681	0.05006	0.71049	0	0	0	0	0	0.03051	2.6425	2.01984	0.62266	0	-1.45162	0	0	-4.6787	1.30131	4.61929	197.176	1.82445
ALA_213	-3.6239	0.55225	3.13578	-0.02016	0	0	2.62247	4.80142	0.09329	0.42281	-1.64908	-0.30885	0	0	0	0	0	0	0.28853	0	0	0	0	0.82062	0	0	2.2619	1.60919	11.0063	104.026	48.9741
THR_214	-5.58895	1.47389	5.20949	-0.11677	0.10218	0.07713	3.48282	6.99866	0.09749	0.45015	-1.68905	-0.77917	0	0	0	0	0	0	0.10528	0.23213	0.06	0.17213	0	-0.50481	0	5.03895	-0.9333	1.6768	15.5651	113.781	60.2186
HIS_215	-11.5484	2.6819	9.04478	-0.79781	0.02435	1.09779	4.89399	12.7732	0	0	-3.53999	0.16552	0	0	0	0	-0.55114	0	-0.01041	3.19869	0.41512	0	2.78357	-0.54287	0	0	0.8406	-0.42231	20.5066	237.351	3.6489
ASP_216	-5.61815	0.67636	7.27303	-0.09802	0.02929	0.27952	4.44307	8.65208	0	0	-5.38971	-0.23682	0	0	0	0	-0.56174	0	0.06612	3.36897	0.2874	0	3.08158	1.11644	0	0	-1.6204	0.37259	16.1216	134.816	50.1837
ILE_217	-8.96293	3.55944	2.39533	-0.55915	1.55877	0.10812	2.83946	6.5247	0	0	-1.80716	0.06517	0	0	0	0	0	0	-0.05153	2.52302	0.92898	1.59404	0	-0.43194	0	0	1.8006	0.36102	12.4459	203.684	3.31574
HIS_218	-7.16507	1.02478	6.93821	-0.63956	0.23051	0.55751	4.21658	9.10199	0	0	-3.2885	-0.3666	0	0	0	0	-1.01644	0	0.14918	3.54153	0.20543	0	3.33609	-0.73138	0	0	0.8406	0.70009	17.6349	171.205	69.7948
LEU_219	-9.15098	1.7064	3.64662	-0.48833	0.23511	0.13812	3.26264	6.77686	0	0	-2.51935	0.00028	0	0	0	0	0	0	-0.02996	6.43078	3.99315	2.43762	0	-0.48833	0	0	1.3223	0.33864	17.6116	210	0
HIS_220	-8.1259	16.2505	7.67813	-0.82289	0.01774	1.11483	3.75101	9.87881	0.03759	0.22682	-3.33071	0.21927	0	0	0	0	0	0	0.23655	2.35907	0.22094	0	2.13813	-0.47708	0	0	0.8406	0.06584	32.2792	193.049	47.9514
GLY_221	-4.36618	2.23228	3.891	-0.00164	0	0	2.23391	5.73593	0	0	-1.48299	-0.40009	0	0	0	0	0	0	0.09692	0	0	0	0	-2.53088	0	0	1.435	1.9702	8.81345	163.488	0.512343
SER_222	-5.95996	2.56851	5.65871	-0.04607	0.00776	0.06841	3.32549	7.29713	0.01826	0.28555	-2.30344	-0.50072	0	0	0	0	0	0	0.01018	0.66217	0.32725	0.33493	0	-0.60192	0	4.04	-0.539	1.39962	16.0528	149.229	12.7712
ILE_223	-7.73596	1.51105	2.38692	-0.63841	2.0297	0.12087	2.55052	6.07524	0	0	-1.43891	0.19715	0	0	0	0	0	0	-0.16118	1.9413	0.12963	1.81167	0	-0.91664	0	0	1.8006	-0.18811	9.47544	207	0
ASN_224	-5.3313	0.61933	4.67635	-0.18451	0.20494	0.3469	3.05808	6.32706	0.0659	0.38378	-1.92989	-0.83408	0	0	0	-1.92385	0	0	-0.18553	7.26094	2.08336	0	5.17758	-1.60367	0	0	-0.3009	-0.4489	17.4616	153.652	30.3482
GLY_225	-1.68544	0.3433	1.91452	-5e-05	0	0	0.22714	2.57364	0.03311	0.12054	0.05497	-0.37867	0	0	0	0	0	0	-0.32065	0	0	0	0	-2.38068	0	0	1.435	-1.44943	0.4873	100.589	63.4112
HIS_226	-3.95279	0.44024	4.6666	-0.40461	0.01903	0.48244	2.54837	5.85281	0	1e-05	-2.05701	-0.14382	0	0	0	0	0	0	-0.13109	3.70064	0.00401	0	3.69663	0.0257	0	0	0.8406	-1.12447	14.4633	125.978	115.022
GLU_227	-3.5164	2.38629	3.95993	-0.37298	0.08886	0.60181	0.74335	4.46931	0.02795	0.0965	-0.49066	-0.38843	0	0	0	0	0	0	-0.03289	4.84296	0.17495	0	4.66801	0.02433	0	0	-1.6358	-0.62585	15.0212	115.65	107.35
PHE_228	-9.34486	0.84933	3.21877	-1.10583	0.24062	0.61011	1.98504	6.82649	0	0	-1.10486	-0.12851	0	0	0	0	0	0	0.12739	3.44079	1.33676	0	2.10403	-0.69007	0	0	1.9602	-0.57004	9.75537	232.389	4.61109
ASP_229	-6.12061	1.63757	7.49774	-0.18019	0.01351	0.55286	3.73748	8.32794	0	0	-2.65743	-0.88891	0	0	0	0	-1.01644	0	-0.10526	3.59152	0.02421	0	3.5673	-0.13112	0	0	-1.6204	1.01066	17.2404	162.803	22.1967
MET_230	-10.1926	2.23569	4.88804	-0.28763	0.09655	0.0501	2.86739	8.23748	0	0	-2.73312	-0.40205	0	0	0	0	0	0	0.00431	3.56111	1.44331	2.1178	0	-0.20212	0	0	1.4633	1.09498	14.2425	262	0
VAL_231	-4.82657	0.65385	2.84511	-0.31524	0.42755	0.06925	2.76424	5.42101	0	0	-2.57291	-0.57907	0	0	0	0	0	0	0.007	0.59712	3e-05	0.59708	0	-0.41799	0	0	2.7371	-0.3352	7.07236	114.163	67.8374
GLY_232	-3.00922	1.36352	2.88839	-0.00144	0	0	2.45706	4.33453	0	0	-1.93945	-0.36405	0	0	0	0	0	0	-0.18501	0	0	0	0	-2.52021	0	0	1.435	1.5735	6.03262	131.194	32.8061
GLY_233	-3.71293	0.53938	3.02968	-0.00182	0	0	2.3488	4.74463	0	0	-2.16999	-0.38442	0	0	0	0	0	0	-0.13	0	0	0	0	-2.51521	0	0	1.435	2.38791	5.57102	144.935	19.0653
GLY_234	-3.89606	1.17616	3.85441	-0.0013	0	0	2.62353	5.43566	0	0	-2.38675	-0.33539	0	0	0	0	0	0	-0.19018	0	0	0	0	-2.46068	0	0	1.435	1.97203	7.22642	142.708	21.2916
LYS_235	-5.25012	1.38943	4.15855	-0.45751	0.18951	0.2792	3.12783	5.97477	0	0	-2.48584	-0.1557	0	0	0	0	0	0	0.00832	2.86082	0.57452	2.2863	0	0.62017	0	0	-0.8895	2.5038	14.7345	101.016	150.984
GLY_236	-3.54511	1.05383	2.20196	-0.00161	0	0	1.27392	3.60722	0.02049	0.12374	-0.68137	-0.3645	0	0	0	0	0	0	-0.19893	0	0	0	0	-0.83269	0	0	1.435	1.48829	5.58022	138.154	25.8461
ASP_237	-5.52067	1.47851	7.32353	-0.23948	0.15856	0.78575	5.28124	8.82753	0.00991	0.05776	-4.48429	-1.05741	0.5841	0	0	-0.59767	0	0	0.1268	3.02678	0.05646	0	2.97032	-0.82426	0	0	-1.6204	3.18917	19.5322	115.932	69.0682
PRO_238	-7.39015	1.92351	4.06888	-0.10725	0.01347	0.06608	2.33668	4.71546	0	0	-0.53179	0.69542	0.58658	0	0	-0.88057	0	0	-0.1157	2.15518	1.49983	0.65535	0	-0.77165	0	0	-4.6787	3.22413	7.46477	179.685	19.3146
ASN_239	-3.27737	0.78156	3.79552	-0.21302	0.29597	0.2989	1.70379	4.48419	0	0	-0.77343	-0.65229	0	0	0	-0.59767	0	0	-0.01378	6.85481	1.38518	0	5.46964	0.19279	0	0	-0.3009	0.79482	20.2287	51.4644	132.536
ALA_240	-3.1751	0.47469	3.07198	-0.02446	0.00187	0	1.90364	4.47236	0	0	-0.02983	-0.37234	0	0	0	0	0	0	-0.03808	0	0	0	0	0.62146	0	0	2.2619	0.38688	9.55499	84.5707	68.4293
GLY_241	-4.27065	4.17385	4.39397	-5e-05	0	0	2.64207	5.8391	0.00334	0.0524	-0.62529	-0.41628	0	0	0	0	0	0	-0.37157	0	0	0	0	-2.27875	0	0	1.435	-0.86564	9.71149	163.488	0.512343
SER_242	-4.62106	0.98675	4.49821	-0.04722	0.01041	0.06893	3.0794	6.00617	0.00876	0.05301	-1.63069	-0.61552	0	0	0	0	0	0	0.0178	0.77416	0.00244	0.77173	0	-0.16892	0	4.04	-0.539	-1.01723	11.6781	133.498	28.5017
LEU_243	-7.70557	1.38115	3.84872	-0.69231	1.11888	0.25022	3.22657	6.75578	0.02119	0.21958	-2.37217	-0.06078	0	0	0	0	0	0	0.04652	3.09905	1.60762	1.49143	0	1.32434	0	0	1.3223	1.62987	16.5124	206.924	3.07641
VAL_244	-5.34685	3.10559	3.95513	-0.33256	0.9172	0.07383	3.63634	6.31442	0	0	-2.68927	-0.76899	0	0	0	0	0	0	-0.10227	1.97974	0.00371	1.97603	0	-1.07325	0	0	2.7371	1.43848	15.8244	120.764	61.2356
THR_245	-7.35782	1.24866	4.7571	-0.16374	0.1825	0.05831	4.15882	7.47224	0	0	-2.45589	-0.53644	0	0	0	0	0	0	-0.03555	0.5653	0.00111	0.56419	0	0.09573	0	5.03417	-0.9333	0.17451	12.8299	173.392	0.60815
THR_246	-5.12059	1.63156	4.03567	-0.17005	0.17935	0.05993	3.19559	6.14016	0	0	-2.00266	-0.53295	0	0	0	0	0	0	-0.08798	0.32129	0.06126	0.26003	0	-0.2985	0	5.04104	-0.9333	0.45203	12.2319	124.562	49.4378
ALA_247	-5.39974	0.76055	2.12871	-0.02383	3e-05	0	2.50814	5.28568	9e-05	0.0022	-2.40299	-0.39789	0	0	0	0	0	0	0.03591	0	0	0	0	0.56316	0	0	2.2619	0.30731	5.62924	153	0
LYS_248	-5.85465	1.0927	6.55229	-0.81949	17.0525	0.77976	4.30808	7.67808	0	0	-4.59235	0.51955	0	0	0	0	0	0	-0.02602	5.09903	0.25396	4.84507	0	0.31389	0	0	-0.8895	0.18931	36.5022	138.761	113.239
SER_249	-5.26018	1.12176	4.93972	-0.03478	0.02343	0.04505	3.22607	6.16486	1e-05	0.00039	-0.65382	0.10422	0	0	0	0	0	0	-0.07019	1.54124	0.00309	1.53816	0	-0.12745	0	4.04	-0.539	-0.63915	15.4234	150.445	11.5549
THR_250	-3.76083	0.78979	3.48864	-0.13355	0.10933	0.08387	2.19649	4.63164	1e-05	0.00039	0.08355	0.08542	0	0	0	0	0	0	-0.08564	0.15548	0.07584	0.07964	0	-0.84009	0	5.03329	-0.9333	-0.8112	10.2488	98.3247	75.6753
LYS_251	-3.53909	0.70649	3.54201	-0.39555	0.18371	0.26335	0.90603	3.5427	0.15893	0.83309	0.39357	0.06526	0	0	0	0	0	0	-0.12129	3.22007	0.03332	3.18675	0	0.42189	0	0	-0.8895	0.81042	13.3222	115.887	136.113
GLY_252	-1.84078	0.15513	2.59352	-0.0003	0	0	1.41379	3.23862	0.14672	0.7421	0.53101	-0.20837	0	0	0	0	0	0	0.09773	0	0	0	0	-2.49133	0	0	1.435	1.08426	6.89711	118.134	45.8658
ALA_253	-2.43217	0.46035	1.46983	-0.02504	0	0	0.56743	2.809	0.06387	0.41356	-0.50578	-0.20943	0	0	0	0	0	0	-0.1431	0	0	0	0	-0.04457	0	0	2.2619	-0.73581	3.95004	105.558	47.4423
LEU_254	-6.25532	0.60391	2.30965	-0.4775	0.61657	0.08789	2.25806	4.53809	0.08464	0.41461	-0.81463	0.34497	0	0	0	0	0	0	0.07102	0.78967	0.03345	0.75622	0	-0.26425	0	0	1.3223	-1.33864	5.08073	204.493	5.50666
LYS_255	-2.08628	0.08811	1.94792	-0.68485	0.90629	0.66624	0.85726	2.52311	0.00226	0.0105	-0.15995	0.32414	0	0	0	0	0	0	-0.16473	3.21149	0.33576	2.87572	0	-0.08563	0	0	-0.8895	-0.76012	8.91775	117.015	134.985
PHE_256	-8.82936	3.50774	1.1275	-1.04488	0.47736	0.69896	1.27535	4.20522	0	0	-0.70124	-0.15676	0	0	0	0	0	0	0.04395	4.48142	1.17746	0	3.30397	-0.61294	0	0	1.9602	0.25121	11.1652	235.718	1.28203
SER_257	-6.08114	3.6721	5.96606	-0.04012	0.03634	0.05765	3.8849	7.22745	0.00071	0.00747	-1.84638	0.15473	0.15298	0	0	0	0	0	-0.22807	0.75941	0.09215	0.66726	0	0.30849	0	4.04	-0.539	3.2026	21.4956	162	0
PRO_258	-6.23541	4.49487	2.91938	-0.09382	0.00417	0.05769	2.32638	4.0917	0	0	-0.41831	0.7544	0.19366	0	0	0	0	0	-0.24898	1.67702	0.95471	0.72232	0	-0.63699	0	0	-4.6787	2.66377	8.54786	190.8	8.19984
TYR_259	-9.42978	2.64474	4.25584	-0.6138	0.06857	0.30068	3.28596	7.62682	0	0	0.56746	-0.24784	0	0	0	0	0	0	-0.04433	3.69892	0.16361	0	3.53531	0.31637	0	0	1.7379	0.08363	17.9501	214.626	33.3738
LEU_260	-7.41496	1.78551	1.75248	-0.69784	1.70671	0.29135	2.38787	5.46275	0	0	-0.92968	-0.04605	0	0	0	0	0	0	-0.09394	2.99965	0.48579	2.51386	0	-0.1695	0	0	1.3223	0.28626	11.6426	210	0
MET_261	-8.71621	3.86539	3.29226	-0.80258	3.21403	0.3638	2.72891	5.91797	0	0	-1.92798	-0.24452	0	0	0	0	0	0	-0.08266	3.83645	0.60837	3.22808	0	0.13854	0	0	1.4633	0.01766	16.9008	262	0
ILE_262	-9.03935	3.56491	2.3512	-0.62678	1.55753	0.11953	2.71673	6.34974	0.07166	0.4539	0.3749	0.43108	0.30068	0	0	0	0	0	0.00457	1.33813	0.05275	1.28538	0	-0.98061	0	0	1.8006	2.39056	14.5171	207	0
PRO_263	-4.96904	1.29497	1.10178	-0.14697	0.08252	0.08874	0.40613	2.05697	0.04056	0.27727	0.42184	0.57362	0.30312	0	0	0	0	0	-0.00159	1.95615	1.8401	0.11606	0	0.09003	0	0	-4.6787	3.45389	4.30746	172.1	26.8998
HIS_264	-8.18219	2.74584	3.69555	-0.54388	0.08442	0.67682	2.63857	6.7221	0	0	-0.81779	-0.375	0	0	0	0	0	0	-0.07811	7.43284	3.9191	0	3.51374	0.32095	0	0	0.8406	1.3476	23.9412	236.041	4.95905
LEU_265	-8.43162	1.30289	0.73168	-0.5523	0.67933	0.14723	1.84679	5.04828	0.00045	0.00886	-0.09186	0.06331	0	0	0	0	0	0	50.5588	5.20474	2.18149	3.02325	0	0.51464	0	0	1.3223	3.77797	67.3363	207.835	2.16479
TYR_266	-9.4148	3.4714	2.44805	-0.60016	0.15562	0.36682	3.04938	6.35636	0.05731	0.5062	-0.32405	-0.25297	0	0	0	0	0	0	0.00118	4.00689	0.384	0	3.62289	1.7621	0	0	1.7379	11.1281	28.4622	231.182	16.8182
TYR_267	-8.48771	2.7721	5.39219	-0.60649	2.40138	0.3008	3.4449	8.05885	0.03118	0.4305	-0.66099	-0.37927	0	0	0	0	0	0	-0.04345	4.68127	0.08395	0	4.59732	0.26365	0	0	1.7379	8.59886	32.6169	231.293	16.7067
GLN_268	-9.4888	4.97993	5.93424	-0.57999	0.14391	0.92987	3.30079	7.99831	0.06863	0.77857	-1.35719	-2.01269	0	0	0	-0.52845	-0.709	0	0.01271	5.62988	0.39798	0	5.2319	-0.15526	0	0	-0.1077	0.74316	21.2108	217	0
TYR_269	-12.8706	7.04416	6.26137	-0.58003	0.07068	0.2899	3.70329	10.3399	0.04816	0.42668	-1.93725	-0.26799	0	0	0	0	-0.55114	0	-0.10206	2.88802	0.18737	0	2.70066	-0.15277	0	0	1.7379	-0.50146	18.7348	248	0
LEU_270	-8.76881	1.73313	4.7766	-0.64789	0.589	0.20457	2.96384	7.90189	0	0	-1.03006	0.25336	3.19611	0	0	0	0	0	0.11684	1.01686	0.24598	0.77088	0	-0.4926	0	0	1.3223	2.26836	16.4204	209.488	0.512343
PRO_271	-6.12648	1.68987	2.98487	-0.21441	0.0921	0.16129	1.39195	3.87198	0	0	-1.16973	0.052	3.19929	0	0	0	0	0	0.23876	0.89104	0.80088	0.09015	0	1.16234	0	0	-4.6787	4.33899	8.77618	164.891	34.1091
TYR_272	-8.96361	2.72597	3.45811	-0.50701	2.39495	0.18941	2.93225	6.31411	0	0	-1.72675	-0.12393	0.01246	0	0	0	0	0	0.09576	7.42231	2.04505	0	5.37726	-0.437	0	0	1.7379	4.66044	27.6077	234.307	13.6935
PRO_273	-3.51591	1.31194	1.94086	-0.07388	0.00026	0.04529	0.6979	2.05909	0	0	0.74522	0.6152	0.03416	0	0	0	0	0	-0.33391	0.90214	0.46962	0.43252	0	-0.11472	0	0	-4.6787	3.11126	3.64832	126.441	72.5593
ASP_274	-2.81047	0.68243	4.75161	-0.23793	0.0791	0.82683	2.6901	4.92925	0.064	0.48455	-3.82935	-2.63479	0	0	0	0	-0.67166	0	-0.12811	3.57997	0.17693	0	3.40304	-0.59999	0	0	-1.6204	-0.26898	8.86615	87.2691	97.7309
GLY_275	-2.41174	0.54406	3.50764	-0.00096	0	0	2.23404	4.29146	0.064	0.48455	-1.212	-0.27831	0.00731	0	0	0	0	0	-0.17797	0	0	0	0	-2.5289	0	0	1.435	3.23091	9.18908	129.952	34.0483
PRO_276	-3.28316	0.77601	1.17637	-0.11518	0.00213	0.0823	0.56871	1.91522	0	0	-0.18629	0.30341	0.01856	0	0	0	0	0	-0.23346	1.68195	1.55581	0.12614	0	-1.67642	0	0	-4.6787	3.47177	1.50517	116.788	82.2125
SER_277	-7.31699	1.92589	6.86716	-0.04334	0.0327	0.06486	4.69915	8.4427	4e-05	0.00076	-1.15626	-0.74942	1.44787	0	0	-0.10849	0	0	-0.03944	0.18392	0.02196	0.16196	0	-0.84556	0	4.04	-0.539	2.40438	19.4949	162	0
PRO_278	-6.16662	1.42888	2.4852	-0.0727	0.00083	0.04484	1.4773	3.64071	0	0	-0.82898	0.6385	1.46505	0	0	0	0	0	-0.07502	1.95185	1.33888	0.61297	0	1.21677	0	0	-4.6787	2.7143	7.19407	191.919	7.08052
PHE_279	-10.8069	1.77017	2.53607	-0.65673	0.10976	0.39737	2.18217	6.14321	0	0	-1.03669	-0.07053	0	0	0	0	0	0	0.03319	6.00306	2.44147	0	3.56159	-0.10263	0	0	1.9602	0.12249	14.5873	237	0
GLN_280	-11.2524	5.01521	9.40104	-0.25694	0.04971	0.17971	5.22406	12.2503	0	0	-3.12015	-0.40554	0	0	0	-1.51751	0	0	0.03543	3.76732	0.25046	0	3.51686	-0.06312	0	0	-0.1077	0.15074	23.1175	214.121	2.87941
VAL_281	-6.30139	2.3357	5.53679	-0.31233	0.49884	0.07195	3.02046	7.7542	4e-05	0.00076	-2.35005	-0.15707	0	0	0	0	0	0	-0.1053	0.41029	0.10927	0.30102	0	-0.22144	0	0	2.7371	0.26399	13.5928	119.482	62.5176
SER_282	-6.12186	0.72871	6.82294	-0.03709	0.00824	0.06088	3.36846	8.59058	0.01356	0.13997	-2.10071	-0.81305	0	0	0	0	0	0	0.01125	0.82034	0.00011	0.82024	0	0.60971	0	4.04	-0.539	1.29298	17.7162	157.644	4.35609
MET_283	-8.91209	1.21786	4.68637	-0.35799	0.16333	0.15422	2.38099	6.61943	0.00542	0.0747	-1.37909	-0.35651	0	0	0	0	0	0	-0.01768	4.18719	0.1998	3.98738	0	0.1518	0	0	1.4633	1.6317	15.9002	253.612	8.38822
LEU_284	-5.79449	1.42589	3.72111	-0.50046	0.61076	0.12332	1.87001	5.38996	0	0.3674	-0.65664	0.2606	0	0	0	0	0	0	-0.09475	0.77424	0.21259	0.56165	0	-0.39893	0	0	1.3223	0.698	9.89255	137.266	72.7335
GLU_285	-3.73277	1.7327	4.82901	-0.23601	0.07988	0.35439	2.13212	5.52653	0	0	-2.18389	-0.53339	0	0	0	0	0	0	-0.16119	6.19866	1.72473	0	4.47394	-0.03871	0	0	-1.6358	0.86206	19.3923	113.826	109.174
GLY_286	-1.46913	0.343	2.19699	-5e-05	0	0	1.02008	2.76651	0	0	-1.0497	-0.40073	0	0	0	0	0	0	-0.28839	0	0	0	0	-2.02472	0	0	1.435	-0.19284	2.33604	94.7341	69.2659
SER_287	-3.33492	0.27755	3.96055	-0.02345	0.00123	0.02655	1.94662	4.66946	0.06092	0.56467	-1.41626	-0.13196	0	0	0	0	0	0	0.10261	0.73801	0.00304	0.73497	0	-0.03954	0	4.04	-0.539	1.47131	13.1124	137.694	24.3056
GLY_288	-3.0776	0.17797	3.61472	-0.00148	0	0	1.99885	4.54476	0	0	-1.49586	-0.35407	0	0	0	0	0	0	-0.22849	0	0	0	0	-1.39036	0	0	1.435	2.69525	7.91867	155.803	8.19749
TYR_289	-8.7125	1.35918	2.45056	-1.00154	0.1655	0.58673	1.55951	5.50517	0.00085	0.01004	-0.594	-0.33467	0	0	0	0	0	0	0.03483	2.00541	0.02527	0	1.98014	-0.57995	0	0	1.7379	0.4587	6.65711	240.284	7.71571
ALA_290	-4.15724	0.33202	2.80443	-0.02196	0	0	2.64307	4.85397	0.00354	0.01533	-2.46623	-0.32829	0	0	0	0	0	0	0.24654	0	0	0	0	0.31857	0	0	2.2619	0.3266	6.83224	135.063	17.9367
VAL_291	-7.30466	3.35833	2.82929	-0.26773	0.35304	0.05416	3.18033	6.25983	0.04435	0.169	-2.04812	-0.21597	0	0	0	0	0	0	-0.14944	1.59032	1.13926	0.45107	0	-1.32141	0	0	2.7371	-0.23354	10.6252	175.852	6.14812
TYR_292	-6.63783	13.7232	4.13326	-0.62191	0.06706	0.33953	3.3489	6.38056	0.00354	0.01533	-2.56215	-0.21571	0	0	0	0	0	0	-0.05995	3.01823	0.03062	0	2.98762	-0.11456	0	0	1.7379	-0.43833	25.1353	190.008	57.9923
ARG_293	-8.52171	2.21125	6.77573	-0.56225	0.33051	0.30484	4.67079	8.60173	0.01168	0.16218	-2.81747	0.07195	0	0	0	0	-0.90193	0	0.00621	6.80991	3.63017	3.17974	0	-0.40719	0	0	-0.1423	-0.37087	23.043	248.755	16.2447
VAL_294	-4.43264	0.51883	3.56285	-0.27203	0.36828	0.06297	2.79142	5.5031	0.02703	0.08827	-1.42957	-0.33173	0	0	0	0	0	0	-0.06783	1.75069	1.45752	0.29317	0	-0.83717	0	0	2.7371	-0.25645	11.5338	123.134	58.8655
PHE_295	-9.33903	3.95689	2.05998	-0.54836	0.48049	0.24679	2.98953	5.85374	0.00146	0.00579	-2.36446	-0.17941	0	0	0	0	0	0	0.02317	4.53259	0.50292	0	4.02967	-0.25996	0	0	1.9602	-0.0114	13.9406	236.23	0.76969
ASP_296	-4.74074	0.65752	6.41494	-0.26765	0.0763	0.87957	3.9869	7.56927	0.02106	0.06577	-4.35145	-0.79186	0	0	0	0	-0.2651	0	0.06018	6.53941	2.46776	0	4.07165	-0.93371	0	0	-1.6204	-0.22583	19.6136	133.548	51.4522
PHE_297	-9.84748	3.86468	3.3091	-0.58073	0.0511	0.26347	2.62046	7.65356	8e-05	0.0002	-1.77992	0.31045	0	0	0	0	0	0	0.43595	2.759	0	0	2.759	-0.16101	0	0	1.9602	-0.49921	13.1189	235.784	1.2163
GLU_298	-4.41037	0.32968	6.07455	-0.33128	0.14608	0.44966	3.61077	6.322	0	0	-3.31283	-0.32882	0	0	0	-1.04357	-0.66723	0	-0.21337	5.9653	0.29257	0	5.67273	-0.49524	0	0	-1.6358	-0.6431	15.7817	127.171	95.8286
ASP_299	-3.97702	1.07227	5.58642	-0.27082	0.09973	0.94625	2.27941	5.81385	0.08305	0.55195	-1.25363	-1.98304	0	0	0	0	0	0	-0.09521	3.20335	0.1196	0	3.08375	-0.76247	0	0	-1.6204	-0.52673	12.3503	139.237	45.7626
GLY_300	-2.09462	0.19288	2.90118	-7e-05	0	0	1.2974	3.58797	0	0	-1.0596	-0.36396	0	0	0	0	0	0	-0.31737	0	0	0	0	-2.49417	0	0	1.435	-0.88435	2.20031	124.417	39.5827
GLY_301	-4.63502	0.81622	4.03819	-0.00022	0	0	2.27654	5.87724	0.00149	0.00838	-2.2255	-0.22954	0	0	0	0	0	0	-0.19092	0	0	0	0	0.99323	0	0	1.435	-0.28745	7.87765	164	0
LYS_302	-5.41845	1.58292	6.85141	-0.47404	0.28375	0.25849	4.60401	7.91623	0	0	-4.74316	-0.13755	0	0	0	0	-0.2651	0	-0.01376	2.42976	0.0642	2.36555	0	0.07347	0	0	-0.8895	0.17465	14.6629	158.696	93.3036
LEU_303	-7.95459	3.76651	2.91192	-0.58423	0.80904	0.14451	3.28722	6.57615	0	0	-2.34078	0.28114	0	0	0	0	0	0	-0.02456	1.15836	0.14855	1.00981	0	-0.27472	0	0	1.3223	0.43571	10.6723	210	0
SER_304	-3.82589	0.55585	3.84472	-0.03417	0.00279	0.02334	3.02873	5.28986	0	0	-2.63782	-0.64426	0	0	0	0	0	0	0.01042	0.60845	0.02315	0.5853	0	0.76578	0	4.04	-0.539	0.65039	11.7476	121.301	40.6989
THR_305	-6.31479	16.0628	3.75028	-0.12716	0.14776	0.08736	3.37501	6.10519	0	0	-2.21501	-0.941	0	0	0	0	0	0	0.08287	0.46694	0.16112	0.30582	0	-0.44248	0	5.04201	-0.9333	-0.2897	24.3237	172.784	1.2163
GLU_306	-7.91911	30.8123	12.1355	-0.76032	1.05266	1.56635	7.34893	12.9313	0.04442	0.16927	-5.07787	-1.54897	0	0	0	0	-0.05613	0	0.06659	13.5997	5.32558	0	8.27414	0.12446	0	0	-1.6358	0.63394	77.0869	200.969	22.0308
PHE_307	-9.98765	3.90905	5.15721	-0.57489	1.05012	0.30827	4.00696	8.24894	0	0	-1.47027	-0.1387	0	0	0	0	0	0	0.00835	5.34936	0.42622	0	4.92314	-0.08978	0	0	1.9602	0.73305	23.8196	229.453	7.5468
LYS_308	-4.65068	6.34652	5.64226	-0.28155	0.05558	0.11441	3.40528	6.29762	7e-05	0.00028	-2.5324	-0.18991	0	0	0	0	0	0	0.40675	4.81103	1.90639	2.90464	0	0.05822	0	0	-0.8895	-0.55757	22.8475	137.563	114.437
TYR_309	-7.40324	1.26897	1.24853	-0.5963	0.05548	0.34817	1.7404	4.42706	0.02111	0.36594	-0.74354	-0.12004	0	0	0	0	0	0	0.00791	3.32217	0.79446	0	2.52772	-0.65517	0	0	1.7379	-0.47594	7.87157	219.921	28.0794
SER_310	-3.38978	2.51864	3.82129	-0.05426	0.02535	0.0776	2.58559	4.78318	0.07809	0.41267	-1.42926	-0.80077	0	0	0	0	0	0	0.38551	0.69371	0.06562	0.62809	0	-0.31912	0	4.04	-0.539	-0.36833	13.2148	112.586	49.4137
TYR_311	-6.72665	1.44955	1.8153	-0.60757	0.04555	0.36606	1.2637	3.81467	0.00085	0.01004	-1.25065	-0.11468	0	0	0	0	-0.709	0	-0.02764	3.86399	0.69897	0	3.16502	-0.38917	0	0	1.7379	-0.57185	7.83438	189.637	58.3634
GLU_312	-4.83889	8.96971	7.10914	-0.51796	1.13863	1.06055	3.52104	7.41772	0.04051	0.22997	-2.68927	-0.49618	0	0	0	0	0	0	-0.01604	21.9435	14.6433	0	7.30016	0.39254	0	0	-1.6358	1.31031	64.8829	143.554	79.446
GLY_313	-1.86088	0.2932	2.05216	-0.00024	0	0	0.65896	2.59012	0	0	0.50593	-0.29538	0	0	0	0	0	0	-0.51375	0	0	0	0	-2.24919	0	0	1.435	1.88642	4.50234	115.481	48.5188
SER_314	-4.20786	0.22332	3.61795	-0.04802	0.02748	0.06411	2.59369	5.02195	0.0356	0.14924	-2.54073	0.05193	0	0	0	0	0	0	-0.14655	0.57124	0.02366	0.54758	0	0.04406	0	4.04	-0.539	0.68559	10.2152	114.142	47.8582
HIS_315	-8.93031	8.01131	10.333	-0.5644	0.02183	0.41431	4.79591	12.3059	0.05643	0.18764	-3.06637	-0.8378	0	0	0	0	-0.45218	0	-0.09815	3.19116	0.08492	0	3.10624	0.10662	0	0	0.8406	0.34845	29.8551	185.299	55.701
ILE_316	-9.65384	5.60033	3.70385	-0.47959	1.5322	0.09177	3.16709	7.23272	0.03073	0.10147	-2.71808	0.33096	0	0	0	0	0	0	-0.02785	1.98747	1.04756	0.93991	0	-0.87875	0	0	1.8006	-0.40622	13.4023	207	0
LYS_317	-5.90878	5.53043	7.41257	-0.38521	0.2461	0.20976	5.11358	8.06244	0.13032	0.52628	-3.85954	0.26507	0	0	0	0	-0.10956	0	-0.1428	5.08396	1.26991	3.81405	0	0.57159	0	0	-0.8895	-0.09481	26.8459	155.891	96.1092
ALA_318	-4.81076	0.98329	2.18841	-0.02486	6e-05	0	2.64307	4.84708	0.01244	0.15109	-1.83351	-0.35091	0	0	0	0	0	0	-0.02796	0	0	0	0	0.98417	0	0	2.2619	0.52513	7.54865	150.454	2.54605
ASP_319	-4.91605	14.4952	6.85186	-0.19583	0.01295	0.6042	3.77074	7.50608	0.17947	0.82379	-3.22542	-0.67196	0	0	0	0	0	0	-0.15292	5.04783	0.12674	0	4.92109	0.01813	0	0	-1.6204	0.42995	34.0054	132.857	52.1425
MET_320	-10.5033	2.81887	4.92193	-0.23011	0.10216	0.10576	3.44906	7.55184	0.02075	0.06991	-1.69282	-0.54344	0	0	0	0	0	0	-0.04945	4.6424	1.39919	3.24321	0	0.40743	0	0	1.4633	0.59784	17.7745	261.488	0.512343
LYS_321	-7.91629	16.7102	10.6361	-1.3265	21.385	2.21657	6.24553	11.4315	0.09622	0.32402	-6.4766	1.17472	0	0	0	0	-0.05613	0	-0.09061	8.36355	0.97433	7.38922	0	0.47875	0	0	-0.8895	0.52382	71.1938	216.747	35.2532
LEU_322	-8.47241	19.012	2.33883	-0.50807	0.84324	0.12565	2.70598	6.11961	0.03657	0.34175	-2.25835	0.00579	0	0	0	0	0	0	-0.05995	6.95669	5.79877	1.15792	0	-0.14004	0	0	1.3223	-0.07327	35.2531	210	0
MET_323	-5.57205	1.70436	4.32488	-0.39875	0.24563	0.22252	3.54885	6.10233	0	0	-2.39317	-0.4563	0	0	0	0	0	0	-0.04938	6.45643	2.3378	4.11863	0	0.30217	0	0	1.4633	1.09453	23.0518	168.409	93.5909
GLY_324	-4.03728	1.61307	3.09029	-0.00079	0	0	2.48822	5.06666	0.00515	0.02402	-2.97217	-0.31723	0	0	0	0	0	0	-0.11271	0	0	0	0	1.42022	0	0	1.435	3.03954	10.742	162.062	1.9379
SER_325	-3.52924	0.25957	3.85225	-0.03996	0.00821	0.06039	2.86299	5.1518	0	0	-1.07824	-0.51241	0	0	0	0	0	0	0.01628	0.47553	0.42876	0.04677	0	-0.89711	0	4.04	-0.539	1.62845	12.235	108.306	53.6937
GLY_326	-2.33816	0.42155	2.00653	-5e-05	0	0	0.52359	2.8524	0.0538	0.28785	0.08975	-0.37715	0	0	0	0	0	0	-0.24805	0	0	0	0	-2.28524	0	0	1.435	-1.23496	1.18686	125.148	38.8518
PHE_327	-9.02525	1.51436	2.29583	-0.60157	0.05356	0.3051	2.0138	5.99358	0	0	-0.73867	0.12015	0.10145	0	0	-1.92385	0	0	-0.0556	3.26409	0.03668	0	3.22741	-0.05472	0	0	1.9602	1.78626	10.2728	234.729	2.27126
PRO_328	-4.40887	1.46858	4.45335	-0.12293	0.00471	0.08755	2.05479	4.69667	0.09017	0.46965	-1.96993	0.25946	0.1146	0	0	0	0	0	-0.2264	1.13434	0.9358	0.19853	0	-1.39732	0	0	-4.6787	2.22639	5.39044	153.652	45.3483
ASP_329	-2.41771	0.30787	2.93471	-0.11732	0.02762	0.36509	1.39548	3.53515	0.0659	0.38378	0.25375	-0.48913	0	0	0	0	0	0	-0.17352	4.26781	0.05087	0	4.21694	-0.03195	0	0	-1.6204	-0.29228	12.6627	75.0494	109.951
ASP_330	-2.3905	0.66015	2.52941	-0.26419	0.02733	0.90677	0.91654	3.33073	0	0	-0.25053	-2.07284	0	0	0	0	0	0	-0.12661	5.55773	0.57577	0	4.98196	-0.53614	0	0	-1.6204	-0.48646	11.7387	84.4955	100.504
GLY_331	-3.77678	0.43084	5.11039	-0.00029	0	0	2.60683	6.40619	0.00909	0.05384	-1.5727	-0.18275	0.90154	0	0	0	0	0	-0.13699	0	0	0	0	-0.1787	0	0	1.435	2.20891	13.3144	156.827	7.17281
PRO_332	-6.62138	1.46155	3.51381	-0.08943	0.00323	0.05484	1.98226	4.5918	0.00066	0.00193	-1.67448	0.75285	0.92937	0	0	0	0	0	-0.21122	2.3799	1.60399	0.77591	0	0.1573	0	0	-4.6787	2.88131	7.81551	184.137	14.8627
VAL_333	-7.07666	1.07323	2.16422	-0.30138	0.46855	0.06593	2.2544	5.22154	0	0	-1.33064	0.00169	0	0	0	0	0	0	0.04266	0.045	0.02585	0.01916	0	-0.69744	0	0	2.7371	0.81247	5.52567	181.488	0.512343
MET_334	-6.71008	0.36239	4.10002	-0.61742	0.22201	0.2139	1.49302	5.16876	0.08334	0.42632	-0.25828	0.08895	0	0	0	0	0	0	0.0257	3.03684	1.8869	1.14994	0	-0.1702	0	0	1.4633	0.63049	12.5959	232.161	29.8391
THR_335	-4.63562	1.02304	4.79928	-0.13817	0.1195	0.08904	2.73714	6.41918	0.0432	0.24087	-0.92372	0.02261	0	0	0	0	-0.52664	0	-0.10824	0.30084	0.26351	0.03734	0	-0.48758	0	5.0325	-0.9333	-0.30658	13.0682	109.749	64.2515
SER_336	-3.72718	1.36032	4.97172	-0.03825	0.0481	0.03028	2.43236	5.79493	0	0	-0.85701	-0.07346	0	0	0	0	0	0	0.03038	0.41429	0.18252	0.23177	0	0.13521	0	4.04	-0.539	1.57003	16.007	124.416	37.5844
GLN_337	-6.47943	1.40616	5.58899	-0.28898	0.04898	0.2491	3.18589	6.98241	0.0432	0.24087	-3.23751	-0.5713	0	0	0	0	-0.52664	0	-0.05011	3.98256	0.1244	0	3.85817	-0.24629	0	0	-0.1077	1.18883	15.3916	168.099	48.9013
ILE_338	-8.39599	2.00476	1.11147	-0.48934	1.28834	0.09452	1.59408	4.93988	0.00137	0.0094	0.27754	0.51744	0	0	0	0	0	0	-0.18503	1.09217	0.45303	0.63913	0	-0.60493	0	0	1.8006	-1.01549	5.13297	199.094	7.90595
VAL_339	-5.25849	1.88509	2.19988	-0.28909	0.32559	0.05502	1.57999	5.09995	0	0	-0.49081	-0.1134	0	0	0	0	0	0	-0.09103	0.37338	0.14878	0.2246	0	-0.26099	0	0	2.7371	0.21573	8.34129	111.163	70.8369
ASP_340	-5.71024	1.02207	6.26475	-0.10279	0.01314	0.29494	3.93681	7.9958	0.00745	0.03557	-2.54642	-1.24307	0	0	0	-0.73216	0	0	0.07123	3.23222	0.11089	0	3.12133	0.1656	0	0	-1.6204	2.56494	16.8817	124.16	60.8397
GLN_341	-8.29806	1.34311	6.51004	-0.85767	0.55262	1.38451	3.9019	8.54377	0	0	-3.92173	-0.71341	0	0	0	-1.62898	0	0	-0.01079	6.89697	0.36755	0	6.52943	-0.24	0	0	-0.1077	2.33071	22.5823	216.392	0.60815
ASP_342	-5.52538	0.88191	8.92839	-0.10298	0.0122	0.28752	4.34448	8.96046	0.10295	0.6054	-3.82921	-0.47409	0	0	0	0	-1.64788	0	0.0615	4.02823	0.11282	0	3.91541	0.08369	0	0	-1.6204	0.35783	19.4828	172.708	12.2921
GLY_343	-3.00995	0.45673	2.35439	-0.00035	0	0	0.84992	3.25754	0.02745	0.04852	-1.17549	-0.21121	0	0	0	0	0	0	0.57403	0	0	0	0	0.58904	0	0	1.435	0.47691	5.67254	158.06	5.93953
CYS_344	-5.44003	0.64249	3.59938	-0.05564	0	0.03802	2.68109	5.22771	0.02404	0.08751	-1.56647	-0.428	0	0	0	0	0	0	-0.02767	0.84144	0.1977	0.64374	0	-0.15595	0	0	4.3148	0.73502	11.3592	151.929	4.07088
VAL_345	-6.19711	1.68371	0.13357	-0.27441	0.399	0.06093	0.86372	3.59054	0.04417	0.31118	-0.16086	-0.18748	0	0	0	0	0	0	-0.0767	0.3813	0.07633	0.30496	0	-1.23694	0	0	2.7371	-0.37649	2.07651	172.718	9.28164
SER_346	-5.19473	1.56564	5.40755	-0.03345	0.00268	0.02216	3.53724	6.50646	0.05414	0.23236	-1.91534	-0.63527	0	0	0	0	0	0	0.10682	0.62304	0.07746	0.54558	0	0.26003	0	4.04	-0.539	-0.42675	14.2366	158.959	3.04075
LYS_347	-6.60574	2.19863	7.35398	-0.47891	0.32925	0.31697	4.53185	8.04913	0.14136	0.78778	-3.93885	-0.02893	0	0	0	-0.13406	-0.70573	0	-0.12868	4.08229	1.50798	2.57431	0	0.63336	0	0	-0.8895	0.30152	19.898	232.827	19.173
LYS_348	-8.78582	2.99998	8.32326	-0.40643	0.14073	0.34847	5.91412	9.4481	0.04431	0.17874	-1.65904	0.20099	0	0	0	0	0	0	0.02612	4.08646	0.71404	3.37242	0	0.4291	0	0	-0.8895	0.12975	24.6158	246.94	5.06005
THR_349	-5.98208	0.71384	3.97299	-0.10809	0.04939	0.06761	3.2205	6.15225	0.0449	0.18491	-3.17189	-0.53558	0	0	0	0	0	0	0.19979	1.71805	1.58493	0.13312	0	-0.70804	0	5.03349	-0.9333	-0.64132	10.9955	168.11	5.88989
TYR_350	-8.05897	1.40851	2.47667	-0.58623	0.04289	0.29009	1.92002	4.96413	0.05015	0.47339	-1.74799	-0.09837	0	0	0	-0.82908	0	0	-0.07999	2.8752	0	0	2.8752	-0.24315	0	0	1.7379	-0.885	6.58537	229.947	18.0535
LEU_351	-4.85519	1.34306	4.15738	-0.56346	0.88977	0.11611	2.59557	5.6839	0.03446	0.21989	-1.82365	0.32006	0	0	0	0	0	0	0.12374	1.48538	0.04145	1.44394	0	-0.00883	0	0	1.3223	-0.4222	12.1037	144.144	65.8561
ASN_352	-3.22337	1.31311	3.13811	-0.14618	0.01579	0.21555	1.16077	3.8735	0.04048	0.30882	-0.14543	-0.53121	0	0	0	-0.14537	0	0	0.02098	2.08992	0.0557	0	2.03422	1.36149	0	0	-0.3009	2.47203	13.608	86.9738	97.0262
ASN_353	-3.73419	0.51537	3.18475	-0.22514	0.86952	0.36853	2.04159	4.26322	0.05311	0.48115	-1.2449	-0.66758	0	0	0	-0.14537	0	0	-0.0923	6.5744	0.15569	0	6.41871	-0.43298	0	0	-0.3009	2.54574	20.6284	101.591	82.4094
ASN_354	-5.7968	0.44434	4.94598	-0.40557	0.0642	0.86647	3.28912	6.79382	0.02682	0.19776	-2.76415	-1.06105	0	0	0	-0.74808	0	0	-0.14676	4.30943	0.3686	0	3.94084	-1.15221	0	0	-0.3009	0.91276	13.7846	140.529	43.4713
THR_355	-7.02703	1.48673	5.0732	-0.17241	0.29395	0.05886	3.37843	7.60028	0.04943	0.43013	-2.11922	-0.45486	0	0	0	0	0	0	0.02825	0.52738	0.05439	0.47299	0	-0.2775	0	5.0362	-0.9333	0.94038	14.4463	169.584	4.41644
ILE_356	-9.01926	2.56727	2.51284	-0.47332	1.37078	0.09025	3.1641	6.26769	0	0	-2.53151	0.20868	0	0	0	0	0	0	-0.13034	1.75984	1.01423	0.74561	0	-1.16073	0	0	1.8006	-0.39554	7.79118	204.951	2.04937
VAL_357	-6.5385	2.6369	3.5787	-0.34205	1.15455	0.07466	3.36735	6.6208	0	0	-2.8298	-0.57594	0	0	0	0	0	0	0.05513	1.68238	0.12823	1.55415	0	-1.06453	0	0	2.7371	-0.72468	11.5145	165.858	16.1423
ASP_358	-7.02517	3.62719	9.23791	-0.23481	0.4267	0.92619	5.09787	10.1092	0.04898	0.64447	-5.71463	-0.83413	0	0	0	0	-0.53647	0	-0.03278	5.62318	2.25154	0	3.37164	0.7701	0	0	-1.6204	-0.05675	26.0798	181.316	3.68418
SER_359	-4.27701	0.60591	5.1985	-0.05079	0.01299	0.07326	3.01052	6.0941	0.0653	0.49687	-1.38765	-0.6077	0	0	0	0	0	0	0.00447	0.8173	0.39107	0.42623	0	-0.51901	0	4.04	-0.539	0.03526	13.8906	146.918	15.082
PHE_360	-8.59382	2.36423	3.82881	-0.86183	0.07435	0.53498	2.88575	6.53232	0.00092	0.0039	-2.1541	-0.20856	0	0	0	0	0	0	0.07586	2.24341	0.01749	0	2.22591	-0.20431	0	0	1.9602	0.51771	11.2432	222.446	14.5539
ASP_361	-4.39106	0.4579	7.41935	-0.11581	0.01874	0.34354	4.18478	7.7196	0.04448	0.31187	-4.71339	-0.48301	0	0	0	-0.01682	-0.94245	0	0.05373	5.25061	0.00377	0	5.24685	-1.06453	0	0	-1.6204	0.52344	18.2312	162.405	22.5951
TRP_362	-10.1155	1.48007	4.58948	-0.98835	0.09424	0.26999	3.34067	7.63616	0	0	-2.14743	-0.58545	0	0	0	0	0	0	-0.04226	3.96097	0.00682	0	3.95415	-0.60486	0	0	3.7077	-0.91237	13.644	260.278	9.72245
SER_363	-5.11842	0.42443	5.95193	-0.05087	0.00447	0.07533	2.98912	6.81978	0.0266	0.38063	-1.87191	-0.37358	0	0	0	0	-0.70585	0	0.07405	3.58389	0.62155	2.96234	0	-0.24209	0	4.04	-0.539	0.072	19.1244	161.553	0.446804
TYR_364	-10.9713	3.51504	5.08345	-0.49981	0.04754	0.19991	5.05693	9.01354	0.07166	0.4539	-2.2074	-0.06566	0	0	0	0	0	0	-0.0203	3.07158	0.13885	0	2.93273	-0.25851	0	0	1.7379	0.64608	17.9462	246.498	1.50176
ASN_365	-7.36835	0.94552	7.5007	-0.19715	0.01486	0.29179	4.23805	9.88274	0	0	-3.98731	-0.61307	0	0	0	0	-0.68258	0	-0.02455	5.05809	0.5855	0	4.47259	0.75414	0	0	-0.3009	-0.05462	20.5154	146.951	37.0495
LEU_366	-9.13963	1.07287	4.41298	-0.48157	0.73535	0.09043	2.23749	7.78521	0.00656	0.03037	-2.01213	0.27569	0	0	0	0	0	0	0.10614	1.37571	0.84295	0.53276	0	-0.44479	0	0	1.3223	0.07035	8.81905	201.45	8.54996
GLN_367	-2.95713	1.57671	2.60585	-0.90027	1.03299	0.89828	1.41815	3.74724	0	0	-0.09183	0.04387	0	0	0	0	0	0	-0.10378	7.69458	0.61555	0	7.07903	-0.15495	0	0	-0.1077	0.38627	22.7829	84.6177	132.382
ASN_368	-3.76622	1.00312	3.58706	-0.34227	0.13711	0.57342	1.5322	4.43252	0	0	-0.72051	-0.74925	0	0	0	-0.8916	0	0	-0.12782	5.35079	1.40148	0	3.94931	-0.46435	0	0	-0.3009	0.79135	15.3954	96.8984	87.1016
GLY_369	-1.86076	0.44184	2.63928	-6e-05	0	0	1.28866	3.29445	0.05288	0.26881	-1.22064	-0.38527	0	0	0	0	0	0	-0.3143	0	0	0	0	-2.47396	0	0	1.435	-0.42163	2.74429	95.1012	68.8988
LYS_370	-4.22342	0.96563	4.53585	-0.35997	0.13965	0.17711	2.30846	5.21035	0.00656	0.03037	-1.84616	0.6195	0	0	0	-0.8916	0	0	-0.04984	2.84285	0.1783	2.66455	0	0.78603	0	0	-0.8895	0.61041	12.8151	98.137	153.863
ARG_371	-7.29944	1.21062	7.67896	-0.67326	0.77773	0.42563	2.6749	8.34008	0.17901	1.15212	-2.22694	-0.04768	0	0	0	0	-0.9653	0	0.03274	5.71675	2.60263	3.11412	0	-0.25997	0	0	-0.1423	1.17108	23.4615	225.755	39.2448
TYR_372	-9.70385	3.06784	5.20435	-0.72972	0.19655	0.16478	3.489	7.65275	0.02913	0.2613	-1.73189	-0.42718	0	0	0	0	0	0	-0.01065	3.81629	0.05765	0	3.75863	-0.24905	0	0	1.7379	0.63836	17.2222	245.443	2.55691
ARG_373	-6.28396	0.59042	7.07208	-0.85353	1.14053	0.76542	3.82958	7.8801	0.09997	0.51522	-4.72001	0.41318	0	0	0	-1.04357	-0.66723	0	-0.01776	8.24434	5.07151	3.17283	0	-0.0887	0	0	-0.1423	0.83004	25.8082	167.318	97.6822
ALA_374	-5.31562	2.58049	2.16572	-0.02356	2e-05	0	2.38205	5.44833	0	0	-1.73635	-0.43125	0	0	0	0	0	0	-0.0441	0	0	0	0	-0.24193	0	0	2.2619	0.22647	7.27217	152.278	0.721597
ARG_375	-7.27159	2.69875	10.1189	-0.80195	0.47292	0.37084	5.42554	11.0708	0.04589	0.30502	-6.39129	0.63539	0	0	0	0	-0.92395	0	-0.07974	4.54532	1.65259	2.89273	0	0.0779	0	0	-0.1423	0.15361	24.8554	198.882	66.1178
VAL_376	-8.24826	2.60926	2.26172	-0.25079	0.38632	0.04725	2.88686	6.54348	0.00856	0.10818	-2.20881	-0.11753	0	0	0	0	0	0	-0.14988	2.6915	1.79305	0.89845	0	-1.06045	0	0	2.7371	-0.41736	10.5186	182	0
SER_377	-3.57807	1.25179	3.88397	-0.06669	0.025	0.09193	2.9531	5.00105	0.00597	0.0225	-2.33359	-0.92952	0	0	0	0	0	0	-0.04128	1.56799	0.09533	1.47265	0	0.47267	0	4.04	-0.539	-0.23607	13.1597	119.985	42.0151
SER_378	-6.46232	2.53833	6.77326	-0.03243	0.01023	0.02419	4.27067	8.11193	0	0	-2.41159	-0.74532	0	0	0	0	-0.27756	0	-0.01696	1.94346	1.1907	0.75276	0	0.14933	0	4.04	-0.539	0.04628	19.366	162	0
HIS_379	-5.61556	2.2127	4.10847	-0.4323	0.16242	0.46466	3.0867	6.18702	0.00819	0.02366	-2.38423	-0.13503	0	0	0	0	0	0	-0.05766	5.95878	0.12162	0	5.83716	-0.49566	0	0	0.8406	0.00462	19.8962	163.522	77.4785
TYR_380	-11.0917	4.68281	4.87562	-0.67159	0.14196	0.41771	4.28575	8.78795	0.02722	0.12562	-4.74313	-0.2274	0	0	0	0	-1.16084	0	-0.13757	4.10808	1.12222	0	2.98586	-0.17832	0	0	1.7379	0.34793	15.4361	246.213	1.78722
ILE_381	-5.63353	0.62032	3.78426	-0.4973	1.30942	0.10649	2.71642	5.80671	0.00819	0.02366	-2.02066	0.07128	0	0	0	0	0	0	-0.11338	2.94052	2.49029	0.45023	0	-1.09394	0	0	1.8006	-0.18137	12.5882	150.498	56.5025
PHE_382	-10.5369	3.57248	2.90999	-0.5844	1.12411	0.29532	2.90021	6.96609	0.01541	0.13057	-2.51517	0.17934	0	0	0	-0.74808	0	0	0.14133	3.83243	0.03989	0	3.79253	-0.51349	0	0	1.9602	-0.83495	12.1269	231.051	5.94885
ASP_383	-2.63934	0.11523	3.99237	-0.11723	0.00735	0.35402	1.37944	4.39317	0.03912	0.33784	-1.20856	-0.37235	0	0	0	0	0	0	-0.06872	4.52263	1.37087	0	3.15176	-0.28286	0	0	-1.6204	-0.69964	12.6547	79.7627	105.237
LYS_384	-3.21067	0.78617	3.99508	-0.34312	0.06749	0.15236	1.7483	4.09809	0.05257	0.47474	-1.14436	0.03279	0.03	0	0	0	0	0	0.0123	3.15065	0.24095	2.9097	0	0.242	0	0	-0.8895	2.42709	14.8326	127.88	124.12
PRO_385	-2.88609	0.65987	1.51834	-0.18292	0.01585	0.13157	0.49597	1.81321	0	0	-0.72529	0.12086	0.03964	0	0	0	0	0	0.14244	2.06865	1.39808	0.67057	0	-1.57428	0	0	-4.6787	2.21284	1.24061	111.158	87.8424
PHE_386	-8.05739	3.28	1.43156	-0.57654	0.15086	0.30191	1.52224	4.47054	0.0021	0.01184	-1.43923	0.27244	0	0	0	0	0	0	0.05172	3.98598	0.63297	0	3.35302	-0.26538	0	0	1.9602	-0.74311	10.3457	209.525	27.4755
SER_387	-3.43534	0.78341	3.88632	-0.04813	0.02139	0.07082	2.06422	4.75674	0	0	-0.542	-0.86359	0	0	0	0	0	0	0.15374	0.39553	0.00325	0.39228	0	-0.46014	0	4.04	-0.539	-0.75662	9.92288	90.5216	71.4784
ALA_388	-2.7994	0.47864	2.70449	-0.022	0	0	1.23666	3.79144	0	0	0.05729	-0.34479	0	0	0	0	0	0	-0.06321	0	0	0	0	-0.2881	0	0	2.2619	-0.73113	6.28178	80.8853	72.1147
ASP_389	-3.42974	0.33648	4.26021	-0.11285	0.02505	0.34656	1.88065	4.94409	0	0	-1.19777	-0.20979	0	0	0	0	0	0	0.0454	3.03349	0.14945	0	2.88404	-0.00756	0	0	-1.6204	-0.3383	10.989	86.2893	98.7107
LEU_390	-6.33213	1.31833	4.55889	-0.72598	0.81896	0.31438	3.02188	6.19999	0	1e-05	-0.02578	0.12355	0	0	0	0	0	0	-0.0854	2.11299	0.76021	1.35278	0	-0.4388	0	0	1.3223	-0.16337	14.1328	160.645	49.3547
MET_391	-7.78034	1.55058	4.90418	-0.34724	0.11421	0.13278	2.40747	6.84503	0	0	-1.44933	-0.11305	0	0	0	-0.1169	0	0	-0.05653	3.75667	1.3909	2.36577	0	0.14624	0	0	1.4633	0.23334	15.4471	224.123	37.8773
LYS_392	-3.78069	0.55881	4.56653	-0.30905	0.04829	0.14943	2.23845	5.06929	0	0	-1.96941	-0.08966	0	0	0	0	0	0	-0.0587	2.8778	0.32658	2.55123	0	-0.19953	0	0	-0.8895	-0.29252	10.7973	93.6864	158.314
LYS_393	-4.94631	0.74934	5.37514	-0.52683	0.46141	0.29824	3.50704	6.15628	0.05015	0.4734	-3.15205	-0.15805	0	0	0	0	0	0	0.30019	6.03976	2.04147	3.99829	0	0.28386	0	0	-0.8895	0.4677	20.5295	161.92	90.0801
GLN_394	-6.63778	2.84031	5.28955	-0.44235	0.25743	0.35484	2.35647	6.69489	0.04839	0.34882	-1.80052	-0.90219	0.28071	0	0	-0.94598	0	0	0	4.0965	0.11376	0	3.98274	0.13347	0	0	-0.1077	3.97952	19.9409	181.344	35.6563
PRO_395	-5.67303	2.75012	2.98213	-0.13752	0.00027	0.09471	0.90721	3.39836	0	0	-0.31679	0.29711	0.34599	0	0	0	0	0	-0.0127	1.66279	0.81593	0.84686	0	-1.56911	0	0	-4.6787	2.74748	4.46111	190	8.99961
VAL_396	-6.7951	1.77565	2.41067	-0.25947	0.23229	0.05217	2.909	5.76847	0	0	-2.63606	-0.26347	0	0	0	0	0	0	-0.15148	0.74679	0.34264	0.40415	0	-1.31248	0	0	2.7371	-0.79799	5.16287	179.693	2.30672
PHE_397	-10.1018	2.27436	2.75306	-0.60478	0.06129	0.32851	3.29361	7.33318	0	0	-3.52227	0.23711	0	0	0	0	0	0	0.01323	2.773	0.1571	0	2.6159	-0.59526	0	0	1.9602	-0.90063	8.07581	236.553	0.446804
VAL_398	-8.57663	2.06367	3.68924	-0.26332	0.28037	0.05473	3.35725	8.16524	0.00055	0.00146	-1.44385	-0.41165	0	0	0	0	0	0	0.17895	2.22639	1.94456	0.28183	0	-0.50735	0	0	2.7371	0.15644	13.935	182	0
TYR_399	-11.1569	1.32417	5.37068	-0.8565	0.14654	0.15556	4.26975	9.63891	0.01081	0.09254	-2.8738	-0.44558	0	0	0	0	0	0	-0.09847	3.48645	0.29058	0	3.19586	-0.15306	0	0	1.7379	0.11915	14.2546	245.729	2.27126
ARG_400	-10.0497	4.00133	9.8251	-0.6151	0.29893	0.39578	5.65746	11.7122	0.01292	0.0964	-2.79535	-0.14275	0	0	0	0	-0.70876	0	-0.01772	4.5957	1.37757	3.21812	0	-0.37937	0	0	-0.1423	-0.78893	25.5515	252.575	12.4249
LYS_401	-6.5993	0.36781	7.75967	-0.61093	0.58873	0.2409	3.92062	8.45906	0.13745	0.45932	-3.94164	0.34551	0	0	0	-0.45137	0	0	-0.03945	3.57891	0.49009	3.08882	0	0.21751	0	0	-0.8895	-0.30166	16.8205	202.387	49.6131
CYS_402	-5.90396	0.87599	2.39232	-0.04447	0.00134	0.01801	0.99086	3.75203	0.09078	0.35847	-0.4351	-0.30405	0	0	0	-0.44545	0	0	0.05921	1.09905	0.19421	0.90484	0	0.13997	0	0	4.3148	0.07358	8.13242	152.823	3.17727
HIS_403	-5.8284	2.84307	5.42118	-0.43095	0.02131	0.50554	2.75868	6.80574	0.0368	0.18355	-2.29145	-0.26217	0	0	0	0	0	0	-0.11422	3.18825	0.0312	0	3.15705	-0.23	0	0	0.8406	0.01208	16.6479	159.783	81.2166
VAL_404	-6.17011	3.62005	0.26998	-0.25722	0.47946	0.04889	1.07589	3.75797	0.00625	0.01781	-0.56772	-0.02503	0	0	0	0	0	0	-0.09699	1.23902	0.0145	1.22452	0	-0.82844	0	0	2.7371	-0.26936	6.27658	158.48	23.52
LYS_405	-3.19052	1.18854	3.10274	-0.54648	1.96368	0.32619	2.38489	3.98842	0	0	-1.99729	-0.26778	0	0	0	0	0	0	-0.03114	4.97851	0.60828	4.37023	0	0.18689	0	0	-0.8895	-0.06618	16.1095	89.7573	162.243
ALA_406	-3.42273	2.97746	-0.01739	-0.01846	0	0	0.72214	2.40594	0	0	-0.55838	-0.33873	0	0	0	0	0	0	-0.02369	0	0	0	0	-0.75012	0	0	2.2619	0.26166	3.4996	118.109	34.8912
THR_407	-3.94498	0.83328	4.74165	-0.11469	0.12866	0.07115	3.32383	5.73969	0	0	-0.93444	-0.65925	0	0	0	0	0	0	-0.04985	0.41109	0.01451	0.39659	0	-0.99304	0	5.03211	-0.9333	0.43791	13.5009	88.4856	85.5144
LYS_408	-4.04427	0.46446	4.41001	-0.57691	1.14434	0.36761	2.48014	5.24527	0.13631	0.73717	-2.22872	0.11464	0	0	0	0	0	0	-0.12922	3.30865	0.37586	2.93279	0	0.01866	0	0	-0.8895	0.50244	14.3697	151.097	100.903
THR_409	-4.49233	1.06097	3.59427	-0.12174	0.09532	0.06102	2.2875	5.1	0	0	-1.38078	-0.02127	0	0	0	0	0	0	0.10327	0.35468	0.00461	0.35007	0	-1.04652	0	5.03488	-0.9333	0.45054	10.5012	117.964	56.036
GLU_410	-6.06495	1.31619	6.70234	-0.28072	0.11247	0.29483	4.18261	7.82054	0.0317	0.23065	-2.89121	-0.29615	0	0	0	0	0	0	0.02014	4.92184	0.00823	0	4.91362	-0.09994	0	0	-1.6358	0.51192	19.7983	162.181	60.8193
VAL_411	-7.23	6.60518	2.08795	-0.26236	0.34679	0.05245	3.09699	6.16975	0	0	-2.62971	-0.22395	0	0	0	0	0	0	-0.14972	0.75133	0.20322	0.54811	0	-1.21671	0	0	2.7371	-0.15368	10.7327	182	0
THR_412	-5.69004	1.37826	4.58917	-0.17968	0.2921	0.06437	3.80721	6.67004	0.04237	0.27694	-2.145	-0.48617	0	0	0	0	0	0	-0.09377	0.54306	0.29836	0.2447	0	-0.26485	0	5.04205	-0.9333	-0.31764	13.1381	141.042	32.958
LEU_413	-8.82565	3.18414	3.06124	-0.6125	0.48686	0.15746	3.28763	6.92708	0	0	-2.72105	0.31409	0	0	0	0	0	0	0.05579	1.99784	0.82768	1.17016	0	-0.24782	0	0	1.3223	-0.15124	10.234	208.718	1.28203
ASP_414	-5.78223	3.07441	6.79197	-0.23494	0.13416	0.76765	4.55211	8.2309	0.04219	0.29996	-4.35372	-1.27694	0	0	0	0	-1.51017	0	-0.0668	3.39618	0.81691	0	2.57928	-0.78824	0	0	-1.6204	-0.2187	14.8336	142.059	42.9413
GLU_415	-7.26146	1.17835	7.22587	-0.28695	0.12079	0.30286	3.88824	8.09289	0.04212	0.31088	-2.22708	-0.19268	0	0	0	0	0	0	-0.0663	4.90848	0.07514	0	4.83333	0.33089	0	0	-1.6358	-0.15107	19.4885	214.324	8.67564
ARG_416	-6.44164	1.16788	6.90774	-0.87053	1.09548	0.54517	4.0584	7.61158	0.07438	0.52795	-4.82288	-0.00015	0	0	0	0	-1.51017	0	0.03802	5.10864	1.14196	3.96668	0	-0.04381	0	0	-0.1423	-0.36464	18.0477	153.775	111.225
GLU_417	-7.41612	1.26018	7.15982	-0.21183	0.1089	0.32815	3.78693	8.05307	0.05917	0.50796	-0.44292	-0.42244	0	0	0	0	-0.70876	0	-0.00084	7.32886	2.08775	0	5.2411	-0.14451	0	0	-1.6358	-0.32777	24.6109	215.578	7.42192
LYS_418	-4.83525	0.38996	4.36465	-0.6288	1.21098	0.26596	2.7818	5.3922	0	0	-2.12279	0.30735	0	0	0	0	0	0	-0.09059	3.07698	0.59905	2.47793	0	0.22975	0	0	-0.8895	1.61745	14.1471	142.548	109.452
ALA_419	-4.71497	1.50426	0.86455	-0.02219	0	0	1.12551	3.43938	0	0	-0.76836	-0.21201	0	0	0	0	0	0	0.00674	0	0	0	0	0.16357	0	0	2.2619	1.59319	5.24158	149.711	3.28898
PHE_420	-9.47579	1.98255	1.78008	-0.98327	0.14167	0.63974	2.38152	6.05431	0	0	-1.87202	-0.12459	0	0	0	0	0	0	0.02708	2.2281	0.07278	0	2.15532	-0.21721	0	0	1.9602	0.47817	7.22865	223.932	13.0683
TYR_421	-6.07468	1.02714	3.0371	-0.57648	0.04813	0.30003	1.62547	4.53745	0.07143	0.2947	-0.96241	-0.20839	0	0	0	0	-0.67166	0	0.13801	2.8704	0.05045	0	2.81995	-0.10703	0	0	1.7379	0.72896	10.6865	198.22	49.7798
GLU_422	-3.49021	0.38592	1.66761	-0.35347	0.1444	0.46811	0.34414	2.66401	0.07143	0.2947	-0.09444	-0.48589	0	0	0	0	0	0	0.15503	4.53142	0.17723	0	4.35419	0.36632	0	0	-1.6358	0.92527	10.49	106.362	116.638
LEU_423	-5.63492	1.68772	0.77932	-0.52068	0.9141	0.24359	1.03958	2.54672	0	0	-0.45225	0.29553	0	0	0	0	0	0	0	1.88935	0.60405	1.2853	0	0	0	0	1.3223	0.77146	6.77116	107.463	102.537