label	fa_atr	fa_rep	fa_sol	fa_intra_atr_xover4	fa_intra_rep_xover4	fa_intra_sol_xover4	lk_ball	lk_ball_iso	lk_ball_bridge	lk_ball_bridge_uncpl	fa_elec	fa_intra_elec	pro_close	hbond_sr_bb	hbond_lr_bb	hbond_bb_sc	hbond_sc	dslf_fa13	omega	fa_dun	fa_dun_dev	fa_dun_rot	fa_dun_semi	p_aa_pp	yhh_planarity	hxl_tors	ref	rama_prepro	total	BSA	SASA
ASP_1	-1.52799	0.4424	2.11543	-0.17015	0.0434	0.54668	0.36917	2.53848	0.00872	0.03645	-0.72428	0.0777	0	0	0	0	0	0	-0.03746	4.15034	0.48863	0	3.6617	0	0	0	-1.6204	0	10.3988	3.73641	181.264
LEU_2	-5.44239	0.99364	1.45409	-0.51851	0.54368	0.10834	0.47402	3.61036	0.00872	0.03645	0.05112	0.34375	0	0	0	0	0	0	0.13139	1.39545	0.6877	0.70775	0	-0.32056	0	0	1.3223	-0.42372	5.1636	168.384	41.6163
ALA_3	-4.41103	1.08598	2.88733	-0.02493	0.00012	0	1.8658	5.0687	0	0	-0.80375	-0.21761	0.01506	0	0	0	0	0	-0.11022	0	0	0	0	-0.01902	0	0	2.2619	1.55924	9.15757	146.85	6.15047
PRO_4	-2.21044	1.17129	1.90895	-0.0719	0.00038	0.04493	1.2506	2.41722	0.00136	0.02101	-0.42068	0.63379	0.04636	0	0	0	0	0	-0.11028	0.99778	0.74959	0.24819	0	0.05709	0	0	-4.6787	2.43309	4.48963	76.7006	122.299
ALA_5	-3.59807	0.88133	1.39102	-0.02507	0.00165	0	1.02604	3.13087	0.01329	0.08202	0.20034	-0.4081	0	0	0	0	0	0	0.60749	0	0	0	0	-0.15597	0	0	2.2619	0.03211	5.44087	138.654	14.3456
LEU_6	-8.59813	1.81713	3.35014	-0.56203	1.95639	0.16972	2.97229	7.21658	0	0	-2.02115	0.17263	0	0	0	0	0	0	1.17047	0.43709	0.27199	0.1651	0	-0.25535	0	0	1.3223	-0.87287	8.7123	210	0
GLN_7	-3.55915	0.54535	3.95969	-0.86278	0.23139	0.91445	2.35546	5.15252	0	0	-1.22172	-0.65629	0	0	0	0	0	0	-0.08244	4.33837	0.2968	0	4.04157	-0.00591	0	0	-0.1077	0.00314	15.3427	97.0362	119.964
ALA_8	-3.1922	0.79883	1.70672	-0.02415	0.00015	0	1.14238	3.3535	0.00136	0.02101	-0.152	-0.39004	0	0	0	0	0	0	-0.00734	0	0	0	0	-0.19032	0	0	2.2619	-0.15945	5.17034	119.355	33.6453
LEU_9	-7.78719	1.29208	0.94467	-0.57647	2.49314	0.17552	2.60455	5.0014	0.0354	0.13327	-1.93133	0.16544	0	0	0	0	0	0	-0.1345	0.73901	0.54102	0.19798	0	-0.13979	0	0	1.3223	-0.89242	4.18409	210	0
SER_10	-4.46887	1.86823	4.86317	-0.03555	0.00415	0.03721	3.07768	6.03655	0.06806	0.44251	-1.06897	-0.38078	0.09596	0	0	0	0	0	0.48114	0.49582	0.00498	0.49084	0	0.19926	0	4.04	-0.539	3.58383	19.2962	130.478	31.522
PRO_11	-4.77736	2.19767	3.07365	-0.0832	0.00108	0.04915	2.14464	4.04967	0	0	-1.1197	0.60205	0.11376	0	0	-0.89236	0	0	0.40862	1.94846	1.32708	0.62138	0	-0.92562	0	0	-4.6787	4.08673	8.14701	139.304	59.6962
LEU_12	-8.01946	1.08672	1.74269	-0.53659	1.42133	0.12729	2.73295	5.53523	0.12662	0.85626	-1.94492	-0.03259	0	0	0	-0.57868	0	0	-0.00911	4.91759	0.95581	3.96178	0	-0.4288	0	0	1.3223	-0.04755	13.1889	208.975	1.02469
LEU_13	-5.63927	1.01996	2.41856	-0.48706	0.90792	0.08776	1.6964	5.03713	0.10346	0.57579	-1.28068	0.35958	0	0	0	0	0	0	0.1859	1.36165	0.2418	1.11985	0	-0.1577	0	0	1.3223	-0.47304	8.4003	153.077	56.9231
GLY_14	-2.8408	0.24798	3.57673	-0.00087	0	0	2.66703	4.71292	0	0	-1.99168	-0.29231	0	0	0	0	0	0	-0.03687	0	0	0	0	-2.52969	0	0	1.435	0.58467	5.53212	133.09	30.9104
SER_15	-3.84092	0.59028	3.16301	-0.03412	0.00284	0.0232	1.91099	4.37753	0.02678	0.15323	-1.96396	-0.65888	0	0	0	0	0	0	0.24626	0.60428	0.05127	0.55301	0	0.39104	0	4.04	-0.539	0.82986	9.92669	108.261	53.7394
TRP_16	-13.5474	2.1245	5.95693	-0.77458	0.11927	0.39575	3.94757	10.9439	0	0	-3.8002	-0.30517	0	0	0	-0.57868	0	0	0.03391	2.00444	0.04475	0	1.95969	-0.12659	0	0	3.7077	-0.05853	12.0472	270	0
ALA_17	-4.48749	0.57261	3.37548	-0.02333	0	0	2.75045	5.46266	0.06975	0.40422	-2.25816	-0.40621	0	0	0	0	0	0	-0.01	0	0	0	0	-0.38615	0	0	2.2619	-0.05913	7.2666	124.237	28.7631
GLY_18	-3.38383	1.39308	3.10598	-0.00119	0	0	2.46892	4.56094	0	0	-2.59175	-0.31321	0	0	0	0	0	0	4.68565	0	0	0	0	-2.44235	0	0	1.435	2.0224	10.9396	138.488	25.5116
ARG_19	-5.66102	0.80383	4.84997	-0.46548	0.15727	0.2242	3.40732	6.56465	0	0	-3.82193	0.52753	0	0	0	0	-0.57591	0	-0.05279	4.57962	1.43963	3.13999	0	-0.3129	0	0	-0.1423	2.29394	16.9556	127.405	137.595
GLY_20	-4.24957	0.83726	3.20182	-0.00112	0	0	2.65742	5.14098	0	0	-2.38585	-0.29168	0	0	0	0	0	0	-0.16762	0	0	0	0	-1.14286	0	0	1.435	1.23095	6.26474	151.654	12.3463
ALA_21	-3.83329	1.36804	3.00824	-0.02173	0	0	2.74232	5.04407	0	0	-2.19876	-0.39793	0	0	0	0	0	0	0.25845	0	0	0	0	-0.80099	0	0	2.2619	0.76702	8.19734	101.044	51.9559
GLY_22	-4.02244	1.55674	2.73704	-0.00097	0	0	2.37734	4.62912	0	0	-2.77591	-0.33313	0	0	0	0	0	0	-0.08677	0	0	0	0	1.14641	0	0	1.435	1.62939	8.29182	164	0
LYS_23	-4.59015	17.11	3.61721	-0.48455	0.32983	0.31887	2.1469	4.62406	0.07317	0.41665	-1.48363	-0.25768	0	0	0	0	0	0	0.42216	5.18016	2.5032	2.67696	0	0.3556	0	0	-0.8895	2.46232	34.5315	114.791	137.209
TYR_24	-10.8954	2.85664	4.97132	-0.5362	0.30384	0.01785	3.67625	8.06096	0.06864	0.6306	0.26718	-0.42171	0.06976	0	0	0	0	0	0.70182	6.14647	1.85898	0	4.28749	-0.31868	0	0	1.7379	3.82566	27.3094	238.262	9.73777
PRO_25	-3.91358	1.3986	1.81176	-0.07277	0	0.04493	0.63866	1.80853	0	0	0.28765	0.57791	0.08806	0	0	0	0	0	1.07175	0.67054	0.17257	0.49797	0	-1.08762	0	0	-4.6787	3.47159	2.78786	116.839	82.1609
THR_26	-3.34609	0.7348	1.84443	-0.134	0.10621	0.07222	0.95478	2.97638	0	0	0.05704	0.09861	0	0	0	0	0	0	-0.08669	0.61643	0.60309	0.01334	0	-0.59647	0	5.04038	-0.9333	-0.0976	7.92355	105.472	68.5276
ILE_27	-4.98753	0.60981	3.05229	-0.53453	1.23095	0.12831	1.71755	4.65791	0	0	-0.12506	-0.05677	0	0	0	0	0	0	0.38833	1.18294	0.5589	0.62404	0	0.2278	0	0	1.8006	-0.15834	10.3172	130.581	76.4192
ARG_28	-1.92986	0.34927	1.84218	-0.41102	0.1261	0.19943	0.51589	2.19228	0	0	0.14651	0.48693	0.57504	0	0	0	0	0	0.20029	12.7725	9.70819	3.06428	0	-0.17546	0	0	-0.1423	2.73595	32.2562	42.5564	222.444
PRO_29	-2.45089	0.48235	1.17495	-0.11442	0	0.08278	0.54736	1.53647	0	0	-0.68469	0.31878	0.60216	0	0	0	0	0	-0.07218	0.21275	0.03543	0.17732	0	-2.03058	0	0	-4.6787	2.50472	-2.35638	90.08	108.92
PHE_30	-5.73928	0.51348	2.47673	-0.95449	0.21017	0.5011	2.54248	5.23158	0	0	-2.26495	-0.27455	0	0	0	0	0	0	0.08748	2.34371	0.07306	0	2.27065	-0.9496	0	0	1.9602	0.20895	8.2367	156.285	80.7148
GLU_31	-4.40614	1.24605	3.27149	-0.21063	0.04481	0.30437	1.72112	4.58215	0	0	-2.18817	-0.40773	0	0	0	0	-0.57591	0	0.59473	4.67674	0.07144	0	4.6053	0.21769	0	0	-1.6358	0.33271	12.2442	137.367	85.633
TYR_32	-11.2034	1.76664	5.19424	-0.9742	0.14857	0.65023	3.95555	9.71597	0	0	-2.50407	-0.32542	0	0	0	0	0	0	0.95416	2.17855	0.14025	0	2.03829	-0.31208	0	0	1.7379	0.31088	13.4721	245.691	2.30907
LEU_33	-7.7517	1.70373	4.85394	-0.48333	0.92851	0.09152	3.28687	7.28209	0	0	-2.80222	0.26713	0	0	0	0	0	0	1.13529	0.62266	0.03632	0.58635	0	-0.60805	0	0	1.3223	-0.27091	10.2005	158.747	51.2531
GLU_34	-8.35056	1.73392	7.26006	-0.28599	0.11924	0.32387	4.48316	9.16985	0.0298	0.3221	-3.63122	-0.24777	0	0	0	0	-0.71036	0	0.1602	4.49746	0.45766	0	4.0398	-0.17081	0	0	-1.6358	-0.19816	17.3665	221.176	1.82445
GLU_35	-4.31462	0.61712	4.29077	-0.19894	0.0268	0.25387	3.03683	5.44742	0	0	-2.81096	-0.54674	0	0	0	0	0	0	-0.0591	6.49346	1.61486	0	4.8786	0.22409	0	0	-1.6358	0.32364	17.6413	132.189	90.8112
VAL_36	-7.21008	2.22001	2.68256	-0.26146	0.32154	0.05528	3.31727	6.02174	0	0	-2.7855	-0.13075	0	0	0	0	0	0	1.66732	3.55488	2.67773	0.87715	0	-0.99303	0	0	2.7371	-0.18519	14.5665	178.318	3.68221
VAL_37	-4.91347	0.82925	3.2922	-0.25943	0.24196	0.05291	2.88928	5.70384	0.01042	0.04973	-2.09419	-0.24376	0	0	0	0	0	0	0.91279	0.44256	0.04593	0.39664	0	-1.21747	0	0	2.7371	-0.61514	8.26114	113.903	68.0971
PHE_38	-8.74209	1.46056	2.04458	-0.52471	0.03714	0.21834	2.70987	5.7558	0.12662	0.85626	-2.68053	-0.00106	0	0	0	0	0	0	-0.00991	3.24588	0.44299	0	2.80289	-0.12652	0	0	1.9602	-0.63961	8.93668	231.117	5.88331
ALA_39	-3.92297	0.59252	3.10459	-0.01493	0	0	2.58152	5.10865	0	0	-1.74401	-0.27751	0	0	0	0	0	0	0.0538	0	0	0	0	0.21275	0	0	2.2619	1.51123	9.46755	105.846	47.1544
HIS_40	-6.05333	0.48904	3.39436	-0.8457	0.05133	1.01409	1.7747	5.78926	0	0	-1.06677	-0.81606	0	0	0	-0.85676	0	0	-0.02392	3.42893	0.41558	0	3.01336	-0.53811	0	0	0.8406	2.03913	12.0497	190.935	50.0647
VAL_41	-2.43415	0.23197	1.11818	-0.30801	0.2507	0.07362	0.5033	2.34577	0.05328	0.20985	0.43417	-0.6244	0	0	0	0	0	0	0.0805	0.19562	0.01284	0.18277	0	0.2772	0	0	2.7371	1.29388	6.6342	69.2973	112.703
GLY_42	-2.18226	0.20849	2.00485	-5e-05	0	0	1.2257	2.80102	0.00063	0.00319	-0.93427	-0.37753	0	0	0	-0.85676	0	0	-0.36295	0	0	0	0	-2.4358	0	0	1.435	0.09041	0.61967	126.308	37.6917
LYS_43	-4.03383	1.59268	2.91538	-0.30278	0.12042	0.12999	1.81917	4.07922	0.04467	0.15419	-0.11085	0.01257	0.46536	0	0	0	0	0	0.07896	5.40886	2.95921	2.44966	0	-0.03196	0	0	-0.8895	2.11414	18.9755	123.101	128.899
PRO_44	-3.67823	0.83804	1.19666	-0.10925	0.15275	0.07456	1.23273	2.21317	0	0	-0.97232	0.30229	0.49265	0	0	0	0	0	0.88797	1.96951	0.58899	1.38052	0	-1.68928	0	0	-4.6787	4.9774	5.17946	146.224	52.7761
PHE_45	-7.47363	1.68299	2.4221	-1.00245	0.23089	0.66974	1.81085	5.17524	0.00924	0.05885	-1.20579	-0.12062	0	0	0	0	0	0	1.92796	2.24983	0.02066	0	2.22917	-0.3365	0	0	1.9602	1.94749	12.2562	195.639	41.3608
LEU_46	-8.10652	1.87211	2.91762	-0.49089	0.86681	0.09899	3.00846	6.22292	0	0	-2.61924	0.24767	0	0	0	0	0	0	2.06631	0.93851	0.12686	0.81165	0	-0.6025	0	0	1.3223	-0.29877	8.38229	210	0
THR_47	-5.26512	1.15359	3.89708	-0.14508	0.13431	0.09752	3.18432	6.17561	0	0	-1.98965	-1.15829	0	0	0	0	0	0	0.28506	1.01325	0.09486	0.91839	0	0.22732	0	5.04204	-0.9333	-0.39275	12.3392	135.024	38.9763
TYR_48	-8.66746	2.40246	4.47198	-0.85032	0.06331	0.22076	3.57972	7.74218	0.06515	0.57146	-3.65911	-0.49277	0	0	0	0	-0.77744	0	0.64878	4.32661	1.67283	0	2.65379	-0.44321	0	0	1.7379	0.61847	15.8851	243.515	4.4855
THR_49	-4.35734	1.31596	3.90021	-0.13408	0.05563	0.10013	3.13281	5.53859	0.01042	0.04973	-2.1436	-0.86765	0	0	0	0	0	0	-0.00221	1.35666	0.29426	1.0624	0	-0.23171	0	5.02297	-0.9333	0.61923	13.7891	106.561	67.4389
GLN_50	-8.68453	3.02204	7.72778	-0.71822	0.5838	0.78737	4.05013	9.38204	0.03264	0.37982	-1.70002	-0.376	0	0	0	0	0	0	1.44782	19.5135	13.6832	0	5.83024	0.05585	0	0	-0.1077	-0.00878	54.901	208.211	8.78909
GLN_51	-5.70689	0.69064	5.92022	-0.58295	0.13125	0.34871	3.55836	7.42727	0.07186	0.26663	-3.24376	-0.16538	0	0	0	0	0	0	0.26717	4.82646	0.04424	0	4.78222	0.2222	0	0	-0.1077	-0.0496	18.701	130.963	86.0371
THR_52	-7.53297	1.60904	6.05487	-0.12281	0.11052	0.08093	4.21524	8.15591	0.00881	0.12472	-4.18631	-0.86489	0	0	0	0	0	0	0.19757	0.38986	0.16893	0.22093	0	-0.48295	0	5.04393	-0.9333	-0.32649	11.9316	168.077	5.9232
ARG_53	-8.46936	1.0036	6.82762	-0.79107	0.65444	0.56146	3.17363	8.53502	0	0	-2.67722	0.00803	0	0	0	0	0	0	0.28876	4.71143	1.32491	3.38651	0	-0.13692	0	0	-0.1423	-0.27533	17.9832	171.484	93.516
ALA_54	-5.46625	1.85371	4.40475	-0.02482	0	0	3.70776	7.23741	0.00567	0.04033	-1.62303	-0.21935	0	0	0	0	0	0	-0.0435	0	0	0	0	-0.04733	0	0	2.2619	-0.86404	11.2232	147.619	5.38078
VAL_55	-4.51023	0.46055	1.48712	-0.30873	0.33172	0.0706	0.64516	3.90381	0	0	0.69249	-0.17256	0	0	0	0	0	0	0.40466	0.52912	0.2189	0.31022	0	-0.31096	0	0	2.7371	-0.79471	5.69426	123.207	58.7925
ALA_56	-1.45496	0.13953	1.35204	-0.01978	0	0	0.27368	2.10941	0	0	0.67555	-0.2882	0	0	0	0	0	0	0.26727	0	0	0	0	0.37943	0	0	2.2619	1.30664	7.0025	49.2682	103.732
ASP_57	-2.72158	0.22174	4.34533	-0.15871	0.01971	0.54761	2.13881	4.94352	0.00567	0.04033	-1.74157	-2.49868	0	0	0	-0.56627	0	0	0.24089	9.28036	3.55693	0	5.72343	0.46558	0	0	-1.6204	2.38735	24.6101	75.7908	109.209
GLY_58	-3.35856	0.51468	3.00909	-6e-05	0	0	1.77738	4.03023	0	0	-0.4424	-0.37704	0	0	0	0	0	0	0.45982	0	0	0	0	-2.48575	0	0	1.435	0.83249	5.39488	134.454	29.5459
LYS_59	-5.13495	2.32485	6.05399	-0.60118	0.29954	0.53094	3.79418	7.14442	0	0	-2.69423	0.01465	1.7737	0	0	-0.56627	0	0	1.62199	6.74506	1.05759	5.68748	0	0.1208	0	0	-0.8895	2.18992	29.473	127.313	124.687
PRO_60	-2.97655	0.68044	1.53136	-0.09921	0.0182	0.07587	0.6045	2.01818	0	0	-0.13859	0.2834	1.82925	0	0	0	0	0	1.28123	7.61222	7.52068	0.09154	0	-1.51408	0	0	-4.6787	3.68941	17.8291	87.9993	111.001
LEU_61	-5.36716	0.42533	3.31644	-0.4546	0.97581	0.08323	1.55475	5.09231	0.09265	0.35151	-0.28342	0.26668	0	0	0	0	0	0	0.10984	0.44456	0.14906	0.29551	0	0.81842	0	0	1.3223	4.14509	13.3383	138.15	71.8504
HIS_62	-6.41293	40.0737	7.27222	-0.47548	0.00925	0.31378	3.62947	8.81917	0.02683	0.14276	-1.67355	-0.92517	0	0	0	0	0	0	0.41841	5.59623	0.37144	0	5.22479	-0.18739	0	0	0.8406	3.10144	66.1656	189.023	51.9768
SER_63	-5.43508	2.15054	5.00586	-0.0386	0.01122	0.05637	2.14161	6.08716	0.00604	0.05788	-0.28541	-0.46256	0	0	0	0	0	0	0.20981	0.93694	0.84637	0.09057	0	-0.87195	0	4.04	-0.539	-0.17153	13.8363	140.327	21.6726
GLU_64	-8.28596	2.17844	9.28849	-0.32044	0.12065	0.40799	5.46064	10.2205	0.04078	0.41754	-6.30111	-0.38746	0	0	0	0	-2.20502	0	0.38882	5.2247	0.86511	0	4.35959	0.08539	0	0	-1.6358	-0.01878	19.9041	211.664	11.3355
THR_65	-4.24822	1.1314	3.01587	-0.2311	0.3087	0.09493	2.9276	4.91498	0	0	-2.47574	-0.44769	0	0	0	0	0	0	0.2164	0.64148	0.14364	0.49785	0	0.36022	0	4.99128	-0.9333	0.95552	11.8638	110.245	63.7549
GLY_66	-3.83942	1.05081	2.86762	-0.00129	0	0	2.3273	4.73979	0	0	-2.53212	-0.35057	0	0	0	0	0	0	4.13784	0	0	0	0	-2.51995	0	0	1.435	2.97263	10.2877	154.233	9.76695
TYR_67	-6.28865	1.01652	3.60252	-0.64598	0.06939	0.39719	3.18496	5.99712	0	0	-2.54122	-0.15893	0	0	0	0	0	0	0.78724	3.56951	0.44437	0	3.12513	-0.26573	0	0	1.7379	2.45028	16.4816	145.909	102.091
LEU_68	-6.8856	1.12663	2.26975	-0.53756	0.36908	0.14168	2.76382	5.4784	0.00113	0.00304	-2.01766	0.14406	0	0	0	0	0	0	0.17982	4.02733	2.98232	1.04501	0	-0.32681	0	0	1.3223	0.48058	12.5673	202.31	7.68985
ARG_69	-5.99166	1.26901	5.99306	-0.88806	0.209	0.56189	4.12138	7.06719	4e-05	0.0001	-4.62803	0.28314	0	0	0	0	-0.99453	0	0.80708	6.81196	2.73114	4.08082	0	-0.08223	0	0	-0.1423	-0.04175	21.1672	159.163	105.837
VAL_70	-6.6144	1.32643	1.81373	-0.27037	0.20519	0.05845	2.27908	5.41664	0.00113	0.00304	-0.33673	-0.27624	0	0	0	0	0	0	-0.10425	0.78317	0.56869	0.21449	0	-0.75007	0	0	2.7371	-0.63629	6.41879	180.784	1.2163
CYS_71	-4.31849	11.0754	2.75138	-0.02773	0.01711	0.00857	0.79863	3.17321	4e-05	0.0001	0.92459	-0.28192	0	0	0	0	0	0	0.52062	11.2623	10.3396	0.92263	0	0.62221	0	0	4.3148	2.35342	44.4565	107.867	48.1333
ARG_72	-3.35421	1.77981	3.39383	-0.45461	0.25075	0.25507	1.56415	4.28694	0	0	-0.35677	-0.06621	0.09613	0	0	0	0	0	-0.01552	4.15362	1.14399	3.00963	0	-0.30883	0	0	-0.1423	5.20735	20.4428	68.4353	196.565
PRO_73	-2.85377	0.66534	1.01995	-0.10303	0.00276	0.07569	0.61439	1.73844	0	0	0.1028	0.32425	0.13153	0	0	0	0	0	1.21954	0.41325	0.31637	0.09688	0	-1.54265	0	0	-4.6787	3.34018	0.88323	99.3836	99.6164
GLY_74	-3.08086	0.81695	2.74022	-7e-05	0	0	2.30202	4.14838	0.00014	0.00064	-1.00011	-0.37965	0	0	0	0	0	0	-0.38776	0	0	0	0	-2.50969	0	0	1.435	0.16505	4.25025	143.775	20.2254
CYS_75	-5.53532	9.65209	3.85483	-0.06444	7e-05	0.04468	2.94735	5.57973	0	0	-1.69011	-0.43342	0	0	0	0	0	0	0.10188	1.99465	0.721	1.27366	0	0.32317	0	0	4.3148	-0.89746	22.1871	119.825	36.1754
VAL_76	-7.58301	1.35815	1.88663	-0.29684	0.30112	0.06215	2.78394	6.0362	0	0	-2.03351	-0.49044	0	0	0	0	0	0	0.61846	5.272	4.19562	1.07638	0	-0.78432	0	0	2.7371	-0.63546	14.5042	182	0
GLU_77	-6.07523	0.6782	5.48596	-0.21197	0.06491	0.37301	3.88423	6.71867	0.0015	0.00396	-4.18464	-0.52018	0	0	0	0	-0.99453	0	-0.12296	5.93251	1.68584	0	4.24667	0.48216	0	0	-1.6358	0.33906	16.1514	181.534	41.4659
LEU_78	-8.10031	2.51647	3.20801	-0.62281	0.54249	0.17199	3.26089	6.58373	0.00085	0.0031	-2.48295	0.29373	0	0	0	0	0	0	0.38222	0.96141	0.23657	0.72484	0	-0.61148	0	0	1.3223	0.47643	8.86749	204.362	5.63813
VAL_79	-5.43843	1.11282	3.34712	-0.26888	0.2392	0.057	2.96627	5.62767	0.0015	0.00396	-2.74242	-0.4698	0	0	0	0	0	0	0.58007	0.8559	0.62112	0.23478	0	-1.11224	0	0	2.7371	-0.45215	7.90057	138.086	43.9141
LEU_80	-8.72706	2.21175	4.28733	-0.47386	0.64583	0.08382	2.85149	7.46634	0.00085	0.0031	-2.7768	0.06814	0	0	0	0	0	0	1.21493	1.02975	0.0993	0.93045	0	0.24207	0	0	1.3223	-0.20178	10.278	208.11	1.89
ALA_81	-3.39618	0.13739	2.76392	-0.02485	0.00071	0	2.52761	4.43294	0	0	-2.63288	-0.31351	0	0	0	0	0	0	0.03919	0	0	0	0	0.34634	0	0	2.2619	0.24752	6.39008	102.512	50.4881
HIS_82	-8.12607	47.3025	7.70058	-0.3928	0.00276	0.47273	4.72356	9.40838	4e-05	0.00013	-2.30325	0.10279	0.37853	0	0	0	0	0	0.31443	3.41159	0.12875	0	3.28284	-0.11027	0	0	0.8406	2.88419	70.022	220.36	20.6404
PRO_83	-3.05274	1.4242	2.18112	-0.09652	0.00886	0.06123	1.01836	2.16293	0	0	0.5983	0.65023	0.39332	0	0	0	0	0	0.94547	0.68525	0.093	0.59224	0	-0.57051	0	0	-4.6787	2.93187	5.34791	90.2465	108.754
SER_84	-2.77453	0.52754	2.49441	-0.04445	0.03577	0.0507	1.05249	3.18134	0.0927	0.5898	0.3951	-0.17623	0	0	0	0	0	0	-0.06419	1.08708	0.76398	0.3231	0	-0.3775	0	4.04	-0.539	0.79271	11.4508	99.1036	62.8964
GLY_85	-2.95841	0.75991	2.63676	-5e-05	0	0	2.20825	4.15893	0	0	-2.11232	-0.36882	0	0	0	0	0	0	0.29722	0	0	0	0	-2.42777	0	0	1.435	0.8688	4.4975	131.27	32.7298
ILE_86	-7.08351	1.54566	3.4676	-0.47751	1.165	0.09434	3.09456	6.46418	0.05944	0.31441	-1.12043	-0.0091	0	0	0	0	0	0	2.0518	0.84579	0.15044	0.69535	0	-0.84917	0	0	1.8006	0.14091	12.3504	188.964	18.036
THR_87	-4.2191	0.64892	3.91911	-0.12787	0.06378	0.08915	3.48761	5.60889	0.00046	0.02043	-2.14296	-0.80844	0	0	0	0	0	0	2.0285	0.39459	0.11463	0.27996	0	-0.38672	0	5.02483	-0.9333	-0.3235	12.739	97.6795	76.3205
GLU_88	-7.91718	9.42184	9.08553	-0.29588	0.06869	0.38347	5.6097	9.90333	0.02832	0.28237	-3.36636	-0.33002	0	0	0	0	-1.2755	0	3.91216	4.68957	0.88813	0	3.80144	-0.169	0	0	-1.6358	0.41072	33.4955	223	0
ILE_89	-6.51359	1.81335	3.92887	-0.4895	1.24626	0.10294	3.09475	6.35278	0	0	-2.7791	-0.03584	0	0	0	0	0	0	0.19724	0.61857	0.24108	0.37749	0	-1.10743	0	0	1.8006	0.38436	9.23282	151.91	55.0898
GLU_90	-10.9508	3.79309	12.0463	-0.21398	0.12656	0.25918	5.66939	13.4526	0.02066	0.18078	-2.44226	-0.60895	0	0	0	0	-0.00027	0	0.23803	7.63849	3.18702	0	4.45147	0.2251	0	0	-1.6358	-0.28572	35.151	223	0
VAL_91	-6.24243	1.2119	3.60688	-0.24943	0.28633	0.04768	3.22844	6.61576	0.00504	0.06484	-2.12679	-0.21538	0	0	0	0	0	0	0.64175	1.07949	0.04103	1.03846	0	-0.95758	0	0	2.7371	-0.35844	10.4547	155.164	26.8358
GLY_92	-3.77466	1.62909	3.01751	-0.00122	0	0	2.45581	4.85137	0	0	-2.3639	-0.3235	0	0	0	0	0	0	3.00208	0	0	0	0	-2.48024	0	0	1.435	1.18247	8.62981	154.52	9.47953
THR_93	-3.86078	0.67968	3.41678	-0.11245	0.0557	0.07438	2.78618	4.96059	0.0233	0.19428	-2.57812	-0.73791	0	0	0	0	0	0	0.51776	0.79165	0.56999	0.22165	0	-0.31793	0	5.02028	-0.9333	1.20701	11.9788	102.975	71.0246
TYR_94	-8.3752	2.17827	1.7642	-1.01541	0.19329	0.62849	2.18308	5.55051	0.01343	0.08266	-1.06996	-0.32181	0	0	0	0	0	0	-0.00801	2.91701	0.6762	0	2.24081	-0.80684	0	0	1.7379	0.0133	8.58191	228.069	19.9312
SER_95	-2.86224	0.21169	3.36469	-0.03327	0.00416	0.03731	2.39491	4.31834	0.00073	0.0028	-1.63905	-0.18946	0	0	0	0	0	0	0.12786	3.06445	1.57647	1.48798	0	-0.27348	0	4.04	-0.539	0.17759	15.2725	105.56	56.4397
VAL_96	-3.38753	1.59325	0.83945	-0.27754	0.37649	0.06298	0.82289	2.81019	0	0	-0.49299	-0.17922	0	0	0	0	0	0	0.99915	1.12759	0.76691	0.36068	0	-1.21331	0	0	2.7371	-0.56937	6.37669	118.747	63.2531
THR_97	-2.67968	0.18835	3.46612	-0.1832	0.11053	0.07676	2.23971	4.29058	0.00073	0.0028	-1.88296	-0.7838	0	0	0	0	0	0	0.06152	0.77115	0.34991	0.42123	0	0.37158	0	5.0154	-0.9333	1.2551	12.1585	75.5657	98.4343
GLY_98	-1.62166	0.41873	1.96121	-0.00017	0	0	0.60618	2.74018	0	0	0.46615	-0.28736	0	0	0	0	0	0	-0.50684	0	0	0	0	-2.16638	0	0	1.435	2.14833	5.19337	93.0159	70.9841
ASP_99	-2.1753	0.16336	2.63629	-0.12246	0.08978	0.38676	1.56392	3.44134	0.03703	0.13115	-0.86864	-0.44715	0	0	0	0	0	0	0.36761	4.33326	0.34557	0	3.98769	-0.81376	0	0	-1.6204	0.27065	11.7067	64.3552	120.645
VAL_100	-6.57994	1.57322	4.77881	-0.27925	0.42449	0.06118	3.06797	7.49954	0	0	-2.39355	-0.09459	0	0	0	0	0	0	1.25106	0.34274	0.01805	0.32469	0	-1.11025	0	0	2.7371	-0.62011	11.0012	159.192	22.8075
ILE_101	-7.94806	2.41463	2.72405	-0.47887	0.77106	0.10533	3.32733	6.14056	0.03703	0.13115	-2.81105	0.04226	0	0	0	0	0	0	0.35177	1.11287	0.51232	0.60055	0	-1.27054	0	0	1.8006	-1.02738	6.53561	203.156	3.84375
GLU_102	-4.46653	1.07891	4.12127	-0.21263	0.09453	0.35153	2.84239	5.3461	0.00195	0.00683	-2.69652	-0.49989	0	0	0	0	0	0	-0.12541	5.54486	0.38694	0	5.15792	0.58934	0	0	-1.6358	-0.41756	15.4682	158.3	64.7
LEU_103	-7.58037	1.6653	2.25367	-0.44911	0.10211	0.12572	2.97218	5.59859	0	0	-2.2993	-0.06692	0	0	0	0	0	0	0.03601	4.31788	1.80701	2.51087	0	-0.21362	0	0	1.3223	0.02872	12.131	206.414	3.5864
GLU_104	-4.17321	1.16802	5.62603	-0.37708	0.17067	0.68336	3.4315	6.56289	0.0233	0.19428	-2.32247	-0.79133	0	0	0	0	0	0	-0.08273	4.76684	0.05256	0	4.71427	0.43275	0	0	-1.6358	0.32881	18.7727	137.017	85.9834
LEU_105	-8.60608	1.83886	4.04051	-0.48281	0.35387	0.12286	3.01212	7.23417	0	0	-2.32434	-6e-05	0	0	0	0	0	0	0.07839	3.59865	1.3935	2.20515	0	0.46068	0	0	1.3223	0.73941	14.9872	204.937	5.06319
SER_106	-6.87017	1.4151	8.06155	-0.03422	0.01904	0.04557	5.07069	9.85516	0.0223	0.18092	-2.17936	0.01239	0	0	0	0	0	0	0.98686	1.152	0.04985	1.10215	0	-0.6831	0	4.04	-0.539	0.63639	22.3441	149.794	12.2063
THR_107	-7.95533	1.72658	6.20264	-0.12968	0.0957	0.06353	3.86937	8.88246	0.11981	0.77429	-1.75971	-0.37387	0	0	0	-0.62268	0	0	0.15407	0.24442	0.00697	0.23744	0	0.25441	0	5.04101	-0.9333	0.47792	16.376	167.694	6.30643
ARG_108	-4.82769	0.96506	5.29926	-0.89392	0.75241	0.63242	3.18078	6.02288	0.0223	0.18092	-2.51635	0.37274	0	0	0	0	-1.62446	0	-0.01595	8.33277	6.33036	2.00242	0	-0.12295	0	0	-0.1423	-0.256	23.6947	133.651	131.349
ALA_109	-3.05249	1.04817	2.79364	-0.02959	0.00804	0	1.85517	4.34155	0.00504	0.06484	-0.19284	-0.50049	0	0	0	0	0	0	0.05663	0	0	0	0	0.0181	0	0	2.2619	1.2502	9.92788	101.726	51.2738
ASP_110	-1.56671	0.2426	1.73406	-0.25472	0.09521	0.8477	0.4705	2.36509	0.0077	0.13655	-0.6229	-0.20857	0	0	0	0	0	0	0.35358	3.65583	0.31342	0	3.34241	-0.26419	0	0	-1.6204	2.61355	11.6407	56.8723	128.128
GLY_111	-3.21823	0.73551	2.51774	-0.00034	0	0	1.59971	3.93846	0.0077	0.13655	-0.29864	-0.17358	0	0	0	0	0	0	2.97717	0	0	0	0	-1.65884	0	0	1.435	1.04879	9.04699	146.972	17.0282
SER_112	-3.80141	0.77641	4.30687	-0.0359	0.0542	0.05335	2.93672	5.2011	0.00046	0.02043	-1.93601	0.13046	0	0	0	0	0	0	1.87983	4.42147	2.82133	1.60014	0	-0.69729	0	4.04	-0.539	0.02456	21.2577	105.775	56.2251
ILE_113	-6.37052	3.38816	0.84473	-0.47712	0.77539	0.09633	0.98934	4.24571	0	0	-0.4679	0.01541	0	0	0	0	0	0	1.31766	1.35419	0.8542	0.49999	0	-0.89995	0	0	1.8006	-0.20209	7.76414	176.249	30.7507
GLY_114	-3.17844	0.69854	3.38772	-0.00072	0	0	3.03407	4.71192	0	0	-1.56381	-0.31878	0	0	0	0	0	0	0.15538	0	0	0	0	1.61788	0	0	1.435	1.92539	11.9041	138.167	25.8331
LEU_115	-4.93984	0.61554	0.5397	-0.49564	0.55895	0.11977	1.39498	3.22882	0	0	-0.67763	-0.01828	0	0	0	0	0	0	1.94095	1.3368	0.04906	1.28774	0	-0.28449	0	0	1.3223	2.17003	8.14877	153.229	56.7714
ALA_116	-3.28919	0.74859	2.70336	-0.02236	0	0	2.33085	4.66299	0.06549	0.3947	-1.71745	-0.1216	0.0018	0	0	0	0	0	0.08025	0	0	0	0	-0.19604	0	0	2.2619	2.4535	10.3568	116.188	36.8117
PRO_117	-1.53475	0.50428	0.80609	-0.06809	0	0.04206	0.47049	1.24717	0	0	0.50918	0.57343	0.06446	0	0	0	0	0	0.00076	0.29611	0.03865	0.25746	0	-0.48859	0	0	-4.6787	2.88988	0.92987	52.1704	146.83
THR_118	-1.53851	0.30618	1.44222	-0.13213	0.09257	0.07769	0.43384	2.11384	0	0	0.05249	0.0008	0	0	0	0	0	0	-0.11512	0.02192	0.00726	0.01465	0	-0.50057	0	5.02519	-0.9333	0.20802	6.57702	29.782	144.218
ALA_119	-3.78424	0.19961	1.67759	-0.02179	0	0	1.59007	4.25484	0.06549	0.3947	-0.59327	-0.18351	0	0	0	0	0	0	0.47509	0	0	0	0	-0.11712	0	0	2.2619	-0.91326	5.30609	137.841	15.1589
LYS_120	-2.52897	0.15001	1.7306	-0.39063	0.20597	0.23022	1.23949	2.81665	0.03435	0.29608	-1.06971	0.63674	0	0	0	0	0	0	1.01213	3.32872	0.1817	3.14702	0	0.12224	0	0	-0.8895	-0.80501	9.44809	81.8344	170.166
GLU_121	-3.46269	0.24868	2.20587	-0.46252	0.19143	1.35321	1.71313	3.91244	0.00179	0.00522	-1.907	-1.7553	0	0	0	0	0	0	1.87522	7.12541	0.97123	0	6.15418	0.34692	0	0	-1.6358	0.86138	17.7428	119.828	103.172
VAL_122	-6.56182	1.27508	0.4558	-0.2758	0.38612	0.05468	1.6792	4.37037	0.00109	0.02069	-0.65769	0.07856	0	0	0	0	0	0	-0.14789	0.20099	0.00585	0.19515	0	-0.83414	0	0	2.7371	0.56797	3.55131	165.851	16.1494
THR_123	-4.24947	1.67253	3.45822	-0.1229	0.07511	0.0658	1.88647	4.92386	0.04819	0.36176	-1.39838	-0.00534	0	0	0	0	-0.50236	0	3.81895	0.17346	0.02243	0.15104	0	-1.15314	0	5.01513	-0.9333	-0.48671	12.8213	114.18	59.8203
ALA_124	-5.82939	1.72013	3.22271	-0.0231	0	0	2.79475	6.21258	0.01018	0.06118	-1.5399	-0.42176	0	0	0	0	0	0	-0.02435	0	0	0	0	-0.81998	0	0	2.2619	0.00389	7.62883	153	0
LEU_125	-7.89309	1.43623	4.7278	-0.44896	0.48435	0.09487	3.56505	7.40025	0	0	-2.58094	-0.08909	0	0	0	-0.62268	0	0	0.53932	1.74653	0.43357	1.31296	0	-0.18175	0	0	1.3223	0.23608	11.4828	197.444	12.5559
ASP_126	-6.34735	1.44894	8.64223	-0.10588	0.0027	0.31069	5.28508	9.66304	0.08359	0.47893	-5.71882	0.17852	0	0	0	0	-1.62446	0	-0.05921	4.61711	0.13211	0	4.485	1.75951	0	0	-1.6204	0.66673	22.2781	160.826	24.1742
ARG_127	-9.60369	1.12501	10.4708	-0.49786	0.60806	0.27882	6.91904	11.7438	0.05605	0.43027	-6.31766	0.07507	0	0	0	0	-2.70335	0	0.44586	6.56701	2.88181	3.68521	0	-0.05033	0	0	-0.1423	0.18937	26.161	254.621	10.3795
SER_128	-4.01499	0.81254	5.1578	-0.03868	0.01119	0.05553	3.83872	6.1513	0.06167	0.41451	-2.65208	0.02194	0	0	0	0	0	0	-0.17083	0.5893	0.03924	0.55005	0	0.53101	0	4.04	-0.539	0.17639	15.0356	122.938	39.0624
TYR_129	-7.53411	2.16137	3.70264	-0.56118	0.04388	0.25529	3.62455	6.1203	0	0	-2.16908	-0.17314	0	0	0	0	0	0	0.12402	2.65791	0.16254	0	2.49537	-0.48525	0	0	1.7379	-0.08101	12.082	228.434	19.5661
ARG_130	-6.08938	1.03627	5.62303	-0.66342	0.33223	0.40985	3.37244	7.13454	0.01758	0.12384	-3.47507	0.22323	0	0	0	0	-0.01308	0	0.89289	4.10698	0.42908	3.67791	0	-0.12501	0	0	-0.1423	-0.31447	16.5571	155.32	109.68
ILE_131	-7.94782	1.67843	3.11749	-0.58378	2.15773	0.15661	3.28857	6.27895	0	0	-2.56279	-0.06502	0	0	0	0	0	0	-0.0371	5.87393	1.66044	4.21349	0	-1.1362	0	0	1.8006	-0.26998	17.6235	206.488	0.512343
ASP_132	-4.61643	0.39208	5.09578	-0.23321	0.10987	0.76479	2.98479	6.32503	0.01495	0.11252	-2.61259	-1.21353	0	0	0	0	-0.01308	0	-0.02195	2.96635	0.2996	0	2.66675	-0.87723	0	0	-1.6204	-0.37654	10.1476	124.55	60.45
GLY_133	-2.2978	0.14734	3.26466	-0.00019	0	0	2.11439	4.12406	0	0	-0.90983	-0.3209	0	0	0	-0.3202	0	0	-0.34073	0	0	0	0	-2.21915	0	0	1.435	0.72733	5.40398	126.172	37.8282
ASP_134	-4.14873	0.76094	4.3071	-0.12465	0.07444	0.39277	2.4982	5.15233	0.00706	0.02689	-2.90622	-0.04818	0	0	0	0	-0.45447	0	-0.13535	3.20439	0.00508	0	3.19931	-0.76882	0	0	-1.6204	0.20287	9.62455	96.3648	88.6352
GLU_135	-5.47759	0.42933	5.31965	-0.28426	0.04701	0.28695	3.50265	6.7744	0.00187	0.05357	-2.97992	-0.30478	0	0	0	0	-0.11285	0	0.49904	6.99844	2.25955	0	4.73889	0.56638	0	0	-1.6358	-0.39603	20.2865	151.219	71.7805
LEU_136	-8.02759	1.72831	3.07324	-0.66942	2.6754	0.2773	2.86326	6.03799	0.00705	0.02684	-2.62783	0.01782	0	0	0	0	0	0	0.03615	2.31591	0.5607	1.7552	0	-0.37326	0	0	1.3223	0.01341	11.0128	207.438	2.56172
SER_137	-4.51181	1.09192	4.10509	-0.04151	0.00562	0.06074	3.20347	5.57582	0.00255	0.05806	-2.78197	-0.36238	0	0	0	0	0	0	-0.00712	1.06173	0.40943	0.6523	0	-0.29181	0	4.04	-0.539	-0.17344	11.5577	138.914	23.0861
TYR_138	-8.66678	2.97239	4.2425	-1.04485	0.55597	0.64718	4.10894	7.92249	0.01138	0.11992	-3.29125	-0.29922	0	0	0	0	-0.71036	0	1.01658	2.32773	0.01985	0	2.30789	-0.45715	0	0	1.7379	-0.06617	13.4549	228.66	19.3403
SER_139	-3.55853	0.29628	3.51346	-0.06935	0.05542	0.09487	2.7774	4.74494	0.06167	0.41451	-2.36039	-1.11606	0	0	0	0	0	0	-0.03073	2.50183	1.05639	1.44545	0	0.37062	0	4.04	-0.539	0.10074	13.7995	122.709	39.2909
LEU_140	-7.66148	1.67019	4.43838	-0.66748	2.89371	0.28294	3.743	7.01656	0.03456	0.21393	-3.62457	-0.03363	0	0	0	0	0	0	0.3657	2.18591	0.48393	1.70198	0	-0.19906	0	0	1.3223	0.0583	14.2252	191.45	18.5496
GLN_141	-7.654	1.43928	6.37628	-0.27133	0.02601	0.17264	3.96852	8.52297	0	0	-3.22715	-0.46772	0	0	0	0	-0.50014	0	0.45354	6.3998	2.53444	0	3.86535	0.1029	0	0	-0.1077	-0.29616	21.3375	163.451	53.5486
MET_142	-9.88987	1.5592	4.579	-0.453	0.40912	0.0609	3.30361	7.53378	0.0027	0.04855	-1.44042	0.10303	0	0	0	0	0	0	2.63939	2.77198	0.43609	2.33589	0	-0.13785	0	0	1.4633	-0.27947	15.0459	239.706	22.2935
ARG_143	-8.73214	1.16856	7.47243	-0.74943	0.42282	0.55227	4.56311	9.49494	0	0	-4.07124	0.43069	0	0	0	0	-0.50236	0	0.12549	3.79161	0.74533	3.04627	0	0.36339	0	0	-0.1423	0.07071	18.0502	190.378	74.6215
ALA_144	-5.90502	1.42177	2.98647	-0.02335	0	0	3.45649	6.35592	0	0	-1.63351	-0.44876	0	0	0	0	0	0	0.88265	0	0	0	0	-0.90275	0	0	2.2619	0.31802	8.76984	149.669	3.33141
VAL_145	-4.29092	0.78483	1.93523	-0.29621	0.31162	0.07496	2.12406	4.11487	0	0	-1.59094	-1.11814	0	0	0	-0.72835	0	0	0.58709	0.97544	0.07768	0.89776	0	2.16194	0	0	2.7371	2.49324	11.2512	129.682	52.3184
GLY_146	-1.58653	0.34412	1.68203	-5e-05	0	0	0.3487	2.26001	0	0	0.18898	-0.39107	0	0	0	0	0	0	-0.16926	0	0	0	0	-2.33517	0	0	1.435	1.35227	3.12904	89.702	74.298
GLN_147	-6.73389	0.97195	5.86468	-0.65221	0.26177	0.8134	3.38956	6.93727	0.0554	0.68374	-2.342	-0.62507	0.37437	0	0	-0.72835	0	0	0.00369	4.53686	1.51397	0	3.02289	0.14557	0	0	-0.1077	1.70734	19.0932	172.672	44.3278
PRO_148	-3.41388	0.30788	3.01202	-0.18053	0.00141	0.12696	1.64508	3.43289	0	0	-0.57376	0.1732	0.37476	0	0	-0.84884	0	0	0.00852	0.70661	0.10578	0.60083	0	-1.65221	0	0	-4.6787	2.27282	1.42084	102.913	96.0867
LEU_149	-6.52477	0.90734	2.89359	-0.57296	0.32778	0.14923	0.35441	5.24185	0	0	-0.07546	0.32866	0	0	0	0	0	0	0.1273	0.74305	0.24432	0.49872	0	-0.09807	0	0	1.3223	0.30052	6.1678	164.863	45.1371
GLN_150	-7.4526	0.79719	7.23591	-0.4758	0.12709	0.39139	4.2296	8.72338	0.12718	1.25989	-2.46399	-0.59804	0	0	0	-0.84884	0	0	0.50036	4.02407	0.24053	0	3.78354	0.38351	0	0	-0.1077	1.79461	21.6712	165.897	51.1031
ASP_151	-3.70064	0.2558	4.05535	-0.10984	0.04445	0.30192	1.63288	4.58511	0.09345	0.65161	-1.50389	-0.31844	0	0	0	0	-0.50014	0	-0.1361	3.08225	0.35861	0	2.72364	-0.02874	0	0	-1.6204	0.89147	10.7584	116.932	68.0681
HIS_152	-8.71383	18.6647	5.76279	-0.76026	0.18338	0.80739	3.56546	8.28288	0.08534	0.45119	-2.32467	-0.56337	0	0	0	0	0	0	0.36669	5.02113	0.18738	0	4.83375	-0.48117	0	0	0.8406	1.64603	37.8554	213.61	27.39
LEU_153	-7.09283	1.43506	3.57779	-0.43632	0.27553	0.08226	3.1128	6.21298	0.08534	0.45119	-2.17444	-0.02498	0	0	0	0	0	0	0.15547	2.52359	1.66277	0.86082	0	0.2558	0	0	1.3223	1.95614	14.2413	176.804	33.1955
ALA_154	-3.78582	0.54233	2.78846	-0.02445	0.00069	0	2.78545	4.89366	0	0	-2.37932	-0.45981	0	0	0	0	0	0	0.48856	0	0	0	0	-0.63024	0	0	2.2619	0.39468	6.87609	105.555	47.445
ALA_155	-5.29044	2.12518	2.30658	-0.01953	0	0	2.90171	5.74565	0	0	-2.21002	-0.38814	0	0	0	0	0	0	0.66017	0	0	0	0	-0.75229	0	0	2.2619	0.4279	7.76867	150.951	2.04937
VAL_156	-4.84627	1.03295	2.92281	-0.26121	0.20715	0.05367	2.13457	5.16057	0	0	-2.42476	-0.35734	0	0	0	0	0	0	-0.18397	0.36122	0.04072	0.32051	0	-1.13542	0	0	2.7371	-0.15811	5.6042	112.78	69.2199
LEU_157	-10.0987	2.34151	4.36393	-0.47145	0.28741	0.10722	2.6068	8.58036	0	0	-2.85619	0.06677	0	0	0	0	0	0	0.03248	3.66755	2.81504	0.85251	0	-0.06177	0	0	1.3223	-0.17967	13.3761	210	0
HIS_158	-6.3613	0.70218	6.07688	-0.43841	0.0045	0.55336	4.14311	8.23366	0.03755	0.20372	-2.90211	0.23668	0	0	0	0	-0.11285	0	0.17655	3.19938	0.00026	0	3.19911	-0.1995	0	0	0.8406	-0.36025	17.2331	137.6	103.4
ARG_159	-7.59011	0.45362	7.12898	-0.86975	0.42661	0.55294	3.80801	8.72169	1e-05	5e-05	-5.17695	0.56266	0	0	0	-1.21255	-0.45447	0	0.04428	3.67348	0.76635	2.90712	0	-0.03208	0	0	-0.1423	-0.79024	12.7774	184.791	80.209
GLN_160	-4.53342	0.36385	4.37559	-0.63397	0.17964	0.6359	1.94823	5.36403	0.05898	0.35373	-0.79549	0.09088	0	0	0	0	0	0	-0.06956	6.1187	0.38287	0	5.73582	0.0027	0	0	-0.1077	-0.78408	18.6867	128.063	88.9372
ARG_161	-0.63516	0.02967	1.07019	-0.68995	0.21836	0.5407	0.30708	1.12968	0	0	0.10235	0.94035	0	0	0	0	0	0	0	2.66167	0	2.66167	0	0	0	0	-0.1423	-0.39359	7.80073	0	314.975