label	fa_atr	fa_rep	fa_sol	fa_intra_atr_xover4	fa_intra_rep_xover4	fa_intra_sol_xover4	lk_ball	lk_ball_iso	lk_ball_bridge	lk_ball_bridge_uncpl	fa_elec	fa_intra_elec	pro_close	hbond_sr_bb	hbond_lr_bb	hbond_bb_sc	hbond_sc	dslf_fa13	omega	fa_dun	fa_dun_dev	fa_dun_rot	fa_dun_semi	p_aa_pp	yhh_planarity	hxl_tors	ref	rama_prepro	total	BSA	SASA
MET_1	-1.06558	0.36427	1.59909	-0.53062	0.57518	0.10674	0.49713	1.80583	0.00205	0.01222	0.42844	1.08842	0	0	0	0	0	0	0.87232	1.13628	0	1.13628	0	0	0	0	1.4633	0	9.49136	34.8029	227.197
ALA_2	-2.345	0.51641	2.8832	-0.02573	0.00184	0	1.65448	3.73645	0	0	-1.25733	-0.2483	0	0	0	-0.70491	0	0	0.15138	0	0	0	0	0.08334	0	0	2.2619	-0.53734	6.17039	92.2902	60.7098
ILE_3	-3.34012	0.28172	1.47713	-0.50026	0.64269	0.09404	0.65416	2.64479	0.0016	0.00419	0.57098	0.08091	0	0	0	0	0	0	-0.06815	1.70811	1.08826	0.61985	0	-0.77398	0	0	1.8006	0.08555	7.07207	98.7984	108.202
ILE_4	-7.05059	1.31898	0.97116	-0.49415	1.08258	0.10946	0.97949	3.69061	0	0	0.54603	0.10678	0	0	0	0	0	0	-0.09574	0.49795	0.00767	0.49028	0	-1.08046	0	0	1.8006	0.07768	2.95834	195.32	11.6802
LYS_5	-5.54973	0.64738	6.32732	-0.58664	0.79091	0.44531	3.15784	7.00055	0.00365	0.0164	-1.4874	0.33311	0	0	0	-0.70491	0	0	0.13036	3.35582	0.80778	2.54804	0	0.32584	0	0	-0.8895	0.06264	16.7348	151.198	100.802
GLU_6	-3.59169	0.77102	3.74656	-0.2916	0.23965	0.42413	1.18066	4.23931	0.00203	0.0146	-1.09993	-0.35628	0	0	0	0	-0.24413	0	1.19662	9.92512	4.20421	0	5.72091	-0.35413	0	0	-1.6358	0.11086	24.2021	102.083	120.917
PHE_7	-6.29548	1.3915	4.15974	-0.77954	0.06162	0.09485	1.10364	5.65999	0	0	0.02024	-0.53042	0	0	0	0	0	0	-0.03125	3.71305	0.41335	0	3.2997	-0.07723	0	0	1.9602	-0.64184	13.5221	163.229	73.771
MET_8	-8.81089	1.36712	4.8515	-0.46269	0.38727	0.02242	3.19308	6.65784	0	0	-2.19421	-0.28701	0	0	0	0	0	0	0.22454	2.66654	0.34574	2.3208	0	-0.23751	0	0	1.4633	-0.06112	11.4467	249.267	12.733
ARG_9	-5.01965	1.17879	3.72379	-0.5674	0.1617	0.35641	1.60941	4.79803	0	0	-1.96945	0.17857	0	0	0	0	0	0	0.17069	4.84213	1.81898	3.02315	0	-0.07958	0	0	-0.1423	0.18408	14.2674	114.097	150.903
PHE_10	-10.5197	3.51902	4.40581	-0.87154	0.18754	0.48989	3.60108	8.5024	0	0	-2.90335	-0.15194	0	0	0	0	0	0	1.10213	2.62245	0.07024	0	2.55221	-0.79209	0	0	1.9602	0.07368	13.848	237	0
LYS_11	-6.833	15.6089	8.09874	-0.57081	0.3789	0.4708	4.02875	8.73992	0	0	-5.19369	0.00255	0	0	0	0	-0.73328	0	0.0505	3.58249	0.77653	2.80596	0	0.10306	0	0	-0.8895	-0.26465	30.1622	183.913	68.0869
VAL_12	-6.73776	2.38335	2.27792	-0.33998	0.23086	0.08097	2.62778	5.4753	0	0	-2.3116	-0.15175	0	0	0	0	0	0	1.44693	1.08167	0.0802	1.00147	0	-0.61351	0	0	2.7371	-0.28588	8.9831	177.004	4.99629
ARG_13	-4.98784	0.74428	5.23933	-0.50205	0.12835	0.26103	3.57711	6.22036	0	0	-4.07866	0.48126	0	0	0	0	-0.276	0	0.40421	2.99024	0	2.99024	0	-0.21357	0	0	-0.1423	-0.29483	12.5412	137.76	127.24
MET_14	-9.73097	2.5324	3.8334	-0.39861	0.33314	0.12978	3.03045	5.83304	0	0	-2.97666	0.11481	0	0	0	0	0	0	3.27129	2.17421	0.35852	1.81569	0	0.33999	0	0	1.4633	-0.28265	11.8411	262	0
GLU_15	-4.672	1.2469	6.07521	-0.22071	0.03881	0.33233	3.48126	6.36303	0	0	-4.80427	-0.51078	0	0	0	0	0	0	-0.02172	4.22336	0.01492	0	4.20844	0.49688	0	0	-1.6358	-0.02699	14.5888	166.462	56.5378
GLY_16	-4.17936	1.03622	3.62988	-0.00139	0	0	2.70832	5.4098	0	0	-1.90166	-0.36807	0	0	0	0	0	0	3.00862	0	0	0	0	0.11656	0	0	1.435	0.83258	11.7265	156.144	7.8557
SER_17	-5.41552	1.82796	5.18156	-0.05077	0.02817	0.07547	2.69718	7.00212	0.00416	0.04158	-2.61965	-0.73158	0	0	0	0	0	0	0.06621	0.97604	0.42049	0.55555	0	-0.44405	0	4.04	-0.539	0.71987	13.8358	153.259	8.74138
VAL_18	-7.45014	1.94481	1.92935	-0.26861	0.25661	0.06007	2.52112	6.02098	0	0	-1.47453	-0.38566	0	0	0	0	0	0	-0.08939	1.66399	1.37517	0.28882	0	-0.77962	0	0	2.7371	0.12847	8.47853	182	0
ASN_19	-5.07006	0.34407	4.37546	-0.17091	0.06547	0.31017	2.99485	5.87627	0	0	-2.06031	-0.85362	0	0	0	-2.05297	0	0	0.5922	5.55217	0.56311	0	4.98906	-1.67303	0	0	-0.3009	0.0264	13.5074	133.228	50.7716
GLY_20	-1.70057	0.56147	2.11963	-6e-05	0	0	0.56472	2.71702	0.03893	0.20344	0.03401	-0.39176	0	0	0	0	0	0	-0.02806	0	0	0	0	-2.40256	0	0	1.435	-1.07634	2.07489	107.561	56.4388
HIS_21	-6.36936	20.8141	6.43823	-0.62083	0.06506	0.57696	3.25841	7.94802	0	0	-2.98421	-0.58794	0	0	0	0	0	0	-0.17237	3.86838	0.04187	0	3.8265	-0.25361	0	0	0.8406	-0.36195	36.3279	189.67	51.3297
GLU_22	-3.74877	0.55135	4.26525	-0.35047	0.05979	0.57914	0.89124	5.15001	0	0	0.02267	-0.60898	0	0	0	0	0	0	-0.0191	4.71339	0.26389	0	4.44949	-0.05222	0	0	-1.6358	0.0425	14.5734	97.6472	125.353
PHE_23	-10.2309	1.69178	2.71255	-1.0691	0.22984	0.63295	2.97654	7.29281	0	0	-2.43617	-0.22999	0	0	0	0	0	0	0.91123	1.88783	0.00188	0	1.88595	-0.9047	0	0	1.9602	-0.32207	6.99068	235.109	1.89136
GLU_24	-7.12716	1.46844	7.89655	-0.18413	0.04636	0.23408	4.36438	8.55778	0.03341	0.42951	-4.47327	-0.59185	0	0	0	0	-0.276	0	-0.00714	4.1632	0.1624	0	4.0008	-0.08121	0	0	-1.6358	0.0162	16.9966	196.816	26.1838
ILE_25	-9.32063	2.81801	2.78446	-0.45495	0.63646	0.08786	3.17094	6.47688	0	0	-2.81436	0.07807	0	0	0	0	0	0	0.68405	2.08177	1.24923	0.83253	0	-0.63832	0	0	1.8006	-0.18114	9.29146	207	0
GLU_26	-4.87299	0.67775	4.50759	-0.21869	0.10793	0.3444	3.00537	5.60697	0	0	-2.01902	-0.55531	0	0	0	0	0	0	-0.0179	4.11164	0.02679	0	4.08485	0.05864	0	0	-1.6358	-0.10255	13.1097	146.763	76.2369
GLY_27	-3.68998	0.54836	3.0239	-0.00131	0	0	2.57946	4.57285	0	0	-2.42151	-0.33961	0	0	0	0	0	0	-0.23741	0	0	0	0	-0.8668	0	0	1.435	0.51178	5.11473	156.982	7.01831
GLU_28	-4.70854	15.1754	5.09139	-0.20149	0.02379	0.27593	3.0105	5.94806	0	0	-3.66331	-0.63036	0	0	0	0	0	0	0.09512	8.91954	4.1546	0	4.76494	-0.08102	0	0	-1.6358	0.51607	37.0548	124.639	98.3608
GLY_29	-4.07935	1.18107	3.18419	-0.00146	0	0	2.56804	5.04159	0	0	-2.60067	-0.35953	0	0	0	0	0	0	-0.05998	0	0	0	0	-0.11705	0	0	1.435	0.67544	6.86728	158.428	5.57239
GLU_30	-4.9837	0.90347	4.22662	-0.36885	0.17167	0.50602	2.57524	5.36707	0	0	-2.6749	-0.43873	0	0	0	0	0	0	0.11149	4.36857	0.11287	0	4.25571	0.38095	0	0	-1.6358	1.47287	14.3506	157.139	65.8609
GLY_31	-4.33287	0.88048	3.2464	-0.00194	0	0	2.62933	4.79842	0.03421	0.18045	-1.9488	-0.39746	0	0	0	0	0	0	0.07159	0	0	0	0	-2.45766	0	0	1.435	1.14411	5.28125	160.926	3.07406
ARG_32	-8.08128	1.53036	8.4637	-0.76865	0.2836	0.43363	4.20594	9.50376	0.00203	0.01458	-4.82889	-0.13536	0.50427	0	0	0	-0.70107	0	0.5297	5.0135	1.45848	3.55502	0	-0.2007	0	0	-0.1423	3.31835	23.9587	191.668	73.3321
PRO_33	-8.3374	2.58038	4.77974	-0.07537	0	0.04759	2.57751	5.70448	0	0	-0.72202	0.62077	0.6004	0	0	-0.151	0	0	-0.24326	2.05198	1.4323	0.61969	0	0.41609	0	0	-4.6787	2.92395	10.1471	199	0
TYR_34	-5.81379	0.71939	3.61019	-0.65555	0.09967	0.36698	1.36145	4.99105	0	2e-05	0.13733	-0.19782	0	0	0	0	0	0	0.58334	3.2246	0.19091	0	3.03369	-0.01014	0	0	1.7379	-0.25516	13.1241	123.883	124.117
GLU_35	-5.23657	0.44954	5.46807	-0.2115	0.07248	0.3045	2.68567	6.03151	0.00099	0.00886	-2.93054	-0.52356	0	0	0	-0.74945	-0.45694	0	0.63955	4.31274	0.04063	0	4.27211	-0.179	0	0	-1.6358	-0.61119	11.7521	139.711	83.2894
GLY_36	-5.20862	1.97368	5.43825	-5e-05	0	0	3.74683	7.51296	0	0	-2.10847	-0.3699	0	0	0	0	0	0	3.38284	0	0	0	0	-1.71883	0	0	1.435	-0.08598	13.9977	164	0
PHE_37	-7.51699	2.01806	4.76435	-1.00501	0.16275	0.5738	2.85324	6.63022	0	0	-2.06134	-0.19056	0	0	0	0	0	0	0.59024	2.35586	0.28744	0	2.06842	-0.68823	0	0	1.9602	0.19099	12.9935	184.7	52.2998
GLN_38	-7.79342	1.26697	6.65146	-0.46961	0.24164	0.40793	4.34394	8.42514	0.02009	0.29098	-3.26133	-0.87681	0	0	0	0	-0.11193	0	0.06678	3.96059	0.05571	0	3.90488	0.16694	0	0	-0.1077	0.92047	18.1027	212.899	4.1011
THR_39	-4.51981	1.48629	3.60368	-0.15194	0.19619	0.05043	2.9923	5.42603	0	0	-2.67277	-0.44455	0	0	0	0	0	0	-0.01492	1.20379	0.01753	1.18626	0	-0.37097	0	5.04607	-0.9333	0.78521	12.8855	145.914	28.086
ALA_40	-4.80843	2.24736	2.27035	-0.02377	5e-05	0	3.04894	5.0571	0	0	-2.40264	-0.41293	0	0	0	0	0	0	0.14241	0	0	0	0	-0.07912	0	0	2.2619	-0.12299	7.17821	151.975	1.02469
LYS_41	-5.67181	0.74769	4.95573	-0.38792	0.13094	0.20081	2.8134	5.98941	0.06466	0.23306	-2.62703	-0.03127	0	0	0	0	0	0	0.13059	3.55251	0.91018	2.64233	0	0.52822	0	0	-0.8895	0.5237	13.8157	165.378	86.6221
LEU_42	-8.96529	1.32644	2.13681	-0.65423	1.11435	0.16958	2.8208	6.25577	0	0	-2.58084	0.24607	0	0	0	0	0	0	-0.00361	4.00805	1.68342	2.32463	0	-0.43043	0	0	1.3223	0.10159	10.8754	210	0
LYS_43	-5.68418	1.18522	4.97866	-0.32478	0.12988	0.19048	3.13043	6.32778	0.06432	0.23219	-2.25866	-0.32084	0	0	0	0	0	0	1.21299	4.28434	1.14058	3.14376	0	0.37748	0	0	-0.8895	-0.36331	16.5568	157.673	94.3268
VAL_44	-6.58357	0.8308	1.35601	-0.28025	0.22316	0.05949	1.78969	4.82542	0	0	-0.96005	-0.05871	0	0	0	0	0	0	0.08805	0.09787	0.07457	0.0233	0	-0.40485	0	0	2.7371	0.10296	3.92098	165.068	16.9324
THR_45	-4.06698	0.2317	3.73134	-0.12372	0.07146	0.05916	1.45122	4.79119	0.03341	0.42951	-0.29365	0.07518	0	0	0	0	0	0	0.81104	0.93885	0.66369	0.27516	0	-0.83892	0	5.01614	-0.9333	-0.19527	12.1272	108.105	65.895
LYS_46	-4.68365	1.04984	5.16067	-0.47689	1.89803	0.14238	2.69903	5.78758	0	0	-0.92382	0.00817	0	0	0	0	0	0	0.34484	5.80236	1.81071	3.99165	0	-0.16335	0	0	-0.8895	0.01165	21.5697	116.93	135.07
GLY_47	-2.68165	19.451	2.03123	-5e-05	0	0	0.96851	3.1342	0	0	-0.58099	-0.40175	0	0	0	0	0	0	-0.04859	0	0	0	0	-2.37774	0	0	1.435	-0.63886	20.2903	130.449	33.5506
GLY_48	-2.0198	0.95214	1.24695	-0.00037	0	0	0.24655	2.20795	0	0	0.56029	-0.22127	0.21134	0	0	0	0	0	0.0595	0	0	0	0	0.59249	0	0	1.435	2.56744	7.83821	131.372	32.6283
PRO_49	-2.78043	0.81904	1.58496	-0.20913	0.03682	0.15704	0.6732	2.07585	0	0	0.54841	-0.06732	0.41188	0	0	0	0	0	0.4594	0.40766	0.09376	0.3139	0	-0.57411	0	0	-4.6787	3.70169	2.97394	127.396	71.6037
LEU_50	-6.81595	2.34863	0.81315	-0.50135	0.55243	0.10531	1.83979	4.0406	0.03418	0.23488	-1.63604	0.32807	0.11098	0	0	0	0	0	-0.01949	1.4897	0.46417	1.02553	0	-0.2997	0	0	1.3223	2.19057	7.62774	206.734	3.26567
PRO_51	-4.78872	1.40022	2.39526	-0.15996	0.08933	0.10063	1.00576	2.73955	0	0	0.74483	0.37308	0.30013	0	0	0	0	0	0.13925	0.25957	0.17229	0.08728	0	-0.19742	0	0	-4.6787	3.68873	3.67112	158.998	40.0023
PHE_52	-10.3665	2.37845	1.0433	-1.01665	0.18411	0.63418	1.16314	4.89497	0	0	-0.76324	-0.16152	0	0	0	0	0	0	0.15596	2.41424	0.24856	0	2.16567	-0.95309	0	0	1.9602	1.86843	5.85021	233.351	3.6489
ALA_53	-4.84636	0.93604	2.78104	-0.02831	0.00313	0	2.76037	5.38224	0.00028	0.00127	-1.23184	-0.30609	0	0	0	0	0	0	1.40125	0	0	0	0	0.49194	0	0	2.2619	0.70549	10.3124	148.901	4.09875
TRP_54	-10.2782	4.10144	2.49263	-1.23068	0.30468	0.76792	2.95916	6.60755	0	0	-2.19052	-0.39915	0	0	0	0	-0.54484	0	-0.06714	3.83133	0.00027	0	3.83106	0.18252	0	0	3.7077	0.54023	14.616	265.02	4.98039
ASP_55	-6.79554	1.60946	7.38594	-0.11087	0.00701	0.34228	4.39272	9.17183	0	0	-2.89893	-0.47449	0	0	0	-0.95854	0	0	-0.11471	3.54918	0.13842	0	3.41076	-0.01257	0	0	-1.6204	0.83995	17.8615	184.392	0.60815
ILE_56	-7.24659	1.20846	1.18288	-0.53078	1.13326	0.12716	1.88118	4.78607	0	0	-1.00851	0.37925	0	0	0	-0.62701	0	0	0.07739	1.45832	0.77695	0.68138	0	0.88567	0	0	1.8006	0.87443	7.84012	207	0
LEU_57	-9.2944	1.92371	2.21699	-0.5185	0.44398	0.13692	3.14153	6.00292	0.00241	0.00697	-2.338	0.2178	0	0	0	0	0	0	0.55073	1.42305	1.10395	0.3191	0	-0.46269	0	0	1.3223	-0.02752	6.17126	210	0
SER_58	-6.24932	6.05967	6.00769	-0.03425	0.00473	0.03503	3.6638	7.62454	0	0	-1.56163	-0.3964	1e-05	0	0	0	0	0	0.07771	1.39684	0.05021	1.34664	0	0.48344	0	4.04	-0.539	3.76899	25.7787	161.392	0.60815
PRO_59	-6.25585	5.78239	3.49997	-0.08912	0.00074	0.05351	1.23595	4.13497	0.00405	0.02194	-0.5415	0.58323	0.32742	0	0	-0.1792	0	0	-0.03346	1.82044	1.01587	0.80457	0	-0.66586	0	0	-4.6787	4.52376	11.3651	167.56	31.4404
GLN_60	-8.5771	2.99979	4.33261	-0.71965	0.35223	0.99919	3.15967	6.83049	0.00254	0.04552	-2.55628	-0.35476	0	0	0	-0.62701	-0.48833	0	0.89647	12.1804	8.42374	0	3.75667	-0.27459	0	0	-0.1077	0.09959	30.3735	211.908	5.0921
PHE_61	-7.97204	1.40687	0.25906	-0.61078	0.07955	0.35617	1.19465	3.58923	0.08124	0.46809	-0.55831	0.03691	0	0	0	0	0	0	65.4813	3.1763	0.01546	0	3.16083	-0.6011	0	0	1.9602	0.97933	72.503	217.418	19.5822
SER_62	-4.0874	0.56008	3.74525	-0.04837	0.00436	0.08	3.08337	4.75524	0.00528	0.0799	-0.44883	0.11553	0	0	0	0	0	0	3.6507	0.57737	0.006	0.57137	0	1.07109	0	4.04	-0.539	9.22807	26.45	146.753	15.247
LYS_63	-6.84635	1.72438	4.78627	-0.62884	0.42877	0.4155	2.76408	6.04337	0.09765	0.6184	-0.74689	0.21799	0	0	0	0	-0.62462	0	2.05459	6.93659	3.84071	3.09589	0	-0.04716	0	0	-0.8895	7.55173	30.7926	241.039	10.961
ALA_64	-4.47591	0.54025	2.22899	-0.02558	0.00331	0	2.09663	4.47703	0.05487	0.53073	-0.75974	-0.4155	0	0	0	0	0	0	0.03821	0	0	0	0	-0.17506	0	0	2.2619	-0.46405	5.91607	153	0
TYR_65	-11.7719	3.06581	5.20487	-0.57589	0.17972	0.31846	2.8975	9.405	0.04907	0.26863	-1.27444	-0.29221	0	0	0	0	0	0	0.96399	3.52922	0.04548	0	3.48373	-0.26635	0	0	1.7379	1.26913	18.2377	248	0
VAL_66	-7.56365	1.42459	3.69978	-0.2783	0.32534	0.05863	2.31479	7.8131	0.06004	0.22774	-0.44225	-0.10208	0	0	0	0	0	0	0.19845	0.311	0.011	0.3	0	-1.05696	0	0	2.7371	1.08481	11.1231	181.488	0.512343
LYS_67	-7.13597	0.88168	7.08442	-0.38413	0.06559	0.19279	3.13615	8.0554	0.00327	0.01624	-3.30422	0.07174	0	0	0	0	0	0	-0.07145	3.0859	0.82703	2.25886	0	0.14552	0	0	-0.8895	-0.54974	13.4896	154.281	97.7187
HIS_68	-7.20151	2.04404	5.86776	-0.3402	0.00103	0.35938	1.7904	7.59432	0	0	0.41586	0.03129	0.3659	0	0	0	-0.90305	0	-0.05952	4.75736	1.44619	0	3.31117	0.06891	0	0	0.8406	2.73042	23.1204	210.476	30.524
PRO_69	-4.57707	2.08015	3.96741	-0.1489	0.00038	0.10692	2.0977	4.18385	0	0	-0.81716	0.21387	0.38688	0	0	0	0	0	2.4054	1.8382	1.27131	0.56689	0	-1.6	0	0	-4.6787	2.12806	9.4252	146.444	52.5558
ALA_70	-1.24641	0.21717	1.67951	-0.02324	0	0	0.75496	2.13414	0	0	0.31787	-0.40981	0	0	0	0	0	0	-0.21116	0	0	0	0	-0.32806	0	0	2.2619	-1.0692	4.07765	35.4	117.6
ASP_71	-2.99609	0.88759	4.34001	-0.26039	0.02516	0.88008	1.86971	4.64441	0	0	-2.09796	-2.2223	0	0	0	0	-1.01963	0	0.27674	5.47713	0.34083	0	5.13629	-0.51371	0	0	-1.6204	-1.14371	12.0038	75.8791	109.121
ILE_72	-7.46518	1.6529	3.68729	-0.50026	1.79813	0.1113	1.94137	5.93628	0	0	-0.77547	-0.02081	0.01666	0	0	0	0	0	-0.00098	1.05088	0.67671	0.37417	0	-1.05874	0	0	1.8006	1.31655	10.5414	197.524	9.47629
PRO_73	-4.33168	1.05412	2.21682	-0.12913	0.00515	0.09352	0.70005	2.53323	0	0	-0.3929	0.2125	0.05642	0	0	0	0	0	-0.18329	0.23322	0.06834	0.16488	0	-1.40451	0	0	-4.6787	1.72281	-2.05915	144.772	54.2279
ASP_74	-6.5014	0.85863	9.42858	-0.23459	0.07326	0.76234	3.73541	10.0352	0.02662	0.21538	-4.36421	-0.7374	0	0	0	-0.5707	-0.09566	0	0.3734	3.32661	0.36918	0	2.95744	-1.26508	0	0	-1.6204	-0.41489	16.3577	157.376	27.6235
TYR_75	-9.75596	2.61451	3.74618	-0.78407	0.04089	0.29496	3.11355	7.79842	0	0	-0.29137	-0.31009	0	0	0	0	0	0	-0.11477	2.98912	0.01501	0	2.97412	0.12521	0	0	1.7379	0.12323	14.3168	243.904	4.09571
PHE_76	-9.78247	1.87142	3.2295	-0.66227	0.08706	0.41324	2.23774	6.66661	0.00104	0.00337	-0.67877	-0.01962	0	0	0	0	0	0	0.14362	6.40582	2.10859	0	4.29723	-0.49392	0	0	1.9602	0.87302	18.6614	237	0
LYS_77	-9.06838	1.83912	10.9135	-0.36912	0.09538	0.24858	5.20566	12.0308	0.13921	0.66766	-6.97879	0.38886	0	0	0	-0.7217	-0.09566	0	-0.08503	3.74333	0.67261	3.07072	0	-0.037	0	0	-0.8895	0.36959	21.1399	230.069	21.9312
LEU_78	-5.10321	0.4127	4.19468	-0.49419	0.37313	0.13461	2.32678	5.89011	0	0	-1.78849	0.16551	0	0	0	0	0	0	0.06765	0.94066	0.55923	0.38143	0	-0.25879	0	0	1.3223	-0.17719	8.94692	109.979	100.021
SER_79	-6.57573	2.37925	6.46876	-0.04329	0.02365	0.05796	3.63402	8.37154	0	0	-3.00053	-0.13804	0	0	0	0	0	0	0.00281	0.55756	0.21259	0.34498	0	-0.44843	0	4.04	-0.539	-0.46639	14.8817	162	0
PHE_80	-10.2596	3.28196	3.15614	-0.59816	0.0696	0.28047	2.42263	7.63809	0.06522	0.43497	-0.45466	0.39794	0.3791	0	0	0	0	0	0.12124	2.79739	0.05768	0	2.73971	-0.0903	0	0	1.9602	1.88643	16.2861	233.351	3.6489
PRO_81	-4.41167	2.2357	2.32762	-0.09844	0.00662	0.06178	1.75172	3.28641	0	0	-0.78439	0.71323	0.87948	0	0	0	0	0	-0.01273	0.61208	0.21325	0.39884	0	0.16955	0	0	-4.6787	2.69522	5.36557	127.253	71.7469
GLU_82	-4.45893	0.67781	5.10363	-0.30161	0.09824	0.31993	1.96102	5.38994	0.02483	0.15612	-1.12988	-0.5051	0	0	0	-0.15653	0	0	0.41256	8.23196	4.11613	0	4.11583	-0.10709	0	0	-1.6358	0.37461	22.6877	137.097	85.9033
GLY_83	-5.46072	1.03437	4.36333	-0.00036	0	0	2.43587	6.38318	0	0	-2.87636	-0.25922	0	0	0	0	0	0	0.81822	0	0	0	0	-2.51336	0	0	1.435	0.60722	5.96715	164	0
PHE_84	-9.84432	1.61653	4.8616	-0.97939	0.13739	0.53681	3.08232	7.88332	0	0	-1.40306	-0.21809	0	0	0	0	0	0	0.19865	2.13076	0.02166	0	2.1091	-0.71508	0	0	1.9602	0.43778	11.8162	237	0
LYS_85	-5.39851	0.46763	6.26554	-0.37414	0.13507	0.16412	4.25289	6.97812	0	0	-5.01726	0.22999	0	0	0	0	-0.34508	0	0.99029	6.94535	2.83127	4.11408	0	-0.01105	0	0	-0.8895	-0.21406	21.1247	165.561	86.439
TRP_86	-11.7272	3.99957	4.78898	-1.23259	0.10569	0.58293	3.62997	8.5863	0.0352	0.25548	-2.70234	-0.37903	0	0	0	0	0	0	-0.00831	2.64147	0.05988	0	2.58158	-0.24318	0	0	3.7077	-0.1538	14.5283	264.168	5.83229
GLU_87	-4.31256	1.34016	4.25867	-0.21489	0.20062	0.44052	2.80396	5.32961	0	0	-2.55651	-0.49199	0	0	0	0	0	0	2.16878	9.4011	5.23508	0	4.16601	-0.05695	0	0	-1.6358	0.15132	26.2271	124.748	98.2517
ARG_88	-10.2889	1.6607	7.89697	-0.69946	0.23724	0.43107	4.82826	9.88515	0.14284	0.78636	-4.03807	0.56141	0	0	0	-0.1792	-0.99352	0	1.66	3.73801	0.47758	3.26043	0	-0.37143	0	0	-0.1423	-0.25494	18.5982	252.131	12.8691
VAL_89	-5.30192	0.89341	3.31223	-0.27617	0.39096	0.05875	2.98427	5.73175	0	0	-2.40451	-0.40439	0	0	0	0	0	0	0.83833	0.36532	0.00035	0.36498	0	-1.17887	0	0	2.7371	-0.638	7.47357	122.808	59.1921
MET_90	-9.43806	1.33885	4.03935	-0.37016	0.58607	0.08949	3.56926	6.44462	0.00432	0.01287	-2.83615	-0.28555	0	0	0	0	0	0	0.27825	3.7544	1.64967	2.10473	0	0.31095	0	0	1.4633	0.29134	13.0075	262	0
ASN_91	-4.59462	0.15656	4.08661	-0.18078	0.06557	0.28048	2.75037	5.8729	0.00041	0.00218	-2.96355	-0.57741	0	0	0	0	0	0	-0.14073	3.94564	0.19204	0	3.7536	-0.53679	0	0	-0.3009	0.31202	12.1236	116.549	67.4505
PHE_92	-10.3194	2.03247	3.67309	-0.59606	0.116	0.27901	3.18753	7.54857	0.00391	0.01069	-2.76753	0.3019	0	0	0	0	0	0	2.17272	2.88474	0.00801	0	2.87673	-0.24861	0	0	1.9602	-0.38907	12.7349	228.754	8.24629
GLU_93	-4.48887	3.13914	5.0386	-0.3596	0.23787	0.54872	2.6892	5.53816	0	0	-1.65283	-0.30029	0	0	0	-0.92748	0	0	0.29214	6.65248	0.88491	0	5.76758	-0.40929	0	0	-1.6358	-0.63515	20.3795	121.792	101.208
ASP_94	-4.13397	1.29458	5.86515	-0.25621	0.09385	0.89227	2.1134	6.08611	0.05671	0.4869	-1.44792	-2.15054	0	0	0	-0.19895	0	0	0.58405	3.12425	0.06822	0	3.05604	-0.76509	0	0	-1.6204	-1.03356	12.1149	139.205	45.7951
GLY_95	-2.37129	0.41392	3.18502	-6e-05	0	0	1.80349	4.12224	0.00029	0.0015	-1.26859	-0.37106	0	0	0	0	0	0	1.30666	0	0	0	0	-2.49949	0	0	1.435	-1.32557	4.43205	120.237	43.7634
GLY_96	-4.71084	0.96403	3.83674	-0.00024	0	0	2.16484	5.97396	0.00321	0.05676	-2.76606	-0.21708	0	0	0	-0.19895	0	0	-0.17386	0	0	0	0	0.69275	0	0	1.435	-0.46369	6.59656	164	0
VAL_97	-5.56622	1.30369	3.88168	-0.27854	0.52231	0.06061	3.39562	6.65199	0.00043	0.00251	-2.14773	-0.31203	0	0	0	0	0	0	0.47945	0.50573	0.09047	0.41525	0	-0.7273	0	0	2.7371	0.49165	11.5067	130.497	51.5034
VAL_98	-7.66162	2.15846	2.75073	-0.27225	0.3322	0.06148	3.07087	6.18461	0	0	-2.63226	-0.20164	0	0	0	0	0	0	0.3954	2.1518	1.77633	0.37547	0	-1.29587	0	0	2.7371	-0.34098	9.58982	182	0
THR_99	-4.63525	1.08149	3.69066	-0.14047	0.11709	0.05033	3.22263	5.72762	0	0	-2.85403	-0.71613	0	0	0	0	0	0	2.43324	1.95901	1.55097	0.40804	0	-0.37237	0	5.07028	-0.9333	-0.47779	15.182	111.463	62.5373
VAL_100	-7.92332	2.56914	2.24667	-0.23988	0.22028	0.04738	2.74867	5.92096	0	0	-2.16864	-0.33378	0	0	0	0	0	0	2.67512	3.14241	2.42868	0.71374	0	-0.61541	0	0	2.7371	0.08541	14.2545	180.67	1.32975
THR_101	-4.48236	0.88691	3.71624	-0.23129	0.32001	0.08816	3.20336	5.25554	0	0	-2.60633	-0.26259	0	0	0	0	0	0	1.47967	2.19928	0.13446	2.06482	0	-0.3797	0	5.08096	-0.9333	-0.27247	15.2614	123.182	50.8184
GLN_102	-9.36196	2.79307	7.72096	-0.67441	0.37767	0.59661	4.46115	10.1868	0.03774	0.301	-1.87499	-0.76472	0	0	0	0	0	0	0.57429	6.54929	0.32883	0	6.22046	-0.22233	0	0	-0.1077	0.09423	27.236	214.635	2.3651
ASP_103	-6.01783	0.78582	9.83393	-0.18251	0.03175	0.55906	6.36657	10.5474	0	0	-7.13107	-1.00623	0	0	0	0	-1.00879	0	0.19222	4.68702	0.10784	0	4.57918	1.57371	0	0	-1.6204	0.75984	23.0575	171.231	13.769
SER_104	-6.04561	0.9831	6.62789	-0.03433	0.00416	0.02389	4.64632	8.21929	0	0	-2.49732	-0.6519	0	0	0	0	0	0	-0.0504	0.74464	0.12524	0.6194	0	0.74333	0	4.04	-0.539	0.46392	17.4226	160.784	1.2163
SER_105	-5.35187	0.70582	5.6395	-0.03938	0.01165	0.05856	3.64469	7.0141	0.00579	0.03977	-2.15728	-0.42939	0	0	0	0	0	0	0.27814	0.32973	0.24289	0.08683	0	-0.89633	0	4.04	-0.539	-0.10877	12.5755	152.905	9.09541
LEU_106	-7.18854	1.37079	2.01111	-0.58423	0.30955	0.1566	1.45507	5.00504	0	0	-0.89041	0.16408	0	0	0	0	0	0	-0.1321	1.99525	0.92568	1.06957	0	-0.3763	0	0	1.3223	-0.06267	6.55079	182.752	27.2482
GLN_107	-4.361	0.7053	4.83273	-0.28544	0.13181	0.20497	2.381	5.52119	0	0	-0.24599	-0.43255	0	0	0	0	0	0	0.18956	5.79113	0.00326	0	5.78786	0.08599	0	0	-0.1077	0.35502	20.5571	114.068	102.932
ASP_108	-1.15223	0.20601	1.69404	-0.26126	0.06541	0.99132	0.45543	1.9141	0	0	0.61802	0.67959	0	0	0	0	0	0	0.86795	7.24286	0.17524	0	7.06762	-0.97276	0	0	-1.6204	0.43995	18.4109	27.4619	157.538
GLY_109	-1.47409	0.32001	1.4508	-5e-05	0	0	0.05778	2.12733	0	0	0.25195	-0.37515	0	0	0	0	0	0	-0.35442	0	0	0	0	-2.30881	0	0	1.435	-0.63272	0.49762	89.1969	74.8031
GLU_110	-6.53074	1.15099	7.29894	-0.35205	0.1194	0.45626	3.61112	8.68634	0	0	-3.17036	-0.53217	0	0	0	0	-0.73328	0	0.3063	5.03124	0.25337	0	4.77787	-0.05365	0	0	-1.6358	-0.90357	17.7802	177.914	45.0856
PHE_111	-10.4378	2.78688	2.05684	-0.55625	0.09834	0.27099	3.2132	6.48529	0	0	-2.88493	0.14178	0	0	0	0	0	0	0.02787	3.96224	0.50741	0	3.45483	0.00077	0	0	1.9602	-0.60384	10.4838	237	0
ILE_112	-6.5381	0.9547	4.94903	-0.62569	1.16504	0.12255	3.41989	6.94618	0.00579	0.03977	-2.18323	0.20259	0	0	0	0	0	0	-0.07361	1.94355	0.45479	1.48876	0	-1.22951	0	0	1.8006	-0.99858	11.8445	166.513	40.4869
TYR_113	-9.85493	2.43247	4.14352	-0.56567	0.50495	0.29718	3.87422	7.59958	0.05709	0.66101	-3.09702	-0.23113	0	0	0	0	0	0	0.46466	5.25491	0.00312	0	5.25179	0.00031	0	0	1.7379	-0.64415	17.8898	246.461	1.53938
LYS_114	-4.232	0.81835	4.80248	-0.62226	3.00671	0.39109	3.33182	5.79241	0	0	-2.63647	-0.03621	0	0	0	0	0	0	0.09106	14.1846	9.78755	4.39708	0	0.41294	0	0	-0.8895	-0.08256	38.5171	142.177	109.823
VAL_115	-7.41629	1.4776	2.82973	-0.23298	0.18888	0.04412	3.0699	5.8839	0	0	-2.67754	-0.19328	0	0	0	0	0	0	0.51764	4.91029	3.82157	1.08871	0	-0.92065	0	0	2.7371	-0.11188	15.0168	180.176	1.82445
LYS_116	-4.85574	1.60437	5.58008	-0.36334	0.11012	0.20214	3.93434	6.75948	0	0	-4.61514	0.08771	0	0	0	0	0	0	0.59953	3.51981	0	3.51981	0	0.15281	0	0	-0.8895	-0.08382	15.2627	132.564	119.436
LEU_117	-7.85404	2.51541	1.93752	-0.63356	0.91243	0.22828	2.45153	5.5408	0	0	-2.19494	-0.00299	0	0	0	0	0	0	0.04264	2.22902	0.44975	1.77927	0	0.16664	0	0	1.3223	0.20174	9.09181	201.193	8.80654
ARG_118	-4.589	1.09148	4.01646	-0.59548	0.16414	0.33526	2.80924	5.64653	0	0	-2.38018	0.18847	0	0	0	0	0	0	2.19493	4.79472	1.65734	3.13737	0	-0.0178	0	0	-0.1423	0.57087	18.8821	96.1293	168.871
GLY_119	-4.38936	1.32125	3.30997	-0.00066	0	0	2.60763	5.47149	0.0431	0.24501	-3.03481	-0.32167	0	0	0	0	0	0	-0.05207	0	0	0	0	1.74346	0	0	1.435	2.64988	11.0282	164	0
THR_120	-5.27983	1.74789	5.06366	-0.11813	0.08299	0.07835	3.34537	6.93113	0.00043	0.00251	-0.97237	-0.7537	0	0	0	0	0	0	0.11011	0.88868	0.67655	0.21212	0	-0.37165	0	5.05808	-0.9333	1.83943	17.6083	144.83	29.1697
ASN_121	-3.53616	0.75612	3.1903	-0.26034	0.62699	0.40275	1.20715	4.06618	0.05379	0.43165	-0.03923	-1.13645	0	0	0	0	0	0	1.87171	6.83422	0.21644	0	6.61778	-1.50708	0	0	-0.3009	-0.19768	19.2972	90.4254	93.5746
PHE_122	-9.62478	2.8272	2.14518	-0.6152	0.08497	0.27978	1.99836	6.11716	0	0	-0.89284	0.18353	0.07617	0	0	-2.05297	0	0	0.16374	3.41885	0.11488	0	3.30397	0.07538	0	0	1.9602	2.47455	12.0381	231.527	5.47335
PRO_123	-4.48896	1.04753	4.48933	-0.13887	0.00387	0.09618	1.83922	4.65975	0.10981	0.61763	-1.87122	0.21631	0.22911	0	0	0	0	0	0.88891	0.46266	0.2071	0.25556	0	-1.41885	0	0	-4.6787	1.78022	4.30659	154.166	44.8336
SER_124	-2.2769	0.16047	2.78483	-0.05114	0.00504	0.07945	1.43364	3.26545	0	0	0.77263	-1.03878	0	0	0	0	0	0	0.18273	3.91823	0.01353	3.9047	0	0.03825	0	4.04	-0.539	-1.0408	15.6524	78.8451	83.1549
ASP_125	-2.44742	0.35246	2.67225	-0.22843	0.08229	0.79496	0.94001	3.19138	0	0	0.00868	-2.55015	0	0	0	0	0	0	-0.13481	3.47783	0.24993	0	3.2279	-0.57133	0	0	-1.6204	-1.1959	6.24925	78.7014	106.299
GLY_126	-3.44065	0.44541	4.77685	-0.00027	0	0	2.56669	5.72007	0.02053	0.12642	-1.76074	-0.18732	0.57305	0	0	0	0	0	0.75903	0	0	0	0	-0.20497	0	0	1.435	2.10105	12.9302	153.753	10.2469
PRO_127	-5.16647	0.60987	3.13152	-0.08424	0	0.0526	1.97823	4.31956	0	0	-1.56265	0.70225	0.60517	0	0	0	0	0	-0.00399	0.61435	0.08735	0.527	0	0.59926	0	0	-4.6787	2.83367	4.56478	173.635	25.3645
VAL_128	-7.471	1.29653	1.5365	-0.3018	0.40042	0.06497	2.4242	5.38564	0	0	-0.76501	-0.02883	0	0	0	0	0	0	0.07392	0.20955	0.20179	0.00776	0	-0.66735	0	0	2.7371	0.82777	5.93216	182	0
MET_129	-7.48091	0.79992	4.4324	-0.6711	0.32289	0.2066	1.49108	5.54534	0.08928	0.49121	0.06361	0.01973	0	0	0	0	0	0	0.34034	1.64478	0.47548	1.1693	0	-0.08047	0	0	1.4633	0.61606	10.9388	238.371	23.6294
GLN_130	-5.06873	0.70613	5.05542	-0.65869	0.39647	0.72851	2.12009	6.01235	0	0	-0.40383	-0.30031	0	0	0	0	0	0	0.37392	6.11326	0.41218	0	5.70108	-0.2363	0	0	-0.1077	-0.74913	20.0947	132.225	84.7751
LYS_131	-6.06843	2.1146	6.81485	-0.31446	0.09109	0.19449	3.20376	7.83033	0	0	-1.58812	-0.31935	0	0	0	0	0	0	-0.17111	7.0951	5.08236	2.01274	0	-0.31717	0	0	-0.8895	0.24165	25.0128	182.998	69.0018
LYS_132	-5.66975	1.56723	6.24177	-0.79823	0.48375	0.75578	2.75005	6.91203	0.00036	0.0036	-4.0722	-0.04156	0	0	0	0	0	0	0.40985	14.6816	11.9597	2.72185	0	0.30657	0	0	-0.8895	1.35025	38.6731	179.594	72.4059
THR_133	-6.1963	1.03817	4.05631	-0.12534	0.14899	0.07891	2.2013	5.83806	0.01072	0.09484	0.06673	-0.83541	0	0	0	0	0	0	0.21521	0.55864	0.43796	0.12068	0	-0.70991	0	5.02241	-0.9333	0.35889	11.4476	165.883	8.11694
MET_134	-6.98403	1.48939	5.51759	-0.70126	1.6373	0.3181	1.58434	6.02352	0.01764	0.09942	-1.59749	-0.22746	0	0	0	0	0	0	2.15637	13.964	12.0165	1.94752	0	0.0036	0	0	1.4633	1.74233	40.4707	233.291	28.7095
GLY_135	-3.52064	1.15253	4.09068	-0.00026	0	0	2.48606	5.24391	0.0205	0.1284	-2.6811	-0.1922	0	0	0	-0.37109	0	0	0.20015	0	0	0	0	-2.48883	0	0	1.435	2.17436	7.67745	150.467	13.5325
TRP_136	-10.544	2.35605	3.68388	-0.92272	0.06294	0.38433	2.95997	7.51952	0	2e-05	-2.65578	-0.02648	0	0	0	-0.58744	0	0	3.07855	2.09333	0.32927	0	1.76407	-0.49044	0	0	3.7077	-0.54981	12.1629	264.404	5.5957
GLU_137	-6.11786	1.86988	8.28046	-0.34108	0.14216	0.59036	3.21436	8.12251	0.08772	0.41282	-3.76955	-0.65612	0	0	0	0	-0.77276	0	0.3275	5.02008	0.33614	0	4.68394	0.38709	0	0	-1.6358	-0.41938	19.7625	189.548	33.4515
ALA_138	-2.4796	1.57277	1.92315	-0.02363	0	0	0.64208	2.78891	0.08689	0.41052	-0.55696	-0.19876	0	0	0	0	0	0	-0.11302	0	0	0	0	-0.22213	0	0	2.2619	0.29594	6.38805	81.5125	71.4875
SER_139	-3.67182	1.01083	3.7634	-0.03218	0.00315	0.02112	2.90193	4.67836	0	0	-2.38587	-0.66183	0	0	0	0	0	0	1.66142	0.80071	0.17062	0.63008	0	0.04251	0	4.04	-0.539	-0.04401	12.3894	151.85	10.1502
SER_140	-2.8612	0.2976	2.14364	-0.03899	0.01317	0.0282	1.004	3.2098	0.03385	0.28246	-0.34562	-0.56682	0	0	0	0	0	0	0.32135	1.5646	0.58093	0.98367	0	0.65231	0	4.04	-0.539	0.6234	11.4273	120.413	41.5871
GLU_141	-8.80616	1.61711	8.76842	-0.29012	0.04725	0.33284	5.14958	10.2296	0.06881	0.46025	-5.07424	-0.35153	0	0	0	0	-0.62462	0	0.05825	4.4963	0.46476	0	4.03154	0.47098	0	0	-1.6358	0.81907	20.2323	223	0
ARG_142	-4.92962	1.38355	4.67815	-0.89806	0.6037	0.48665	3.02325	5.86077	0	0	-2.48589	0.27539	0	0	0	0	0	0	-0.17666	5.21581	1.26634	3.94947	0	0.10851	0	0	-0.1423	0.37041	18.5895	131.251	133.749
MET_143	-10.1095	2.98254	4.77821	-0.29049	0.15856	0.13145	3.23287	7.03629	0	0	-2.7299	-0.34659	0	0	0	0	0	0	-0.02567	4.19491	0.52522	3.66969	0	0.05279	0	0	1.4633	-0.21384	14.5098	260.042	1.95826
TYR_144	-7.11063	1.89447	5.07066	-0.89272	0.04998	0.52756	2.74518	7.02359	0	0	-2.35523	-0.36387	0.00755	0	0	0	0	0	0.18224	3.39266	0.03476	0	3.3579	-0.35392	0	0	1.7379	2.3984	17.3465	186.664	61.3358
PRO_145	-4.32216	1.01253	1.65776	-0.19632	0.04859	0.14666	0.68842	2.27758	0.02541	0.28366	-0.275	-0.08092	0.02447	0	0	0	0	0	1.68085	1.04809	0.17186	0.87623	0	-0.27815	0	0	-4.6787	2.91297	3.02382	142.864	56.1358
GLU_146	-5.67124	4.5755	7.21746	-0.41156	1.72107	0.55064	3.2071	7.44085	0.02541	0.28366	-2.92044	-0.57887	0	0	0	0	-0.79742	0	0.0234	10.1977	5.84443	0	4.35324	-0.17273	0	0	-1.6358	1.61664	34.869	143.588	79.4123
ASP_147	-1.96103	1.152	2.71532	-0.32617	0.22217	1.10596	0.93091	2.86823	0	0	0.13647	0.10202	0	0	0	0	0	0	0.37516	3.92051	0.92488	0	2.99563	-0.91439	0	0	-1.6204	1.64554	14.2728	71.6897	113.31
GLY_148	-1.78617	0.51199	2.0352	-5e-05	0	0	0.7504	2.832	0	0	-0.39538	-0.4076	0	0	0	0	0	0	-0.19213	0	0	0	0	-2.23325	0	0	1.435	-0.79313	1.7569	104.24	59.7602
ALA_149	-5.16272	2.55064	2.88	-0.01644	0	0	2.4875	5.79674	0.01307	0.04078	-1.54108	-0.31027	0	0	0	0	0	0	0.5853	0	0	0	0	0.40212	0	0	2.2619	0.77114	10.7587	152.488	0.512343
LEU_150	-8.8341	1.4104	3.04312	-0.53648	0.42931	0.13122	2.81313	6.19966	0.00485	0.01539	-2.31269	0.20129	0	0	0	0	0	0	0.1488	5.70816	4.85362	0.85453	0	-0.53664	0	0	1.3223	1.64336	16.5593	210	0
LYS_151	-8.47946	4.44588	8.73697	-0.3927	0.5874	0.23173	5.25535	9.41413	0.01307	0.04078	-4.89027	-0.18299	0	0	0	0	-0.79742	0	0.4513	26.0012	23.3675	2.63375	0	0.20719	0	0	-0.8895	-0.24123	65.5126	219.362	32.6379
GLY_152	-4.27587	1.37917	3.93412	-0.00086	0	0	2.92148	5.18435	0.00485	0.01539	-3.07421	-0.35314	0	0	0	0	0	0	0.25686	0	0	0	0	2.02392	0	0	1.435	2.19445	11.6455	163.392	0.60815
GLU_153	-5.15477	0.91782	5.86089	-0.23696	0.13435	0.37667	2.91721	6.41422	0	0	-2.6174	-0.56879	0	0	0	0	0	0	-0.05933	4.66612	0.52083	0	4.14528	0.2537	0	0	-1.6358	2.3984	18.3324	168.603	54.3971
ILE_154	-7.63177	2.50549	4.08992	-0.43762	0.64473	0.09954	2.66652	6.07904	0	0	-2.28772	-0.14455	0	0	0	0	0	0	4.23298	9.17922	8.36726	0.81196	0	-0.32224	0	0	1.8006	0.2395	29.8928	197.004	9.99619
LYS_155	-2.59921	0.28455	1.8957	-0.38929	0.07412	0.2026	0.52041	2.45752	0.01569	0.15859	-0.35061	-0.09284	0	0	0	0	0	0	-0.104	5.9701	3.35238	2.61772	0	0.5064	0	0	-0.8895	0.74247	14.3728	87.9243	164.076
MET_156	-7.71987	3.16109	3.35288	-0.31091	0.2621	0.02419	2.50241	5.01162	0.00486	0.02746	-2.3679	0.06096	0	0	0	0	0	0	0.37382	1.84834	0.09123	1.75711	0	-0.08303	0	0	1.4633	-0.0625	9.39716	245.519	16.4806
ARG_157	-6.12232	1.47886	5.77033	-0.6654	0.12219	0.46779	1.69359	6.54865	0.00797	0.02228	-2.04438	0.16517	0	0	0	0	0	0	-0.10984	8.11406	4.9995	3.11456	0	0.0554	0	0	-0.1423	-0.13289	23.3432	147.853	117.147
LEU_158	-9.90456	3.73523	3.90837	-0.55998	0.79305	0.12339	3.75177	8.07825	0	0	-2.68206	0.27835	0	0	0	0	0	0	0.1819	4.99022	4.26528	0.72494	0	-0.61326	0	0	1.3223	0.24936	18.6426	210	0
LYS_159	-8.49723	1.17211	8.53131	-0.46024	0.19174	0.16684	4.33906	9.60491	0.02837	0.15277	-3.67143	0.30794	0	0	0	0	0	0	-0.01491	9.21425	5.19949	4.01476	0	-0.05749	0	0	-0.8895	-0.68084	28.6519	186.624	65.3755
LEU_160	-8.38795	5.27249	5.14465	-0.54424	0.83171	0.12185	2.85364	8.60922	0.00161	0.00593	-1.24122	0.22297	0	0	0	0	0	0	0.16183	4.70765	2.01399	2.69365	0	-0.59792	0	0	1.3223	-0.87065	22.3215	173.903	36.0975
LYS_161	-6.06588	2.24395	6.17873	-0.33168	0.07271	0.16842	2.34274	6.60914	0.02138	0.20562	-1.41667	0.05586	0	0	0	0	0	0	1.65594	5.3648	3.09043	2.27437	0	-0.12704	0	0	-0.8895	-0.4624	20.9909	158.126	93.8738
ASP_162	-1.8511	0.48355	3.44867	-0.12398	0.30103	0.40029	1.29379	3.69147	0.00036	0.0036	-2.19446	0.10834	0	0	0	0	0	0	1.25636	5.80674	2.25363	0	3.55311	-0.37144	0	0	-1.6204	-0.66685	15.7727	80.6511	104.349
GLY_163	-2.03087	0.59438	2.80468	-0.00084	0	0	1.44005	3.52575	0	0	-0.97725	-0.1454	0	0	0	0	0	0	0.17373	0	0	0	0	-2.51039	0	0	1.435	-0.32202	3.98683	118.601	45.3994
GLY_164	-2.66653	0.4757	2.54584	-0.00034	0	0	1.16197	3.68616	0.00161	0.00593	-1.41984	-0.19563	0	0	0	0	0	0	2.29664	0	0	0	0	-2.48656	0	0	1.435	0.31184	5.15178	119.36	44.6397
HIS_165	-6.82242	4.04117	4.76451	-0.48542	0.00344	0.66	1.76286	6.82952	0.01146	0.09923	-1.39206	0.50699	0	0	0	0	-0.77276	0	0.20944	3.57481	0.56219	0	3.01262	-0.35021	0	0	0.8406	0.11012	17.1661	166.526	74.474
TYR_166	-8.93989	3.82005	5.27549	-0.68619	0.14828	0.17954	3.85918	7.67155	0	0	-2.09106	-0.40749	0	0	0	0	0	0	5.12337	3.40541	0.00905	0	3.39636	-0.22734	0	0	1.7379	0.48089	22.7551	244.151	3.84923
THR_167	-4.83529	2.74709	4.78619	-0.19628	0.21373	0.07549	2.9282	5.76894	0.00486	0.02746	-2.87282	-0.34766	0	0	0	-0.92748	0	0	0.35229	19.4457	18.8658	0.57995	0	0.04359	0	4.91261	-0.9333	0.57833	51.2174	144.664	29.3356
SER_168	-5.88792	0.7442	4.77968	-0.03579	0.02292	0.04211	3.28435	6.49762	2e-05	6e-05	-2.11927	-0.12018	0	0	0	0	0	0	0.45642	4.14456	3.35086	0.79369	0	-0.04388	0	4.04	-0.539	0.26863	19.6791	162	0
GLU_169	-3.77819	0.17219	4.69351	-0.33081	0.13105	0.44532	3.17656	5.64545	0.03153	0.12133	-3.5158	-0.37281	0	0	0	0	0	0	0.89703	3.75377	0	0	3.75377	0.47195	0	0	-1.6358	0.12088	13.7809	138.715	84.2854
VAL_170	-7.808	2.25025	3.63352	-0.25958	0.27158	0.05139	3.28403	6.26919	2e-05	6e-05	-2.51235	-0.20896	0	0	0	0	0	0	0.22744	1.04074	0.49177	0.54897	0	-1.31347	0	0	2.7371	-0.46708	8.23664	179.788	2.21208
LYS_171	-4.58403	0.92534	5.95555	-0.37368	0.09973	0.23436	3.54172	6.54994	0.03153	0.12133	-4.33191	0.05599	0	0	0	0	0	0	0.03932	4.54647	1.16524	3.38124	0	0.27508	0	0	-0.8895	-0.36242	16.3813	151.151	100.849
THR_172	-7.37045	2.19163	4.80642	-0.14128	0.08472	0.05335	4.17996	7.42631	0	0	-3.257	-0.721	0	0	0	0	-0.50519	0	1.23959	1.95428	1.35892	0.59537	0	-0.35516	0	5.04646	-0.9333	0.05984	15.7135	171.339	2.66105
THR_173	-5.25348	1.58012	3.77088	-0.17716	0.17222	0.06433	2.92451	5.66539	0	0	-2.43554	-0.60729	0	0	0	0	0	0	-0.03881	0.5564	0.35428	0.20212	0	0.04406	0	5.07039	-0.9333	0.14961	11.1087	142.977	31.0234
TYR_174	-10.8727	3.07648	4.6854	-0.64786	0.07537	0.38192	4.31948	8.32246	0.0056	0.10681	-2.2157	-0.18174	0	0	0	0	0	0	0.12486	4.66205	1.78725	0	2.8748	-0.02181	0	0	1.7379	-0.04162	18.1789	248	0
LYS_175	-5.14165	1.85398	5.00494	-0.51867	0.42225	0.31268	3.38154	6.39439	0	0	-2.82318	0.89451	0	0	0	0	0	0	0.32903	9.61544	6.45733	3.15812	0	0.19659	0	0	-0.8895	0.6853	29.3331	154.39	97.6098
ALA_176	-4.7912	1.44066	1.96091	-0.0225	0	0	2.25142	4.53431	0	0	-0.30846	-0.19792	0	0	0	0	0	0	0.10121	0	0	0	0	-0.24235	0	0	2.2619	0.17981	7.16781	142.532	10.4677
LYS_177	-7.09339	0.72391	9.84682	-0.36796	0.17719	0.21761	4.08686	9.59001	0	0	-5.80177	-0.14732	0	0	0	-0.15653	-0.66371	0	0.57214	3.98034	1.53093	2.44942	0	-0.11676	0	0	-0.8895	-1.07993	16.8584	187.931	64.0689
LYS_178	-5.31118	2.55124	5.86561	-0.49103	0.17312	0.33831	2.65527	6.84685	0.02483	0.15612	-1.8293	-0.11075	0.14487	0	0	0	0	0	0.04917	4.2768	1.31947	2.95733	0	0.04048	0	0	-0.8895	2.14739	20.9151	163.669	88.3309
PRO_179	-1.68133	0.75639	0.96144	-0.17832	0.00075	0.12925	0.02792	1.21693	0	0	-0.44776	0.02511	0.23489	0	0	0	0	0	0.90446	3.765	2.65707	1.10793	0	-0.66344	0	0	-4.6787	2.25834	6.39593	57.8849	141.115
VAL_180	-5.60526	3.9939	0.82202	-0.33203	0.71671	0.07673	1.27234	3.78914	0	0	-0.0967	-0.38012	0	0	0	0	0	0	-0.0353	26.5156	25.6236	0.892	0	-0.40223	0	0	2.7371	-0.37773	59.2098	152.979	29.0211
GLN_181	-3.35955	1.20424	2.16144	-0.6667	0.22617	0.45163	1.19915	2.98784	0	0	-1.10121	-0.07323	0	0	0	-0.77348	0	0	0.73212	4.13827	0.45543	0	3.68284	0.21376	0	0	-0.1077	1.23377	12.6048	74.6425	142.358
LEU_182	-5.81753	0.78055	2.04574	-0.42233	0.1328	0.07014	1.16079	4.28615	0	0	-0.72697	0.20197	0.04032	0	0	-0.77348	0	0	-0.06595	8.0009	7.31495	0.68596	0	-0.53794	0	0	1.3223	3.44165	21.14	152.079	57.9211
PRO_183	-5.41392	1.3153	2.20326	-0.20711	0.02182	0.15237	1.12311	2.19414	0	0	-0.33268	0.11872	0.0586	0	0	0	0	0	3.57631	0.61464	0.24237	0.37227	0	-1.30023	0	0	-4.6787	2.47308	2.53334	190.529	8.47122
GLY_184	-2.08647	0.52724	1.93328	-0.0003	0	0	0.86206	2.39504	0	0	-0.23619	-0.18676	0	0	0	0	0	0	0.60954	0	0	0	0	-0.77121	0	0	1.435	0.34074	4.82196	105.938	58.0616
ALA_185	-2.64499	0.82262	1.23628	-0.02346	0	0	0.62167	2.42847	0.02197	0.18341	-0.25895	-0.19587	0	0	0	0	0	0	0.12653	0	0	0	0	-0.25104	0	0	2.2619	-0.55169	3.77686	86.573	66.427
TYR_186	-9.59981	1.30392	4.14151	-0.79872	0.13524	0.33668	4.18945	7.54972	0	0	-3.08017	-0.46114	0	0	0	0	-0.90305	0	0.24929	3.4965	0.53524	0	2.96126	-0.13227	0	0	1.7379	1.21892	12.8805	245.342	2.65752
ILE_187	-7.85438	1.24902	5.19604	-0.46172	2.10584	0.09109	3.06029	7.92505	0.00053	0.00157	-2.28991	0.12176	0	0	0	0	0	0	1.2749	0.97178	0.35329	0.6185	0	-0.95536	0	0	1.8006	1.48473	14.6936	190.338	16.6617
VAL_188	-7.90396	1.89416	2.66153	-0.26874	0.32398	0.05711	2.73597	6.61697	0	0	-2.42754	-0.11515	0	0	0	0	0	0	0.69657	0.22327	0.0117	0.21157	0	-0.91341	0	0	2.7371	-0.6313	5.90984	182	0
GLY_189	-3.53006	1.38233	3.50694	-0.0004	0	0	2.66458	5.08351	0.00053	0.00157	-2.46828	-0.32012	0	0	0	0	0	0	2.17637	0	0	0	0	1.75305	0	0	1.435	1.40539	13.0904	145.934	18.0662
ILE_190	-6.62803	2.21292	3.95614	-0.46925	1.07115	0.09607	3.18461	6.42864	0	0	-2.55293	0.00635	0	0	0	0	0	0	2.41374	1.41813	0.70107	0.71707	0	-0.75708	0	0	1.8006	1.74071	15.3399	187.131	19.8692
LYS_191	-6.33565	2.14685	8.82144	-0.76198	1.05448	0.48213	5.6152	9.81081	0.00326	0.00597	-7.4286	0.98572	0	0	0	0	-0.10268	0	-0.01432	2.98002	0.24237	2.73765	0	0.07144	0	0	-0.8895	0.33383	19.7584	181.477	70.5235
LEU_192	-6.48285	1.33085	3.83666	-0.57866	0.35277	0.13543	1.27629	6.04859	0.00326	0.00599	-0.90853	0.28029	0	0	0	0	0	0	0.14808	2.01785	0.85385	1.164	0	-0.17803	0	0	1.3223	0.28077	10.9089	192.421	17.5786
ASP_193	-5.22828	0.48036	7.89672	-0.11531	0.00071	0.33758	4.5377	8.65009	0	0	-5.26594	-0.06479	0	0	0	0	-0.10268	0	3.38314	4.04588	0.0565	0	3.98938	1.15531	0	0	-1.6204	0.36544	22.5014	173.314	11.6863
ILE_194	-7.44539	2.02478	2.74389	-0.49352	2.14423	0.10573	2.31414	6.22073	0	0	-1.51152	0.30542	0	0	0	0	0	0	-0.11144	0.59543	0.19828	0.39715	0	-0.57293	0	0	1.8006	0.59422	9.30981	203.926	3.07406
THR_195	-6.40448	4.05467	3.18869	-0.127	0.08166	0.05706	1.88467	5.89154	0.00031	0.00993	-0.35552	-0.04224	0	0	0	0	0	0	0.53364	0.99608	0.64878	0.3473	0	-0.6498	0	5.05842	-0.9333	-0.14341	14.097	172.784	1.2163
SER_196	-4.74153	0.76155	4.53379	-0.03426	0.01208	0.04491	2.63442	5.64119	0.00031	0.00993	-1.56591	0.00543	0	0	0	0	0	0	0.80511	1.24492	0.001	1.24391	0	-0.61993	0	4.04	-0.539	-0.22314	13.2548	144.915	17.0848
HIS_197	-6.72554	1.46187	4.25678	-0.89863	0.13277	1.28106	1.94287	6.50583	0.06066	0.483	-0.47795	-0.3732	0	0	0	0	0	0	0.36543	2.76006	0.01872	0	2.74133	-0.59065	0	0	0.8406	0.12477	13.9098	191.175	49.8248
ASN_198	-6.09847	0.82764	7.69713	-0.34095	0.10775	0.60465	4.84848	9.36137	0	0	-1.60174	-0.25306	0	0	0	-0.87992	0	0	4.16447	2.54477	0.03624	0	2.50852	-0.46078	0	0	-0.3009	0.39737	23.1626	127.479	56.521
GLU_199	-1.6504	0.23082	1.93491	-0.32254	0.09538	0.39733	0.5369	2.40536	0	0	0.6725	-0.56703	0	0	0	0	0	0	0.09043	5.32611	0.17219	0	5.15392	-0.59897	0	0	-1.6358	-0.21198	12.0291	57.4342	165.566
ASP_200	-4.09867	0.85619	5.41121	-0.2512	0.08514	0.87181	2.22419	6.26741	0.05876	0.37535	-0.70449	-2.1212	0	0	0	0	0	0	0.15982	3.13672	0.01198	0	3.12474	-0.51744	0	0	-1.6204	-1.06837	12.2015	133.319	51.6812
TYR_201	-7.73835	0.87384	4.76559	-0.55135	0.183	0.28627	2.68206	7.76747	0.06944	0.57477	-1.77141	-0.54591	0	0	0	0	-0.39219	0	2.3132	4.04858	0.60327	0	3.4453	0.28895	0	0	1.7379	0.05414	18.6946	214.421	33.5793
THR_202	-6.01682	1.14007	5.30725	-0.12916	0.06091	0.06366	3.64049	7.31195	0.01943	0.07801	-1.70286	-0.12403	0	0	0	-0.258	0	0	3.7626	0.58676	0.46008	0.12668	0	-0.46784	0	5.0337	-0.9333	0.14377	18.1033	151.973	22.0266
ILE_203	-6.11169	1.1673	4.52977	-0.48984	1.95607	0.10147	2.68457	6.27918	0.00514	0.06246	-1.72927	0.05864	0	0	0	-0.62192	0	0	0.36556	0.41536	0.06631	0.34905	0	-0.76268	0	0	1.8006	-0.28733	9.83876	157.703	49.2972
VAL_204	-8.22589	1.91498	2.24066	-0.25706	0.19477	0.05308	2.9849	6.32045	0	0	-2.56565	-0.31734	0	0	0	0	0	0	1.20785	0.46563	0.00114	0.46449	0	-0.95716	0	0	2.7371	0.11494	6.37688	182	0
GLU_205	-7.21343	2.54943	8.65388	-0.20591	0.07294	0.28741	5.71958	9.39353	0.00372	0.01728	-6.97342	-0.48748	0	0	0	0	-0.1983	0	0.00021	4.8814	0.12833	0	4.75306	0.36804	0	0	-1.6358	-0.11618	19.9983	207.15	15.8499
GLN_206	-7.97636	1.0677	5.39998	-0.39886	0.09333	0.33083	4.33404	8.0775	0.07911	0.46239	-3.76463	-0.51903	0	0	0	0	-0.54484	0	0.31079	6.16935	0.95278	0	5.21657	-0.20088	0	0	-0.1077	-0.21565	18.7664	209.114	7.88576
TYR_207	-8.27665	1.65178	4.76886	-0.76798	0.10238	0.12985	3.39153	7.25171	0	0	-2.37909	-0.47807	0	0	0	0	0	0	0.02492	3.52424	1e-05	0	3.52423	-0.11405	0	0	1.7379	-0.54088	13.5507	220.344	27.6555
GLU_208	-6.85398	1.52552	6.50598	-0.37253	0.07263	0.58201	3.09184	8.07203	0.00116	0.01338	-3.12795	-0.34363	0	0	0	0	-0.11193	0	0.77904	16.6918	11.0842	0	5.60757	-0.03756	0	0	-1.6358	-0.44608	41.0976	197.961	25.0388
ARG_209	-7.95087	3.72695	9.1185	-1.5783	2.56702	0.7969	5.45279	10.7331	0.03986	0.18295	-3.78781	0.38531	0	0	0	-0.74945	0	0	0.18756	20.5131	16.4946	4.01858	0	-0.0551	0	0	-0.1423	-0.30358	59.6498	184.278	80.722
ALA_210	-5.56703	1.1591	3.30944	-0.02436	0.00052	0	2.81889	6.43855	0	0	-2.71976	-0.41307	0	0	0	0	0	0	-0.06076	0	0	0	0	-0.04132	0	0	2.2619	0.26607	7.42816	151.718	1.28203
GLU_211	-5.77567	0.49631	5.94751	-0.29765	0.12086	0.34852	3.19688	7.0126	0.03986	0.18295	-3.42201	-0.29876	0	0	0	0	0	0	0.2182	3.95371	0.14007	0	3.81364	-0.21556	0	0	-1.6358	1.16889	14.9945	155.733	67.2673
GLY_212	-3.90411	0.78075	2.88257	-0.00031	0	0	1.52724	4.15653	0	0	-1.31124	-0.26293	0	0	0	0	0	0	0.35265	0	0	0	0	0.79934	0	0	1.435	0.94754	7.40304	162.784	1.2163
ARG_213	-5.39507	0.24726	5.29759	-0.68051	0.39775	0.44851	2.95164	6.42033	0.0185	0.1285	-2.2922	0.10412	0	0	0	0	0	0	0.04325	4.93788	1.62521	3.31267	0	-0.12132	0	0	-0.1423	0.42337	17.7252	157.229	107.771
HIS_214	-3.10772	0.3114	3.28891	-0.43841	0.02329	0.55242	1.20895	3.81654	0.02232	0.18803	-2.10679	0.50785	0	0	0	0	-1.01963	0	0	4.18561	0.83563	0	3.34998	0	0	0	0.8406	0.1556	12.6146	74.4037	166.596
ALA_215	-1.86548	0.2432	2.92775	-0.01788	0	0	1.46721	3.58879	0.11224	0.29621	-0.8336	0.61452	0	0	0	-0.89045	0	0	0.60782	0	0	0	0	0	0	0	2.2619	0	8.51223	41.2534	111.747
ILE_216	-4.89517	3.18384	0.82756	-0.70431	2.08084	0.16078	0.67659	2.76197	0	0	0.2674	0.3827	0	0	0	0	0	0	0.03499	2.58591	1.83054	0.75537	0	-0.71365	0	0	1.8006	0.42708	11.4631	166.081	40.9194
ILE_217	-7.01677	1.22334	1.56716	-0.52174	1.43245	0.11869	1.1707	4.13307	0.10885	0.2798	0.37571	0.07507	0	0	0	0	0	0	-0.1246	0.49274	0.01404	0.4787	0	-1.06148	0	0	1.8006	-0.09743	4.44889	193.879	13.1215
LYS_218	-6.37436	1.17175	8.04717	-0.56363	0.45984	0.41288	4.4317	8.25022	0	0	-4.43336	0.29086	0	0	0	-0.89045	-0.1983	0	0.61716	5.02565	2.48614	2.53951	0	0.18247	0	0	-0.8895	-0.12869	20.4371	194.787	57.2133
GLU_219	-3.45803	0.83229	3.07605	-0.24456	0.10541	0.37241	0.84111	3.67385	0	0	-0.46377	-0.55259	0	0	0	0	0	0	1.45421	5.39225	0.0764	0	5.31584	-0.39115	0	0	-1.6358	-0.12452	14.2694	111.799	111.201
PHE_220	-6.69371	1.73194	4.31356	-0.79262	0.07888	0.09404	1.00559	6.03942	0	0	0.0999	-0.60163	0	0	0	0	0	0	-0.11463	3.53086	0.28228	0	3.24859	-0.07559	0	0	1.9602	-0.66221	13.4449	173.567	63.4326
MET_221	-8.90283	0.84448	4.97652	-0.45018	0.38015	0.03832	3.3412	6.91871	0	0	-2.32798	-0.26376	0	0	0	0	0	0	0.49173	2.67059	0.34887	2.32172	0	-0.2024	0	0	1.4633	-0.05093	11.5975	254.954	7.04565
ARG_222	-5.67528	1.45799	4.48498	-0.5895	0.16558	0.36064	1.6509	5.46164	0.0173	0.20763	-2.46178	0.15756	0	0	0	0	0	0	0.16539	4.04177	1.03004	3.01173	0	-0.06735	0	0	-0.1423	0.34394	13.6209	144.986	120.014
PHE_223	-10.4275	3.21428	4.30164	-0.87703	0.19478	0.47685	3.63977	8.41022	0	0	-2.40472	-0.14027	0	0	0	0	0	0	0.85773	2.74511	0.15158	0	2.59354	-0.83544	0	0	1.9602	0.27977	14.1405	237	0
LYS_224	-5.71389	4.90345	5.70603	-0.43672	0.25507	0.33185	3.99829	7.09666	0	0	-3.14137	-0.13062	0	0	0	0	0	0	0.19203	6.40182	2.34896	4.05286	0	0.09296	0	0	-0.8895	-0.21371	24.8542	189.021	62.9794
VAL_225	-6.7807	2.28864	2.23233	-0.35014	0.39185	0.08269	2.66613	5.51309	0	0	-2.41635	-0.12126	0	0	0	0	0	0	1.39849	1.23864	0.19792	1.04071	0	-0.50159	0	0	2.7371	-0.30289	9.31468	180.062	1.9379
ARG_226	-5.24639	1.0906	4.87071	-0.68137	0.22333	0.42151	2.98849	5.69853	0	0	-3.00812	0.53346	0	0	0	0	0	0	0.5206	3.14334	0	3.14334	0	-0.21492	0	0	-0.1423	-0.2799	13.0609	154.878	110.122
MET_227	-9.78512	2.5972	3.7489	-0.40071	0.33679	0.12748	3.01649	5.77094	0	0	-2.88585	0.11911	0	0	0	0	0	0	2.81069	2.24456	0.44963	1.79493	0	0.362	0	0	1.4633	-0.29088	11.4795	262	0
GLU_228	-4.17394	0.63269	4.90168	-0.23568	0.05574	0.39594	2.84628	5.30123	0	0	-3.8999	-0.57449	0	0	0	0	0	0	0.32426	6.86455	1.56136	0	5.30319	0.54772	0	0	-1.6358	-0.02908	18.1857	156.26	66.7398
GLY_229	-3.9453	1.41056	3.15186	-0.00109	0	0	2.60241	4.88723	0	0	-2.25472	-0.3265	0	0	0	0	0	0	0.9123	0	0	0	0	0.34916	0	0	1.435	0.97081	9.19173	154.272	9.72787
SER_230	-4.99378	1.1564	4.74184	-0.03579	0.00948	0.04808	2.94794	6.62612	0	0	-2.7044	-0.03724	0	0	0	0	0	0	0.09744	0.27592	0.00424	0.27169	0	-0.30215	0	4.04	-0.539	1.47259	13.0794	138.873	23.1274
VAL_231	-7.62598	1.90868	2.01761	-0.27374	0.32216	0.06341	2.42838	6.17963	0	0	-1.65718	-0.35981	0	0	0	0	0	0	-0.00157	0.76548	0.4993	0.26618	0	-1.07556	0	0	2.7371	0.37119	6.56528	182	0
ASN_232	-5.25851	0.51646	4.57993	-0.16881	0.08758	0.30641	3.02533	6.07767	0	0	-1.90796	-0.90113	0	0	0	-1.98338	0	0	-0.03909	7.10994	1.82392	0	5.28603	-1.69285	0	0	-0.3009	-0.2871	16.2735	129.13	54.8698
GLY_233	-1.78965	0.58861	2.2512	-5e-05	0	0	0.3845	2.91888	0.00829	0.04502	-0.03147	-0.40332	0	0	0	0	0	0	-0.12451	0	0	0	0	-2.36373	0	0	1.435	-0.64061	2.27815	102.93	61.0698
HIS_234	-6.63116	19.0205	6.7115	-0.64734	0.07704	0.59689	3.46576	8.2998	0	0	-3.3117	-0.62269	0	0	0	0	0	0	-0.18375	3.69369	0.00014	0	3.69354	-0.17894	0	0	0.8406	-0.15226	34.6716	189.575	51.4246
GLU_235	-3.31009	0.36054	3.01008	-0.21685	0.05299	0.30933	0.90317	3.95589	0	0	-0.40514	-0.45815	0	0	0	0	0	0	0.04068	4.75471	0.56476	0	4.18995	-0.02832	0	0	-1.6358	0.03814	12.1259	88.5005	134.499
PHE_236	-10.1103	1.76786	2.45929	-1.07366	0.26487	0.63587	2.95364	7.02194	0	0	-2.4654	-0.22927	0	0	0	0	0	0	0.35189	1.99119	0.03749	0	1.9537	-0.84863	0	0	1.9602	-0.10095	6.56976	234.151	2.84914
GLU_237	-7.27071	3.07936	8.64312	-0.19157	0.04605	0.23522	4.84128	9.1046	0.01427	0.14561	-5.71257	-0.64006	0	0	0	0	-0.26437	0	-0.00911	4.74766	0.67726	0	4.0704	-0.09774	0	0	-1.6358	0.13885	19.9218	186.472	36.5279
ILE_238	-9.23536	2.66254	2.68991	-0.45613	0.58094	0.09306	3.12332	6.36388	0	0	-2.80259	0.05368	0	0	0	0	0	0	1.04668	2.62398	1.82328	0.8007	0	-0.73734	0	0	1.8006	-0.21003	10.2211	207	0
GLU_239	-5.01698	0.58617	4.74335	-0.20204	0.06658	0.30555	3.21278	5.90717	0	0	-2.55864	-0.58316	0	0	0	0	0	0	-0.00036	4.14698	0.19944	0	3.94754	0.07881	0	0	-1.6358	-0.21175	12.9856	156.027	66.9729
GLY_240	-3.69138	0.62609	2.99122	-0.00126	0	0	2.51817	4.6128	0	0	-2.3982	-0.34516	0	0	0	0	0	0	-0.17531	0	0	0	0	-0.51418	0	0	1.435	0.49704	5.55481	157.514	6.4856
GLU_241	-3.71843	0.49212	3.42551	-0.1929	0.04807	0.27902	2.78526	4.66017	0	0	-2.5491	-0.65738	0	0	0	0	0	0	-0.00034	4.90989	0.35568	0	4.55421	-0.11167	0	0	-1.6358	0.51576	13.1601	114.679	108.321
GLY_242	-4.16263	1.26929	3.24243	-0.00159	0	0	2.64242	5.13601	0	0	-2.47124	-0.34841	0	0	0	0	0	0	-0.09964	0	0	0	0	-0.3059	0	0	1.435	0.60164	6.93737	160.414	3.5864
GLU_243	-5.30657	1.06332	4.76402	-0.37226	0.17254	0.52528	2.92968	5.94933	0.04541	0.33289	-2.95217	-0.45423	0	0	0	0	0	0	0.00447	4.31653	0.06478	0	4.25175	0.29857	0	0	-1.6358	1.41562	15.4132	155.857	67.1429
GLY_244	-4.44952	1.04785	3.43949	-0.00178	0	0	2.72667	5.06585	0.0381	0.1968	-2.10981	-0.38382	0	0	0	0	0	0	0.15963	0	0	0	0	-2.46573	0	0	1.435	1.15643	5.85516	162.463	1.53703
ARG_245	-7.58814	1.68435	6.7159	-0.8404	0.71187	0.45614	3.39822	8.05294	0	0	-2.64955	-0.12561	0.00131	0	0	0	0	0	0.72825	6.99549	3.42244	3.57305	0	-0.16829	0	0	-0.1423	3.39098	27.6167	187.365	77.6354
PRO_246	-8.32818	2.88479	4.81598	-0.07209	0	0.04545	2.58397	5.6969	0	0	-0.66049	0.61196	0.15247	0	0	-0.04233	0	0	-0.22642	0.72921	0.24467	0.48454	0	0.9579	0	0	-4.6787	3.1072	8.30683	199	0
TYR_247	-6.09695	0.7316	4.00894	-0.64644	0.07621	0.36402	1.47523	5.41507	0	0	0.16724	-0.19599	0	0	0	0	0	0	0.29711	3.18787	0.26095	0	2.92692	-0.01008	0	0	1.7379	-0.11196	13.5876	146.836	101.164
GLU_248	-4.75539	0.80088	4.29459	-0.41527	0.0514	0.88972	1.80068	5.05769	0	0	-0.53189	-0.20435	0	0	0	0	0	0	0.37759	6.23718	1.27259	0	4.96458	-0.19709	0	0	-1.6358	-0.59773	17.4094	138.316	84.6843
GLY_249	-5.32678	7.37749	5.35161	-5e-05	0	0	3.66742	7.39668	0	0	-2.67435	-0.38047	0	0	0	0	0	0	4.67458	0	0	0	0	-1.83961	0	0	1.435	-0.14985	19.5317	164	0
PHE_250	-7.0464	1.94811	4.17691	-0.95798	0.16327	0.56155	2.49261	5.85929	0	0	-1.89571	-0.16192	0	0	0	0	0	0	0.24492	2.18524	0.00024	0	2.185	-0.69134	0	0	1.9602	0.08746	11.1115	187.703	49.2968
GLN_251	-7.98694	1.62342	6.53314	-0.4827	0.27826	0.38975	4.34228	8.48152	0.01338	0.14723	-1.91886	-0.4862	0	0	0	0	-0.43811	0	0.02103	5.14627	0.10489	0	5.04137	0.21387	0	0	-0.1077	0.88857	21.8045	209.472	7.52831
THR_252	-4.29648	2.15249	3.79876	-0.12929	0.07678	0.08924	3.10554	5.26139	0.0302	0.1565	-2.72683	-0.83769	0	0	0	0	0	0	-0.01078	0.45259	0.11353	0.33906	0	-0.43324	0	5.03956	-0.9333	0.64057	11.8886	128.524	45.4756
ALA_253	-4.57735	1.90605	2.40979	-0.02357	0	0	3.00489	4.9359	0	0	-2.26253	-0.41027	0	0	0	0	0	0	0.17901	0	0	0	0	-0.12686	0	0	2.2619	-0.2628	7.03414	147.9	5.10002
LYS_254	-5.81527	0.80717	5.15583	-0.40159	0.09694	0.19519	2.89324	6.10661	0.0119	0.03121	-2.53806	-0.02129	0	0	0	0	0	0	0.23373	4.06685	1.43531	2.63154	0	0.54824	0	0	-0.8895	0.52192	15.07	159.847	92.1532
LEU_255	-9.09011	1.57947	2.18145	-0.65135	1.25967	0.17069	2.88127	6.3505	0	0	-2.61959	0.27081	0	0	0	0	0	0	-0.04084	3.98748	1.4985	2.48898	0	-0.41967	0	0	1.3223	0.12811	11.2977	210	0
LYS_256	-6.09124	1.21608	5.27952	-0.31492	0.10379	0.17667	3.23773	6.59339	0.0119	0.03121	-2.33396	-0.32466	0	0	0	0	0	0	0.79192	4.08754	0.90977	3.17777	0	0.32777	0	0	-0.8895	-0.29946	15.6913	158.496	93.5039
VAL_257	-6.56867	0.77334	1.38246	-0.28484	0.34494	0.06096	1.86246	4.86037	0	0	-1.0445	0.0403	0	0	0	0	0	0	-0.14796	0.11797	0.09681	0.02116	0	-0.42283	0	0	2.7371	0.19372	4.02279	167.404	14.5956
THR_258	-4.20675	0.35623	3.86243	-0.12749	0.08768	0.06056	1.53972	4.9189	0.01427	0.14561	-0.41709	0.07289	0	0	0	0	0	0	2.21192	0.72313	0.505	0.21813	0	-0.96438	0	5.04147	-0.9333	-0.18663	12.9223	119.998	54.0018
LYS_259	-5.40449	2.70197	6.97052	-0.28092	0.04574	0.13697	3.80047	7.37725	0	0	-3.18989	-0.30746	0	0	0	0	-0.26437	0	0.37672	5.24804	2.13718	3.11086	0	-0.16226	0	0	-0.8895	-0.03714	21.3697	120.537	131.463
GLY_260	-2.54714	17.6415	1.8865	-5e-05	0	0	0.90582	2.97111	0	0	-0.48161	-0.39179	0	0	0	0	0	0	-0.27653	0	0	0	0	-2.35707	0	0	1.435	-0.62024	18.1655	128.617	35.3832
GLY_261	-1.97631	1.07607	1.13799	-0.00042	0	0	0.20789	2.09618	0	0	0.61651	-0.24284	0.00884	0	0	0	0	0	0.09611	0	0	0	0	0.61911	0	0	1.435	2.74365	7.81779	128.283	35.7172
PRO_262	-2.83	1.24655	1.5271	-0.20124	0.05024	0.15198	0.67415	2.04062	0	0	0.51319	-0.05194	0.02546	0	0	0	0	0	0.23106	0.5914	0.1313	0.4601	0	-1.19065	0	0	-4.6787	3.30686	1.99748	123.036	75.9644
LEU_263	-6.48273	1.29977	0.18811	-0.48934	0.44789	0.10087	1.2153	3.36657	0.12609	0.5023	-0.55648	0.30891	0.06978	0	0	0	0	0	0.00969	1.3718	0.39996	0.97185	0	-0.33589	0	0	1.3223	1.68033	5.51709	204.01	5.9901
PRO_264	-4.32767	1.08069	2.12888	-0.1604	0.14875	0.10165	0.92263	2.40018	0	0	0.40018	0.40528	0.19446	0	0	0	0	0	0.12125	0.17469	0.10879	0.06591	0	0.00247	0	0	-4.6787	3.73813	2.82714	147.663	51.3372
PHE_265	-10.1594	2.11084	0.62477	-1.00825	0.18535	0.6183	1.22878	4.49609	0	0	-0.6228	-0.16094	0	0	0	0	0	0	0.15861	2.60836	0.28275	0	2.32561	-0.99612	0	0	1.9602	2.00834	5.66051	233.959	3.04075
ALA_266	-4.83272	0.93057	2.81426	-0.02776	0.003	0	2.73649	5.36637	0.00045	0.00207	-1.19595	-0.30878	0	0	0	0	0	0	0.79346	0	0	0	0	0.44095	0	0	2.2619	0.24136	9.22568	149.926	3.07406
TRP_267	-10.0847	3.49298	2.51888	-1.26564	0.29506	0.78471	2.98551	6.53838	0	0	-2.06656	-0.39476	0	0	0	0	-0.53997	0	0.11901	3.9955	3e-05	0	3.99548	0.25243	0	0	3.7077	-0.19553	14.1385	264.213	5.78652
ASP_268	-6.68309	1.42952	7.23636	-0.11242	0.01176	0.34667	4.38752	8.95639	0	0	-3.02477	-0.46226	0	0	0	-1.08909	0	0	0.09135	2.96011	0.00059	0	2.95952	-0.0113	0	0	-1.6204	0.53961	15.9161	181.959	3.04095
ILE_269	-7.05859	1.12251	1.26078	-0.53361	0.73275	0.1295	1.85877	4.73739	0	0	-1.0529	0.33062	0	0	0	-0.58043	0	0	-0.02432	1.27284	0.53582	0.73701	0	0.78663	0	0	1.8006	0.66226	6.71763	207	0
LEU_270	-9.29461	1.71738	2.18986	-0.53077	0.78379	0.13913	3.12002	5.9523	0.00063	0.00254	-2.35628	0.22415	0	0	0	0	0	0	0.91932	1.27988	0.94501	0.33487	0	-0.46627	0	0	1.3223	-0.05147	6.23178	210	0
SER_271	-6.2482	7.84157	5.96003	-0.03561	0.00311	0.03486	3.67847	7.59346	0	0	-1.46294	-0.44254	0.25183	0	0	0	0	0	-0.08973	1.39756	0.11386	1.28371	0	0.46615	0	4.04	-0.539	3.78605	27.6326	157.839	4.16125
PRO_272	-6.4591	7.12669	3.3672	-0.08826	0.00032	0.05407	1.20107	4.09038	0	0	-0.48316	0.56554	0.54011	0	0	-0.14966	0	0	0.03956	1.03693	0.24549	0.79144	0	-0.65482	0	0	-4.6787	4.32583	10.8709	165.508	33.4922
GLN_273	-8.67764	3.67044	4.17397	-0.73633	0.40443	1.02942	3.13023	6.83201	0.00032	0.00697	-2.43164	-0.31994	0	0	0	-0.58043	-0.46219	0	1.55133	11.9873	8.25844	0	3.72887	-0.26285	0	0	-0.1077	-0.07097	31.1241	213.619	3.38109
PHE_274	-7.98858	1.1744	0.26	-0.63756	0.09854	0.36545	1.18649	3.59393	0.08022	0.46383	-0.68302	0.04359	0	0	0	0	0	0	69.0552	3.32296	0.17188	0	3.15108	-0.41513	0	0	1.9602	0.77933	75.9828	217.818	19.1821
SER_275	-4.12567	0.93878	3.71451	-0.04897	0.00627	0.08104	3.05567	4.73661	0.01123	0.15554	-0.48769	0.13615	0	0	0	0	-0.43811	0	4.31748	0.54364	0.00379	0.53985	0	1.0043	0	4.04	-0.539	9.00943	26.6548	144.571	17.4294
LYS_276	-6.75028	1.62292	4.68588	-0.6412	0.74131	0.43668	2.68431	5.91379	0.14764	0.65505	-0.71605	0.1874	0	0	0	0	-0.5346	0	1.87483	5.63227	2.61901	3.01325	0	-0.06462	0	0	-0.8895	7.55734	28.1754	240.408	11.5924
ALA_277	-4.51892	0.58165	2.23366	-0.02542	0.0029	0	2.12905	4.4965	0.07092	0.64356	-0.8221	-0.40789	0	0	0	0	0	0	-0.02657	0	0	0	0	-0.14831	0	0	2.2619	-0.49868	5.97227	153	0
TYR_278	-11.7631	2.94241	5.17976	-0.57941	0.16174	0.3202	2.91899	9.40654	0.08689	0.55608	-1.38443	-0.2893	0	0	0	0	0	0	1.08729	3.32229	0.06906	0	3.25323	-0.26573	0	0	1.7379	1.34214	18.1025	248	0
VAL_279	-7.46267	1.53626	3.71064	-0.28015	0.323	0.06131	2.49052	7.74472	0.04609	0.13169	-0.3763	-0.18332	0	0	0	0	0	0	0.92733	0.45688	0.09127	0.36561	0	-1.14549	0	0	2.7371	1.21882	12.3933	182	0
LYS_280	-7.4228	0.71188	7.58476	-0.42328	0.10752	0.22639	3.5255	8.50497	0	0	-3.05116	0.11913	0	0	0	0	0	0	0.44386	6.06412	3.87047	2.19365	0	0.22177	0	0	-0.8895	-0.3276	21.4597	176.055	75.9452
HIS_281	-7.27111	1.9425	6.01188	-0.36803	0.00131	0.40534	1.79914	7.74424	0	0	0.21713	0.04848	0.05523	0	0	0	-0.87641	0	2.7907	4.73908	1.17042	0	3.56867	0.12042	0	0	0.8406	2.96844	25.908	219.721	21.2794
PRO_282	-4.54537	1.39448	3.90222	-0.13495	0.0034	0.09588	2.10438	4.13401	0	0	-0.94709	0.22674	0.14517	0	0	0	0	0	1.6543	0.16295	0.01227	0.15067	0	-1.8211	0	0	-4.6787	2.46906	4.32834	157.592	41.4075
ALA_283	-1.20566	0.15597	1.64185	-0.02443	0.00044	0	0.73214	2.09661	0	0	0.25478	-0.39941	0	0	0	0	0	0	0.05108	0	0	0	0	-0.17483	0	0	2.2619	-0.58137	4.80906	42.4455	110.555
ASP_284	-2.75698	0.51366	3.92966	-0.22854	0.01018	0.75998	1.72654	4.23217	0	0	-1.96312	-2.10882	0	0	0	0	-0.97232	0	0.65817	5.15294	0.05219	0	5.10075	-0.38392	0	0	-1.6204	-0.89734	11.2048	76.5098	108.49
ILE_285	-7.40305	1.37231	3.46168	-0.47913	0.85257	0.11023	1.9617	5.78615	0	0	-0.72193	-0.00334	0.0001	0	0	0	0	0	0.46779	0.83949	0.40851	0.43098	0	-1.01646	0	0	1.8006	1.27783	9.14605	199.123	7.87676
PRO_286	-4.82622	0.90362	2.42304	-0.12442	0.00818	0.09119	0.76304	2.78091	0	0	-0.59437	0.2106	0.08498	0	0	0	0	0	-0.17546	0.57747	0.42033	0.15714	0	-1.38919	0	0	-4.6787	1.69849	-1.66934	153.132	45.8677
ASP_287	-6.5695	0.89145	9.53757	-0.23234	0.07376	0.74839	3.83247	10.1676	0.02643	0.17508	-4.39183	-0.80434	0	0	0	-0.55704	-0.0379	0	0.03166	3.47635	0.41074	0	3.06561	-1.22524	0	0	-1.6204	-0.25044	16.7481	167.237	17.763
TYR_288	-9.88483	1.46025	4.23539	-0.77189	0.05268	0.29146	3.23538	8.14675	0	0	-0.4538	-0.27916	0	0	0	0	0	0	-0.06639	3.85013	0.60819	0	3.24194	-0.24829	0	0	1.7379	0.52475	15.6805	247.553	0.446804
PHE_289	-9.83578	1.66387	3.21041	-0.67138	0.10925	0.41098	2.21557	6.67935	0.00948	0.03063	-0.7494	0.00189	0	0	0	0	0	0	0.08452	6.22415	1.91474	0	4.30942	-0.4927	0	0	1.9602	1.17241	18.2476	237	0
LYS_290	-9.03108	1.69801	10.7924	-0.38147	0.11472	0.26429	5.3278	11.901	0.12782	0.66709	-6.7641	0.42048	0	0	0	-0.59936	-0.0379	0	-0.06814	3.55267	0.47643	3.07624	0	-0.00077	0	0	-0.8895	0.4268	21.0734	231.893	20.1068
LEU_291	-5.42573	0.47387	4.314	-0.52408	0.65006	0.13991	2.51101	6.17438	0	0	-1.99068	0.2298	0	0	0	0	0	0	-0.07133	0.79892	0.41087	0.38805	0	-0.21784	0	0	1.3223	0.05829	9.2418	117.079	92.9207
SER_292	-6.74029	3.27222	6.51672	-0.04205	0.02023	0.05594	3.63324	8.51788	0	0	-2.96352	-0.14563	0	0	0	0	0	0	-0.01706	0.89429	0.59518	0.29911	0	-0.42005	0	4.04	-0.539	-0.30508	16.6721	162	0
PHE_293	-10.2543	3.53458	3.21804	-0.59959	0.08465	0.28731	2.33391	7.58765	0.06613	0.45811	-0.65252	0.40543	0.00161	0	0	0	0	0	0.25328	2.8979	0.01042	0	2.88748	-0.09684	0	0	1.9602	1.84904	16.2324	227.974	9.02645
PRO_294	-5.63476	1.89534	2.73635	-0.09242	0.00267	0.05894	1.75621	3.50757	0	0	-0.86413	0.68024	0.50535	0	0	0	0	0	0.05036	1.77038	1.38503	0.38534	0	0.30588	0	0	-4.6787	2.73011	6.49977	189.17	9.83033
GLU_295	-4.45289	1.39349	4.92304	-0.32315	0.12867	0.35129	1.89478	5.21046	0.01838	0.12311	-1.06148	-0.53191	0	0	0	0	0	0	0.72896	6.30683	1.93228	0	4.37456	-0.14688	0	0	-1.6358	0.32752	19.5613	124.476	98.5244
GLY_296	-5.53323	1.1007	4.37924	-0.0004	0	0	2.46403	6.43163	0	0	-2.7905	-0.26636	0	0	0	0	0	0	0.43578	0	0	0	0	-2.51618	0	0	1.435	0.70085	5.84057	164	0
PHE_297	-9.9677	2.06011	4.84825	-0.9493	0.13265	0.54089	3.11971	7.91947	0	0	-1.49083	-0.24112	0	0	0	0	0	0	0.0186	1.96857	0.01556	0	1.95301	-0.88403	0	0	1.9602	0.69967	11.7037	237	0
LYS_298	-5.39796	0.43016	6.06748	-0.39272	0.16487	0.21237	4.13849	6.74257	0	0	-4.71926	0.24247	0	0	0	0	0	0	0.51279	4.17414	1.06713	3.10701	0	0.02321	0	0	-0.8895	-0.20198	15.2813	135.34	116.66
TRP_299	-11.5623	3.65729	4.62682	-1.16885	0.0524	0.54411	3.48632	8.32694	0.02605	0.21401	-2.74623	-0.39345	0	0	0	0	0	0	0.00149	2.69895	0.07131	0	2.62765	-0.29944	0	0	3.7077	-0.22708	13.6437	264.301	5.69886
GLU_300	-3.98747	0.85085	3.70836	-0.20226	0.04354	0.28309	2.59124	4.8505	0	0	-2.38826	-0.61369	0	0	0	0	0	0	0.92773	5.38465	0.57778	0	4.80687	0.05431	0	0	-1.6358	0.35419	15.6056	108.002	114.998
ARG_301	-10.4367	2.54663	7.80051	-0.70009	0.24496	0.43393	4.92528	9.80566	0.19777	0.84596	-4.18633	0.56404	0	0	0	-0.14966	-0.99836	0	1.10102	3.35555	0.12951	3.22604	0	-0.31421	0	0	-0.1423	-0.04356	18.2057	252.436	12.564
VAL_302	-5.32837	0.8275	3.31457	-0.40274	2.42594	0.09794	3.18975	5.70137	0	0	-2.42969	-0.37403	0	0	0	0	0	0	0.73273	1.73098	0.32097	1.41001	0	-1.20116	0	0	2.7371	-0.69988	12.053	127.427	54.5728
MET_303	-9.50683	3.09681	4.18063	-0.22297	0.09536	0.09594	3.51916	6.60952	0.00166	0.00439	-2.59149	-0.48955	0	0	0	0	0	0	-0.01329	7.51089	4.35135	3.15954	0	0.29877	0	0	1.4633	0.26561	21.8288	262	0
ASN_304	-4.47727	0.20551	4.32109	-0.18344	0.03011	0.28002	2.82678	6.05361	0	0	-2.81232	-0.69121	0	0	0	0	0	0	0.12318	4.18766	0.42564	0	3.76202	-0.54575	0	0	-0.3009	0.34823	13.553	96.9006	87.0994
PHE_305	-10.033	1.94306	3.93868	-0.58032	0.14133	0.28157	3.20438	7.58272	0.00166	0.00439	-2.57204	0.33742	0	0	0	0	0	0	2.57154	3.08338	0.07041	0	3.01297	-0.22626	0	0	1.9602	-0.50317	14.2189	232.021	4.97865
GLU_306	-3.63766	0.25968	4.68624	-0.31494	0.10028	0.44449	2.73716	5.0673	0	0	-1.55155	-0.36805	0	0	0	-0.8041	0	0	0.01012	5.98722	0.34451	0	5.64271	-0.4579	0	0	-1.6358	-0.73998	15.7697	98.4384	124.562
ASP_307	-3.83397	0.70943	5.45031	-0.23977	0.06982	0.83268	2.13474	5.71813	0.06766	0.48874	-1.2016	-2.04965	0	0	0	-0.1007	0	0	0.4928	2.91971	6e-05	0	2.91965	-0.75799	0	0	-1.6204	-1.01773	10.9819	129.073	55.9268
GLY_308	-2.11545	0.2102	2.99941	-6e-05	0	0	1.67548	3.77104	0.03498	0.36954	-1.04088	-0.3836	0	0	0	0	0	0	0.64867	0	0	0	0	-2.49452	0	0	1.435	-1.39484	3.71496	111.92	52.0797
GLY_309	-4.49987	0.52748	3.77032	-0.00023	0	0	2.31623	5.74758	0.00101	0.02071	-2.50846	-0.21709	0	0	0	-0.1007	0	0	-0.16042	0	0	0	0	0.82449	0	0	1.435	-0.46132	6.69474	163.392	0.60815
VAL_310	-5.84122	2.83148	3.89549	-0.38615	0.83414	0.0974	3.62109	6.82396	5e-05	0.00027	-2.39455	-0.29306	0	0	0	0	0	0	1.20129	1.42843	0.30943	1.119	0	-0.71249	0	0	2.7371	0.47394	15.7456	128.964	53.0358
VAL_311	-7.5507	2.479	2.55536	-0.26952	0.23173	0.05931	2.93869	6.06295	0	0	-2.60319	-0.33068	0	0	0	0	0	0	0.49149	1.46343	1.07239	0.39104	0	-1.29793	0	0	2.7371	-0.36235	8.06812	182	0
THR_312	-4.30861	0.71307	3.76363	-0.16059	0.10801	0.05571	3.12492	5.50511	0	0	-2.75837	-0.5356	0	0	0	0	0	0	1.14198	0.42891	0.1126	0.3163	0	-0.36703	0	5.02639	-0.9333	-0.45545	10.7777	106.711	67.2891
VAL_313	-8.16356	2.54887	2.37778	-0.24353	0.25492	0.04809	2.96758	6.19605	0	0	-2.49418	-0.34182	0	0	0	0	0	0	0.7586	4.12134	3.45723	0.66412	0	-0.90524	0	0	2.7371	-0.12691	13.8565	182	0
THR_314	-4.7188	1.02797	4.1497	-0.16716	0.54632	0.11097	3.32184	5.68157	0.01543	0.06388	-2.66746	-1.4902	0	0	0	0	0	0	0.38504	4.14112	2.97074	1.17038	0	-0.35897	0	5.0936	-0.9333	-0.17524	18.1674	121.056	52.9438
GLN_315	-9.12195	2.98164	7.57196	-0.66139	0.37196	0.5735	4.35249	9.96402	0.02637	0.22098	-2.2803	-0.75896	0	0	0	0	0	0	0.39643	7.26917	0.93514	0	6.33403	-0.23086	0	0	-0.1077	0.18276	28.0193	209.2	7.80045
ASP_316	-5.57502	0.70337	8.77028	-0.18444	0.04256	0.56748	5.74602	9.61304	0	0	-6.37382	-1.10875	0	0	0	0	-0.62552	0	0.1211	4.71934	0.25069	0	4.46865	1.39632	0	0	-1.6204	0.55503	21.4659	157.58	27.4203
SER_317	-6.08164	1.08783	6.64025	-0.03539	0.00366	0.02399	4.79465	8.24102	0	0	-2.62057	-0.60752	0	0	0	0	0	0	-0.05423	0.61513	0.00633	0.60879	0	0.77065	0	4.04	-0.539	0.46083	17.3548	162	0
SER_318	-5.42107	0.69397	5.74046	-0.03989	0.0133	0.05941	3.85027	7.11944	0.01024	0.06481	-2.22604	-0.44213	0	0	0	0	0	0	0.25797	0.24205	0.14254	0.0995	0	-0.88277	0	4.04	-0.539	-0.09625	12.6868	152.296	9.70357
LEU_319	-8.64981	1.86628	2.56076	-0.63495	0.75606	0.19997	2.32103	6.10283	0	0	-0.61536	0.00885	0	0	0	0	0	0	-0.01493	2.89602	1.24401	1.65201	0	-0.36329	0	0	1.3223	-0.06173	10.5901	208.784	1.2163
GLN_320	-5.363	0.91808	6.16377	-0.29008	0.14537	0.22886	3.36338	7.05133	0.01764	0.09942	-0.46248	-0.45072	0	0	0	0	0	0	0.36142	5.91935	0.18544	0	5.73391	0.05749	0	0	-0.1077	0.36199	23.9335	177.632	39.3677
ASP_321	-4.54926	0.59397	5.30281	-0.24325	0.05391	0.80369	2.39064	6.31656	0.00729	0.04937	-1.63051	-0.31452	0	0	0	0	-0.39219	0	0.57801	2.96664	0.17001	0	2.79663	-0.93736	0	0	-1.6204	0.24875	12.5908	177.578	7.42192
GLY_322	-3.99464	1.30915	3.22206	-5e-05	0	0	0.80303	4.99391	0.00741	0.09571	-0.73118	-0.36929	0	0	0	0	0	0	-0.39746	0	0	0	0	-2.29212	0	0	1.435	-0.85993	3.22158	154.878	9.12225
GLU_323	-6.57061	3.51224	7.57647	-0.20781	0.1031	0.30948	3.25633	8.71507	0	0	-2.53606	-0.65094	0	0	0	0	0	0	0.61761	4.65809	0.3359	0	4.32219	0.01723	0	0	-1.6358	-0.89341	20.9291	200.616	22.3836
PHE_324	-10.2314	2.26128	2.20397	-0.57528	0.09471	0.2976	3.42098	6.32852	0	0	-2.96292	0.18414	0	0	0	0	0	0	0.02791	3.97407	0.85342	0	3.12065	-0.23304	0	0	1.9602	-0.51425	10.2105	237	0
ILE_325	-6.59314	2.0183	5.20277	-0.62886	1.22818	0.12137	3.99526	7.3473	0.01024	0.06481	-1.99373	0.2165	0	0	0	0	0	0	-0.14632	2.12757	0.54163	1.58594	0	-1.17123	0	0	1.8006	-0.84809	14.8791	180.258	26.7424
TYR_326	-10.0088	2.56649	4.27553	-0.57386	0.41485	0.30797	3.94975	7.76462	0.0614	0.5186	-3.01007	-0.2137	0	0	0	0	0	0	0.19614	5.18637	0.05126	0	5.13511	-0.00512	0	0	1.7379	-0.6032	17.7512	245.083	2.91722
LYS_327	-5.0874	1.14703	6.35195	-0.78725	1.55204	0.41898	3.99348	7.17599	0	0	-1.24975	0.22315	0	0	0	0	0	0	0.33111	15.9723	11.9121	4.06017	0	0.42354	0	0	-0.8895	-0.15382	45.3941	178.011	73.9892
VAL_328	-7.62421	2.04627	3.33858	-0.24141	0.23203	0.04643	3.19595	6.43113	0	0	-2.47784	-0.20077	0	0	0	0	0	0	0.57079	3.64956	2.92012	0.72944	0	-1.17949	0	0	2.7371	-0.2139	13.9598	181.23	0.76969
LYS_329	-5.0503	1.21983	6.46373	-0.47023	0.66955	0.54818	4.22805	7.50093	0.01543	0.06388	-1.42758	0.17771	0	0	0	0	0	0	0.2437	6.4356	3.01701	3.41859	0	0.38329	0	0	-0.8895	-0.31891	26.229	137.672	114.328
LEU_330	-7.85466	3.18698	1.83068	-0.62836	0.91601	0.22864	2.52071	5.39026	0	0	-2.19726	-0.01832	0	0	0	0	0	0	0.23158	1.74556	0.09845	1.64711	0	0.10351	0	0	1.3223	0.06252	8.58573	204.3	5.70025
ARG_331	-4.38815	0.77536	3.77768	-0.70872	0.49071	0.42314	2.93575	5.33857	0	0	-2.62258	0.17692	0	0	0	0	0	0	0.84321	6.66797	3.09858	3.56939	0	-0.07825	0	0	-0.1423	0.39141	20.5487	93.1034	171.897
GLY_332	-4.41255	1.35478	3.15302	-0.0007	0	0	2.45433	5.33875	0.00829	0.04502	-2.8909	-0.33719	0	0	0	0	0	0	-0.0628	0	0	0	0	2.06915	0	0	1.435	2.67643	10.8306	163.392	0.60815
THR_333	-5.20419	1.99536	4.50071	-0.11456	0.05037	0.08051	3.33051	6.62403	5e-05	0.00027	-1.18544	-0.81221	0	0	0	0	0	0	0.69849	0.61486	0.23787	0.37699	0	-0.10907	0	4.97199	-0.9333	2.19049	17.3137	133.554	40.4456
ASN_334	-3.34151	0.36912	2.87183	-0.22355	0.17595	0.3489	0.68184	3.77862	0.10162	0.83757	-0.04065	-0.56713	0	0	0	0	0	0	1.57707	6.83465	0.215	0	6.61964	-1.28938	0	0	-0.3009	-0.20628	18.4424	76.0811	107.919
PHE_335	-9.4853	2.12186	2.18364	-0.60889	0.07292	0.27893	2.08301	6.05777	0.0181	0.18683	-1.01435	0.17587	0.24333	0	0	-1.98338	0	0	-0.05044	3.23172	0.07257	0	3.15914	-0.06854	0	0	1.9602	2.46666	11.1016	233.351	3.6489
PRO_336	-4.36724	0.91073	4.32468	-0.11822	0.00682	0.08453	1.79974	4.5229	0.09719	0.52634	-1.88037	0.27774	0.35221	0	0	0	0	0	1.50466	1.28466	1.09962	0.18504	0	-1.59975	0	0	-4.6787	2.0214	6.35398	149.197	49.8025
SER_337	-2.38389	0.13691	3.08611	-0.03379	0.00304	0.02513	1.72015	3.59147	0.0181	0.18683	-0.6698	-0.71948	0	0	0	-0.85423	0	0	-0.05145	1.28885	0.04865	1.2402	0	0.12776	0	4.04	-0.539	-0.99103	9.27052	80.1337	81.8663
ASP_338	-2.47332	0.2626	2.79831	-0.21094	0.04583	0.69532	0.84688	3.29633	0	0	-0.24626	-2.54319	0	0	0	0	0	0	-0.11089	5.94213	0.8183	0	5.12383	-0.37757	0	0	-1.6204	-1.18361	11.0634	64.0012	120.999
GLY_339	-3.25133	0.4492	4.54702	-0.00028	0	0	2.26261	5.45369	0.00544	0.03159	-1.64795	-0.17145	0.47684	0	0	0	0	0	2.21552	0	0	0	0	-0.60927	0	0	1.435	2.15208	13.3487	151.959	12.0412
PRO_340	-5.16487	0.61447	2.876	-0.08618	0.00013	0.05408	1.81195	4.19098	0	0	-1.29686	0.69627	0.61546	0	0	0	0	0	0.12886	0.53736	0.05041	0.48694	0	1.27638	0	0	-4.6787	3.06516	5.17784	173.888	25.1119
VAL_341	-7.3737	0.99218	1.51179	-0.29233	0.22638	0.06005	2.36726	5.28908	0	0	-0.83593	-0.03981	0	0	0	0	0	0	0.07136	0.46535	0.46013	0.00522	0	-0.63789	0	0	2.7371	1.14003	6.14627	180.594	1.40595
MET_342	-7.8751	0.58256	4.51786	-0.73206	0.3246	0.21749	1.54072	5.77132	0.09175	0.49475	0.0824	0.0804	0	0	0	0	0	0	0.55024	2.78247	1.62927	1.1532	0	-0.10075	0	0	1.4633	0.71836	13.2928	237.028	24.972
GLN_343	-5.37258	0.64959	5.93078	-0.64908	0.2202	0.69044	2.95931	6.89219	0	0	-2.30051	-0.57097	0	0	0	-0.85423	0	0	0.1549	3.16247	0.19692	0	2.96555	-0.21108	0	0	-0.1077	-0.70152	13.0547	141.586	75.4143
LYS_344	-5.14614	0.54948	5.21906	-0.49477	0.50365	0.27006	1.87658	6.19552	0.09063	0.30794	-0.52557	-0.23499	0	0	0	0	0	0	-0.15824	5.66553	2.26881	3.39671	0	-0.32021	0	0	-0.8895	0.09979	18.6743	182.089	69.911
LYS_345	-5.5646	0.4852	5.74876	-0.57654	0.26597	0.48523	2.8566	6.45405	0.08847	0.49902	-3.82936	-0.0674	0	0	0	0	0	0	0.10499	4.47608	1.45263	3.02345	0	0.35236	0	0	-0.8895	1.39056	16.756	170.572	81.428
THR_346	-5.8221	0.9883	2.94325	-0.12045	0.10513	0.07546	2.14178	5.0456	0.00367	0.0335	0.35138	-0.80104	0	0	0	0	0	0	1.48223	0.56449	0.41438	0.15011	0	-0.53397	0	5.03392	-0.9333	0.59182	11.7142	159.926	14.0743
MET_347	-3.95753	0.12211	3.46116	-0.63753	1.40602	0.35505	1.28302	4.22809	0	0	-1.08924	-0.72462	0	0	0	0	0	0	2.3993	4.60223	1.61135	2.99088	0	-0.00046	0	0	1.4633	1.66376	19.1769	156.374	105.626
GLY_348	-3.42249	0.72467	4.00384	-0.00021	0	0	2.4138	5.08032	0.00372	0.03362	-2.59129	-0.18042	0	0	0	-0.4589	0	0	0.56402	0	0	0	0	-2.46623	0	0	1.435	2.20905	7.34851	147.44	16.56
TRP_349	-10.3229	2.49424	3.72051	-0.89593	0.05178	0.36331	2.83365	7.45605	0	0	-2.58686	-0.05599	0	0	0	-0.63019	0	0	3.01995	1.92844	0.15183	0	1.77661	-0.40307	0	0	3.7077	-0.41428	12.1948	264.272	5.72814
GLU_350	-5.26984	5.92673	7.23749	-0.34545	0.10939	0.60512	3.26697	7.13688	0.0908	0.46881	-3.56156	-0.5813	0	0	0	0	-0.94087	0	0.32506	4.35071	0.01363	0	4.33708	0.37649	0	0	-1.6358	-0.48483	21.4255	165.298	57.7017
ALA_351	-2.42645	0.69913	1.79421	-0.02439	0	0	0.61928	2.67547	0.09044	0.46799	-0.44179	-0.18335	0	0	0	0	0	0	-0.01781	0	0	0	0	-0.20872	0	0	2.2619	-0.00832	5.29759	83.4614	69.5386
SER_352	-3.60195	0.51686	3.78443	-0.03202	0.00101	0.02051	2.92178	4.67823	0	0	-2.37768	-0.5863	0	0	0	0	0	0	0.64355	0.70726	0.01021	0.69704	0	-0.18999	0	4.04	-0.539	-0.31675	10.3772	152.44	9.55966
SER_353	-3.26475	0.34059	2.63976	-0.03748	0.00651	0.02608	0.9611	3.68317	0.04752	0.3494	-0.60726	-0.59185	0	0	0	0	-0.00121	0	0.54066	1.09339	0.05581	1.03758	0	0.56308	0	4.04	-0.539	0.58169	10.9248	132.565	29.4349
GLU_354	-8.76199	1.64484	8.59693	-0.30069	0.07211	0.34058	5.1388	9.98601	0.07349	0.46867	-4.98838	-0.34967	0	0	0	0	-0.5346	0	-0.15531	4.48184	0.41949	0	4.06235	0.49358	0	0	-1.6358	0.75079	19.8031	223	0
ARG_355	-5.20734	0.90181	4.86655	-0.55225	0.19134	0.30291	2.92342	5.96438	0	0	-2.62461	0.19711	0	0	0	0	0	0	-0.13321	7.73154	4.05956	3.67198	0	0.123	0	0	-0.1423	0.28464	22.5585	115.446	149.554
MET_356	-9.76718	1.98351	4.40873	-0.2907	0.11988	0.13176	3.00445	6.60488	0	0	-2.44548	-0.27857	0	0	0	0	0	0	0.18974	4.20187	0.50243	3.69944	0	0.01156	0	0	1.4633	-0.29755	13.2421	261.392	0.60815
TYR_357	-6.74875	1.13084	4.66125	-1.00058	0.12339	0.63595	2.66572	6.53227	0	0	-2.39497	-0.3418	0.0005	0	0	0	0	0	-0.02679	2.70863	0.00376	0	2.70487	-0.30342	0	0	1.7379	2.40479	14.4936	178.551	69.4492
PRO_358	-4.53022	0.93327	1.75331	-0.20039	0.06027	0.15139	0.79673	2.37033	0.03462	0.32133	-0.26569	-0.08959	0.00463	0	0	0	0	0	0.03975	0.52701	0.09005	0.43696	0	-0.56228	0	0	-4.6787	2.92985	0.12265	138.857	60.1434
GLU_359	-5.30986	1.12248	7.23228	-0.28261	0.0858	0.28892	3.79401	7.55748	0.03462	0.32133	-3.20225	-0.36119	0	0	0	0	-0.7799	0	0.58846	5.66299	0.98956	0	4.67344	-0.13044	0	0	-1.6358	1.74735	22.3967	144.423	78.5769
ASP_360	-1.97634	0.52211	2.81266	-0.11589	0.04054	0.35995	0.54905	2.92026	0.02029	0.0517	-0.18282	-0.87704	0	0	0	0	0	0	-0.1319	3.15298	0.00245	0	3.15054	-0.76498	0	0	-1.6204	2.12922	10.0424	44.6053	140.395
GLY_361	-1.94679	1.29379	1.75485	-5e-05	0	0	0.57926	2.74071	0.07866	0.25705	-0.12358	-0.40907	0	0	0	0	0	0	-0.32981	0	0	0	0	-2.10602	0	0	1.435	-0.36566	2.85836	113.72	50.2804
ALA_362	-5.06149	0.60821	3.04876	-0.01915	0	0	3.14233	5.96179	0.00183	0.00658	-2.17503	-0.25792	0	0	0	0	0	0	-0.00633	0	0	0	0	0.70339	0	0	2.2619	0.53341	8.74828	145.57	7.43015
LEU_363	-8.82416	1.00916	3.07374	-0.55621	1.1917	0.12535	2.80194	6.21627	6e-05	0.00022	-2.36015	0.26894	0	0	0	0	0	0	-0.14371	1.98433	1.02194	0.96239	0	-0.42959	0	0	1.3223	1.34657	9.0111	210	0
LYS_364	-7.57215	1.14534	7.5217	-0.31674	0.09705	0.16213	4.70081	8.30276	0.02213	0.05828	-4.84427	-0.132	0	0	0	0	-0.7799	0	0.13987	3.92095	1.01654	2.90442	0	0.25267	0	0	-0.8895	-0.20437	15.5057	201.932	50.0678
GLY_365	-4.14941	1.04527	3.82073	-0.00091	0	0	2.87626	5.04108	6e-05	0.00022	-3.04098	-0.3613	0	0	0	0	0	0	-0.09965	0	0	0	0	1.68759	0	0	1.435	2.03158	10.2856	164	0
GLU_366	-4.92818	0.63577	5.72216	-0.20149	0.04255	0.27414	3.24786	6.31521	0	0	-2.80968	-0.59765	0	0	0	0	0	0	0.03084	4.4681	0.3157	0	4.1524	0.14974	0	0	-1.6358	2.23727	17.4189	151.538	71.4619
ILE_367	-7.77805	2.26945	4.22224	-0.46014	1.62078	0.09873	2.72088	6.26192	0	0	-2.09811	-0.06814	0	0	0	0	0	0	3.78831	8.07146	7.2904	0.78107	0	-0.21284	0	0	1.8006	0.34547	28.654	193.78	13.2204
LYS_368	-3.92591	0.70164	3.54369	-0.44544	0.22173	0.26863	1.21612	3.90703	0.04752	0.3494	-0.84779	-0.05805	0	0	0	0	0	0	0.18006	19.0213	16.4173	2.60402	0	0.51707	0	0	-0.8895	0.78677	43.6157	107.13	144.87
MET_369	-7.95866	3.16252	3.42929	-0.34859	0.52792	0.02148	2.7958	5.28793	0	0	-2.40444	0.01855	0	0	0	0	0	0	0.28002	2.07484	0.21632	1.85853	0	-0.06996	0	0	1.4633	-0.15098	10.2039	250.368	11.6321
ARG_370	-5.32117	0.44017	4.15288	-0.65437	0.29519	0.36585	1.85129	5.01196	0.02195	0.071	-1.17788	-0.17307	0	0	0	0	0	0	-0.08451	12.796	8.87409	3.92189	0	-0.022	0	0	-0.1423	-0.2676	29.9594	143.093	121.907
LEU_371	-9.79615	3.66315	3.92883	-0.52018	0.79418	0.10221	3.32712	7.86579	0	0	-2.44114	0.29447	0	0	0	0	0	0	0.68762	8.39586	7.62704	0.76882	0	-0.62909	0	0	1.3223	0.14712	25.538	210	0
LYS_372	-7.38491	6.10432	8.1151	-0.34082	0.09229	0.17746	3.45934	8.98055	0.02226	0.0717	-4.66238	0.17787	0	0	0	0	0	0	-0.0386	6.42449	3.74677	2.67773	0	-0.07209	0	0	-0.8895	-0.6796	25.982	174.665	77.3348
LEU_373	-7.66179	1.18928	4.17308	-0.48529	1.0774	0.09322	1.90656	6.96441	0.03778	0.18099	-1.07985	0.13694	0	0	0	0	0	0	-0.04095	1.1423	0.02071	1.12159	0	-0.43403	0	0	1.3223	-0.75409	8.91055	171.754	38.2465
LYS_374	-4.01905	0.30775	3.98778	-0.49795	0.1738	0.37037	1.52229	4.44758	0	0	-1.2815	0.20946	0	0	0	0	0	0	1.87729	2.72761	0	2.72761	0	-0.0355	0	0	-0.8895	0.74821	12.3763	145.963	106.037
ASP_375	-1.85008	0.23891	2.8367	-0.11076	0.0332	0.33961	0.52821	2.89851	0.08847	0.49902	-1.25759	-0.19741	0	0	0	0	0	0	-0.05316	3.20423	0.03182	0	3.17241	-0.69727	0	0	-1.6204	0.29617	8.38059	80.415	104.585
GLY_376	-1.72425	0.40635	2.25668	-0.0004	0	0	0.84052	2.88474	0	0	-0.64243	-0.18196	0	0	0	0	0	0	0.24652	0	0	0	0	-2.50377	0	0	1.435	0.00101	3.01799	117.361	46.639
GLY_377	-2.05063	0.05602	2.3205	-0.00027	0	0	1.0731	3.02073	0.03778	0.18099	-0.9463	-0.20134	0	0	0	0	0	0	0.61525	0	0	0	0	-2.49732	0	0	1.435	0.69161	3.73512	110.732	53.2681
HIS_378	-5.83095	2.71881	4.43902	-0.22814	0	0.24495	1.93036	5.76337	0	0	-1.09364	0.19798	0	0	0	0	-0.94087	0	0.14545	5.12955	2.31183	0	2.81772	-0.2905	0	0	0.8406	-0.21695	17.9386	143.514	97.4857
TYR_379	-8.75838	2.93585	5.12519	-0.67235	0.08643	0.14659	3.97574	7.44089	0	0	-1.92963	-0.41826	0	0	0	0	0	0	0.56416	3.70754	0.00549	0	3.70205	-0.24976	0	0	1.7379	0.29086	17.6903	242.051	5.94904
THR_380	-5.53649	1.42863	4.92136	-0.14461	0.11577	0.04748	3.26983	6.36272	0	0	-2.73294	-0.46111	0	0	0	-0.8041	0	0	0.00395	2.00969	0.11279	1.8969	0	-0.28737	0	4.96824	-0.9333	0.41064	14.6481	153.905	20.0954
SER_381	-6.27976	1.70073	5.2245	-0.03248	0.00267	0.03762	3.29967	7.04346	0.00148	0.00403	-2.19379	-0.20709	0	0	0	0	0	0	0.52786	2.51631	1.68472	0.83159	0	-0.03317	0	4.04	-0.539	0.02143	17.6508	161.23	0.76969
GLU_382	-4.52696	0.24286	5.86864	-0.39227	0.1157	0.76258	3.52179	6.86639	0.02485	0.10366	-3.21554	-0.57128	0	0	0	0	0	0	1.14876	5.32991	0.57023	0	4.75968	0.3694	0	0	-1.6358	0.01304	19.3556	142.538	80.462
VAL_383	-7.83843	1.93404	3.68804	-0.25757	0.31313	0.05032	3.2734	6.44486	0.00148	0.00403	-2.52387	-0.27715	0	0	0	0	0	0	0.61105	0.68283	0.17495	0.50788	0	-1.31904	0	0	2.7371	-0.57134	7.6357	179.378	2.62225
LYS_384	-4.57444	0.72907	4.95698	-0.42428	0.24174	0.37985	3.37402	5.99671	0.02485	0.10366	-3.15393	0.13418	0	0	0	0	0	0	-0.05845	7.52655	4.14408	3.38247	0	0.31603	0	0	-0.8895	-0.44368	21.7659	124.718	127.282
THR_385	-7.25899	1.69991	4.65772	-0.14013	0.07201	0.053	4.04653	7.2362	0.00031	0.00243	-3.30426	-0.724	0	0	0	0	-0.53617	0	1.46947	1.96575	1.41436	0.55139	0	-0.30297	0	5.03244	-0.9333	0.01911	15.0208	172.337	1.6631
THR_386	-4.80664	0.86854	3.44821	-0.17362	0.11135	0.06376	2.7628	5.20562	0	0	-2.30736	-0.65411	0	0	0	0	0	0	0.29391	0.31409	0.14935	0.16473	0	0.044	0	4.99232	-0.9333	0.13758	9.68124	123.797	50.2029
TYR_387	-10.7912	2.4013	4.61417	-0.61521	0.06535	0.36028	4.20608	8.16261	0.00074	0.01065	-2.44251	-0.16562	0	0	0	0	0	0	0.19976	4.49636	1.62569	0	2.87067	-0.0267	0	0	1.7379	-0.09493	16.6154	248	0
LYS_388	-6.29338	0.95464	7.71155	-0.7783	1.48259	0.54082	4.82392	9.07944	0.08041	0.27012	-3.68235	0.52795	0	0	0	-0.0619	0	0	1.00487	19.973	16.993	2.98002	0	0.36114	0	0	-0.8895	0.52529	55.6033	176.378	75.6216
ALA_389	-5.59956	1.26954	3.5246	-0.02273	0	0	3.62005	6.24825	0	0	-1.24586	-0.17553	0	0	0	-0.0619	0	0	0.08491	0	0	0	0	-0.29567	0	0	2.2619	0.21223	9.82025	152.392	0.60815
LYS_390	-7.36846	1.47799	10.1338	-0.34384	0.1251	0.1987	4.07745	9.8458	0	0	-5.78607	-0.1448	0	0	0	0	-0.62552	0	0.16231	3.49563	1.00307	2.49256	0	-0.15338	0	0	-0.8895	-0.97291	16.7279	182.561	69.4388
LYS_391	-5.49051	2.66673	6.50725	-0.49396	0.17089	0.35449	2.40495	7.53383	0.01838	0.12311	-2.36194	-0.18168	4.18563	0	0	0	0	0	1.7139	4.01519	0.7903	3.22489	0	0.03342	0	0	-0.8895	2.11738	26.4427	179.941	72.059
PRO_392	-1.81306	0.35833	1.32208	-0.10424	0.00883	0.07938	0.24039	1.65484	0	0	-0.42848	0.28964	4.36869	0	0	0	0	0	2.16597	3.80094	3.6471	0.15384	0	-1.29197	0	0	-4.6787	2.51702	12.2906	58.4202	140.58
VAL_393	-5.57177	2.35078	0.97893	-0.31758	0.73826	0.06798	0.86759	3.87098	0.00175	0.01306	-0.03686	-0.29352	0	0	0	0	0	0	0.86994	13.1757	12.9305	0.24518	0	0.08154	0	0	2.7371	0.05168	32.7612	147.323	34.6771
GLN_394	-3.67693	0.74261	2.4382	-0.73647	0.36923	0.52032	1.12973	3.27913	0	0	-1.01391	-0.16151	0	0	0	-0.92392	0	0	0.63761	3.91266	0.49363	0	3.41903	0.23168	0	0	-0.1077	0.24942	10.8028	79.8499	137.15
LEU_395	-6.56839	2.02822	2.29426	-0.38199	0.09467	0.05994	1.20754	4.87824	0	0	-0.72737	0.16141	0.00054	0	0	-0.92392	0	0	0.69081	4.97847	4.31695	0.66152	0	-0.52263	0	0	1.3223	2.21329	15.7839	161.301	48.6992
PRO_396	-5.75764	1.385	2.36984	-0.20294	0.03228	0.14529	1.27078	2.32372	0	0	-0.2532	0.20335	0.17563	0	0	0	0	0	2.35721	0.587	0.19505	0.39195	0	-1.31514	0	0	-4.6787	2.28173	1.51119	190.797	8.2034
GLY_397	-2.17879	0.30865	2.06392	-0.00027	0	0	0.80819	2.51855	0	0	-0.29847	-0.16592	0	0	0	0	0	0	0.06917	0	0	0	0	-1.51281	0	0	1.435	0.51336	3.56058	116.201	47.7989
ALA_398	-2.49821	0.65296	1.36574	-0.02377	0	0	0.71598	2.45654	0.01998	0.13339	-0.67426	-0.25072	0	0	0	0	0	0	0.31626	0	0	0	0	-0.00471	0	0	2.2619	-0.57922	3.89186	73.4458	79.5542
TYR_399	-9.85523	1.57115	4.2543	-0.8233	0.199	0.35526	3.98662	7.75061	0	0	-2.29664	-0.45167	0	0	0	0	-0.87641	0	0.05432	3.40592	0.22081	0	3.18511	-0.14388	0	0	1.7379	0.92175	13.1956	244.734	3.26567
ILE_400	-8.35485	1.65121	4.97713	-0.47554	1.49508	0.09558	3.06432	7.92386	0	1e-05	-2.37869	0.06799	0	0	0	0	0	0	1.00374	0.86165	0.09093	0.77072	0	-0.85493	0	0	1.8006	1.58382	13.3226	194.439	12.5606
VAL_401	-7.88249	1.69912	2.56615	-0.26948	0.22104	0.05659	2.78287	6.5495	0	0	-2.37282	-0.2595	0	0	0	0	0	0	0.60361	0.24217	0.01543	0.22674	0	-1.00256	0	0	2.7371	-0.54974	5.36372	182	0
GLY_402	-3.47794	1.38265	3.48261	-0.00039	0	0	2.66622	5.02455	0	1e-05	-2.43349	-0.30379	0	0	0	0	0	0	2.53649	0	0	0	0	1.82619	0	0	1.435	1.47869	13.6168	149.827	14.1727
ILE_403	-6.65009	1.89664	3.89791	-0.46588	0.89567	0.09794	3.22345	6.41014	0	0	-2.55255	-0.03882	0	0	0	0	0	0	1.55426	1.7231	0.99078	0.73233	0	-0.68625	0	0	1.8006	1.81814	14.6474	190.442	16.5585
LYS_404	-6.23122	1.45817	8.64015	-0.70835	0.90651	0.42014	5.55852	9.62874	0	0	-7.37573	0.89275	0	0	0	0	-0.32036	0	0.11906	2.91633	0.27442	2.64191	0	-0.01065	0	0	-0.8895	0.46195	18.3828	185.523	66.477
LEU_405	-6.47633	2.26125	3.78377	-0.59324	0.35632	0.14642	1.45728	6.02838	0	0	-0.94804	0.28656	0	0	0	0	0	0	-0.0782	1.57866	0.30101	1.27765	0	-0.08908	0	0	1.3223	0.38169	10.9964	193.382	16.6184
ASP_406	-4.46747	0.64032	6.91787	-0.11544	0.00044	0.33764	4.25249	7.86837	0	0	-5.45453	0.01832	0	0	0	0	-0.32036	0	3.64848	4.15249	0.15566	0	3.99684	0.93493	0	0	-1.6204	0.40776	21.3534	130.638	54.3617
ILE_407	-5.24564	1.9434	0.99722	-0.49146	2.08468	0.10461	0.92785	3.54061	0	0	0.02725	0.31069	0	0	0	0	0	0	-0.09662	0.82657	0.49276	0.33381	0	-0.33938	0	0	1.8006	1.23337	8.45032	166.608	40.3924
THR_408	-3.36815	0.16335	2.86746	-0.12618	0.06999	0.05715	1.23839	4.0313	0.00038	0.01195	-0.51828	-0.13518	0	0	0	0	0	0	0.46163	0.52832	0.26127	0.26704	0	-0.55719	0	5.00536	-0.9333	0.38609	9.7114	89.4062	84.5938
SER_409	-3.61854	0.43308	3.90294	-0.03271	0.00223	0.03956	2.55031	4.90916	0.00038	0.01195	-1.50305	-0.14316	0	0	0	0	0	0	1.41651	1.00093	0.17189	0.82904	0	-0.56842	0	4.04	-0.539	-0.08394	12.8192	112.539	49.4606
HIS_410	-5.44272	1.20523	3.03575	-0.86086	0.10249	1.21829	1.54976	4.89497	0.06813	0.46561	0.32283	-0.34488	0	0	0	0	0	0	0.14899	2.61134	0.00297	0	2.60837	-0.54207	0	0	0.8406	0.26843	12.1532	163.536	77.4638
ASN_411	-6.23677	0.94231	7.81896	-0.34311	0.1169	0.61558	4.75507	9.52134	0	0	-1.57333	-0.32343	0	0	0	-0.66541	0	0	3.05684	2.60153	0.00192	0	2.5996	-0.30899	0	0	-0.3009	0.16586	22.444	136.517	47.4834
GLU_412	-1.56587	0.22985	1.95847	-0.23981	0.09023	0.31304	0.56339	2.41757	0.00522	0.05721	0.6111	-0.54579	0	0	0	0	0	0	-0.14546	6.33231	2.39801	0	3.9343	-0.4837	0	0	-1.6358	-0.1945	14.0997	65.4288	157.571
ASP_413	-4.35875	1.18116	5.91414	-0.24851	0.10457	0.86202	2.29375	6.81571	0.05323	0.36165	-0.86977	-2.04189	0	0	0	-0.21135	0	0	-0.08512	3.09273	0.00419	0	3.08853	-0.61252	0	0	-1.6204	-1.0415	12.6819	142.54	42.4599
TYR_414	-7.13079	0.71333	4.18163	-0.57313	0.16596	0.31584	2.13994	7.0338	0.06813	0.46561	-0.84239	-0.52512	0	0	0	0	0	0	1.94652	3.35147	0.04901	0	3.30246	0.2601	0	0	1.7379	0.03249	16.6927	192.342	55.6577
THR_415	-6.20912	1.53904	5.51982	-0.13041	0.05444	0.06398	3.81355	7.5311	0	0	-2.01792	-0.24134	0	0	0	-0.21398	0	0	2.53041	0.37752	0.23262	0.1449	0	-0.35719	0	4.95825	-0.9333	0.29392	16.9563	149.603	24.3967
ILE_416	-6.54113	1.33452	4.7332	-0.48005	1.102	0.09885	2.78398	6.51974	0.01255	0.11009	-1.75623	-0.04384	0	0	0	-0.66278	0	0	0.28722	0.47057	0.12749	0.34308	0	-0.63739	0	0	1.8006	-0.06188	9.54058	159.855	47.145
VAL_417	-8.16292	1.65076	2.28559	-0.26371	0.26001	0.05445	3.0509	6.31841	0	0	-2.58179	-0.3254	0	0	0	0	0	0	2.52051	0.45352	0.03072	0.4228	0	-1.1546	0	0	2.7371	0.12563	7.42197	182	0
GLU_418	-6.45741	1.75293	6.46671	-0.20489	0.08387	0.29736	3.92495	7.39029	0	0	-4.02624	-0.45662	0	0	0	0	0	0	0.11991	4.99751	0.15761	0	4.8399	0.40098	0	0	-1.6358	-0.29555	17.3555	172.329	50.6713
GLN_419	-7.853	1.14639	5.34791	-0.40814	0.08191	0.34707	4.35919	7.86406	0.08003	0.46336	-3.72073	-0.56173	0	0	0	0	-0.53997	0	0.24247	6.35292	0.94505	0	5.40786	-0.19229	0	0	-0.1077	-0.17939	19.0753	207.763	9.23684
TYR_420	-6.68456	2.54657	4.38566	-0.73212	0.09298	0.1176	3.14497	6.86255	0	0	-2.45938	-0.47851	0	0	0	0	0	0	0.10834	3.65549	0.00062	0	3.65488	-0.07047	0	0	1.7379	-0.49176	15.3908	187.54	60.4597
GLU_421	-6.76019	1.69095	6.2706	-0.37065	0.09321	0.57437	3.1334	7.86702	0.03711	0.24262	-1.83707	-0.28043	0	0	0	0	0	0	1.4119	14.3485	8.97337	0	5.37512	0.03855	0	0	-1.6358	-0.40167	38.7709	195.468	27.5315
ARG_422	-8.89677	10.0694	10.3842	-1.09928	0.94621	0.49183	6.09965	11.9946	0	0	-3.79988	0.68206	0	0	0	0	0	0	0.03078	9.06472	4.36026	4.70447	0	0.08037	0	0	-0.1423	-0.2388	44.7315	199.208	65.7924
ALA_423	-5.78936	1.5488	3.53998	-0.02511	0.00185	0	3.16288	6.70823	0	0	-2.66657	-0.43612	0	0	0	0	0	0	0.06473	0	0	0	0	0.04665	0	0	2.2619	0.41069	8.82855	151.718	1.28203
GLU_424	-6.03247	0.63809	6.68775	-0.31488	0.16202	0.37368	3.6702	7.74221	0	0	-3.82551	-0.35932	0	0	0	0	0	0	0.24288	4.14362	0.31353	0	3.83009	-0.08218	0	0	-1.6358	1.45797	17.0119	157.358	65.6424
GLY_425	-3.9037	1.26646	2.85092	-0.00029	0	0	1.64942	4.17152	0	0	-1.30168	-0.26961	0	0	0	0	0	0	-0.08094	0	0	0	0	0.75891	0	0	1.435	1.17344	7.74946	162.784	1.2163
ARG_426	-5.70399	0.52091	5.48392	-0.7583	0.3595	0.52669	3.13598	6.7989	0.01583	0.2028	-2.66103	0.02956	0	0	0	0	-0.00121	0	0.13973	3.58758	0.12683	3.46075	0	-0.16451	0	0	-0.1423	0.25886	15.2165	162.03	102.97
HIS_427	-3.45656	0.34677	3.18306	-0.43046	0.04883	0.43678	1.28281	3.9537	0.10282	0.61175	-1.81917	-0.38774	0	0	0	0	-0.97232	0	0.94461	3.08758	0.31097	0	2.77661	-0.02031	0	0	0.8406	-0.34469	10.4956	114.891	126.109
SER_428	-2.09775	0.32444	2.1087	-0.04774	0.00121	0.04575	0.6392	2.6655	0.11146	0.66878	0.041	0.29384	0	0	0	0	0	0	0	1.23947	0.56828	0.67118	0	0	0	4.04	-0.539	-0.28306	10.4513	49.0162	112.984