label	fa_atr	fa_rep	fa_sol	fa_intra_atr_xover4	fa_intra_rep_xover4	fa_intra_sol_xover4	lk_ball	lk_ball_iso	lk_ball_bridge	lk_ball_bridge_uncpl	fa_elec	fa_intra_elec	pro_close	hbond_sr_bb	hbond_lr_bb	hbond_bb_sc	hbond_sc	dslf_fa13	omega	fa_dun	fa_dun_dev	fa_dun_rot	fa_dun_semi	p_aa_pp	yhh_planarity	hxl_tors	ref	rama_prepro	total	BSA	SASA
GLY_1	-0.87016	0.07168	1.33969	-0.00185	0	0	0.62361	1.57255	0.00178	0.00704	-0.42536	0.01514	0	0	0	0	0	0	0.25723	0	0	0	0	0	0	0	1.435	0	4.02635	43.61	120.39
SER_2	-2.99587	3.62633	2.72525	-0.04079	0.00847	0.06248	1.23393	3.3003	0	0	-1.04979	-0.70883	0	0	0	0	0	0	0.53626	1.62483	0.64153	0.98329	0	-0.00728	0	4.04	-0.539	-0.37034	13.0708	112.252	49.7485
MET_3	-9.18865	130.442	4.16344	-0.35581	0.42757	0.20705	3.08458	6.06064	0.0026	0.00702	-2.27825	-0.71144	0	0	0	-0.31513	0	0	0.7528	12.2273	10.0407	2.18658	0	0.5222	0	0	1.4633	0.66068	159.4	262	0
SER_4	-3.19824	1.14928	3.6701	-0.03651	0.00401	0.04016	1.76149	4.67642	0.1208	0.82641	0.00495	-0.41647	0	0	0	0	0	0	-0.24566	0.34916	0.00118	0.34798	0	0.00721	0	4.04	-0.539	1.24208	13.8053	103.677	58.3234
SER_5	-3.59457	0.58083	3.56261	-0.03781	0.00344	0.04197	2.19308	4.78973	0	0	-0.37987	-0.27066	0	0	0	-0.6817	0	0	0.45351	0.57951	0.29287	0.28663	0	-0.27352	0	4.04	-0.539	-0.36704	10.68	123.413	38.587
PHE_6	-10.099	1.44583	2.92068	-0.60392	0.06514	0.26556	2.50988	6.79902	0.14535	0.87162	-2.06036	-0.0396	0	0	0	-0.57816	0	0	1.34556	4.12307	0.87664	0	3.24643	0.03993	0	0	1.9602	-0.67447	12.5594	237	0
LEU_7	-5.00387	0.82738	3.16514	-0.52029	0.76415	0.11353	1.51857	5.0951	0.07168	0.47498	-0.71315	0.38269	0	0	0	0	0	0	0.11663	2.14192	1.09709	1.04484	0	-0.24538	0	0	1.3223	-0.62982	11.0235	141.338	68.6616
GLY_8	-2.68541	0.52154	3.29435	-0.00079	0	0	2.3421	4.31381	0	0	-1.87605	-0.29908	0	0	0	0	0	0	0.00964	0	0	0	0	-2.52888	0	0	1.435	0.65395	5.18016	129.719	34.2809
LYS_9	-5.35176	1.43207	3.51058	-0.33372	0.105	0.14669	1.82456	4.69976	0.05312	0.28171	-1.83779	0.00212	0	0	0	0	0	0	1.67236	8.73402	5.59195	3.14207	0	0.03165	0	0	-0.8895	0.92546	23.7404	153.179	98.8205
TRP_10	-13.9575	3.61827	6.45891	-0.79989	0.07109	0.38438	4.35502	11.5121	0	0	-3.49133	-0.27786	0	0	0	-0.57816	0	0	-0.03679	2.12108	0.02293	0	2.09815	0.03775	0	0	3.7077	0.06354	15.3094	270	0
LYS_11	-5.96402	0.63977	5.39076	-0.34242	0.12568	0.15132	3.12668	6.55264	0	0	-2.87239	0.05233	0	0	0	0	0	0	0.01713	6.56619	3.71904	2.84715	0	0.40341	0	0	-0.8895	0.26394	19.7877	157.651	94.349
LEU_12	-8.36568	1.23091	2.93324	-0.59972	0.67107	0.15762	1.45132	5.94023	0	0	-0.92605	0.41108	0	0	0	0	0	0	0.07906	1.11004	0.61587	0.49417	0	-0.19821	0	0	1.3223	0.24039	6.56763	201.708	8.29242
SER_13	-3.67254	3.87038	3.99793	-0.03525	0.00103	0.03501	1.67479	4.3337	0.00047	0.01261	-0.74476	0.03903	0	0	0	0	0	0	0.16942	1.23197	0.05892	1.17305	0	0.40173	0	4.04	-0.539	1.58404	17.6325	120.366	41.6342
GLU_14	-3.98581	0.55794	4.74996	-0.24861	0.15062	0.42879	3.10442	5.36931	0.00047	0.01261	-2.29414	-0.46242	0	0	0	0	-0.51405	0	0.02044	8.91005	3.30761	0	5.60244	-0.1842	0	0	-1.6358	1.63608	24.5257	126.102	96.8983
SER_15	-2.7522	0.32861	2.20447	-0.03509	0.00802	0.04516	0.97783	2.60205	0	0	-0.4466	-0.07547	0	0	0	0	-0.20644	0	-0.02648	1.66151	0.98946	0.67205	0	0.19016	0	4.04	-0.539	0.53869	10.1767	115.448	46.552
HIS_16	-3.63356	0.43304	4.02118	-0.65507	0.06365	0.55926	2.74296	5.04663	0	0	-1.31914	-0.77257	0	0	0	0	0	0	0.10406	3.90356	0.39869	0	3.50487	-0.22954	0	0	0.8406	0.06936	15.078	113.021	127.979
ASN_17	-4.43736	0.53671	3.51876	-0.38242	0.15048	0.78301	1.94527	5.65483	0	0	-0.73282	-0.75461	0	0	0	-0.57096	0	0	0.87966	2.77367	0.15514	0	2.61852	-1.19697	0	0	-0.3009	-0.10713	10.5329	115.019	68.9813
PHE_18	-7.46933	0.94659	3.63383	-0.81294	0.37807	0.37833	2.22798	6.51519	0.00377	0.03714	-1.0221	0.14729	0	0	0	0	0	0	0.33467	5.34455	0.22518	0	5.11937	0.07387	0	0	1.9602	-0.0955	17.9262	199.402	37.5982
ASP_19	-5.64844	2.63177	7.57905	-0.26667	0.01874	0.86736	4.33012	8.53368	0.01651	0.22699	-4.19625	0.30205	0	0	0	0	-1.70243	0	0.48737	4.49809	0.1398	0	4.35829	0.13641	0	0	-1.6204	-0.13497	20.5571	138.42	46.58
ALA_20	-4.05245	0.59867	2.93103	-0.0229	0	0	1.56266	5.19243	0	0	-0.89287	-0.3729	0	0	0	0	0	0	-0.14313	0	0	0	0	-0.62811	0	0	2.2619	-0.42631	6.00804	124.369	28.6314
VAL_21	-7.90649	2.15159	3.16437	-0.2856	0.37859	0.06237	2.94843	7.22955	0	0	-1.44654	0.17095	0	0	0	0	0	0	0.0946	6.56933	5.45463	1.1147	0	-0.32056	0	0	2.7371	-0.36289	21.7541	181.23	0.76969
MET_22	-11.564	29.3999	6.58978	-0.50977	0.75747	0.33627	3.95856	9.34427	0	0	-1.55246	-0.18846	0	0	0	0	0	0	0.62188	16.4628	9.8234	6.63937	0	-0.11116	0	0	1.4633	-0.08684	71.3843	255.34	6.66046
SER_23	-4.68335	0.73778	5.65212	-0.03389	0.00186	0.05488	1.89674	6.65751	0.02028	0.26413	-1.7228	-0.76379	0	0	0	0	0	0	0.28222	1.95509	1.13764	0.81746	0	0.57582	0	4.04	-0.539	0.76952	17.1202	111.888	50.1116
LYS_24	-5.61512	1.19562	5.11656	-0.49477	0.09829	0.31375	2.16071	5.95426	0.03169	0.17654	-0.59246	0.07132	0	0	0	0	0	0	0.16269	5.53986	1.78241	3.75745	0	-0.07306	0	0	-0.8895	0.57173	19.268	168.522	83.4781
LEU_25	-6.74695	1.3744	3.20151	-0.54474	1.16942	0.16163	2.04758	5.86386	0	0	-0.53249	0.1899	0	0	0	0	0	0	-0.00678	0.39919	0.16284	0.23636	0	-0.06826	0	0	1.3223	-0.22178	8.00799	194.43	15.5701
GLY_26	-1.82558	0.28714	2.44685	-5e-05	0	0	1.30127	3.23332	0	0	-1.0368	-0.38965	0	0	0	0	0	0	-0.32043	0	0	0	0	-2.36974	0	0	1.435	-0.78455	1.97678	104.541	59.4595
VAL_27	-6.25141	1.88488	3.3828	-0.2622	0.26249	0.04924	1.81321	5.39461	0.06242	0.36057	-1.04995	0.43122	0	0	0	0	0	0	0.57157	1.04418	0.69724	0.34694	0	0.0676	0	0	2.7371	-1.05782	10.4847	165.351	16.6491
SER_28	-3.84793	0.69604	4.8479	-0.05245	0.05469	0.07669	2.6905	5.81423	0.03264	0.2651	-1.08784	-0.98474	0	0	0	0	0	0	0.10524	1.75578	0.95177	0.80402	0	-0.27236	0	4.04	-0.539	-0.36729	14.983	93.7355	68.2645
TRP_29	-5.63727	0.87015	4.66163	-1.31508	0.13724	0.64311	2.22534	6.47525	0	0	-0.86126	-0.30458	0	0	0	0	0	0	0.18773	2.31362	0.01542	0	2.2982	-0.658	0	0	3.7077	0.75307	15.5123	117.887	152.113
ALA_30	-3.32646	0.26227	3.44133	-0.02174	0	0	1.69817	4.75896	0	0	-0.55796	-0.34519	0	0	0	0	0	0	0.53267	0	0	0	0	-0.15676	0	0	2.2619	0.83467	9.38187	95.0304	57.9696
THR_31	-5.38939	0.73505	4.23105	-0.21395	0.52105	0.07995	2.25606	6.21492	0	0	-1.03077	-1.02735	0	0	0	0	0	0	0.60142	0.95151	0.05753	0.89398	0	0.16545	0	5.09202	-0.9333	-0.00032	13.2049	139.892	34.1081
ARG_32	-11.9777	25.5997	11.5285	-0.66998	0.38337	0.40482	5.47755	13.4527	0.09513	0.62826	-4.8494	0.40962	0	0	0	0	-0.92465	0	-0.0788	6.6708	3.46113	3.20967	0	-0.12453	0	0	-0.1423	0.27916	52.833	229.569	35.431
GLN_33	-6.82392	13.7462	6.5764	-0.69536	0.16059	0.94306	3.56191	8.80803	0	0	-1.90028	-0.23907	0	0	0	0	0	0	1.28799	8.25032	3.04922	0	5.2011	0.01035	0	0	-0.1077	0.45516	42.284	157.39	59.6097
ILE_34	-6.53402	1.35482	3.9998	-0.48992	0.56533	0.09671	3.40763	7.042	0.03192	0.31209	-2.7456	0.0751	0	0	0	0	0	0	0.04871	2.84732	2.10465	0.74267	0	-0.57112	0	0	1.8006	1.05539	15.1441	153.197	53.8031
GLY_35	-3.27467	0.23293	3.22132	-4e-05	0	0	1.77434	4.91554	0.00913	0.05027	-1.10496	-0.40058	0	0	0	0	0	0	0.28536	0	0	0	0	0.85198	0	0	1.435	1.20992	9.20555	137.801	26.1991
ASN_36	-5.14973	2.75273	5.01953	-0.17949	0.03394	0.28156	2.95214	6.87324	8e-05	0.00259	-2.31764	-0.35487	0	0	0	0	-0.77778	0	-0.05004	2.49079	0.11457	0	2.37621	-0.27685	0	0	-0.3009	-0.16406	13.326	125.142	58.858
THR_37	-3.4123	13.3595	3.54129	-0.11007	0.11231	0.05224	2.35148	5.02253	0	0	-1.17597	-0.07993	0	0	0	0	0	0	0.16528	3.49625	1.75433	1.74192	0	-0.43576	0	5.02608	-0.9333	0.41768	30.8936	80.7778	93.2222
VAL_38	-4.66681	0.73295	2.11302	-0.31649	0.29016	0.0689	1.72118	4.02611	0.03192	0.31209	-0.53033	0.06699	0	0	0	0	0	0	-0.10767	1.87446	0.35855	1.51591	0	0.81823	0	0	2.7371	1.13506	12.1813	151.117	30.8829
THR_39	-3.15436	1.04399	1.96234	-0.15245	0.11252	0.11455	0.6571	2.68059	0	0	0.44832	-0.22509	0.04071	0	0	0	0	0	-0.04385	2.23892	0.50716	1.73175	0	0.40839	0	5.08892	-0.9333	2.94813	15.4743	116.355	57.6449
PRO_40	-5.27196	1.21434	3.16264	-0.15196	0.00037	0.10481	1.59154	3.67698	0	0	-2.09689	0.23341	1.39154	0	0	0	0	0	1.8356	1.72187	0.86593	0.85594	0	-1.51215	0	0	-4.6787	2.3574	5.30072	186.701	12.2986
THR_41	-5.29326	0.7891	4.20999	-0.17367	0.15057	0.05964	3.35701	6.08936	0.0002	0.00082	-2.50938	-0.45846	0	0	0	0	0	0	0.40825	1.93303	1.67003	0.263	0	-0.27437	0	5.06143	-0.9333	-0.47301	13.877	152.741	21.2593
VAL_42	-6.98976	1.60661	3.06162	-0.25378	0.21685	0.04963	3.41848	6.31592	0	0	-2.2516	-0.21363	0	0	0	0	0	0	-0.1529	0.43338	0.01224	0.42114	0	-1.31912	0	0	2.7371	-0.50038	6.59182	177.389	4.61109
THR_43	-5.9142	1.87921	4.59429	-0.1593	0.07468	0.05791	3.37822	6.43782	0.00043	0.00173	-2.43715	-0.5961	0	0	0	0	0	0	0.54475	0.31414	0.06572	0.24842	0	-0.3249	0	5.03948	-0.9333	-0.52607	11.7458	152.472	21.5278
PHE_44	-9.32349	1.146	2.61064	-0.55094	0.0503	0.26396	2.31962	5.7695	0.14535	0.87162	-2.60858	0.05641	0	0	0	0	0	0	2.75627	2.69396	0.05011	0	2.64385	-0.14943	0	0	1.9602	-0.3744	10.331	235.051	1.94856
THR_45	-3.79108	0.27627	4.1507	-0.13109	0.1922	0.08527	2.87023	5.26284	0.02698	0.17381	-1.59302	-0.97243	0	0	0	0	0	0	0.11641	0.44325	0.16922	0.27403	0	-0.47221	0	5.07421	-0.9333	-0.77807	10.4442	118.504	55.4961
MET_46	-6.33331	13.7755	3.00101	-0.34659	0.08903	0.13204	0.65803	4.22237	0	0	-0.01636	-0.26736	0	0	0	0	0	0	0.19882	9.53518	7.21796	2.31722	0	0.3325	0	0	1.4633	0.58587	36.5652	210.063	51.9369
ASP_47	-2.79838	0.09532	4.55527	-0.12611	0.05154	0.40144	1.95794	5.02133	0	0	-0.86752	-0.26474	0	0	0	0	0	0	1.26358	8.14142	1.58346	0	6.55796	-0.60986	0	0	-1.6204	1.53532	24.8776	93.849	91.151
GLY_48	-1.37277	0.49171	1.90965	-0.0004	0	0	0.72113	2.36232	0	0	0.29008	-0.31259	0	0	0	0	0	0	1.7191	0	0	0	0	-2.47788	0	0	1.435	2.11576	6.88111	95.3563	68.6437
ASP_49	-2.40724	0.55993	2.65157	-0.1232	0.02487	0.39556	0.70462	2.72946	0.04861	0.20342	-0.73505	-0.76236	0	0	0	0	0	0	3.19682	8.33183	0.10154	0	8.23029	-0.68036	0	0	-1.6204	1.5252	22.3751	75.298	109.702
LYS_50	-6.63436	1.46662	7.46101	-0.50708	0.1376	0.23391	3.19725	8.47931	0.17203	0.48393	-0.71088	-0.15209	0	0	0	0	0	0	1.88292	11.7785	7.46604	4.31249	0	0.41184	0	0	-0.8895	-0.15787	38.4317	173.03	78.9701
MET_51	-8.92258	1.13601	3.6369	-0.32803	0.08586	0.07488	2.93384	5.65591	0.04861	0.20342	-2.62799	0.11338	0	0	0	0	0	0	0.14649	6.13294	4.42288	1.71006	0	0.01817	0	0	1.4633	-0.45655	15.4475	261.106	0.893609
THR_52	-5.34435	1.33529	4.93921	-0.17112	0.13595	0.05911	3.84031	6.64408	0.02945	0.1891	-1.79228	-0.49417	0	0	0	0	0	0	0.52228	0.67181	0.44665	0.22516	0	-0.2051	0	5.08344	-0.9333	-0.31921	14.8623	143.962	30.0384
MET_53	-6.91422	1.18969	3.90094	-0.45075	0.0877	0.10482	2.66091	5.37288	0.02527	0.082	-2.32534	-0.06511	0	0	0	0	0	0	0.42864	4.79317	2.6793	2.11387	0	0.3316	0	0	1.4633	0.43702	15.9157	235.981	26.0188
LEU_54	-6.14668	1.80147	4.84937	-0.60074	0.23709	0.16995	3.06875	6.65318	0.00235	0.00843	-2.89696	0.22589	0	0	0	0	0	0	0.64804	1.49552	0.62668	0.86884	0	-0.56273	0	0	1.3223	0.23486	12.0056	144.392	65.6082
THR_55	-5.26262	0.67435	4.31077	-0.16005	0.07087	0.05778	3.13269	6.05662	0.02527	0.082	-2.83842	-0.61549	0	0	0	0	0	0	-0.11135	0.26231	0.10378	0.15853	0	-0.14709	0	5.06585	-0.9333	-0.16495	9.76757	137.585	36.4152
GLU_56	-5.12322	1.21971	4.56148	-0.20474	0.09626	0.33485	2.76877	5.51175	0	0	-2.71926	-0.49523	0	0	0	0	0	0	0.0031	5.11623	0.27548	0	4.84075	0.37908	0	0	-1.6358	0.00398	14.9332	166.715	56.285
SER_57	-4.26278	0.49392	4.77561	-0.03879	0.02458	0.05975	3.04391	5.70497	0.00224	0.06147	-0.10137	-0.49134	0	0	0	0	0	0	0.24031	0.24576	0.19759	0.04818	0	-0.92586	0	4.04	-0.539	-0.21695	12.3622	138.268	23.7315
THR_58	-1.47742	0.08348	1.37623	-0.13007	0.09937	0.0573	0.32346	1.85312	0.00224	0.06147	1.03045	-0.45731	0	0	0	0	0	0	-0.10638	0.59867	0.25882	0.33985	0	0.38197	0	5.05845	-0.9333	0.03894	8.45933	55.2948	118.705
PHE_59	-5.23128	1.26178	2.22445	-0.86874	0.24425	0.26835	1.65799	4.03334	0	0	0.53574	-0.08735	0	0	0	0	0	0	0.24753	4.13013	0.06583	0	4.0643	-0.3576	0	0	1.9602	1.33132	15.4803	168.22	68.7798
LYS_60	-5.74796	1.1952	6.05495	-0.54079	0.41263	0.26885	3.37915	7.05814	0.00687	0.07233	-1.38176	0.08583	0	0	0	0	0	0	1.2473	10.109	6.40128	3.70769	0	-0.06148	0	0	-0.8895	1.85095	33.2286	173.642	78.3575
ASN_61	-3.5664	0.87939	2.71057	-0.18259	0.00976	0.29965	1.52311	3.70449	0	0	-0.67098	-0.5277	0	0	0	0	0	0	5.49703	3.36416	0.48766	0	2.8765	0.89973	0	0	-0.3009	0.84309	17.8466	87.2254	96.7746
LEU_62	-4.7787	1.34925	3.67228	-0.49557	1.07195	0.09816	2.63994	5.12802	0	0	-2.3247	0.19473	0	0	0	0	0	0	-0.02736	6.96014	5.6345	1.32565	0	0.03456	0	0	1.3223	0.50435	22.3095	147.52	62.4801
SER_63	-2.28956	0.45579	1.62804	-0.0365	0.05513	0.0513	0.63054	2.36261	0.00023	0.00322	-0.72457	0.17692	0	0	0	0	0	0	0.94195	2.2053	0.47092	1.73438	0	-0.06446	0	4.04	-0.539	0.39727	11.4995	90.2288	71.7712
CYS_64	-4.07348	0.66976	3.02204	-0.06961	0.01696	0.07321	2.63515	4.08764	8e-05	0.00248	-2.27652	-0.33179	0	0	0	0	0	0	0.17213	1.73943	0.17634	1.56309	0	0.29995	0	0	4.3148	-0.26008	11.7616	129.738	26.2621
THR_65	-4.19289	1.10105	2.50676	-0.14505	0.06838	0.05034	1.48919	4.02146	0.00023	0.00322	0.02469	-0.51207	0	0	0	0	0	0	0.79955	0.49638	0.13581	0.36057	0	-0.32379	0	5.06153	-0.9333	-0.18661	9.82544	105.914	68.0858
PHE_66	-8.83617	2.13349	2.83206	-1.01033	0.20874	0.71885	2.2989	6.01404	0.00035	0.00777	-1.85766	-0.17146	0	0	0	0	0	0	2.57606	2.69373	0.69113	0	2.0026	-0.35009	0	0	1.9602	0.30209	12.2143	231.938	5.0624
LYS_67	-5.79	1.35503	6.90173	-0.79355	4.62244	0.75191	2.11794	6.80978	0.13353	0.42016	-2.00742	0.7112	0	0	0	0	0	0	-0.07223	6.12061	1.44592	4.67469	0	0.15446	0	0	-0.8895	0.04137	26.7081	166.776	85.2245
PHE_68	-7.1272	8.72945	1.10272	-0.58945	0.1581	0.30589	0.87694	3.39216	0	0	-0.22698	0.12192	0	0	0	0	0	0	-0.10005	4.39324	0.51481	0	3.87842	0.17472	0	0	1.9602	-0.706	16.8589	174.66	62.3402
GLY_69	-2.21413	0.27552	2.33323	-6e-05	0	0	0.98215	3.26739	0.00087	0.00224	-1.42001	-0.39806	0	0	0	0	0	0	0.21755	0	0	0	0	-2.42532	0	0	1.435	-1.23616	0.82021	113.761	50.2392
GLU_70	-4.36729	1.19838	5.71008	-0.34606	0.21756	0.44183	2.267	6.16136	0.12066	0.61722	-2.54216	-0.3272	0	0	0	0	0	0	0.26875	5.57569	0.65806	0	4.91762	0.51303	0	0	-1.6358	-0.65841	18.7903	142.786	80.2138
GLU_71	-3.70248	0.6055	3.73354	-0.24246	0.04818	0.19323	0.72789	4.06073	0.00087	0.00224	-1.63713	0.02121	0	0	0	0	0	0	-0.10748	6.56889	1.21437	0	5.35452	0.07043	0	0	-1.6358	0.03629	15.3125	105.392	117.608
PHE_72	-7.29148	0.95929	4.32926	-0.94361	0.12524	0.5473	2.78205	6.74998	0	0	-2.29509	-0.16097	0	0	0	0	0	0	0.18545	2.08595	0.15434	0	1.93161	-0.72091	0	0	1.9602	-0.11073	10.2879	198.113	38.8867
ASP_73	-1.86104	0.18196	1.8382	-0.09962	0.02281	0.27759	0.53137	2.39919	0	0	-0.63554	-0.18633	0	0	0	0	0	0	1.36222	3.06908	0.0399	0	3.02919	0.63866	0	0	-1.6204	0.05498	9.04223	57.4394	127.561
GLU_74	-5.89494	1.42573	7.06542	-0.23549	0.02726	0.26972	4.25396	8.08108	0.0252	0.14323	-3.7284	-0.32908	0	0	0	0	-0.62773	0	2.75485	8.15291	3.37309	0	4.77982	-0.21494	0	0	-1.6358	0.26012	27.946	194.274	28.7258
LYS_75	-4.09829	0.39174	3.15541	-0.37277	0.1276	0.17493	0.86001	3.89165	0.0252	0.14323	-0.28499	0.06907	0	0	0	0	0	0	0.12219	10.6445	7.17275	3.47176	0	0.53746	0	0	-0.8895	0.16495	25.3069	117.271	134.729
THR_76	-6.32079	0.48242	6.49422	-0.12476	0.09801	0.07393	3.80246	8.34782	0.00687	0.07233	-0.9758	-0.75797	0	0	0	0	0	0	-0.01954	0.07116	0.00654	0.06461	0	-0.69143	0	5.04659	-0.9333	-0.26555	14.4778	164.49	9.5096
SER_77	-3.08362	0.40264	3.07006	-0.03652	0.01315	0.02885	1.66339	3.8703	0.04586	0.46496	-0.66804	-0.33287	0	0	0	0	0	0	-0.18626	4.23386	3.71859	0.51527	0	0.22594	0	4.04	-0.539	-0.30859	17.138	115.949	46.051
ASP_78	-4.1796	20.9405	5.84772	-0.21987	0.01362	0.71964	2.4763	6.27721	0.04586	0.46496	-1.94542	-2.26687	0	0	0	0	-0.45799	0	1.63745	5.65864	0.08375	0	5.57489	-0.42559	0	0	-1.6204	-0.73503	37.8897	152.396	32.6036
GLY_79	-2.53938	0.16816	3.16923	-6e-05	0	0	1.24198	3.83967	0	0	-0.09061	-0.32743	0	0	0	0	0	0	-0.25247	0	0	0	0	-2.52058	0	0	1.435	-0.89676	3.22676	125.572	38.4278
ARG_80	-7.36357	20.9866	8.4376	-0.96206	0.40173	0.69718	4.57207	9.74913	0.00976	0.09985	-5.43806	0.43874	0	0	0	0	-1.18625	0	1.11871	9.79598	6.40811	3.38787	0	-0.04775	0	0	-0.1423	-0.56599	50.3974	223.767	41.2331
ASN_81	-2.84512	0.38204	2.27764	-0.18949	0.00788	0.2793	0.88338	3.17381	0.03664	0.25956	-0.62275	-0.48059	0	0	0	0	0	0	0.70898	3.34265	0.01166	0	3.33099	-0.02399	0	0	-0.3009	-0.48719	9.74451	64.4179	119.582
VAL_82	-7.63733	3.84099	3.67923	-0.31136	0.34267	0.06627	2.53074	7.13453	0.00428	0.01313	-1.90334	-0.5748	0	0	0	0	0	0	0.8649	1.08014	0.57756	0.50258	0	-0.33006	0	0	2.7371	-0.42843	12.1888	174.118	7.88226
LYS_83	-4.84277	0.20122	5.81551	-0.72021	0.38143	0.83162	3.46814	6.50192	0	0	-3.21689	-0.00635	0	0	0	0	0	0	-0.07961	6.45013	2.61829	3.83184	0	0.4636	0	0	-0.8895	-0.34363	20.4647	142.341	109.659
SER_84	-6.08673	2.18487	6.1205	-0.03072	0.02933	0.02131	4.01154	7.56621	0.026	0.28189	-2.28328	-0.81415	0	0	0	0	0	0	1.89752	2.32801	1.65208	0.67592	0	-0.10784	0	4.04	-0.539	-0.11848	20.855	160.509	1.49129
VAL_85	-5.65292	0.87591	3.22646	-0.37185	0.72139	0.08846	2.28434	5.7932	0	0	-1.64788	-0.21717	0	0	0	0	0	0	-0.08145	0.96653	0.00368	0.96285	0	-0.48991	0	0	2.7371	0.03503	9.23378	143.055	38.9451
VAL_86	-7.18634	2.0437	1.09306	-0.26129	0.21715	0.05253	1.36691	4.82291	0.07851	0.5349	-1.74554	-0.17315	0	0	0	0	0	0	-0.00146	0.41915	0.00989	0.40926	0	-1.2439	0	0	2.7371	-0.37629	2.79711	182	0
GLU_87	-4.7199	0.36258	4.98038	-0.31143	0.10456	0.49303	2.7606	6.30685	0.08546	0.40406	-2.81048	-0.95998	0	0	0	0	0	0	0.15336	6.98233	0.843	0	6.13933	0.31347	0	0	-1.6358	-0.54314	18.9483	129.662	93.3382
LYS_88	-5.71061	125.15	3.84825	-0.69708	0.43795	0.63175	1.41873	4.53947	0.08546	0.40406	-0.66762	0.37496	0	0	0	0	0	0	0.97035	3.95174	0.43865	3.5131	0	0.46084	0	0	-0.8895	0.31806	138.579	143.277	108.723
ASN_89	-4.71625	0.68845	4.56168	-0.19069	0.00507	0.29812	2.02584	5.42497	0	0	-0.78614	-0.83401	0	0	0	0	0	0	0.45579	6.60478	1.8199	0	4.78488	0.2176	0	0	-0.3009	0.44792	20.507	93.383	90.617
SER_90	-4.40521	0.9387	5.62228	-0.03826	0.23906	0.06086	3.3997	6.57997	0	0	-0.41547	-0.11327	0	0	0	0	0	0	0.02137	5.74675	5.63939	0.10737	0	-0.52824	0	4.04	-0.539	1.2453	27.6013	109.573	52.4267
GLU_91	-3.55267	1.25283	4.83549	-0.44343	0.14089	0.86879	2.77353	5.39268	0.05349	0.36548	-3.57098	-0.39231	0	0	0	-0.31513	0	0	0.40564	4.89484	0.0644	0	4.83043	-0.29732	0	0	-1.6358	1.64136	17.3122	124.778	98.222
SER_92	-4.0129	1.40045	4.23022	-0.04448	0.01613	0.06103	2.77884	5.24464	0.02227	0.32399	-1.38006	0.35536	0	0	0	0	0	0	-0.14091	0.91465	0.4472	0.46745	0	-0.16273	0	4.04	-0.539	1.13178	15.1539	125.085	36.9153
LYS_93	-7.92621	1.71787	7.15697	-0.3872	0.09152	0.18345	3.43235	8.00975	0.01272	0.03461	-2.44741	0.02964	0	0	0	0	0	0	0.79832	3.28493	0.59072	2.69421	0	-0.16971	0	0	-0.8895	1.35258	17.5696	187.581	64.4192
LEU_94	-8.17589	1.01787	3.21701	-0.76881	3.01295	0.35531	3.49108	6.35787	0	0	-2.46963	-0.24103	0	0	0	0	0	0	0.37222	3.56286	1.97281	1.59005	0	0.38854	0	0	1.3223	0.85008	15.8556	209.488	0.512343
THR_95	-5.73653	1.46305	4.56108	-0.17524	0.13524	0.06288	3.6555	6.82399	0.02621	0.08982	-2.27747	-0.55601	0	0	0	0	0	0	-0.12176	0.25261	0.01201	0.2406	0	-0.04872	0	5.04623	-0.9333	0.37882	12.899	138.42	35.5795
GLN_96	-7.68408	1.20379	6.53437	-0.3661	0.12614	0.22286	4.44118	8.44719	0.01273	0.04604	-4.11672	-0.22847	0	0	0	0	-0.57255	0	0.04936	3.82999	0.11169	0	3.7183	0.53742	0	0	-0.1077	0.07618	16.2816	211.564	5.43631
THR_97	-4.805	1.6405	3.43125	-0.15818	0.07192	0.05434	2.91525	5.47203	0.02621	0.08982	-2.19823	-0.57478	0	0	0	0	0	0	-0.06829	0.30857	0.13428	0.17429	0	-0.19778	0	5.0761	-0.9333	-0.16359	10.2954	128.178	45.8223
GLN_98	-7.61107	1.4057	6.25478	-0.26211	0.05398	0.20732	4.17117	8.18092	0.02106	0.14007	-3.99076	-0.67972	0	0	0	0	-0.62773	0	-0.15444	4.37534	0.07281	0	4.30253	0.4309	0	0	-0.1077	0.18415	16.3672	207.153	9.84695
VAL_99	-5.64438	0.33037	4.06723	-0.27875	0.23641	0.06275	3.31784	6.11147	0.05835	0.52832	-2.16447	-0.3728	0	0	0	0	0	0	9.08991	0.27098	0.04935	0.22163	0	-0.66495	0	0	2.7371	0.22496	18.1813	131.741	50.2585
ASP_100	-5.81221	3.77767	7.91599	-0.17281	0.01617	0.61569	5.13051	8.82641	0.02533	0.41354	-3.79636	-0.982	0.02179	0	0	-0.58814	-0.72826	0	0.55596	6.67681	1.46885	0	5.20797	0.04875	0	0	-1.6204	3.39651	30.3978	173.281	11.7192
PRO_101	-1.83504	1.03086	1.49623	-0.07944	0.00013	0.04808	0.54511	1.47298	0	0	0.47707	0.65947	0.50564	0	0	0	0	0	0.42217	1.46603	0.49614	0.96988	0	1.14751	0	0	-4.6787	3.6014	7.74555	61.7369	137.263
LYS_102	-2.34151	0.24187	2.83725	-0.28858	0.05078	0.13462	1.15215	3.20185	0	0	-0.89578	-0.0907	0	0	0	-0.41237	0	0	0.71103	3.83388	1.18917	2.64472	0	-0.23296	0	0	-0.8895	0.27613	11.1221	57.9903	194.01
ASN_103	-4.99385	0.21367	5.55752	-0.15444	0.01413	0.20785	3.04254	7.02709	0.04508	0.27066	-1.31045	-0.6631	0	0	0	-0.17577	0	0	0.14936	4.90081	0.47151	0	4.42929	0.40597	0	0	-0.3009	0.16566	19.3026	144.67	39.3301
THR_104	-3.76405	0.48081	1.85957	-0.17547	0.13984	0.06061	1.26289	3.80694	0.06997	0.63805	-0.62178	-0.42463	0	0	0	0	0	0	-0.02899	3.45226	3.20893	0.24333	0	-0.2982	0	5.05827	-0.9333	0.10352	14.1386	117.529	56.4712
THR_105	-6.11146	1.19141	3.6641	-0.15692	0.0895	0.0597	3.38864	6.25849	0.01443	0.1151	-2.54796	-0.65292	0	0	0	0	0	0	0.28189	1.23032	1.05776	0.17257	0	-0.19242	0	5.05261	-0.9333	-0.02983	11.9517	169.739	4.26146
VAL_106	-5.5625	1.12741	3.39942	-0.26936	0.31877	0.05346	3.24073	6.09773	2e-05	7e-05	-2.26874	-0.1635	0	0	0	0	0	0	-0.07877	0.48389	0.1984	0.2855	0	-1.12623	0	0	2.7371	-0.50015	7.97326	125.876	56.1239
ILE_107	-8.17724	1.94232	3.85888	-0.49285	0.70628	0.12405	3.1022	7.26729	0.01975	0.06109	-3.06681	-0.22342	0	0	0	0	0	0	0.3637	3.69588	3.35352	0.34236	0	-0.84701	0	0	1.8006	-0.3728	13.4578	200.337	6.66281
VAL_108	-6.0077	2.35485	3.7915	-0.24811	0.19363	0.04611	3.20607	6.20874	0	0	-2.50196	-0.02042	0	0	0	0	0	0	0.0834	0.57148	0.27883	0.29265	0	-0.9048	0	0	2.7371	-0.34049	9.7409	150.225	31.7747
ARG_109	-9.39983	1.70441	5.8892	-0.58909	0.23581	0.35665	3.70513	7.80461	0.01204	0.03545	-2.94537	-0.09785	0	0	0	0	-0.57255	0	-0.11728	4.54967	1.21327	3.3364	0	0.15386	0	0	-0.1423	-0.39587	14.7364	242.174	22.8258
GLU_110	-5.59547	0.82923	5.77725	-0.28515	0.05371	0.30783	2.78363	6.39598	0.05192	0.4088	-3.26943	-0.28724	0	0	0	0	0	0	0.13944	6.72335	2.43268	0	4.29066	0.13058	0	0	-1.6358	0.2362	19.4882	168.187	54.8128
VAL_111	-6.68388	0.85362	1.92881	-0.27378	0.32527	0.05895	1.85746	4.96197	0	0	-1.08877	-0.06486	0	0	0	0	0	0	0.46667	0.91186	0.61973	0.29214	0	-1.02787	0	0	2.7371	-0.30389	5.57054	170.124	11.8756
ASP_112	-2.42412	0.14688	3.30014	-0.22493	0.07652	0.74039	1.98559	4.05221	0.01694	0.0502	-1.64892	-1.04582	0	0	0	0	0	0	-0.04248	2.91307	0.05773	0	2.85534	-1.06123	0	0	-1.6204	-0.32116	7.80594	72.8434	112.157
GLY_113	-1.94462	0.13906	2.80748	-0.00019	0	0	1.56057	3.569	0	0	-0.44948	-0.32145	0	0	0	-0.45599	0	0	-0.57587	0	0	0	0	-2.21025	0	0	1.435	0.94225	4.49551	108.498	55.5021
ASP_114	-3.34139	0.22995	3.72624	-0.13323	0.12163	0.42387	2.2328	4.45383	0.00438	0.06358	-2.14154	-0.09506	0	0	0	0	-0.25795	0	1.02988	3.1435	0.00358	0	3.13992	-0.70342	0	0	-1.6204	0.09518	10.3754	94.8519	90.1481
THR_115	-4.7949	0.50272	3.9621	-0.16611	0.09997	0.06064	2.82484	6.10511	0	0	-2.17653	-0.59798	0	0	0	0	0	0	4.83932	0.4879	0.25816	0.22974	0	-0.30174	0	5.05226	-0.9333	-0.7076	14.7446	127.098	46.9016
MET_116	-9.35515	1.07504	4.1711	-0.51531	0.2048	0.10996	2.97102	6.33806	0.00459	0.01262	-2.24543	-0.00754	0	0	0	0	0	0	-0.01018	3.09252	0.96095	2.13157	0	0.29602	0	0	1.4633	0.34965	11.0476	262	0
LYS_117	-5.05789	0.40477	4.55487	-0.61898	0.67871	0.34872	2.9589	5.58425	0.00658	0.02115	-2.41617	0.13889	0	0	0	0	0	0	-0.08072	4.74798	1.01986	3.72812	0	0.30031	0	0	-0.8895	0.24943	15.6793	155.915	96.0851
THR_118	-6.45642	1.33756	4.91761	-0.1792	0.09165	0.06872	3.59859	6.90449	0.01275	0.03669	-2.90911	-0.61233	0	0	0	0	0	0	0.0278	0.55122	0.29253	0.25869	0	0.30399	0	5.03358	-0.9333	0.33977	12.6853	171.438	2.56172
THR_119	-5.36617	0.71182	3.94545	-0.16519	0.08991	0.05914	3.19607	5.98761	0.00819	0.02718	-2.36966	-0.59659	0	0	0	0	0	0	0.04391	0.16856	0.00311	0.16545	0	-0.0993	0	5.05502	-0.9333	0.44332	10.3745	138.968	35.0315
VAL_120	-6.57953	1.26428	2.21723	-0.27506	0.28299	0.05904	2.87527	5.91619	0.01021	0.03315	-2.64961	-0.36784	0	0	0	0	0	0	0.00724	0.43258	0.18499	0.24759	0	-1.19883	0	0	2.7371	-0.43447	4.76251	169.959	12.0412
THR_121	-5.2486	3.17764	3.97602	-0.14038	0.16409	0.09589	3.24983	6.1768	0.00161	0.00603	-2.72899	-0.80212	0	0	0	0	0	0	0.1482	2.26266	0.09973	2.16293	0	-0.29573	0	5.09501	-0.9333	-0.37837	16.089	133.378	40.6216
VAL_122	-6.5063	1.01993	2.85449	-0.27605	0.21758	0.06566	2.49818	5.53623	0.00205	0.00908	-2.16034	-0.58604	0	0	0	0	0	0	0.04463	0.24261	0.00186	0.24075	0	-0.3359	0	0	2.7371	0.85074	6.45627	179.438	2.56172
GLY_123	-1.28143	0.07597	1.59384	-0.00022	0	0	0.34934	2.00975	0	0	0.52664	-0.30805	0	0	0	0	0	0	-0.45721	0	0	0	0	-2.20099	0	0	1.435	1.62849	3.37113	85.234	78.766
ASP_124	-1.53655	0.10555	2.31764	-0.22225	0.06907	0.73994	0.86826	2.84756	0.03169	0.17654	0.21774	-1.49896	0	0	0	0	0	0	-0.08259	4.55125	0.04629	0	4.50496	-0.32201	0	0	-1.6204	0.14726	11.341	52.7841	132.216
VAL_125	-5.41272	1.5589	3.87833	-0.25289	0.28072	0.04692	3.01899	6.15525	0	0	-1.5548	0.06105	0	0	0	0	0	0	-0.08994	1.36796	1.01944	0.34851	0	-0.80301	0	0	2.7371	-0.99997	11.3598	154.841	27.1589
THR_126	-4.30651	2.73808	1.96777	-0.16471	0.17643	0.05495	1.49535	4.10003	0	0	-0.89859	-0.4134	0	0	0	-0.57096	0	0	0.88017	0.86414	0.52115	0.34298	0	-0.21099	0	5.09571	-0.9333	-0.21106	10.5272	118.742	55.2582
ALA_127	-5.66818	1.56439	2.60639	-0.02191	0	0	3.1098	5.98904	0	0	-2.86531	-0.31131	0	0	0	0	0	0	0.09916	0	0	0	0	0.31616	0	0	2.2619	0.30945	7.38957	153	0
ILE_128	-5.08968	0.61856	3.43109	-0.47316	1.50221	0.09467	2.64941	4.98279	0	0	-2.12124	0.02742	0	0	0	0	0	0	-0.13773	0.54826	0.10854	0.43972	0	-1.15689	0	0	1.8006	-0.16734	7.05723	137.359	69.6412
ARG_129	-8.79909	1.29357	6.23991	-0.82221	0.68103	0.51977	4.02132	8.36776	0.02588	0.10854	-2.9105	-0.1151	0	0	0	0	-0.20644	0	-0.1559	7.10537	3.07884	4.02653	0	0.0971	0	0	-0.1423	-0.22583	22.1882	240.596	24.4042
ASN_130	-6.00733	0.20715	5.63544	-0.15962	0.06618	0.22632	4.29106	7.57538	0.00189	0.01229	-4.88561	-0.3982	0	0	0	0	-0.51405	0	0.15008	3.7571	1.01288	0	2.74422	0.63779	0	0	-0.3009	0.16319	14.2152	149.902	34.0975
TYR_131	-10.657	2.08905	4.51478	-0.55223	0.29243	0.26943	3.46532	8.44977	0.01486	0.04598	-2.80411	-0.24489	0	0	0	0	0	0	0.29661	3.24357	0.16624	0	3.07733	-0.32037	0	0	1.7379	-0.39899	12.6857	232.919	15.0806
LYS_132	-4.56525	3.91375	4.70379	-0.46675	0.19923	0.23949	2.98219	5.67179	0	0	-2.67017	0.01338	0	0	0	0	0	0	-0.03877	8.59297	4.64511	3.94786	0	0.17773	0	0	-0.8895	-0.66101	25.7958	132.621	119.379
ARG_133	-7.03741	1.29996	6.00427	-0.88476	0.36324	0.57604	3.53084	7.62613	0.00438	0.06358	-4.58296	0.53325	0	0	0	-1.13769	-0.25795	0	-0.01684	4.44809	1.37066	3.07742	0	-0.16201	0	0	-0.1423	-0.66961	14.0063	193.235	71.7647
LEU_134	-4.53661	0.54647	3.11029	-0.44608	0.5141	0.06297	1.43506	4.11601	0.05312	0.28171	-0.68422	0.29081	0	0	0	0	0	0	0.22994	1.30618	0.79077	0.51541	0	-0.52069	0	0	1.3223	-0.87784	7.50971	148.354	61.6457
SER_135	-0.64097	0.11099	1.05524	-0.04247	0.0067	0.04571	0.34635	1.14086	0	0	0.41147	0.51928	0	0	0	0	0	0	0	2.49505	1.17813	1.31692	0	0	0	4.04	-0.539	-0.42826	11.016	0	183.692